1 0.181777 0.87671 0.120023 0.177962 0.945114
0 0.200278 0.235591 0.0706327 0.0957214 0.397873
0 0.0595696 0.449491 0.057345 0.0804277 0.372636
1 0.396302 0.0259053 0.10694 0.0510046 0.219667
1 0.370686 0.0296903 0.165648 0.0580964 0.218084
1 0.0171411 0.186837 0.0342822 0.134511 0.124858
0 0.155814 0.606605 0.0220621 0.037307 0.0962718
1 0.399104 0.0268436 0.0708849 0.0524393 0.0788127
1 0.520473 0.383964 0.0585396 0.0838525 0.0613342
1 0.0175792 0.213295 0.0351584 0.0634366 0.0577044
0 0.322215 0.217437 0.0562876 0.069938 0.054623
0 0.518941 0.381848 0.0633097 0.0905226 0.0445644
1 0.0229354 0.179785 0.0458496 0.147099 0.0303103
1 0.424281 0.0289331 0.234243 0.0578661 0.0247241
0 0.675191 0.945171 0.0326235 0.0348358 0.0246838
2 0.201865 0.235702 0.072834 0.09716 0.0183905
1 0.441339 0.0351242 0.632295 0.0702484 0.0160228
1 0.0168863 0.140014 0.0337726 0.233113 0.0159455
0 0.988218 0.899744 0.0235639 0.0475911 0.0145436
1 0.328383 0.0327248 0.249427 0.0654496 0.0144605
2 0.0593383 0.449878 0.0553229 0.0806271 0.0122129
1 0.81755 0.559343 0.0289894 0.0475577 0.0119186
0 0.389207 0.255331 0.0574745 0.0744873 0.0104195
1 0.626133 0.0239606 0.172211 0.0478002 0.0101999
0 0.81665 0.5607 0.0281071 0.050372 0.00870207
0 0.327332 0.236459 0.0674862 0.115934 0.00836286
0 0.190133 0.498346 0.0376081 0.0655606 0.00793313
1 0.0255709 0.131882 0.0511417 0.263764 0.00780738
1 0.305247 0.0349575 0.555766 0.069915 0.00751802
0 0.764248 0.72007 0.030506 0.102491 0.00713468
0 0.792901 0.468351 0.0322218 0.0277829 0.00684385
0 0.784229 0.411323 0.0224043 0.0305548 0.00592196
2 0.349598 0.0252251 0.204456 0.0504501 0.00569989
0 0.67313 0.0234698 0.0736981 0.0469395 0.00566813
0 0.986474 0.894154 0.027052 0.0779695 0.00524557
2 0.402389 0.0259613 0.0832653 0.0519226 0.00520297
0 0.357081 0.23446 0.127652 0.113333 0.00500573
0 0.096734 0.278334 0.0353641 0.0333631 0.00482788
0 0.763978 0.690856 0.0270758 0.0372101 0.00422063
0 0.672683 0.0103534 0.0692596 0.0207067 0.00393778
1 0.0211637 0.210608 0.0423273 0.111887 0.00390977
1 0.465874 0.0696058 0.609918 0.138219 0.00384148
0 0.111756 0.346603 0.0457745 0.0715118 0.00351302
1 0.655933 0.0230636 0.118685 0.0460563 0.00332377
1 0.578069 0.0334635 0.626567 0.066927 0.00308464
0 0.0174438 0.547937 0.0348876 0.0702966 0.00307499
0 0.0067962 0.639997 0.0133433 0.0431455 0.00304162
1 0.0365736 0.208423 0.0726074 0.392794 0.00302943
1 0.73043 0.962369 0.410623 0.0744624 0.00289038
1 0.779131 0.035254 0.441738 0.070508 0.00279912
0 0.986725 0.879253 0.0265491 0.0908328 0.00278884
1 0.0167436 0.265374 0.0334873 0.321539 0.00271303
0 0.47699 0.257054 0.0416869 0.0640792 0.00271179
1 0.267715 0.10733 0.535431 0.213953 0.00264529
1 0.322478 0.218684 0.0546151 0.0691558 0.00262684
1 0.0469169 0.264867 0.0932509 0.478191 0.00251081
1 0.124137 0.860993 0.248275 0.249865 0.00246477
1 0.689383 0.0339572 0.614248 0.0679143 0.00234851
1 0.173699 0.874619 0.14394 0.213405 0.00234389
1 0.916286 0.0173463 0.167428 0.0341614 0.00222083
1 0.0229359 0.265647 0.0458718 0.301602 0.00221527
0 0.33897 0.227186 0.0932098 0.0975425 0.00212846
1 0.504723 0.385402 0.0921413 0.0897414 0.00211897
1 0.120898 0.801089 0.241797 0.368498 0.00203002
1 0.0696654 0.283919 0.13835 0.524853 0.0020273
1 0.940722 0.0147324 0.116516 0.0281583 0.00202719
0 0.0162025 0.57268 0.0324051 0.11671 0.00198298
1 0.181051 0.748057 0.115316 0.108528 0.00194194
1 0.596305 0.0218484 0.235571 0.0436968 0.00193493
1 0.0725782 0.149214 0.145156 0.298428 0.00191125
1 0.0880564 0.850178 0.176113 0.270906 0.00187617
1 0.20183 0.0173507 0.175788 0.0344871 0.00185786
1 0.0384217 0.192893 0.0739632 0.130811 0.0018478
1 0.0982839 0.157 0.196308 0.314001 0.00178976
1 0.707765 0.0720197 0.566491 0.144039 0.00177649
1 0.778394 0.0806731 0.443212 0.160002 0.00174947
0 0.180734 0.780726 0.116421 0.172492 0.00173939
1 0.0506521 0.765066 0.101196 0.420903 0.00167533
1 0.0643553 0.193322 0.128185 0.381343 0.0016726
1 0.275463 0.169398 0.550925 0.3361 0.0016687
1 0.708324 0.61977 0.551402 0.248056 0.00165338
1 0.870855 0.0190498 0.195494 0.0377792 0.00164437
1 0.128942 0.92288 0.257885 0.153014 0.00160955
1 0.294848 0.0230757 0.28802 0.0461515 0.00160494
1 0.522089 0.411864 0.0581411 0.158724 0.00158381
1 0.610476 0.0282961 0.215539 0.0558668 0.00156497
1 0.799206 0.961647 0.398536 0.0754131 0.00155904
1 0.0174525 0.252814 0.034905 0.15472 0.00155695
0 0.0149749 0.591571 0.0299497 0.195148 0.00154027
0 0.100449 0.281509 0.042724 0.0466604 0.00153502
1 0.108046 0.714203 0.216092 0.540131 0.00153257
1 0.632277 0.960184 0.410401 0.0773707 0.00148757
1 0.730271 0.671356 0.519934 0.34386 0.00148048
1 0.33382 0.416201 0.624677 0.419889 0.00147522
1 0.0900412 0.651622 0.179981 0.662523 0.00146455
1 0.461861 0.135044 0.637867 0.267694 0.00146078
1 0.735254 0.588067 0.512653 0.153571 0.00144757
1 0.483489 0.954332 0.419339 0.0881635 0.00142399
1 0.38727 0.0933239 0.66585 0.185237 0.00139023
1 0.564522 0.073755 0.635182 0.147466 0.00138597
1 0.0357703 0.703409 0.0711094 0.525083 0.00138525
1 0.483522 0.0259393 0.313746 0.0518786 0.00138073
0 0.182466 0.754125 0.118201 0.119728 0.00136457
1 0.218942 0.137992 0.437885 0.275881 0.00136402
1 0.104665 0.936053 0.20933 0.127895 0.00135653
1 0.734797 0.520126 0.508206 0.16471 0.00135471
0 0.988339 0.865737 0.0233222 0.124994 0.00135257
1 0.737034 0.831892 0.507475 0.309999 0.00131663
1 0.734251 0.73044 0.512453 0.164211 0.00131571
1 0.779089 0.935676 0.437319 0.126856 0.00130741
1 0.71702 0.207673 0.56596 0.411789 0.00130539
0 0.0296805 0.768232 0.0401186 0.0388524 0.00130063
1 0.463869 0.904239 0.483548 0.168597 0.00129965
1 0.382291 0.0488892 0.138075 0.0977784 0.00128603
0 0.148879 0.606713 0.0385621 0.048699 0.00127895
0 0.396385 0.222354 0.0929797 0.145509 0.00127701
1 0.0691224 0.454667 0.13818 0.479554 0.00127523
0 0.992445 0.694811 0.0151108 0.119822 0.00127297
1 0.560056 0.957665 0.428361 0.0815253 0.00126411
1 0.701508 0.53983 0.566535 0.251611 0.00124239
1 0.317516 0.344362 0.565812 0.187981 0.00123125
1 0.132444 0.66095 0.264394 0.645284 0.00122488
1 0.0494283 0.450929 0.0725918 0.0838305 0.00121985
1 0.0443834 0.582666 0.0877072 0.555462 0.00120915
1 0.42694 0.89015 0.482469 0.210931 0.00119811
1 0.336516 0.474924 0.633906 0.615678 0.00118399
1 0.736185 0.772219 0.507861 0.246849 0.00117861
1 0.18888 0.196266 0.37776 0.390799 0.00117677
1 0.793361 0.803583 0.411885 0.387996 0.00117663
1 0.730087 0.407239 0.529262 0.232532 0.00116214
1 0.210245 0.0364565 0.420491 0.0729129 0.0011511
1 0.73401 0.472691 0.515781 0.182907 0.00114321
1 0.327958 0.328296 0.602092 0.359637 0.00114085
1 0.117568 0.0528456 0.235135 0.104498 0.00113752
1 0.371827 0.943549 0.489803 0.112903 0.00113415
1 0.840941 0.75497 0.318118 0.454473 0.00113406
1 0.313403 0.400706 0.584053 0.212225 0.00113385
1 0.25658 0.0208478 0.245612 0.0416956 0.00113305
1 0.320246 0.249717 0.537849 0.246151 0.00112454
1 0.526974 0.383467 0.0990166 0.0951309 0.00112335
1 0.880745 0.962244 0.238511 0.0751583 0.00111735
1 0.705092 0.930646 0.484102 0.137361 0.00111197
1 0.838578 0.0202052 0.172234 0.0399185 0.00109196
1 0.15896 0.0175457 0.171873 0.0344277 0.0010543
1 0.669892 0.788967 0.622393 0.343008 0.00105233
1 0.817631 0.717976 0.138852 0.119227 0.00104787
1 0.857204 0.108944 0.285109 0.217888 0.00103264
1 0.0629994 0.356955 0.124529 0.511099 0.00102498
1 0.307758 0.272506 0.566645 0.334046 0.00102028
1 0.861654 0.0402451 0.276692 0.0781466 0.00101733
1 0.750177 0.377065 0.496323 0.377062 0.00101135
1 0.352671 0.86797 0.575893 0.26406 0.00099652
1 0.321666 0.226888 0.457981 0.149535 0.00098838
1 0.779769 0.265378 0.437219 0.517428 0.000982137
0 0.491177 0.38887 0.120906 0.0848901 0.000979842
1 0.775136 0.147706 0.449729 0.295412 0.000976234
1 0.486235 0.826944 0.539732 0.238214 0.000975015
1 0.82217 0.205668 0.35566 0.40441 0.000972053
1 0.391421 0.219876 0.497169 0.348328 0.000950196
1 0.553733 0.187444 0.760847 0.363128 0.000946269
0 0.59055 0.788917 0.0415538 0.0400174 0.000945525
1 0.929408 0.957886 0.140621 0.0842271 0.000944012
2 0.337982 0.917195 0.51701 0.16561 0.000932843
1 0.370645 0.294335 0.493412 0.260209 0.000921122
1 0.421565 0.223729 0.129856 0.146526 0.000915836
1 0.120678 0.252112 0.241357 0.486228 0.000903576
2 0.392888 0.799712 0.582208 0.400576 0.000898184
1 0.89109 0.764632 0.216856 0.424494 0.000891302
1 0.173607 0.823803 0.141813 0.314382 0.000885312
0 0.318168 0.226948 0.492597 0.159201 0.000881025
1 0.688765 0.318516 0.617227 0.354858 0.000880822
1 0.617181 0.92387 0.516126 0.143074 0.000880083
1 0.0999855 0.457523 0.199822 0.548538 0.000877939
2 0.307201 0.891786 0.422619 0.207854 0.000872265
1 0.0223425 0.596785 0.0442878 0.19245 0.000872111
1 0.653737 0.596351 0.676561 0.310036 0.000864972
1 0.903498 0.94467 0.193005 0.11066 0.000864287
1 0.343424 0.579968 0.668761 0.575973 0.00086271
0 0.390472 0.245932 0.0675864 0.101547 0.000860911
1 0.458027 0.801419 0.5399 0.323835 0.000852745
1 0.79189 0.100429 0.0529127 0.046265 0.000852587
0 0.336938 0.348179 0.0150361 0.0249172 0.000845388
1 0.488202 0.769941 0.595871 0.232602 0.000830563
0 0.201988 0.216974 0.0741891 0.150593 0.000828893
1 0.183596 0.712406 0.0252062 0.0333644 0.000827295
1 0.125388 0.0201053 0.219011 0.0396146 0.000815708
1 0.67406 0.939341 0.0372219 0.0570969 0.000808437
2 0.890933 0.963185 0.0478945 0.0652773 0.000806777
1 0.38026 0.772032 0.625608 0.440484 0.000802046
1 0.916306 0.809077 0.166357 0.379033 0.000797911
1 0.801103 0.709591 0.396185 0.236528 0.000795488
1 0.297853 0.196191 0.511521 0.212926 0.000794227
1 0.440315 0.753336 0.640474 0.351247 0.00079096
1 0.651556 0.738097 0.677391 0.364708 0.000790255
0 0.931289 0.978121 0.135674 0.0437577 0.000782816
1 0.650358 0.509869 0.677733 0.348918 0.000782351
1 0.660536 0.434637 0.653546 0.212591 0.000773876
1 0.791352 0.567208 0.412152 0.205798 0.000770932
0 0.221497 0.22699 0.113012 0.12044 0.000763455
0 0.686604 0.00669912 0.0453862 0.0133982 0.000760776
0 0.330972 0.218603 0.0758009 0.152539 0.000753241
2 0.161749 0.809485 0.194145 0.338702 0.000744267
1 0.772036 0.0234013 0.125099 0.0468026 0.000743343
1 0.787576 0.494568 0.415274 0.203155 0.000742128
1 0.78927 0.669623 0.419116 0.400361 0.000728835
1 0.658653 0.157975 0.682695 0.302463 0.000725314
0 0.987694 0.687653 0.0244343 0.117155 0.000718073
1 0.577655 0.122101 0.688815 0.234648 0.000711232
1 0.717826 0.0238545 0.226977 0.0472271 0.00071115
0 0.368983 0.223841 0.150444 0.150182 0.000708645
1 0.354051 0.706385 0.623975 0.490826 0.000705095
0 0.981456 0.989021 0.0366188 0.0219581 0.000704513
0 0.964898 0.914653 0.0688316 0.0942819 0.00070382
1 0.264858 0.25054 0.529715 0.50108 0.000699546
1 0.379701 0.171308 0.607437 0.295483 0.000694543
1 0.045511 0.230001 0.0835342 0.136238 0.000690941
1 0.597023 0.775601 0.676799 0.281225 0.000690629
1 0.645896 0.663942 0.694425 0.415314 0.000689234
1 0.840952 0.899571 0.318095 0.200859 0.000686498
1 0.5953 0.274548 0.79188 0.398546 0.000686484
1 0.292398 0.0417423 0.287206 0.0834845 0.00068252
1 0.0885689 0.377102 0.176843 0.576433 0.000682396
1 0.814548 0.35853 0.360242 0.515641 0.000680926
0 0.978615 0.00730844 0.0406216 0.0146169 0.000674899
1 0.435855 0.249877 0.128407 0.0863007 0.000670884
1 0.65967 0.383918 0.6547 0.203139 0.000670863
1 0.857543 0.163539 0.284332 0.327078 0.000667518
1 0.3869 0.355157 0.600759 0.234743 0.000664908
1 0.967901 0.0153669 0.0631121 0.0268163 0.00066354
0 0.981164 0.983127 0.0368041 0.0332279 0.000661975
1 0.582523 0.825173 0.640356 0.269064 0.000661829
1 0.426349 0.691906 0.717742 0.30698 0.00065883
2 0.885715 0.702409 0.228571 0.146669 0.00065602
1 0.874871 0.277208 0.245552 0.514668 0.000652381
1 0.453414 0.38142 0.769624 0.45383 0.000647819
1 0.829054 0.548207 0.339399 0.334337 0.00064346
0 0.0703978 0.447727 0.0828481 0.0869933 0.000639497
0 0.810201 0.192898 0.0214655 0.0368903 0.000638799
1 0.914423 0.0303531 0.171155 0.0589456 0.000631086
1 0.525429 0.719802 0.690023 0.275711 0.000628502
1 0.804595 0.0243471 0.190565 0.0486163 0.000627984
1 0.597567 0.361739 0.767023 0.23526 0.000620924
1 0.880717 0.649281 0.237269 0.412275 0.00061564
1 0.34806 0.827574 0.503024 0.326108 0.000613674
1 0.600954 0.412257 0.756484 0.246849 0.000610664
1 0.819276 0.442813 0.354045 0.368467 0.000605143
0 0.98503 0.854899 0.0298723 0.290202 0.000603427
1 0.0162452 0.321065 0.0324904 0.363364 0.000600661
2 0.222925 0.710843 0.414093 0.545968 0.000587317
1 0.877876 0.560874 0.242154 0.390719 0.000586378
0 0.00697376 0.471783 0.0139475 0.0517422 0.000581954
1 0.0393407 0.132389 0.0768365 0.26014 0.000570783
1 0.22444 0.0351457 0.210938 0.0699231 0.000569707
1 0.17206 0.877334 0.192102 0.168686 0.000567951
1 0.0277156 0.459192 0.0554311 0.100422 0.00056267
1 0.0164318 0.549134 0.0328637 0.068222 0.000558449
1 0.509099 0.271643 0.701552 0.325174 0.000554097
0 0.734232 0.913558 0.0195061 0.026767 0.00055371
1 0.011916 0.132078 0.0238319 0.264157 0.000551603
1 0.828538 0.0293265 0.188995 0.0550163 0.000550395
1 0.0134944 0.259199 0.0269546 0.192901 0.000548059
2 0.411113 0.012124 0.0688225 0.0242481 0.00054763
1 0.423268 0.067644 0.205548 0.133677 0.000543161
1 0.878754 0.463744 0.239001 0.403979 0.000541779
2 0.070156 0.46054 0.0303992 0.0578229 0.000540115
0 0.774802 0.411315 0.0416174 0.0412371 0.000538522
0 0.989282 0.708244 0.0214362 0.144802 0.000536307
1 0.928578 0.931512 0.141844 0.133853 0.000533255
1 0.197984 0.241033 0.0803111 0.0994697 0.00053053
0 0.0785694 0.400952 0.102227 0.192644 0.000528647
1 0.0246874 0.332545 0.0490934 0.394154 0.00052249
1 0.46658 0.58307 0.799325 0.324968 0.000521652
1 0.772497 0.0367005 0.101695 0.0714741 0.000520685
2 0.359488 0.018101 0.153108 0.036202 0.00051734
0 0.986897 0.933528 0.0260262 0.13203 0.000504587
2 0.93118 0.965691 0.13764 0.0680159 0.000501939
1 0.213946 0.910762 0.160705 0.143638 0.000498556
2 0.330092 0.732273 0.58238 0.518724 0.0004955
1 0.52689 0.447773 0.0502309 0.160492 0.000489652
0 0.10704 0.347926 0.0388666 0.0589858 0.000488477
0 0.104802 0.319778 0.0505052 0.123527 0.00048555
1 0.583423 0.670941 0.73169 0.317777 0.000485494
0 0.992214 0.668029 0.0155727 0.143597 0.000481163
0 0.93219 0.936715 0.134611 0.126569 0.000475181
0 0.0300655 0.779685 0.047682 0.0638954 0.000472155
0 0.1132 0.336631 0.0438308 0.0589178 0.000470233
1 0.978563 0.0654244 0.0427445 0.124388 0.000468484
1 0.513062 0.330972 0.786809 0.316108 0.000466695
1 0.0068888 0.473866 0.0137776 0.0583958 0.000466216
1 0.401858 0.0197517 0.0852989 0.0392711 0.000463432
1 0.293498 0.327439 0.566339 0.507484 0.00046013
2 0.27033 0.666686 0.530338 0.622755 0.00045038
1 0.149309 0.507453 0.295298 0.571265 0.00044863
0 0.793595 0.475732 0.0345764 0.043885 0.000444432
0 0.111551 0.640685 0.0387691 0.0529075 0.000444032
0 0.988367 0.00779515 0.0213135 0.0155903 0.000442251
0 0.975175 0.967538 0.0493881 0.0636106 0.00044054
1 0.510127 0.0327097 0.316968 0.0653432 0.000438599
1 0.528466 0.367281 0.129534 0.172672 0.00043823
1 0.958142 0.0486992 0.0837167 0.0947378 0.000433971
