1 0.487586 0.487904 0.37447 0.737536 0.931653
2 0.0790203 0.708039 0.157722 0.57358 0.0247038
1 0.0737081 0.647889 0.146288 0.41269 0.00518866
2 0.0861497 0.793512 0.172299 0.411851 0.0024729
1 0.467096 0.314638 0.315451 0.360933 0.0024161
1 0.0771019 0.604937 0.153231 0.668187 0.00226271
2 0.124455 0.70246 0.248909 0.591407 0.00221561
2 0.868974 0.0592594 0.26162 0.118519 0.00219728
1 0.531868 0.655165 0.271348 0.386725 0.00209425
2 0.0075296 0.227773 0.0150592 0.111951 0.00168311
2 0.831666 0.370119 0.334086 0.736277 0.00159057
1 0.5075 0.18487 0.627349 0.369638 0.00157395
1 0.0668708 0.481762 0.132954 0.552127 0.00150854
2 0.873625 0.116743 0.25112 0.233262 0.00148822
2 0.784473 0.422073 0.431054 0.844147 0.00142539
2 0.926474 0.306527 0.144773 0.602839 0.00139284
2 0.881056 0.414172 0.235263 0.828345 0.001379
1 0.592686 0.265472 0.771751 0.530945 0.00137473
2 0.0892712 0.589733 0.178542 0.723149 0.0013223
0 0.500252 0.801772 0.180584 0.0901436 0.00130238
2 0.0774972 0.199168 0.154787 0.398336 0.00130217
2 0.914115 0.439251 0.170069 0.854605 0.00129002
1 0.521367 0.036301 0.561901 0.072602 0.00128517
2 0.0741443 0.118059 0.148289 0.236119 0.00122064
2 0.936332 0.416398 0.122865 0.729169 0.00118994
1 0.378213 0.212234 0.689331 0.424468 0.00117245
1 0.481407 0.342389 0.365206 0.448601 0.00116558
2 0.956848 0.249997 0.0849931 0.492451 0.00116474
1 0.455512 0.967994 0.352351 0.0635239 0.00114052
2 0.827977 0.053099 0.344046 0.105986 0.00112934
1 0.499556 0.582908 0.440948 0.647243 0.00112384
2 0.889959 0.269572 0.218932 0.532309 0.00112221
2 0.926131 0.20821 0.147417 0.416421 0.00109785
2 0.104635 0.226656 0.208942 0.44699 0.00105992
1 0.0978259 0.956556 0.195652 0.0868871 0.00105334
2 0.83914 0.0481022 0.159639 0.0962043 0.00105274
2 0.092552 0.060942 0.185104 0.117873 0.00105126
1 0.943755 0.745807 0.103234 0.495404 0.00104897
2 0.828868 0.52563 0.342264 0.783149 0.00104742
0 0.830087 0.0327602 0.144942 0.0655203 0.00104309
1 0.0933608 0.537341 0.186722 0.682553 0.00102265
2 0.728719 0.273413 0.542562 0.546825 0.00100985
0 0.06997 0.62095 0.139773 0.38003 0.0010094
2 0.86016 0.779368 0.27968 0.400626 0.00098162
1 0.975852 0.708916 0.048295 0.498522 0.000980022
2 0.90228 0.0668339 0.192043 0.133523 0.000979011
2 0.0648901 0.370479 0.129203 0.508532 0.000977889
2 0.0883993 0.28576 0.176799 0.541543 0.000975536
2 0.0804382 0.432073 0.160628 0.490294 0.000966714
2 0.869155 0.191983 0.260861 0.383966 0.000964709
2 0.00998466 0.0308071 0.0199693 0.0612613 0.000943052
2 0.112325 0.0505313 0.22465 0.101063 0.000936786
2 0.691058 0.372246 0.617885 0.741628 0.000935315
0 0.822368 0.0254244 0.12804 0.0499939 0.000930229
1 0.567888 0.631849 0.45292 0.452848 0.000929174
1 0.178155 0.0919133 0.348996 0.183662 0.000927002
1 0.976873 0.581683 0.0462538 0.49854 0.000923555
1 0.30273 0.12482 0.605459 0.24964 0.000917897
2 0.964669 0.364299 0.0696818 0.529489 0.000909039
1 0.485943 0.676133 0.369148 0.374585 0.000907551
2 0.974761 0.518833 0.0504776 0.510408 0.000905836
2 0.969379 0.463204 0.0607679 0.528168 0.000903973
2 0.767322 0.758255 0.378618 0.366893 0.000892904
2 0.6652 0.683685 0.433093 0.395291 0.000892715
1 0.483546 0.723766 0.489347 0.488203 0.000878096
1 0.175598 0.849653 0.335384 0.298762 0.000876405
1 0.188929 0.211017 0.374745 0.422034 0.000874982
2 0.634229 0.834892 0.464789 0.330044 0.000874906
1 0.530679 0.801884 0.275639 0.393424 0.00086869
1 0.919226 0.760911 0.161549 0.45397 0.000863027
2 0.617036 0.0402794 0.699832 0.0805587 0.00086236
1 0.928467 0.83959 0.142189 0.316921 0.000861121
2 0.537193 0.961359 0.306757 0.0762008 0.000858893
1 0.899546 0.858065 0.200908 0.279289 0.000855209
2 0.10013 0.0966839 0.20026 0.192845 0.000854582
0 0.644397 0.450897 0.597372 0.698234 0.000853139
2 0.677318 0.770239 0.469168 0.34737 0.000849045
1 0.628559 0.15288 0.716658 0.305761 0.000843785
1 0.823268 0.880909 0.341014 0.233369 0.000842265
1 0.941483 0.661384 0.112909 0.613505 0.000827309
1 0.52273 0.300022 0.525203 0.382342 0.000820118
1 0.136968 0.202976 0.273936 0.405952 0.00081302
2 0.940256 0.595254 0.116171 0.652822 0.000812806
2 0.166321 0.804513 0.309186 0.386887 0.000811856
0 0.259643 0.854444 0.431028 0.291043 0.000811238
2 0.853818 0.636195 0.292364 0.664412 0.000805344
2 0.805051 0.101183 0.377238 0.202367 0.000797642
1 0.974144 0.808241 0.0517114 0.368697 0.000793474
1 0.624555 0.54811 0.470186 0.661953 0.000791771
1 0.365129 0.966442 0.329012 0.0665267 0.000789909
2 0.678648 0.86983 0.446428 0.25758 0.000779108
1 0.738351 0.881744 0.422461 0.232971 0.000777022
1 0.462083 0.837458 0.390366 0.325085 0.000772772
1 0.358306 0.306811 0.694544 0.569768 0.000769284
1 0.923561 0.608878 0.152877 0.727009 0.000758369
1 0.382199 0.863121 0.423679 0.273758 0.000754442
1 0.098491 0.408931 0.196982 0.622534 0.000751644
1 0.530912 0.725911 0.280013 0.253812 0.000744448
2 0.873162 0.0807853 0.230211 0.159167 0.000742538
2 0.619572 0.268137 0.711646 0.496025 0.000740807
1 0.0717737 0.577415 0.142194 0.287825 0.000738274
2 0.640144 0.59224 0.432613 0.599824 0.000734456
2 0.417627 0.676751 0.605943 0.621551 0.000733055
1 0.391153 0.038666 0.58081 0.077332 0.000731205
0 0.524531 0.385823 0.478393 0.542068 0.000730644
2 0.749718 0.0457887 0.489709 0.0906261 0.000728623
1 0.645971 0.0414808 0.667539 0.0825521 0.000718906
2 0.611724 0.949345 0.412475 0.100095 0.000717697
1 0.382858 0.493091 0.646378 0.74476 0.000714309
0 0.167038 0.699847 0.322346 0.581438 0.000710232
1 0.219251 0.0400182 0.420755 0.0800365 0.000707882
0 0.0376933 0.585311 0.075269 0.315134 0.000706011
1 0.683965 0.1181 0.58049 0.236201 0.000700722
2 0.666339 0.957092 0.426562 0.0851498 0.000694067
1 0.503658 0.771593 0.396334 0.364181 0.0006882
1 0.598468 0.386936 0.629977 0.563857 0.000681774
2 0.762121 0.64657 0.380566 0.577766 0.00067364
2 0.00808408 0.245032 0.0161682 0.122185 0.000673026
1 0.463523 0.370063 0.531977 0.503399 0.000671251
1 0.484564 0.811078 0.492424 0.365012 0.000670716
1 0.90611 0.944524 0.187781 0.110952 0.000669414
2 0.0294346 0.0367894 0.0588693 0.0730847 0.000664261
2 0.7201 0.963387 0.390214 0.0726557 0.000661262
2 0.436146 0.758339 0.57088 0.47233 0.000658802
1 0.955925 0.888487 0.0881498 0.223026 0.000657902
2 0.716379 0.165625 0.550652 0.331249 0.000649987
2 0.140093 0.278294 0.280187 0.550769 0.000648595
1 0.771558 0.96622 0.373641 0.0671217 0.000638168
2 0.44693 0.821748 0.523833 0.355686 0.000635476
0 0.985717 0.657475 0.0281353 0.253259 0.000631545
0 0.59806 0.490375 0.454452 0.757303 0.000627289
2 0.279788 0.818441 0.42741 0.360522 0.000616997
1 0.287289 0.962509 0.39595 0.0742419 0.00061211
2 0.0262146 0.0092513 0.0515024 0.0185026 0.000611916
1 0.0616658 0.781947 0.123233 0.436106 0.000611655
2 0.14052 0.585542 0.280188 0.771531 0.000609683
1 0.159254 0.951834 0.317152 0.0951923 0.000598172
2 0.050383 0.0654757 0.100755 0.129593 0.000596432
1 0.167362 0.516959 0.334724 0.791949 0.000587221
2 0.0703756 0.0788342 0.140272 0.1569 0.000585868
2 0.302943 0.507206 0.599608 0.828448 0.000569656
2 0.0196443 0.0795855 0.0392886 0.154973 0.000565542
0 0.243248 0.605626 0.47994 0.787748 0.000563074
1 0.204813 0.957191 0.366811 0.0847753 0.000560349
1 0.87809 0.960142 0.24382 0.0797155 0.000551492
2 0.0478444 0.100876 0.0956887 0.20076 0.000545715
0 0.304182 0.755393 0.547157 0.478602 0.000543841
2 0.49878 0.786659 0.184529 0.118208 0.000519367
2 0.00751581 0.0333363 0.0150316 0.0666726 0.000483752
2 0.552152 0.486127 0.485206 0.743018 0.00047552
2 0.546185 0.0531987 0.260942 0.105761 0.000474421
1 0.369481 0.416613 0.120099 0.338372 0.000470309
2 0.00909479 0.232072 0.0181896 0.154253 0.000465095
0 0.0196744 0.417594 0.0393487 0.360503 0.000461928
2 0.348547 0.622552 0.692357 0.743651 0.000460813
1 0.0597014 0.708892 0.119403 0.549183 0.000453723
0 0.43307 0.970061 0.0589575 0.053641 0.000453461
2 0.838229 0.0786371 0.157788 0.155378 0.000452653
0 0.499418 0.778724 0.18174 0.132122 0.000450072
0 0.0620729 0.567501 0.124146 0.275418 0.000446263
2 0.0163446 0.0102825 0.0326892 0.0205649 0.000443086
0 0.358862 0.375847 0.102925 0.255122 0.000419868
1 0.539469 0.641539 0.262864 0.273324 0.00041723
2 0.0375973 0.132882 0.0748827 0.265764 0.00041401
2 0.542015 0.0399829 0.243308 0.0795375 0.00040718
0 0.493505 0.733832 0.16598 0.217573 0.000396892
0 0.982484 0.107731 0.0346863 0.215461 0.000389584
1 0.316937 0.440326 0.131237 0.131623 0.000385681
0 0.429848 0.973415 0.0802458 0.0515769 0.000383757
2 0.00857873 0.170651 0.0171575 0.0992721 0.000375477
2 0.0351266 0.545523 0.0702533 0.293363 0.000371196
2 0.0511399 0.0420506 0.102084 0.0841012 0.000368417
2 0.533402 0.0274124 0.248353 0.0546657 0.000367077
2 0.931598 0.0746324 0.135119 0.1469 0.000365552
0 0.983132 0.909486 0.0333557 0.165323 0.000363899
2 0.945021 0.338026 0.0497753 0.110186 0.000360974
0 0.0142788 0.385471 0.0285575 0.36779 0.000360134
0 0.827139 0.0524815 0.146096 0.104819 0.0003599
2 0.00887417 0.114679 0.0177483 0.144852 0.000357977
0 0.985842 0.470147 0.0279434 0.329207 0.000353129
1 0.480039 0.270264 0.281344 0.280276 0.000350511
0 0.469457 0.730602 0.116074 0.217646 0.00034621
2 0.0116864 0.132843 0.0233728 0.265686 0.000341531
2 0.486336 0.0235796 0.24105 0.0471593 0.000335731
0 0.983281 0.619134 0.0333015 0.331787 0.000331815
2 0.00826705 0.154403 0.0165341 0.0936137 0.000331601
2 0.0255153 0.476682 0.0510306 0.324112 0.000330505
2 0.586902 0.0553725 0.192973 0.10929 0.000323031
0 0.0360162 0.393801 0.0716616 0.33806 0.000322805
0 0.390304 0.973909 0.168235 0.0517299 0.000321161
2 0.394422 0.0328724 0.234492 0.0655135 0.00031874
0 0.97995 0.0811237 0.0398644 0.159533 0.000310754
0 0.0226551 0.804139 0.0453103 0.391721 0.000310437
0 0.949126 0.810984 0.0378569 0.0491023 0.000309239
0 0.445207 0.973667 0.090361 0.0523496 0.000308317
0 0.983809 0.88362 0.0319386 0.23276 0.000304101
2 0.453663 0.0274526 0.257834 0.0548724 0.00030292
1 0.45019 0.406219 0.284845 0.38061 0.000302082
1 0.318686 0.424316 0.131609 0.20039 0.000299135
0 0.384423 0.483949 0.152238 0.213235 0.000295012
1 0.0593337 0.860896 0.118602 0.278207 0.000294558
0 0.00915037 0.260337 0.0183007 0.215499 0.000294538
1 0.584459 0.543226 0.170821 0.308636 0.000291895
2 0.101671 0.483219 0.14129 0.108938 0.000291576
0 0.978527 0.929853 0.0429462 0.140294 0.00029121
0 0.0256844 0.64347 0.0513687 0.438627 0.000287943
0 0.982559 0.24991 0.0342545 0.398516 0.000282716
2 0.0075578 0.0459801 0.0151156 0.0919601 0.000281806
0 0.458976 0.267884 0.183378 0.268773 0.000278034
0 0.0889403 0.498773 0.149685 0.135348 0.000276333
0 0.418769 0.568321 0.149969 0.201141 0.000273722
0 0.0100548 0.341105 0.0201095 0.349927 0.000272824
0 0.57297 0.730715 0.161705 0.227697 0.000271908
0 0.117749 0.787852 0.139429 0.309262 0.000270242
0 0.366294 0.977468 0.236408 0.0450641 0.000269156
0 0.52527 0.818264 0.140208 0.0744488 0.000269015
2 0.0552866 0.557689 0.110573 0.294132 0.000268493
2 0.00918491 0.19556 0.0183698 0.135113 0.000267991
0 0.0451806 0.862415 0.0903612 0.274866 0.000264656
1 0.594445 0.493721 0.150858 0.388441 0.000263295
2 0.0356199 0.219239 0.071192 0.215938 0.000263086
0 0.0994355 0.712349 0.151796 0.452682 0.000262704
2 0.42375 0.487175 0.213568 0.47739 0.000262187
0 0.0785472 0.526513 0.144827 0.192446 0.000258093
1 0.480098 0.449002 0.363368 0.524164 0.00025547
2 0.0248076 0.00627481 0.0496152 0.0125496 0.000254218
2 0.00775204 0.275215 0.0152945 0.0994507 0.000252695
2 0.458649 0.0362478 0.335338 0.0715495 0.000252428
0 0.185633 0.149929 0.223902 0.261943 0.000252396
1 0.474957 0.786908 0.14727 0.120394 0.000250657
2 0.23293 0.0357739 0.160268 0.0715478 0.000248784
0 0.038819 0.938639 0.0772448 0.119308 0.0002487
2 0.154785 0.237739 0.226762 0.146132 0.000248256
0 0.407654 0.542233 0.171613 0.347606 0.000247613
2 0.0271637 0.233118 0.0543274 0.156595 0.000246804
2 0.0656612 0.366765 0.0431366 0.0882564 0.000246732
0 0.978729 0.763193 0.0422737 0.341356 0.000246151
2 0.376822 0.476044 0.142199 0.223863 0.000245883
0 0.984246 0.399119 0.0309244 0.309852 0.000245511
1 0.421021 0.442551 0.215786 0.43242 0.000245265
0 0.633996 0.981262 0.153661 0.0374753 0.000243812
0 0.936504 0.0882418 0.124293 0.176484 0.000243485
0 0.483679 0.973051 0.175963 0.0538978 0.000242559
0 0.597625 0.169822 0.141962 0.103019 0.0002422
0 0.134604 0.758706 0.144096 0.359244 0.000241948
0 0.0755518 0.691084 0.144439 0.445178 0.000241369
0 0.983373 0.190562 0.0329483 0.381124 0.000240778
0 0.979152 0.843614 0.041495 0.312772 0.000240654
0 0.983067 0.551943 0.0336123 0.359805 0.000240123
0 0.407859 0.968857 0.124673 0.0618154 0.000239674
0 0.590655 0.712139 0.138857 0.272451 0.000239252
0 0.0606137 0.962454 0.121227 0.0750913 0.000238071
0 0.604422 0.130187 0.136032 0.207296 0.000236206
0 0.978561 0.334043 0.0415918 0.299332 0.000235997
0 0.166895 0.236695 0.210498 0.146866 0.000234738
1 0.0387187 0.510695 0.0774373 0.188691 0.000232606
0 0.98162 0.363305 0.0359539 0.26987 0.000232427
2 0.466451 0.76229 0.114155 0.144646 0.000230872
2 0.0336125 0.272698 0.0669585 0.308072 0.000230748
2 0.363324 0.247658 0.132536 0.166334 0.000230593
0 0.45149 0.187611 0.289039 0.124687 0.000230375
2 0.0428822 0.48904 0.0857644 0.309211 0.000229887
2 0.116259 0.0706849 0.188814 0.140806 0.000228996
0 0.644835 0.559079 0.117878 0.224123 0.000228901
2 0.111998 0.480382 0.161033 0.136159 0.000228858
0 0.100542 0.235435 0.193285 0.161472 0.000228247
0 0.674213 0.980634 0.197029 0.0387317 0.00022782
0 0.974802 0.799977 0.049906 0.334225 0.00022694
2 0.389851 0.881537 0.136205 0.236927 0.000226031
0 0.350133 0.343933 0.107485 0.20774 0.00022595
0 0.72557 0.980963 0.194381 0.0376549 0.000225854
2 0.202537 0.0349097 0.171354 0.0698194 0.000225827
0 0.91563 0.978582 0.164181 0.042439 0.000225724
0 0.439343 0.317561 0.152993 0.35947 0.000225497
2 0.0363931 0.170511 0.0727863 0.341021 0.000225384
2 0.0535077 0.936538 0.105035 0.12652 0.00022533
0 0.792667 0.87183 0.0489712 0.110503 0.000225249
2 0.369324 0.0426354 0.28699 0.0846815 0.000224952
0 0.937256 0.967669 0.125489 0.0634045 0.000224871
0 0.950875 0.941427 0.0973614 0.117145 0.000224543
2 0.336807 0.252434 0.146791 0.228768 0.00022433
0 0.174976 0.776927 0.145198 0.332638 0.0002241
0 0.703447 0.240568 0.0951177 0.2265 0.000224027
0 0.641737 0.228237 0.177715 0.233174 0.000223238
2 0.650703 0.057053 0.325959 0.113073 0.000222742
2 0.39918 0.466835 0.17424 0.273003 0.000222542
2 0.0424665 0.253862 0.0765298 0.263944 0.000221929
0 0.344715 0.379805 0.0922297 0.278023 0.000221137
0 0.904051 0.286924 0.0953215 0.160241 0.00022106
0 0.150671 0.680362 0.158773 0.470715 0.000220852
1 0.54263 0.182255 0.113234 0.124406 0.000220819
0 0.866928 0.500072 0.0310509 0.0672814 0.000220167
0 0.203004 0.524601 0.141436 0.340547 0.000219988
0 0.103066 0.532122 0.178713 0.199971 0.000219656
2 0.3339 0.185924 0.256043 0.124652 0.000219189
0 0.348764 0.880898 0.105489 0.238203 0.000218974
2 0.0070093 0.309399 0.0140065 0.117132 0.000218873
0 0.395957 0.540062 0.167515 0.156245 0.00021769
0 0.827118 0.98032 0.134226 0.038034 0.000217322
0 0.441011 0.55228 0.236935 0.471355 0.000217186
