2 0.563982 0.684192 0.775301 0.603518 0.933753
2 0.656901 0.104412 0.309716 0.192237 0.859068
2 0.158273 0.103192 0.316547 0.20487 0.11562
2 0.181477 0.127306 0.362955 0.254508 0.0785782
2 0.223842 0.156437 0.447684 0.312874 0.0385677
2 0.133895 0.165 0.267789 0.328209 0.0326589
2 0.879754 0.706586 0.236448 0.489348 0.0313404
2 0.10983 0.104102 0.217302 0.204357 0.0217681
2 0.0593214 0.208169 0.118643 0.175088 0.021467
2 0.733751 0.104087 0.478097 0.206947 0.0112851
2 0.920757 0.701841 0.158139 0.439641 0.00816338
2 0.105576 0.199678 0.210785 0.397896 0.00741451
2 0.903191 0.760471 0.19087 0.45576 0.00623019
2 0.930831 0.77375 0.138338 0.396634 0.00590247
2 0.655366 0.158161 0.32967 0.308935 0.00503037
2 0.826322 0.696075 0.333253 0.586719 0.00499441
2 0.321807 0.153933 0.643615 0.30743 0.00482348
2 0.579115 0.192298 0.503274 0.375752 0.00418269
2 0.419135 0.187379 0.838271 0.374759 0.00403113
2 0.118621 0.324056 0.151862 0.114247 0.00389105
2 0.0587855 0.249899 0.117244 0.236729 0.00342669
2 0.509752 0.153267 0.815897 0.304591 0.00335027
1 0.390168 0.955164 0.484642 0.0890872 0.00328515
2 0.946477 0.67363 0.10639 0.443838 0.00324125
2 0.760529 0.677369 0.438405 0.556769 0.00324022
2 0.717306 0.206407 0.544859 0.412629 0.00319552
2 0.256849 0.0903025 0.513698 0.179417 0.00300914
0 0.987739 0.62066 0.0245216 0.0809079 0.00295882
2 0.144396 0.230652 0.288792 0.418198 0.00276938
2 0.90837 0.800951 0.183261 0.153592 0.0026399
2 0.0314261 0.182402 0.0628523 0.184384 0.00263598
2 0.671922 0.226824 0.342848 0.452589 0.00251926
2 0.263468 0.150529 0.336273 0.177977 0.00249109
2 0.799494 0.253547 0.37215 0.506856 0.00245479
2 0.594008 0.108564 0.503785 0.213048 0.00241467
2 0.227025 0.224464 0.454051 0.43356 0.00232379
1 0.298055 0.949298 0.460845 0.10007 0.00224735
0 0.98299 0.616052 0.0340197 0.0719814 0.00221912
2 0.0719868 0.0430861 0.143646 0.0861722 0.00216753
2 0.061617 0.144594 0.122863 0.278677 0.0019858
2 0.936303 0.790915 0.126532 0.177569 0.00197332
2 0.581209 0.0940272 0.151729 0.157069 0.00195429
2 0.104636 0.331799 0.18543 0.145179 0.00194074
0 0.966639 0.608531 0.0667229 0.338378 0.00190669
2 0.438603 0.688747 0.518974 0.621179 0.00190324
1 0.364347 0.937121 0.42951 0.125759 0.001902
1 0.223365 0.953365 0.442107 0.0927265 0.00181883
2 0.11234 0.330929 0.22468 0.402761 0.00181486
1 0.312381 0.892114 0.452327 0.215495 0.0018074
2 0.864249 0.115904 0.261954 0.23142 0.00180043
2 0.946252 0.840235 0.107415 0.30346 0.00180037
0 0.986651 0.602126 0.0266988 0.104765 0.00177999
2 0.875989 0.165351 0.241468 0.330579 0.0017743
2 0.895959 0.209282 0.203833 0.416277 0.0017428
2 0.513749 0.212617 0.683192 0.40102 0.00171917
2 0.541283 0.553841 0.689308 0.33927 0.00167989
2 0.952922 0.59385 0.0938259 0.351013 0.00166485
2 0.907422 0.836347 0.182375 0.321311 0.00164593
1 0.35872 0.863988 0.454644 0.272024 0.00157139
2 0.306801 0.16999 0.337434 0.189163 0.00157074
2 0.352832 0.688169 0.345124 0.61976 0.001468
2 0.27876 0.305927 0.185105 0.177309 0.00146369
2 0.88895 0.0485914 0.211384 0.0965701 0.00143174
2 0.881463 0.793181 0.224605 0.165583 0.00141531
2 0.956758 0.156271 0.086483 0.312541 0.00139495
2 0.969375 0.234481 0.0611374 0.40544 0.00139419
2 0.404399 0.941629 0.508924 0.116743 0.00135714
2 0.903847 0.776479 0.191947 0.211828 0.00135564
2 0.965837 0.345721 0.0683253 0.419264 0.00131512
2 0.454536 0.929065 0.614586 0.141775 0.00131016
2 0.143241 0.323131 0.286481 0.341263 0.0013075
2 0.380589 0.204372 0.186994 0.138127 0.00130438
2 0.271138 0.327279 0.535689 0.345996 0.00129567
2 0.947278 0.838369 0.105416 0.120723 0.00126535
2 0.265669 0.111376 0.312737 0.213155 0.00126104
2 0.511513 0.613922 0.634024 0.456571 0.0012498
2 0.357959 0.224458 0.68898 0.421123 0.00124933
2 0.0658268 0.0303019 0.131654 0.0597498 0.00123961
2 0.458055 0.952584 0.62349 0.0937969 0.00123874
2 0.919722 0.562419 0.152603 0.43851 0.0012334
2 0.914513 0.330062 0.161278 0.521058 0.00122451
2 0.116152 0.401018 0.232281 0.387899 0.00119766
2 0.734947 0.290011 0.450064 0.54629 0.00118784
2 0.835389 0.609821 0.297278 0.498166 0.00118607
2 0.647735 0.628887 0.621406 0.47963 0.00117627
1 0.176792 0.927974 0.353585 0.143919 0.00117316
2 0.317748 0.142742 0.298163 0.169043 0.00116208
2 0.842775 0.0889894 0.30626 0.177979 0.0011501
1 0.184671 0.862675 0.369343 0.273715 0.00113912
2 0.867414 0.856282 0.263778 0.283168 0.00113312
2 0.0995972 0.271658 0.193869 0.249759 0.00112032
2 0.877764 0.567211 0.226189 0.557739 0.00111843
2 0.52803 0.457863 0.719069 0.528127 0.00110872
2 0.51376 0.359865 0.755031 0.595241 0.00110631
2 0.922114 0.761095 0.154917 0.264735 0.00110322
2 0.411065 0.200375 0.244831 0.163401 0.00110137
2 0.392798 0.873547 0.475413 0.252509 0.00109159
2 0.383831 0.817968 0.446055 0.361405 0.00108165
2 0.917207 0.441037 0.156917 0.539762 0.00107689
2 0.888639 0.292774 0.20829 0.560161 0.001073
2 0.720603 0.101677 0.30018 0.192318 0.00104575
2 0.427302 0.097503 0.689717 0.194668 0.00104571
0 0.75303 0.788913 0.491641 0.412166 0.00104238
2 0.487639 0.863826 0.674508 0.271982 0.00102303
2 0.965761 0.453999 0.0684781 0.403743 0.00102262
2 0.739967 0.387486 0.520067 0.454165 0.00101491
2 0.0729462 0.0690469 0.145892 0.138094 0.00101372
2 0.892237 0.496273 0.202424 0.594342 0.00100389
2 0.501673 0.512171 0.616062 0.261292 0.000997989
2 0.0785179 0.094155 0.157036 0.18798 0.000994377
2 0.413458 0.37532 0.680965 0.450118 0.000987467
0 0.0257109 0.708128 0.0514219 0.207213 0.000979105
0 0.665985 0.692509 0.658663 0.598075 0.000977876
2 0.367075 0.429347 0.721827 0.466365 0.00097369
2 0.0367178 0.732305 0.0734356 0.516805 0.000966155
2 0.630502 0.556103 0.738997 0.560936 0.000951757
2 0.221535 0.159727 0.258632 0.146792 0.000950936
2 0.0845423 0.369427 0.168385 0.444075 0.000941556
2 0.169199 0.409089 0.338398 0.398195 0.000941029
2 0.19621 0.1467 0.220878 0.13864 0.000936115
2 0.813241 0.865127 0.370554 0.267496 0.000931002
2 0.0151644 0.467437 0.0303287 0.0804947 0.000925382
2 0.663317 0.465611 0.673366 0.509363 0.000920954
2 0.137066 0.739465 0.272888 0.513884 0.000920882
0 0.583611 0.743993 0.816119 0.503741 0.000916903
2 0.75105 0.0511492 0.223883 0.0952944 0.000908918
2 0.329042 0.105149 0.226924 0.196933 0.000898796
2 0.631126 0.38357 0.627114 0.4299 0.00088772
0 0.62714 0.864844 0.723552 0.268943 0.000885286
2 0.0507491 0.0750688 0.101498 0.148391 0.00088516
2 0.035138 0.182885 0.070276 0.118427 0.000862074
2 0.365217 0.218107 0.164059 0.105305 0.000839024
2 0.174971 0.129995 0.226666 0.174335 0.000832546
2 0.451129 0.205576 0.277782 0.164989 0.000828048
2 0.297384 0.843948 0.594769 0.308609 0.000822609
2 0.436345 0.0452579 0.325067 0.0902613 0.000815023
1 0.0832218 0.84774 0.16643 0.302313 0.000810776
2 0.166745 0.837383 0.33349 0.319742 0.000806683
2 0.0688676 0.425597 0.137113 0.404699 0.000802725
1 0.129769 0.909445 0.259539 0.177725 0.000799699
2 0.0347792 0.804915 0.0695465 0.383596 0.000785556
1 0.142345 0.959158 0.284689 0.0807373 0.000784081
2 0.236155 0.185463 0.274552 0.148024 0.00078214
2 0.133761 0.0465224 0.265721 0.0930448 0.000778052
1 0.349077 0.734651 0.579977 0.528574 0.000777039
2 0.227059 0.479024 0.454119 0.368811 0.000774958
2 0.296073 0.324113 0.211327 0.149122 0.00077299
2 0.513768 0.190432 0.219361 0.145096 0.000772299
2 0.871441 0.922243 0.257118 0.155292 0.00077207
2 0.19805 0.723541 0.396036 0.540575 0.000772066
2 0.38722 0.0415085 0.210362 0.0823674 0.000769698
2 0.0488918 0.68408 0.0977836 0.54684 0.000767005
2 0.110519 0.218653 0.221039 0.180879 0.000754391
0 0.200809 0.953605 0.401136 0.0919975 0.000739061
2 0.129913 0.541666 0.259826 0.434124 0.000738207
2 0.253978 0.209215 0.207532 0.115472 0.000729165
0 0.31891 0.688003 0.637819 0.572481 0.000727905
2 0.0587087 0.490007 0.117256 0.407722 0.00072563
2 0.0299903 0.130036 0.0599805 0.231085 0.00072541
2 0.926981 0.910793 0.146039 0.178414 0.000717933
2 0.131415 0.0713857 0.261513 0.142429 0.00070981
0 0.567089 0.0699163 0.120487 0.0975488 0.000705416
0 0.526712 0.193439 0.271995 0.164067 0.00070116
2 0.299562 0.580189 0.599124 0.471739 0.000689817
0 0.9838 0.650403 0.0324 0.171193 0.000689056
2 0.6314 0.884554 0.659667 0.229605 0.000687666
2 0.146886 0.604745 0.293772 0.494713 0.000679066
2 0.383576 0.501448 0.739181 0.38248 0.000673401
0 0.274507 0.277794 0.177691 0.192755 0.000661351
2 0.947792 0.861737 0.104303 0.101567 0.000660022
0 0.976707 0.202199 0.0463432 0.286257 0.000650701
0 0.304333 0.796982 0.267023 0.290268 0.000638052
1 0.275841 0.943556 0.233061 0.112888 0.000635272
2 0.297834 0.775387 0.595669 0.447192 0.000631197
0 0.0255262 0.743709 0.0510524 0.12705 0.000628603
2 0.0591589 0.377185 0.117909 0.241571 0.000627359
2 0.0399779 0.253327 0.0799558 0.253907 0.00062617
2 0.0521633 0.701939 0.104327 0.257353 0.000620005
1 0.274976 0.881482 0.229941 0.237035 0.000619036
2 0.854817 0.0449691 0.234656 0.0885363 0.00061293
2 0.080564 0.345765 0.160579 0.24481 0.000608889
2 0.0454111 0.102358 0.0908222 0.204715 0.000602174
2 0.314983 0.946981 0.320876 0.106037 0.000599566
2 0.898858 0.732621 0.202249 0.293448 0.000594132
2 0.0960484 0.363666 0.186127 0.198972 0.000581608
2 0.409695 0.576036 0.655053 0.427295 0.000579165
0 0.943424 0.603393 0.113152 0.358138 0.000578017
0 0.93425 0.648209 0.1315 0.286514 0.000576351
2 0.0310425 0.680906 0.062085 0.287437 0.000574825
2 0.979453 0.589839 0.0410938 0.216301 0.000573854
2 0.524203 0.140928 0.205928 0.216995 0.000573097
2 0.348887 0.493052 0.279549 0.213948 0.000568247
0 0.988615 0.645966 0.0227698 0.140874 0.00056157
2 0.389826 0.225287 0.214515 0.140882 0.00054404
2 0.70491 0.05329 0.179787 0.0962307 0.000542059
2 0.201571 0.18303 0.216388 0.165923 0.000529604
2 0.0140292 0.131534 0.0276985 0.075815 0.000526067
0 0.0581559 0.709527 0.116312 0.215959 0.000524982
2 0.0643063 0.012753 0.128613 0.0255059 0.000524342
2 0.276939 0.242369 0.177974 0.121602 0.000520462
0 0.372293 0.57454 0.214769 0.378025 0.000517814
2 0.80519 0.941174 0.373661 0.116315 0.000517306
2 0.878742 0.0669242 0.234785 0.131872 0.000515029
0 0.966397 0.670721 0.0672065 0.257352 0.000513791
2 0.0125061 0.45396 0.0249165 0.0733444 0.000512137
2 0.187844 0.211128 0.19817 0.152238 0.000510052
2 0.665428 0.9399 0.56856 0.117812 0.000509163
0 0.899627 0.0551021 0.200745 0.109424 0.000507739
2 0.0438419 0.396264 0.0870772 0.236057 0.000497602
0 0.978098 0.15337 0.0436976 0.261824 0.000488377
0 0.107439 0.3629 0.192552 0.185297 0.000475241
2 0.29519 0.0997336 0.186515 0.194078 0.000471563
2 0.481119 0.220405 0.209961 0.152824 0.000466946
2 0.0147185 0.392885 0.029437 0.21885 0.0004661
0 0.813907 0.104019 0.176582 0.208038 0.000456903
2 0.458476 0.19025 0.196597 0.148367 0.000452618
0 0.475772 0.0397533 0.314481 0.0768303 0.00044712
2 0.985941 0.576863 0.0278641 0.185538 0.000446643
2 0.850029 0.682531 0.241921 0.162798 0.000446217
2 0.73698 0.0651173 0.253779 0.121807 0.0004437
0 0.929809 0.731156 0.140044 0.337877 0.000438521
0 0.867905 0.108951 0.263055 0.217787 0.00043831
0 0.886613 0.230977 0.225815 0.180938 0.000436664
2 0.329952 0.237824 0.196632 0.124331 0.000435404
2 0.177482 0.180435 0.179501 0.19573 0.000427045
0 0.274418 0.780032 0.205097 0.305 0.000425567
2 0.0795013 0.297199 0.157661 0.308809 0.000423555
2 0.325101 0.702 0.1784 0.31245 0.000423076
2 0.554183 0.112855 0.149068 0.190267 0.000422246
2 0.778086 0.0441789 0.223011 0.0862013 0.000419305
0 0.909812 0.220973 0.180375 0.265037 0.00041537
2 0.897262 0.823688 0.205184 0.155569 0.000414394
2 0.0698277 0.0209187 0.139655 0.0418375 0.000412384
2 0.235748 0.239698 0.227394 0.144558 0.000409682
0 0.975978 0.12201 0.0480434 0.24402 0.000401758
0 0.957572 0.894909 0.0847908 0.169095 0.000400633
2 0.172879 0.0544644 0.302421 0.107698 0.000400601
2 0.0359184 0.470754 0.0713257 0.0880767 0.000400512
2 0.362256 0.0339917 0.198705 0.0678846 0.000396818
2 0.448836 0.347273 0.174048 0.112623 0.000395764
1 0.328068 0.909703 0.34124 0.180594 0.000394845
0 0.177397 0.767038 0.222467 0.179511 0.000394151
2 0.013157 0.483943 0.0261389 0.0749323 0.000391947
2 0.421561 0.338126 0.196896 0.141292 0.000391465
2 0.884351 0.0972657 0.223499 0.190238 0.000387984
0 0.972291 0.071992 0.0546244 0.14324 0.00038737
2 0.406124 0.0619089 0.259151 0.122669 0.000387267
0 0.0133693 0.481071 0.0267385 0.164727 0.000387231
0 0.936655 0.204694 0.126691 0.255513 0.000386546
2 0.493107 0.170954 0.1733 0.146064 0.000380252
0 0.410828 0.24142 0.171647 0.142885 0.000379447
2 0.905855 0.67025 0.188289 0.220245 0.000377518
1 0.233258 0.921944 0.26454 0.156112 0.000377451
2 0.948822 0.799375 0.101489 0.153819 0.000376526
0 0.353832 0.246026 0.156685 0.145347 0.000374501
2 0.103406 0.710271 0.202955 0.210994 0.000373793
0 0.201015 0.813746 0.205136 0.229341 0.000373331
2 0.961332 0.728518 0.0773029 0.317271 0.000372992
2 0.409569 0.489801 0.401938 0.208096 0.000372763
2 0.859546 0.732399 0.259608 0.264451 0.000371374
0 0.255579 0.811724 0.166052 0.272107 0.000370502
2 0.344449 0.614703 0.163729 0.381325 0.000369854
2 0.897846 0.329392 0.200219 0.180519 0.00036962
2 0.0171611 0.143142 0.0330602 0.0843386 0.000368783
0 0.46471 0.24718 0.190312 0.13933 0.000368071
2 0.158309 0.216559 0.156075 0.147194 0.000365987
0 0.784928 0.103388 0.121296 0.202108 0.000363913
2 0.33148 0.956422 0.476012 0.0870033 0.000361783
2 0.0108651 0.39251 0.0217302 0.0784146 0.000358372
0 0.988642 0.872269 0.0225296 0.096808 0.000358005
2 0.0216221 0.786971 0.0432442 0.241035 0.00035663
0 0.0595864 0.749892 0.119173 0.12165 0.00035525
2 0.354672 0.330477 0.306901 0.150333 0.000354707
2 0.0512335 0.0184524 0.101139 0.0369049 0.000353403
0 0.0813392 0.713727 0.161402 0.207237 0.000352232
0 0.0236824 0.762635 0.0473647 0.132844 0.000352183
0 0.34636 0.805374 0.365499 0.249458 0.000351939
0 0.349055 0.551232 0.209732 0.323795 0.000350831
2 0.347515 0.680195 0.193543 0.310074 0.000349362
0 0.927762 0.0756219 0.144476 0.149099 0.000348674
2 0.355467 0.0689889 0.18441 0.13629 0.000348602
2 0.493521 0.550925 0.429821 0.317667 0.000347824
0 0.24027 0.744038 0.342326 0.25862 0.000346171
1 0.018615 0.773978 0.0368291 0.084865 0.000345565
0 0.955668 0.17639 0.0886642 0.193244 0.000342291
0 0.880849 0.188416 0.233447 0.225456 0.000342244
2 0.0133342 0.115533 0.0265909 0.079342 0.000340672
0 0.84448 0.222603 0.201998 0.179315 0.000336254
2 0.334725 0.304825 0.291782 0.202528 0.000335028
2 0.4848 0.256916 0.205302 0.155144 0.000334065
2 0.084267 0.389201 0.162659 0.218766 0.000333901
0 0.579585 0.220478 0.249099 0.138487 0.000333758
0 0.434538 0.0997075 0.339824 0.197532 0.000332658
0 0.467765 0.330423 0.191345 0.135044 0.000332407
2 0.0170366 0.351108 0.0340731 0.227767 0.000332015
2 0.845982 0.801832 0.280169 0.158698 0.000331972
0 0.712922 0.689435 0.487178 0.142134 0.000331527
0 0.660485 0.21736 0.323048 0.12486 0.000330081
0 0.899585 0.614362 0.200572 0.309134 0.000329791
0 0.692799 0.190988 0.269343 0.0883722 0.000325489
