2 0.503085 0.529686 0.249257 0.155641 0.85969
2 0.56501 0.960279 0.212441 0.0794422 0.822418
2 0.142203 0.0894449 0.280354 0.17889 0.732473
1 0.716531 0.158048 0.218943 0.14486 0.6603
1 0.168058 0.46306 0.0778759 0.0652172 0.526657
2 0.715937 0.159854 0.21946 0.146916 0.448084
2 0.895964 0.236783 0.138521 0.107023 0.208483
2 0.873774 0.361326 0.0891447 0.0760257 0.18937
1 0.566057 0.959272 0.265804 0.0814516 0.122233
2 0.168935 0.463217 0.0792936 0.066945 0.117563
2 0.196322 0.099308 0.386258 0.198096 0.039924
2 0.14209 0.0497103 0.241725 0.0994205 0.0135502
2 0.871522 0.23718 0.193276 0.112394 0.0111049
2 0.346887 0.0848291 0.693773 0.169093 0.00963449
1 0.676458 0.961999 0.511817 0.0747448 0.0090064
2 0.759551 0.176826 0.326808 0.183987 0.00812592
2 0.550894 0.0820132 0.821571 0.164026 0.0069744
2 0.183167 0.462947 0.103851 0.0703416 0.00695854
2 0.441519 0.0703972 0.194832 0.138959 0.0066122
2 0.791382 0.240735 0.385285 0.312706 0.00613882
2 0.160274 0.189006 0.320418 0.369479 0.00567702
1 0.172064 0.450953 0.0670398 0.0401343 0.00560527
2 0.130719 0.129382 0.261438 0.25343 0.0055063
2 0.589535 0.964544 0.292162 0.0701515 0.00527955
2 0.538238 0.121848 0.923525 0.243695 0.00506262
2 0.197599 0.140185 0.389573 0.275475 0.0050315
2 0.895587 0.342836 0.198288 0.510435 0.00467646
2 0.126174 0.218297 0.252197 0.423991 0.00467512
2 0.908054 0.282845 0.177348 0.38552 0.00444701
2 0.273095 0.126901 0.546189 0.253802 0.00433772
2 0.890554 0.245303 0.182747 0.328788 0.00417478
2 0.216853 0.0913619 0.32453 0.156641 0.00405463
2 0.893895 0.2567 0.142358 0.148573 0.00370752
2 0.762869 0.402581 0.46984 0.633701 0.00369762
2 0.112348 0.165591 0.22458 0.325628 0.00366003
0 0.98844 0.361656 0.023121 0.0683562 0.003339
0 0.878785 0.624041 0.0508365 0.0376842 0.00310701
2 0.852007 0.227346 0.245496 0.296143 0.00307589
2 0.644562 0.0684516 0.710876 0.136706 0.00299883
2 0.667184 0.137881 0.631916 0.275762 0.00289612
2 0.0287455 0.11511 0.0574911 0.164407 0.00284453
2 0.0869839 0.21281 0.173608 0.415825 0.00282148
2 0.988833 0.347108 0.0223344 0.0773674 0.00278384
1 0.621958 0.96242 0.0908704 0.0616271 0.00275856
1 0.750708 0.160954 0.413165 0.162045 0.00274881
2 0.548189 0.958991 0.305575 0.0814125 0.0027067
2 0.895312 0.304823 0.139044 0.237867 0.00256655
1 0.986517 0.358298 0.026965 0.0454389 0.00253919
0 0.885022 0.617761 0.032058 0.0253139 0.00244351
2 0.986346 0.364937 0.0273083 0.0527534 0.0023989
2 0.205566 0.212498 0.411133 0.420206 0.00227613
2 0.267678 0.189882 0.151318 0.114103 0.00224183
2 0.75786 0.280389 0.453512 0.378467 0.00218546
1 0.702176 0.931453 0.592737 0.135986 0.00202366
2 0.763255 0.0328784 0.473491 0.0657312 0.00194748
2 0.69414 0.134371 0.512497 0.235008 0.00193222
1 0.492674 0.957606 0.37633 0.0833546 0.00190252
2 0.651666 0.966126 0.224296 0.0667358 0.00186865
2 0.783822 0.150246 0.386534 0.243323 0.00186801
2 0.822568 0.195154 0.304679 0.253982 0.00183777
2 0.882631 0.467701 0.22915 0.721292 0.00183645
2 0.905032 0.40897 0.186231 0.464416 0.0018349
2 0.634705 0.433185 0.73059 0.680365 0.0018001
2 0.0429033 0.11748 0.0858067 0.162111 0.0017847
2 0.705702 0.0390708 0.588596 0.0781247 0.00177624
2 0.39126 0.185524 0.763193 0.369692 0.00174719
2 0.18363 0.0616416 0.328659 0.123283 0.00161327
2 0.0677327 0.244944 0.135193 0.416802 0.001608
2 0.0263335 0.141141 0.052667 0.127351 0.00156419
2 0.0155633 0.339778 0.0311267 0.0976864 0.00156379
2 0.715859 0.47639 0.568282 0.724112 0.00155287
0 0.876201 0.636336 0.055371 0.0649217 0.00148263
2 0.674525 0.362959 0.631188 0.548092 0.00146343
2 0.10616 0.297389 0.212321 0.41116 0.00145041
0 0.988318 0.383086 0.0233642 0.1033 0.00139099
1 0.191948 0.462801 0.126769 0.0735676 0.00137455
2 0.500121 0.634011 0.258176 0.366675 0.00136934
1 0.134684 0.502774 0.269143 0.480336 0.00136107
2 0.105958 0.613661 0.211916 0.400411 0.00132542
2 0.120889 0.564131 0.241777 0.407508 0.00132411
2 0.154096 0.259302 0.308191 0.423568 0.00131693
2 0.140062 0.435707 0.280123 0.570973 0.00131019
2 0.715769 0.888335 0.568461 0.219724 0.00130937
2 0.867811 0.149097 0.254713 0.298193 0.00128351
2 0.150284 0.483695 0.300569 0.371838 0.00128221
2 0.467152 0.247586 0.9129 0.493004 0.00127005
2 0.675383 0.0443097 0.202934 0.0876234 0.00125355
0 0.884438 0.633508 0.0366544 0.0572754 0.00123242
2 0.301303 0.231246 0.602606 0.460705 0.00122842
2 0.0361355 0.112365 0.0722711 0.131358 0.00122611
2 0.196888 0.47817 0.384306 0.476909 0.00119623
1 0.712268 0.898554 0.574231 0.202078 0.00119329
2 0.0707351 0.354051 0.139782 0.440908 0.00116684
2 0.988523 0.335828 0.0229532 0.114004 0.00116533
2 0.103206 0.688265 0.206411 0.457221 0.00115732
2 0.925474 0.502544 0.147033 0.433687 0.00115455
2 0.0257713 0.103309 0.0515426 0.105558 0.00114482
2 0.0706242 0.591291 0.140558 0.421696 0.00112187
2 0.278404 0.537715 0.517966 0.359614 0.00107804
2 0.0848584 0.541108 0.169717 0.447237 0.00107395
1 0.158554 0.462964 0.0553269 0.0638269 0.00105983
1 0.155973 0.46262 0.105742 0.0701453 0.00105714
2 0.730129 0.20722 0.27179 0.247033 0.00105301
1 0.724163 0.97071 0.551673 0.0581285 0.00103245
2 0.0626523 0.667097 0.124736 0.447988 0.00102559
1 0.0971332 0.477345 0.194266 0.491309 0.00102326
2 0.0229022 0.100614 0.0458043 0.201229 0.00100331
2 0.723926 0.0406469 0.171006 0.0803416 0.000997046
1 0.98541 0.345337 0.0291809 0.118462 0.000993182
2 0.0154317 0.325158 0.0308116 0.0591781 0.000968516
2 0.54454 0.525126 0.351062 0.157461 0.000962756
2 0.531462 0.451807 0.339097 0.370768 0.000955188
2 0.772231 0.868259 0.455538 0.240533 0.000949512
2 0.489149 0.6777 0.332942 0.418244 0.000948292
2 0.229883 0.604703 0.446998 0.44272 0.000947417
2 0.150173 0.340776 0.300345 0.521071 0.000945469
2 0.0917817 0.418756 0.182919 0.519997 0.000936648
2 0.190761 0.751586 0.0455397 0.0387949 0.00093272
2 0.0935374 0.750291 0.187075 0.364777 0.000929986
2 0.770003 0.0326769 0.218419 0.0637733 0.000918764
2 0.579429 0.618293 0.408906 0.399706 0.000910899
2 0.316825 0.61579 0.590645 0.431688 0.000909006
2 0.22158 0.359459 0.443161 0.621377 0.000899144
2 0.0605931 0.121308 0.118604 0.149634 0.000897257
2 0.473273 0.45532 0.35655 0.38343 0.000894015
0 0.710492 0.970275 0.315757 0.0594492 0.000893224
2 0.0510352 0.721844 0.101319 0.350664 0.000886505
2 0.859003 0.573591 0.246178 0.447498 0.000868155
2 0.31692 0.35748 0.63384 0.640879 0.000865887
2 0.497112 0.350683 0.902696 0.666779 0.000865608
2 0.233208 0.193792 0.213496 0.122752 0.00086375
2 0.819888 0.791328 0.360224 0.415082 0.000858988
2 0.74301 0.612297 0.487533 0.46306 0.000850417
2 0.149703 0.0272653 0.213436 0.0538208 0.00083973
2 0.565722 0.271252 0.868556 0.39827 0.00083754
2 0.656019 0.645686 0.569148 0.434354 0.000833212
1 0.682929 0.96576 0.295009 0.0681776 0.00082067
2 0.128671 0.849274 0.257341 0.287544 0.000812055
2 0.380264 0.942685 0.612239 0.114631 0.000809474
0 0.191679 0.75316 0.0422683 0.0412809 0.000808577
2 0.468095 0.955434 0.436023 0.0890248 0.000805933
2 0.275973 0.434383 0.531772 0.470277 0.00080483
1 0.565209 0.947776 0.208102 0.104448 0.000797778
2 0.0578856 0.768898 0.115231 0.307449 0.000796269
2 0.948003 0.576872 0.102044 0.337911 0.00079114
2 0.438043 0.666319 0.678129 0.469373 0.000789654
2 0.599683 0.684772 0.437868 0.477732 0.000783038
2 0.860223 0.359809 0.12266 0.082802 0.000777252
1 0.983123 0.335635 0.0335536 0.188977 0.000774582
2 0.903032 0.560825 0.168149 0.424101 0.000762945
2 0.736594 0.708649 0.488017 0.454892 0.000761942
2 0.84309 0.614046 0.228265 0.342923 0.000756468
2 0.838885 0.665812 0.254157 0.346823 0.000749534
2 0.984365 0.395619 0.0312696 0.156173 0.000748984
2 0.749091 0.803825 0.501817 0.39235 0.000745052
2 0.403878 0.0527496 0.210883 0.105429 0.000743063
2 0.314396 0.714969 0.552828 0.468071 0.000741756
2 0.83863 0.731139 0.299592 0.377633 0.000739228
2 0.863278 0.891457 0.271183 0.196703 0.000738406
2 0.249034 0.88075 0.473101 0.236394 0.000734064
2 0.34411 0.881121 0.629941 0.237758 0.000732141
2 0.853555 0.0438797 0.292677 0.0856915 0.000730151
2 0.0849184 0.0860493 0.169837 0.172099 0.000729606
2 0.227959 0.691196 0.434951 0.4597 0.000724333
2 0.172912 0.867001 0.345824 0.253356 0.000723554
2 0.408578 0.0803778 0.218325 0.155384 0.000721321
2 0.956552 0.608266 0.0847138 0.303266 0.000720365
2 0.219426 0.934596 0.428194 0.129673 0.000704538
2 0.87502 0.752059 0.237945 0.384384 0.000702562
1 0.874694 0.893395 0.249249 0.211023 0.000701283
2 0.421571 0.447108 0.73403 0.420155 0.000698985
2 0.0154401 0.316059 0.0308802 0.135725 0.000695661
0 0.973074 0.0252902 0.0535189 0.0462085 0.000692452
1 0.0761019 0.824496 0.152204 0.302436 0.000683179
2 0.308272 0.841831 0.531725 0.316339 0.000681537
2 0.0122539 0.589279 0.0245078 0.194198 0.000675288
2 0.518811 0.869054 0.351746 0.261892 0.000668055
1 0.63351 0.513289 0.63473 0.346414 0.000665416
2 0.882267 0.691467 0.212212 0.36037 0.000663016
2 0.147094 0.813835 0.291508 0.320624 0.000658511
2 0.954688 0.697427 0.0905728 0.28324 0.000657129
2 0.855675 0.853339 0.284107 0.231826 0.000654271
2 0.36352 0.0583998 0.17679 0.113644 0.000653638
0 0.89507 0.235173 0.130316 0.110501 0.000649916
2 0.0267063 0.14796 0.0534125 0.211726 0.00064212
2 0.36803 0.771373 0.507778 0.407102 0.000636078
2 0.457563 0.767061 0.436738 0.400936 0.000632748
1 0.566007 0.961566 0.208959 0.0713287 0.000632745
2 0.538516 0.960795 0.151514 0.0784106 0.000630487
2 0.432792 0.496218 0.660564 0.275202 0.000626984
0 0.896671 0.823903 0.203708 0.254364 0.000624032
2 0.93668 0.760649 0.125314 0.289648 0.000623365
0 0.981407 0.304751 0.0364041 0.244531 0.000620759
1 0.182825 0.446896 0.0496933 0.0341913 0.000620605
2 0.0313415 0.331845 0.0608023 0.140088 0.000616805
1 0.15138 0.944114 0.30276 0.108072 0.000615578
0 0.0130003 0.727585 0.0260006 0.116042 0.000614898
1 0.85804 0.922154 0.283921 0.155691 0.000614664
1 0.110437 0.935558 0.220875 0.113515 0.000611545
0 0.888318 0.884735 0.221077 0.205865 0.000611072
2 0.0353907 0.0859122 0.0707813 0.171824 0.000610694
2 0.130314 0.763538 0.258803 0.342054 0.000604998
2 0.614402 0.479529 0.497551 0.266138 0.00060218
2 0.58734 0.757635 0.412135 0.404576 0.00060111
2 0.648864 0.447873 0.570739 0.377179 0.000599724
2 0.611692 0.0443068 0.248675 0.088186 0.000598088
2 0.891145 0.647126 0.180532 0.347727 0.000594103
2 0.0139577 0.242334 0.0277608 0.0703213 0.000587313
2 0.676711 0.809267 0.499793 0.381465 0.000586774
1 0.127769 0.963334 0.255539 0.0733322 0.000577448
0 0.797682 0.987731 0.128928 0.0245388 0.000577204
1 0.555891 0.868654 0.297638 0.262692 0.000571208
2 0.0120327 0.748319 0.0239146 0.0494526 0.000566171
0 0.659092 0.637558 0.0958845 0.0359142 0.000561469
2 0.0225873 0.224655 0.0451746 0.139988 0.000559429
1 0.984247 0.365307 0.0311332 0.0799248 0.00055645
2 0.483076 0.0533131 0.200412 0.10558 0.000556052
1 0.624682 0.872616 0.376787 0.254768 0.000554327
1 0.185132 0.963267 0.367397 0.0733104 0.000553272
0 0.0132537 0.698962 0.0265075 0.0890672 0.00054881
2 0.562534 0.93906 0.218716 0.121881 0.000543568
2 0.520151 0.751549 0.338808 0.394519 0.000532334
2 0.454939 0.847217 0.548938 0.305566 0.000530998
2 0.0199757 0.233955 0.0399084 0.0738455 0.000524002
1 0.763029 0.177593 0.339071 0.183144 0.000522228
1 0.317505 0.95975 0.592047 0.079623 0.000519786
2 0.195747 0.751048 0.0369702 0.0314841 0.000519179
0 0.981779 0.145193 0.0352956 0.200618 0.000518963
0 0.938608 0.0206532 0.121375 0.0413065 0.00051523
0 0.979919 0.681969 0.0392644 0.0813088 0.000513837
2 0.769762 0.022427 0.21309 0.0443707 0.000513444
0 0.730724 0.737516 0.0635029 0.0409856 0.000507783
2 0.238317 0.782772 0.432655 0.383246 0.000504462
2 0.263707 0.114834 0.206656 0.178378 0.000502761
2 0.290014 0.0392396 0.229346 0.0780335 0.000498337
2 0.236348 0.166268 0.22869 0.103701 0.000494929
2 0.0306034 0.153392 0.0599204 0.0872847 0.000493674
2 0.0164499 0.350111 0.0328999 0.148807 0.000489809
0 0.0130494 0.749381 0.0260988 0.117366 0.000489408
1 0.435488 0.591647 0.591232 0.311342 0.000489384
2 0.0191003 0.202199 0.037069 0.107849 0.000484847
1 0.417597 0.536143 0.557407 0.244806 0.00047851
2 0.599881 0.848445 0.436305 0.303111 0.000471573
0 0.955217 0.0256363 0.0890423 0.0485636 0.000468758
2 0.536915 0.812536 0.406388 0.374929 0.000468074
2 0.0105946 0.708035 0.0211892 0.0758127 0.00046546
2 0.279975 0.170964 0.145224 0.144326 0.000465421
2 0.361112 0.0866034 0.142867 0.159439 0.000462024
2 0.916464 0.361152 0.167066 0.0788454 0.000458799
0 0.661097 0.947743 0.21358 0.100424 0.000452655
0 0.981796 0.690593 0.0354698 0.060894 0.000452146
2 0.334682 0.0877089 0.11275 0.138263 0.000450205
2 0.00888313 0.720511 0.0177663 0.0602909 0.000449237
2 0.977727 0.262787 0.0432965 0.202734 0.000448606
2 0.0485219 0.208927 0.0962533 0.152951 0.00044102
2 0.793379 0.0283209 0.197957 0.055048 0.000434555
2 0.311131 0.0826074 0.152119 0.131444 0.000431973
2 0.622905 0.958204 0.215396 0.0818699 0.00042945
2 0.0596111 0.162309 0.117656 0.0728078 0.000427498
2 0.00960952 0.733143 0.019219 0.0683303 0.000422523
0 0.850454 0.643266 0.103732 0.0759392 0.000421566
2 0.228282 0.0421247 0.342812 0.0841143 0.000421434
2 0.174458 0.751076 0.0796951 0.0423931 0.000412556
0 0.730317 0.978466 0.323163 0.0430683 0.000407323
2 0.365714 0.0454953 0.219451 0.0902248 0.000405734
2 0.643336 0.0467769 0.173274 0.0935538 0.000402447
2 0.0294341 0.174846 0.0547925 0.0428777 0.000402206
2 0.0129257 0.627046 0.0258513 0.206082 0.000394179
2 0.326082 0.0373802 0.212898 0.0745269 0.000389737
2 0.92229 0.0199402 0.155421 0.0395691 0.000379983
0 0.870322 0.986513 0.221627 0.0267878 0.000374692
2 0.516968 0.0434555 0.143484 0.0854176 0.00037249
2 0.0378444 0.289073 0.0744616 0.242658 0.00037222
2 0.258057 0.0806508 0.249281 0.147601 0.000369913
0 0.0192151 0.248118 0.0384303 0.155156 0.000368015
2 0.313566 0.0549124 0.163327 0.105538 0.000364832
2 0.972128 0.361221 0.0557441 0.0424342 0.000363538
0 0.980458 0.185186 0.0375674 0.24514 0.000362384
2 0.275682 0.0549751 0.221835 0.107187 0.000359234
2 0.869308 0.235356 0.0781952 0.109004 0.000348368
2 0.0180948 0.327433 0.0361896 0.0743088 0.000348233
2 0.0143719 0.366262 0.0287439 0.0937529 0.000343934
2 0.343007 0.0733154 0.133409 0.139146 0.000343278
2 0.0201581 0.218995 0.0398969 0.0907117 0.000333868
2 0.0130551 0.65977 0.0261102 0.161893 0.000328092
1 0.677462 0.161892 0.138576 0.132668 0.00032202
2 0.132833 0.184369 0.256668 0.091191 0.000315879
2 0.124977 0.153881 0.247323 0.0761923 0.000314734
0 0.980727 0.110575 0.0380294 0.22115 0.000312283
0 0.0204684 0.950853 0.0403525 0.0957222 0.000307746
2 0.0108798 0.256506 0.0216114 0.0919572 0.000306767
0 0.0152197 0.369756 0.0304394 0.15962 0.000306399
2 0.0176042 0.267924 0.0352085 0.201372 0.000304795
2 0.104879 0.131541 0.209118 0.128499 0.000303609
2 0.196179 0.215184 0.172475 0.138113 0.000301224
0 0.978135 0.909522 0.0434267 0.180955 0.000301064
0 0.771877 0.984987 0.219826 0.0300266 0.000300262
0 0.392893 0.610374 0.0410306 0.0479361 0.000299173
0 0.981608 0.392978 0.0359588 0.223346 0.000297752
2 0.0618635 0.204618 0.122746 0.119361 0.000296906
