1 0.465687 0.590039 0.387173 0.270177 0.882872
0 0.0889029 0.97059 0.114626 0.0580224 0.0144907
0 0.179322 0.529004 0.0325662 0.0287165 0.0110781
0 0.180745 0.526456 0.0275781 0.0197765 0.010797
0 0.114181 0.555235 0.04912 0.0312544 0.0106365
0 0.102808 0.777503 0.0357776 0.0285917 0.0033737
0 0.53107 0.973104 0.570215 0.0537911 0.00214805
0 0.34145 0.0183624 0.206814 0.0367249 0.00188988
1 0.490416 0.973339 0.577281 0.05326 0.00178236
0 0.021935 0.714309 0.0438701 0.0264778 0.00176962
0 0.0988514 0.969218 0.15816 0.061349 0.00155679
2 0.924018 0.829317 0.151964 0.293408 0.0014511
2 0.918055 0.490354 0.163889 0.271104 0.00141718
1 0.643205 0.974309 0.606777 0.0513822 0.00140235
2 0.919922 0.437599 0.160155 0.268055 0.00139575
0 0.0970891 0.780065 0.0521917 0.0337993 0.0013872
2 0.925397 0.383256 0.149205 0.264717 0.00136597
2 0.925792 0.738992 0.148415 0.321061 0.0013581
2 0.0731442 0.73542 0.146288 0.436187 0.00132882
2 0.939899 0.335121 0.120201 0.266446 0.00131257
2 0.0788688 0.520825 0.157738 0.226184 0.00130318
2 0.92283 0.539798 0.15434 0.270046 0.00127915
1 0.0850377 0.624098 0.170075 0.444122 0.00126214
2 0.0818921 0.791687 0.163784 0.416627 0.00126209
2 0.92756 0.685583 0.14488 0.313886 0.00124631
2 0.484041 0.711945 0.467619 0.524024 0.00119543
2 0.0861597 0.490958 0.172319 0.302247 0.00118532
0 0.210823 0.971085 0.41763 0.0575286 0.00118148
2 0.932336 0.637647 0.135328 0.309931 0.00117541
1 0.602092 0.648228 0.707241 0.398719 0.00117287
2 0.932405 0.587031 0.13519 0.280747 0.00116795
2 0.0907984 0.444912 0.181597 0.389721 0.00116501
1 0.0724392 0.657393 0.144878 0.3959 0.00116493
2 0.891383 0.828346 0.217234 0.298479 0.00115729
2 0.161266 0.196393 0.322533 0.325928 0.00114929
2 0.112267 0.495104 0.224533 0.312149 0.00113089
2 0.143095 0.261912 0.28619 0.277841 0.0011186
2 0.950198 0.277453 0.0996035 0.274272 0.00111004
1 0.173579 0.970619 0.347158 0.0585868 0.00110056
2 0.077077 0.323796 0.154154 0.313399 0.00109615
2 0.871866 0.496813 0.256269 0.272225 0.00108341
2 0.866161 0.446439 0.267678 0.278749 0.00107761
1 0.099552 0.204809 0.199104 0.346033 0.0010764
2 0.585676 0.746318 0.5669 0.454484 0.00105398
2 0.0752592 0.265764 0.150518 0.31243 0.00104641
2 0.13438 0.321302 0.268761 0.278067 0.00104581
2 0.560649 0.168273 0.754237 0.315079 0.00104213
2 0.0823723 0.39303 0.164745 0.312744 0.00104079
2 0.913737 0.869151 0.172527 0.24449 0.00103894
2 0.190645 0.255576 0.336059 0.258466 0.00103323
2 0.839199 0.829382 0.301415 0.33111 0.00102799
2 0.253576 0.255504 0.377753 0.247225 0.00102439
1 0.164643 0.155832 0.329286 0.304679 0.00102402
2 0.892819 0.730562 0.211335 0.327787 0.00101225
2 0.112557 0.6283 0.225114 0.425214 0.00101188
1 0.122344 0.162733 0.244689 0.316978 0.00101158
2 0.488383 0.443523 0.9093 0.63189 0.00100544
1 0.146352 0.108898 0.292704 0.217796 0.00100137
2 0.860486 0.391461 0.279028 0.274804 0.0009951
2 0.133077 0.469237 0.266154 0.380959 0.000988192
2 0.114266 0.739974 0.228533 0.473416 0.00098561
2 0.102572 0.557289 0.205143 0.363534 0.00097822
2 0.445508 0.501983 0.736725 0.523663 0.000975811
0 0.632464 0.105071 0.727271 0.210141 0.0009758
2 0.245091 0.181658 0.41397 0.313872 0.00097448
1 0.321995 0.972084 0.592816 0.0549724 0.000967851
2 0.61108 0.532457 0.645202 0.409647 0.000966994
2 0.100078 0.686282 0.200156 0.381935 0.000962429
2 0.356709 0.253409 0.478869 0.241557 0.000955745
2 0.823932 0.87104 0.329562 0.248819 0.000951623
2 0.872864 0.340264 0.254272 0.268485 0.000925535
1 0.488568 0.390003 0.903737 0.51099 0.000923735
2 0.688088 0.180444 0.617621 0.326672 0.000920983
2 0.14416 0.806666 0.288321 0.386669 0.0009181
2 0.882143 0.872408 0.235714 0.237446 0.000916286
1 0.0959525 0.866654 0.191905 0.266691 0.000905344
1 0.132806 0.0643549 0.265612 0.128696 0.000902464
2 0.945225 0.211344 0.109549 0.294345 0.00089655
2 0.886997 0.670492 0.216612 0.322067 0.000895977
1 0.738098 0.973947 0.523804 0.0519804 0.000882066
0 0.781669 0.737161 0.0253828 0.0184146 0.000880809
2 0.137647 0.403345 0.275293 0.307171 0.000875165
0 0.508248 0.120582 0.741739 0.241164 0.000871231
2 0.466942 0.242682 0.701546 0.266468 0.000864085
2 0.875733 0.190755 0.248534 0.30825 0.000861822
2 0.280443 0.327361 0.470343 0.260845 0.000860778
2 0.18367 0.318709 0.340085 0.254739 0.000859183
0 0.436863 0.947628 0.652794 0.104744 0.000854964
2 0.472181 0.373646 0.821081 0.398939 0.000853502
2 0.764924 0.787329 0.470152 0.40657 0.00085329
2 0.786479 0.843572 0.427043 0.312857 0.000853116
2 0.764816 0.882068 0.435689 0.235863 0.000847446
0 0.627471 0.984121 0.332316 0.0317589 0.000846668
0 0.143857 0.540438 0.111833 0.0525896 0.000840145
2 0.798229 0.178702 0.394939 0.328744 0.000836407
2 0.87689 0.539728 0.246219 0.260305 0.000831094
0 0.430206 0.0288703 0.588427 0.0577405 0.000828833
0 0.151495 0.969761 0.30299 0.0604784 0.000826936
0 0.189908 0.117414 0.364633 0.234827 0.00082368
0 0.13406 0.945539 0.26812 0.105014 0.000820937
1 0.442642 0.17151 0.776574 0.326519 0.000815829
2 0.41612 0.340443 0.684616 0.283044 0.000814199
1 0.881057 0.892308 0.237887 0.215385 0.000812784
0 0.401575 0.177709 0.653675 0.33025 0.000811494
0 0.388125 0.0195872 0.230764 0.0391743 0.00081135
0 0.580111 0.979626 0.363256 0.0407476 0.000810523
2 0.738 0.135847 0.515088 0.269005 0.000809501
2 0.878869 0.582157 0.235452 0.271079 0.00080836
2 0.603642 0.25143 0.689808 0.220781 0.000805651
2 0.884951 0.272442 0.230097 0.27382 0.000804361
2 0.559419 0.490137 0.881161 0.474396 0.000804131
0 0.391654 0.0059789 0.0688492 0.0119578 0.000789182
0 0.363151 0.0246636 0.198734 0.048873 0.000783224
0 0.242942 0.992969 0.139392 0.0140618 0.000783145
1 0.242666 0.151219 0.45763 0.297613 0.000781449
1 0.484481 0.235243 0.842536 0.242889 0.00077211
0 0.648927 0.062096 0.676481 0.124192 0.000771524
1 0.712721 0.618767 0.499064 0.325164 0.000769661
2 0.707503 0.520064 0.513287 0.382915 0.000767511
0 0.727293 0.0935935 0.516349 0.187187 0.000764
1 0.166357 0.950216 0.332714 0.0988752 0.000762409
0 0.293318 0.121037 0.457754 0.242073 0.000759823
1 0.155254 0.875042 0.310508 0.249917 0.000759794
0 0.722726 0.59811 0.451227 0.310731 0.000759131
2 0.332949 0.42508 0.623418 0.350199 0.000758715
2 0.69299 0.454678 0.614019 0.409813 0.000742026
0 0.222697 0.0638146 0.431645 0.127082 0.000741729
1 0.807349 0.900914 0.385303 0.19701 0.000736195
2 0.723687 0.694737 0.552057 0.459942 0.000734206
2 0.658067 0.881828 0.47028 0.236344 0.00073183
2 0.34906 0.521007 0.662388 0.327631 0.000730323
2 0.519054 0.879306 0.521341 0.241388 0.000722564
1 0.545827 0.414897 0.908346 0.383211 0.000721261
0 0.367592 0.987083 0.293525 0.025834 0.000712604
0 0.547409 0.0325434 0.691495 0.0650867 0.000703518
0 0.270984 0.0283426 0.541969 0.0566852 0.000699403
1 0.181327 0.0289004 0.362654 0.0577832 0.000696418
2 0.827304 0.708243 0.309059 0.437804 0.000695056
0 0.246336 0.945425 0.477131 0.10915 0.000694834
2 0.199238 0.40238 0.396851 0.296987 0.000685721
1 0.78329 0.0647937 0.405083 0.129384 0.000682726
1 0.849521 0.947872 0.300958 0.104256 0.000682158
2 0.132816 0.522697 0.254689 0.257007 0.000682148
2 0.928673 0.147519 0.142654 0.292255 0.000681515
2 0.776302 0.478775 0.447395 0.378292 0.000680397
0 0.4671 0.0603785 0.708925 0.12051 0.000680114
0 0.346287 0.0607275 0.514562 0.121142 0.000673509
2 0.208989 0.468344 0.417979 0.365506 0.000671935
2 0.610429 0.374346 0.779142 0.293204 0.000669952
2 0.304351 0.88097 0.512382 0.238061 0.000669015
2 0.421707 0.845992 0.653563 0.308016 0.000666104
2 0.166157 0.495303 0.332314 0.309006 0.000665093
2 0.331242 0.561335 0.591034 0.297574 0.00065965
1 0.72608 0.905688 0.547841 0.188623 0.000657736
0 0.689382 0.0303215 0.621237 0.0604215 0.000656213
2 0.459573 0.760716 0.793666 0.478568 0.000654446
0 0.178378 0.532947 0.038702 0.0350345 0.00064711
1 0.294617 0.587102 0.48227 0.28641 0.000645209
2 0.693799 0.845491 0.47543 0.309019 0.000642309
1 0.783429 0.0307465 0.433141 0.061493 0.000633157
2 0.575251 0.596039 0.671959 0.286786 0.000632166
0 0.185654 0.980559 0.326961 0.0388822 0.000627475
2 0.856153 0.136357 0.285668 0.269181 0.000625227
2 0.731765 0.264023 0.524571 0.261152 0.000624674
1 0.873098 0.0967257 0.246418 0.193451 0.000623362
2 0.803861 0.609578 0.306359 0.346095 0.000623147
2 0.146817 0.614623 0.26935 0.328293 0.000613906
2 0.704517 0.370699 0.590967 0.323163 0.000613882
0 0.78585 0.282478 0.0333878 0.0240608 0.000613041
1 0.859548 0.0703927 0.276986 0.140708 0.000609648
2 0.302875 0.837897 0.560917 0.324205 0.000600069
0 0.714964 0.985995 0.334826 0.0280094 0.000596242
2 0.789845 0.353222 0.420311 0.318534 0.000593507
0 0.111803 0.987323 0.0730946 0.0242069 0.000590307
1 0.828774 0.0355136 0.342453 0.0703065 0.000589299
2 0.816597 0.262338 0.366807 0.305634 0.00058785
0 0.429455 0.0472319 0.25194 0.0943494 0.000583505
0 0.595224 0.937028 0.641497 0.125945 0.000582991
0 0.527105 0.977349 0.308339 0.0452041 0.000568244
0 0.461753 0.0536397 0.243361 0.107211 0.00056531
0 0.670308 0.918998 0.637118 0.162003 0.000563799
2 0.897339 0.111675 0.205323 0.223351 0.000556702
0 0.901768 0.987938 0.183211 0.0241235 0.000554532
0 0.293602 0.0158216 0.280476 0.0315015 0.000548909
0 0.748915 0.872792 0.141395 0.104638 0.000547878
0 0.396108 0.982403 0.312896 0.0351934 0.000543963
2 0.791403 0.532329 0.337207 0.301933 0.000542605
0 0.245249 0.983405 0.138562 0.0331903 0.000537766
0 0.161741 0.529727 0.0726972 0.0401195 0.000537254
1 0.194615 0.886642 0.388249 0.226715 0.000525179
2 0.258455 0.752243 0.51691 0.465879 0.000516782
0 0.844709 0.416111 0.0589024 0.0483867 0.000512043
2 0.165425 0.650439 0.315302 0.325669 0.000511438
2 0.221822 0.699258 0.44163 0.400323 0.000509231
1 0.849541 0.0529326 0.300917 0.103385 0.000507957
0 0.783593 0.732776 0.0319476 0.0208045 0.000504858
2 0.401014 0.702388 0.761053 0.402893 0.000503492
1 0.535408 0.542184 0.548841 0.3643 0.000499142
0 0.123644 0.991118 0.0599379 0.0177646 0.00047635
0 0.598232 0.292138 0.0623051 0.0267826 0.000473594
1 0.354243 0.626504 0.630275 0.289722 0.000469922
0 0.0534621 0.959492 0.0388284 0.0294994 0.000461911
0 0.818403 0.940117 0.106145 0.111472 0.000458617
0 0.880393 0.503735 0.069922 0.0317909 0.000458041
0 0.594932 0.299634 0.0684684 0.038799 0.000455985
0 0.635653 0.976131 0.297515 0.0477389 0.000454937
0 0.349251 0.993181 0.0711492 0.0136391 0.000454013
0 0.862666 0.502871 0.0660012 0.0318468 0.000452285
0 0.567255 0.973841 0.301859 0.0519001 0.000447641
0 0.782701 0.987266 0.311119 0.0254679 0.000444012
0 0.820668 0.108423 0.0307332 0.0213283 0.00044036
0 0.266072 0.99335 0.102825 0.0133005 0.000427922
0 0.305987 0.993453 0.109604 0.0130934 0.000422704
0 0.443941 0.0253249 0.260894 0.0506498 0.000413506
0 0.183165 0.878174 0.0461467 0.034134 0.0004125
0 0.700223 0.994346 0.089921 0.0113081 0.000412168
0 0.445322 0.974147 0.296569 0.0512031 0.000409445
0 0.549433 0.0503504 0.0416652 0.0309795 0.000407241
0 0.504222 0.973063 0.207184 0.0535439 0.00039671
1 0.370776 0.974198 0.271065 0.0516039 0.000382679
0 0.726109 0.884473 0.170476 0.0892616 0.000376147
0 0.2983 0.0231429 0.284968 0.0442823 0.000371755
1 0.270756 0.97112 0.225012 0.0577595 0.000371084
0 0.464064 0.581577 0.403676 0.287531 0.000370853
0 0.852291 0.986354 0.295418 0.0272913 0.000368393
0 0.215468 0.98602 0.315554 0.0279602 0.000367777
0 0.29008 0.9933 0.0814756 0.0133995 0.000363882
0 0.736331 0.868209 0.134889 0.0625584 0.000362913
0 0.0834589 0.965198 0.127697 0.0696043 0.000361361
0 0.856494 0.493222 0.0877714 0.0492893 0.000361089
0 0.216575 0.379591 0.0840384 0.040229 0.000354203
0 0.362793 0.993027 0.0534594 0.0139452 0.000352789
0 0.0648447 0.0144436 0.129689 0.0288871 0.000347301
0 0.545813 0.481956 0.180495 0.0577427 0.000341779
1 0.0234116 0.714171 0.0468233 0.0977038 0.000341143
1 0.244536 0.871718 0.138686 0.0724605 0.00033977
0 0.340209 0.00937216 0.165882 0.0187443 0.000338187
0 0.765543 0.213988 0.0699849 0.0283532 0.000338059
1 0.232231 0.879557 0.164028 0.0799549 0.000337881
0 0.176021 0.0381144 0.0891158 0.0625422 0.000336644
1 0.064487 0.340915 0.0606345 0.0202786 0.000334118
0 0.531014 0.0456831 0.0957945 0.0890205 0.000332834
0 0.910937 0.983511 0.178127 0.0329787 0.000331193
0 0.786472 0.269948 0.0496196 0.045306 0.000330913
0 0.841552 0.432779 0.0714958 0.0800354 0.000330733
0 0.542208 0.495583 0.185477 0.0797672 0.000330681
0 0.944966 0.994001 0.0527861 0.0119975 0.000330632
0 0.738956 0.934347 0.0464284 0.026268 0.000330415
0 0.574451 0.913776 0.0833716 0.0434473 0.000329856
0 0.932409 0.994259 0.0512357 0.0114813 0.000326819
0 0.654325 0.301001 0.0778948 0.0432398 0.000325119
0 0.418241 0.550631 0.281957 0.191103 0.000323304
0 0.519319 0.335281 0.0570681 0.0282448 0.00032222
0 0.391279 0.0127437 0.0960032 0.0254874 0.000320406
1 0.0532127 0.715995 0.0969373 0.0501038 0.000319673
2 0.535499 0.496605 0.191 0.0809876 0.000318391
1 0.995413 0.544508 0.00917487 0.196146 0.000317852
0 0.931468 0.232023 0.0378663 0.0248891 0.000316882
0 0.325032 0.289889 0.0306418 0.0155412 0.000315735
0 0.495692 0.334758 0.075815 0.0358402 0.000313801
0 0.754453 0.863173 0.129957 0.0765636 0.000312664
0 0.787633 0.907166 0.151437 0.150795 0.000311565
1 0.995913 0.636598 0.00817377 0.179568 0.000309934
0 0.885678 0.914766 0.228643 0.170469 0.000309896
0 0.682973 0.0456519 0.336128 0.0895121 0.000308822
0 0.187545 0.380061 0.0623306 0.0364633 0.000308434
0 0.144392 0.550569 0.10991 0.0447596 0.000307834
0 0.172575 0.0442588 0.0488013 0.0496085 0.00030674
0 0.796079 0.929375 0.140966 0.12571 0.000304389
0 0.332581 0.989241 0.114882 0.0214912 0.00030354
0 0.12077 0.0220248 0.241541 0.0440495 0.000301856
1 0.0325776 0.8429 0.0651553 0.222393 0.000301201
0 0.155394 0.0368049 0.145786 0.0708262 0.000298902
0 0.255425 0.986846 0.12764 0.0263087 0.000298184
0 0.542712 0.0239262 0.180776 0.0478524 0.000297747
0 0.901576 0.7428 0.185249 0.0661909 0.000297372
0 0.833077 0.902885 0.174895 0.194229 0.000297292
0 0.611274 0.292094 0.0565171 0.0241046 0.000297233
0 0.877027 0.500269 0.110599 0.0694068 0.000297174
0 0.356593 0.98967 0.0983754 0.0206607 0.000296177
0 0.735647 0.0373658 0.264462 0.0743169 0.000294762
1 0.324723 0.967058 0.293311 0.0658831 0.000294628
0 0.564457 0.993844 0.0478849 0.0123129 0.000294583
0 0.672963 0.156788 0.130916 0.0847728 0.000294112
1 0.232401 0.934743 0.246847 0.130515 0.000294048
0 0.733203 0.883243 0.184051 0.149797 0.000293988
1 0.0414318 0.354522 0.0659284 0.0498081 0.000290698
0 0.106082 0.015499 0.212164 0.030998 0.000289105
1 0.0864595 0.82118 0.109322 0.148542 0.000288721
1 0.00214979 0.394606 0.00429958 0.130859 0.000287791
0 0.58828 0.214299 0.0302167 0.0178616 0.000287086
1 0.995943 0.590854 0.0081134 0.174592 0.000286129
0 0.610685 0.300092 0.0598257 0.0375797 0.00028594
0 0.811481 0.280338 0.0498152 0.0299044 0.000284759
0 0.170772 0.0233616 0.177526 0.0464569 0.000284663
0 0.67558 0.944109 0.184909 0.0985657 0.000283052
0 0.272713 0.9865 0.293132 0.0269996 0.000280154
0 0.347764 0.00675324 0.158165 0.0135065 0.000279377
0 0.372481 0.993289 0.0886851 0.0134215 0.000278398
1 0.0342206 0.372283 0.0634619 0.113013 0.000278343
