0 0.675019 0.548405 0.156864 0.339555 0.982207
0 0.350893 0.390151 0.419314 0.483623 0.941115
0 0.716174 0.649786 0.0680998 0.123265 0.00367937
0 0.456587 0.575939 0.0713579 0.125118 0.00284444
2 0.0703556 0.296272 0.140711 0.551115 0.00196561
0 0.808863 0.594143 0.0230474 0.0316126 0.00174108
1 0.641109 0.305305 0.585694 0.61061 0.0017261
0 0.975383 0.695197 0.0415554 0.050641 0.00167153
0 0.721853 0.545639 0.254755 0.353159 0.00163245
0 0.669057 0.440675 0.182404 0.572634 0.00158874
0 0.676263 0.617381 0.154802 0.200988 0.00157691
1 0.0918644 0.234041 0.183729 0.468083 0.00154796
0 0.438384 0.396055 0.254375 0.508754 0.00148866
1 0.0462606 0.328663 0.0925212 0.597145 0.00146861
2 0.796014 0.505903 0.342254 0.655359 0.00145417
1 0.714627 0.210704 0.48722 0.421407 0.00137984
2 0.0501498 0.28968 0.0996421 0.558846 0.00136047
2 0.713088 0.316984 0.423645 0.633968 0.00133818
1 0.5099 0.316082 0.669379 0.632164 0.00131306
1 0.182489 0.227175 0.364978 0.454351 0.00129198
2 0.787698 0.373165 0.424603 0.74633 0.00128984
1 0.297961 0.27556 0.595922 0.551121 0.00128633
0 0.790059 0.56745 0.313798 0.498249 0.00123591
2 0.0447951 0.404832 0.0895901 0.635769 0.00121791
2 0.7564 0.44781 0.353812 0.68969 0.00120587
1 0.0549628 0.248637 0.109327 0.497273 0.00119433
1 0.648556 0.0637044 0.575844 0.127409 0.00119221
2 0.971744 0.617501 0.0565123 0.475015 0.00118851
0 0.970122 0.563984 0.0597563 0.527046 0.00114305
1 0.0658472 0.203782 0.131694 0.407563 0.00113502
1 0.381875 0.297827 0.597207 0.595655 0.0011114
0 0.01078 0.658904 0.0213627 0.0680234 0.00110717
2 0.0741811 0.442771 0.148071 0.654751 0.00110245
2 0.844175 0.492279 0.311651 0.716747 0.00110169
1 0.538781 0.0639577 0.63494 0.127915 0.00109898
0 0.504516 0.244954 0.115528 0.193038 0.00109147
1 0.744367 0.144154 0.449498 0.288308 0.00108451
0 0.392105 0.292755 0.355096 0.500304 0.0010705
0 0.856311 0.536006 0.277301 0.662873 0.00106923
0 0.493213 0.383184 0.400309 0.538102 0.00106786
0 0.807639 0.164594 0.384723 0.329189 0.00106517
0 0.77285 0.256935 0.454301 0.513869 0.00105985
0 0.712053 0.608764 0.0745374 0.175115 0.00104722
2 0.970308 0.723445 0.0593838 0.371932 0.0010459
1 0.688995 0.0481397 0.542436 0.0962794 0.00103995
1 0.203718 0.0870498 0.407435 0.1741 0.00103553
2 0.190012 0.918625 0.376853 0.162749 0.00101667
2 0.0384943 0.667512 0.0769886 0.517889 0.00099845
1 0.25571 0.0742493 0.51142 0.148499 0.000992563
2 0.68282 0.417371 0.246298 0.676374 0.000991393
0 0.911229 0.503958 0.171452 0.684949 0.000984307
2 0.620953 0.336681 0.450055 0.673363 0.000979515
1 0.146668 0.111867 0.293336 0.223734 0.000978934
0 0.500895 0.214424 0.106661 0.135224 0.000973207
0 0.676934 0.635247 0.16117 0.517896 0.000971499
0 0.0448538 0.485491 0.0897077 0.667857 0.000969386
0 0.414486 0.408057 0.395834 0.528141 0.000964577
1 0.328764 0.0676282 0.608922 0.135256 0.000930126
0 0.6775 0.679735 0.147462 0.0771775 0.000929748
0 0.9741 0.680991 0.0498134 0.186996 0.000917803
2 0.0503633 0.764764 0.100727 0.349541 0.000903485
2 0.890331 0.713458 0.218921 0.381625 0.000899301
2 0.519382 0.781827 0.620443 0.436346 0.000898928
0 0.827903 0.331871 0.344195 0.663742 0.000893955
0 0.970249 0.418912 0.0595026 0.546633 0.000892446
2 0.410254 0.915399 0.55961 0.169202 0.000891392
2 0.477456 0.831976 0.597695 0.336049 0.000888443
2 0.11372 0.287045 0.22744 0.536623 0.000871032
2 0.090229 0.805303 0.180458 0.307656 0.000862363
1 0.83981 0.728776 0.32038 0.349342 0.000861704
1 0.0976536 0.851171 0.195307 0.271903 0.000859247
0 0.467146 0.589693 0.629038 0.820614 0.00085733
0 0.956614 0.79493 0.0867719 0.340825 0.000852767
2 0.290763 0.818682 0.536105 0.362636 0.00085078
0 0.102578 0.524153 0.204945 0.706809 0.000849473
1 0.589235 0.81293 0.617257 0.374141 0.000847544
1 0.8594 0.633155 0.279279 0.507449 0.000842013
2 0.0902312 0.718147 0.180462 0.501228 0.000841614
2 0.878157 0.796343 0.242063 0.316895 0.000834588
0 0.789339 0.90599 0.421322 0.188021 0.000827235
2 0.919787 0.619111 0.153452 0.5457 0.000820749
1 0.124425 0.929182 0.248851 0.141636 0.000819895
2 0.300279 0.91654 0.589381 0.16692 0.000811853
0 0.620887 0.778914 0.547634 0.442171 0.000811359
1 0.728086 0.0358392 0.516212 0.0716785 0.000799703
2 0.890471 0.380067 0.216427 0.697113 0.000783596
0 0.969801 0.327302 0.060398 0.531035 0.000772536
0 0.795677 0.112014 0.408645 0.224029 0.000768096
1 0.837141 0.812578 0.325719 0.305172 0.000767442
0 0.519742 0.474457 0.503919 0.465698 0.000764118
0 0.235059 0.968979 0.433231 0.0620418 0.00076203
1 0.438897 0.791205 0.602703 0.41759 0.0007597
1 0.100927 0.122734 0.201853 0.245469 0.000758559
0 0.979119 0.670869 0.0408897 0.134813 0.000756173
0 0.880982 0.140603 0.233833 0.281206 0.000753067
0 0.858369 0.907571 0.283263 0.184857 0.000751273
1 0.0920382 0.922143 0.184076 0.153479 0.000750175
1 0.0731469 0.827383 0.146021 0.28873 0.000748072
0 0.455534 0.550809 0.0520708 0.0786696 0.000746845
0 0.523873 0.589715 0.653389 0.642656 0.000746094
2 0.102119 0.651757 0.203847 0.555761 0.00074565
2 0.615773 0.354737 0.347834 0.59818 0.00074315
2 0.529962 0.912574 0.597592 0.174851 0.000735807
2 0.749717 0.901225 0.496123 0.19755 0.000735287
1 0.128737 0.333063 0.257473 0.521043 0.000727186
0 0.164607 0.965375 0.327412 0.0692503 0.000722481
1 0.310184 0.783516 0.535318 0.432967 0.000721904
0 0.923865 0.870116 0.152269 0.259767 0.000717689
2 0.655825 0.907502 0.555397 0.184996 0.000716616
0 0.351775 0.970228 0.484849 0.0595433 0.000710896
2 0.967526 0.231673 0.0649486 0.463347 0.000702204
0 0.77768 0.974758 0.444641 0.0504849 0.000688619
0 0.452764 0.970814 0.473248 0.0583723 0.000683357
1 0.134756 0.840009 0.269512 0.319981 0.000682124
2 0.732891 0.974621 0.464128 0.0507575 0.000681807
0 0.453443 0.269533 0.294559 0.539065 0.000672947
0 0.743134 0.661576 0.309855 0.546504 0.00067211
1 0.326731 0.68948 0.503339 0.62104 0.000670723
2 0.879059 0.269949 0.23882 0.539899 0.000659464
0 0.727626 0.761864 0.412473 0.476272 0.000658982
0 0.844345 0.972891 0.31131 0.0542186 0.000658818
0 0.793511 0.597092 0.0461353 0.0613482 0.000653315
0 0.953445 0.158896 0.0931105 0.317792 0.000648706
0 0.539405 0.971796 0.505364 0.0564076 0.000639697
0 0.731558 0.689245 0.036265 0.0525753 0.000635442
0 0.976074 0.145517 0.0443821 0.0591424 0.000622219
0 0.0993188 0.954186 0.198638 0.0916278 0.000617488
0 0.450466 0.278475 0.226357 0.266342 0.000617425
0 0.201047 0.506211 0.40191 0.631517 0.000616194
2 0.631128 0.973882 0.484369 0.0522352 0.000615377
0 0.010783 0.646503 0.0215659 0.11181 0.000611757
1 0.149405 0.418343 0.294823 0.548958 0.000603509
0 0.62433 0.499744 0.0352558 0.0447188 0.000602463
1 0.169871 0.72125 0.339743 0.517098 0.000583409
0 0.0617317 0.468346 0.0178223 0.0380997 0.000582354
0 0.985558 0.440651 0.0284653 0.256816 0.000581662
2 0.257005 0.79386 0.4936 0.412279 0.000579081
0 0.812398 0.824609 0.375204 0.331779 0.000576681
0 0.577796 0.712986 0.561686 0.515838 0.000572631
0 0.781576 0.796133 0.436848 0.407734 0.000564877
0 0.905467 0.956469 0.189067 0.0870619 0.000560232
0 0.373105 0.577369 0.121543 0.100787 0.000557573
2 0.232704 0.299884 0.459385 0.552431 0.000556046
1 0.788438 0.0311817 0.423123 0.0623634 0.000551915
0 0.632012 0.635847 0.258864 0.531122 0.000551328
0 0.732781 0.696492 0.0318195 0.044541 0.000543405
0 0.475455 0.268075 0.169807 0.247427 0.000541757
2 0.13143 0.800495 0.26286 0.350831 0.000536931
0 0.978116 0.668777 0.0436732 0.314874 0.000528055
0 0.816047 0.144199 0.0231554 0.0326211 0.00051882
1 0.213425 0.644695 0.424591 0.535762 0.000516241
0 0.0151757 0.95242 0.0303513 0.0951609 0.000512823
0 0.980325 0.157043 0.0391376 0.149685 0.000503704
0 0.858263 0.0354916 0.283474 0.0709833 0.000499204
0 0.225232 0.380955 0.18078 0.433989 0.000496201
0 0.093199 0.735262 0.0358436 0.0484548 0.000489285
0 0.911794 0.131923 0.175782 0.263846 0.000484315
0 0.394562 0.394558 0.271691 0.42881 0.000476943
0 0.294084 0.397912 0.307965 0.449748 0.000460904
0 0.897388 0.0635218 0.205224 0.127044 0.000452765
2 0.266059 0 0.176247 0 0.000442727
2 0.439757 0 0.16616 0 0.000440841
1 0.287516 0.578862 0.529556 0.571299 0.00043577
2 0.189962 0 0.174387 0 0.000433579
0 0.345493 0.511974 0.430915 0.566623 0.000431262
2 0.393443 0 0.176761 0 0.000424476
2 0.139044 0 0.183606 0 0.000421364
0 0.190229 0.372595 0.0911621 0.301734 0.000420983
0 0.0118311 0.492934 0.0236621 0.208214 0.000410367
0 0.687635 0.646588 0.127041 0.139414 0.000405418
0 0.0394325 0.458088 0.0613831 0.103585 0.000404398
0 0.97792 0.940974 0.0439595 0.118052 0.000402109
2 0.012634 0.124478 0.0249226 0.22671 0.000399883
0 0.985291 0.510365 0.0293369 0.302636 0.00039769
1 0.287281 0.372858 0.356328 0.5713 0.000395374
2 0.489966 0.000265032 0.164035 0.000530065 0.000395095
2 0.315944 0 0.17484 0 0.000394333
0 0.207692 0.991741 0.222839 0.0165185 0.000390878
0 0.980401 0.70826 0.0390457 0.189239 0.000389771
2 0.1991 0.347383 0.253538 0.464128 0.000383047
0 0.272913 0.90753 0.102581 0.136495 0.000380693
0 0.157277 0.993428 0.185638 0.0131432 0.000380621
0 0.403741 0.581898 0.183983 0.10164 0.000380227
0 0.011166 0.548148 0.022332 0.277637 0.000379237
0 0.53223 0.561242 0.505433 0.353406 0.000377788
0 0.755557 0.636346 0.114274 0.1281 0.000375204
0 0.444681 0.580648 0.112034 0.116684 0.00037366
0 0.854768 0.786664 0.0415699 0.0688128 0.000372145
0 0.361868 0.993989 0.183805 0.0120222 0.000369166
0 0.0593261 0.459225 0.0281883 0.0496334 0.00036814
0 0.984144 0.390866 0.0314972 0.327747 0.000365855
0 0.0100839 0.369002 0.0201679 0.262507 0.00036457
1 0.928841 8.21985e-05 0.142318 0.000164397 0.000356941
0 0.0642278 0.989199 0.126111 0.0216016 0.000356543
0 0.258233 0.992195 0.174471 0.0156102 0.000350098
0 0.980762 0.618284 0.0384757 0.396215 0.000349928
0 0.983687 0.861779 0.0322819 0.239542 0.000349467
0 0.216524 0.374677 0.144135 0.303522 0.000346955
0 0.0243932 0.981032 0.0487864 0.037935 0.000346341
0 0.0104426 0.449713 0.0208853 0.155732 0.000346114
0 0.813082 0.994087 0.17714 0.0118267 0.00034565
0 0.959447 0.989645 0.0811056 0.0207101 0.000341691
0 0.465148 0.993374 0.182483 0.0132529 0.000340116
0 0.706818 0.995363 0.165021 0.00927484 0.000335787
0 0.113667 0.993804 0.169152 0.0123929 0.000333704
0 0.416307 0.994324 0.18924 0.0113511 0.000331819
0 0.981342 0.203848 0.03703 0.243802 0.000328412
0 0.723134 0.421615 0.113914 0.113125 0.00032514
2 0.797505 0 0.169658 0 0.000325033
2 0.0868986 0 0.165698 0 0.000323733
2 0.868736 0.000513587 0.177073 0.00102717 0.000320736
0 0.564069 0.994941 0.16662 0.0101188 0.00032018
2 0.123668 0.102191 0.162947 0.187181 0.00032013
0 0.928614 0.991186 0.142771 0.0176286 0.000319628
2 0.541526 0 0.164983 0 0.000317446
1 0.893198 0.000323627 0.173949 0.000647255 0.000317254
0 0.857989 0.992791 0.167611 0.0144189 0.00031666
0 0.283819 0.993539 0.159654 0.0129228 0.000316576
0 0.0885618 0.99435 0.159647 0.0113004 0.000316243
0 0.843773 0.783753 0.0608905 0.0731276 0.000316228
0 0.514702 0.993538 0.173364 0.0129235 0.000315269
0 0.88429 0.213027 0.0284729 0.0385452 0.000314731
2 0.154158 0.103859 0.168612 0.190134 0.000314682
0 0.982451 0.304237 0.0350295 0.378259 0.000314371
2 0.822924 0 0.162388 0 0.000314332
0 0.762954 0.994138 0.180022 0.0117244 0.000313447
0 0.982101 0.822964 0.0355688 0.287709 0.000312538
0 0.453909 0.558307 0.0603807 0.100445 0.000311467
2 0.023431 0.106771 0.0467889 0.195888 0.000310317
0 0.00973422 0.234642 0.0194684 0.231557 0.000309337
0 0.663415 0.995506 0.175781 0.00898846 0.000309313
0 0.628619 0.514879 0.0448641 0.0741489 0.000308243
0 0.615179 0.995697 0.173314 0.00860492 0.000307863
0 0.0106873 0.615689 0.0213745 0.213396 0.000307731
0 0.42005 0.503471 0.21158 0.277526 0.000305803
0 0.975951 0.971301 0.048098 0.0573983 0.00030557
0 0.884575 0.99087 0.164102 0.0182596 0.000304484
0 0.0111835 0.929841 0.0223671 0.118008 0.000303546
0 0.382142 0.282639 0.197512 0.231083 0.000303425
0 0.592083 0.675951 0.13141 0.08427 0.000302508
0 0.455592 0.562307 0.133446 0.154252 0.000301747
0 0.263795 0.383151 0.255327 0.321904 0.000301523
0 0.195093 0.467831 0.0998259 0.112888 0.000300771
0 0.961627 0.128429 0.0761204 0.256857 0.000300599
2 0.59199 0 0.167768 0 0.000299129
0 0.314643 0.992355 0.167088 0.015291 0.000297764
0 0.591228 0.0772277 0.038009 0.0841529 0.000295985
0 0.0635804 0.949976 0.126632 0.100049 0.000295454
0 0.459076 0.322355 0.167668 0.341192 0.000293741
0 0.956192 0.683147 0.0856714 0.117921 0.000289854
2 0.746661 0 0.189148 0 0.000288622
0 0.00975409 0.283254 0.0195082 0.273495 0.000286765
0 0.444038 0.658412 0.111883 0.0508624 0.000285176
0 0.306507 0.34757 0.279273 0.291628 0.00028225
2 0.668744 0.0899214 0.0253933 0.0495769 0.000282162
0 0.353933 0.304712 0.36509 0.256222 0.000281699
0 0.953042 0.179935 0.0939158 0.167851 0.000281578
0 0.412824 0.549547 0.22355 0.178163 0.000281343
0 0.434521 0.59625 0.13063 0.0856747 0.000280869
0 0.913667 0.349472 0.063734 0.0923634 0.000279835
0 0.976141 0.149987 0.0477181 0.299974 0.000278253
0 0.0107237 0.696186 0.0214474 0.187001 0.000277437
0 0.94833 0.683241 0.10334 0.261166 0.000277285
1 0.056164 0.0105827 0.112328 0.0211655 0.000274914
2 0.759022 0.119775 0.121177 0.215023 0.000269829
0 0.487696 0.700625 0.059684 0.0517552 0.000269259
0 0.981275 0.775472 0.0374495 0.292816 0.000269034
0 0.970899 0.635286 0.0575918 0.36017 0.000267684
0 0.60787 0.678952 0.114255 0.069082 0.00026658
2 0.396919 0.661971 0.214725 0.105507 0.000266468
2 0.0915219 0.100042 0.1394 0.18253 0.000263268
1 0.952802 0.00231564 0.0943958 0.00463129 0.000261902
0 0.28625 0.907529 0.085678 0.152991 0.000261398
2 0.0443443 0.111362 0.0847961 0.222723 0.000261335
0 0.731778 0.678082 0.0376374 0.0740032 0.000259592
2 0.673636 0.081379 0.0359769 0.0540108 0.000259073
2 0.0111506 0.147928 0.0221407 0.295857 0.000258779
0 0.790087 0.160705 0.0406391 0.0586585 0.000258604
0 0.319422 0.374487 0.386058 0.327948 0.000257814
0 0.0385987 0.46026 0.0624586 0.144398 0.00025703
0 0.276974 0.880503 0.115366 0.238994 0.000255405
2 0.352145 0.0448501 0.151436 0.0805787 0.000255209
0 0.909015 0.489484 0.0450868 0.0689336 0.000253549
0 0.84481 0.797004 0.0539766 0.0589023 0.000253314
0 0.821772 0.776064 0.0633311 0.0659254 0.000253179
2 0.662808 0 0.169731 0 0.000252919
0 0.813168 0.15613 0.0401474 0.0616181 0.000251951
0 0.009945 0.848922 0.01989 0.240082 0.00025187
0 0.802353 0.611839 0.038257 0.0745414 0.000251113
2 0.637776 0.910687 0.369998 0.152497 0.000251046
0 0.972842 0.191109 0.0539959 0.245997 0.00024973
0 0.0103315 0.188238 0.020663 0.279861 0.000248859
2 0.2784 0.0975858 0.166925 0.176099 0.000248672
0 0.800816 0.143901 0.0502497 0.0382111 0.00024626
2 0.254865 0.0898207 0.15242 0.161734 0.000245398
2 0.402712 0.0427496 0.159571 0.0768062 0.000245359
0 0.236801 0.900849 0.193204 0.198301 0.000244641
2 0.07938 0.141664 0.15876 0.283329 0.000243712
0 0.0110045 0.887167 0.022009 0.180074 0.000242993
2 0.97467 0.0109678 0.0506596 0.0219355 0.000242868
