1 0.74608 0.421311 0.315074 0.292632 0.942785
1 0.958704 0.13461 0.0724356 0.0474272 0.577007
1 0.95957 0.122999 0.0730584 0.0741637 0.0993633
0 0.978148 0.720476 0.0370282 0.0421337 0.0897048
0 0.929026 0.301988 0.0345421 0.0221172 0.0373558
0 0.58004 0.145983 0.0439724 0.0233246 0.0166056
0 0.391977 0.867537 0.030628 0.0228081 0.00546723
0 0.279981 0.620566 0.0568074 0.0292311 0.00314063
0 0.397239 0.866728 0.03145 0.0197481 0.00312115
0 0.289872 0.624489 0.0381268 0.0326661 0.00223328
1 0.923434 0.132777 0.144929 0.05775 0.00216105
1 0.961097 0.118024 0.0778066 0.0842859 0.00208735
0 0.297644 0.625855 0.02724 0.0199102 0.00180173
1 0.82206 0.420932 0.355879 0.300463 0.00171782
0 0.392431 0.870456 0.0347305 0.028828 0.00164112
0 0.80159 0.0913017 0.023071 0.0190831 0.00160534
2 0.758504 0.535658 0.414987 0.442236 0.00147987
1 0.961033 0.129452 0.0779338 0.0583293 0.00138748
0 0.962016 0.11298 0.0653499 0.0570186 0.00136691
2 0.940631 0.667989 0.118737 0.374294 0.00122711
1 0.743095 0.0710538 0.500925 0.142108 0.00122699
2 0.946479 0.736405 0.107042 0.381806 0.0011979
2 0.88581 0.298303 0.228379 0.393987 0.00111718
1 0.835066 0.354391 0.329868 0.368124 0.00109481
1 0.228783 0.882371 0.406832 0.234536 0.00109245
1 0.129914 0.0984217 0.259827 0.196843 0.00107483
0 0.57651 0.14609 0.0536252 0.027844 0.00107019
2 0.537198 0.256308 0.82088 0.494033 0.00105768
1 0.139979 0.055538 0.279959 0.111076 0.00104696
1 0.826872 0.0786691 0.346256 0.157338 0.00103924
1 0.160018 0.877273 0.320036 0.244299 0.00103846
0 0.788713 0.940284 0.0302015 0.0271732 0.00103633
0 0.739428 0.940177 0.126806 0.0315143 0.00103429
2 0.517184 0.188817 0.844231 0.377633 0.00101812
2 0.0948564 0.157682 0.189713 0.298125 0.00101722
0 0.284213 0.887855 0.425091 0.222976 0.00100982
2 0.0745635 0.239113 0.149127 0.377547 0.00100062
2 0.52804 0.453884 0.522823 0.377398 0.000999932
1 0.448825 0.0701077 0.760442 0.140215 0.000998758
1 0.272782 0.0585997 0.545564 0.117199 0.000994089
2 0.132497 0.158309 0.264994 0.306276 0.000979459
2 0.905925 0.593158 0.188151 0.413692 0.000977383
0 0.282819 0.946013 0.522792 0.107974 0.000974407
2 0.930469 0.216938 0.139062 0.301672 0.000959019
1 0.162601 0.944737 0.325202 0.108952 0.000949777
0 0.930111 0.483799 0.0273562 0.0188699 0.000939683
2 0.586218 0.432051 0.66941 0.434958 0.000936052
2 0.707222 0.840117 0.574675 0.263866 0.000933023
2 0.636301 0.597484 0.674155 0.461481 0.000931019
2 0.761197 0.493533 0.477606 0.446239 0.000926845
1 0.655267 0.875424 0.650599 0.234775 0.000905662
2 0.852057 0.510416 0.295886 0.436515 0.000901875
2 0.814781 0.565347 0.370437 0.479434 0.000900698
2 0.815657 0.249131 0.368685 0.372842 0.000891848
1 0.255377 0.974806 0.507158 0.0503879 0.000885163
2 0.582979 0.329391 0.776265 0.505191 0.000881024
1 0.0481374 0.440415 0.0962748 0.474658 0.000878543
2 0.0650616 0.307335 0.130123 0.402748 0.000876436
2 0.129549 0.25719 0.259098 0.408111 0.000874488
1 0.594492 0.0642977 0.68142 0.128595 0.000868694
0 0.915574 0.300686 0.0655154 0.0346323 0.000864605
2 0.182567 0.161376 0.365134 0.308891 0.000861917
0 0.266706 0.0266323 0.533413 0.0532646 0.000858428
2 0.959027 0.124748 0.074073 0.0819065 0.000857414
1 0.313284 0.0260745 0.626568 0.0521491 0.000857361
1 0.0354747 0.779785 0.0709494 0.440431 0.000856448
1 0.044619 0.606116 0.0892379 0.44336 0.000853719
0 0.057902 0.356971 0.115804 0.436447 0.00085266
2 0.287131 0.855087 0.376708 0.279879 0.000842074
1 0.723142 0.02542 0.553717 0.05084 0.000838745
1 0.812716 0.0268061 0.374567 0.0536123 0.000838344
0 0.375841 0.897609 0.611325 0.202094 0.000837167
1 0.0451312 0.745911 0.0902624 0.467367 0.000828151
1 0.0981027 0.859683 0.196205 0.280634 0.000827281
2 0.425425 0.520204 0.423277 0.44388 0.000826842
2 0.736396 0.220716 0.527207 0.441432 0.000825569
0 0.410931 0.950572 0.697746 0.0979248 0.000821296
2 0.683007 0.702294 0.573145 0.410832 0.000815642
0 0.922954 0.300751 0.0525272 0.0247436 0.000811446
1 0.532901 0.953375 0.65317 0.0860102 0.000808945
0 0.390751 0.0257319 0.735582 0.0514638 0.000795733
0 0.167037 0.101862 0.334074 0.203724 0.000793659
1 0.84227 0.449177 0.315461 0.327899 0.000791755
2 0.889303 0.75094 0.213165 0.405988 0.000789332
2 0.877612 0.675299 0.244776 0.455028 0.000788959
1 0.180605 0.0277657 0.361211 0.0555314 0.000788798
0 0.166859 0.68431 0.333717 0.444022 0.000787048
0 0.162463 0.544635 0.324926 0.463355 0.000786416
2 0.331679 0.516357 0.299356 0.419693 0.000786172
2 0.134988 0.322865 0.269975 0.394181 0.000784942
2 0.420727 0.124586 0.783521 0.249172 0.000777319
1 0.509169 0.110416 0.739743 0.220833 0.000776843
2 0.608893 0.108687 0.648428 0.21017 0.00076588
1 0.198258 0.851997 0.353821 0.279935 0.000762386
1 0.150826 0.809622 0.301653 0.380757 0.000755122
2 0.562681 0.645687 0.733189 0.493083 0.000753662
2 0.670512 0.768857 0.593791 0.369261 0.000748111
0 0.157873 0.465674 0.315746 0.45321 0.000747536
2 0.591537 0.821718 0.579479 0.290968 0.00074735
1 0.989198 0.141706 0.0193354 0.0551118 0.000744295
2 0.24653 0.254142 0.37183 0.37349 0.000743511
2 0.327596 0.433382 0.307028 0.447342 0.000741505
2 0.261646 0.524322 0.273329 0.426425 0.000741092
2 0.556394 0.524831 0.655234 0.354352 0.000738886
0 0.229078 0.671907 0.324076 0.388126 0.000736202
2 0.269274 0.116449 0.480275 0.232899 0.000732184
1 0.677296 0.112501 0.613893 0.225001 0.000731273
1 0.434564 0.968175 0.647067 0.0630842 0.000730685
1 0.171727 0.970188 0.343455 0.0596235 0.000724092
2 0.446182 0.443535 0.489796 0.477727 0.000721981
1 0.740481 0.861407 0.462648 0.264684 0.000720703
2 0.37849 0.853936 0.516216 0.280898 0.000717729
0 0.961913 0.104559 0.0641185 0.0394209 0.000717202
0 0.229832 0.581856 0.30513 0.37654 0.000716001
0 0.67052 0.0252094 0.645899 0.0504188 0.000715955
0 0.0658939 0.207531 0.0393984 0.0314259 0.000714043
1 0.913119 0.152373 0.168039 0.103309 0.000708744
2 0.754195 0.296464 0.459918 0.507616 0.000705248
2 0.255207 0.427838 0.290719 0.423819 0.000701753
2 0.464453 0.851731 0.593266 0.26361 0.000697681
2 0.210391 0.107317 0.420783 0.214635 0.000693909
0 0.276714 0.622601 0.0674239 0.0392052 0.00069384
2 0.326816 0.17818 0.476123 0.345524 0.000693459
0 0.2218 0.735612 0.345803 0.421533 0.000690323
2 0.758713 0.759961 0.458057 0.395524 0.000679578
0 0.383776 0.868119 0.0473488 0.0264849 0.00067942
2 0.640168 0.194128 0.661185 0.366278 0.000679209
0 0.533079 0.901351 0.679882 0.177081 0.000678108
2 0.329547 0.253108 0.413728 0.407325 0.000676935
0 0.0548739 0.0128743 0.109748 0.0257486 0.000676105
1 0.701338 0.950952 0.578727 0.0956733 0.000675995
0 0.0665739 0.207037 0.0464123 0.0392627 0.000674993
0 0.52391 0.0254075 0.717655 0.050815 0.000674442
0 0.218893 0.472115 0.301376 0.40117 0.000672834
2 0.527997 0.714986 0.69213 0.45921 0.000671387
2 0.804551 0.672429 0.338166 0.505099 0.000670054
2 0.530243 0.776595 0.633627 0.37238 0.000665658
1 0.886863 0.188782 0.219125 0.197711 0.000662691
1 0.932601 0.102428 0.134798 0.204856 0.000648768
2 0.805819 0.824757 0.311043 0.304038 0.000648587
0 0.917364 0.480672 0.0292643 0.0220365 0.000646793
2 0.259041 0.606105 0.251621 0.35485 0.00064672
2 0.256441 0.813464 0.355941 0.366034 0.000642329
2 0.943095 0.149304 0.113809 0.274953 0.000638193
0 0.851612 0.8161 0.129713 0.053951 0.000632885
1 0.619372 0.960746 0.639052 0.0774093 0.000632754
2 0.824669 0.745271 0.286834 0.430782 0.000632714
1 0.845701 0.0382615 0.308597 0.0765231 0.000623587
1 0.13623 0.96623 0.27246 0.0675409 0.000622779
2 0.421812 0.604811 0.443852 0.405168 0.000621884
2 0.331003 0.596513 0.299778 0.367193 0.000619449
0 0.752354 0.340959 0.495292 0.484407 0.00061809
2 0.252597 0.312177 0.330186 0.371813 0.000616196
2 0.837332 0.157615 0.325336 0.296853 0.000615128
2 0.943846 0.827515 0.112308 0.305896 0.000612284
2 0.257822 0.726078 0.307454 0.412809 0.000611426
2 0.327764 0.310766 0.340961 0.389196 0.000607901
0 0.20732 0.370999 0.315443 0.370466 0.000605552
2 0.472417 0.384217 0.559311 0.481604 0.000601137
1 0.732671 0.964686 0.534408 0.0701973 0.000594598
0 0.992322 0.746082 0.0153551 0.110645 0.000593454
0 0.883893 0.868432 0.215619 0.248413 0.000590836
1 0.597284 0.345536 0.798396 0.503971 0.000580267
2 0.891525 0.833806 0.195517 0.295978 0.000571173
0 0.185848 0.10735 0.0498232 0.0259051 0.000567087
1 0.739114 0.342922 0.369206 0.478025 0.000561231
2 0.423648 0.764983 0.523599 0.413487 0.000554825
0 0.477106 0.91502 0.042549 0.0209355 0.000552342
2 0.435218 0.663444 0.5007 0.460153 0.000550855
1 0.0941204 0.0158019 0.188241 0.0316037 0.000537761
2 0.342668 0.653511 0.353124 0.410019 0.000536598
2 0.637425 0.416149 0.585941 0.318914 0.000536549
1 0.75514 0.475855 0.343383 0.394494 0.000535281
0 0.796008 0.920118 0.407243 0.157726 0.000529656
2 0.322716 0.7715 0.375347 0.404806 0.000526293
1 0.897291 0.167835 0.20162 0.133658 0.000524945
0 0.859926 0.892594 0.280148 0.213035 0.000496918
1 0.0887672 0.0264048 0.176048 0.0498351 0.000490471
1 0.79223 0.96897 0.41554 0.0614407 0.0004896
0 0.879681 0.299633 0.134271 0.0386653 0.000484886
1 0.629196 0.444579 0.0746568 0.0482403 0.000482602
1 0.962244 0.143785 0.0755117 0.0660115 0.000481805
0 0.923482 0.867482 0.153037 0.256105 0.000476941
0 0.753201 0.406197 0.493598 0.319194 0.000472946
0 0.712412 0.520918 0.236495 0.0910667 0.000467923
0 0.784883 0.735568 0.0289865 0.0152668 0.000459549
1 0.121485 0.0278099 0.235614 0.0522501 0.000458488
0 0.410569 0.987756 0.315057 0.0244873 0.000455798
1 0.834528 0.962689 0.330945 0.074623 0.000437233
1 0.958497 0.166209 0.0719628 0.114965 0.000436277
1 0.972584 0.71288 0.0430719 0.0743284 0.000435302
1 0.612011 0.157741 0.0973834 0.0657436 0.000423946
0 0.297021 0.62326 0.0320719 0.0246525 0.000417324
1 0.129848 0.0175646 0.259696 0.0351293 0.000413616
0 0.879611 0.986598 0.240778 0.026804 0.00041132
0 0.464966 0.912631 0.0315861 0.0219818 0.000410231
0 0.376043 0.891073 0.0687263 0.0752115 0.000404543
0 0.980049 0.721645 0.0399026 0.0425985 0.000403372
1 0.751102 0.364556 0.303916 0.179638 0.000398334
0 0.270505 0.621657 0.0731954 0.0851821 0.000395521
0 0.0205192 0.915517 0.0410384 0.12329 0.00038981
1 0.696664 0.508794 0.229602 0.103742 0.000389527
0 0.929014 0.30517 0.0395225 0.030819 0.000384337
0 0.707871 0.498095 0.240564 0.13605 0.000376998
0 0.178793 0.784347 0.0356798 0.0302524 0.000373489
0 0.34502 0.988072 0.309604 0.0238568 0.00036748
0 0.651443 0.856017 0.0668309 0.0367115 0.0003669
0 0.0904962 0.894791 0.14023 0.0721431 0.000366296
0 0.966016 0.446232 0.0411312 0.0623383 0.000364655
0 0.617521 0.859285 0.118528 0.0625098 0.000358596
0 0.0472482 0.207812 0.074207 0.0556191 0.000351955
0 0.742563 0.114079 0.0305898 0.0163106 0.000350764
1 0.635554 0.422772 0.543113 0.30177 0.00035013
0 0.720428 0.952706 0.167986 0.0610546 0.000349731
0 0.626313 0.427094 0.532792 0.296418 0.000347055
0 0.398231 0.87599 0.0450607 0.0431698 0.000341561
1 0.959952 0.107489 0.0800963 0.145772 0.000340075
1 0.00410744 0.262084 0.00821489 0.187691 0.00033858
1 0.701794 0.527474 0.319108 0.0829529 0.0003378
0 0.680219 0.495494 0.502803 0.434935 0.000336854
0 0.952687 0.715392 0.0769285 0.0426956 0.000334015
0 0.175391 0.383347 0.0648208 0.038593 0.000333462
0 0.994792 0.295183 0.0104164 0.187238 0.000332956
0 0.464763 0.923433 0.112014 0.0599499 0.000330076
0 0.847173 0.8064 0.148064 0.0886453 0.000327367
0 0.994883 0.350566 0.010234 0.209367 0.000323452
0 0.323024 0.190873 0.0564181 0.0256012 0.000323379
0 0.526166 0.984092 0.0537107 0.0290116 0.00032324
1 0.955815 0.144395 0.0816621 0.0683129 0.000319772
1 0.898831 0.124923 0.198177 0.0881054 0.000318941
1 0.77915 0.442821 0.222244 0.242162 0.000317923
1 0.977271 0.718892 0.0454582 0.0456249 0.000315865
0 0.242574 0.906631 0.0755892 0.0549103 0.000315578
0 0.613055 0.0138158 0.232418 0.026872 0.000313514
0 0.263656 0.617444 0.0265185 0.0235895 0.000311659
0 0.152799 0.513647 0.123518 0.115406 0.000310913
0 0.613624 0.924565 0.20939 0.0445772 0.000309614
0 0.220266 0.0942157 0.0607672 0.0290714 0.000307575
0 0.0960775 0.495086 0.133771 0.122289 0.000307408
0 0.268457 0.986353 0.332884 0.027295 0.000306756
0 0.0973205 0.471235 0.14 0.135955 0.000306276
0 0.174535 0.312715 0.0975803 0.0762133 0.000304539
0 0.0897746 0.875817 0.153948 0.106867 0.000303612
1 0.151793 0.0315837 0.244231 0.0596367 0.000302463
0 0.994775 0.516299 0.0104509 0.157013 0.00030234
0 0.0425353 0.018797 0.0850707 0.0348437 0.000302268
0 0.0727616 0.918994 0.142304 0.157333 0.000301863
0 0.0289274 0.887674 0.0578548 0.195948 0.000301713
0 0.125406 0.689773 0.157147 0.205908 0.000300144
1 0.74418 0.492572 0.185252 0.147381 0.000299697
0 0.158323 0.357574 0.131441 0.169203 0.000299666
0 0.896927 0.98341 0.206145 0.0330883 0.000299653
0 0.993901 0.399146 0.0121982 0.228779 0.000298454
0 0.18572 0.779 0.0619159 0.0851516 0.00029572
0 0.00397687 0.230032 0.00795375 0.143252 0.000293026
0 0.112933 0.362417 0.134323 0.144884 0.000292837
0 0.605729 0.936353 0.244563 0.0413946 0.000291001
0 0.984586 0.0167214 0.0308279 0.0334427 0.000290314
0 0.17346 0.926624 0.232146 0.146753 0.000289948
0 0.535628 0.0149626 0.225836 0.0281599 0.00028955
0 0.208784 0.486188 0.0996099 0.079888 0.000289373
0 0.152723 0.541877 0.10344 0.106991 0.000288667
0 0.842718 0.426219 0.181471 0.156177 0.000288404
0 0.0283628 0.928199 0.0567256 0.143601 0.00028731
1 0.925232 0.735485 0.149536 0.139662 0.000286453
0 0.104877 0.533614 0.101287 0.105421 0.000286291
0 0.0967422 0.447382 0.144093 0.148289 0.000284157
0 0.728049 0.535672 0.22279 0.0613524 0.000283884
0 0.132217 0.894076 0.1604 0.0951607 0.000283092
0 0.120095 0.384955 0.117665 0.102129 0.000282935
0 0.0828803 0.5137 0.122438 0.102273 0.00028268
1 0.610273 0.454892 0.204231 0.0965527 0.000282624
1 0.92647 0.187431 0.138645 0.162458 0.00028245
0 0.0698905 0.854598 0.125107 0.150917 0.000281129
0 0.622234 0.858839 0.134838 0.0859731 0.00027991
0 0.105849 0.419766 0.146204 0.152286 0.000279575
0 0.209269 0.304195 0.0387342 0.0337693 0.000279132
0 0.121424 0.627264 0.103005 0.118955 0.000278963
0 0.510675 0.981514 0.0937863 0.035857 0.000278583
0 0.25202 0.889805 0.0994499 0.0756714 0.000278331
0 0.994292 0.548685 0.0114158 0.209699 0.000278029
0 0.31859 0.198502 0.0959175 0.0528577 0.000276104
0 0.0969535 0.925661 0.193907 0.148678 0.000275515
0 0.112469 0.593391 0.095067 0.11447 0.000274901
0 0.127664 0.720707 0.129502 0.148833 0.000274035
0 0.250211 0.625408 0.116895 0.0465634 0.000273552
0 0.0326897 0.86979 0.0653793 0.26042 0.00027316
0 0.59635 0.921135 0.251797 0.154863 0.000273022
0 0.158759 0.484837 0.141576 0.158521 0.000271715
0 0.183698 0.304574 0.119027 0.137038 0.000271408
0 0.328115 0.892473 0.158284 0.109527 0.000271278
0 0.324143 0.410704 0.114844 0.0829427 0.000271154
0 0.649322 0.856786 0.106147 0.0680339 0.000270956
0 0.878545 0.0112268 0.220842 0.0213392 0.000270536
0 0.745304 0.949562 0.113429 0.0572346 0.000270289
0 0.529477 0.863722 0.146813 0.124375 0.000270226
0 0.2412 0.480288 0.0632727 0.046616 0.000269285
0 0.992919 0.811245 0.014162 0.246631 0.000268401
0 0.156418 0.423067 0.118283 0.152973 0.000268262
0 0.0277608 0.00517321 0.0472061 0.0103464 0.000268108
