2 0.445333 0.513025 0.536568 0.771934 0.958325
2 0.297932 0.512126 0.237499 0.786766 0.00285602
0 0.902826 0.530939 0.194347 0.267254 0.00210738
2 0.246001 0.494053 0.324659 0.73965 0.00168228
2 0.271087 0.455744 0.520296 0.690687 0.00151028
2 0.522684 0.515101 0.36032 0.723871 0.0014935
2 0.202364 0.430714 0.404728 0.767372 0.00133657
2 0.349297 0.434073 0.337498 0.635257 0.00126101
2 0.264417 0.650276 0.524184 0.638967 0.00123128
2 0.177342 0.274023 0.354684 0.526599 0.00122822
0 0.896238 0.590204 0.207524 0.365205 0.00116073
2 0.11444 0.423814 0.22888 0.772499 0.00112537
2 0.293067 0.348821 0.585043 0.655005 0.00112167
2 0.28936 0.223986 0.578719 0.447972 0.00110942
2 0.25827 0.751975 0.513315 0.438891 0.00110088
2 0.111333 0.246731 0.222666 0.484024 0.00108278
2 0.688678 0.449756 0.622644 0.831635 0.00107211
2 0.160317 0.195366 0.320634 0.390732 0.00106592
2 0.604161 0.460291 0.765537 0.697947 0.00105221
2 0.108667 0.766965 0.217334 0.42355 0.00102556
2 0.189979 0.721935 0.379959 0.503544 0.00100556
2 0.834362 0.676886 0.331276 0.56158 0.000997255
2 0.823584 0.769578 0.352832 0.405771 0.000982792
2 0.177004 0.59736 0.354007 0.73206 0.00096416
2 0.565707 0.282457 0.818832 0.564913 0.000961559
2 0.139347 0.524005 0.278561 0.818752 0.000943839
2 0.110823 0.170722 0.221646 0.341444 0.000932401
2 0.802144 0.533412 0.395712 0.762837 0.000930767
2 0.0679085 0.682738 0.135817 0.58539 0.00092222
2 0.770972 0.656885 0.457609 0.515809 0.000920844
2 0.711515 0.218366 0.570581 0.399759 0.000913244
0 0.383136 0.267998 0.724333 0.535996 0.000905733
0 0.914094 0.226103 0.170739 0.439011 0.000863379
2 0.610828 0.51147 0.601953 0.734423 0.000860605
1 0.361881 0.247063 0.712825 0.494126 0.000853306
2 0.11125 0.677019 0.221513 0.59123 0.000838276
0 0.923453 0.39051 0.152086 0.726928 0.000834703
2 0.977271 0.744193 0.0454571 0.449213 0.000834181
2 0.0875429 0.368415 0.175086 0.736829 0.000830624
2 0.731118 0.545708 0.537764 0.692602 0.000829265
2 0.727076 0.711518 0.543285 0.465934 0.000825165
2 0.889983 0.841083 0.220034 0.28391 0.000823107
1 0.940785 0.748896 0.115329 0.468159 0.000817178
2 0.080339 0.264637 0.160678 0.529274 0.000814273
0 0.971473 0.328774 0.0570164 0.578572 0.000807942
0 0.876206 0.42357 0.246288 0.824026 0.000799245
2 0.282958 0.153764 0.56465 0.307527 0.000798109
2 0.0725682 0.204061 0.145136 0.408121 0.000797181
0 0.975869 0.49873 0.0482613 0.595833 0.000793745
1 0.9728 0.826235 0.0543998 0.326521 0.000790963
2 0.732812 0.15185 0.526916 0.299639 0.000789863
2 0.312433 0.546515 0.383103 0.795306 0.000780226
2 0.752883 0.0904311 0.494235 0.180862 0.000776311
0 0.963364 0.226752 0.0731144 0.444182 0.000775079
2 0.641486 0.177303 0.717027 0.343498 0.000773882
0 0.849518 0.244896 0.300442 0.479914 0.000769902
2 0.0681555 0.561276 0.136311 0.741222 0.000762812
2 0.405001 0.39299 0.654683 0.636886 0.000757813
1 0.88406 0.963863 0.231881 0.0722735 0.000757172
0 0.934077 0.473666 0.130247 0.762592 0.000754243
0 0.977591 0.637296 0.0448181 0.530802 0.000746599
2 0.187419 0.141727 0.374838 0.283454 0.000745908
1 0.937365 0.909485 0.125269 0.181031 0.00073931
2 0.669986 0.643543 0.660028 0.50164 0.000733449
2 0.473756 0.253322 0.686949 0.496678 0.000732012
2 0.522049 0.948605 0.480499 0.102791 0.000716556
2 0.286369 0.945187 0.556838 0.109627 0.000714484
2 0.915257 0.761688 0.169486 0.437543 0.000709967
2 0.427648 0.941598 0.557953 0.116804 0.000695628
2 0.558034 0.149755 0.84641 0.299509 0.000692565
2 0.655316 0.0864144 0.689369 0.172829 0.000681043
0 0.318644 0.368195 0.206585 0.482705 0.000677922
0 0.373649 0.948294 0.573335 0.103411 0.000672822
0 0.939348 0.64943 0.119449 0.588951 0.000670075
0 0.86194 0.168322 0.276121 0.320107 0.000668219
2 0.0683087 0.139064 0.136617 0.278127 0.000665709
2 0.85523 0.861717 0.289539 0.249143 0.00066381
0 0.0618134 0.814314 0.123512 0.356076 0.000661843
0 0.453589 0.178534 0.724805 0.357068 0.000661594
2 0.864496 0.149183 0.269665 0.298367 0.000654788
0 0.584552 0.648131 0.53344 0.497855 0.00063799
2 0.293101 0.859216 0.578428 0.281568 0.000635953
0 0.329164 0.867509 0.625221 0.264982 0.000633285
0 0.507179 0.135772 0.787539 0.271544 0.000620216
2 0.792576 0.109884 0.414268 0.219768 0.000610543
2 0.27398 0.100352 0.547959 0.200704 0.000601287
2 0.0945772 0.130689 0.188938 0.261378 0.000600736
0 0.802956 0.144526 0.392956 0.289051 0.00059539
2 0.0935882 0.0666307 0.187176 0.133261 0.000592919
0 0.908875 0.48282 0.181955 0.247629 0.000590131
2 0.932009 0.183089 0.135795 0.366178 0.00058665
2 0.179171 0.943527 0.358343 0.112947 0.000583854
2 0.1149 0.92038 0.2298 0.157207 0.000573176
2 0.152937 0.0762052 0.305873 0.15241 0.000565409
0 0.390357 0.885032 0.601845 0.229935 0.000561768
0 0.0255095 0.757891 0.051019 0.327172 0.000552446
2 0.18742 0.90877 0.374839 0.182461 0.000551424
1 0.54964 0.0589753 0.815139 0.117951 0.000549533
1 0.0990384 0.90885 0.198077 0.16884 0.000548251
0 0.917325 0.581684 0.164873 0.707615 0.000547483
0 0.637316 0.952303 0.630892 0.095395 0.000547295
1 0.101732 0.945902 0.203465 0.108197 0.000545458
0 0.523955 0.597449 0.352906 0.530787 0.000539432
1 0.885246 0.100459 0.229508 0.200919 0.000537054
2 0.727517 0.798682 0.540501 0.341341 0.000535657
2 0.917994 0.669455 0.164013 0.598912 0.000535587
2 0.14222 0.12902 0.234007 0.25337 0.000528953
1 0.351673 0.0908366 0.701303 0.181673 0.000517047
0 0.35994 0.647923 0.38229 0.532601 0.000508053
0 0.459579 0.0470656 0.714242 0.0941312 0.000506248
1 0.812666 0.96497 0.374668 0.07006 0.000500913
2 0.90481 0.134073 0.189636 0.268146 0.000500091
0 0.0628769 0.868773 0.125754 0.247214 0.000499845
0 0.342212 0.741307 0.566684 0.397119 0.000498229
0 0.5635 0.759806 0.267262 0.176251 0.000497405
0 0.901818 0.451747 0.196365 0.332492 0.000497048
0 0.97929 0.726972 0.0414032 0.523156 0.000496029
0 0.653204 0.77519 0.693592 0.334887 0.000490169
2 0.444904 0.620991 0.524231 0.536025 0.000475352
2 0.808784 0.896266 0.382432 0.185581 0.000465611
2 0.559925 0.758155 0.268857 0.186715 0.000465344
0 0.732173 0.96063 0.535654 0.0787393 0.000462533
0 0.620657 0.87581 0.696842 0.248381 0.0004564
0 0.0418168 0.877964 0.0836337 0.227293 0.000453851
0 0.536032 0.894029 0.602964 0.203055 0.000449258
0 0.852288 0.531656 0.263186 0.249241 0.000444541
2 0.572489 0.890581 0.301464 0.187352 0.0004427
2 0.468434 0.904348 0.510135 0.179732 0.000442304
0 0.0240674 0.690896 0.0481348 0.417177 0.000434241
0 0.536861 0.996575 0.179667 0.00684967 0.000430472
0 0.535575 0.725519 0.500289 0.34988 0.000429463
0 0.036715 0.139007 0.0734301 0.278014 0.000423192
0 0.923322 0.314109 0.1527 0.259512 0.000416953
0 0.744688 0.903391 0.499395 0.187131 0.000411951
0 0.025504 0.901682 0.0510079 0.192426 0.000407475
0 0.868586 0.250921 0.262829 0.364221 0.000406407
2 0.488878 0.803283 0.334606 0.169271 0.00039157
0 0.531914 0.748915 0.362005 0.200348 0.000386245
0 0.588701 0.996757 0.189551 0.00648505 0.00038505
0 0.124896 0.150906 0.249791 0.283556 0.000384952
0 0.812946 0.476598 0.245372 0.268222 0.000383607
0 0.0873345 0.228588 0.174669 0.368864 0.000383392
0 0.121458 0.219576 0.242916 0.361858 0.000379323
0 0.419607 0.103111 0.221364 0.197106 0.000377965
0 0.48681 0.995168 0.172867 0.00966492 0.000377122
2 0.3058 0.0938311 0.231799 0.173639 0.000366753
0 0.0327737 0.818648 0.0655474 0.343158 0.000366493
0 0.269708 0.68927 0.172636 0.188871 0.000366054
0 0.91693 0.381543 0.165952 0.385554 0.000364503
2 0.440541 0.799822 0.247729 0.180116 0.000361512
0 0.133431 0.992959 0.201201 0.014082 0.000361448
0 0.0505778 0.76652 0.101156 0.327221 0.000357435
0 0.213384 0.993269 0.216628 0.0134619 0.000356413
0 0.641965 0.996703 0.174236 0.00659332 0.000349524
0 0.478886 0.906721 0.267041 0.164427 0.0003475
0 0.66911 0.995944 0.182539 0.00811285 0.000345846
2 0.4716 0.905644 0.300574 0.156032 0.000342645
0 0.584911 0.89037 0.275989 0.18745 0.000341519
0 0.771919 0.994742 0.233528 0.0105165 0.000341243
0 0.857843 0.589353 0.215436 0.355162 0.000340631
0 0.421285 0.710131 0.509864 0.379906 0.000339052
0 0.458109 0.738874 0.279813 0.308667 0.000338912
0 0.932636 0.219553 0.134678 0.306366 0.000338004
0 0.488135 0.771173 0.340149 0.235684 0.000337664
0 0.771567 0.375162 0.272555 0.307397 0.000337373
0 0.870446 0.112128 0.258429 0.215348 0.000336836
0 0.717735 0.995042 0.195063 0.00991626 0.000336137
0 0.267499 0.993047 0.188518 0.0139061 0.000334912
0 0.869325 0.465618 0.26135 0.300837 0.000334869
0 0.435693 0.783369 0.238133 0.216417 0.000334748
0 0.78747 0.502985 0.283362 0.219553 0.000333084
0 0.802335 0.391384 0.242054 0.223677 0.000332302
0 0.981194 0.522311 0.0375618 0.457293 0.00033043
0 0.205066 0.266033 0.290774 0.302149 0.000330303
0 0.768003 0.477439 0.288022 0.281092 0.000329965
0 0.110945 0.989616 0.198094 0.0207684 0.000329882
0 0.876106 0.409674 0.247789 0.376006 0.000329496
0 0.87593 0.336729 0.24814 0.279793 0.000329392
0 0.760735 0.306737 0.250966 0.253253 0.000328122
0 0.825247 0.570466 0.244843 0.304926 0.000324474
0 0.050608 0.64798 0.101216 0.369493 0.000323556
0 0.927401 0.154366 0.142665 0.294556 0.000323295
0 0.205715 0.191571 0.279648 0.200473 0.000322023
0 0.322785 0.994634 0.203072 0.0107321 0.000320205
0 0.434907 0.995652 0.17062 0.00869562 0.000318306
0 0.719483 0.355007 0.218222 0.45437 0.000317351
0 0.314917 0.254116 0.127056 0.271766 0.000316746
2 0.780532 0.00416005 0.141018 0.0083201 0.000315406
0 0.980047 0.218556 0.0398409 0.437111 0.000314752
0 0.287666 0.741888 0.213274 0.229078 0.000313677
2 0.209348 0.0259059 0.158333 0.0518118 0.000313465
2 0.162746 0.0369987 0.225302 0.0739974 0.000312822
0 0.717155 0.323037 0.211213 0.315166 0.000312635
0 0.568129 0.787416 0.275703 0.151602 0.000312386
0 0.566022 0.307938 0.180639 0.179919 0.000311791
0 0.489948 0.111321 0.367844 0.207393 0.000311563
0 0.935873 0.995034 0.127709 0.00993262 0.000311475
2 0.551932 0.00261506 0.123255 0.00523012 0.000311391
2 0.756951 0.00656736 0.14618 0.0131347 0.000309902
1 0.831549 0.0029123 0.135391 0.0058246 0.000309414
2 0.733817 0.00799706 0.146267 0.0159941 0.000307827
0 0.0637407 0.974281 0.127481 0.0514379 0.000307479
1 0.806734 0.0031829 0.13031 0.0063658 0.000306364
2 0.258677 0.466103 0.15786 0.46623 0.000306109
0 0.978945 0.426777 0.0418629 0.485807 0.000305956
0 0.110895 0.639022 0.22179 0.333746 0.000305381
2 0.272163 0.542928 0.176827 0.330559 0.00030465
0 0.077869 0.160559 0.155738 0.30584 0.000304277
0 0.77057 0.587226 0.27557 0.383416 0.000303584
0 0.406516 0.996175 0.15758 0.00765076 0.000302847
0 0.93245 0.276438 0.134817 0.258638 0.000302564
0 0.867771 0.400502 0.264458 0.256934 0.000301727
0 0.0321612 0.188301 0.0643224 0.360609 0.000301247
0 0.28669 0.380183 0.172455 0.523013 0.00030071
2 0.23203 0.0194005 0.148507 0.038801 0.000299744
0 0.70653 0.430416 0.196275 0.523004 0.000299689
0 0.849075 0.995365 0.233425 0.00927039 0.00029967
2 0.249738 0.534408 0.129651 0.352663 0.000299561
0 0.888846 0.995279 0.222308 0.00944208 0.000298205
0 0.0459363 0.268861 0.0917671 0.468453 0.000297301
0 0.124011 0.357 0.247606 0.330356 0.00029679
0 0.81714 0.327031 0.278434 0.279489 0.000296324
0 0.362876 0.996012 0.172622 0.00797559 0.00029524
0 0.753018 0.266843 0.230396 0.208441 0.000295057
2 0.339282 0.347195 0.262519 0.442214 0.000294458
2 0.127894 0.0406474 0.247725 0.0812948 0.000294045
2 0.711066 0.00892207 0.140107 0.0178441 0.000291229
0 0.0958477 0.291086 0.191695 0.228431 0.000290672
0 0.164287 0.362634 0.311772 0.380599 0.000290362
0 0.914079 0.629477 0.171842 0.297087 0.000289707
0 0.173672 0.202125 0.32239 0.241776 0.000289181
2 0.348587 0.0960733 0.204273 0.180426 0.000289007
2 0.507786 0.00515024 0.137307 0.0103005 0.000287689
0 0.979623 0.315256 0.0405834 0.424525 0.000287238
2 0.882933 0.0027592 0.153119 0.0055184 0.000287195
2 0.859038 0.00257681 0.142357 0.00515362 0.000286203
0 0.0916937 0.983613 0.183387 0.0327737 0.000286001
0 0.741232 0.536349 0.254304 0.364981 0.000285301
2 0.270013 0.607988 0.168645 0.397009 0.000283848
0 0.73468 0.75395 0.2332 0.359181 0.000282185
0 0.705724 0.163578 0.209203 0.304736 0.000281986
2 0.586997 0.893526 0.420677 0.189271 0.000281615
0 0.914738 0.796755 0.169972 0.348493 0.000281048
0 0.895097 0.30904 0.209807 0.283015 0.000280184
0 0.760865 0.791537 0.247491 0.263131 0.000280015
1 0.579326 0.00902609 0.131113 0.0180522 0.000279652
2 0.088388 0.7934 0.176776 0.340071 0.000278806
2 0.256723 0.0189865 0.152338 0.0379731 0.0002774
0 0.176824 0.128627 0.254513 0.252706 0.000276804
2 0.447048 0.712545 0.52306 0.349479 0.000275449
0 0.238096 0.346515 0.24016 0.478835 0.000275271
0 0.693038 0.480977 0.163561 0.515649 0.000274628
1 0.680878 0.0142084 0.142088 0.0284167 0.000273741
0 0.0223656 0.590924 0.0447312 0.426166 0.00027371
0 0.471146 0.102864 0.232233 0.197155 0.000272053
0 0.31631 0.0781996 0.165094 0.147308 0.00027134
0 0.918343 0.725057 0.163315 0.369 0.00027132
0 0.163422 0.295557 0.313795 0.259029 0.000270661
0 0.696058 0.283648 0.192984 0.193717 0.000270284
0 0.974338 0.89278 0.0508244 0.214439 0.000269466
0 0.807093 0.276591 0.298648 0.247135 0.000269199
0 0.716741 0.577624 0.181064 0.426698 0.00026881
0 0.764525 0.170781 0.28673 0.308287 0.000268583
2 0.633265 0.0283087 0.133805 0.0566174 0.000268119
1 0.652793 0.0242481 0.143 0.0484963 0.00026749
1 0.376976 0.0110235 0.136356 0.022047 0.000267012
0 0.710588 0.219309 0.197955 0.294077 0.000266927
0 0.833528 0.375268 0.231721 0.243709 0.000265447
0 0.68322 0.344916 0.174557 0.296278 0.000264955
0 0.978624 0.810294 0.0425418 0.379413 0.000264125
0 0.343832 0.221935 0.141814 0.209466 0.000263916
0 0.0543494 0.466739 0.108699 0.333708 0.000263819
0 0.391379 0.775539 0.240073 0.233356 0.000263075
0 0.723007 0.849795 0.230052 0.225286 0.00026272
0 0.972459 0.970471 0.055082 0.0590586 0.00026257
0 0.255976 0.629091 0.143685 0.335768 0.000261883
2 0.672757 0.121417 0.22303 0.230161 0.000261774
0 0.678292 0.381118 0.155117 0.431588 0.000260717
0 0.501332 0.154671 0.409275 0.291098 0.000260329
0 0.941068 0.319882 0.117863 0.300265 0.000260275
0 0.373941 0.238112 0.189705 0.238351 0.000259984
0 0.892106 0.662501 0.215788 0.323205 0.000259741
1 0.912113 0.00524386 0.170962 0.0104877 0.000259484
0 0.231562 0.146071 0.287026 0.240755 0.000259106
0 0.723823 0.698259 0.247729 0.426333 0.000258808
2 0.482156 0.861701 0.294001 0.0910051 0.000258498
0 0.948409 0.992845 0.103145 0.0143107 0.000258297
0 0.0844987 0.900436 0.168858 0.199129 0.000258181
0 0.312469 0.76784 0.245659 0.25096 0.000258164
0 0.0375422 0.0985061 0.0750843 0.197012 0.000257389
0 0.273853 0.301671 0.150997 0.367731 0.000257169
2 0.387515 0.183315 0.158937 0.130712 0.000257137
0 0.975556 0.839344 0.0483291 0.306631 0.00025629
0 0.53793 0.778892 0.358139 0.157773 0.000255197
0 0.766004 0.230249 0.256032 0.261836 0.000255129
0 0.694427 0.890395 0.318476 0.187038 0.000254063
0 0.472725 0.197193 0.427286 0.378511 0.000253841
0 0.0198762 0.459841 0.0397525 0.340012 0.000253096
0 0.561294 0.900425 0.363173 0.184142 0.000252783
0 0.223625 0.71005 0.270647 0.445848 0.000252739
