1 0.496597 0.538257 0.304899 0.523931 0.911917
2 0.190358 0.746361 0.339352 0.461126 0.00140126
2 0.0662626 0.0236652 0.132525 0.0473303 0.0013934
2 0.61953 0.427469 0.553003 0.82515 0.00135327
2 0.0490931 0.0481661 0.0973602 0.0963322 0.0013118
2 0.717869 0.462322 0.464692 0.876616 0.0011459
2 0.191615 0.672955 0.367879 0.643362 0.00107449
2 0.0672609 0.143356 0.134522 0.286712 0.00106889
1 0.526549 0.392354 0.427704 0.784708 0.00104826
2 0.453426 0.35325 0.38986 0.703291 0.00103862
2 0.827118 0.746156 0.345765 0.417521 0.00102447
2 0.937544 0.728267 0.118634 0.477551 0.00101793
2 0.936376 0.51071 0.123179 0.840491 0.000993151
2 0.40477 0.137368 0.359784 0.274737 0.000989219
2 0.109937 0.73992 0.219875 0.465935 0.000987073
2 0.806894 0.551142 0.386213 0.82342 0.000986732
2 0.0899157 0.0811549 0.179831 0.16231 0.000981958
1 0.0817 0.70229 0.1634 0.558025 0.000978427
1 0.907275 0.600926 0.18545 0.747874 0.000976624
1 0.934959 0.620439 0.125852 0.701639 0.000968351
2 0.105422 0.161059 0.210844 0.322118 0.00096033
1 0.109284 0.689015 0.21557 0.606109 0.000951033
2 0.976074 0.599561 0.0478521 0.653401 0.000941717
1 0.1141 0.418755 0.2282 0.609835 0.000933602
1 0.974362 0.654938 0.0512753 0.605051 0.000931416
2 0.908988 0.735561 0.182025 0.453486 0.000922794
2 0.974053 0.695498 0.0514595 0.541612 0.000919392
2 0.172985 0.225241 0.336489 0.450099 0.00091794
1 0.360923 0.292115 0.511469 0.576805 0.000913616
2 0.418155 0.403257 0.639136 0.78173 0.000912103
1 0.606316 0.419845 0.538287 0.800541 0.000908212
1 0.513425 0.165786 0.507233 0.331572 0.000908211
2 0.769594 0.731603 0.424261 0.397678 0.000904555
2 0.711638 0.337451 0.520353 0.668795 0.000903186
1 0.0507166 0.678022 0.101425 0.58867 0.000902879
2 0.128986 0.186792 0.257971 0.373464 0.000902254
2 0.164214 0.165841 0.326668 0.331682 0.000902005
1 0.0938106 0.438102 0.187621 0.461562 0.000896845
1 0.256819 0.180017 0.513638 0.360034 0.000891978
1 0.117122 0.275334 0.234244 0.502161 0.000889627
2 0.0709838 0.710257 0.141968 0.492185 0.000883293
1 0.365437 0.395654 0.671137 0.761484 0.000881245
1 0.521991 0.126433 0.597444 0.252865 0.000880318
1 0.407377 0.130632 0.436985 0.261264 0.000875364
1 0.823367 0.766833 0.353266 0.366064 0.000870137
1 0.113662 0.577771 0.227117 0.657276 0.000870104
1 0.079705 0.275023 0.15941 0.486936 0.000868078
1 0.696966 0.536413 0.409806 0.635429 0.000867784
2 0.545036 0.967293 0.440186 0.0654133 0.000862737
2 0.0813664 0.215688 0.162733 0.431376 0.000861616
2 0.367869 0.751972 0.409289 0.454501 0.000856564
1 0.261746 0.250292 0.521694 0.500585 0.000855983
2 0.390207 0.706061 0.493321 0.561621 0.000854071
2 0.433446 0.968277 0.409919 0.0634459 0.000849476
1 0.935641 0.758876 0.124764 0.421269 0.00084684
1 0.0651113 0.393948 0.130223 0.396013 0.00084422
1 0.124142 0.76282 0.248284 0.408688 0.000842137
1 0.583891 0.204248 0.581346 0.408497 0.000841823
1 0.0893906 0.582015 0.178781 0.582131 0.000840453
2 0.239205 0.633598 0.384898 0.696524 0.000838562
2 0.186453 0.334246 0.358963 0.618917 0.00083342
2 0.893711 0.00609995 0.212578 0.0121999 0.000828034
1 0.900531 0.7579 0.198938 0.405324 0.000825398
1 0.187016 0.153416 0.374032 0.306832 0.000823153
1 0.0888828 0.781802 0.177766 0.353978 0.000822211
2 0.121117 0.0735812 0.242233 0.147162 0.000820949
2 0.89419 0.482836 0.211621 0.925225 0.000818139
2 0.0639562 0.0863068 0.127912 0.172614 0.000815325
2 0.854553 0.442902 0.290895 0.861801 0.00080656
2 0.393603 0.563473 0.61741 0.654373 0.000796311
2 0.200493 0.563177 0.365652 0.731526 0.00079524
2 0.145388 0.439926 0.281792 0.701354 0.000788755
0 0.59474 0.491817 0.541514 0.630822 0.000787076
2 0.0845682 0.753537 0.168614 0.392123 0.000786908
2 0.977962 0.404115 0.0440754 0.589387 0.000786142
2 0.731227 0.143401 0.491716 0.286802 0.000782835
2 0.644763 0.969514 0.481852 0.0609725 0.000772758
2 0.434697 0.89755 0.492943 0.2049 0.000771351
2 0.259796 0.773697 0.294006 0.412359 0.000771301
2 0.543797 0.895502 0.520601 0.208995 0.000768778
1 0.971776 0.773888 0.0558958 0.403529 0.000760918
2 0.703428 0.689616 0.472315 0.385778 0.00075955
2 0.518136 0.789044 0.5143 0.386103 0.000758984
1 0.761172 0.196062 0.477656 0.392124 0.000751475
2 0.328591 0.140156 0.469493 0.280311 0.00074355
1 0.0570445 0.494439 0.114089 0.446927 0.000739579
1 0.607728 0.559271 0.550292 0.516063 0.000738832
2 0.769488 0.969968 0.426254 0.0600632 0.000733045
1 0.837197 0.359533 0.325606 0.719065 0.000732557
1 0.0892147 0.909845 0.178429 0.163089 0.000728543
1 0.860288 0.841574 0.279425 0.307006 0.000715772
1 0.120185 0.964379 0.24037 0.0712415 0.000715174
0 0.72574 0.969134 0.449278 0.0617324 0.000714218
1 0.766431 0.115744 0.467131 0.231487 0.000713947
2 0.172001 0.858508 0.344002 0.282984 0.000712881
2 0.743356 0.886432 0.471252 0.227135 0.000698723
1 0.786996 0.87791 0.423232 0.236706 0.00069745
2 0.331949 0.887264 0.401908 0.225473 0.000696965
1 0.095644 0.956418 0.191288 0.0871641 0.000696214
1 0.4501 0.0510867 0.587281 0.102173 0.000692102
1 0.819993 0.238959 0.358684 0.477918 0.000688733
2 0.474565 0.745373 0.491857 0.455666 0.000688627
2 0.344561 0.971433 0.385152 0.0571339 0.00068798
2 0.920632 0.314837 0.153098 0.629673 0.000677737
2 0.028819 0.0992767 0.0576381 0.198553 0.000676861
1 0.425289 0.52582 0.620316 0.695639 0.000675871
2 0.805132 0.0289929 0.389737 0.0579857 0.000675034
1 0.232963 0.0864308 0.465926 0.172862 0.000674792
1 0.9253 0.828325 0.149399 0.328398 0.000672827
2 0.477104 0.640939 0.44109 0.672734 0.000670366
1 0.364005 0.0602553 0.543608 0.120511 0.00066615
1 0.978334 0.266989 0.0433314 0.533979 0.00066549
2 0.282163 0.469536 0.519901 0.791924 0.000664821
2 0.864669 0.16313 0.267452 0.326259 0.000661775
1 0.29361 0.110436 0.587221 0.220872 0.000655055
2 0.926031 0.00829814 0.147937 0.0165963 0.000655045
2 0.857346 0.0335268 0.285308 0.0670536 0.000654149
1 0.142797 0.891131 0.285594 0.217737 0.000651621
1 0.0465417 0 0.0930835 0 0.000648851
1 0.895004 0.248951 0.2044 0.497902 0.000648233
1 0.524587 0.754692 0.444322 0.472505 0.000639796
1 0.967768 0.833615 0.0644635 0.331513 0.000638575
2 0.636267 0.895248 0.557427 0.209504 0.000637665
2 0.263129 0.8663 0.389607 0.2674 0.000631278
1 0.808328 0.970326 0.383344 0.0593482 0.000627741
1 0.179392 0.0762738 0.358783 0.152548 0.000622236
2 0.722639 0.767575 0.489974 0.352054 0.000621866
2 0.154741 0.969298 0.309482 0.0614037 0.000621119
2 0.0895384 0.0333112 0.179077 0.0666224 0.000615962
2 0.610964 0.166162 0.515475 0.332324 0.000612413
2 0.228181 0.972281 0.380015 0.0554378 0.000595929
2 0.410605 0.00436056 0.179188 0.00872112 0.000595106
2 0.674792 0.102333 0.464075 0.204666 0.000592644
1 0.924186 0.178692 0.150642 0.357383 0.000567411
1 0.599935 0.106393 0.483935 0.212786 0.000565441
1 0.516069 0.690041 0.365793 0.619919 0.000558837
1 0.903919 0.9685 0.192163 0.0629997 0.000550674
2 0.690517 0.0390729 0.528982 0.0781457 0.000545475
1 0.560313 0.0476181 0.603768 0.0952363 0.000542588
2 0.429993 0.00739875 0.184586 0.0147975 0.000541848
2 0.897049 0.0696254 0.205902 0.139251 0.000540175
1 0.65037 0.739832 0.558435 0.455006 0.000539319
2 0.576044 0.539531 0.470111 0.539271 0.000538898
1 0.946817 0.912882 0.106365 0.174237 0.000525298
1 0.495853 0.466398 0.349082 0.659096 0.000521433
1 0.481288 0.583907 0.379122 0.621948 0.00050844
2 0.606892 0.0445964 0.549814 0.0891928 0.000505634
2 0.0114691 0.913355 0.0229381 0.152132 0.000504815
1 0.610599 0.684882 0.498132 0.630236 0.000490265
2 0.839489 0.00228676 0.204656 0.00457352 0.000488789
2 0.0418874 0.128501 0.0837748 0.257002 0.000464944
2 0.106839 0.0127406 0.211554 0.0254813 0.000464491
2 0.450277 0.0151089 0.202471 0.0302178 0.000438519
2 0.0168351 0.123505 0.0336703 0.24701 0.000437616
2 0.146436 0.00727418 0.292872 0.0145484 0.000435627
2 0.0384228 0.00524979 0.0768456 0.0104996 0.000434651
2 0.584567 0.00954597 0.142844 0.0190919 0.000431501
0 0.563615 0.737885 0.162234 0.11794 0.000429581
2 0.0383769 0.88518 0.0758925 0.202532 0.000421769
2 0.98536 0.286881 0.0292799 0.205741 0.000413751
0 0.518452 0.70142 0.223977 0.182026 0.00040111
2 0.684981 0.00353538 0.191231 0.00707076 0.000400324
0 0.982499 0.315229 0.0347076 0.376707 0.000397504
2 0.0784576 0.118712 0.156768 0.237425 0.000396833
2 0.0115518 0.0828737 0.0231035 0.165747 0.000395004
1 0.580441 0.623574 0.128115 0.36679 0.000394727
2 0.607916 0.0053514 0.132098 0.0107028 0.000391074
2 0.015671 0.937556 0.0310475 0.124888 0.000378156
0 0.519763 0.706643 0.395163 0.462385 0.000377279
2 0.786877 0.00434894 0.208982 0.00869788 0.000376788
0 0.984043 0.834588 0.0314316 0.327414 0.000376286
2 0.193525 0.00787739 0.235888 0.0157548 0.000372372
2 0.0111979 0.0534056 0.0223958 0.106811 0.000364893
2 0.710996 0.00407929 0.186777 0.00815858 0.000361134
0 0.754951 0.990006 0.194797 0.0199882 0.000359928
2 0.471712 0.0248627 0.193057 0.0497254 0.000359027
2 0.0102811 0.877479 0.0205622 0.20523 0.000356621
2 0.355273 0.00291194 0.211436 0.00582389 0.000356173
2 0.739882 0.00633382 0.17648 0.0126676 0.000356014
2 0.0153739 0.150135 0.0307479 0.30027 0.000355814
2 0.00894271 0.0943085 0.0178854 0.188617 0.00035488
2 0.529669 0.0175993 0.168135 0.0351986 0.000353711
2 0.0258818 0.0133946 0.0517637 0.0267892 0.00034766
1 0.571613 0.732141 0.147715 0.13157 0.000346486
2 0.284833 0.00887281 0.187237 0.0177456 0.000346354
2 0.658461 0.00710622 0.191847 0.0142124 0.000345796
0 0.982618 0.899976 0.0339882 0.200048 0.000338104
0 0.570611 0.700619 0.151655 0.194836 0.000337757
2 0.034149 0.169555 0.0670793 0.280091 0.000334666
2 0.304315 0.00537297 0.197427 0.0107459 0.000332839
2 0.500512 0.0268157 0.165966 0.0536314 0.000325494
2 0.234865 0.0111105 0.184015 0.0222209 0.000325307
2 0.942594 0.022507 0.114331 0.0450139 0.000323108
1 0.323575 0.00284557 0.20919 0.00569113 0.000323039
0 0.538242 0.722451 0.25318 0.168953 0.000322064
0 0.904745 0.99179 0.165128 0.0164205 0.00032091
2 0.563904 0.337162 0.123303 0.114637 0.00032058
0 0.0105155 0.498812 0.0210309 0.228244 0.000317777
2 0.897456 0.0462485 0.205088 0.0924969 0.000313264
2 0.0300853 0.0527157 0.0601707 0.105431 0.000312247
2 0.422074 0.48887 0.144503 0.251134 0.000310252
0 0.926739 0.993593 0.146521 0.0128142 0.00030814
2 0.973716 0.0577404 0.0525671 0.115481 0.000304297
0 0.706137 0.992985 0.193742 0.0140297 0.000303207
1 0.577167 0.666501 0.135812 0.267054 0.000302307
0 0.0226121 0.976213 0.0452241 0.0475748 0.00030061
0 0.0515437 0.981968 0.101159 0.0360643 0.000299989
0 0.205002 0.991496 0.179275 0.0170087 0.000292913
0 0.98185 0.231614 0.0357629 0.353781 0.000290835
1 0.617794 0.623137 0.124035 0.368301 0.000290287
0 0.792085 0.986303 0.143053 0.0273938 0.000288403
0 0.983155 0.767427 0.0332281 0.437662 0.000286348
2 0.0122838 0.181586 0.0245675 0.328729 0.000284008
2 0.0413611 0.920449 0.0814405 0.159102 0.000282889
0 0.127395 0.991391 0.154843 0.0172191 0.000280521
0 0.982724 0.662456 0.0340116 0.284062 0.000279246
0 0.939564 0.786365 0.120871 0.304969 0.000279218
0 0.0752199 0.162417 0.149831 0.264459 0.000272632
2 0.595761 0.0859105 0.0984758 0.162362 0.000272584
0 0.0110502 0.545074 0.0221003 0.345703 0.000272182
2 0.768259 0.346106 0.144582 0.240448 0.00027185
0 0.939698 0.984961 0.120604 0.0300785 0.000271809
2 0.0075101 0.156429 0.0150202 0.132056 0.00026853
0 0.426175 0.456023 0.153897 0.351719 0.000265866
2 0.900382 0.513624 0.109238 0.189517 0.000265184
0 0.881887 0.98944 0.176248 0.0211196 0.000261036
0 0.978515 0.961113 0.0429699 0.077774 0.000260337
2 0.0101421 0.757449 0.0202842 0.369801 0.000258039
0 0.98103 0.376633 0.0375477 0.356413 0.000253934
2 0.0870937 0.0596983 0.174092 0.119397 0.000253777
0 0.254948 0.583521 0.125495 0.20509 0.000251859
0 0.105175 0.990385 0.158688 0.0192296 0.000251007
0 0.980468 0.421251 0.0385717 0.245154 0.000250341
0 0.950827 0.981102 0.0983456 0.0377955 0.000249884
2 0.507873 0.496436 0.276455 0.43563 0.000248782
2 0.991399 0.271222 0.017066 0.195933 0.000248161
0 0.00963815 0.433537 0.0192763 0.305433 0.00024776
0 0.496134 0.661129 0.267205 0.258632 0.000247666
0 0.982525 0.175866 0.0347031 0.351731 0.00024557
2 0.0100433 0.271612 0.0200866 0.327982 0.000245546
0 0.15498 0.451235 0.115329 0.220961 0.000244404
0 0.010249 0.642263 0.020498 0.298232 0.000242959
0 0.250949 0.992387 0.161189 0.0152255 0.000241361
2 0.00785903 0.929418 0.0157181 0.0987147 0.000240863
2 0.168806 0.496506 0.085683 0.22502 0.000240155
0 0.224253 0.58802 0.0707856 0.195732 0.000239008
0 0.359515 0.991699 0.186766 0.0166022 0.000237906
2 0.204008 0.466681 0.0394521 0.214534 0.000236962
2 0.0102676 0.671571 0.0205353 0.322401 0.000235793
1 0.421344 0.548446 0.144628 0.129516 0.000235404
0 0.983545 0.0989497 0.0324139 0.197899 0.000234994
2 0.208452 0.536907 0.0419874 0.269899 0.000234275
2 0.00960215 0.823649 0.0192043 0.287146 0.000234275
0 0.536252 0.751444 0.203633 0.100989 0.000234001
1 0.519685 0.493356 0.249303 0.407564 0.0002338
0 0.201644 0.428961 0.054355 0.186712 0.00023076
0 0.581766 0.9912 0.177328 0.0175995 0.000230012
0 0.652941 0.993155 0.185537 0.0136895 0.000229856
2 0.874216 0.528015 0.085708 0.164262 0.000229584
2 0.600967 0.478331 0.0976073 0.511921 0.000228316
0 0.388337 0.505077 0.102441 0.412056 0.000227689
0 0.0106094 0.697903 0.0212188 0.369648 0.000226834
2 0.215279 0.577897 0.0504979 0.199988 0.000226202
2 0.932502 0.0460958 0.134462 0.0921916 0.000225745
2 0.180082 0.13053 0.124244 0.251643 0.000225677
2 0.00790724 0.818854 0.0157514 0.0795977 0.000225573
0 0.326574 0.450287 0.103565 0.404377 0.000225291
2 0.00956808 0.396452 0.0191362 0.318684 0.000224223
0 0.529905 0.990283 0.188101 0.0194333 0.000223895
2 0.749588 0.0804914 0.13812 0.151624 0.000223864
2 0.909469 0.493012 0.138766 0.265729 0.000223531
2 0.421742 0.543182 0.142811 0.140403 0.000221309
0 0.474556 0.991929 0.170402 0.0161423 0.000221151
2 0.424982 0.0570144 0.180329 0.106929 0.00022048
2 0.980572 0.0878101 0.0385113 0.17562 0.00022
1 0.625411 0.693761 0.139064 0.218109 0.000219992
2 0.00809909 0.121458 0.0161982 0.191391 0.000219747
2 0.565035 0.259456 0.14083 0.194752 0.000219707
0 0.0777658 0.98827 0.148309 0.0234594 0.000219682
0 0.407052 0.989999 0.192338 0.0200016 0.00021958
2 0.764054 0.313465 0.149063 0.180001 0.000219442
2 0.404329 0.0493302 0.156195 0.0894502 0.000216771
0 0.948823 0.834661 0.102092 0.266725 0.000216615
0 0.375643 0.464733 0.114684 0.403267 0.000216539
2 0.00963249 0.324312 0.019265 0.2778 0.000214752
2 0.983576 0.663872 0.032849 0.161978 0.000214664
0 0.706531 0.487443 0.0600603 0.283707 0.000214427
0 0.845661 0.981717 0.149866 0.036566 0.00021405
1 0.572892 0.755491 0.15435 0.0866838 0.000214047
2 0.113681 0.0497893 0.200131 0.0951023 0.000214022
1 0.0657879 0.0030578 0.131576 0.00611559 0.000213918
2 0.758876 0.383889 0.151994 0.315702 0.000213823
0 0.606664 0.992938 0.166613 0.0141237 0.000213685
0 0.307681 0.99281 0.176001 0.014379 0.00021324
0 0.0624404 0.516329 0.0739916 0.131381 0.000212946
0 0.302822 0.542596 0.0956418 0.223159 0.000212499
0 0.297653 0.472899 0.0729664 0.329879 0.00021226
0 0.981487 0.600866 0.0364857 0.35724 0.000212061
0 0.7742 0.965862 0.168297 0.0646241 0.000211225
0 0.653329 0.539987 0.138747 0.51439 0.00020992
