2 0.503058 0.496615 0.941016 0.990341 0.899544
2 0.951579 0.843141 0.096325 0.288857 0.0228405
2 0.935095 0.916166 0.129811 0.167669 0.0172208
2 0.93348 0.855761 0.133039 0.288477 0.0150417
2 0.944856 0.79254 0.109426 0.414266 0.011639
1 0.942472 0.853444 0.114365 0.293111 0.0114215
0 0.953991 0.761442 0.0920181 0.114307 0.0100483
2 0.951813 0.794227 0.0959907 0.18817 0.00946036
2 0.943836 0.699509 0.110938 0.58253 0.00573209
2 0.742254 0.553344 0.267326 0.886163 0.00492016
0 0.786859 0.405804 0.0930991 0.145044 0.00455967
2 0.954092 0.766357 0.0918154 0.109426 0.00382427
2 0.955333 0.759088 0.0893344 0.413596 0.00348288
2 0.783938 0.10991 0.148389 0.218849 0.00325081
2 0.934738 0.574984 0.128371 0.850032 0.00316638
2 0.717497 0.516161 0.35626 0.967679 0.00268139
2 0.259517 0.49244 0.4814 0.972599 0.00217127
2 0.847426 0.740225 0.305147 0.514095 0.00189272
2 0.936264 0.0655524 0.12521 0.131105 0.00186668
2 0.851984 0.533427 0.295659 0.933145 0.00171255
1 0.856973 0.786744 0.286054 0.419665 0.00168071
2 0.887883 0.911789 0.224233 0.176421 0.00166829
2 0.326066 0.389698 0.596638 0.772202 0.00157888
2 0.170253 0.498809 0.313526 0.946236 0.00150949
2 0.783746 0.412297 0.117334 0.162657 0.00147666
2 0.248308 0.32303 0.454655 0.614679 0.00145591
0 0.731865 0.687678 0.32107 0.595741 0.00120921
1 0.851204 0.844831 0.297591 0.310339 0.00120686
0 0.75962 0.762812 0.352347 0.445755 0.00118463
2 0.928897 0.440243 0.140233 0.668012 0.00116534
2 0.830744 0.109569 0.338512 0.219138 0.00111805
2 0.813875 0.453709 0.361455 0.905225 0.00111343
0 0.695311 0.556915 0.347025 0.859152 0.00108416
2 0.066822 0.521014 0.133594 0.869169 0.00106412
0 0.69991 0.749307 0.339609 0.484504 0.00105935
2 0.768484 0.188257 0.463032 0.376513 0.00105442
2 0.918909 0.228114 0.158577 0.456228 0.00101988
2 0.909209 0.332022 0.17878 0.588552 0.00100553
2 0.337054 0.281138 0.607484 0.562276 0.000972058
2 0.35787 0.768452 0.466882 0.439696 0.000916213
2 0.691022 0.470928 0.509443 0.931208 0.000916094
2 0.959681 0.917513 0.0798309 0.164974 0.000907189
2 0.754821 0.40538 0.481897 0.810761 0.000904968
2 0.734756 0.0985934 0.486793 0.197187 0.000900416
2 0.0744105 0.356141 0.148248 0.649488 0.000899247
2 0.801833 0.773586 0.369635 0.430998 0.000888143
2 0.85835 0.882166 0.2833 0.235669 0.000887027
1 0.758659 0.526147 0.370664 0.926966 0.00086822
2 0.933028 0.164831 0.131538 0.329661 0.000858853
2 0.0674986 0.237329 0.133871 0.464136 0.000856568
2 0.854551 0.261686 0.288806 0.523372 0.000840399
2 0.0335261 0.15275 0.0670521 0.2815 0.000839677
2 0.138749 0.414789 0.273185 0.761493 0.000829446
0 0.527675 0.946269 0.428911 0.107463 0.000809234
0 0.291697 0.191543 0.576585 0.383087 0.000806283
2 0.355391 0.8833 0.445014 0.226085 0.00079559
2 0.788307 0.403435 0.0913044 0.146261 0.000784597
1 0.217222 0.774959 0.434444 0.372783 0.000782382
0 0.193356 0.0886827 0.214453 0.167868 0.000780022
2 0.516908 0.123611 0.946346 0.247223 0.000773569
2 0.936171 0.11891 0.124421 0.237821 0.00076404
2 0.891757 0.163258 0.213861 0.326515 0.000752494
1 0.754215 0.905639 0.455568 0.188723 0.00075212
2 0.0895301 0.723026 0.178765 0.413668 0.00074433
0 0.428812 0.951314 0.572819 0.0973722 0.000738406
2 0.112937 0.515295 0.225873 0.919389 0.000737506
1 0.183622 0.839851 0.367239 0.281699 0.000736695
2 0.508595 0.316651 0.956018 0.631592 0.000735553
2 0.160367 0.752901 0.320734 0.38651 0.000734286
1 0.712041 0.927516 0.412331 0.144969 0.000731561
1 0.751076 0.82997 0.444741 0.34006 0.000731103
1 0.10028 0.828713 0.200561 0.310197 0.000715304
2 0.890871 0.101531 0.211634 0.203063 0.000714792
2 0.0788617 0.654731 0.157723 0.573311 0.000714399
0 0.787164 0.470493 0.119249 0.285251 0.000714053
2 0.562651 0.443742 0.714387 0.884038 0.000712359
1 0.246234 0.83406 0.489682 0.315182 0.000711265
2 0.527955 0.0775154 0.897025 0.155031 0.000708906
0 0.267895 0.950648 0.492506 0.0987039 0.000707292
2 0.399284 0.95081 0.521809 0.0983799 0.00070344
1 0.0926452 0.751216 0.18464 0.372649 0.000694367
2 0.238259 0.935625 0.474867 0.12875 0.000692733
1 0.61899 0.941903 0.35177 0.116194 0.000690429
2 0.206119 0.747189 0.12205 0.364912 0.000686548
0 0.316937 0.776657 0.465793 0.411073 0.000684419
2 0.619264 0.0954167 0.713669 0.190833 0.00068165
0 0.407074 0.756484 0.550088 0.468181 0.000679167
1 0.114806 0.901941 0.229611 0.196118 0.000677697
0 0.673496 0.938521 0.377849 0.122958 0.000674892
0 0.343521 0.144001 0.608267 0.288002 0.000670667
0 0.632049 0.758582 0.362008 0.477879 0.000669609
2 0.0649931 0.15323 0.129986 0.296539 0.000664582
2 0.25886 0.850308 0.481111 0.276544 0.000664435
2 0.310505 0.949001 0.440524 0.101997 0.000655535
0 0.302091 0.539617 0.531032 0.891073 0.000653542
0 0.0808406 0.817443 0.161681 0.282794 0.000650091
2 0.124424 0.317658 0.248849 0.593186 0.000645176
2 0.774518 0.487293 0.131129 0.32183 0.000631419
2 0.554817 0.746495 0.555128 0.49579 0.000631279
2 0.499095 0.0541245 0.855273 0.108249 0.000622458
2 0.94936 0.713934 0.0993225 0.279571 0.000620321
2 0.57273 0.75835 0.322016 0.47888 0.00061886
2 0.962507 0.862029 0.0749861 0.275943 0.000618034
2 0.497853 0.23404 0.897567 0.46808 0.000616206
2 0.259073 0.783069 0.456308 0.394823 0.000615237
2 0.706102 0.274321 0.520742 0.548643 0.000603205
2 0.568331 0.859921 0.325423 0.280158 0.000599382
1 0.101822 0.116732 0.203643 0.233464 0.000599209
0 0.2018 0.912752 0.4036 0.174497 0.00059477
1 0.182432 0.914032 0.364863 0.171937 0.000589566
2 0.0212064 0.20993 0.0424129 0.315259 0.000585905
0 0.223706 0.630007 0.447413 0.65644 0.000581785
2 0.129869 0.226825 0.259738 0.451901 0.000572707
0 0.421937 0.0915794 0.701446 0.183159 0.00056184
0 0.0891834 0.859192 0.178367 0.236877 0.000559038
0 0.495592 0.75995 0.482413 0.473097 0.000544095
2 0.608125 0.807293 0.319845 0.385413 0.000531145
2 0.987848 0.819425 0.0232603 0.325249 0.000530772
0 0.9854 0.252823 0.0290073 0.269762 0.000522782
2 0.788439 0.58032 0.154869 0.203175 0.000516463
1 0.088216 0.16478 0.176153 0.32956 0.000512109
2 0.518876 0.897023 0.424476 0.205953 0.000509418
1 0.147081 0.123675 0.294162 0.247349 0.000498394
0 0.423379 0.887387 0.595663 0.225226 0.000496925
0 0.672279 0.801114 0.362638 0.397773 0.000495631
2 0.436535 0.733641 0.635702 0.519145 0.000491626
2 0.0730011 0.833833 0.146002 0.288505 0.000486417
2 0.776413 0.380695 0.115759 0.20868 0.000484374
2 0.76682 0.570598 0.208705 0.251025 0.000483314
0 0.0965934 0.634822 0.192656 0.274606 0.000479978
1 0.784384 0.515724 0.16624 0.35204 0.000477407
0 0.948224 0.820626 0.101592 0.257917 0.000470201
0 0.562142 0.497187 0.626961 0.985852 0.00046999
2 0.98019 0.821093 0.0391788 0.239806 0.000466652
2 0.790485 0.508013 0.150918 0.374241 0.000460266
0 0.422235 0.127077 0.71431 0.254153 0.00045899
0 0.184216 0.528119 0.368417 0.861748 0.000456935
1 0.215951 0.136793 0.431903 0.273586 0.000451493
2 0.98379 0.273532 0.0324195 0.279465 0.000450364
1 0.0779591 0.855316 0.155486 0.244875 0.000450124
0 0.277944 0.996175 0.187558 0.00764972 0.000437235
0 0.112983 0.667947 0.225965 0.253153 0.000427171
2 0.191587 0.0940863 0.233875 0.17667 0.000426377
2 0.109583 0.14934 0.219166 0.28531 0.000425352
0 0.120707 0.712222 0.229623 0.390729 0.000410589
0 0.304349 0.994622 0.217983 0.0107565 0.00040791
2 0.980351 0.305493 0.0392977 0.319311 0.000407793
2 0.0430326 0.19683 0.0860652 0.356792 0.000399671
0 0.422566 0.671808 0.637816 0.634339 0.000398481
0 0.12561 0.845346 0.251221 0.231084 0.000397729
0 0.204193 0.0763853 0.166474 0.147506 0.000391044
0 0.18577 0.173394 0.371539 0.346787 0.000387561
2 0.226093 0.714467 0.164967 0.355522 0.000387433
2 0.968276 0.700266 0.0634483 0.460432 0.00038585
0 0.948081 0.776446 0.102857 0.188085 0.000384875
0 0.48105 0.993113 0.213483 0.0137738 0.000384811
0 0.380218 0.99095 0.234599 0.0181004 0.000375014
0 0.506698 0.990458 0.207168 0.019084 0.000372205
0 0.252149 0.997239 0.160173 0.00552289 0.000368968
2 0.301651 0.735507 0.269924 0.354116 0.000365451
0 0.232094 0.201783 0.233001 0.389257 0.000362737
0 0.342931 0.993352 0.261239 0.0132963 0.000362475
0 0.210292 0.236908 0.187425 0.330298 0.000361941
0 0.0969778 0.506272 0.19072 0.370861 0.000361544
0 0.326248 0.117523 0.113806 0.201075 0.000361174
2 0.977766 0.836447 0.0444683 0.327106 0.000359544
2 0.230522 0.762725 0.184524 0.351429 0.00035516
0 0.579714 0.986302 0.23438 0.0273951 0.000353776
2 0.0576454 0.76967 0.115291 0.398518 0.000353428
0 0.0979712 0.78222 0.195942 0.338293 0.000353289
2 0.179143 0.73956 0.121717 0.392297 0.000352072
2 0.793436 0.538045 0.146684 0.267954 0.000350986
2 0.757024 0.429219 0.153718 0.22688 0.000350885
0 0.615024 0.98402 0.218034 0.0319605 0.00034636
0 0.417537 0.991844 0.231155 0.0163127 0.000344262
0 0.269652 0.226925 0.421676 0.45385 0.000344255
0 0.882337 0.977027 0.235326 0.0459451 0.000342692
0 0.232798 0.634707 0.244713 0.347931 0.000342617
2 0.0228981 0.146163 0.0457963 0.285361 0.000342274
0 0.276121 0.628539 0.22737 0.355591 0.000341274
0 0.163783 0.267371 0.190628 0.304737 0.000340198
2 0.346863 0.114435 0.131585 0.199577 0.000338415
0 0.527662 0.985992 0.217117 0.028015 0.000337057
0 0.303034 0.839724 0.335749 0.269059 0.000335496
0 0.638474 0.980283 0.190688 0.039434 0.000334179
2 0.192624 0.779071 0.105721 0.400129 0.000332852
0 0.175031 0.864406 0.350063 0.216766 0.000332476
0 0.941684 0.404292 0.116631 0.403598 0.000332238
0 0.754876 0.982057 0.189892 0.0358859 0.000331787
0 0.782088 0.345445 0.113992 0.294779 0.000331151
2 0.190027 0.633563 0.210025 0.444368 0.000330865
2 0.755623 0.345336 0.155337 0.309061 0.000330657
0 0.975954 0.404182 0.0480926 0.439793 0.000330255
2 0.695574 0.140158 0.263036 0.261041 0.00032907
2 0.0517033 0.640721 0.0998656 0.31402 0.000327868
1 0.0947402 0.00392994 0.146152 0.00785989 0.000326043
2 0.0856246 0.792804 0.17023 0.338181 0.000323626
0 0.794917 0.335015 0.165698 0.385532 0.000323034
2 0.266308 0.719914 0.214996 0.286969 0.000319434
2 0.821557 0.58037 0.254192 0.221595 0.0003194
0 0.108523 0.599575 0.217046 0.238713 0.000318115
2 0.017479 0.677798 0.034958 0.419747 0.000317435
2 0.934968 0.0434387 0.130004 0.0868773 0.000317205
0 0.579658 0.61585 0.333913 0.274462 0.000316695
2 0.969438 0.953157 0.0611243 0.0936852 0.000315939
2 0.266297 0.545044 0.335548 0.271632 0.000315185
0 0.492591 0.113699 0.187736 0.222434 0.000313621
0 0.45933 0.897633 0.380254 0.17857 0.000312934
0 0.405871 0.136966 0.22447 0.256413 0.000312002
0 0.533452 0.1252 0.252228 0.24383 0.000311564
0 0.221358 0.532752 0.336378 0.291927 0.000310676
2 0.128172 0.00210259 0.132304 0.00420519 0.000309834
0 0.338057 0.606472 0.351386 0.388716 0.000308844
2 0.943358 0.077511 0.113284 0.155022 0.000307776
0 0.0169706 0.290782 0.0339412 0.390059 0.000307546
2 0.666062 0.855102 0.230433 0.289797 0.000305316
0 0.883571 0.847189 0.232858 0.305622 0.000304651
0 0.464304 0.676128 0.337331 0.341692 0.000303417
0 0.802705 0.477718 0.1485 0.426914 0.000303251
0 0.594259 0.611723 0.356723 0.370151 0.000302328
2 0.319928 0.690399 0.297113 0.302743 0.000301633
0 0.191358 0.543655 0.327909 0.508781 0.000299819
0 0.920774 0.720888 0.156897 0.297058 0.000299485
0 0.463385 0.603961 0.347029 0.320966 0.000298152
0 0.242834 0.848396 0.227932 0.246237 0.000296833
0 0.306161 0.67346 0.260604 0.325504 0.00029613
2 0.973504 0.0541706 0.0529913 0.108341 0.000293513
0 0.135469 0.99673 0.154959 0.00653955 0.000292294
0 0.209028 0.425895 0.403113 0.477894 0.000291978
0 0.596746 0.666273 0.300617 0.261235 0.000291526
0 0.97404 0.201057 0.0515079 0.296794 0.000291188
2 0.364948 0.00325241 0.152601 0.00650483 0.000290569
0 0.206278 0.117945 0.251019 0.221656 0.000290273
0 0.801465 0.0883332 0.114299 0.176666 0.000290163
0 0.107428 0.41264 0.167575 0.479789 0.000290057
0 0.0184011 0.367172 0.0368022 0.373937 0.00028981
2 0.529368 0.003387 0.141941 0.006774 0.000289781
0 0.406962 0.640348 0.305646 0.29539 0.000289598
0 0.137446 0.334224 0.187591 0.480053 0.000286867
0 0.973023 0.261172 0.0539538 0.300304 0.000286366
1 0.0760495 0.00517213 0.138145 0.0103443 0.000286149
2 0.25355 0.681658 0.186032 0.322518 0.000285745
0 0.16354 0.996926 0.150506 0.00614752 0.000285125
2 0.593675 0.746934 0.274416 0.320243 0.000284477
2 0.127854 0.107705 0.255709 0.205117 0.000283762
0 0.0567541 0.492378 0.110422 0.39415 0.000282974
0 0.148196 0.760044 0.162803 0.417545 0.000282883
2 0.337411 0.00106513 0.152784 0.00213026 0.000282666
0 0.672574 0.980993 0.165663 0.038014 0.000282295
0 0.233466 0.194264 0.333491 0.388529 0.000281291
0 0.128136 0.618665 0.254663 0.397597 0.000280114
2 0.558119 0.00357567 0.134493 0.00715134 0.000280058
0 0.0387669 0.487666 0.0770642 0.459599 0.000278546
0 0.477531 0.857121 0.362951 0.25986 0.000277604
0 0.551814 0.556817 0.351142 0.280695 0.000277087
0 0.829813 0.979017 0.172612 0.0419666 0.000276754
2 0.887084 0.861704 0.225833 0.276592 0.000276134
2 0.934508 0.0925728 0.130983 0.179563 0.000275485
2 0.0354018 0.712746 0.0706122 0.489888 0.000274981
0 0.429379 0.710806 0.319691 0.253416 0.000274527
2 0.507573 0.942261 0.474036 0.0926628 0.000274512
0 0.583581 0.462555 0.407393 0.571262 0.000273962
0 0.103784 0.996473 0.155677 0.00705475 0.000273639
0 0.42785 0.725415 0.251815 0.340886 0.000273557
2 0.785696 0.0498167 0.129191 0.0996335 0.000272921
0 0.398307 0.682195 0.280271 0.295931 0.000272477
2 0.0153157 0.756947 0.0306315 0.435313 0.000271456
0 0.805751 0.40681 0.16 0.216675 0.000270839
0 0.966822 0.325916 0.0663553 0.389713 0.000270529
2 0.682488 0.910744 0.24668 0.178513 0.000270188
2 0.761153 0.0192674 0.111411 0.0385347 0.000269847
0 0.480363 0.720335 0.211874 0.330346 0.000269748
2 0.675548 0.00460092 0.127071 0.00920183 0.000269132
2 0.0128881 0.615905 0.0257762 0.384062 0.000268953
2 0.157468 0.00277192 0.130146 0.00554383 0.000268845
0 0.358202 0.652271 0.351517 0.299716 0.000267675
0 0.186657 0.997087 0.147308 0.00582593 0.000266666
0 0.394584 0.874606 0.45506 0.222361 0.000265985
2 0.34506 0.520501 0.419971 0.338726 0.000265127
2 0.0382841 0.259037 0.0763505 0.404625 0.000265022
0 0.438413 0.111539 0.149657 0.217176 0.000264785
2 0.198046 0.333006 0.26398 0.390135 0.000264677
0 0.479827 0.720807 0.158839 0.215492 0.000263841
2 0.633186 0.0104217 0.128945 0.0208433 0.000262822
0 0.617058 0.706952 0.226137 0.308353 0.000262443
0 0.0222189 0.435043 0.0444378 0.400946 0.000262172
0 0.699096 0.977545 0.172968 0.0449093 0.000261982
0 0.980849 0.537557 0.0383012 0.371084 0.000261577
2 0.191826 0.284141 0.241522 0.300955 0.000260799
0 0.439168 0.718871 0.206362 0.233688 0.000260757
0 0.0409394 0.378677 0.0818788 0.406835 0.000260341
0 0.491336 0.400008 0.398481 0.253355 0.000260158
0 0.369331 0.130792 0.157647 0.2326 0.00026009
2 0.729996 0.0110984 0.129384 0.0221969 0.000259982
2 0.653754 0.0062061 0.133934 0.0124122 0.000259784
0 0.43241 0.773184 0.30358 0.294419 0.000259098
0 0.918356 0.41255 0.143036 0.333103 0.000259076
0 0.852063 0.343883 0.230729 0.395923 0.000259064
2 0.0269195 0.617138 0.0535234 0.415715 0.000258942
2 0.268669 0.684399 0.194036 0.228178 0.000258294
