0 0.649864 0.663908 0.181032 0.266157 0.960988
0 0.282345 0.723923 0.103425 0.130179 0.902807
0 0.728463 0.406743 0.0624449 0.0914795 0.893773
0 0.476656 0.51315 0.206811 0.578127 0.841672
0 0.546886 0.531041 0.0411356 0.0699914 0.796974
0 0.075256 0.871627 0.0345195 0.0676191 0.738605
0 0.19285 0.983122 0.0454443 0.0327856 0.137617
0 0.782096 0.341229 0.0254321 0.0363389 0.078309
0 0.175496 0.978524 0.0882826 0.0429512 0.0654962
0 0.452254 0.423513 0.132272 0.386167 0.0642094
0 0.559535 0.841092 0.0209751 0.0346572 0.017281
0 0.696032 0.745244 0.0840096 0.09611 0.0152285
0 0.633726 0.649191 0.147344 0.228004 0.0147898
0 0.434944 0.619392 0.119624 0.354077 0.0140764
0 0.190352 0.977728 0.0512817 0.0445432 0.0108062
0 0.772539 0.341542 0.0476275 0.0382922 0.00969763
0 0.781474 0.338727 0.0320621 0.0413335 0.0081433
0 0.434999 0.565602 0.126641 0.483696 0.00780394
0 0.803353 0.700581 0.045928 0.045812 0.00694606
0 0.172619 0.979186 0.100149 0.0416272 0.00651998
0 0.756286 0.349157 0.0806578 0.0555539 0.0053051
0 0.433945 0.707583 0.118718 0.185175 0.00457791
0 0.47717 0.304457 0.086046 0.141786 0.00339281
0 0.650322 0.73226 0.184509 0.428157 0.00278521
0 0.173486 0.973115 0.100746 0.0537702 0.00260709
0 0.646645 0.613229 0.109 0.156012 0.00233256
0 0.260571 0.93658 0.0221512 0.034889 0.00230175
0 0.643547 0.522181 0.201922 0.565205 0.00220012
0 0.81003 0.702857 0.0602356 0.0512508 0.00190688
0 0.538432 0.832722 0.068312 0.0608719 0.0018318
0 0.748347 0.388755 0.102713 0.132428 0.00161779
0 0.122298 0.913452 0.224782 0.173096 0.0015649
0 0.661842 0.757907 0.156691 0.0750475 0.00154094
0 0.159933 0.403989 0.0201767 0.0260868 0.00151023
0 0.386415 0.520166 0.340782 0.592631 0.00149106
0 0.138188 0.930769 0.239094 0.138462 0.0014813
0 0.135467 0.49982 0.268176 0.929219 0.00146036
0 0.163694 0.947159 0.243337 0.105683 0.00145976
2 0.2062 0.32743 0.410836 0.638038 0.00139279
0 0.100743 0.599272 0.201486 0.786788 0.00135323
2 0.96919 0.674247 0.0616206 0.459959 0.00133695
2 0.967714 0.748486 0.0645725 0.397641 0.00129091
1 0.291242 0.266303 0.582484 0.532606 0.00125202
0 0.972579 0.536677 0.0548429 0.486878 0.00124064
2 0.29973 0.349201 0.595472 0.689322 0.00123113
0 0.524098 0.50587 0.293963 0.618634 0.00121363
1 0.348881 0.507117 0.589872 0.741994 0.00119133
2 0.686941 0.249897 0.445889 0.499795 0.00117754
2 0.222987 0.435247 0.445664 0.865453 0.00117182
0 0.154904 0.407516 0.0200027 0.0347882 0.00113452
0 0.147504 0.640184 0.287072 0.69567 0.00110897
0 0.467789 0.8407 0.0521578 0.0676469 0.00110701
0 0.708355 0.647526 0.343603 0.294782 0.00110414
2 0.159457 0.264963 0.313421 0.501015 0.00109892
1 0.242917 0.515257 0.358264 0.773392 0.00109025
2 0.747721 0.256988 0.26524 0.479704 0.00107646
0 0.713202 0.516682 0.0160556 0.0266 0.00107207
2 0.70025 0.26745 0.27225 0.481947 0.00106998
0 0.165055 0.985129 0.121657 0.029742 0.00106464
0 0.61435 0.508336 0.338594 0.595364 0.00105378
0 0.108693 0.80963 0.215903 0.369472 0.00105303
0 0.240494 0.959283 0.339289 0.0814341 0.00103592
1 0.695438 0.243174 0.549424 0.486347 0.00102634
0 0.148429 0.814698 0.247761 0.363621 0.00101902
1 0.235894 0.463232 0.460397 0.877125 0.00101121
2 0.256413 0.54551 0.208749 0.622113 0.00100111
0 0.820217 0.595754 0.269909 0.636027 0.000988034
2 0.925933 0.750899 0.139135 0.425985 0.000987108
2 0.972633 0.403026 0.0546265 0.511894 0.000982176
2 0.727034 0.292351 0.169288 0.420784 0.000978224
2 0.934438 0.680216 0.12397 0.533601 0.000972718
0 0.77406 0.55133 0.200448 0.583912 0.000961998
1 0.0806275 0.790334 0.161255 0.416383 0.00095804
2 0.198171 0.633665 0.277306 0.662426 0.000957806
0 0.655232 0.87825 0.226274 0.2435 0.000956132
0 0.186517 0.566579 0.290899 0.753647 0.000949863
2 0.124005 0.237566 0.247844 0.449877 0.000942322
0 0.747648 0.786826 0.382929 0.426347 0.000940456
0 0.751749 0.331191 0.128313 0.336494 0.00093924
1 0.232321 0.219228 0.464643 0.438457 0.000938188
0 0.186689 1 0.067956 0 0.000932654
0 0.888946 0.640905 0.222109 0.601237 0.000930915
0 0.105923 0.393467 0.211846 0.740002 0.000929261
0 0.738901 0.416873 0.0935098 0.258836 0.000924676
0 0.0804648 0.673701 0.16093 0.625543 0.000909965
0 0.0468532 0.877878 0.0926057 0.0914366 0.000907474
2 0.54986 0.466778 0.350871 0.673634 0.000898272
0 0.983408 0.477124 0.0326077 0.194945 0.000894721
0 0.217861 0.906011 0.339088 0.187978 0.000885834
2 0.90751 0.898927 0.177737 0.202145 0.000885634
1 0.893603 0.703187 0.212794 0.521976 0.000883112
2 0.963441 0.246282 0.0723215 0.49036 0.000881924
0 0.357793 0.970392 0.0325561 0.0480128 0.000877769
2 0.825877 0.253281 0.305265 0.48555 0.000877003
2 0.771618 0.242486 0.456764 0.484971 0.000873287
0 0.10358 0.716443 0.207161 0.567098 0.000864971
2 0.962799 0.807058 0.0744017 0.325583 0.000864351
0 0.835035 0.704737 0.277297 0.417637 0.000858882
0 0.807935 0.405949 0.232518 0.537365 0.000858404
2 0.667626 0.331611 0.31459 0.485034 0.000854473
0 0.611912 0.885604 0.309208 0.228792 0.000853926
0 0.143321 0.989786 0.0214342 0.0204283 0.000853865
0 0.311509 0.963956 0.432367 0.0720875 0.000850119
1 0.0812327 0.253019 0.162465 0.506039 0.000847361
1 0.0742751 0.192088 0.148438 0.384177 0.000834347
2 0.598997 0.42711 0.36968 0.663148 0.000827037
2 0.88688 0.761853 0.226241 0.407848 0.000821887
2 0.0862638 0.328629 0.172528 0.637877 0.000819634
1 0.576245 0.250016 0.70617 0.500033 0.000818123
2 0.87336 0.228638 0.242423 0.457275 0.000816124
0 0.759184 0.627711 0.275954 0.366285 0.000808297
1 0.797587 0.216637 0.401532 0.433273 0.000806611
0 0.55075 0.899256 0.513191 0.201489 0.000805084
0 0.736349 0.365269 0.134744 0.359913 0.00080056
2 0.276339 0.57795 0.12954 0.501822 0.000795068
1 0.302608 0.170254 0.605216 0.340508 0.000788474
1 0.954592 0.872543 0.0908159 0.254914 0.000785937
0 0.858805 0.514295 0.267282 0.748753 0.000783299
0 0.332941 0.523661 0.211108 0.561033 0.000782371
0 0.536856 0.730208 0.435447 0.539584 0.000778806
0 0.321052 0.887444 0.490671 0.225111 0.000778751
0 0.0395976 0.112006 0.0225059 0.0313291 0.000774115
0 0.384087 0.904793 0.61003 0.190415 0.000770708
1 0.46859 0.217634 0.709695 0.435269 0.000768827
0 0.585734 0.649841 0.316081 0.290213 0.00076617
2 0.601136 0.329067 0.394323 0.591445 0.000759288
2 0.864324 0.896039 0.271353 0.207923 0.000758153
1 0.0910714 0.118809 0.182143 0.237618 0.000755398
0 0.744025 0.400483 0.0976682 0.189863 0.00075433
0 0.0704079 0.472485 0.140816 0.743478 0.000746575
2 0.614197 0.275856 0.543448 0.551711 0.000742304
0 0.199751 1 0.052165 0 0.000738006
0 0.254781 0.936405 0.021273 0.0310959 0.000737706
0 0.442408 0.495283 0.118501 0.514463 0.000733006
0 0.983806 0.477803 0.0317856 0.114016 0.000728981
2 0.91372 0.820684 0.162468 0.28336 0.000727145
0 0.104189 0.933242 0.208378 0.133516 0.000713192
0 0.0589282 0.556723 0.117856 0.666311 0.000710352
0 0.229015 0.811675 0.307075 0.376649 0.000709903
0 0.93726 0.534833 0.118646 0.681747 0.00070773
0 0.449882 0.354477 0.12689 0.241519 0.000704633
0 0.810262 0.302776 0.241319 0.483387 0.000703969
2 0.927655 0.206627 0.143414 0.413254 0.000703756
2 0.0484837 0.617447 0.0969673 0.613155 0.000701526
1 0.151133 0.159712 0.302265 0.319424 0.000698714
0 0.75038 0.903567 0.358952 0.192867 0.000697335
1 0.878763 0.820174 0.242474 0.299371 0.000696749
2 0.389116 0.369339 0.508269 0.738678 0.000696035
2 0.917068 0.255055 0.155948 0.49996 0.000694288
2 0.449416 0.34632 0.341268 0.673254 0.000690586
0 0.0853982 0.908886 0.170796 0.179925 0.000689569
0 0.683451 0.75004 0.111544 0.0900138 0.000688918
2 0.498826 0.377531 0.325615 0.710488 0.000687403
1 0.572975 0.0877015 0.681764 0.175403 0.000683803
1 0.464272 0.0707522 0.68519 0.141504 0.000683792
1 0.345429 0.095835 0.671761 0.19167 0.000683086
0 0.515083 0.827056 0.117343 0.0868018 0.000676752
2 0.504916 0.971403 0.458554 0.0571932 0.000669541
1 0.723123 0.0561184 0.553755 0.112237 0.00066904
1 0.0450377 0.749738 0.0899819 0.466056 0.000667234
0 0.8192 0.767847 0.33929 0.348832 0.000664317
0 0.864794 0.967547 0.270411 0.0649059 0.000660291
0 0.143191 0.985786 0.0210832 0.0248809 0.000660231
2 0.824232 0.969446 0.339881 0.0611077 0.000653865
1 0.785555 0.045652 0.428889 0.091304 0.000653172
0 0.807555 0.90201 0.348972 0.195981 0.000651452
1 0.0715214 0.853511 0.0472406 0.153052 0.000649398
0 0.720849 0.404824 0.0838916 0.104202 0.000648854
1 0.311781 0.535942 0.178711 0.541118 0.00064823
2 0.692276 0.971484 0.331911 0.0570324 0.000644046
1 0.219957 0.0696377 0.439914 0.139275 0.00064178
0 0.392429 0.969705 0.455897 0.0605901 0.000640166
1 0.220963 0.766792 0.291477 0.466417 0.000631018
1 0.661196 0.0680277 0.608412 0.136055 0.000630975
1 0.319598 0.798203 0.311355 0.403594 0.000630517
0 0.137379 0.983949 0.182715 0.0321025 0.000629377
0 0.668523 0.473163 0.293003 0.577528 0.000626824
0 0.783357 0.969884 0.346884 0.0602322 0.000624678
0 0.559999 0.843915 0.0266075 0.0451558 0.000619884
0 0.228799 0.978989 0.203407 0.0420215 0.00061839
1 0.145862 0.054729 0.291723 0.109458 0.00061308
0 0.817133 0.830952 0.345855 0.338096 0.00060849
2 0.905844 0.965254 0.188312 0.0694927 0.000603704
0 0.730317 0.495022 0.168749 0.631194 0.000601336
1 0.0904055 0.0608133 0.180811 0.121627 0.00059817
0 0.422665 0.693652 0.608773 0.612696 0.000598034
2 0.932096 0.420577 0.126777 0.673738 0.000581476
0 0.882082 0.350426 0.216077 0.610534 0.000581218
0 0.589477 0.971273 0.428001 0.0574546 0.000579869
1 0.933478 0.940119 0.133043 0.119763 0.000577654
1 0.112659 0.0490408 0.225318 0.0980816 0.000575491
2 0.767145 0.490681 0.156269 0.589768 0.000573945
0 0.973642 0.961004 0.0521534 0.0779919 0.000571019
2 0.49268 0.3045 0.55126 0.609 0.000568604
1 0.288863 0.703371 0.14962 0.460012 0.000566906
0 0.0579724 0.805409 0.115912 0.369127 0.000566369
1 0.858482 0.0458943 0.283036 0.0917887 0.000544646
0 0.0364927 0.705977 0.0729855 0.22616 0.000535999
0 0.897465 0.282415 0.0537315 0.0694001 0.00053306
0 0.376562 0.739957 0.385476 0.520086 0.000532682
2 0.903761 0.167559 0.191138 0.335118 0.000529949
2 0.395565 0.270819 0.634407 0.541637 0.000523904
0 0.50485 0.653304 0.306166 0.693392 0.000521474
0 0.638399 0.343962 0.038014 0.0499343 0.000519282
0 0.682184 0.668437 0.112976 0.250902 0.000517309
0 0.171894 1 0.100543 0 0.000517231
0 0.808369 0.718948 0.0687091 0.0797046 0.00050874
1 0.896299 0.0732131 0.207402 0.146426 0.00050588
1 0.321593 0.62684 0.20441 0.413615 0.000495092
0 0.177502 0.956306 0.0953337 0.0870003 0.000472762
0 0.460128 0.836953 0.038915 0.0532162 0.00047017
0 0.469953 0.272155 0.0981565 0.0837871 0.000470126
0 0.793081 0.697617 0.0286097 0.0433697 0.000467274
0 0.959489 0.981069 0.0810217 0.0378626 0.000466996
0 0.472732 0.679957 0.450761 0.640086 0.000464938
0 0.45646 0.529055 0.4543 0.621249 0.000462975
2 0.388753 0 0.168407 0 0.000462164
0 0.736704 0.406541 0.0456937 0.0860054 0.000460304
0 0.452023 0.600873 0.0865391 0.119719 0.000458068
0 0.264159 0.974869 0.206183 0.050261 0.000446547
2 0.416582 0 0.164341 0 0.000446056
2 0.338331 0 0.162165 0 0.000440565
0 0.0350458 0.884136 0.0700917 0.166825 0.000438229
2 0.239601 0 0.154881 0 0.000436386
0 0.227196 0.95493 0.126927 0.0714792 0.000432587
2 0.28999 0 0.15861 0 0.00043088
2 0.538338 0 0.166427 0 0.000429152
0 0.148848 0.426937 0.0460003 0.0798717 0.000422957
2 0.666709 0 0.17583 0 0.000420312
0 0.974182 0.97075 0.0516362 0.0584991 0.000419999
0 0.939553 0.984471 0.120895 0.031057 0.000418245
0 0.9193 0.480695 0.0460983 0.0533349 0.000417911
0 0.555838 0.836718 0.0325228 0.0482949 0.00041593
2 0.184943 0 0.153023 0 0.000414892
0 0.71168 0.511091 0.0188897 0.0309786 0.00041074
1 0.0829159 0.869004 0.0589682 0.176961 0.000409392
0 0.0264242 0.723929 0.0528484 0.260443 0.000406312
0 0.434819 0.315133 0.0829102 0.138551 0.000403325
2 0.859515 0 0.165329 0 0.000401208
1 0.88919 0 0.164577 0 0.000397128
2 0.487926 0 0.155763 0 0.00039585
0 0.840746 0.898306 0.0275255 0.0478199 0.000395086
0 0.981333 0.54433 0.036786 0.246014 0.000394993
2 0.744009 0 0.155892 0 0.000394322
1 0.916546 7.08416e-05 0.159579 0.000141683 0.000394127
2 0.591494 0 0.162304 0 0.000393827
0 0.718762 0.722134 0.040945 0.058538 0.000389804
0 0.957336 0.525466 0.0843002 0.203074 0.000388636
0 0.982354 0.437191 0.0350083 0.372802 0.000384365
0 0.967886 0.503627 0.0626905 0.153138 0.000383417
2 0.618131 0 0.162273 0 0.000382947
2 0.159001 0 0.150628 0 0.000382418
0 0.0214987 0.905022 0.0426069 0.166755 0.00038198
0 0.7173 0.987713 0.122592 0.024574 0.00037718
0 0.62859 0.339861 0.0526293 0.0474956 0.000376173
1 0.128295 0 0.169041 0 0.000374653
0 0.625342 0.348749 0.0485308 0.0545843 0.000372797
0 0.017868 0.845087 0.0357359 0.219731 0.000371683
0 0.445013 0.987389 0.151082 0.0252229 0.000371235
0 0.326796 0.989062 0.156792 0.0218762 0.000369654
0 0.0249317 0.935029 0.0497651 0.129942 0.00036935
0 0.928618 0.990757 0.142764 0.018486 0.000368401
0 0.147305 1 0.065526 0 0.000364716
1 0.0978453 0.000426619 0.173773 0.000853238 0.000363
0 0.251114 0.727333 0.184183 0.137252 0.000362411
0 0.807097 0.989997 0.160509 0.0200052 0.000359853
0 0.215386 0.847849 0.117667 0.10325 0.000353158
0 0.778753 0.989075 0.170053 0.0218507 0.000352974
0 0.421104 0.986076 0.151917 0.0278479 0.000352157
0 0.425163 0.586671 0.438091 0.438376 0.000350934
0 0.0748314 0.644193 0.139324 0.0902085 0.00034984
0 0.157252 0.423375 0.0321063 0.0627587 0.000349428
2 0.126853 0.529876 0.176309 0.505596 0.000347476
0 0.451842 0.514011 0.108054 0.135716 0.000346817
0 0.982596 0.807045 0.0343408 0.296409 0.000345295
0 0.85377 0.99141 0.13654 0.017179 0.000345288
1 0.790085 0 0.15242 0 0.000344648
0 0.755208 0.985713 0.166996 0.0285737 0.000342138
1 0.822298 0 0.135181 0 0.000340324
0 0.69845 0.990905 0.134526 0.018191 0.000339766
0 0.455305 0.838383 0.0306145 0.0477346 0.000337518
0 0.141735 0.964734 0.166195 0.0705324 0.000336966
0 0.0208129 0.987717 0.0416258 0.0245654 0.000336759
1 0.942026 0 0.115947 0 0.000335089
0 0.479262 0.987293 0.177197 0.0254147 0.000334704
2 0.0581113 0.805455 0.10329 0.32829 0.000330593
2 0.676652 0.110798 0.154754 0.205829 0.000329949
0 0.125291 0.98983 0.174419 0.0203393 0.000329153
0 0.973127 0.485294 0.0515175 0.130458 0.000323764
0 0.555489 0.990408 0.169286 0.0191833 0.00032367
0 0.138226 0.456343 0.160395 0.38658 0.00032349
0 0.306417 0.465918 0.0508751 0.0670475 0.000322705
0 0.631819 0.58838 0.1517 0.110397 0.000319752
0 0.948364 0.834364 0.0674461 0.0780021 0.000317823
0 0.0487524 0.991924 0.09294 0.0161525 0.000317756
0 0.529877 0.991336 0.161219 0.0173276 0.000315505
0 0.904922 0.746054 0.0870823 0.128868 0.000315422
0 0.88498 0.990497 0.155467 0.0190056 0.000314191
2 0.808424 0.0886004 0.0884363 0.164552 0.000312531
0 0.507336 0.985216 0.175322 0.0295675 0.000310628
