2 0.475419 0.488185 0.817426 0.97637 0.936725
2 0.48592 0.278431 0.803956 0.556863 0.00348557
2 0.327187 0.487588 0.492436 0.975176 0.00180988
2 0.67563 0.260583 0.434335 0.428593 0.00175225
2 0.245547 0.412867 0.331722 0.815333 0.00170352
2 0.640525 0.607923 0.285684 0.606314 0.00165664
2 0.377916 0.390052 0.592434 0.780105 0.00151592
2 0.528778 0.201553 0.740621 0.403105 0.00136027
0 0.63628 0.529759 0.345027 0.826052 0.00128648
2 0.189899 0.394666 0.237368 0.744736 0.0012846
2 0.711685 0.202664 0.523709 0.374666 0.00128133
2 0.248917 0.287997 0.353046 0.575994 0.00119997
2 0.603892 0.240557 0.547825 0.456846 0.00119133
2 0.675269 0.495902 0.405436 0.872779 0.00118457
2 0.714091 0.359677 0.547086 0.638253 0.00114731
2 0.184536 0.500113 0.368027 0.884424 0.00110136
2 0.63302 0.303954 0.508792 0.509278 0.00109488
0 0.608874 0.618089 0.348221 0.719456 0.00108498
2 0.603017 0.729534 0.35824 0.500595 0.00108013
0 0.648239 0.492802 0.478271 0.885101 0.00107378
2 0.122557 0.44936 0.245114 0.872089 0.00105574
2 0.215372 0.590651 0.292629 0.697875 0.0010051
2 0.617256 0.459445 0.544742 0.80867 0.000998728
2 0.180767 0.285826 0.281812 0.568658 0.000987162
2 0.094262 0.253848 0.188378 0.507695 0.000978584
2 0.318337 0.248272 0.52956 0.496545 0.000958877
2 0.542237 0.133546 0.744478 0.267092 0.000945311
1 0.252827 0.655521 0.47245 0.575787 0.00093041
1 0.726792 0.505752 0.489457 0.805329 0.00087773
2 0.73154 0.154707 0.534002 0.309414 0.000872425
0 0.654585 0.600235 0.384347 0.578775 0.00086215
1 0.228829 0.706084 0.339037 0.459233 0.000856234
1 0.931775 0.720645 0.12911 0.439129 0.000836094
2 0.186336 0.692777 0.372318 0.514421 0.000835912
2 0.754093 0.581248 0.467346 0.611681 0.000830981
1 0.733044 0.120702 0.533912 0.241405 0.000829275
0 0.158887 0.328544 0.156201 0.374913 0.000824284
0 0.299063 0.678352 0.415853 0.530516 0.000816588
2 0.188232 0.250798 0.374055 0.501595 0.000808251
2 0.0809081 0.717899 0.161816 0.448065 0.000791755
2 0.590729 0.586185 0.39803 0.789926 0.000788359
2 0.757793 0.251311 0.475706 0.467069 0.00078506
1 0.900972 0.763557 0.195469 0.369896 0.00078019
1 0.266085 0.515205 0.466894 0.855793 0.000775861
2 0.0844483 0.387246 0.16881 0.774492 0.000768687
2 0.600332 0.952398 0.408352 0.0952038 0.000765262
1 0.881806 0.704132 0.232015 0.396281 0.000762322
0 0.63158 0.712156 0.306879 0.503973 0.00075669
2 0.895488 0.254309 0.207442 0.500937 0.000752203
2 0.617311 0.107359 0.643807 0.214718 0.000740642
2 0.0894014 0.508495 0.178803 0.850583 0.000740519
1 0.975965 0.743649 0.0479202 0.421684 0.000724608
2 0.702387 0.954396 0.472516 0.0912078 0.00070952
0 0.410074 0.717968 0.598987 0.504396 0.000704169
1 0.970797 0.782397 0.0581596 0.378224 0.000693187
2 0.269516 0.952829 0.475103 0.0943422 0.000687492
1 0.827615 0.761002 0.343156 0.330261 0.000683637
2 0.258248 0.68709 0.337813 0.495275 0.000674632
1 0.783088 0.685003 0.431087 0.374191 0.000674497
1 0.0964079 0.1672 0.192305 0.3344 0.000669601
2 0.0643665 0.65883 0.128733 0.582917 0.000668906
1 0.710782 0.0839708 0.578437 0.167942 0.000664922
2 0.923749 0.360619 0.150929 0.627168 0.000656932
2 0.137844 0.938557 0.275688 0.122886 0.000655045
1 0.936823 0.647701 0.110086 0.58407 0.000654596
1 0.90667 0.624908 0.161311 0.581316 0.000653743
2 0.825543 0.236568 0.347631 0.449668 0.000651011
1 0.233121 0.762873 0.466242 0.378102 0.000638773
2 0.402952 0.944464 0.575518 0.111072 0.000635511
1 0.977358 0.623001 0.0452836 0.565975 0.000631757
0 0.309189 0.539096 0.452656 0.823242 0.0006301
1 0.13163 0.848188 0.263259 0.287705 0.000624668
0 0.668939 0.862006 0.432912 0.275988 0.000617082
2 0.74484 0.473538 0.489598 0.875058 0.000611269
2 0.976998 0.569266 0.0460033 0.620885 0.000606131
0 0.743539 0.651612 0.428696 0.460989 0.00059267
2 0.825781 0.397283 0.34535 0.727835 0.000591474
2 0.197804 0.948114 0.395609 0.103773 0.000589123
1 0.951192 0.835117 0.0976168 0.326725 0.000588222
2 0.278402 0.188397 0.552158 0.376794 0.000583088
2 0.0728565 0.574345 0.145713 0.745484 0.000581153
0 0.223923 0.942294 0.447847 0.115413 0.000579431
1 0.859111 0.827863 0.280941 0.318637 0.000578126
0 0.310809 0.819602 0.388046 0.201032 0.000576925
2 0.45794 0.830547 0.250364 0.300956 0.000576559
2 0.7984 0.124181 0.4032 0.248361 0.000571869
2 0.660349 0.0768274 0.64813 0.153655 0.000571277
0 0.452742 0.131982 0.751768 0.263963 0.000564115
1 0.924231 0.892888 0.151539 0.214224 0.00056027
2 0.307761 0.857863 0.424718 0.11409 0.000559212
0 0.499438 0.934189 0.586008 0.131622 0.000557465
0 0.146022 0.47779 0.120584 0.26558 0.000550476
2 0.454487 0.756327 0.697227 0.462397 0.000548565
1 0.87497 0.123144 0.25006 0.246288 0.000547139
1 0.692617 0.769728 0.332612 0.324013 0.000546388
0 0.610614 0.877239 0.374317 0.245522 0.000545818
2 0.879825 0.163604 0.236936 0.327207 0.000543958
1 0.874007 0.954737 0.251986 0.0905259 0.000539818
2 0.458676 0.840354 0.682124 0.309352 0.000537886
1 0.349882 0.124853 0.62718 0.249705 0.000531189
0 0.57274 0.758748 0.422861 0.467243 0.000530995
0 0.403962 0.889904 0.581161 0.17145 0.000523571
1 0.210422 0.868411 0.420844 0.242011 0.000521531
0 0.762422 0.959027 0.469059 0.0819464 0.000520167
0 0.256931 0.484344 0.356567 0.942463 0.000517436
2 0.0978793 0.0595569 0.195759 0.119114 0.000516011
1 0.275786 0.0832564 0.548621 0.166513 0.000512735
0 0.0561072 0.227503 0.112214 0.455006 0.000512021
0 0.285969 0.851326 0.397525 0.128444 0.000511049
2 0.965872 0.44152 0.067087 0.671833 0.000509686
1 0.788699 0.832216 0.422602 0.305856 0.000507726
1 0.253072 0.828601 0.505302 0.283382 0.000507572
2 0.233694 0.12192 0.242008 0.243839 0.000507236
0 0.686055 0.0792496 0.627889 0.158499 0.000506978
0 0.901525 0.546527 0.145009 0.73624 0.000498687
1 0.808924 0.961635 0.382152 0.0767308 0.000483893
1 0.12803 0.0476916 0.256059 0.0953832 0.000480456
2 0.578816 0.86092 0.414231 0.278159 0.000476283
2 0.537136 0.82587 0.505809 0.34826 0.000468567
1 0.17677 0.0555209 0.35354 0.111042 0.000468373
2 0.869461 0.452806 0.254672 0.823679 0.000461962
0 0.106228 0.562027 0.204985 0.46404 0.000458351
0 0.46194 0.99647 0.157155 0.00706012 0.000455082
0 0.319224 0.8472 0.460661 0.20341 0.000449382
0 0.757747 0.772077 0.464901 0.291064 0.000445935
0 0.818082 0.482266 0.336443 0.887464 0.000445738
0 0.743076 0.852197 0.497592 0.282711 0.000443746
2 0.195324 0.320428 0.210218 0.338483 0.00043944
0 0.271693 0.820987 0.465001 0.254995 0.000439408
1 0.779532 0.784324 0.43692 0.251769 0.000437882
2 0.472128 0.552379 0.653194 0.866076 0.00043168
2 0.314466 0.889765 0.460507 0.0864553 0.000429177
0 0.16293 0.500107 0.160034 0.23847 0.000424596
2 0.177362 0.457257 0.180525 0.190507 0.000423395
2 0.935803 0.50844 0.113147 0.797971 0.000418933
0 0.413828 0.531543 0.657987 0.893 0.000412535
0 0.497766 0.994945 0.131836 0.0101091 0.000391317
2 0.164725 0.448364 0.157389 0.278991 0.000384749
0 0.682297 0.996558 0.131202 0.00688361 0.000379893
2 0.409061 0.793478 0.147528 0.312536 0.000377892
0 0.656565 0.996359 0.138901 0.00728186 0.000376774
2 0.0315743 0.0599654 0.0631487 0.119931 0.000375609
2 0.0244501 0.0982831 0.0489003 0.196566 0.000374956
2 0.215815 0.680358 0.137823 0.348328 0.000374673
0 0.706059 0.996787 0.133009 0.00642511 0.000374099
0 0.0309941 0.220232 0.0619883 0.440463 0.000365065
2 0.85981 0.000553184 0.140112 0.00110637 0.000364449
2 0.836528 0.000344516 0.142102 0.000689033 0.000364408
0 0.889158 0.996873 0.184238 0.00625317 0.000364117
2 0.171199 0.386705 0.165298 0.377976 0.000363751
2 0.810803 0.000511924 0.144256 0.00102385 0.000363102
0 0.632119 0.996276 0.14757 0.00744879 0.000360709
0 0.155057 0.567924 0.149404 0.490617 0.000359253
2 0.346855 0.894666 0.495932 0.10952 0.000357824
0 0.73477 0.996505 0.143432 0.00698944 0.000357804
0 0.0220604 0.554871 0.0441208 0.32415 0.000355706
0 0.815899 0.996256 0.160545 0.00748724 0.00035442
0 0.134098 0.997729 0.148189 0.00454272 0.000352386
2 0.5503 0.811953 0.262961 0.309588 0.000350641
0 0.0173388 0.506619 0.0346776 0.356838 0.000347824
0 0.411803 0.852458 0.156208 0.203492 0.0003464
0 0.942338 0.994851 0.112083 0.0102975 0.000346247
2 0.41543 0.921069 0.150961 0.104302 0.000343418
2 0.785147 0.000704963 0.143517 0.00140993 0.000342817
0 0.132595 0.357649 0.0930857 0.360625 0.000341107
0 0.607044 0.996129 0.147778 0.00774249 0.000341035
0 0.1176 0.851991 0.2352 0.265916 0.000340184
2 0.185445 0.693555 0.129277 0.42195 0.000340167
0 0.763803 0.996234 0.157505 0.00753131 0.000337709
0 0.180637 0.392247 0.185512 0.305861 0.000337231
2 0.257772 0.594188 0.186639 0.170701 0.000336946
2 0.88328 0.00210107 0.144342 0.00420215 0.000335394
2 0.363644 0.00755348 0.124978 0.015107 0.000334615
0 0.345558 0.19696 0.1909 0.39392 0.000333441
0 0.208422 0.779873 0.181582 0.272132 0.000333179
0 0.556013 0.177491 0.160417 0.201129 0.000331643
0 0.107982 0.997619 0.146401 0.00476221 0.000331077
0 0.163722 0.997529 0.154632 0.00494183 0.000330847
0 0.121195 0.655019 0.24239 0.4836 0.000328523
2 0.232816 0.0941508 0.207072 0.188302 0.000328165
0 0.927214 0.996032 0.145572 0.00793707 0.000327497
0 0.712869 0.279524 0.334106 0.124546 0.000326435
0 0.414022 0.909769 0.154413 0.117412 0.000326402
0 0.41387 0.996881 0.161873 0.00623816 0.000325806
2 0.393367 0.902134 0.18331 0.123843 0.000324555
0 0.893729 0.141444 0.207259 0.276928 0.000323848
2 0.278066 0.617135 0.240148 0.219367 0.000323385
2 0.174513 0.499413 0.176302 0.144402 0.00032216
0 0.312059 0.997466 0.140545 0.00506757 0.000322135
0 0.135419 0.445114 0.0970517 0.310312 0.000321712
2 0.756968 0.00108169 0.142659 0.00216339 0.000319634
0 0.628158 0.746551 0.319235 0.178086 0.000317778
2 0.311519 0.190909 0.261872 0.381818 0.000315216
0 0.526812 0.995182 0.143545 0.00963574 0.000315199
2 0.27752 0.161368 0.244888 0.322737 0.000313281
0 0.290537 0.311756 0.439289 0.437139 0.000312947
0 0.18986 0.997474 0.154491 0.00505194 0.000311567
0 0.336292 0.997391 0.142877 0.00521722 0.000311173
2 0.222067 0.612215 0.132428 0.190258 0.000310481
0 0.284282 0.997468 0.143024 0.00506342 0.000309114
0 0.902255 0.276437 0.190669 0.320869 0.000308326
0 0.88226 0.240756 0.23523 0.331788 0.000307532
0 0.0896281 0.627053 0.179256 0.403809 0.00030638
0 0.0154012 0.428224 0.0308025 0.399234 0.000305995
0 0.0996278 0.21285 0.199256 0.421015 0.000305537
0 0.578456 0.894974 0.306203 0.181099 0.000303823
0 0.864135 0.189879 0.246275 0.363052 0.000303807
0 0.0766899 0.997545 0.133217 0.00491071 0.000302031
0 0.702964 0.224748 0.310336 0.301341 0.000301679
0 0.0181616 0.349484 0.0363231 0.351045 0.000300099
0 0.257389 0.99766 0.139872 0.00467981 0.000300072
0 0.184933 0.441354 0.195899 0.237992 0.000299207
2 0.337333 0.615573 0.37036 0.235173 0.000299076
2 0.917604 0.00648002 0.150742 0.01296 0.000299036
0 0.364124 0.997184 0.160399 0.00563159 0.000297554
0 0.0220843 0.305687 0.0441685 0.360343 0.000295558
2 0.266502 0.236149 0.113355 0.165665 0.000295085
0 0.719052 0.208788 0.373083 0.361938 0.000294398
0 0.267197 0.286945 0.114611 0.265855 0.000293526
0 0.563727 0.993564 0.165673 0.0128725 0.00029287
0 0.413298 0.810205 0.15442 0.28656 0.000292824
2 0.261144 0.573852 0.152303 0.124976 0.000292773
0 0.381647 0.10595 0.154908 0.2119 0.000292589
0 0.788055 0.779329 0.287929 0.238496 0.000291884
2 0.224653 0.079535 0.173904 0.15907 0.000291616
2 0.198557 0.0920751 0.169824 0.18415 0.000291554
0 0.413122 0.104445 0.178416 0.207772 0.000291267
0 0.28263 0.782211 0.33481 0.28059 0.000290656
0 0.82412 0.478268 0.105507 0.373599 0.000289906
2 0.399685 0.231917 0.457417 0.330934 0.000288852
0 0.24294 0.796517 0.255676 0.242756 0.000288493
0 0.710869 0.472532 0.289612 0.45453 0.000287902
2 0.851741 0.791496 0.292497 0.336901 0.000286885
2 0.300345 0.20141 0.212291 0.362101 0.000284669
0 0.687228 0.729453 0.178697 0.203049 0.000284354
2 0.265614 0.213311 0.162578 0.277861 0.000283813
0 0.0485405 0.314366 0.097081 0.421041 0.000283614
2 0.385738 0.00342402 0.133865 0.00684805 0.000283469
2 0.458109 0.0209527 0.135548 0.0419055 0.000282911
0 0.829354 0.715538 0.219644 0.303328 0.000282489
0 0.534836 0.19966 0.165007 0.233599 0.000282221
2 0.664831 0.744443 0.224018 0.175078 0.000281419
0 0.608138 0.589325 0.313241 0.184664 0.00028126
0 0.9761 0.976903 0.0477995 0.0461946 0.000281246
2 0.724916 0.570832 0.123574 0.467511 0.000280684
0 0.171197 0.703093 0.109203 0.491157 0.000280609
2 0.191007 0.76835 0.146349 0.292901 0.000280107
0 0.772093 0.191391 0.330474 0.373059 0.00027948
2 0.487589 0.452313 0.401533 0.247238 0.000279009
2 0.258603 0.0654261 0.149524 0.130852 0.000278452
1 0.0571756 0.0623406 0.114351 0.124681 0.000278166
2 0.239727 0.32238 0.290988 0.343132 0.000278098
0 0.231482 0.596486 0.141968 0.153673 0.000277387
2 0.33579 0.0215289 0.12822 0.0430578 0.000276438
2 0.193981 0.0826779 0.145988 0.165356 0.00027624
0 0.341277 0.132186 0.136745 0.264372 0.000275602
0 0.700801 0.298329 0.373906 0.153614 0.000275449
2 0.433151 0.797124 0.205723 0.355189 0.00027518
2 0.29936 0.0460336 0.125303 0.0920672 0.000275011
0 0.828207 0.79561 0.249655 0.293642 0.000274783
0 0.614489 0.622948 0.330647 0.211962 0.000274778
0 0.736692 0.31314 0.265483 0.179896 0.000274696
2 0.731896 0.00227821 0.143005 0.00455642 0.00027427
2 0.853643 0.735578 0.25478 0.321315 0.000273469
0 0.7027 0.142631 0.252207 0.268449 0.000273164
0 0.0228293 0.144169 0.0456585 0.288337 0.000271761
0 0.419994 0.706276 0.164199 0.310081 0.000271078
2 0.240113 0.313728 0.20174 0.320309 0.000270952
0 0.652414 0.223941 0.230987 0.305475 0.000270925
0 0.331064 0.522083 0.445324 0.289024 0.000270433
0 0.100323 0.696233 0.200646 0.442254 0.000270384
2 0.433519 0.0090569 0.141991 0.0181138 0.000270333
2 0.376466 0.912511 0.326731 0.109871 0.000270249
0 0.69887 0.564995 0.188173 0.34772 0.000269526
2 0.0509394 0.889745 0.101457 0.188572 0.000268914
0 0.478496 0.600625 0.281779 0.294372 0.00026836
0 0.772237 0.868727 0.26068 0.219306 0.000268108
0 0.29076 0.889308 0.450115 0.0718783 0.000267709
2 0.298818 0.248787 0.174723 0.203702 0.000266978
0 0.725884 0.24767 0.308377 0.166399 0.000266696
0 0.958654 0.992981 0.0810846 0.0140377 0.000266646
0 0.123462 0.251779 0.246924 0.369495 0.000266618
0 0.299077 0.145638 0.182311 0.291277 0.000265679
0 0.0540083 0.996048 0.105157 0.0079043 0.000264132
0 0.102961 0.804646 0.205923 0.352804 0.000263393
0 0.526758 0.186068 0.126885 0.22801 0.000262792
0 0.0301341 0.586249 0.0602683 0.345795 0.000262479
0 0.492878 0.496845 0.34876 0.285344 0.000261798
2 0.441963 0.928739 0.176257 0.1151 0.000261364
2 0.518799 0.759173 0.216458 0.229104 0.000260347
0 0.706918 0.238419 0.366283 0.226725 0.000260147
0 0.305345 0.643337 0.307706 0.249141 0.000259865
0 0.812457 0.635382 0.110524 0.292634 0.000259792
0 0.0417359 0.372887 0.0834718 0.426411 0.000259287
0 0.495723 0.201044 0.247525 0.317029 0.000259164
2 0.41089 0.0038247 0.130461 0.0076494 0.000259018
2 0.185204 0.506649 0.199146 0.193628 0.000258716
0 0.397065 0.74624 0.154808 0.263407 0.000258634
0 0.793965 0.490835 0.159953 0.385693 0.000258089
2 0.3039 0.297597 0.298028 0.313549 0.000257388
