1 0.547901 0.539 0.726281 0.355731 0.940332
1 0.664322 0.466943 0.541501 0.346491 0.00185722
1 0.655644 0.537177 0.538038 0.368848 0.00162152
1 0.594442 0.545614 0.703646 0.459562 0.0013594
0 0.658246 0.510767 0.554501 0.392925 0.00125597
1 0.539336 0.425688 0.795188 0.50508 0.00123745
1 0.552236 0.681953 0.817559 0.546483 0.00121801
1 0.22336 0.160303 0.407269 0.315891 0.00121406
1 0.538351 0.327059 0.835327 0.649181 0.00119757
2 0.659955 0.529506 0.528703 0.365032 0.00115336
0 0.094795 0.986243 0.13108 0.0275019 0.00110431
0 0.0966654 0.991374 0.101732 0.0172528 0.0010583
1 0.129805 0.175774 0.259609 0.344915 0.00105207
0 0.653353 0.573924 0.608669 0.441279 0.00103893
1 0.183867 0.10843 0.337553 0.21604 0.00102834
1 0.11391 0.21373 0.227819 0.379797 0.00102675
1 0.394377 0.798945 0.647464 0.332429 0.00101722
1 0.163005 0.15801 0.323012 0.304674 0.00101509
0 0.141766 0.595066 0.283531 0.497419 0.00100491
1 0.962371 0.742538 0.06846 0.0407419 0.00099513
1 0.514082 0.970175 0.665947 0.0587868 0.000974786
1 0.399727 0.608585 0.674082 0.298584 0.000974053
1 0.12366 0.132618 0.247321 0.265235 0.000967566
1 0.272815 0.185873 0.448809 0.36257 0.000965521
1 0.0458224 0.768455 0.0916448 0.46309 0.000962317
0 0.11301 0.480085 0.226019 0.432595 0.00094955
1 0.146304 0.0675174 0.292607 0.134755 0.000943087
1 0.506694 0.151948 0.878909 0.303843 0.000937817
1 0.0778812 0.849496 0.155762 0.301008 0.000928405
1 0.256672 0.961652 0.504086 0.076439 0.000916715
1 0.242275 0.257033 0.42031 0.428891 0.000912171
1 0.422589 0.724831 0.764418 0.419856 0.00091078
1 0.0764197 0.732054 0.152839 0.500836 0.000895672
1 0.27831 0.832289 0.502247 0.331404 0.000893
0 0.665653 0.723682 0.621435 0.500794 0.000886959
1 0.415021 0.572067 0.47244 0.28416 0.000883351
1 0.169146 0.869684 0.338292 0.260633 0.000883049
0 0.723162 0.660801 0.545718 0.393423 0.000878128
1 0.570127 0.882816 0.720522 0.233701 0.000873701
2 0.554083 0.791631 0.81459 0.376194 0.000871126
1 0.355717 0.327955 0.61977 0.627496 0.000870756
0 0.10851 0.689323 0.21702 0.516527 0.000869849
2 0.285352 0.565573 0.570704 0.494261 0.000863336
2 0.0968502 0.265662 0.1937 0.407172 0.000860303
1 0.107853 0.0845943 0.215705 0.169189 0.000859314
1 0.699748 0.870177 0.541217 0.259037 0.000852835
1 0.240757 0.877587 0.46094 0.244443 0.000847554
1 0.350762 0.969611 0.65909 0.0602676 0.000844873
1 0.587169 0.929478 0.692213 0.140792 0.000844693
1 0.448088 0.116497 0.751496 0.232829 0.000842966
1 0.559004 0.792652 0.829089 0.383501 0.000841872
1 0.486853 0.937433 0.713363 0.125135 0.000821323
2 0.102304 0.340409 0.204608 0.450025 0.000818702
1 0.151287 0.251119 0.297243 0.361847 0.000811359
1 0.619241 0.841706 0.722467 0.308349 0.00081059
0 0.694357 0.5576 0.590953 0.342735 0.000809707
1 0.567036 0.107072 0.798169 0.214074 0.000802473
1 0.459495 0.646453 0.626702 0.395544 0.000800421
1 0.268469 0.0996456 0.428506 0.199291 0.000799532
2 0.402554 0.837284 0.675596 0.324169 0.000799412
1 0.243385 0.936971 0.477652 0.126059 0.000795987
2 0.280244 0.657465 0.560487 0.504906 0.000791378
1 0.349082 0.878778 0.638398 0.24202 0.000790583
1 0.737102 0.0604406 0.495919 0.1207 0.000785961
1 0.623501 0.274512 0.691116 0.546257 0.000780462
1 0.340309 0.92938 0.652082 0.14124 0.000777778
0 0.861532 0.376502 0.276936 0.305937 0.000775527
0 0.690288 0.796481 0.600508 0.401755 0.000774661
1 0.347203 0.616031 0.690471 0.375175 0.00077362
2 0.818368 0.751286 0.363265 0.417664 0.000772596
1 0.396522 0.243449 0.658465 0.482085 0.000771673
2 0.961581 0.748237 0.076838 0.350662 0.000769447
0 0.870017 0.614264 0.259966 0.315514 0.000766672
0 0.939325 0.689617 0.12135 0.359466 0.000758122
2 0.877391 0.290198 0.245218 0.332259 0.000754671
1 0.749921 0.109038 0.450392 0.218076 0.000749602
1 0.221683 0.842799 0.380378 0.302877 0.000745229
1 0.17165 0.929512 0.343299 0.140769 0.000739417
1 0.636036 0.145337 0.679212 0.289134 0.000738653
0 0.799935 0.444191 0.40013 0.248692 0.000737645
1 0.353224 0.688508 0.693646 0.398566 0.00073689
1 0.19929 0.237032 0.353826 0.340057 0.000736273
1 0.133875 0.918952 0.26775 0.160445 0.000735375
1 0.685891 0.392682 0.54695 0.549432 0.000734942
1 0.63798 0.911139 0.660937 0.17694 0.000734809
1 0.219235 0.0322996 0.43847 0.0645835 0.000733978
0 0.829983 0.406009 0.340033 0.259946 0.00073111
1 0.216173 0.0620757 0.399807 0.123881 0.000731004
1 0.439406 0.060464 0.684517 0.120928 0.000726832
2 0.369027 0.567661 0.738054 0.3748 0.00072329
0 0.824695 0.554594 0.35061 0.292376 0.00071677
1 0.168687 0.798875 0.330576 0.402094 0.000714073
1 0.881444 0.872631 0.222661 0.251203 0.000712695
2 0.899548 0.212509 0.200904 0.31412 0.000696795
2 0.876268 0.80112 0.247464 0.378693 0.000693326
1 0.604879 0.05887 0.695959 0.11774 0.000692975
0 0.76482 0.0284137 0.470361 0.0568275 0.000690965
0 0.803164 0.492397 0.393671 0.270463 0.000686083
1 0.41634 0.548292 0.618042 0.339963 0.000674114
2 0.890636 0.837796 0.211849 0.313449 0.000671877
1 0.140527 0.0372876 0.281055 0.072758 0.000664535
1 0.506853 0.0310773 0.743179 0.0621398 0.000662437
1 0.824256 0.900346 0.34701 0.197851 0.000656018
1 0.730431 0.222664 0.484843 0.439466 0.000654027
2 0.155658 0.340921 0.311316 0.438352 0.000653625
1 0.657629 0.0300414 0.648928 0.0600321 0.000651952
1 0.722611 0.314027 0.497901 0.610613 0.000648042
1 0.181971 0.969699 0.363943 0.0601532 0.000641389
2 0.236045 0.717786 0.472089 0.485671 0.00063669
1 0.655882 0.96455 0.640973 0.0697201 0.00063644
0 0.0749509 0.989805 0.105583 0.0203905 0.000632685
1 0.309786 0.0613412 0.530877 0.122682 0.000628207
2 0.172837 0.405915 0.345674 0.461926 0.000624459
2 0.211074 0.45834 0.422147 0.488121 0.000623906
1 0.72213 0.953264 0.546805 0.0923668 0.000617099
1 0.357343 0.0313685 0.583049 0.062737 0.000606686
1 0.736929 0.439895 0.372264 0.112081 0.000604979
0 0.748182 0.391355 0.484703 0.338272 0.000604276
2 0.966695 0.829091 0.0666098 0.306452 0.000603563
1 0.822691 0.0644475 0.354619 0.128895 0.000592266
0 0.959798 0.867405 0.080403 0.257348 0.000586568
1 0.867731 0.111662 0.254944 0.223324 0.000583383
0 0.853412 0.0334427 0.293175 0.0652529 0.000580502
0 0.922486 0.0294366 0.15319 0.0570017 0.000579717
1 0.401916 0.535677 0.762163 0.40068 0.000564776
0 0.794226 0.35572 0.394385 0.365478 0.000559972
2 0.867323 0.137306 0.249096 0.270292 0.00055817
2 0.902985 0.155562 0.19403 0.298395 0.000555798
2 0.403464 0.442599 0.764626 0.505628 0.000555156
0 0.0632075 0.978764 0.114547 0.041953 0.000543152
0 0.699272 0.443037 0.590445 0.280403 0.000542349
1 0.914304 0.891562 0.171392 0.212896 0.000538171
0 0.922005 0.0526723 0.152156 0.103444 0.000533274
0 0.828437 0.27851 0.327606 0.369493 0.000530224
0 0.847544 0.182195 0.284961 0.329209 0.000525282
0 0.235183 0.0617613 0.389362 0.122928 0.000521509
1 0.782181 0.431364 0.276894 0.0947033 0.000508817
0 0.0643559 0.985557 0.110286 0.0288852 0.00050851
1 0.208948 0.327204 0.385647 0.390405 0.000507938
0 0.119053 0.986745 0.140071 0.0264315 0.000505141
0 0.118102 0.985179 0.236204 0.0296419 0.000486257
1 0.814599 0.946595 0.370802 0.105537 0.000485152
0 0.869855 0.0745224 0.260289 0.149045 0.000475318
2 0.890313 0.122992 0.219374 0.245985 0.000474737
2 0.248097 0.402354 0.47587 0.429576 0.000460289
1 0.858951 0.936701 0.282098 0.126597 0.000446268
2 0.799463 0.433527 0.245393 0.111328 0.00041589
0 0.584178 0.631855 0.483182 0.169241 0.000408383
0 0.962608 0.739768 0.0653201 0.0425561 0.000391696
0 0.532145 0.0489725 0.0784027 0.049077 0.00038547
0 0.82091 0.611135 0.35818 0.402501 0.00038269
0 0.317888 0.0651932 0.411639 0.129641 0.000370703
0 0.850414 0.642023 0.20791 0.381027 0.000357581
0 0.950653 0.0262133 0.098694 0.0524267 0.000347751
0 0.790457 0.0528361 0.314004 0.105296 0.000340972
0 0.139761 0.982168 0.279522 0.0356642 0.000338053
0 0.632039 0.590156 0.516016 0.194015 0.00033736
0 0.841288 0.566533 0.234866 0.39148 0.000337237
0 0.496049 0.633622 0.350685 0.151811 0.000336402
0 0.164377 0.0621056 0.326619 0.122423 0.000326905
0 0.686503 0.436346 0.497232 0.105042 0.000321974
0 0.561757 0.532331 0.746366 0.355714 0.000317773
2 0.309792 0.490391 0.225962 0.179516 0.000317627
0 0.624804 0.646975 0.460717 0.225436 0.000314129
1 0.0420802 0.140726 0.0841604 0.281453 0.00031177
0 0.579549 0.366205 0.475709 0.276247 0.000309604
0 0.396082 0.0643676 0.370247 0.127921 0.000309368
0 0.920831 0.0748098 0.153967 0.146368 0.000307762
0 0.592217 0.680874 0.467707 0.167139 0.000306117
0 0.933707 0.0468284 0.132587 0.0936567 0.000303879
0 0.555951 0.681378 0.446093 0.0892254 0.000299957
0 0.285619 0.0528849 0.309956 0.10577 0.000295977
0 0.829517 0.468477 0.166504 0.195825 0.000295371
0 0.853339 0.730831 0.245628 0.321645 0.00029381
1 0.732425 0.474517 0.379181 0.184051 0.000293495
0 0.120902 0.991184 0.144043 0.0176329 0.000288355
0 0.203654 0.97765 0.407309 0.0445453 0.000287146
0 0.308839 0.575066 0.248184 0.271434 0.000285945
0 0.916447 0.428859 0.167106 0.312804 0.000285125
0 0.445549 0.629814 0.298569 0.161378 0.0002841
0 0.573283 0.396479 0.397414 0.088543 0.000283547
0 0.91476 0.60015 0.157236 0.252284 0.000283496
0 0.666482 0.331743 0.62075 0.196956 0.000283164
0 0.75275 0.607147 0.476261 0.284656 0.000280577
1 0.0393584 0.211075 0.0787167 0.21254 0.000278634
2 0.00138032 0.329317 0.00276065 0.199261 0.000278353
0 0.695541 0.468201 0.456751 0.174508 0.000277063
2 0.339329 0.468002 0.273824 0.207473 0.00027628
1 0.856085 0.424928 0.183352 0.255765 0.000272192
0 0.907186 0.691701 0.184291 0.223972 0.000270489
1 0.0928791 0.969364 0.185758 0.0612715 0.000270286
2 0.00139227 0.295108 0.00278454 0.220958 0.000270016
0 0.942501 0.495774 0.114997 0.284242 0.000266467
0 0.812028 0.0330485 0.303456 0.066097 0.000266235
0 0.402287 0.337115 0.0785404 0.0513195 0.000265639
0 0.810711 0.667843 0.348024 0.391949 0.00026517
1 0.202322 0.613553 0.352155 0.276542 0.00026509
2 0.452679 0.43132 0.361029 0.136077 0.000264503
0 0.623879 0.0464435 0.295346 0.0920956 0.000263194
0 0.40111 0.651545 0.528575 0.12852 0.000262446
2 0.831813 0.419862 0.199007 0.177063 0.000261642
0 0.104945 0.972438 0.20989 0.0551235 0.000261456
0 0.231608 0.816306 0.309298 0.223178 0.000260037
0 0.508647 0.681211 0.332247 0.071778 0.000259824
0 0.70337 0.60531 0.51554 0.21893 0.000259644
0 0.725119 0.645375 0.448518 0.255167 0.00025861
0 0.267946 0.522552 0.145895 0.170112 0.000258423
2 0.105056 0.903537 0.210112 0.191697 0.000257561
2 0.00177368 0.364675 0.00354736 0.23764 0.000256902
0 0.251294 0.702406 0.502588 0.293029 0.00025612
0 0.820546 0.751821 0.358908 0.349137 0.000253742
0 0.254962 0.858972 0.196073 0.219779 0.00025308
2 0.446571 0.44735 0.435355 0.16984 0.00025253
0 0.895514 0.954786 0.208972 0.0904282 0.000249831
0 0.723947 0.0711045 0.427883 0.141423 0.000249403
2 0.00232277 0.420901 0.00464554 0.233172 0.000248972
2 0.299388 0.312699 0.417739 0.193928 0.000248707
0 0.936242 0.456448 0.127516 0.264372 0.000248038
0 0.120757 0.908104 0.241515 0.180061 0.000248033
2 0.56848 0.723135 0.456178 0.143288 0.000247865
0 0.298625 0.64732 0.580118 0.219661 0.000247323
1 0.965345 0.81172 0.0693103 0.184234 0.000247299
0 0.274946 0.739992 0.482045 0.194551 0.000244895
0 0.151668 0.37893 0.291058 0.229005 0.000244724
0 0.762766 0.675528 0.383473 0.350725 0.000243877
2 0.00252163 0.523608 0.00504326 0.156326 0.000243499
0 0.127763 0.326592 0.203733 0.151885 0.000242893
0 0.461145 0.0477559 0.242761 0.0955118 0.000242457
0 0.908928 0.638551 0.174512 0.290926 0.000241763
0 0.297201 0.494112 0.203519 0.18394 0.000241248
0 0.886619 0.437757 0.203789 0.284081 0.000240442
1 0.963029 0.730668 0.0739417 0.189146 0.000240411
0 0.376917 0.922099 0.431856 0.155802 0.000238923
2 0.192915 0.846523 0.38583 0.258087 0.000238832
0 0.993121 0.503957 0.0137572 0.166717 0.000238293
1 0.829859 0.453659 0.187649 0.199861 0.000238153
0 0.993719 0.598637 0.0125615 0.193708 0.000238008
2 0.297102 0.693159 0.594204 0.213305 0.000237936
2 0.00153634 0.191566 0.00307269 0.245036 0.000237896
0 0.276999 0.288972 0.402408 0.222602 0.000237791
0 0.133462 0.980343 0.183618 0.0390951 0.000237667
0 0.866577 0.822105 0.257989 0.26956 0.000237137
2 0.566085 0.835637 0.610365 0.193023 0.000236451
1 0.236261 0.644169 0.45937 0.239439 0.000235793
0 0.64149 0.371129 0.643086 0.16421 0.000235705
0 0.353549 0.892494 0.382992 0.215012 0.00023499
1 0.792191 0.465949 0.244865 0.170811 0.00023341
0 0.991038 0.537115 0.0179233 0.211445 0.000233261
2 0.00146016 0.253348 0.00292033 0.261828 0.00023307
0 0.341062 0.605394 0.397207 0.20966 0.0002325
2 0.0327332 0.0377676 0.0654664 0.0706297 0.000232373
0 0.481782 0.321061 0.245979 0.113763 0.000231674
0 0.530724 0.32719 0.377704 0.197664 0.000231534
0 0.950859 0.640678 0.098281 0.25209 0.000231329
0 0.83576 0.805912 0.328479 0.256813 0.000230139
0 0.99065 0.478932 0.0187006 0.193888 0.000230137
0 0.611077 0.389888 0.582121 0.0991399 0.000230088
2 0.779054 0.72132 0.370345 0.341019 0.000229978
1 0.214448 0.57769 0.255125 0.290955 0.000229314
0 0.637224 0.532662 0.520768 0.121357 0.000228907
2 0.509517 0.839782 0.35358 0.178767 0.000228539
2 0.00155885 0.812094 0.0031177 0.266076 0.000228282
0 0.232098 0.773492 0.438488 0.228625 0.000228043
2 0.00196165 0.551105 0.00392331 0.142604 0.000227884
0 0.928078 0.601078 0.143844 0.204091 0.00022761
2 0.167621 0.139421 0.335242 0.192467 0.000227455
0 0.240919 0.97162 0.481837 0.056229 0.000227221
0 0.800457 0.758139 0.335753 0.271308 0.00022712
2 0.660242 0.452686 0.530786 0.15024 0.000227094
2 0.292933 0.52399 0.198409 0.205153 0.00022702
0 0.253968 0.0781417 0.300438 0.148552 0.00022634
0 0.699977 0.819768 0.454896 0.24053 0.000226239
0 0.165921 0.729931 0.300079 0.25694 0.00022607
0 0.20823 0.89488 0.41646 0.21024 0.000225877
2 0.105945 0.293093 0.176164 0.141409 0.000225759
0 0.762029 0.46947 0.307419 0.17933 0.000225336
0 0.0668551 0.030385 0.13371 0.06077 0.000225054
0 0.953061 0.600772 0.0938783 0.216317 0.000224808
1 0.530305 0.712919 0.345718 0.090386 0.000224801
0 0.394352 0.67759 0.450894 0.0682584 0.000224382
0 0.450971 0.970004 0.388038 0.0595653 0.0002243
2 0.719877 0.675766 0.385924 0.286667 0.000224236
0 0.138087 0.0546198 0.248829 0.10924 0.000224202
0 0.913644 0.815442 0.172047 0.248136 0.000223745
0 0.087091 0.910928 0.174182 0.178144 0.000223478
0 0.670732 0.586806 0.51815 0.153893 0.000223199
0 0.644561 0.6939 0.366248 0.256595 0.000222883
0 0.678917 0.0474422 0.318391 0.0948844 0.000222685
0 0.227417 0.92551 0.440234 0.148981 0.000221343
2 0.269103 0.258827 0.373817 0.218913 0.00021948
0 0.730193 0.554943 0.539615 0.217528 0.000219241
0 0.195495 0.0844275 0.390989 0.164143 0.00021911
2 0.247719 0.303495 0.360401 0.182746 0.0002191
2 0.379582 0.811776 0.396451 0.203608 0.000218335
0 0.595872 0.830113 0.64145 0.202689 0.00021803
2 0.204805 0.322416 0.286354 0.142929 0.000216487
2 0.26924 0.329304 0.355269 0.125121 0.000216158
0 0.993363 0.275408 0.0132729 0.200141 0.000215802
2 0.792438 0.336796 0.415125 0.291061 0.000215624
0 0.661335 0.900514 0.408212 0.198972 0.000214122
