2 0.760031 0.431909 0.127357 0.197701 0.845769
0 0.484248 0.451558 0.66177 0.826206 0.828386
0 0.486606 0.937515 0.245592 0.12497 0.675343
1 0.982699 0.699183 0.0346016 0.135526 0.163216
0 0.414895 0.938006 0.0900252 0.121456 0.113302
2 0.98261 0.695417 0.0347799 0.134536 0.0778856
0 0.232882 0.690969 0.170958 0.20308 0.035861
0 0.444337 0.938417 0.150562 0.123165 0.034587
0 0.595623 0.938903 0.470113 0.119576 0.0303025
2 0.094268 0.956829 0.113617 0.086066 0.0302612
0 0.68006 0.861053 0.0789007 0.122964 0.0264911
0 0.604404 0.809312 0.0402008 0.0473766 0.0245373
0 0.544088 0.509765 0.818549 0.964765 0.0216012
0 0.721828 0.957455 0.0852129 0.0850902 0.0210495
0 0.51321 0.955688 0.199906 0.0886242 0.0209183
1 0.0763061 0.954396 0.152612 0.0910336 0.0164774
2 0.982345 0.67467 0.03531 0.191957 0.014125
2 0.136558 0.953882 0.187299 0.0922362 0.0105397
2 0.779033 0.429354 0.0889921 0.157915 0.00921024
2 0.976258 0.627363 0.0474843 0.41528 0.00774695
0 0.558737 0.962787 0.102578 0.0744268 0.00761006
0 0.182201 0.428193 0.185532 0.217402 0.00726089
0 0.424191 0.323844 0.66971 0.60788 0.00657081
0 0.682281 0.882677 0.0854363 0.162776 0.00635194
0 0.553148 0.762306 0.598685 0.456644 0.00622093
1 0.0963984 0.953157 0.107251 0.0936863 0.00604786
0 0.561962 0.654672 0.661043 0.674597 0.00577897
0 0.7433 0.957094 0.155289 0.0854124 0.00574082
0 0.738968 0.862135 0.212516 0.236127 0.005408
0 0.96953 0.421917 0.0607597 0.125537 0.00477343
2 0.981788 0.634928 0.0364235 0.288872 0.00466767
1 0.146091 0.956477 0.286077 0.0870454 0.0045439
1 0.959193 0.693099 0.0816145 0.128661 0.00436566
0 0.294578 0.988381 0.0716805 0.0232384 0.00398743
0 0.420836 0.93783 0.374977 0.121253 0.00388083
0 0.403273 0.929443 0.0654738 0.0988568 0.00383996
2 0.971203 0.560181 0.0572229 0.458127 0.00359261
0 0.289498 0.98919 0.0538575 0.0216208 0.00349887
0 0.985632 0.712188 0.0287356 0.123214 0.00335329
0 0.327113 0.334592 0.483828 0.635282 0.00330277
2 0.974079 0.705141 0.0518414 0.473137 0.00312784
0 0.928324 0.0238502 0.143353 0.0476615 0.00295955
0 0.622246 0.562675 0.59758 0.867998 0.00280152
0 0.97261 0.230708 0.0213292 0.0305429 0.00270232
0 0.970161 0.472737 0.059677 0.234489 0.00253432
0 0.29874 0.979813 0.0764563 0.0403735 0.00226373
0 0.283355 0.980033 0.135394 0.039935 0.00223816
0 0.24119 0.958707 0.448305 0.0820265 0.00197159
1 0.0847012 0.933698 0.169402 0.132603 0.00184997
0 0.529321 0.760591 0.0974011 0.144228 0.00182267
1 0.847615 0.398476 0.278454 0.560283 0.00179775
2 0.767395 0.4463 0.167894 0.252551 0.0017554
0 0.738232 0.942335 0.228268 0.112843 0.00171441
0 0.611951 0.788691 0.471313 0.409092 0.00165231
0 0.561589 0.447768 0.398847 0.83114 0.00165228
0 0.691522 0.858629 0.105087 0.219024 0.00164933
0 0.620993 0.582591 0.43207 0.793728 0.00160776
2 0.955656 0.771873 0.0885017 0.429562 0.00156399
0 0.334431 0.94935 0.542204 0.10029 0.00150436
0 0.356049 0.664331 0.303279 0.195469 0.00148617
1 0.85837 0.681519 0.279327 0.615715 0.00148329
0 0.750467 0.91705 0.19664 0.154547 0.00146429
2 0.907765 0.7133 0.182115 0.551915 0.00145409
0 0.770841 0.813596 0.298187 0.360151 0.00144337
2 0.939458 0.580913 0.11772 0.501281 0.0014392
1 0.839474 0.534501 0.300898 0.543102 0.0013888
0 0.73195 0.898562 0.236346 0.193513 0.00138753
2 0.92915 0.64681 0.139614 0.565012 0.00138747
0 0.967136 0.484514 0.0648682 0.547095 0.0013806
0 0.101399 0.149033 0.202797 0.298066 0.00137769
0 0.462427 0.0168017 0.142714 0.0336035 0.00135164
0 0.595043 0.31778 0.309446 0.537701 0.00134018
0 0.780432 0.936946 0.306524 0.121686 0.00132865
0 0.116147 0.0811844 0.232294 0.162369 0.00131505
0 0.701578 0.957052 0.129197 0.0813996 0.0012992
0 0.230889 0.0870444 0.0359723 0.0411707 0.00128845
0 0.988584 0.728581 0.0227249 0.125911 0.00127726
0 0.780099 0.424641 0.0828196 0.166553 0.00127407
2 0.786788 0.617874 0.215342 0.655646 0.00126952
2 0.935105 0.498092 0.12446 0.614263 0.00126162
2 0.762142 0.34675 0.155284 0.397321 0.00125408
2 0.689734 0.340616 0.267367 0.559167 0.00123136
2 0.751353 0.335087 0.140985 0.516229 0.00121323
2 0.757198 0.543488 0.143826 0.491931 0.00119223
2 0.0843998 0.954527 0.1688 0.0887759 0.00118239
0 0.396187 0.920565 0.0512534 0.0797887 0.00117886
0 0.204328 0.34582 0.235759 0.499634 0.00116747
0 0.790721 0.926107 0.112819 0.121941 0.00116523
0 0.709295 0.804023 0.2731 0.377124 0.00115733
0 0.638116 0.225669 0.20384 0.334752 0.00115588
0 0.764287 0.750151 0.44236 0.480406 0.0011529
2 0.85802 0.640119 0.271571 0.641979 0.00114922
0 0.789797 0.831525 0.420405 0.331274 0.00114728
1 0.753092 0.505923 0.0393212 0.0427065 0.00114425
2 0.805488 0.387313 0.249695 0.3632 0.00113432
0 0.62122 0.278246 0.24413 0.450153 0.0011307
0 0.968668 0.398531 0.0625536 0.523579 0.00112689
2 0.0876711 0.266607 0.175342 0.521436 0.00111797
0 0.483289 0.0333542 0.510415 0.0667084 0.00111028
0 0.669135 0.757877 0.379773 0.457652 0.00109131
0 0.862523 0.0355397 0.274954 0.0710794 0.00108796
0 0.269553 0.689251 0.330938 0.21324 0.00108279
1 0.969827 0.304475 0.0603471 0.534878 0.00107622
2 0.0731109 0.330793 0.146119 0.527311 0.00105615
0 0.154094 0.0362072 0.308188 0.0724143 0.00105154
0 0.0677219 0.16846 0.134618 0.33692 0.00104856
1 0.968047 0.218791 0.0637661 0.431935 0.00104138
0 0.232119 0.325807 0.28998 0.59701 0.00103994
0 0.816806 0.776132 0.364456 0.439565 0.00103926
2 0.768558 0.412469 0.106463 0.155563 0.00102145
1 0.909975 0.836349 0.18005 0.327045 0.0010152
0 0.50955 0.29255 0.468115 0.512955 0.00101385
0 0.409179 0.665722 0.201034 0.161364 0.00100908
1 0.849726 0.273586 0.297686 0.542539 0.00100358
0 0.593709 0.957374 0.29941 0.0848454 0.00100083
0 0.0105785 0.411556 0.0211569 0.169645 0.000991459
0 0.721061 0.649461 0.0657827 0.105767 0.000974742
0 0.386951 0.0372204 0.557931 0.0735559 0.000968116
0 0.559877 0.235318 0.363162 0.390708 0.000967674
2 0.750982 0.697773 0.498037 0.588365 0.000966053
0 0.0103358 0.825212 0.0206717 0.135699 0.00095811
1 0.810141 0.343898 0.343722 0.636941 0.000956747
1 0.842276 0.808934 0.314729 0.38075 0.000955746
0 0.283632 0.98709 0.0511263 0.0258196 0.000948007
0 0.675005 0.905218 0.349236 0.181458 0.000934483
1 0.915089 0.337198 0.160717 0.655838 0.00092569
2 0.10234 0.77807 0.20468 0.443859 0.000922984
2 0.913266 0.452045 0.165543 0.677687 0.000921145
2 0.0457578 0.304537 0.0904517 0.562977 0.000919796
0 0.262589 0.653593 0.10809 0.120031 0.000919198
2 0.1127 0.949036 0.139622 0.101927 0.000918158
0 0.496649 0.180738 0.063043 0.106869 0.000910397
0 0.00626941 0.464524 0.0124063 0.0618666 0.000909792
0 0.343606 0.92287 0.558667 0.15426 0.000895394
0 0.981411 0.734262 0.0371788 0.230456 0.000892745
0 0.885179 0.103062 0.228494 0.205343 0.000889893
0 0.806768 0.949558 0.386464 0.0981987 0.000886564
2 0.792427 0.642164 0.358866 0.702007 0.000867163
1 0.078293 0.815454 0.155601 0.369093 0.000858752
0 0.686405 0.691971 0.506284 0.596508 0.000856504
0 0.537158 0.963167 0.14171 0.0715868 0.000851059
0 0.645076 0.150687 0.157784 0.159364 0.000850148
2 0.0549779 0.749228 0.108959 0.501544 0.000848002
1 0.888747 0.9337 0.222506 0.132601 0.000835224
1 0.857434 0.954714 0.285132 0.0900935 0.00083043
2 0.955159 0.150678 0.0890609 0.301357 0.000828542
0 0.710939 0.961155 0.0619107 0.0771418 0.000826869
0 0.973938 0.52972 0.0521239 0.370316 0.000823605
1 0.683295 0.143777 0.319738 0.285033 0.000820394
1 0.573753 0.0342038 0.520569 0.0684076 0.000812488
2 0.914784 0.11637 0.169739 0.232741 0.000798524
1 0.214603 0.932982 0.42158 0.134035 0.00079631
0 0.530597 0.201489 0.458337 0.397333 0.000794271
2 0.772642 0.108466 0.33167 0.216932 0.000793185
0 0.018772 0.088256 0.0375439 0.134234 0.000789741
2 0.157258 0.73202 0.314517 0.535961 0.000780825
0 0.834619 0.101357 0.325607 0.202713 0.000774709
0 0.596357 0.958496 0.195975 0.0826351 0.000770612
2 0.0477365 0.62744 0.0954731 0.678275 0.000767801
0 0.151261 0.550736 0.300188 0.643236 0.000761877
0 0.0091152 0.312741 0.0182304 0.159882 0.000761118
0 0.650483 0.956844 0.314407 0.0857751 0.000758334
2 0.208492 0.594143 0.415703 0.649377 0.000757177
0 0.0462216 0.580243 0.0924433 0.698703 0.000752857
0 0.16131 0.081843 0.32262 0.163686 0.000748662
2 0.0637435 0.401977 0.126341 0.458904 0.000748191
2 0.744115 0.335089 0.346555 0.574852 0.000743966
0 0.429765 0.212052 0.531012 0.421297 0.000743284
1 0.682289 0.622298 0.394604 0.748175 0.000737323
0 0.762182 0.934166 0.172821 0.114902 0.000731676
1 0.904091 0.25162 0.180773 0.498082 0.000723651
0 0.108391 0.0400722 0.216782 0.0788215 0.000719698
0 0.309841 0.255943 0.101086 0.232633 0.000715575
0 0.28215 0.677715 0.258003 0.181508 0.000714168
0 0.0722137 0.477592 0.142465 0.558554 0.000713324
1 0.738558 0.0376915 0.424931 0.075095 0.000710074
0 0.977647 0.546412 0.0447067 0.477106 0.000708925
2 0.886266 0.132175 0.223165 0.26435 0.000708833
0 0.24763 0.0357263 0.495261 0.0714527 0.000707987
2 0.920315 0.0300667 0.15937 0.0588097 0.000707932
0 0.458884 0.72965 0.240913 0.225919 0.000706278
0 0.0405471 0.425732 0.0793599 0.549276 0.000704677
0 0.938121 0.0409018 0.123759 0.0811631 0.000696476
0 0.149653 0.175741 0.299306 0.351483 0.000691775
0 0.514792 0.122467 0.0816753 0.0911944 0.00069089
1 0.295794 0.0363738 0.591589 0.0727477 0.000690438
0 0.00975394 0.45832 0.0195079 0.12692 0.000686076
0 0.494435 0.764782 0.158758 0.161849 0.000682741
0 0.189675 0.71483 0.0873723 0.158227 0.000676944
0 0.991588 0.462556 0.0167084 0.123374 0.000673802
2 0.829851 0.149203 0.335796 0.298405 0.000673036
0 0.127393 0.269277 0.254787 0.533128 0.000667941
0 0.901551 0.052809 0.196349 0.102222 0.000663622
0 0.201785 0.45004 0.223255 0.192577 0.000655534
0 0.510577 0.147158 0.0942352 0.138423 0.000648684
0 0.794385 0.037678 0.394361 0.0750172 0.00064492
0 0.280776 0.644065 0.441167 0.369073 0.000643124
0 0.719121 0.849529 0.16157 0.24115 0.000640801
0 0.986787 0.462119 0.0264267 0.12195 0.000640055
1 0.590408 0.158273 0.346355 0.302731 0.000639823
0 0.185499 0.401286 0.200458 0.366833 0.000635575
0 0.934213 0.911012 0.0251774 0.037268 0.000633985
0 0.887154 0.983764 0.120054 0.0324711 0.000625104
2 0.128481 0.334565 0.238835 0.534658 0.000624052
0 0.177918 0.952399 0.355837 0.0952024 0.000613715
0 0.548194 0.764946 0.139293 0.159915 0.00060835
1 0.122618 0.938827 0.244143 0.122346 0.000606463
0 0.276977 0.579335 0.403013 0.472761 0.000605981
1 0.0620628 0.0163852 0.12332 0.0322878 0.000603826
0 0.00942183 0.282689 0.0188437 0.183433 0.000602983
0 0.673527 0.853654 0.0668827 0.102901 0.000599127
1 0.0550707 0.0233069 0.110141 0.0455667 0.000594235
0 0.412373 0.795895 0.500879 0.408209 0.000583421
0 0.321464 0.315732 0.211622 0.395322 0.000581924
0 0.406206 0.73705 0.537319 0.525901 0.000573696
0 0.518791 0.766305 0.130202 0.159083 0.000572736
1 0.26712 0.631334 0.490002 0.486812 0.000571248
1 0.279848 0.111044 0.559696 0.222088 0.000568572
2 0.756461 0.184778 0.36839 0.365094 0.000561102
0 0.292984 0.970583 0.114061 0.0588346 0.000557562
0 0.494921 0.946192 0.105968 0.106862 0.000556424
0 0.447857 0.623131 0.62174 0.485925 0.000553638
0 0.984798 0.73472 0.0304038 0.083047 0.000551418
0 0.43282 0.0223865 0.178083 0.044773 0.000545023
0 0.546904 0.812443 0.45729 0.375113 0.000538586
0 0.319322 0.693958 0.391706 0.245193 0.000537288
0 0.0880582 0.743706 0.0234537 0.0303629 0.000534163
0 0.980494 0.414349 0.0390129 0.113957 0.000532444
0 0.892145 0.368037 0.0256657 0.0501376 0.000530697
0 0.358333 0.259655 0.691996 0.51855 0.000529929
0 0.390077 0.909929 0.0401334 0.0573084 0.000527886
0 0.0108142 0.365225 0.0216283 0.251575 0.000522619
0 0.330156 0.769234 0.499714 0.461533 0.000522214
0 0.578831 0.963241 0.0655947 0.0721297 0.000522131
0 0.979138 0.198755 0.0383138 0.184503 0.000519951
0 0.152815 0.384772 0.202431 0.436725 0.000514868
0 0.348795 0.978623 0.228246 0.0427542 0.000511699
0 0.897119 0.0220161 0.205762 0.0433328 0.000506652
0 0.647875 0.189362 0.174521 0.238543 0.000506506
0 0.00688778 0.440906 0.0137756 0.119218 0.000505875
0 0.228869 0.423887 0.288749 0.426158 0.000504698
0 0.416737 0.561732 0.23327 0.364847 0.000504161
1 0.257319 0.720975 0.511512 0.477586 0.000502264
0 0.380542 0.0956535 0.11248 0.113844 0.000499624
0 0.115269 0.458269 0.0475588 0.0788356 0.000499356
0 0.98134 0.782788 0.0367126 0.310804 0.000497594
2 0.658055 0.204228 0.223297 0.364707 0.000497256
1 0.160012 0.819717 0.320024 0.360566 0.000492883
1 0.256857 0.810055 0.503809 0.379889 0.000485835
2 0.197658 0.953059 0.335809 0.0938826 0.000480008
1 0.33077 0.204768 0.661539 0.409537 0.000477611
1 0.972019 0.702276 0.0555948 0.149092 0.00047688
1 0.176256 0.293491 0.296734 0.5803 0.00047601
0 0.00679617 0.2948 0.0135923 0.109503 0.000475545
0 0.973053 0.220576 0.0414558 0.0753812 0.000474341
0 0.645334 0.12576 0.146978 0.11015 0.000473441
0 0.19302 0.0326485 0.118627 0.0647102 0.000473229
0 0.766129 0.881757 0.16513 0.206382 0.000472767
0 0.00643296 0.276855 0.0128325 0.0617865 0.000468671
0 0.313733 0.965992 0.136218 0.0680166 0.000468658
0 0.289978 0.315239 0.125653 0.36169 0.000468364
1 0.0527947 0.0560541 0.103481 0.104641 0.000463996
0 0.00967879 0.661558 0.0193576 0.12715 0.000459994
0 0.241767 0.524968 0.31648 0.553331 0.000459579
0 0.502152 0.0183877 0.169781 0.0359999 0.000455529
0 0.313681 0.307063 0.122018 0.343749 0.00045545
0 0.440597 0.0419033 0.160978 0.0816171 0.000454731
0 0.809951 0.019912 0.124259 0.0390192 0.000454558
0 0.363102 0.217596 0.191654 0.363679 0.000452486
0 0.198461 0.0221578 0.112248 0.0443157 0.000448601
0 0.0504083 0.871768 0.100817 0.256464 0.000447624
0 0.415362 0.20411 0.278849 0.248937 0.000429253
0 0.344405 0.232642 0.158924 0.306435 0.000428056
0 0.678244 0.840296 0.0753639 0.0882124 0.000426111
0 0.0118332 0.179415 0.0236664 0.34435 0.000425039
0 0.692769 0.921746 0.0839948 0.088572 0.000417646
0 0.55421 0.695218 0.23423 0.312267 0.000414181
0 0.979572 0.245428 0.0375297 0.0748247 0.000413868
0 0.261504 0.977125 0.217082 0.0457499 0.000413025
0 0.182121 0.428612 0.126927 0.14312 0.000408265
0 0.969948 0.950058 0.0601034 0.0998839 0.000407872
0 0.379628 0.680367 0.251053 0.145251 0.000407748
0 0.277319 0.980643 0.0677318 0.0385968 0.00040646
0 0.981356 0.272613 0.0362795 0.129291 0.000399737
0 0.981436 0.923477 0.0370305 0.153046 0.000399721
0 0.0335429 0.311073 0.0660174 0.184812 0.000396898
0 0.973643 0.243267 0.0392142 0.0662982 0.000394678
0 0.980391 0.153365 0.0390045 0.30673 0.000391648
0 0.503018 0.178565 0.112432 0.207432 0.000390884
0 0.563922 0.728613 0.175533 0.21789 0.000390513
1 0.981538 0.72617 0.0369248 0.0817541 0.000390308
0 0.375987 0.166295 0.123012 0.254635 0.000389979
0 0.196344 0.0597979 0.105847 0.118521 0.000389211
0 0.604676 0.694185 0.187179 0.285141 0.000388995
0 0.219414 0.020332 0.116059 0.0402114 0.000387855
0 0.52525 0.117613 0.061416 0.0811122 0.000387445
0 0.707825 0.971764 0.0541175 0.0564713 0.000387353
0 0.328382 0.308816 0.283919 0.346782 0.000387168
0 0.980729 0.106121 0.037985 0.212243 0.000386996
0 0.135679 0.458521 0.0929104 0.143339 0.000385307
