0 0.495601 0.573023 0.752033 0.820946 0.915245
0 0.269714 0.371846 0.299955 0.158835 0.253321
0 0.960596 0.881449 0.0737509 0.137395 0.117121
0 0.820235 0.549382 0.0362065 0.0239526 0.0629165
0 0.0310007 0.78453 0.0556364 0.0303751 0.0263612
0 0.517436 0.704768 0.586113 0.378743 0.0205086
0 0.51492 0.782175 0.587166 0.219061 0.0204142
0 0.706558 0.281368 0.343519 0.230535 0.0111696
0 0.96088 0.883528 0.0782402 0.14075 0.0104791
0 0.503205 0.410504 0.766663 0.494665 0.0065257
0 0.455447 0.790306 0.473646 0.174262 0.00492976
0 0.521348 0.589951 0.605443 0.620798 0.00423026
0 0.860128 0.641606 0.0287736 0.020671 0.00287525
0 0.817554 0.550005 0.0431874 0.0302666 0.00255558
1 0.576148 0.192663 0.737942 0.385326 0.00221939
0 0.193287 0.137296 0.0405769 0.0231413 0.00193475
0 0.665226 0.556417 0.561323 0.811311 0.00177854
1 0.746391 0.172196 0.507219 0.344392 0.00176392
1 0.13758 0.220866 0.27516 0.43703 0.00173669
0 0.9645 0.912275 0.0710004 0.0756317 0.00169806
0 0.738405 0.389397 0.29142 0.446425 0.00169266
2 0.146527 0.270382 0.293054 0.450683 0.0015864
1 0.0897564 0.212807 0.179513 0.417224 0.00158602
0 0.7329 0.470353 0.349609 0.624709 0.00156166
0 0.742596 0.3261 0.269466 0.322292 0.00153624
2 0.0827844 0.263599 0.165569 0.433192 0.00142776
2 0.868524 0.521517 0.262952 0.557042 0.00142376
0 0.339597 0.790571 0.236337 0.144856 0.00140773
1 0.63904 0.0328054 0.72192 0.0656109 0.00139835
0 0.97769 0.841014 0.0444597 0.0518095 0.00139521
1 0.0944288 0.154536 0.188858 0.309071 0.00138706
1 0.825729 0.140789 0.348543 0.281578 0.00138687
2 0.854561 0.579772 0.290877 0.529364 0.00137348
1 0.502882 0.236434 0.816808 0.472868 0.00135342
1 0.92276 0.760266 0.15448 0.393223 0.0013503
2 0.12466 0.152606 0.249319 0.305213 0.00131784
2 0.0753276 0.355762 0.150655 0.436492 0.00131704
2 0.909237 0.71658 0.181526 0.432422 0.00128658
1 0.766668 0.039525 0.466663 0.0790501 0.00127946
1 0.883308 0.203527 0.233384 0.359506 0.00127917
0 0.347179 0.372902 0.502359 0.16282 0.00125917
0 0.819674 0.554432 0.0404095 0.0352888 0.00125795
2 0.0888427 0.61665 0.177685 0.47036 0.00124788
0 0.620809 0.736015 0.374551 0.324166 0.00124728
1 0.0893669 0.454828 0.178734 0.457341 0.001247
0 0.626198 0.665318 0.404553 0.478038 0.00123624
2 0.502088 0.316462 0.784977 0.537904 0.00122706
2 0.0536619 0.738594 0.107324 0.394305 0.00122128
2 0.878601 0.654698 0.242797 0.470266 0.00122028
1 0.949218 0.79089 0.101565 0.380924 0.00121414
2 0.0762049 0.6669 0.15241 0.462599 0.00120466
2 0.0646484 0.70755 0.129297 0.451664 0.00119112
1 0.127285 0.0817154 0.25457 0.163431 0.00118561
0 0.563475 0.544015 0.562729 0.786107 0.00118244
2 0.120614 0.736497 0.241228 0.426557 0.00116702
0 0.793468 0.224848 0.148347 0.114126 0.00116642
1 0.200003 0.267208 0.400006 0.447262 0.00115524
0 0.666141 0.712423 0.582622 0.409243 0.00113272
2 0.0997695 0.762609 0.199539 0.357499 0.00112384
2 0.389379 0.687427 0.778759 0.470609 0.00111565
1 0.101713 0.0881006 0.203426 0.176201 0.00110229
1 0.561046 0.0273594 0.797656 0.0547189 0.001094
2 0.16899 0.368856 0.337981 0.364325 0.00108602
0 0.723198 0.677612 0.483349 0.548932 0.00107236
0 0.963831 0.8398 0.0723371 0.27264 0.00106908
0 0.965705 0.861435 0.0685901 0.0955162 0.00106733
2 0.347303 0.728577 0.625268 0.430655 0.00105802
2 0.175558 0.650108 0.351116 0.480488 0.00104593
2 0.454764 0.248791 0.908102 0.497582 0.00104273
2 0.796618 0.547017 0.406763 0.734678 0.00103546
1 0.408325 0.126056 0.801881 0.252112 0.00102713
0 0.125909 0.817731 0.0359756 0.0353577 0.00101602
2 0.0602659 0.789385 0.120532 0.297726 0.00101115
0 0.0304979 0.79771 0.0601227 0.0597744 0.00100919
1 0.910813 0.24593 0.178374 0.3491 0.00100834
0 0.664753 0.34332 0.426584 0.354301 0.000993919
0 0.444702 0.487349 0.128935 0.0959818 0.000991746
0 0.83423 0.317041 0.331539 0.372235 0.00098612
1 0.0757879 0.844021 0.151576 0.311307 0.000977549
1 0.0983013 0.929055 0.196603 0.14189 0.000975924
1 0.259971 0.23179 0.501605 0.463581 0.000973745
2 0.5394 0.21396 0.753963 0.427921 0.000968341
2 0.207652 0.600096 0.415304 0.486976 0.00095716
2 0.410485 0.273128 0.62864 0.481817 0.000956615
0 0.534664 0.975054 0.659519 0.0498924 0.000949035
2 0.241961 0.694114 0.483923 0.436687 0.00094754
2 0.811063 0.22437 0.377874 0.411669 0.000940217
1 0.189802 0.0909799 0.378588 0.18196 0.000925256
1 0.181372 0.96717 0.362744 0.0656593 0.000923789
0 0.601938 0.787459 0.413758 0.215544 0.000922218
0 0.860615 0.708718 0.278769 0.512778 0.000919523
0 0.808072 0.541228 0.383856 0.788387 0.000918032
1 0.832144 0.0520511 0.335712 0.104102 0.00091141
2 0.203038 0.729641 0.406076 0.39509 0.000904459
2 0.626394 0.197633 0.54443 0.393899 0.000899212
2 0.225397 0.326307 0.410988 0.400619 0.000888933
1 0.874492 0.733811 0.251016 0.447295 0.000886904
1 0.129729 0.964355 0.259458 0.0712902 0.000863822
1 0.245148 0.970244 0.490295 0.0595125 0.000854151
2 0.198559 0.178393 0.385909 0.356786 0.000853441
2 0.105289 0.80885 0.210578 0.279252 0.000845241
1 0.167809 0.929642 0.335618 0.140715 0.000836789
0 0.827501 0.398263 0.344998 0.481001 0.000835407
2 0.305316 0.644611 0.610631 0.496108 0.000824886
0 0.133631 0.814219 0.0341042 0.0321055 0.000814948
0 0.111699 0.805809 0.0656173 0.0541946 0.000807366
0 0.517368 0.337672 0.738592 0.385988 0.000805427
0 0.961631 0.879308 0.0767388 0.22893 0.000802767
2 0.145981 0.854594 0.291961 0.276017 0.00079809
1 0.319037 0.973456 0.582182 0.0527967 0.00079771
2 0.197797 0.484594 0.395594 0.418648 0.000792571
1 0.454596 0.0362918 0.818877 0.0725837 0.000783777
0 0.543508 0.863177 0.627186 0.273646 0.000778901
2 0.894674 0.426083 0.210651 0.490342 0.000771724
0 0.66014 0.774162 0.632771 0.301128 0.000771451
0 0.893908 0.350401 0.212184 0.417081 0.000768122
1 0.906212 0.304579 0.187576 0.381271 0.000755554
2 0.308921 0.756206 0.399638 0.348988 0.000746503
0 0.844224 0.718473 0.0483481 0.0333884 0.000743735
1 0.210882 0.0293016 0.421763 0.0585972 0.000734534
0 0.207014 0.135869 0.0335942 0.022688 0.000729397
0 0.692579 0.882146 0.614842 0.235708 0.000722624
0 0.8863 0.763447 0.2274 0.416085 0.000719405
2 0.166841 0.75971 0.333681 0.330555 0.000711715
2 0.313601 0.311754 0.399851 0.372933 0.000707816
1 0.131575 0.0328583 0.26315 0.0657166 0.000697502
2 0.730031 0.209202 0.326353 0.391536 0.000686873
0 0.975143 0.877763 0.0497133 0.172072 0.000672755
1 0.264422 0.9253 0.528845 0.149401 0.00067232
0 0.974316 0.917579 0.0513673 0.0824831 0.000653444
0 0.430688 0.328775 0.640573 0.291659 0.000643272
0 0.689717 0.291753 0.299136 0.180196 0.000630819
0 0.662255 0.844766 0.15204 0.0913269 0.000629449
0 0.574209 0.867106 0.293077 0.0553772 0.000618726
1 0.364884 0.91621 0.716844 0.16758 0.000614002
0 0.596603 0.166584 0.0995214 0.0607209 0.000585927
2 0.342064 0.583329 0.674879 0.505307 0.000580385
0 0.695725 0.9742 0.586547 0.0515995 0.000578832
0 0.937462 0.920563 0.125076 0.158874 0.000575355
1 0.473637 0.652831 0.756482 0.537727 0.000557991
0 0.287284 0.478195 0.35413 0.372339 0.000547001
1 0.513843 0.888278 0.69356 0.223444 0.000539251
0 0.198708 0.137426 0.0414707 0.0288465 0.000537494
0 0.27091 0.412227 0.317838 0.243264 0.000535529
1 0.316661 0.774857 0.29115 0.331862 0.000530966
0 0.801154 0.86816 0.397692 0.26368 0.000529579
0 0.444878 0.722366 0.526973 0.440212 0.000528416
0 0.036487 0.336246 0.0376804 0.0256414 0.000525449
0 0.835616 0.969022 0.328768 0.0619566 0.000515767
0 0.857282 0.648581 0.0312827 0.0358734 0.000514079
0 0.770948 0.973823 0.458105 0.0523537 0.000514076
2 0.243539 0.361419 0.380109 0.266349 0.000510849
0 0.582626 0.454706 0.424842 0.214517 0.000504752
1 0.523551 0.84738 0.641938 0.305241 0.000498412
1 0.379873 0.810953 0.386031 0.320829 0.00049685
0 0.810815 0.549355 0.0593908 0.0276996 0.000488606
0 0.799551 0.550978 0.0709788 0.03834 0.000486242
1 0.268207 0.8623 0.524753 0.258642 0.000479687
0 0.43833 0.502312 0.113526 0.0650581 0.000479538
2 0.214801 0.819427 0.412766 0.275259 0.00047946
0 0.381916 0.772505 0.321352 0.235823 0.000475808
0 0.676842 0.340894 0.316335 0.250389 0.00047265
0 0.831191 0.728896 0.0725341 0.0545971 0.000466745
0 0.827429 0.8185 0.345141 0.328134 0.000450924
0 0.187662 0.385344 0.140661 0.120551 0.000450447
0 0.333011 0.533011 0.443144 0.482956 0.000439125
0 0.424998 0.536364 0.645654 0.452338 0.000439105
0 0.043532 0.332181 0.0226659 0.0164298 0.000414587
0 0.0671991 0.979946 0.134398 0.0401073 0.000412287
0 0.023138 0.79741 0.046276 0.060947 0.000404617
0 0.784263 0.988725 0.238883 0.0224507 0.000404163
0 0.180633 0.588239 0.0376445 0.018422 0.000399981
0 0.576059 0.52532 0.459612 0.153732 0.000398097
0 0.287757 0.444996 0.243163 0.0831876 0.000395954
0 0.458961 0.649862 0.230979 0.0875257 0.000394939
0 0.618187 0.942414 0.0549711 0.0268381 0.000387273
0 0.766231 0.99433 0.0443375 0.0113394 0.000383587
0 0.585967 0.556819 0.431317 0.111088 0.000378469
0 0.492455 0.596937 0.307451 0.191999 0.000377305
0 0.654867 0.415091 0.359262 0.221429 0.000376504
0 0.730914 0.245153 0.285329 0.151425 0.000374847
0 0.931775 0.873724 0.13645 0.114862 0.000373473
0 0.541996 0.732371 0.610028 0.12277 0.0003721
0 0.633745 0.335449 0.25157 0.234018 0.000371505
0 0.421203 0.416052 0.664925 0.246602 0.000370086
0 0.860258 0.644623 0.0314551 0.0280001 0.000366051
0 0.994598 0.0134515 0.0108031 0.026903 0.000365523
0 0.499937 0.986905 0.3262 0.0255646 0.000361858
0 0.343614 0.986245 0.281704 0.0274727 0.000361705
0 0.82526 0.551869 0.0502178 0.0317522 0.000356312
0 0.509 0.445501 0.155013 0.201787 0.000346302
0 0.681448 0.812437 0.245428 0.160252 0.000342465
0 0.397305 0.985998 0.332582 0.0278771 0.000341643
0 0.511077 0.666303 0.277405 0.0654684 0.000335395
0 0.782219 0.733468 0.140801 0.0733565 0.000326773
0 0.58355 0.586945 0.374998 0.0840057 0.000324625
0 0.647734 0.877636 0.0356791 0.0281807 0.000324233
0 0.537106 0.67562 0.523517 0.132755 0.000322175
0 0.292117 0.808323 0.139377 0.102077 0.000317749
0 0.546172 0.0127399 0.1918 0.0252945 0.000314213
0 0.20419 0.122764 0.115442 0.0885611 0.000313777
0 0.334552 0.462826 0.186001 0.0779078 0.000313322
0 0.280165 0.987483 0.331756 0.0250331 0.000313157
0 0.619362 0.315362 0.169674 0.187295 0.000305763
0 0.169218 0.988082 0.295297 0.0238362 0.000304055
0 0.45865 0.485481 0.159112 0.117628 0.000297594
0 0.00268824 0.462328 0.00537649 0.1744 0.000297308
0 0.884576 0.984214 0.230848 0.0300239 0.000293345
0 0.279427 0.350995 0.0931278 0.0399464 0.000292705
0 0.79513 0.243888 0.160665 0.145888 0.000291575
0 0.50394 0.644691 0.326385 0.121907 0.000291075
0 0.599085 0.15979 0.114257 0.0819573 0.00029044
0 0.524167 0.427372 0.157482 0.159569 0.00028972
0 0.964511 0.901698 0.070977 0.052523 0.000289233
0 0.991636 0.923307 0.0167281 0.0646469 0.000288488
0 0.622003 0.290356 0.148428 0.143827 0.000285379
0 0.00143043 0.289425 0.00286085 0.164043 0.000284661
0 0.674364 0.442057 0.310387 0.163084 0.000283974
0 0.00453854 0.359751 0.00907708 0.141675 0.00028155
0 0.422524 0.115536 0.0697874 0.0515718 0.000281254
0 0.553624 0.569497 0.412757 0.170546 0.000281236
2 0.996644 0.0322435 0.00671191 0.064487 0.000280996
0 0.835785 0.986961 0.328431 0.0260059 0.000279805
0 0.593931 0.963318 0.123662 0.0524887 0.000279337
0 0.931225 0.841826 0.128273 0.0784084 0.000279134
0 0.631806 0.632114 0.212748 0.131177 0.000277064
0 0.190347 0.1415 0.0675611 0.0663699 0.000274796
0 0.00190856 0.537385 0.00381712 0.165946 0.000271796
0 0.186081 0.855972 0.0474413 0.0245912 0.000271647
0 0.327788 0.766105 0.170062 0.0798567 0.000271011
0 0.581975 0.728897 0.359325 0.0775003 0.000270641
0 0.602682 0.980696 0.220385 0.0346978 0.000270035
0 0.0155493 0.976496 0.0310987 0.0470073 0.00026912
2 0.634012 0.0502364 0.281346 0.0896644 0.000266105
0 0.734745 0.986865 0.328754 0.0262692 0.000264233
0 0.296788 0.337125 0.0815881 0.062024 0.000263634
0 0.627872 0.569397 0.260163 0.134944 0.00026228
0 0.00167773 0.242218 0.00335546 0.166267 0.000261311
2 0.0221356 0.0330259 0.0442712 0.0660517 0.000260863
0 0.0656647 0.334175 0.0365228 0.0207478 0.000259853
0 0.0981311 0.0539662 0.190105 0.104747 0.000259555
0 0.960727 0.903691 0.0785457 0.192618 0.00025852
0 0.586842 0.0128029 0.229349 0.0254626 0.000257829
0 0.437801 0.109777 0.0660939 0.0507274 0.000257594
0 0.00432783 0.961584 0.00865565 0.0768325 0.000257393
0 0.706836 0.731332 0.192239 0.14901 0.000257141
0 0.185363 0.700956 0.028623 0.0180356 0.000256445
0 0.594728 0.349952 0.223154 0.264628 0.000256138
0 0.994823 0.717214 0.0103536 0.171891 0.000256069
0 0.704046 0.725026 0.202241 0.0987984 0.000255444
0 0.183901 0.85631 0.0298425 0.018095 0.000255412
0 0.78785 0.213799 0.168473 0.0874636 0.000254178
2 0.00416567 0.0724031 0.00833133 0.140571 0.000252891
0 0.884415 0.403306 0.120501 0.0695426 0.000252258
0 0.961001 0.96158 0.0779976 0.0768403 0.000252041
0 0.446249 0.594849 0.206386 0.191703 0.000251951
0 0.996406 0.301293 0.00718719 0.143677 0.000251153
0 0.126386 0.0692055 0.252772 0.137132 0.00024932
0 0.995273 0.65854 0.00945465 0.166372 0.000248461
0 0.0312034 0.33471 0.0624067 0.176972 0.000247409
0 0.99625 0.274588 0.00749957 0.149069 0.000246306
0 0.532619 0.643159 0.401961 0.175592 0.000245763
0 0.00326185 0.330247 0.0065237 0.154189 0.000245185
0 0.745232 0.0115052 0.234726 0.0227759 0.000244389
0 0.698103 0.0119151 0.258561 0.0237657 0.000244081
0 0.638253 0.72526 0.352908 0.133099 0.000243682
0 0.995873 0.451529 0.00825415 0.142348 0.000243345
0 0.506566 0.0150356 0.227719 0.0297674 0.000243179
0 0.993354 0.937446 0.0132914 0.0580933 0.000241769
0 0.55434 0.0396063 0.23266 0.0745758 0.000241664
0 0.0104096 0.844204 0.0208192 0.143958 0.000241517
0 0.517326 0.0351394 0.195721 0.0658563 0.00024144
0 0.00120898 0.192705 0.00241796 0.165485 0.000238583
0 0.181609 0.70303 0.0404128 0.0338276 0.000238556
0 0.5488 0.422296 0.174555 0.182522 0.000238114
0 0.773059 0.231944 0.197577 0.122612 0.000237849
0 0.532133 0.984358 0.318719 0.0295475 0.000237775
2 0.690663 0.0493074 0.324891 0.0878431 0.000237641
0 0.637386 0.012037 0.247898 0.0240491 0.000237193
0 0.59472 0.0461942 0.261563 0.0852396 0.000236914
0 0.219703 0.37519 0.204471 0.145972 0.000236109
0 0.790608 0.0128317 0.181908 0.0247664 0.00023561
0 0.00313095 0.399188 0.00626189 0.181658 0.000235452
2 0.838936 0.0373118 0.195904 0.0688216 0.000235277
0 0.00161063 0.74161 0.00322125 0.172789 0.000235231
0 0.656883 0.251524 0.0625792 0.0462993 0.000234947
0 0.934362 0.974515 0.131275 0.0509705 0.000234925
0 0.170065 0.129455 0.124347 0.051283 0.000234368
0 0.995589 0.503822 0.00882288 0.145111 0.000234283
0 0.7429 0.904294 0.0925057 0.0432829 0.000234083
0 0.00209021 0.637294 0.00418043 0.1633 0.00023391
2 0.876234 0.0446799 0.205666 0.0842517 0.000233662
0 0.988498 0.874525 0.0230035 0.125422 0.000233485
2 0.000736381 0.162701 0.00147276 0.171024 0.000233302
0 0.273981 0.335532 0.286411 0.089789 0.000232698
2 0.744515 0.0379435 0.288927 0.0678719 0.000232538
0 0.75781 0.145767 0.108854 0.0383897 0.000232428
0 0.663049 0.86632 0.0624085 0.0519954 0.000231987
0 0.666389 0.825761 0.149799 0.111211 0.000231238
0 0.646657 0.653683 0.188912 0.135969 0.00023046
