0 0.52995 0.650202 0.559898 0.466956 0.834196
0 0.695486 0.526585 0.216031 0.212751 0.326353
0 0.646103 0.986667 0.0974197 0.0266656 0.0275533
0 0.618887 0.98654 0.150191 0.0269202 0.024475
0 0.17885 0.331354 0.185217 0.110867 0.0110352
0 0.735599 0.752031 0.0430984 0.0328257 0.0100057
0 0.670101 0.985204 0.313022 0.029592 0.00781917
0 0.618419 0.985398 0.233106 0.0292039 0.00743082
0 0.660391 0.54142 0.168954 0.123663 0.00730441
0 0.614059 0.526255 0.379917 0.219438 0.00463856
0 0.762241 0.973342 0.468686 0.0533153 0.00353541
0 0.454327 0.942831 0.598814 0.112396 0.00340059
0 0.475524 0.963143 0.598348 0.073139 0.0033825
2 0.801579 0.458928 0.176455 0.076465 0.0029883
0 0.935338 0.975909 0.129325 0.0479082 0.00273006
0 0.658558 0.604581 0.28864 0.37118 0.00257842
0 0.515936 0.681388 0.409471 0.227429 0.0025481
0 0.515102 0.974012 0.670239 0.051759 0.00229678
0 0.530655 0.707377 0.374028 0.167084 0.00203333
2 0.851262 0.460885 0.0752057 0.0658816 0.00203063
0 0.923201 0.969845 0.153598 0.0603103 0.00199173
0 0.804286 0.970762 0.391428 0.0580864 0.00193319
0 0.603234 0.810717 0.245335 0.139937 0.00167651
0 0.577976 0.984968 0.352696 0.0300635 0.00167478
0 0.785215 0.655861 0.0457892 0.0491403 0.00165735
0 0.613944 0.653442 0.388585 0.473261 0.0015744
0 0.544606 0.762283 0.352386 0.216276 0.00152432
0 0.634886 0.978919 0.20176 0.0421624 0.00149322
1 0.154245 0.0924746 0.308491 0.184949 0.00146215
0 0.367043 0.973403 0.291665 0.053194 0.00142211
0 0.740753 0.983616 0.460607 0.0325035 0.00138926
0 0.174686 0.329926 0.270467 0.269185 0.00135682
1 0.152384 0.13378 0.304768 0.264252 0.00131612
1 0.493231 0.482621 0.88753 0.718109 0.00131544
0 0.519085 0.581164 0.601494 0.342063 0.00128984
0 0.516571 0.627232 0.733989 0.4616 0.00127748
0 0.182911 0.386993 0.281127 0.258831 0.0012571
0 0.409134 0.647518 0.307257 0.253927 0.00125454
0 0.172519 0.285277 0.287908 0.313559 0.00125283
1 0.108353 0.148315 0.216705 0.285456 0.00120537
0 0.586125 0.00770357 0.0576795 0.0154071 0.0012002
0 0.493211 0.813058 0.225053 0.13346 0.0011983
0 0.548156 0.81166 0.329884 0.136783 0.0011706
2 0.5397 0.548692 0.783935 0.469242 0.00116951
0 0.681832 0.748646 0.468278 0.287142 0.00116159
0 0.163071 0.34311 0.304681 0.367016 0.00115948
0 0.728927 0.835532 0.484137 0.241736 0.00114815
0 0.0576807 0.217272 0.113698 0.0940149 0.00114681
0 0.52337 0.980971 0.479003 0.0380583 0.00112423
2 0.18566 0.143267 0.341049 0.268596 0.00109938
0 0.741248 0.949877 0.470196 0.100247 0.00109465
1 0.210196 0.0791294 0.420391 0.157743 0.00107724
2 0.937719 0.835005 0.124562 0.281323 0.00106057
0 0.859447 0.963919 0.27912 0.0721624 0.00105237
0 0.162005 0.408998 0.300889 0.325341 0.00104054
0 0.284229 0.932778 0.450238 0.132665 0.00103912
0 0.789333 0.468565 0.203954 0.0966614 0.00103702
0 0.514321 0.865484 0.751052 0.269033 0.00103152
1 0.227164 0.0264095 0.454327 0.0528191 0.00102119
0 0.367983 0.96027 0.281709 0.0794605 0.00100876
2 0.94306 0.796506 0.113881 0.328819 0.000993005
2 0.0723663 0.707664 0.144733 0.434709 0.000991878
2 0.0676936 0.762424 0.135387 0.43136 0.000987507
0 0.269873 0.993417 0.0824186 0.0131653 0.000980412
0 0.589581 0.732514 0.385462 0.300843 0.000960371
0 0.37553 0.94465 0.285019 0.1107 0.000946671
2 0.935642 0.73992 0.128717 0.368552 0.000941163
0 0.451399 0.972128 0.475445 0.0557435 0.000926935
2 0.0611148 0.836805 0.12223 0.32639 0.000926005
2 0.0678417 0.635561 0.135683 0.385138 0.000913665
0 0.538005 0.622833 0.133925 0.0715655 0.00090944
0 0.801507 0.459122 0.173813 0.0778563 0.000907413
1 0.081621 0.857388 0.163242 0.285225 0.000905471
1 0.481743 0.347887 0.866925 0.656124 0.000905122
0 0.701892 0.651922 0.50513 0.485006 0.0009043
0 0.591029 0.521885 0.681482 0.365822 0.000897705
0 0.133008 0.330233 0.266015 0.465756 0.000894826
2 0.925209 0.683218 0.149582 0.392809 0.000893546
0 0.199154 0.453701 0.325721 0.304727 0.000889012
2 0.256934 0.480491 0.4188 0.393179 0.000887976
2 0.521566 0.442117 0.850601 0.613488 0.000883905
0 0.572712 0.669966 0.290594 0.20064 0.000873413
2 0.901977 0.877664 0.196046 0.242807 0.000871599
0 0.636922 0.564674 0.351607 0.19051 0.000870011
2 0.101389 0.163266 0.202778 0.282054 0.000865801
0 0.912404 0.960607 0.174103 0.0787863 0.000862899
1 0.108418 0.479632 0.216835 0.435967 0.000860444
0 0.238914 0.340309 0.337058 0.332543 0.000853115
2 0.0634688 0.580424 0.126938 0.347853 0.000851311
0 0.492047 0.529876 0.899025 0.697442 0.000842715
1 0.119574 0.417331 0.239147 0.442925 0.000839811
0 0.163885 0.473956 0.31091 0.369471 0.000838867
0 0.202746 0.35379 0.102038 0.0458751 0.000837732
0 0.753114 0.615618 0.402975 0.404824 0.000836085
0 0.272514 0.714309 0.268277 0.152808 0.000835642
2 0.0754545 0.532571 0.150909 0.399556 0.000835158
1 0.313476 0.0258383 0.626384 0.0516766 0.000834201
2 0.126047 0.848757 0.24052 0.283814 0.000832227
0 0.594329 0.977203 0.263838 0.0455938 0.000829671
1 0.147886 0.0286524 0.295772 0.0561266 0.000822138
0 0.226118 0.98645 0.274601 0.0271007 0.000821299
0 0.787769 0.535269 0.327313 0.261539 0.000818667
0 0.681591 0.978521 0.27296 0.0429585 0.00081757
0 0.179605 0.245086 0.327994 0.364331 0.000814181
1 0.30212 0.0797725 0.60424 0.159064 0.000803599
0 0.769485 0.0927397 0.427826 0.185291 0.000794875
2 0.589693 0.338612 0.729175 0.339144 0.000786055
2 0.750612 0.788452 0.431818 0.306299 0.000785907
2 0.874878 0.832616 0.250243 0.28159 0.000779377
2 0.845339 0.0459904 0.309321 0.0910479 0.0007788
0 0.525766 0.745736 0.622014 0.300026 0.00077637
2 0.919357 0.356862 0.161287 0.352479 0.000771254
1 0.744083 0.0302578 0.511833 0.0602964 0.000770295
1 0.109863 0.929485 0.219726 0.13573 0.00076502
2 0.359769 0.569236 0.623741 0.462272 0.000764016
2 0.777986 0.0370157 0.444028 0.0739686 0.000763481
0 0.294775 0.385695 0.461136 0.377942 0.000763044
1 0.846496 0.134295 0.248243 0.263651 0.000762828
2 0.537926 0.127743 0.701 0.252961 0.000762567
2 0.877706 0.082133 0.226169 0.164266 0.000761975
0 0.612374 0.251452 0.566826 0.190924 0.000760427
0 0.480489 0.335136 0.849096 0.506335 0.000757813
0 0.61987 0.166349 0.576496 0.282227 0.00075632
0 0.86588 0.465948 0.261952 0.207373 0.000755161
0 0.863124 0.913803 0.273752 0.172395 0.000754789
1 0.734486 0.130249 0.524336 0.256479 0.000753887
0 0.242052 0.993477 0.0988245 0.0130459 0.000751305
2 0.138445 0.78331 0.276889 0.398676 0.000749382
2 0.502859 0.323541 0.831971 0.450757 0.000745101
0 0.73 0.707708 0.432416 0.469487 0.000741474
0 0.690484 0.568656 0.220281 0.213869 0.000738987
1 0.448255 0.0755615 0.705263 0.151123 0.000738314
2 0.906802 0.57979 0.186397 0.35422 0.000736668
2 0.873988 0.404386 0.252023 0.337362 0.000735919
0 0.855445 0.875463 0.282131 0.242412 0.000735655
2 0.236887 0.192266 0.388074 0.357896 0.000733665
1 0.144656 0.865869 0.282988 0.268263 0.000731474
1 0.943808 0.164548 0.112385 0.324582 0.000731309
0 0.612821 0.0159278 0.219299 0.0318555 0.000728225
2 0.411163 0.62393 0.710705 0.475643 0.000726296
0 0.453148 0.711645 0.249869 0.124654 0.000725686
0 0.71418 0.172122 0.479691 0.312481 0.000725271
2 0.948818 0.287335 0.102364 0.340839 0.000717353
0 0.704061 0.478518 0.483911 0.393471 0.000716336
2 0.946147 0.222249 0.107705 0.342526 0.000716295
0 0.866236 0.0913215 0.207697 0.182643 0.000711215
0 0.142501 0.329216 0.107966 0.0952454 0.000709649
0 0.246188 0.988817 0.112591 0.0223656 0.000708401
2 0.830289 0.440958 0.29566 0.330389 0.000705693
0 0.509324 0.225976 0.741955 0.242563 0.000704919
0 0.502593 0.705558 0.536093 0.371344 0.000702946
2 0.156336 0.538237 0.301059 0.337137 0.000702247
0 0.443391 0.750942 0.690441 0.350675 0.0007009
0 0.84967 0.595366 0.30066 0.378039 0.000700454
2 0.885708 0.514426 0.228584 0.303758 0.000700399
0 0.186191 0.937213 0.308929 0.125573 0.000699193
0 0.864252 0.517102 0.271141 0.272333 0.000696103
0 0.655005 0.808492 0.407176 0.192351 0.000694005
2 0.0760815 0.015443 0.152163 0.030886 0.000693649
2 0.287445 0.130246 0.57489 0.260491 0.000686118
1 0.925314 0.119702 0.149373 0.239404 0.000685754
0 0.819486 0.505236 0.279038 0.231362 0.00068457
0 0.655859 0.0929003 0.487119 0.185728 0.000683708
0 0.23348 0.254263 0.333622 0.365757 0.000678813
1 0.134547 0.944521 0.269094 0.110958 0.00067314
0 0.862498 0.432243 0.275003 0.275153 0.000665278
2 0.861958 0.439136 0.269342 0.240087 0.000665096
2 0.403379 0.19129 0.70909 0.360051 0.000654231
0 0.141503 0.590342 0.280152 0.317885 0.000651911
1 0.170001 0.933578 0.340002 0.13191 0.000651352
0 0.493543 0.811717 0.69831 0.287553 0.000650821
2 0.449362 0.528815 0.798571 0.55975 0.000649918
0 0.141565 0.663501 0.283129 0.402923 0.000648604
1 0.746716 0.0778923 0.464841 0.155785 0.000647586
1 0.432099 0.0260561 0.707595 0.0521123 0.000643783
0 0.696287 0.449942 0.559927 0.55735 0.000643105
0 0.137814 0.354127 0.260209 0.148578 0.000636575
0 0.291205 0.993232 0.135419 0.0135369 0.000626748
2 0.706047 0.387369 0.557261 0.534203 0.000624204
1 0.891518 0.14535 0.191486 0.28411 0.000622591
0 0.473898 0.221973 0.818449 0.358139 0.000621091
0 0.712694 0.23704 0.474842 0.293176 0.000620656
0 0.800457 0.940792 0.399087 0.118417 0.000620568
0 0.223989 0.531142 0.373695 0.330997 0.000609514
1 0.598162 0.0260389 0.674179 0.0519811 0.000608319
2 0.834003 0.413858 0.29459 0.528307 0.000608305
0 0.467268 0.721869 0.196623 0.117514 0.000608118
0 0.851906 0.952796 0.296187 0.0944086 0.000604809
0 0.348395 0.870139 0.618491 0.259721 0.000601707
2 0.480789 0.164735 0.777366 0.295927 0.000601499
2 0.828947 0.183211 0.265217 0.341525 0.000601233
1 0.667091 0.0733735 0.465771 0.146747 0.000595387
0 0.652056 0.983165 0.0820972 0.0327091 0.000592981
2 0.0675583 0.0241642 0.135117 0.0463705 0.000592711
1 0.459833 0.106242 0.694361 0.212483 0.000590847
0 0.328692 0.978285 0.31465 0.0434298 0.000581684
0 0.853657 0.754781 0.0767628 0.104507 0.000579805
2 0.174485 0.850515 0.281811 0.280129 0.000576403
0 0.283137 0.678802 0.265327 0.216456 0.000576241
2 0.885911 0.205304 0.204222 0.33808 0.000575731
1 0.376326 0.120528 0.676182 0.241056 0.000574971
2 0.864376 0.0976614 0.271247 0.195323 0.000567946
0 0.550101 0.0967946 0.630104 0.193589 0.000567829
1 0.481998 0.257842 0.883388 0.460202 0.000563781
0 0.325031 0.71869 0.308972 0.142777 0.000559285
0 0.269185 0.989107 0.158949 0.0217852 0.000554625
2 0.871208 0.713525 0.257585 0.469019 0.000549754
0 0.926595 0.23752 0.0326101 0.0242014 0.000548677
2 0.389545 0.840389 0.652259 0.304459 0.000547499
2 0.886427 0.278726 0.208323 0.352811 0.000547437
0 0.316158 0.942517 0.354557 0.114966 0.000546623
0 0.652911 0.0168372 0.272057 0.0336743 0.000544901
2 0.420877 0.794176 0.697238 0.342446 0.000540747
0 0.238652 0.594677 0.403955 0.347593 0.000527959
2 0.130062 0.893553 0.0690556 0.0651253 0.000523743
1 0.852272 0.0696051 0.295455 0.13734 0.000516581
0 0.193792 0.954269 0.30442 0.0914612 0.00051467
2 0.824595 0.247636 0.27431 0.40549 0.000512431
0 0.282357 0.776397 0.499609 0.369409 0.000503974
2 0.228829 0.818938 0.396325 0.319763 0.000502237
0 0.856875 0.520623 0.0667267 0.103321 0.000501082
0 0.269974 0.440486 0.158727 0.119672 0.000500377
0 0.452442 0.81937 0.239985 0.120744 0.000497377
0 0.863084 0.676685 0.273831 0.507774 0.000489689
0 0.553133 0.825227 0.248187 0.112264 0.000484675
0 0.252762 0.672761 0.4371 0.406388 0.000482135
0 0.485258 0.648142 0.446152 0.261341 0.000480441
0 0.88706 0.722853 0.0642494 0.0424645 0.000480326
0 0.60551 0.84192 0.22552 0.0814532 0.000480112
0 0.0823647 0.0176425 0.164729 0.035285 0.000476331
0 0.243807 0.441468 0.104316 0.117778 0.000474336
0 0.584925 0.0146517 0.0678081 0.0292642 0.000473843
0 0.807807 0.653751 0.0837555 0.055563 0.000468465
1 0.775482 0.469059 0.238183 0.100408 0.000466801
0 0.879223 0.450339 0.241004 0.0964836 0.000466638
0 0.916643 0.97388 0.166715 0.0522402 0.000464539
0 0.419452 0.939351 0.352978 0.121298 0.000463148
0 0.178304 0.660531 0.0478897 0.0257593 0.000457859
0 0.632472 0.60013 0.343689 0.269257 0.000456139
0 0.581801 0.0110388 0.0642571 0.0220775 0.000449955
0 0.393938 0.709039 0.187249 0.132653 0.000447078
0 0.703911 0.496113 0.196393 0.15283 0.000442243
0 0.512739 0.81194 0.591917 0.174384 0.000438437
0 0.844526 0.753271 0.0501981 0.100708 0.000438072
0 0.300646 0.987767 0.215979 0.0241684 0.000433884
0 0.718772 0.749656 0.0784484 0.0448882 0.000432127
0 0.397158 0.820051 0.317187 0.104385 0.000428589
0 0.123931 0.83762 0.227631 0.135346 0.000427956
0 0.253985 0.711851 0.212919 0.13356 0.000425863
0 0.459334 0.718364 0.128768 0.112296 0.000424174
0 0.620005 0.926196 0.255405 0.147609 0.000417371
0 0.682658 0.0217362 0.307684 0.0432964 0.00041432
0 0.920273 0.94772 0.159453 0.10456 0.000409697
0 0.742858 0.298636 0.0978768 0.0674357 0.000407209
0 0.435828 0.826151 0.335497 0.125256 0.000405893
0 0.285673 0.752817 0.162956 0.109234 0.000403748
0 0.8737 0.746032 0.0984126 0.0906104 0.000402774
0 0.336713 0.020083 0.266106 0.040166 0.000402494
0 0.332479 0.741067 0.263515 0.119997 0.000397905
0 0.725896 0.489422 0.131221 0.113572 0.000387723
0 0.754032 0.304842 0.0744017 0.0366565 0.000375876
0 0.423297 0.716888 0.175661 0.117356 0.000375804
0 0.0852107 0.930341 0.170421 0.139318 0.000372531
0 0.363087 0.627192 0.224089 0.204051 0.000369339
0 0.301408 0.444726 0.238369 0.131609 0.00036746
0 0.596737 0.768437 0.259666 0.226519 0.000363934
2 0.807354 0.453997 0.223118 0.116465 0.00035485
0 0.466406 0.761233 0.161078 0.143417 0.000354631
0 0.467537 0.731249 0.152916 0.100662 0.000353973
0 0.242822 0.402033 0.0725972 0.0540743 0.000353755
0 0.872537 0.758902 0.111261 0.123685 0.000350851
0 0.132737 0.0200293 0.265474 0.0400586 0.00035051
0 0.0598009 0.531565 0.119602 0.166552 0.00035033
0 0.715737 0.653055 0.15706 0.100654 0.000350312
0 0.251551 0.125434 0.151479 0.0890443 0.000349125
0 0.568197 0.016531 0.204836 0.032568 0.000347733
0 0.281457 0.128679 0.0950962 0.0731048 0.000340092
0 0.0853509 0.541468 0.170702 0.125867 0.000337835
1 0.0865021 0.933636 0.171992 0.132729 0.000334901
0 0.376347 0.475376 0.13186 0.0809195 0.000334553
0 0.28833 0.778692 0.141364 0.062187 0.000334426
0 0.704315 0.472427 0.18357 0.107663 0.000332706
0 0.73403 0.521631 0.136293 0.203863 0.000330565
0 0.446964 0.0553426 0.371892 0.110685 0.000328566
0 0.439286 0.677949 0.300385 0.197963 0.000327853
0 0.866018 0.0533426 0.261043 0.106217 0.000327592
0 0.467835 0.689201 0.120721 0.11738 0.000326047
0 0.625347 0.645963 0.325632 0.159512 0.000325375
0 0.68359 0.507326 0.183326 0.0865522 0.000322484
0 0.0710458 0.566117 0.130996 0.0664848 0.000314707
0 0.324646 0.632666 0.172569 0.213241 0.000311877
0 0.751787 0.510623 0.133603 0.182869 0.000311371
0 0.30058 0.0161473 0.273741 0.0322945 0.00030952
0 0.60591 0.871605 0.231348 0.0532127 0.00030845
0 0.445124 0.801033 0.198652 0.106866 0.000307025
0 0.610612 0.905938 0.237983 0.124011 0.000305691
0 0.610685 0.656641 0.211116 0.152702 0.000300273
0 0.146704 0.852353 0.21772 0.164812 0.000300257
0 0.450625 0.92745 0.381382 0.1451 0.000299577
0 0.0509314 0.39736 0.101863 0.204544 0.000296626
