1 0.421174 0.483124 0.586325 0.761384 0.927152
0 0.658149 0.800831 0.056498 0.071287 0.0414643
2 0.973611 0.548539 0.0527781 0.258778 0.00544087
2 0.965332 0.522023 0.0693367 0.619673 0.00463659
2 0.951443 0.532261 0.0949178 0.692643 0.00276786
2 0.971358 0.456405 0.057 0.479842 0.00200445
0 0.970886 0.623528 0.0582278 0.443076 0.00185376
1 0.533535 0.368513 0.341947 0.535629 0.00157279
1 0.264802 0.555036 0.269324 0.626913 0.00133039
2 0.972923 0.521282 0.0541541 0.182134 0.00130755
0 0.97233 0.414198 0.05534 0.506238 0.00121973
1 0.547419 0.288061 0.835725 0.576122 0.00115167
2 0.971156 0.638073 0.057689 0.587121 0.00110872
1 0.11546 0.393429 0.230921 0.707791 0.00100901
1 0.0991075 0.479099 0.198215 0.641 0.000982088
1 0.130267 0.559276 0.257029 0.626471 0.000968625
0 0.241301 0.585715 0.224552 0.543466 0.000945421
0 0.979465 0.678952 0.0409046 0.457902 0.000926495
1 0.175073 0.618762 0.330566 0.498201 0.000913952
1 0.0814187 0.361154 0.162837 0.689554 0.00090876
1 0.0955713 0.593304 0.191077 0.526024 0.000908226
1 0.116669 0.270489 0.233337 0.530475 0.000905441
1 0.548898 0.464592 0.312318 0.714528 0.000903949
1 0.11654 0.171463 0.23308 0.342927 0.000885798
1 0.324077 0.447726 0.442134 0.767896 0.000881567
2 0.124913 0.156126 0.249825 0.312252 0.000880971
1 0.0611666 0.432618 0.122333 0.694926 0.000880965
1 0.590269 0.463139 0.520669 0.724893 0.000879887
1 0.926284 0.557192 0.146493 0.727423 0.000878774
0 0.920735 0.394042 0.155474 0.748591 0.000865696
1 0.973931 0.702766 0.0521375 0.515958 0.000861081
2 0.133523 0.250924 0.262027 0.48335 0.000842929
1 0.0449944 0.485558 0.0899888 0.665553 0.0008293
0 0.980644 0.337266 0.0387117 0.534748 0.000827224
1 0.109212 0.120498 0.218423 0.240996 0.00081335
1 0.0637766 0.62782 0.127553 0.445951 0.000812201
1 0.808418 0.764357 0.383164 0.407831 0.000809762
1 0.0776997 0.20165 0.155399 0.403301 0.000809451
1 0.949453 0.640891 0.09916 0.645055 0.000805314
2 0.946607 0.373352 0.106404 0.692545 0.000800435
1 0.0465219 0.588489 0.0930439 0.50423 0.000799972
1 0.0839191 0.681099 0.167838 0.410264 0.000799751
1 0.593069 0.362499 0.293019 0.525281 0.000797295
1 0.523214 0.309418 0.506445 0.42759 0.000796026
1 0.936525 0.736646 0.124715 0.475558 0.000772402
1 0.255851 0.854163 0.511702 0.291674 0.000772351
1 0.828897 0.676604 0.342206 0.5744 0.000771639
1 0.230454 0.594618 0.214322 0.525679 0.000767608
2 0.925475 0.496059 0.147053 0.746913 0.000766965
0 0.971365 0.309354 0.0572405 0.613992 0.000765101
0 0.938315 0.329755 0.123244 0.652325 0.000761552
1 0.881165 0.821943 0.236586 0.317723 0.000756074
1 0.137451 0.660653 0.274724 0.436701 0.00074844
1 0.720605 0.107246 0.558791 0.214491 0.000742169
2 0.918484 0.231155 0.162759 0.46231 0.000739641
1 0.560428 0.0847506 0.793628 0.169501 0.000738868
1 0.172988 0.482002 0.308091 0.772451 0.000730728
1 0.602221 0.272769 0.546584 0.398623 0.000712842
1 0.727889 0.597179 0.489445 0.642821 0.000709781
1 0.226438 0.703722 0.452875 0.372215 0.000705319
1 0.687418 0.165816 0.621764 0.331632 0.000701706
1 0.0713605 0.137259 0.142721 0.274517 0.000698598
2 0.259969 0.961527 0.499928 0.0769469 0.00068664
1 0.188664 0.789398 0.377328 0.312242 0.000682586
2 0.554263 0.458889 0.306826 0.707741 0.000680417
0 0.289447 0.601103 0.323974 0.503339 0.000678933
1 0.231145 0.427908 0.365391 0.784263 0.000677755
1 0.851078 0.867818 0.297843 0.23188 0.000677429
2 0.169203 0.200437 0.336629 0.400873 0.000677419
0 0.561629 0.870924 0.766042 0.239597 0.000676842
0 0.982629 0.255587 0.0347418 0.511174 0.000674087
1 0.168355 0.915873 0.336711 0.168255 0.000668105
0 0.411126 0.964954 0.570042 0.0700917 0.000665343
1 0.457748 0.242993 0.70883 0.485985 0.000665093
1 0.894536 0.767662 0.210927 0.417048 0.000661705
1 0.0946185 0.75781 0.189237 0.370667 0.000658355
1 0.197593 0.551048 0.204495 0.642404 0.000655778
1 0.743983 0.691704 0.468873 0.488279 0.00065559
1 0.240465 0.10844 0.48093 0.21688 0.000654013
0 0.411883 0.862604 0.591185 0.274792 0.000645734
1 0.188347 0.0960907 0.376695 0.192181 0.000645264
1 0.925434 0.675276 0.149133 0.590179 0.000644428
1 0.631603 0.214813 0.736794 0.429626 0.000640393
1 0.313707 0.360351 0.606271 0.694022 0.000639206
0 0.468617 0.88204 0.688381 0.201534 0.000637796
1 0.25949 0.77204 0.512568 0.33482 0.000634012
0 0.394038 0.588801 0.528229 0.541948 0.00063315
0 0.980771 0.751669 0.0381168 0.477532 0.000631155
1 0.144429 0.957411 0.288857 0.0851785 0.000625692
1 0.350616 0.151008 0.701232 0.302017 0.00062524
0 0.888017 0.216645 0.221963 0.433291 0.000623137
1 0.195272 0.146631 0.390545 0.293262 0.000622398
2 0.188067 0.299647 0.358854 0.58044 0.000622324
1 0.970407 0.813167 0.0591855 0.346174 0.000622226
1 0.0977499 0.0834043 0.1955 0.166809 0.000619439
1 0.124455 0.0746656 0.248909 0.149331 0.000618394
0 0.409786 0.666447 0.560551 0.421017 0.000617976
1 0.702769 0.313179 0.577573 0.593068 0.000617839
1 0.830259 0.0956225 0.339481 0.191245 0.000616592
1 0.424794 0.12712 0.706789 0.25424 0.000614777
1 0.0998557 0.909219 0.199711 0.181561 0.00061203
0 0.3041 0.855406 0.544413 0.289187 0.000611572
1 0.519932 0.0538566 0.744678 0.107713 0.000610039
1 0.752299 0.143635 0.495402 0.287269 0.000609325
0 0.991606 0.260439 0.0167889 0.128836 0.000600251
1 0.886214 0.939816 0.227572 0.120369 0.000599566
0 0.480854 0.95512 0.660529 0.0897604 0.000599556
1 0.102981 0.95333 0.205962 0.0933406 0.000597612
1 0.598422 0.128665 0.782565 0.257331 0.000594149
0 0.763089 0.467531 0.473823 0.745902 0.00059081
1 0.935207 0.891466 0.129586 0.217067 0.000588897
1 0.803747 0.527583 0.392506 0.727719 0.000583613
1 0.400569 0.195289 0.708244 0.390578 0.000580702
1 0.874503 0.144685 0.249975 0.289371 0.000574208
0 0.43856 0.807838 0.64092 0.172224 0.000574079
1 0.634798 0.642008 0.601239 0.35457 0.000574059
2 0.955924 0.220932 0.0881519 0.441864 0.000571917
1 0.269697 0.628754 0.28973 0.450805 0.000563036
1 0.897785 0.108156 0.204429 0.216311 0.000555949
0 0.984312 0.654035 0.0313763 0.314418 0.000554096
1 0.288999 0.225279 0.577998 0.450559 0.000551203
1 0.66588 0.729562 0.643301 0.31018 0.000549278
1 0.840651 0.931173 0.318698 0.137653 0.000549077
1 0.458012 0.396932 0.523956 0.602574 0.000548643
1 0.633361 0.677839 0.718764 0.353269 0.000546267
2 0.6928 0.413172 0.604367 0.734067 0.000540913
0 0.563264 0.81369 0.725839 0.189814 0.000532056
1 0.642863 0.568002 0.682635 0.558797 0.000523746
0 0.991548 0.290055 0.0169047 0.186741 0.000520741
1 0.62325 0.818252 0.707606 0.201792 0.000514321
0 0.544038 0.70487 0.328422 0.220211 0.000501697
1 0.758382 0.824866 0.462044 0.262192 0.000501292
1 0.916279 0.162951 0.166855 0.325902 0.00050019
0 0.645874 0.955422 0.627569 0.0891554 0.000493738
1 0.787712 0.885771 0.424576 0.196886 0.000492782
0 0.281255 0.721468 0.451346 0.37028 0.000489523
0 0.963004 0.665301 0.0739911 0.386076 0.000483535
1 0.695629 0.892326 0.588902 0.194972 0.000477517
1 0.746394 0.955521 0.49593 0.0889586 0.00047384
0 0.969754 0.517522 0.0604914 0.479422 0.0004724
0 0.328862 0.679912 0.427409 0.39242 0.000456698
0 0.48254 0.300996 0.266174 0.329153 0.000447421
0 0.398907 0.814323 0.406706 0.101887 0.00044336
0 0.988811 0.276814 0.022378 0.302343 0.000443158
0 0.989432 0.643153 0.0209776 0.179951 0.00043188
0 0.923243 0.421246 0.153515 0.388884 0.000428778
0 0.362893 0.759366 0.460848 0.161631 0.000428072
0 0.958545 0.367096 0.0828934 0.524159 0.000415192
0 0.414745 0.682988 0.555393 0.281639 0.000413752
0 0.5437 0.473746 0.322831 0.671586 0.000413385
0 0.459594 0.306718 0.602043 0.474272 0.000410527
0 0.246689 0.774817 0.233905 0.143435 0.000406401
0 0.470506 0.307063 0.341509 0.394421 0.000401367
0 0.495798 0.414197 0.416427 0.623821 0.000394917
0 0.565664 0.62817 0.144247 0.22097 0.000393886
0 0.472742 0.261915 0.222599 0.25733 0.000390319
0 0.920112 0.19618 0.158144 0.273131 0.000380497
0 0.00671373 0.548124 0.0134275 0.089659 0.000377849
0 0.346314 0.7465 0.364146 0.192019 0.000373029
0 0.941514 0.995157 0.112523 0.00968677 0.000371439
2 0.574738 0.268429 0.246385 0.307363 0.000369099
2 0.185429 0.00107442 0.1435 0.00214884 0.00036701
1 0.205774 0.000947988 0.142859 0.00189598 0.000361821
0 0.933816 0.365078 0.132368 0.392965 0.000361063
0 0.278245 0.785573 0.301096 0.130532 0.00035717
2 0.10876 0.123593 0.21752 0.239174 0.000356919
0 0.972382 0.915804 0.0547199 0.168393 0.000353482
0 0.235463 0.534578 0.177575 0.464009 0.00035142
2 0.162261 0.00173774 0.150211 0.00347548 0.000350892
0 0.890564 0.995983 0.204496 0.008034 0.000350355
0 0.376013 0.855101 0.306668 0.128255 0.000348858
0 0.539285 0.684676 0.203418 0.222792 0.000348523
0 0.583737 0.625556 0.108267 0.13083 0.000348004
0 0.953893 0.70932 0.0922135 0.369059 0.000347115
0 0.402474 0.484344 0.549521 0.751428 0.000344369
2 0.30953 0.137027 0.169534 0.266505 0.000342225
1 0.0951614 0.00581838 0.160805 0.0116368 0.000341385
2 0.886776 0.158496 0.226449 0.307803 0.000337891
2 0.130834 0.00201245 0.159541 0.0040249 0.000336563
2 0.308834 0.000895739 0.148555 0.00179148 0.000336428
0 0.979342 0.807469 0.0409782 0.385062 0.000332828
0 0.337819 0.458773 0.242453 0.328888 0.000332134
0 0.932016 0.279956 0.134341 0.35316 0.000330941
0 0.988838 0.600589 0.0219434 0.146178 0.000329797
2 0.36974 0.674669 0.348434 0.337748 0.000326292
0 0.84035 0.996639 0.197692 0.00672137 0.000325919
0 0.533953 0.729295 0.232473 0.141351 0.000325029
2 0.283503 0.000945751 0.145814 0.0018915 0.000323417
0 0.307991 0.472862 0.176629 0.321105 0.000321386
2 0.338579 0.00271168 0.138662 0.00542335 0.000321078
2 0.783037 0.00335906 0.142555 0.00671812 0.000321059
0 0.934095 0.619089 0.131809 0.388375 0.000320216
0 0.792107 0.996211 0.191438 0.00757727 0.00031986
0 0.442431 0.301437 0.416792 0.470467 0.000317548
2 0.101324 0.793554 0.202649 0.412893 0.000317197
2 0.808347 0.0034004 0.140345 0.00680081 0.000317046
1 0.515744 0.629588 0.266323 0.339924 0.000316229
1 0.233344 0.00106973 0.136362 0.00213946 0.000315832
2 0.759361 0.00508296 0.138041 0.0101659 0.000315195
0 0.0107679 0.553964 0.0215358 0.318385 0.000314782
2 0.457932 0.0204616 0.137857 0.0409232 0.00031434
2 0.406881 0.0109513 0.140795 0.0219027 0.000313347
0 0.436248 0.997122 0.159714 0.00575586 0.000313321
2 0.385338 0.00761853 0.141192 0.0152371 0.000312941
2 0.83436 0.00341093 0.134119 0.00682187 0.000312842
2 0.97787 0.472201 0.0428058 0.330064 0.000312836
2 0.358872 0.137433 0.140382 0.267562 0.000310864
2 0.433515 0.0147623 0.136702 0.0295245 0.000310749
0 0.204963 0.603105 0.148535 0.393932 0.000310288
0 0.205705 0.481547 0.178558 0.427259 0.00031012
0 0.980353 0.190092 0.0392949 0.380184 0.000309278
2 0.030346 0.140126 0.0606919 0.264537 0.00030888
0 0.0504287 0.988418 0.098383 0.023165 0.000308308
2 0.366547 0.00460985 0.133443 0.00921971 0.000307911
0 0.128675 0.989557 0.183966 0.0208851 0.000307307
2 0.348225 0.430057 0.223119 0.289014 0.000307182
2 0.893024 0.112104 0.21218 0.215627 0.000307025
0 0.952458 0.991868 0.0939392 0.0162648 0.000305487
2 0.858125 0.00368404 0.141626 0.00736807 0.000304895
0 0.634583 0.995306 0.158552 0.009388 0.000302875
0 0.339348 0.839478 0.282141 0.0968135 0.000302041
0 0.00947908 0.597688 0.0189582 0.301343 0.00030049
0 0.261092 0.993932 0.205116 0.012135 0.000300355
2 0.637396 0.0964754 0.181079 0.185396 0.000297427
0 0.535793 0.995823 0.182506 0.00835486 0.000297076
1 0.248893 0.763039 0.243369 0.125695 0.000295655
2 0.483527 0.0308982 0.134448 0.0617963 0.000294698
0 0.317955 0.268126 0.19749 0.21294 0.000291548
0 0.0269965 0.98466 0.053993 0.0306807 0.000291366
2 0.604801 0.0893439 0.204238 0.17309 0.000288413
0 0.234387 0.991852 0.210622 0.0162951 0.000287711
0 0.972313 0.968759 0.0553739 0.0624825 0.000286968
2 0.282373 0.128628 0.178036 0.250551 0.00028659
0 0.975432 0.85511 0.0485671 0.27887 0.000286534
0 0.151573 0.580613 0.236871 0.396388 0.000285942
2 0.733637 0.00774356 0.137574 0.0154871 0.000285913
0 0.169686 0.526982 0.194075 0.458856 0.000285897
2 0.337523 0.561247 0.372755 0.422123 0.000285588
0 0.93141 0.526228 0.137181 0.385976 0.000285586
0 0.460324 0.996463 0.156556 0.00707343 0.000284384
1 0.930271 0.00562391 0.136155 0.0112478 0.000284312
2 0.655872 0.00949664 0.14077 0.0189933 0.000283464
2 0.508281 0.0443427 0.135785 0.0886854 0.000283011
1 0.0633505 0.0330774 0.126701 0.0661548 0.000282251
2 0.914111 0.00487615 0.168083 0.00975231 0.000281183
2 0.364282 0.155748 0.205715 0.298909 0.000280799
2 0.679168 0.00934746 0.140804 0.0186949 0.000277163
2 0.704221 0.00995996 0.140938 0.0199199 0.00027625
2 0.986764 0.553143 0.0257405 0.253012 0.000276041
0 0.0835192 0.989505 0.161282 0.0209893 0.000275311
2 0.887489 0.0032786 0.15022 0.0065572 0.000274651
0 0.185303 0.98964 0.213917 0.0207194 0.000274123
0 0.873831 0.171487 0.252338 0.331344 0.000273383
2 0.0624758 0.137249 0.124952 0.26651 0.000273077
0 0.386043 0.995464 0.176014 0.00907129 0.000272658
2 0.0203655 0.406014 0.0407309 0.424759 0.000272536
0 0.485595 0.995358 0.165051 0.0092843 0.000272404
0 0.988384 0.217345 0.0232321 0.310028 0.000272203
0 0.731774 0.995189 0.1725 0.00962201 0.000271008
0 0.0792357 0.122334 0.157816 0.238389 0.000270645
2 0.52987 0.0401625 0.147857 0.080325 0.00026962
2 0.0248123 0.469506 0.0496246 0.319106 0.000268518
0 0.637172 0.166071 0.1453 0.140209 0.000268513
0 0.462618 0.23972 0.177084 0.210502 0.000268088
0 0.313224 0.993573 0.194509 0.0128538 0.000267311
0 0.131744 0.627264 0.263488 0.368126 0.000265011
2 0.519046 0.654291 0.253587 0.299437 0.000264362
0 0.505482 0.259334 0.276608 0.284249 0.000264307
0 0.243978 0.314493 0.199505 0.380371 0.000262714
2 0.328936 0.629413 0.338683 0.379181 0.000262656
2 0.62768 0.011138 0.144725 0.0222761 0.000261193
0 0.535862 0.725205 0.315308 0.149692 0.000259614
0 0.356187 0.994567 0.179809 0.0108657 0.000258654
2 0.710365 0.70773 0.140249 0.292521 0.000258463
2 0.667271 0.132434 0.156642 0.250867 0.000257877
0 0.880968 0.857696 0.238064 0.254717 0.000257203
0 0.453134 0.359791 0.26483 0.333997 0.000256658
0 0.0186427 0.527157 0.0372855 0.334549 0.000256387
0 0.413144 0.395804 0.163071 0.239031 0.000256306
0 0.876763 0.10967 0.2428 0.209876 0.000256134
0 0.0208318 0.941863 0.0414962 0.116273 0.000255668
0 0.991052 0.195066 0.0178284 0.230933 0.000255562
2 0.60277 0.0135012 0.142199 0.0270023 0.000254708
0 0.0104631 0.698928 0.0209262 0.367337 0.000253723
0 0.289398 0.316188 0.189558 0.3516 0.000252812
0 0.906301 0.273988 0.186047 0.294305 0.00025192
0 0.385905 0.706932 0.316924 0.287879 0.000250531
0 0.933566 0.71296 0.131829 0.308086 0.000250168
0 0.373126 0.22277 0.301717 0.192146 0.000249716
0 0.934354 0.151859 0.12998 0.291869 0.000249162
2 0.0142686 0.225745 0.0285373 0.339393 0.000248883
0 0.977026 0.890997 0.045929 0.202453 0.000248481
1 0.0532765 0.0628407 0.106553 0.125681 0.000248367
0 0.45197 0.664066 0.331986 0.28432 0.000248177
0 0.532831 0.232823 0.195979 0.250904 0.000247903
0 0.584528 0.995187 0.17239 0.00962634 0.000247686
2 0.154364 0.150401 0.199622 0.276101 0.000247359
2 0.149092 0.783526 0.288934 0.339839 0.000247212
0 0.00694641 0.565746 0.0138928 0.138172 0.000247184
0 0.691199 0.289726 0.11692 0.568216 0.00024675
