1 0.639995 0.688411 0.290781 0.20827 0.894411
1 0.643271 0.740949 0.296376 0.311447 0.00319008
0 0.938203 0.228647 0.0357725 0.0248889 0.00249953
0 0.277181 0.778081 0.0569045 0.0298638 0.00207907
2 0.906847 0.544206 0.186306 0.291761 0.00159051
1 0.755537 0.697732 0.368874 0.110805 0.00151444
1 0.756085 0.703304 0.27144 0.0992906 0.00149635
2 0.895098 0.60178 0.209803 0.297651 0.00146329
0 0.785229 0.94394 0.0312178 0.0211964 0.00145616
2 0.908906 0.473854 0.182189 0.252919 0.00141479
2 0.920846 0.800393 0.158307 0.295259 0.00136945
0 0.71225 0.414864 0.0321288 0.0189548 0.0013646
2 0.908856 0.670918 0.182287 0.263599 0.00132669
2 0.896684 0.641389 0.206632 0.273913 0.00130423
2 0.919281 0.75242 0.161438 0.300199 0.00123885
2 0.907999 0.856728 0.184001 0.242251 0.00123689
2 0.847541 0.562949 0.304919 0.331401 0.00120216
0 0.933345 0.230777 0.0307852 0.0215326 0.00113431
1 0.465814 0.691575 0.751745 0.295111 0.00111159
1 0.232751 0.396843 0.369912 0.230856 0.0011039
1 0.257561 0.972425 0.483164 0.0549759 0.00109506
1 0.153518 0.359364 0.307036 0.328128 0.00109494
2 0.856691 0.476036 0.286619 0.245022 0.00109402
1 0.154992 0.417075 0.307283 0.251114 0.00108825
2 0.913705 0.402079 0.172591 0.239917 0.00107236
0 0.695559 0.264963 0.499418 0.279504 0.00106536
1 0.197736 0.359628 0.334268 0.245727 0.00103469
1 0.0804079 0.419485 0.160816 0.347786 0.00102279
1 0.605446 0.971673 0.590658 0.0566542 0.00101925
0 0.736328 0.210358 0.464119 0.307822 0.00101594
2 0.837671 0.615482 0.324657 0.323731 0.00101108
2 0.0578432 0.791943 0.115686 0.382347 0.00100996
1 0.0701801 0.368649 0.14036 0.391503 0.00100969
1 0.478828 0.727935 0.626239 0.282657 0.00099485
2 0.695214 0.328868 0.524796 0.245286 0.000985708
1 0.854006 0.899171 0.291988 0.201657 0.000985387
1 0.887011 0.674995 0.225979 0.24385 0.000981323
1 0.0768158 0.470904 0.153632 0.309889 0.000980064
2 0.0515926 0.829073 0.103185 0.312248 0.000980002
1 0.151205 0.464592 0.293049 0.223345 0.000979342
0 0.688161 0.227429 0.445298 0.261685 0.000976299
2 0.159904 0.634714 0.319807 0.394414 0.000961645
1 0.488771 0.974919 0.597002 0.0496208 0.000958422
1 0.454401 0.616339 0.744296 0.384484 0.000955586
2 0.0681715 0.746759 0.136343 0.400789 0.000952312
2 0.0937014 0.63367 0.187403 0.434295 0.000949133
1 0.0970333 0.571559 0.194067 0.376258 0.000944508
0 0.949861 0.222841 0.0696198 0.0334752 0.000941164
1 0.245803 0.316077 0.377274 0.29754 0.000937475
2 0.857314 0.786604 0.285371 0.302479 0.000935642
1 0.155298 0.302421 0.310596 0.290128 0.000935495
1 0.109767 0.100322 0.219534 0.200643 0.000934612
1 0.74398 0.96847 0.512041 0.0630594 0.000934594
0 0.792038 0.209167 0.361429 0.348576 0.000924989
1 0.0873527 0.510667 0.174705 0.319689 0.000918586
1 0.190466 0.456751 0.316474 0.192867 0.000917812
1 0.160162 0.547158 0.320323 0.288463 0.000914654
1 0.152937 0.504035 0.296269 0.235397 0.000908742
1 0.288781 0.344532 0.408265 0.271584 0.000907251
1 0.791726 0.710708 0.267608 0.0850994 0.00090306
1 0.224097 0.451267 0.374495 0.2271 0.000903028
0 0.625816 0.100733 0.667335 0.201466 0.00090233
1 0.105919 0.159621 0.211837 0.306447 0.000891965
1 0.820522 0.969353 0.358956 0.0611248 0.000890522
1 0.0859381 0.222559 0.171876 0.352106 0.000888952
2 0.146784 0.709711 0.293568 0.373054 0.000886937
1 0.159249 0.149583 0.318497 0.292532 0.000882658
1 0.161072 0.214218 0.322143 0.345192 0.000882559
0 0.811885 0.251132 0.334225 0.314159 0.000882229
2 0.0793485 0.689895 0.158697 0.41916 0.000882034
0 0.594883 0.110104 0.0256313 0.0204464 0.0008786
1 0.145374 0.09174 0.290748 0.18348 0.000877248
1 0.0702887 0.293822 0.140577 0.326924 0.000870908
2 0.757282 0.408922 0.485435 0.231147 0.000856922
1 0.798232 0.717233 0.179434 0.068921 0.000855727
0 0.696234 0.170125 0.570902 0.318713 0.000849472
1 0.229275 0.523098 0.390574 0.240777 0.000845755
0 0.699548 0.118827 0.575677 0.237654 0.000843924
2 0.450357 0.698724 0.767814 0.346864 0.000843592
2 0.929119 0.337163 0.141763 0.246241 0.000838218
1 0.441283 0.185385 0.776599 0.368686 0.000833775
1 0.117261 0.0653796 0.234521 0.130759 0.000826775
1 0.617803 0.157852 0.707622 0.312678 0.000824888
0 0.568278 0.312687 0.513791 0.281612 0.000824756
2 0.456767 0.350605 0.561042 0.276535 0.000824424
1 0.211171 0.203644 0.420411 0.372705 0.000820495
2 0.855093 0.850401 0.289814 0.25407 0.000819866
1 0.543884 0.688804 0.487951 0.212106 0.000816931
2 0.86609 0.653132 0.267819 0.268014 0.000816621
2 0.550375 0.346082 0.580862 0.256249 0.000814649
2 0.142018 0.807637 0.284036 0.351513 0.000814265
2 0.787389 0.584346 0.420067 0.405308 0.000813966
2 0.75785 0.531443 0.479415 0.360461 0.000807134
2 0.366464 0.352335 0.480131 0.289282 0.000806916
2 0.806557 0.499267 0.386885 0.31611 0.000806597
2 0.861212 0.391174 0.277577 0.218042 0.000804276
1 0.739184 0.681771 0.521632 0.221444 0.000803293
0 0.25669 0.113013 0.51338 0.226026 0.00080148
1 0.38131 0.408472 0.587348 0.285945 0.000800696
0 0.715042 0.0703679 0.540722 0.140646 0.000796242
1 0.839386 0.963666 0.321228 0.0726677 0.00079144
1 0.167747 0.967982 0.335494 0.0640354 0.000790471
1 0.276524 0.17621 0.553048 0.349921 0.000785795
0 0.170177 0.0933139 0.340355 0.186628 0.000785627
2 0.338169 0.233239 0.597846 0.435591 0.00077348
1 0.865414 0.735838 0.269172 0.29573 0.000768341
1 0.154272 0.934537 0.308545 0.125566 0.000767837
2 0.318182 0.702101 0.556473 0.337805 0.000764827
0 0.437174 0.103706 0.70924 0.207412 0.000755558
2 0.881922 0.320127 0.23465 0.237491 0.000752892
2 0.431956 0.752562 0.643269 0.325044 0.000752296
2 0.672621 0.829554 0.386711 0.322427 0.00074681
1 0.0579683 0.869557 0.115937 0.236855 0.000746243
1 0.29398 0.464792 0.483779 0.276467 0.000744849
1 0.799082 0.12525 0.391712 0.250499 0.000744256
2 0.683238 0.423668 0.587853 0.232257 0.00074282
1 0.322658 0.124424 0.645316 0.248848 0.000740255
1 0.302247 0.294896 0.42842 0.31872 0.000739366
1 0.0990888 0.926589 0.198178 0.135065 0.000734939
0 0.711906 0.0318009 0.576187 0.0632508 0.000729804
0 0.608489 0.189815 0.533649 0.315628 0.000727884
1 0.250414 0.0638055 0.500828 0.127611 0.000727025
1 0.469598 0.4238 0.73624 0.319369 0.000726895
2 0.581658 0.833979 0.573518 0.332041 0.000726609
0 0.787957 0.946883 0.0387775 0.0304463 0.000723258
1 0.805099 0.908073 0.389802 0.177187 0.000715846
2 0.202948 0.695912 0.370098 0.322973 0.000708104
1 0.828194 0.0734511 0.338546 0.146902 0.00070501
1 0.168568 0.0636178 0.337135 0.127003 0.000704212
2 0.802831 0.381241 0.394337 0.251105 0.000703492
1 0.229558 0.917717 0.445039 0.164565 0.000702119
1 0.208357 0.592956 0.390242 0.320378 0.000698763
1 0.296346 0.578336 0.545429 0.30778 0.000697962
0 0.841395 0.175003 0.289175 0.333552 0.00069505
2 0.885894 0.274786 0.209589 0.274013 0.000691914
2 0.662492 0.543197 0.602149 0.366472 0.000682182
2 0.516048 0.913496 0.641419 0.173009 0.000679596
1 0.172046 0.0285835 0.344092 0.0571669 0.000678303
2 0.741754 0.759195 0.516491 0.344717 0.000677225
2 0.801219 0.301516 0.37057 0.266545 0.00067308
0 0.876565 0.22929 0.218652 0.325268 0.000671943
0 0.826943 0.031848 0.346113 0.0631083 0.000665682
2 0.946975 0.292206 0.10605 0.274639 0.000665266
2 0.2715 0.756157 0.42863 0.313382 0.000661485
2 0.37149 0.303643 0.453606 0.318718 0.000661052
0 0.456848 0.301634 0.517562 0.304619 0.000659705
1 0.718589 0.678211 0.428394 0.154605 0.00065842
2 0.184867 0.801865 0.323526 0.306514 0.000656507
2 0.472411 0.582487 0.85595 0.311347 0.000656376
1 0.625111 0.435682 0.696148 0.253653 0.000655345
1 0.363345 0.532392 0.622935 0.257163 0.00065525
1 0.130713 0.964615 0.261426 0.0707708 0.000655152
2 0.555741 0.857239 0.725207 0.285522 0.000651706
0 0.621398 0.0304035 0.577315 0.060807 0.000646865
0 0.881737 0.0131371 0.196817 0.0262305 0.000644216
0 0.569802 0.0680182 0.519945 0.135951 0.000642855
1 0.252891 0.0280146 0.505781 0.0560292 0.000635289
2 0.143 0.879203 0.286 0.232542 0.000627663
1 0.680953 0.767901 0.360781 0.372465 0.000626048
0 0.371193 0.876183 0.0288257 0.0302039 0.000625193
2 0.569079 0.606124 0.718469 0.413774 0.00062412
0 0.524316 0.029435 0.611615 0.05887 0.000611122
1 0.437824 0.499615 0.75133 0.346659 0.00060896
0 0.459744 0.0666806 0.60989 0.133361 0.000607391
1 0.383732 0.0660833 0.649809 0.132167 0.000605454
1 0.365985 0.0287512 0.673278 0.0575025 0.000592184
1 0.631962 0.927661 0.609712 0.144679 0.000585075
1 0.674853 0.681562 0.212709 0.191811 0.000584204
1 0.540751 0.542333 0.84106 0.40406 0.000576759
1 0.457068 0.904791 0.693597 0.190417 0.000572422
1 0.373537 0.87235 0.0463665 0.0320381 0.000571556
2 0.958446 0.249969 0.0831085 0.310585 0.000568238
2 0.254816 0.840447 0.384621 0.287733 0.00056288
1 0.84879 0.0981154 0.302419 0.196231 0.00055305
1 0.705489 0.617999 0.484847 0.369571 0.000547426
1 0.289025 0.907727 0.523761 0.184545 0.000544046
2 0.77368 0.818148 0.435294 0.325369 0.000542951
0 0.785207 0.951877 0.0320403 0.0352978 0.000540887
0 0.84933 0.0440041 0.301341 0.0861445 0.000539754
1 0.864072 0.139081 0.271857 0.278162 0.000537513
1 0.762009 0.659207 0.443716 0.273659 0.000536464
2 0.953731 0.193043 0.0925376 0.340574 0.000533261
1 0.183485 0.881869 0.349513 0.226031 0.000523181
1 0.921474 0.160286 0.157052 0.316949 0.000520121
2 0.352623 0.869375 0.508226 0.26125 0.000516549
1 0.588478 0.618189 0.210618 0.061809 0.00050267
0 0.614402 0.616363 0.433036 0.362957 0.000476096
0 0.594705 0.106482 0.0266187 0.0209172 0.000462278
0 0.364941 0.0851098 0.0289194 0.0180352 0.000447269
0 0.371457 0.988553 0.274943 0.0228936 0.000443403
0 0.783619 0.159588 0.0712197 0.0328749 0.000440543
0 0.0823493 0.0132717 0.164699 0.0265045 0.000427747
0 0.437201 0.984526 0.304976 0.0304141 0.000425119
1 0.560398 0.619224 0.342928 0.0666473 0.000413001
1 0.109925 0.444526 0.10634 0.0383705 0.000399002
0 0.766792 0.246385 0.12596 0.0615686 0.000388496
0 0.517314 0.987001 0.272047 0.0257115 0.000384771
0 0.888027 0.0496047 0.198698 0.0973768 0.000381741
2 0.559436 0.795344 0.662525 0.389952 0.000379626
0 0.800489 0.158542 0.0537761 0.0294621 0.000372977
1 0.0927466 0.441235 0.111305 0.0380683 0.000372033
1 0.886346 0.968713 0.227308 0.0625745 0.000369998
0 0.849743 0.0150039 0.226397 0.0295556 0.000366791
1 0.183825 0.769087 0.277895 0.158772 0.000364351
0 0.101305 0.083346 0.0323339 0.0218946 0.000364305
1 0.772919 0.664232 0.454161 0.180722 0.000359324
1 0.99553 0.592295 0.00894025 0.199363 0.000354863
0 0.405361 0.29014 0.0357372 0.0194153 0.000351442
0 0.328402 0.463075 0.0296396 0.0139414 0.000345481
1 0.0329999 0.500334 0.0659997 0.168272 0.000344303
1 0.403744 0.864505 0.103617 0.0471649 0.000341289
1 0.0309105 0.902754 0.0618209 0.116497 0.000335347
1 0.833664 0.703738 0.332673 0.105544 0.000333548
1 0.83536 0.370525 0.0698599 0.0468421 0.000332106
1 0.219545 0.775362 0.213498 0.104855 0.00032816
0 0.117743 0.0147698 0.235485 0.0294102 0.000325807
1 0.0828525 0.381932 0.100863 0.0693928 0.000321485
1 0.164826 0.744614 0.25913 0.206189 0.00032134
1 0.572571 0.620577 0.217424 0.0831248 0.000321324
1 0.995659 0.546821 0.00868103 0.187386 0.000320962
0 0.975284 0.993342 0.049431 0.0133168 0.000318906
2 0.157609 0.68095 0.315217 0.324977 0.000317495
1 0.995069 0.621509 0.00986218 0.211855 0.000316457
1 0.994765 0.49634 0.0104695 0.153137 0.000315254
0 0.915115 0.00500451 0.0406082 0.010009 0.000314823
0 0.175781 0.220443 0.0713892 0.0416489 0.000314418
0 0.699534 0.899986 0.0530595 0.0421615 0.000313849
1 0.183405 0.774952 0.199264 0.0577302 0.0003121
1 0.401304 0.857438 0.187247 0.199706 0.000310567
0 0.897216 0.00522771 0.0743829 0.0104554 0.000310383
1 0.714931 0.747525 0.570138 0.10339 0.000309761
2 0.159085 0.659159 0.31817 0.220475 0.000309045
0 0.70087 0.90729 0.0509401 0.0351231 0.000305615
0 0.893694 0.982607 0.212613 0.0347856 0.000305478
1 0.0756124 0.342295 0.139322 0.141064 0.000304693
1 0.103189 0.439396 0.190593 0.153022 0.000302865
1 0.904008 0.973032 0.191983 0.053936 0.000302652
0 0.922247 0.220046 0.12927 0.0529446 0.000301629
1 0.07671 0.356017 0.122738 0.0989573 0.000300067
0 0.994821 0.110811 0.0103588 0.221622 0.000298918
1 0.60255 0.0694084 0.1982 0.138817 0.000298659
0 0.304945 0.210744 0.0818858 0.0803179 0.000298608
1 0.801999 0.761217 0.396001 0.161011 0.000298585
1 0.00201301 0.887205 0.00402603 0.203518 0.000298279
0 0.953949 0.219451 0.068335 0.0483729 0.000296944
1 0.819456 0.680864 0.361088 0.202032 0.000296691
0 0.20821 0.0133826 0.168133 0.0260536 0.00029363
1 0.0270375 0.902317 0.0540751 0.0945798 0.000293556
1 0.073351 0.464166 0.140287 0.0993824 0.000292965
0 0.083085 0.880382 0.142428 0.0565625 0.000292212
1 0.918066 0.389171 0.0695821 0.0530811 0.000292047
1 0.043954 0.47211 0.087908 0.151374 0.000291961
1 0.0654119 0.390149 0.115395 0.0788796 0.000290242
1 0.0775413 0.455482 0.142251 0.0687863 0.000289333
1 0.135232 0.045915 0.270465 0.0881128 0.000288977
1 0.0864958 0.882274 0.149095 0.0639114 0.000288534
1 0.222827 0.773236 0.190805 0.0523369 0.000288245
1 0.0408957 0.436519 0.0817914 0.135259 0.000288188
1 0.664649 0.629564 0.215141 0.0888237 0.00028791
0 0.993502 0.456849 0.0129969 0.189695 0.000287861
0 0.216173 0.986219 0.362771 0.027561 0.000287779
1 0.369333 0.840906 0.230415 0.191208 0.000287536
0 0.563289 0.986566 0.297378 0.0268112 0.000287463
1 0.104997 0.455424 0.158417 0.0677288 0.000286133
1 0.995589 0.699371 0.00882178 0.199551 0.000284672
1 0.0365205 0.366088 0.0730411 0.206678 0.000283606
1 0.112593 0.771573 0.180769 0.144426 0.000282696
0 0.84849 0.374725 0.0474623 0.0441798 0.000281567
1 0.618381 0.6205 0.183709 0.0682337 0.000279565
0 0.876047 0.853357 0.247906 0.293286 0.000279364
0 0.918012 0.0156992 0.159686 0.0301367 0.000278807
0 0.144656 0.223911 0.120569 0.102784 0.000278416
0 0.162741 0.0396573 0.258218 0.0758062 0.000277307
0 0.902709 0.89028 0.194582 0.18705 0.00027674
0 0.496357 0.166 0.0752522 0.0346798 0.000274232
1 0.360074 0.873434 0.13268 0.0415268 0.000274202
1 0.358985 0.0455011 0.173771 0.0857184 0.000274133
0 0.588038 0.0531724 0.232654 0.104735 0.000273668
1 0.143654 0.452496 0.187772 0.0758201 0.000272619
0 0.905711 0.391996 0.109194 0.056062 0.000272178
0 0.758559 0.147512 0.12586 0.0635895 0.000271731
0 0.556579 0.266529 0.127398 0.0649137 0.000271078
0 0.525649 0.334959 0.0355402 0.0246048 0.000270947
0 0.90151 0.527099 0.116278 0.0659963 0.000270667
0 0.323033 0.0487563 0.204372 0.0932149 0.000270394
0 0.2438 0.0160272 0.201499 0.0311395 0.000270141
1 0.0334064 0.403924 0.0668128 0.110132 0.000269808
0 0.982224 0.0204708 0.035551 0.0403891 0.000269548
0 0.822877 0.365334 0.0751584 0.0424954 0.000268917
0 0.399842 0.43153 0.0424298 0.0260959 0.000267316
0 0.489686 0.187192 0.0554129 0.0251372 0.000267083
0 0.249449 0.173219 0.0543603 0.0401369 0.000266666
0 0.4432 0.534528 0.047287 0.0286495 0.000264765
1 0.414707 0.051366 0.312717 0.0999464 0.000264017
0 0.556405 0.275459 0.111154 0.0527691 0.000263344
1 0.0777278 0.437595 0.144841 0.0477434 0.000263132
0 0.171253 0.236754 0.113209 0.102085 0.000263122
1 0.000777154 0.848009 0.00155431 0.239608 0.00026289
1 0.995237 0.301464 0.00952545 0.147174 0.000262067
0 0.241811 0.916247 0.0741285 0.0375889 0.000261624
