1 0.314102 0.515208 0.47804 0.881619 0.93975
0 0.455704 0.958545 0.046607 0.0541823 0.0236657
1 0.427144 0.96114 0.104787 0.0627425 0.00430911
0 0.437164 0.962288 0.0910849 0.0641129 0.00430349
0 0.882456 0.840157 0.226971 0.301943 0.00227086
1 0.321566 0.311629 0.421772 0.482505 0.00164079
1 0.118577 0.167091 0.237154 0.328916 0.00157783
2 0.376917 0.468589 0.343234 0.76739 0.00155006
1 0.438023 0.795364 0.16692 0.312936 0.00154885
1 0.063751 0.177348 0.127502 0.329828 0.00153926
1 0.370274 0.956781 0.237796 0.0864377 0.001514
1 0.431932 0.519507 0.279632 0.852316 0.00147467
1 0.265489 0.878397 0.500757 0.241119 0.00147329
1 0.300275 0.920396 0.451667 0.159208 0.00144689
1 0.199248 0.459295 0.398496 0.809722 0.00138837
1 0.107418 0.266371 0.214836 0.451504 0.00137506
1 0.32681 0.938119 0.39422 0.123762 0.0013586
1 0.402549 0.963692 0.162924 0.071803 0.00132994
0 0.331855 0.838393 0.281035 0.187161 0.00131432
0 0.878329 0.910547 0.240838 0.178905 0.00131025
1 0.192337 0.874888 0.384673 0.250223 0.00126561
1 0.107252 0.858554 0.214505 0.282893 0.0012541
2 0.426985 0.499565 0.278249 0.766593 0.00122345
1 0.0687148 0.231086 0.137385 0.408783 0.00121215
1 0.206187 0.254996 0.150952 0.367191 0.00120548
1 0.837621 0.799263 0.324758 0.377981 0.0011974
1 0.104669 0.946337 0.209339 0.107325 0.00110332
1 0.157134 0.944178 0.314268 0.111643 0.00108591
0 0.83496 0.939697 0.320626 0.120606 0.00107842
1 0.391561 0.56729 0.407185 0.767229 0.00107827
1 0.831263 0.640826 0.337475 0.715098 0.00107579
0 0.315607 0.41942 0.477969 0.715635 0.00105326
1 0.131103 0.757151 0.262205 0.381207 0.0010353
1 0.195289 0.925804 0.390579 0.148391 0.00102588
1 0.246953 0.322156 0.493906 0.537331 0.00101795
1 0.0850775 0.32943 0.170155 0.579652 0.00101249
1 0.235942 0.175242 0.471884 0.347066 0.00100428
1 0.338733 0.261829 0.629508 0.512773 0.00099162
1 0.100508 0.534315 0.201016 0.692949 0.00098561
1 0.327058 0.889378 0.396207 0.171636 0.000972853
1 0.280983 0.220156 0.560264 0.440313 0.000953945
0 0.797711 0.960437 0.377992 0.079127 0.000947828
0 0.899238 0.765774 0.199011 0.443985 0.000947817
1 0.765851 0.791277 0.444547 0.367262 0.000947333
2 0.232771 0.501016 0.465543 0.769082 0.000945049
1 0.440574 0.522196 0.593388 0.85026 0.000943368
1 0.251732 0.683942 0.410954 0.485738 0.000938774
1 0.137572 0.664609 0.275143 0.472608 0.000920643
1 0.395725 0.678088 0.289938 0.551583 0.000912206
2 0.115267 0.558043 0.230535 0.65287 0.000903819
1 0.432414 0.417171 0.508317 0.743047 0.000901872
1 0.251026 0.130657 0.502052 0.261314 0.000900563
1 0.371022 0.925669 0.234987 0.13821 0.000900111
2 0.478812 0.516154 0.550996 0.838316 0.000894697
1 0.10971 0.130666 0.219419 0.261331 0.000887547
1 0.430188 0.928679 0.399935 0.142643 0.000879796
1 0.917689 0.116821 0.160478 0.213833 0.000858722
1 0.306407 0.736167 0.454111 0.449044 0.000854395
1 0.29527 0.391911 0.467222 0.647149 0.000848338
1 0.807568 0.841804 0.365307 0.293027 0.000836781
0 0.817813 0.481074 0.364374 0.829102 0.000835982
0 0.823823 0.646125 0.338884 0.662329 0.000830302
0 0.67662 0.781739 0.438957 0.361808 0.00082737
0 0.740656 0.965032 0.410717 0.069937 0.000825939
0 0.762672 0.716386 0.456777 0.534812 0.000817415
1 0.22559 0.786962 0.451179 0.326795 0.000815313
0 0.288276 0.684766 0.435238 0.540435 0.000812533
1 0.787493 0.0583948 0.425014 0.11679 0.000811172
1 0.43145 0.204331 0.741236 0.408661 0.000811056
0 0.759499 0.837551 0.443672 0.292596 0.000808853
0 0.792959 0.926265 0.385557 0.147469 0.000805278
0 0.892114 0.870209 0.215773 0.259582 0.000802501
0 0.92441 0.427044 0.147661 0.765169 0.000789878
0 0.439895 0.704039 0.535689 0.499608 0.000788075
1 0.167863 0.147278 0.335726 0.294556 0.000788026
1 0.837638 0.0693586 0.324724 0.138717 0.000784473
1 0.508077 0.0654176 0.732516 0.130835 0.000778502
0 0.731098 0.92155 0.445395 0.1569 0.000775056
1 0.203559 0.188829 0.140229 0.227337 0.000772543
1 0.410666 0.326876 0.590484 0.64598 0.000769165
0 0.668602 0.959021 0.467399 0.0819582 0.000760787
2 0.352754 0.106361 0.300621 0.20032 0.000756643
0 0.9687 0.361663 0.0624038 0.371184 0.000755388
1 0.396674 0.945131 0.179249 0.0969432 0.000753371
0 0.587531 0.756922 0.346085 0.399442 0.000749714
1 0.910945 0.619335 0.175768 0.761331 0.000749429
1 0.750585 0.0987874 0.407638 0.197575 0.000749386
0 0.97169 0.445047 0.0560833 0.584432 0.000747577
1 0.278273 0.830574 0.454614 0.258021 0.000747161
0 0.556297 0.649056 0.458715 0.61608 0.000741571
1 0.212778 0.491398 0.287615 0.84014 0.000740042
1 0.817315 0.321009 0.365371 0.555143 0.000739579
1 0.799957 0.12478 0.400085 0.24956 0.000735245
0 0.662375 0.708567 0.518243 0.520288 0.000723624
1 0.373755 0.827359 0.346366 0.274832 0.000719237
1 0.505562 0.148957 0.765822 0.297915 0.000718576
1 0.830853 0.236796 0.338295 0.463512 0.000716988
0 0.931829 0.364071 0.136342 0.357045 0.000710972
0 0.67596 0.828986 0.478871 0.283607 0.000710294
1 0.812069 0.17077 0.375861 0.341539 0.000709997
2 0.552851 0.503005 0.792898 0.892061 0.000709574
1 0.337394 0.117078 0.647109 0.234157 0.00070551
1 0.446955 0.755701 0.14915 0.211377 0.00070227
1 0.763547 0.0407944 0.452885 0.0815889 0.000699489
0 0.37443 0.369263 0.625045 0.706755 0.000691227
0 0.689411 0.570604 0.576853 0.784015 0.000689597
0 0.631493 0.934965 0.486658 0.130069 0.000687188
1 0.922088 0.31085 0.153151 0.554744 0.000679201
1 0.648975 0.903788 0.503493 0.192423 0.000674788
2 0.548172 0.33386 0.621819 0.597546 0.000668881
0 0.616442 0.501689 0.679007 0.891736 0.000664063
0 0.909464 0.827973 0.177931 0.272559 0.000661936
1 0.316824 0.632317 0.453666 0.650494 0.000661218
0 0.274139 0.824284 0.371545 0.184678 0.000660775
1 0.519349 0.924185 0.584796 0.151629 0.000660731
1 0.566477 0.86573 0.569437 0.239558 0.000660233
1 0.513218 0.739027 0.490583 0.416173 0.000658708
0 0.961014 0.654879 0.0772262 0.65479 0.000658406
0 0.969865 0.561649 0.0600391 0.657842 0.00065657
1 0.631809 0.0504492 0.612535 0.100898 0.000649317
0 0.585915 0.920807 0.527516 0.158385 0.00064402
1 0.917179 0.161409 0.164623 0.322818 0.000639791
1 0.434128 0.944668 0.114987 0.0837161 0.000635275
2 0.664012 0.376719 0.548199 0.643246 0.000629047
0 0.92051 0.596719 0.156216 0.798243 0.000627367
1 0.545241 0.542306 0.603447 0.822004 0.000627244
0 0.919442 0.122648 0.160105 0.198534 0.000624503
1 0.935145 0.211844 0.128853 0.416121 0.0006169
2 0.688125 0.137832 0.429401 0.275664 0.000611189
0 0.936904 0.494683 0.124025 0.666271 0.000608816
1 0.426157 0.0869277 0.713582 0.173855 0.000608355
0 0.96092 0.310208 0.0770549 0.540445 0.000607511
0 0.919791 0.208866 0.15765 0.404656 0.000605084
1 0.608092 0.799505 0.40169 0.31287 0.000600968
1 0.622967 0.123685 0.611446 0.247371 0.000589422
2 0.585985 0.243178 0.61264 0.485941 0.000587805
0 0.756065 0.307505 0.449014 0.503044 0.000573884
1 0.496653 0.814938 0.650046 0.313446 0.00055551
2 0.689888 0.212405 0.426632 0.380931 0.000549935
0 0.927444 0.311667 0.143616 0.554412 0.000535951
0 0.764882 0.204975 0.397674 0.383698 0.000528371
1 0.896936 0.0694492 0.201622 0.138898 0.000526687
0 0.00993702 0.403045 0.019874 0.246514 0.000518997
1 0.90482 0.102095 0.19036 0.204191 0.000503753
0 0.365828 0.108524 0.219651 0.209531 0.00050086
0 0.375322 0.964889 0.244211 0.0702214 0.000498588
2 0.639386 0.161047 0.4837 0.322095 0.000497378
0 0.976157 0.402199 0.0471964 0.435225 0.000462566
1 0.347437 0.858346 0.260501 0.170018 0.000456167
1 0.906428 0.16149 0.140833 0.259213 0.000444212
1 0.325532 0.83698 0.323317 0.166066 0.000439733
2 0.219579 0.0655869 0.199237 0.128042 0.000430709
1 0.363869 0.944474 0.287717 0.111052 0.000430454
0 0.300508 0.0198112 0.0251442 0.0396225 0.000423331
0 0.978701 0.932456 0.0416405 0.135088 0.000420847
1 0.450831 0.713555 0.144552 0.290636 0.000419383
1 0.364508 0.854904 0.361655 0.189103 0.000410818
2 0.475451 0.604435 0.125971 0.509722 0.000409782
2 0.368861 0.103998 0.17876 0.19938 0.000408993
1 0.244506 0.626296 0.234031 0.295811 0.00040801
0 0.355942 0.811616 0.289761 0.255754 0.000405338
0 0.205881 0.191266 0.14665 0.23588 0.000403394
0 0.375072 0.848249 0.229342 0.18739 0.00039937
2 0.21744 0.0478783 0.198536 0.0905595 0.000390021
0 0.793803 0.977867 0.038158 0.0442656 0.000385771
0 0.402411 0.969348 0.176419 0.0613036 0.000384276
2 0.463811 0.6854 0.128876 0.445005 0.00038422
0 0.950936 0.338053 0.0973251 0.304721 0.000382749
1 0.390369 0.87563 0.223761 0.137254 0.000379952
0 0.967296 0.279789 0.0651478 0.355396 0.000379588
2 0.169866 0.374475 0.162574 0.512601 0.000378755
0 0.168202 0.553602 0.161853 0.397021 0.000376581
0 0.87737 0.98779 0.199383 0.0244192 0.000369549
1 0.232793 0.27871 0.224512 0.413087 0.000366999
0 0.734725 0.987595 0.201887 0.024809 0.000365084
0 0.00928036 0.632354 0.0185607 0.237188 0.000362348
0 0.0121183 0.781162 0.0242367 0.297868 0.000361614
0 0.913138 0.602709 0.171279 0.258664 0.00036061
0 0.0135553 0.843667 0.0269914 0.283069 0.000359349
0 0.712054 0.990392 0.196803 0.0192161 0.000356818
1 0.28921 0.813597 0.319155 0.139226 0.000353128
2 0.178484 0.451995 0.167846 0.416893 0.00035202
1 0.131066 0.187861 0.171352 0.212491 0.00035015
1 0.847188 0.000185585 0.180488 0.000371171 0.000348448
0 0.789553 0.164897 0.0741992 0.235546 0.000347847
2 0.177665 0.51194 0.174548 0.307887 0.000346119
0 0.938486 0.985296 0.123029 0.0294074 0.000344896
2 0.340883 0.124126 0.412074 0.208101 0.000343899
1 0.418165 0.379452 0.257091 0.328873 0.000341476
0 0.949493 0.980711 0.101013 0.0385771 0.000341282
0 0.484203 0.572854 0.118248 0.552626 0.000341186
0 0.974995 0.822984 0.0493845 0.330076 0.00033979
0 0.934842 0.428635 0.130316 0.345825 0.000339006
1 0.367632 0.911652 0.305578 0.158238 0.000338599
0 0.897414 0.990654 0.193732 0.0186923 0.000338588
0 0.415275 0.303235 0.141877 0.165261 0.000338396
0 0.955708 0.28429 0.0876378 0.196253 0.000338099
0 0.0103025 0.338887 0.020605 0.381387 0.000334136
0 0.78713 0.151237 0.0963789 0.302474 0.000333893
0 0.975208 0.965168 0.0495845 0.0696635 0.000331578
0 0.862728 0.98049 0.197179 0.0390204 0.000330229
2 0.24951 0.0523726 0.134521 0.102702 0.000329721
1 0.0918982 0.146335 0.183796 0.274162 0.000328629
0 0.583788 0.994292 0.234903 0.011416 0.000323651
0 0.916686 0.785827 0.163302 0.184221 0.000323621
1 0.407605 0.854887 0.223574 0.172349 0.000322091
0 0.770287 0.98559 0.145059 0.0288195 0.000321947
0 0.0093643 0.554564 0.0187286 0.339209 0.000318421
0 0.346837 0.118875 0.377422 0.216824 0.000317595
0 0.0104351 0.739181 0.0208703 0.33317 0.000316455
2 0.503592 0.00466469 0.116209 0.00932937 0.000316111
1 0.942931 0 0.114139 0 0.000313151
0 0.416479 0.960751 0.132152 0.0784983 0.000312142
0 0.120373 0.534684 0.132549 0.420097 0.000311959
1 0.449499 0.71983 0.14621 0.134068 0.000311787
1 0.811873 0.000172238 0.168499 0.000344476 0.000311079
0 0.661209 0.991481 0.216659 0.0170386 0.000310349
0 0.622051 0.99314 0.238068 0.0137206 0.000307841
1 0.872499 8.87275e-05 0.140814 0.000177455 0.000307352
0 0.0601115 0.981341 0.119233 0.0373179 0.000305619
1 0.399623 0.810781 0.238398 0.264907 0.000301725
2 0.206944 0.55599 0.194523 0.387024 0.000301335
1 0.773854 0.000886211 0.12197 0.00177242 0.000300342
2 0.200913 0.477872 0.187442 0.374068 0.000299845
0 0.891078 0.634851 0.169742 0.2063 0.000299674
0 0.155494 0.509687 0.159312 0.322381 0.000298407
0 0.512816 0.980397 0.192991 0.0392063 0.000298079
0 0.979733 0.739857 0.0399656 0.416381 0.000297381
1 0.917723 0.000836134 0.164553 0.00167227 0.000295269
0 0.0228911 0.970264 0.0457823 0.0594715 0.000294444
0 0.972408 0.221943 0.0549366 0.429126 0.000293187
1 0.896649 0.000664152 0.135934 0.0013283 0.000292332
0 0.98171 0.641952 0.0361571 0.407352 0.000291622
0 0.446651 0.789617 0.159746 0.333315 0.000291213
0 0.192155 0.361482 0.150597 0.533794 0.000291135
2 0.561048 0.00632429 0.151787 0.0126486 0.000291077
2 0.551852 0.871854 0.224902 0.248787 0.000290681
0 0.935016 0.821426 0.129395 0.264606 0.000290597
0 0.534834 0.99008 0.214266 0.0198405 0.000290573
0 0.21582 0.677512 0.177877 0.235071 0.000289906
2 0.708109 0.00242106 0.154683 0.00484213 0.000288284
1 0.867248 0.120198 0.0975029 0.229206 0.000287323
0 0.412397 0.816476 0.215253 0.253984 0.000287209
1 0.19883 0.767823 0.323916 0.0608276 0.000286945
2 0.533543 0.003619 0.122354 0.00723799 0.000286348
0 0.0951616 0.543717 0.190323 0.465741 0.000286214
1 0.439756 0.723734 0.16913 0.424673 0.000286022
2 0.515161 0.833427 0.205119 0.319069 0.000285626
0 0.416 0.104528 0.11095 0.200678 0.000285441
0 0.837866 0.977531 0.171345 0.0449381 0.000284247
1 0.0810146 0.00371101 0.15847 0.00742203 0.000284242
2 0.42833 0.0164035 0.114331 0.0328071 0.000283663
1 0.857857 0.195058 0.107668 0.372878 0.000283594
2 0.0116856 0.949303 0.0233711 0.101394 0.000282152
2 0.613287 0.776635 0.307567 0.329016 0.000281699
1 0.481469 0.011472 0.130334 0.0229441 0.000280984
0 0.979831 0.354305 0.0403389 0.244506 0.0002805
1 0.732514 0.00342628 0.143719 0.00685255 0.000279634
0 0.486602 0.741041 0.216964 0.479253 0.000278656
0 0.00981991 0.494002 0.0196398 0.399902 0.000277522
0 0.00949507 0.678134 0.0189901 0.336134 0.000277286
0 0.428716 0.321067 0.209962 0.193454 0.000275954
1 0.228482 0.773095 0.251876 0.0554543 0.000275488
1 0.0414371 0.152875 0.0826904 0.299957 0.000275274
0 0.0995205 0.990341 0.184898 0.0193183 0.000274966
1 0.208087 0.738163 0.324631 0.116503 0.000273655
2 0.587314 0.00710615 0.133943 0.0142123 0.000272535
0 0.3223 0.103262 0.209574 0.203808 0.000272265
0 0.981188 0.558467 0.0371643 0.495823 0.000272239
1 0.260209 0.79515 0.36727 0.110017 0.000270606
0 0.798008 0.982692 0.147518 0.0346161 0.000270453
1 0.22419 0.672193 0.187248 0.228426 0.000269694
0 0.593626 0.473093 0.185387 0.410823 0.000269657
1 0.282559 0.0520293 0.115295 0.104059 0.000269198
0 0.129032 0.721338 0.258064 0.326022 0.000268849
2 0.20523 0.025626 0.188261 0.051252 0.000268724
0 0.469117 0.659612 0.138579 0.420906 0.000268721
2 0.4515 0.0168606 0.138163 0.0337212 0.000267617
1 0.0386338 0.878492 0.0763728 0.243016 0.000266811
0 0.739556 0.44543 0.138477 0.167179 0.000266808
0 0.526767 0.372031 0.15635 0.427551 0.000266222
0 0.859991 0.230492 0.145087 0.371638 0.000265686
0 0.862411 0.258599 0.231749 0.351231 0.000265104
0 0.554705 0.723144 0.224893 0.443624 0.000264523
0 0.592817 0.431326 0.153263 0.446207 0.000263831
0 0.978696 0.487543 0.0421663 0.494438 0.000262955
0 0.796708 0.469761 0.235175 0.228727 0.000262382
1 0.495188 0.367457 0.134687 0.321458 0.000261718
1 0.805086 0.119851 0.108173 0.228705 0.000260532
0 0.486811 0.37125 0.117 0.31373 0.000260488
1 0.0101272 0.212075 0.0202543 0.164567 0.000259335
2 0.414643 0.00931796 0.114791 0.0186359 0.00025858
2 0.251958 0.646442 0.215125 0.232671 0.000258409
0 0.666064 0.382035 0.173548 0.429244 0.000257551
2 0.553946 0.809385 0.218114 0.32816 0.00025754
1 0.145594 0.00564248 0.170072 0.011285 0.000257207
0 0.232534 0.435825 0.273064 0.469439 0.000256495
0 0.677687 0.466522 0.176559 0.408808 0.000256455
2 0.192277 0.0166177 0.180116 0.0332354 0.000255928
0 0.963056 0.266756 0.0713022 0.160655 0.000254465
