0 0.42258 0.436383 0.530525 0.508513 0.924525
0 0.611771 0.583328 0.149684 0.207723 0.281917
0 0.0212015 0.708624 0.0306745 0.0479172 0.0714781
0 0.280838 0.507475 0.259583 0.312828 0.0149727
0 0.54919 0.439295 0.276879 0.509646 0.00421495
0 0.0202313 0.686854 0.0376727 0.114703 0.00356755
0 0.238812 0.505657 0.187516 0.308027 0.00347043
0 0.0199328 0.71867 0.0377373 0.0671166 0.00194778
2 0.0834509 0.288861 0.166196 0.533015 0.00194258
0 0.961172 0.336288 0.0337074 0.0455675 0.00187935
1 0.140331 0.386396 0.267399 0.572821 0.00172961
2 0.0907088 0.37659 0.181418 0.608787 0.00162972
0 0.602813 0.44821 0.169343 0.48363 0.00148454
1 0.119928 0.303073 0.230262 0.548271 0.00144359
2 0.0907799 0.537658 0.18156 0.580744 0.00144338
0 0.0872481 0.25942 0.0160737 0.0249102 0.00142604
0 0.617261 0.412428 0.266826 0.588804 0.00135718
2 0.203961 0.384697 0.345198 0.606524 0.00132087
2 0.0454431 0.343385 0.0908861 0.617982 0.00128721
0 0.196187 0.765309 0.0311698 0.0467062 0.00125135
2 0.142729 0.460956 0.266694 0.483779 0.00120182
2 0.887253 0.738147 0.225495 0.378441 0.00119605
1 0.0968827 0.171263 0.193765 0.342525 0.00117314
2 0.820671 0.37319 0.358657 0.608154 0.00115838
2 0.210547 0.178139 0.421094 0.356278 0.00115295
1 0.487122 0.274421 0.650079 0.548841 0.0011527
0 0.348468 0.437505 0.410854 0.483845 0.00115045
1 0.190104 0.31615 0.355645 0.594392 0.00114244
2 0.0578826 0.21265 0.115765 0.425299 0.00113514
2 0.774956 0.330746 0.353576 0.638514 0.0011336
2 0.706551 0.395999 0.32079 0.622782 0.00112453
2 0.113331 0.222877 0.221667 0.445753 0.00111556
2 0.0444794 0.501693 0.0889587 0.632831 0.00110638
0 0.595188 0.571659 0.113998 0.176885 0.00109892
2 0.837986 0.78154 0.316499 0.352686 0.00109501
2 0.086167 0.651601 0.172334 0.466971 0.00109204
2 0.82566 0.84607 0.326121 0.307859 0.00108992
1 0.264112 0.202565 0.510625 0.405131 0.00107368
2 0.262835 0.912215 0.471662 0.175571 0.00105527
2 0.173955 0.234697 0.343009 0.469394 0.00105475
2 0.80401 0.922688 0.366149 0.154625 0.00105373
2 0.635373 0.379036 0.329896 0.699386 0.00104276
2 0.865153 0.813002 0.269694 0.326322 0.00104257
0 0.90093 0.540993 0.198141 0.59939 0.0010321
2 0.700863 0.288254 0.43578 0.576508 0.00103092
1 0.312058 0.240917 0.618725 0.481835 0.00102296
2 0.125651 0.169413 0.251301 0.338826 0.00102285
2 0.901929 0.686325 0.196142 0.483899 0.00101682
1 0.259087 0.108893 0.518175 0.217786 0.000995067
0 0.197147 0.759074 0.0361747 0.0583485 0.000994543
2 0.722971 0.918466 0.454421 0.163067 0.000982767
2 0.413716 0.91196 0.587236 0.176079 0.000966136
0 0.840646 0.552806 0.318708 0.573145 0.000966072
2 0.473858 0.724237 0.501843 0.529729 0.000964736
1 0.29811 0.833057 0.476157 0.333887 0.00096424
0 0.706631 0.440725 0.289782 0.582302 0.000963651
2 0.632627 0.915737 0.511075 0.168527 0.00095734
2 0.935641 0.711663 0.122652 0.42635 0.000940723
2 0.752082 0.236332 0.417818 0.472664 0.000929318
2 0.843692 0.717237 0.300913 0.414349 0.000929018
0 0.937389 0.512286 0.117228 0.591222 0.000926949
2 0.648262 0.328598 0.457488 0.657197 0.000925211
2 0.478093 0.919682 0.572986 0.160636 0.00090993
0 0.878074 0.334814 0.243853 0.592607 0.000909361
2 0.626596 0.279964 0.620597 0.559929 0.000909053
0 0.906446 0.640376 0.187109 0.549135 0.000908576
1 0.0665567 0.151468 0.133113 0.302935 0.000905852
2 0.116204 0.921492 0.232408 0.157016 0.000895882
0 0.280095 0.432398 0.0829782 0.141787 0.000891349
2 0.0335887 0.624976 0.0671773 0.477874 0.000890828
2 0.26609 0.327158 0.380097 0.621631 0.000874597
2 0.256348 0.388246 0.2598 0.614061 0.000872617
1 0.440241 0.816183 0.587708 0.367635 0.000870967
0 0.0125063 0.951882 0.0250125 0.0921986 0.000864055
2 0.580105 0.690182 0.231616 0.490936 0.000863881
2 0.443683 0.676053 0.585717 0.647894 0.000862489
0 0.0181754 0.634215 0.0362011 0.248862 0.000854946
2 0.208675 0.444866 0.270952 0.504243 0.000848294
1 0.783133 0.473177 0.287717 0.5608 0.000838679
0 0.48937 0.412213 0.356501 0.462061 0.000837871
0 0.975452 0.556353 0.049095 0.515804 0.000830987
0 0.078644 0.91205 0.157288 0.1759 0.000826279
1 0.344526 0.0965706 0.643559 0.193141 0.000824993
2 0.250216 0.266239 0.46234 0.532478 0.000824015
2 0.939769 0.616454 0.112606 0.579609 0.000821463
2 0.174832 0.913866 0.349664 0.172267 0.000817706
0 0.425665 0.638166 0.571332 0.723669 0.000814357
2 0.358036 0.355195 0.50108 0.638594 0.000811333
0 0.474292 0.460548 0.267418 0.447022 0.000808897
2 0.787815 0.194574 0.424371 0.389148 0.000808005
0 0.453653 0.311027 0.476101 0.622055 0.000796466
1 0.578333 0.146178 0.67521 0.292355 0.000794706
0 0.27573 0.441577 0.108829 0.159829 0.00078704
1 0.388757 0.32088 0.650919 0.64176 0.000786662
1 0.524478 0.0967396 0.672113 0.193479 0.000785804
0 0.867941 0.249729 0.264118 0.499458 0.000780276
1 0.32781 0.770924 0.448881 0.391151 0.000779398
2 0.528787 0.82945 0.540055 0.3411 0.000774652
1 0.477284 0.0686754 0.653898 0.137351 0.000772605
2 0.919494 0.777144 0.159475 0.355575 0.000765948
2 0.0884143 0.761956 0.176829 0.325579 0.000763846
0 0.486199 0.244615 0.0758573 0.109939 0.000763405
0 0.046281 0.765189 0.0921617 0.422872 0.000761028
2 0.0314414 0.691692 0.0622911 0.44874 0.000758115
0 0.788257 0.522473 0.276723 0.523649 0.000752773
2 0.0958581 0.822503 0.191716 0.336322 0.000750355
0 0.975722 0.664198 0.048556 0.454371 0.000750215
1 0.170597 0.0870061 0.341195 0.174012 0.00074926
1 0.183276 0.720665 0.366552 0.38012 0.000745905
2 0.299578 0.971018 0.467347 0.0579641 0.0007443
2 0.584299 0.389834 0.273452 0.659175 0.000736531
2 0.781647 0.842125 0.358379 0.315749 0.000732083
2 0.594139 0.550667 0.186624 0.309357 0.000729582
0 0.112809 0.790043 0.031105 0.0605637 0.000725053
1 0.521851 0.537861 0.332647 0.324752 0.000723763
1 0.609416 0.548386 0.16679 0.39817 0.000720971
2 0.414412 0.969336 0.506498 0.0613273 0.000719359
0 0.789172 0.97035 0.389728 0.0592993 0.00071875
0 0.0989059 0.955416 0.197812 0.0891688 0.000718392
0 0.456145 0.968211 0.496723 0.0635778 0.000698278
0 0.136981 0.962398 0.273962 0.0752042 0.00069387
1 0.173745 0.788342 0.34749 0.346074 0.000690234
2 0.740592 0.14414 0.438781 0.28828 0.000686648
0 0.876305 0.922777 0.247389 0.154446 0.000684957
0 0.83694 0.165094 0.32612 0.330187 0.000680029
0 0.974285 0.395755 0.0514305 0.457383 0.000679012
0 0.924956 0.32448 0.143853 0.570016 0.000674835
1 0.781033 0.124205 0.437934 0.24841 0.000670395
1 0.171062 0.615349 0.33587 0.392388 0.000669255
2 0.217768 0.970257 0.41464 0.0594853 0.000663621
1 0.171591 0.83183 0.343181 0.336341 0.00066301
1 0.709752 0.0836882 0.543513 0.167376 0.000658044
1 0.129923 0.0790392 0.259846 0.158078 0.00065406
1 0.790197 0.585594 0.254356 0.488181 0.000649571
0 0.955634 0.869206 0.0470814 0.0568085 0.000648355
1 0.390681 0.415737 0.514243 0.583124 0.000646502
0 0.532817 0.334727 0.471741 0.669454 0.000641981
0 0.837136 0.967794 0.325728 0.0644115 0.000641363
2 0.783541 0.804975 0.324942 0.390049 0.000635287
1 0.143362 0.551639 0.276262 0.374794 0.000633421
1 0.0962121 0.0810003 0.192424 0.162001 0.000632966
2 0.3467 0.412475 0.413892 0.594923 0.000631104
1 0.37807 0.751965 0.500465 0.490211 0.000629215
1 0.416068 0.688331 0.565913 0.623338 0.000623954
0 0.69449 0.971197 0.462671 0.0576068 0.000623044
2 0.624636 0.819982 0.404101 0.360035 0.000621822
1 0.776396 0.043596 0.447207 0.087192 0.000618546
0 0.0211457 0.596453 0.0422915 0.238818 0.000615024
0 0.550606 0.970208 0.449328 0.0595838 0.000604186
2 0.921722 0.23459 0.149861 0.469179 0.000598763
0 0.974622 0.310171 0.050756 0.486788 0.000596638
0 0.22802 0.606876 0.159548 0.0986492 0.000594089
0 0.272658 0.43517 0.26233 0.490456 0.000588178
0 0.986084 0.679358 0.0275273 0.296948 0.00058264
0 0.973373 0.228195 0.0532537 0.456389 0.000580814
0 0.972495 0.78063 0.0550099 0.35784 0.000574876
1 0.787926 0.717314 0.300712 0.402069 0.000561519
0 0.00576195 0.943657 0.0115239 0.0539462 0.000557616
1 0.706373 0.530386 0.306245 0.404661 0.000552661
0 0.352425 0.626996 0.167809 0.0959822 0.000551595
0 0.215651 0.477435 0.208916 0.399914 0.000530734
0 0.96258 0.883667 0.0748406 0.232667 0.000527745
2 0.913018 0.157325 0.167121 0.314651 0.000526395
0 0.0106729 0.939766 0.0213458 0.0950827 0.000514559
2 0.621804 0.735804 0.211761 0.528392 0.000511678
0 0.00968148 0.450615 0.019363 0.167625 0.000510407
0 0.0203753 0.704734 0.0359741 0.0588648 0.000505551
1 0.864218 0.0434501 0.271564 0.0869002 0.000501767
0 0.927193 0.950756 0.145614 0.0984883 0.000500458
0 0.963432 0.173691 0.0731368 0.347383 0.000498448
0 0.526219 0.579834 0.322177 0.223998 0.000486129
0 0.21083 0.298544 0.0250476 0.0392548 0.000482996
1 0.904045 0.0686537 0.191909 0.137307 0.000482411
2 0.297847 0.655783 0.491344 0.45097 0.00048113
2 0.711694 0.638721 0.351673 0.38973 0.000476263
1 0.931097 0.141421 0.137567 0.282842 0.000467949
1 0.892603 0.119987 0.208957 0.239974 0.000460823
0 0.0539809 0.990107 0.104636 0.0197867 0.000448524
0 0.0060464 0.953732 0.0120928 0.0560411 0.000448117
0 0.0861478 0.267644 0.0169386 0.0342161 0.000447559
2 0.722779 0.783762 0.353442 0.432475 0.000438677
0 0.98442 0.612433 0.0310409 0.325448 0.000434915
0 0.0263964 0.570335 0.0527928 0.233929 0.000434156
0 0.43752 0.393654 0.205715 0.39214 0.000429539
1 0.468575 0.501634 0.444422 0.397337 0.000423257
0 0.0195288 0.978952 0.0390575 0.0420968 0.000418525
0 0.583846 0.563697 0.087948 0.151052 0.000415831
0 0.380551 0.631665 0.116451 0.0912751 0.000415662
2 0.317514 0 0.175294 0 0.000406858
0 0.47433 0.363747 0.248147 0.353723 0.000400959
0 0.00980407 0.387947 0.0196081 0.200806 0.000398737
0 0.325991 0.591682 0.371576 0.487005 0.000397958
0 0.0853009 0.274612 0.0225918 0.0492006 0.000394143
0 0.683879 0.807905 0.0273737 0.0420656 0.000392701
0 0.289666 0.421715 0.0494207 0.125866 0.000392214
0 0.0103052 0.304213 0.0206104 0.219329 0.000388484
0 0.714796 0.663429 0.0314879 0.0846308 0.000382646
2 0.270505 0 0.155897 0 0.000381566
0 0.985205 0.764611 0.0291271 0.2778 0.000381373
0 0.483622 0.326396 0.219108 0.277665 0.000380372
0 0.0802821 0.994622 0.144901 0.0107559 0.00037272
2 0.369206 0 0.173424 0 0.000371751
1 0.891968 0 0.16394 0 0.000370688
0 0.0101136 0.258238 0.0202271 0.212406 0.000368333
0 0.674531 0.804759 0.0452738 0.0511774 0.000365563
2 0.241871 0 0.158745 0 0.00036544
1 0.93296 0 0.134079 0 0.000364879
0 0.182836 0.993784 0.155301 0.0124314 0.000361722
0 0.0101059 0.353137 0.0202118 0.229845 0.000359497
0 0.973779 0.945152 0.051878 0.109696 0.000358676
0 0.904723 0.99129 0.179637 0.0174194 0.000356285
2 0.443178 0 0.167695 0 0.000355856
0 0.981306 0.484064 0.0368565 0.294044 0.000355743
2 0.101875 0.00475093 0.152658 0.00950186 0.000354827
0 0.0104522 0.505004 0.0209043 0.215062 0.000352605
0 0.545887 0.489113 0.180794 0.317782 0.000352528
0 0.278845 0.540405 0.387993 0.378936 0.000351707
0 0.959949 0.988728 0.0801019 0.0225445 0.000348396
0 0.963834 0.344848 0.0429657 0.0647448 0.000347367
0 0.713935 0.679813 0.0301561 0.0880262 0.000347194
2 0.815678 0 0.14997 0 0.000346109
0 0.780649 0.98934 0.189917 0.0213209 0.000346038
1 0.081073 0.00813457 0.131454 0.0162691 0.00034465
2 0.31711 0.113514 0.170443 0.210747 0.000342596
2 0.518456 0.00065983 0.161007 0.00131966 0.000342214
2 0.213764 0 0.149398 0 0.000341655
0 0.141445 0.993999 0.178327 0.0120021 0.000341403
2 0.84032 0 0.150833 0 0.000340492
0 0.0165859 0.550502 0.0331717 0.235992 0.000339691
0 0.52715 0.261734 0.13288 0.155683 0.000339114
2 0.713798 0.000416623 0.152465 0.000833246 0.000336427
0 0.973214 0.973169 0.0535717 0.053662 0.000336314
0 0.377676 0.409068 0.141406 0.328687 0.000334791
0 0.790489 0.778483 0.0614622 0.0948818 0.000334489
0 0.414001 0.566369 0.53758 0.64234 0.000333894
2 0.168655 0 0.154203 0 0.000331409
0 0.857813 0.991393 0.178916 0.0172148 0.00033109
0 0.418986 0.37445 0.147311 0.341054 0.000329778
2 0.737571 0 0.150487 0 0.000328637
0 0.0182972 0.840981 0.036531 0.310115 0.000328291
0 0.111302 0.994991 0.166059 0.0100179 0.000326852
2 0.190019 0 0.149722 0 0.000325109
0 0.561695 0.991647 0.184449 0.0167057 0.000323981
0 0.00964943 0.21671 0.0192989 0.22769 0.000323206
2 0.0095499 0.0866184 0.0190998 0.147344 0.000322922
0 0.0373264 0.606284 0.0724182 0.253568 0.00032143
2 0.131115 0.000773153 0.166539 0.00154631 0.000320069
2 0.765864 0 0.150583 0 0.000319811
0 0.461473 0.564612 0.210187 0.229048 0.000319009
0 0.283887 0.994427 0.159913 0.0111455 0.000318031
2 0.564043 0.000348246 0.167231 0.000696491 0.000317664
0 0.527136 0.396095 0.137111 0.22288 0.000316869
0 0.389622 0.376479 0.0976761 0.288848 0.000316432
0 0.323378 0.497605 0.278782 0.355014 0.000311622
0 0.678091 0.501108 0.114447 0.173557 0.000311242
0 0.464766 0.600774 0.183988 0.158072 0.00031028
2 0.613958 0 0.161923 0 0.00031005
1 0.95445 0.00174822 0.0911005 0.00349645 0.000308564
0 0.971597 0.651812 0.0562425 0.2262 0.00030613
0 0.136627 0.520948 0.0896651 0.0820185 0.000303194
0 0.902548 0.709671 0.0418617 0.0520474 0.000301792
2 0.663895 0.000595597 0.150069 0.00119119 0.000301751
0 0.330247 0.582272 0.224411 0.189795 0.000300953
0 0.680531 0.989036 0.170261 0.021929 0.000300676
0 0.100874 0.0985265 0.0780273 0.132879 0.00029923
0 0.363174 0.993208 0.174341 0.0135833 0.000299108
0 0.624848 0.544965 0.120918 0.151898 0.000299051
0 0.0247583 0.779332 0.0472402 0.224698 0.000298051
0 0.309281 0.993643 0.170232 0.0127142 0.000296638
0 0.440168 0.993527 0.172108 0.0129457 0.000294975
0 0.982889 0.552669 0.0339058 0.355171 0.000294303
0 0.803019 0.767009 0.0440678 0.0729653 0.00029258
0 0.761748 0.984835 0.183792 0.0303303 0.000292563
0 0.521716 0.288322 0.144342 0.203962 0.000292239
2 0.324891 0.0661644 0.157097 0.124661 0.000292211
0 0.614883 0.990067 0.191414 0.0198657 0.000291687
0 0.412954 0.652178 0.0502301 0.0421105 0.000290822
0 0.955428 0.33752 0.052393 0.0543514 0.00028977
0 0.201779 0.301234 0.068228 0.0765492 0.000288403
1 0.062678 0.0106221 0.122495 0.0212442 0.000287576
0 0.223456 0.586879 0.156035 0.140429 0.000287096
0 0.441758 0.335391 0.191455 0.284126 0.000285467
0 0.907963 0.777065 0.0321858 0.050972 0.000284581
0 0.0197944 0.774831 0.0387788 0.278038 0.000283744
0 0.565463 0.515549 0.198451 0.375364 0.000283332
2 0.299281 0.0583808 0.146762 0.109017 0.000282555
0 0.976712 0.433073 0.0463245 0.29041 0.000281052
0 0.389956 0.991393 0.180291 0.0172147 0.000280521
0 0.0437615 0.94434 0.0867767 0.111321 0.000278314
0 0.486873 0.267512 0.0755252 0.13816 0.000278312
0 0.479161 0.682291 0.190268 0.0762232 0.000278074
2 0.348025 0.113638 0.167899 0.211191 0.000276477
0 0.0682127 0.787693 0.114259 0.149153 0.000276457
0 0.233677 0.992846 0.161045 0.0143085 0.000275263
0 0.468357 0.652451 0.176395 0.0615117 0.000272374
0 0.012003 0.895774 0.024006 0.174314 0.000271175
0 0.341135 0.64108 0.202642 0.0767302 0.000270343
0 0.939724 0.987517 0.120552 0.0249651 0.000270298
2 0.35445 0.0624096 0.141664 0.117482 0.000269984
0 0.0251037 0.842427 0.0486179 0.16496 0.000269494
