2 0.468667 0.488058 0.400179 0.54624 0.957483
2 0.884799 0.0942408 0.23028 0.188482 0.00816519
2 0.724148 0.10938 0.190856 0.211626 0.00773064
2 0.916562 0.0772362 0.166439 0.153729 0.00318031
2 0.903905 0.258939 0.192189 0.517879 0.00267154
2 0.846801 0.253778 0.306397 0.507556 0.00253194
2 0.804982 0.119024 0.129103 0.229653 0.00246081
2 0.886899 0.134644 0.224693 0.269288 0.00239575
2 0.0931203 0.74544 0.186241 0.457531 0.00230633
2 0.798111 0.232465 0.342899 0.46493 0.00213083
2 0.826233 0.141891 0.347534 0.283781 0.00206928
2 0.536021 0.626848 0.310175 0.679533 0.00203033
2 0.855386 0.0885689 0.289227 0.177138 0.00197266
2 0.632525 0.728037 0.304087 0.488799 0.00183591
2 0.862594 0.686285 0.245399 0.604251 0.00181905
2 0.867002 0.772139 0.226677 0.418097 0.00175887
2 0.86823 0.376707 0.26354 0.656724 0.00174736
2 0.92356 0.740082 0.152881 0.491189 0.00169458
2 0.13168 0.752002 0.246203 0.445183 0.0016845
2 0.919373 0.375021 0.161255 0.687494 0.00163717
2 0.719386 0.218789 0.261225 0.437578 0.00163542
2 0.803094 0.775194 0.207931 0.390981 0.00162435
2 0.745671 0.765098 0.21082 0.41149 0.00160526
2 0.762505 0.125199 0.128424 0.237496 0.00158566
2 0.555016 0.327066 0.271184 0.619896 0.0015781
2 0.805527 0.287855 0.285187 0.556604 0.00157144
2 0.725962 0.141293 0.356659 0.282586 0.00155598
2 0.238881 0.0786536 0.123318 0.154208 0.00155421
2 0.816536 0.683211 0.221547 0.594753 0.00153161
2 0.607985 0.328247 0.308523 0.629264 0.00151568
2 0.542304 0.575194 0.387148 0.816311 0.00151431
2 0.835996 0.108222 0.151627 0.208046 0.00151165
2 0.545354 0.451654 0.251055 0.557352 0.00150593
2 0.206243 0.269876 0.248118 0.492879 0.0014672
2 0.869139 0.581657 0.261721 0.6878 0.00145938
2 0.0702032 0.695579 0.140406 0.575544 0.00145896
2 0.553319 0.260568 0.348861 0.521136 0.00143426
2 0.928753 0.291166 0.139824 0.575519 0.00140581
2 0.60945 0.219662 0.316435 0.439325 0.0013989
2 0.486932 0.284473 0.431653 0.568947 0.00137939
2 0.922043 0.611312 0.155915 0.713171 0.00137574
2 0.521296 0.873871 0.279959 0.247414 0.00135262
2 0.722642 0.301061 0.227853 0.578777 0.00132267
2 0.272992 0.398434 0.238363 0.588507 0.00132061
2 0.255974 0.277394 0.236386 0.491223 0.00129481
2 0.156318 0.275943 0.277212 0.517365 0.00129184
0 0.59694 0.416782 0.344879 0.700407 0.00128526
2 0.785011 0.100049 0.429978 0.200098 0.00128452
2 0.102632 0.254752 0.205265 0.509505 0.00128092
2 0.467655 0.728265 0.424706 0.470878 0.00126814
2 0.534351 0.80343 0.276549 0.347043 0.00125328
2 0.472812 0.363231 0.392421 0.554815 0.00123012
2 0.100888 0.648557 0.201445 0.702886 0.0012103
2 0.749384 0.680329 0.210262 0.61324 0.00120548
2 0.904769 0.0819682 0.190462 0.163936 0.001202
2 0.939702 0.686674 0.116314 0.59055 0.00118441
2 0.702515 0.137372 0.168025 0.262083 0.00116585
2 0.142906 0.675186 0.253062 0.617607 0.00116346
1 0.52282 0.553727 0.384712 0.749377 0.00116175
2 0.816113 0.568956 0.238 0.651697 0.00115577
2 0.398155 0.0870367 0.14924 0.166403 0.001135
2 0.582615 0.774109 0.297787 0.399494 0.00112216
2 0.253015 0.243277 0.295671 0.486554 0.00109456
2 0.0522108 0.61161 0.104422 0.331523 0.00108935
2 0.052755 0.628158 0.105249 0.691838 0.00108201
2 0.731713 0.400322 0.238548 0.675462 0.00107849
2 0.630473 0.144874 0.368744 0.289749 0.00107737
2 0.695836 0.777391 0.250317 0.384417 0.00106354
2 0.075424 0.291779 0.150848 0.561415 0.00105656
2 0.429008 0.778767 0.402315 0.378113 0.00104959
2 0.938527 0.21376 0.122523 0.42752 0.00104919
2 0.0894181 0.902433 0.178836 0.167663 0.00102024
2 0.970237 0.265852 0.0590985 0.531704 0.00101778
0 0.554927 0.45863 0.400487 0.593464 0.00100969
2 0.970897 0.698039 0.0576878 0.55082 0.00100647
2 0.510984 0.163633 0.46858 0.327267 0.00098934
2 0.936746 0.530327 0.122993 0.707131 0.00098185
2 0.296039 0.481973 0.234598 0.588925 0.000981398
2 0.211853 0.76095 0.216996 0.427682 0.000980883
2 0.737899 0.609412 0.254681 0.711684 0.000975205
2 0.545628 0.943961 0.322466 0.112078 0.000966102
2 0.157124 0.574299 0.266422 0.713131 0.000956677
2 0.103724 0.379973 0.207448 0.659195 0.000955077
2 0.974723 0.503099 0.0505548 0.567418 0.00095254
2 0.678863 0.126329 0.513004 0.252659 0.00095235
2 0.973293 0.604477 0.053414 0.634458 0.000945159
2 0.0477929 0.275368 0.0954423 0.550736 0.000943221
2 0.41406 0.878999 0.374151 0.242002 0.000921012
2 0.0334486 0.614182 0.0668973 0.303942 0.000917866
2 0.0675983 0.575561 0.135197 0.705638 0.000908052
2 0.856896 0.0581625 0.175809 0.116325 0.00090556
2 0.10201 0.50607 0.204019 0.656606 0.00090201
2 0.0293857 0.571085 0.0587714 0.324366 0.000892691
2 0.832219 0.0397167 0.155484 0.0794334 0.000890231
2 0.193431 0.209879 0.342448 0.419758 0.000885158
2 0.588887 0.955332 0.357639 0.0893351 0.000881311
0 0.464181 0.630938 0.411062 0.600345 0.000873624
2 0.688149 0.106837 0.15046 0.206108 0.000869224
2 0.499834 0.54376 0.34735 0.714394 0.000866949
2 0.32739 0.77912 0.305854 0.384426 0.000864712
2 0.353707 0.251916 0.432585 0.503832 0.000858905
2 0.911006 0.834232 0.177988 0.324118 0.000851845
2 0.110818 0.171493 0.221636 0.342985 0.000845847
2 0.934452 0.818145 0.131095 0.348838 0.000835495
2 0.322856 0.166766 0.375285 0.333533 0.000818196
2 0.30254 0.950766 0.302525 0.0984686 0.000815864
2 0.975746 0.337048 0.0482481 0.593251 0.000811784
2 0.749532 0.873464 0.291102 0.253071 0.000810773
2 0.45245 0.134717 0.435769 0.269434 0.000807786
2 0.356732 0.95666 0.327157 0.0866807 0.000804577
2 0.394083 0.327988 0.431134 0.605228 0.000804378
2 0.0467404 0.502127 0.0933346 0.664525 0.000798856
2 0.0429217 0.402263 0.0855707 0.614029 0.000798383
2 0.107806 0.858465 0.215612 0.262873 0.000793478
2 0.339306 0.516486 0.225919 0.594043 0.000793111
1 0.971599 0.776704 0.0565136 0.412345 0.000788528
2 0.208393 0.472236 0.25222 0.588006 0.000777469
2 0.269874 0.0874987 0.170866 0.174997 0.000775527
2 0.294285 0.881286 0.280607 0.2352 0.000771487
2 0.250216 0.946308 0.276543 0.107383 0.000770877
2 0.411479 0.634161 0.344758 0.621851 0.000757194
2 0.553071 0.129236 0.559255 0.258471 0.000755915
2 0.219306 0.680705 0.241937 0.59016 0.000750631
2 0.238122 0.875615 0.247371 0.240437 0.000749154
2 0.389523 0.563085 0.279305 0.606265 0.000742277
2 0.850758 0.861296 0.29599 0.27604 0.000742216
0 0.401461 0.675087 0.161644 0.152029 0.000741022
2 0.649974 0.964356 0.370633 0.0712881 0.000739434
2 0.809942 0.0257142 0.145521 0.0514285 0.000737472
2 0.633244 0.133021 0.229312 0.259066 0.000735978
2 0.458636 0.955065 0.348725 0.089869 0.000714021
2 0.237362 0.066554 0.126092 0.133108 0.000712494
2 0.063044 0.141569 0.126088 0.283137 0.000711768
2 0.0869613 0.152996 0.173923 0.305993 0.00070856
2 0.376356 0.490925 0.221104 0.549322 0.000708487
2 0.0518434 0.535029 0.103687 0.353758 0.000708268
2 0.179597 0.946616 0.315485 0.106768 0.00070015
2 0.156428 0.856932 0.301216 0.272618 0.000696068
2 0.968655 0.82797 0.0626898 0.337771 0.000694922
0 0.381049 0.66546 0.208503 0.171824 0.0006912
2 0.71511 0.968506 0.325445 0.0629879 0.000680576
2 0.394811 0.449439 0.29479 0.63347 0.00067722
2 0.615463 0.861712 0.367897 0.276576 0.000676483
2 0.990859 0.0672037 0.0180231 0.134407 0.00067523
2 0.278914 0.0423773 0.401202 0.0847546 0.000673504
2 0.128639 0.951811 0.257278 0.0963774 0.000670612
2 0.0131141 0.851673 0.0262283 0.223222 0.000667796
2 0.929513 0.0636819 0.140973 0.127364 0.000665851
2 0.462366 0.0709083 0.456203 0.141817 0.000663654
2 0.748008 0.161298 0.130413 0.307237 0.000662855
2 0.497923 0.0979109 0.496662 0.195822 0.00065726
2 0.0921653 0.952003 0.184331 0.0959933 0.000650166
2 0.389688 0.149047 0.44458 0.298094 0.000646533
2 0.191949 0.043387 0.383899 0.0867739 0.000635694
2 0.346152 0.0511791 0.431665 0.102358 0.000621287
2 0.232207 0.065336 0.0990475 0.127985 0.000618111
2 0.399367 0.0611529 0.466116 0.122306 0.000616106
2 0.0924317 0.0736793 0.184863 0.147359 0.000614987
1 0.442618 0.613551 0.36145 0.551043 0.000613197
2 0.805279 0.972397 0.320044 0.0552057 0.000612882
2 0.0120267 0.839152 0.0240534 0.134574 0.000611152
2 0.916076 0.961435 0.167847 0.0771291 0.000603647
2 0.911251 0.247489 0.159353 0.223798 0.000598548
2 0.890365 0.298235 0.200881 0.297961 0.000594535
2 0.651928 0.113565 0.179509 0.219452 0.00058311
2 0.0198937 0.504133 0.0397875 0.34882 0.000580196
2 0.6883 0.0133628 0.15881 0.0267257 0.000570588
2 0.12204 0.0576097 0.244081 0.115219 0.000566999
2 0.986882 0.0903625 0.0262356 0.180725 0.000565314
1 0.945889 0.90229 0.108222 0.195419 0.00055977
2 0.781827 0.0151139 0.150092 0.0302277 0.000554666
2 0.593885 0.439396 0.13898 0.261856 0.000553633
2 0.0418038 0.666018 0.0835748 0.3633 0.000553217
2 0.304884 0.0838604 0.186631 0.167721 0.000552106
2 0.0276945 0.86437 0.0543194 0.237905 0.000539427
2 0.282341 0.0768842 0.200807 0.152347 0.000504777
0 0.908893 0.145696 0.182213 0.291391 0.000495785
2 0.0136102 0.773519 0.0272205 0.376916 0.000495062
2 0.706396 0.0086628 0.164928 0.0173256 0.000482515
0 0.366736 0.642054 0.193822 0.215825 0.00048016
2 0.33754 0.0810107 0.170289 0.162021 0.000478667
2 0.212267 0.0391301 0.141378 0.0782602 0.000477835
2 0.794555 0.134466 0.0921641 0.248356 0.000475031
2 0.106223 0.00495913 0.158584 0.00991826 0.000472726
2 0.822019 0.0855406 0.134684 0.167282 0.000469803
2 0.787716 0.549281 0.169288 0.349642 0.000469551
2 0.755012 0.0067842 0.15747 0.0135684 0.000469195
2 0.131761 0.00436712 0.155587 0.00873425 0.000466581
2 0.664494 0.0155383 0.142011 0.0310766 0.000462232
2 0.0705025 0.631067 0.139592 0.291973 0.00045805
0 0.265636 0.395209 0.207888 0.180403 0.000444127
2 0.0230258 0.130702 0.0460516 0.2435 0.000443007
2 0.613261 0.114623 0.186585 0.219191 0.000441953
2 0.0132533 0.465341 0.0265067 0.342636 0.000434438
2 0.0691594 0.00285502 0.138319 0.00571005 0.000431573
2 0.181339 0.0101677 0.157583 0.0203354 0.000425621
2 0.981616 0.0885142 0.0365106 0.177028 0.000421929
2 0.798563 0.0826911 0.124226 0.16187 0.000419298
0 0.325485 0.461622 0.108509 0.308238 0.000417737
2 0.554643 0.0160838 0.157675 0.0321676 0.000412408
2 0.404153 0.61922 0.272305 0.265644 0.000397609
0 0.854102 0.122882 0.198421 0.237001 0.000393718
2 0.0324062 0.81223 0.0644581 0.341548 0.000390856
2 0.036717 0.762823 0.0725534 0.439823 0.000383465
0 0.0174666 0.947115 0.0345226 0.098889 0.000382821
2 0.579227 0.013262 0.161244 0.026524 0.000379989
2 0.607189 0.00891059 0.154616 0.0178212 0.000378356
0 0.491114 0.551439 0.360015 0.616635 0.000377419
2 0.632193 0.0142445 0.155667 0.028489 0.000373436
2 0.0653773 0.858683 0.125989 0.250041 0.000372313
0 0.406898 0.993884 0.154726 0.0122317 0.00037088
2 0.0586908 0.0125876 0.117382 0.0251752 0.000370388
0 0.571531 0.643723 0.244607 0.259299 0.000365003
2 0.449312 0.034672 0.150664 0.069344 0.000362494
2 0.496 0.427781 0.344915 0.312346 0.000360881
0 0.25076 0.35492 0.18267 0.260666 0.000356277
0 0.389779 0.38243 0.160212 0.331744 0.00035536
2 0.0106656 0.425692 0.0213312 0.367806 0.000353009
2 0.547361 0.638646 0.226313 0.235352 0.000351978
2 0.543246 0.0275609 0.148416 0.0551218 0.000350826
2 0.494518 0.652969 0.169962 0.203296 0.000350095
0 0.187635 0.447433 0.137626 0.285103 0.00034852
0 0.229383 0.410267 0.16404 0.202282 0.000348453
2 0.974346 0.0935635 0.0513084 0.187127 0.000347562
2 0.41584 0.0355394 0.144793 0.0710789 0.000347152
0 0.154609 0.99094 0.161409 0.0181205 0.000345637
2 0.0458574 0.154146 0.0905793 0.296782 0.000345499
0 0.0510363 0.980043 0.100565 0.0399131 0.000345467
0 0.176226 0.988602 0.157509 0.0227964 0.000344149
0 0.241032 0.312106 0.212721 0.342865 0.000343245
2 0.760259 0.0871781 0.148762 0.170735 0.000343188
2 0.374343 0.0736518 0.178841 0.147304 0.000342714
2 0.336356 0.459338 0.132108 0.309142 0.000341838
2 0.393503 0.0517736 0.161958 0.103547 0.000339368
2 0.0994973 0.126062 0.198636 0.24468 0.000336994
0 0.168962 0.303537 0.165721 0.275109 0.000335704
2 0.986102 0.17462 0.0277951 0.342822 0.000335144
2 0.0178355 0.73269 0.035671 0.446535 0.000332862
2 0.026345 0.667267 0.05269 0.370382 0.000330811
0 0.182246 0.380141 0.100321 0.177412 0.0003283
0 0.0238659 0.975092 0.0477318 0.049817 0.000326943
2 0.482709 0.0288978 0.162933 0.0577956 0.000323519
2 0.815259 0.546047 0.14265 0.254607 0.000322457
2 0.74276 0.245504 0.0867126 0.216071 0.000322078
0 0.591667 0.615676 0.200475 0.357861 0.00031704
0 0.224996 0.500908 0.188054 0.352699 0.000316399
2 0.21201 0.0793065 0.0778119 0.147484 0.000315792
2 0.893078 0.224008 0.117041 0.206754 0.000315026
0 0.556564 0.605816 0.239077 0.326728 0.000314165
2 0.593067 0.400732 0.140965 0.173706 0.000314063
2 0.752127 0.207842 0.106519 0.265552 0.000313779
2 0.519536 0.0264588 0.136755 0.0529176 0.000313355
0 0.605728 0.663361 0.17562 0.257112 0.000312495
0 0.693476 0.361988 0.150811 0.31873 0.000310135
2 0.892037 0.271353 0.152852 0.285575 0.000309591
2 0.0312869 0.120535 0.0625739 0.22827 0.000309055
2 0.821599 0.136352 0.137727 0.229972 0.000308741
2 0.693123 0.321656 0.162494 0.260827 0.000307032
0 0.515184 0.657325 0.124471 0.191641 0.000306633
0 0.922219 0.994028 0.155561 0.0119443 0.000305815
0 0.879224 0.152193 0.118649 0.240609 0.000304918
2 0.116029 0.0943788 0.153387 0.180609 0.000304264
0 0.552982 0.991484 0.168333 0.0170321 0.000304219
0 0.418242 0.693408 0.157554 0.124408 0.000304063
0 0.579488 0.992617 0.168745 0.0147663 0.000303726
2 0.325451 0.0718906 0.169692 0.14205 0.000301642
0 0.283325 0.423139 0.186946 0.230261 0.000300206
0 0.933094 0.798999 0.12922 0.311834 0.000299186
0 0.205093 0.0766395 0.0647087 0.14267 0.000297351
0 0.528086 0.992516 0.172771 0.0149686 0.000296814
0 0.274533 0.987855 0.164275 0.0242898 0.000296476
0 0.48351 0.993407 0.163972 0.0131866 0.000295905
0 0.905423 0.354423 0.179478 0.334453 0.000295733
2 0.918217 0.190918 0.161274 0.214187 0.000295486
0 0.799343 0.72566 0.159678 0.388049 0.000294045
0 0.606923 0.99321 0.170087 0.01358 0.000293376
2 0.0561375 0.119983 0.111736 0.230688 0.000292758
0 0.402408 0.0954321 0.153662 0.190864 0.000292408
2 0.0109615 0.360505 0.021923 0.389417 0.000292205
0 0.811175 0.584988 0.163234 0.290989 0.000292115
2 0.861846 0.335564 0.173798 0.248949 0.000292031
2 0.217616 0.263675 0.224011 0.28534 0.000290371
2 0.938818 0.260444 0.11685 0.217443 0.000290023
0 0.935426 0.989553 0.129149 0.0208942 0.000288919
0 0.539078 0.649818 0.147993 0.214203 0.000287479
0 0.398461 0.355569 0.11471 0.279359 0.000285243
2 0.0668834 0.570599 0.133223 0.361596 0.000284984
0 0.406415 0.249751 0.139201 0.217223 0.000284896
0 0.761617 0.996207 0.193038 0.00758655 0.000284634
0 0.843225 0.581713 0.137544 0.310308 0.000283522
0 0.0149438 0.879183 0.0297825 0.215509 0.000280947
0 0.746984 0.197839 0.0945276 0.259856 0.000280021
2 0.991194 0.163614 0.0172061 0.197836 0.000279394
0 0.594105 0.753247 0.134952 0.262694 0.000278461
2 0.0491705 0.465157 0.098341 0.352419 0.000278448
0 0.828984 0.995669 0.185216 0.00866132 0.000276226
2 0.0135532 0.16647 0.0271063 0.324415 0.000274914
0 0.323324 0.990274 0.15629 0.0194527 0.00027477
2 0.882348 0.347157 0.21191 0.302395 0.000274113
2 0.849821 0.540332 0.136217 0.24979 0.000273878
