2 0.509792 0.640859 0.610842 0.407589 0.793505
2 0.517407 0.505945 0.587017 0.409723 0.00153906
0 0.971406 0.613437 0.0571877 0.349544 0.00147075
2 0.564852 0.606801 0.479619 0.329965 0.00142038
1 0.525373 0.667731 0.584767 0.440385 0.00133396
0 0.6565 0.0725579 0.0405544 0.0330934 0.00130657
1 0.180831 0.0863579 0.352347 0.172561 0.00130273
0 0.971429 0.712335 0.0571418 0.341538 0.00129013
0 0.661836 0.574666 0.29317 0.272319 0.00126921
0 0.587688 0.535665 0.434149 0.216604 0.00125606
2 0.969186 0.811693 0.0616288 0.336588 0.00125039
1 0.162504 0.139462 0.325008 0.278371 0.00124357
2 0.967455 0.50379 0.0650897 0.31235 0.00121081
1 0.53093 0.460998 0.583796 0.474236 0.00121072
2 0.968805 0.445646 0.0623907 0.302762 0.00118345
2 0.971067 0.392277 0.0578661 0.303996 0.00117611
1 0.122582 0.156092 0.245164 0.312184 0.00112014
1 0.117304 0.229622 0.234609 0.437363 0.00111011
1 0.512387 0.565299 0.59148 0.248332 0.00109467
1 0.468675 0.733618 0.59917 0.367596 0.0010827
2 0.972034 0.343455 0.0559326 0.317573 0.00107966
1 0.169021 0.21963 0.327199 0.421931 0.00107335
2 0.488822 0.581298 0.647904 0.390631 0.00107089
1 0.117006 0.101722 0.234012 0.203444 0.00104568
2 0.967972 0.841065 0.0640568 0.296614 0.00104203
1 0.304143 0.494964 0.415709 0.380548 0.00103351
2 0.340777 0.433506 0.359516 0.374607 0.00100998
1 0.0582136 0.393207 0.116427 0.451101 0.00100944
1 0.0298329 0.782566 0.0596658 0.422366 0.00100914
0 0.670939 0.51104 0.274347 0.282407 0.000993981
0 0.396215 0.533782 0.337268 0.164772 0.000992307
1 0.0773681 0.338545 0.154736 0.498219 0.000986006
1 0.0922822 0.280097 0.184564 0.499025 0.000985331
2 0.0670592 0.577456 0.134118 0.486154 0.000972613
0 0.659122 0.0765087 0.0512475 0.0407828 0.000969045
0 0.746848 0.650626 0.41103 0.39158 0.000965158
2 0.456436 0.448606 0.505393 0.440156 0.000961641
2 0.637003 0.617758 0.339499 0.352881 0.000954115
1 0.438761 0.836761 0.70346 0.270028 0.000946933
1 0.260235 0.426243 0.315132 0.341429 0.000943498
1 0.254258 0.0819347 0.455794 0.163388 0.000934996
1 0.0583345 0.613904 0.116669 0.488372 0.000934859
1 0.227509 0.133088 0.391754 0.266028 0.0009309
1 0.0346712 0.698713 0.0693424 0.495667 0.000926852
0 0.694685 0.721399 0.473795 0.438472 0.000924616
1 0.507984 0.352661 0.676156 0.649193 0.000919793
2 0.971542 0.291541 0.0569156 0.34104 0.000919706
1 0.240726 0.905609 0.460112 0.184633 0.000913525
1 0.524731 0.856776 0.63118 0.234006 0.000912503
1 0.0435733 0.65042 0.0871467 0.48767 0.000910948
1 0.515593 0.166755 0.757373 0.330468 0.000897117
1 0.318492 0.896344 0.613805 0.203317 0.00088878
1 0.515873 0.111886 0.699273 0.223336 0.000878268
1 0.497951 0.234605 0.771937 0.465719 0.000867714
0 0.518021 0.559144 0.57259 0.238152 0.000866681
1 0.96796 0.235351 0.0640797 0.367826 0.000861677
1 0.316473 0.16635 0.562987 0.329981 0.000859467
1 0.0687242 0.8476 0.137448 0.276976 0.000858752
1 0.219955 0.93036 0.428007 0.13811 0.000853148
1 0.655311 0.858607 0.585784 0.244109 0.000848533
1 0.223217 0.20407 0.39606 0.403364 0.000848181
1 0.47002 0.754012 0.614036 0.253496 0.000845934
1 0.32018 0.33522 0.346417 0.468646 0.000843361
1 0.397305 0.333771 0.431004 0.543048 0.000839434
1 0.217932 0.0266485 0.435863 0.053297 0.000835565
1 0.953063 0.183901 0.0938746 0.36575 0.000825373
1 0.330124 0.232584 0.527583 0.465168 0.000811351
0 0.695118 0.488119 0.290858 0.405833 0.000809659
1 0.522802 0.0628754 0.68832 0.125751 0.000808074
1 0.450158 0.906028 0.590465 0.186002 0.000807667
1 0.428662 0.293409 0.616193 0.576551 0.000806963
2 0.483252 0.764324 0.477443 0.126563 0.000802967
1 0.362037 0.129382 0.641402 0.258736 0.000801414
1 0.617588 0.383986 0.670634 0.526707 0.000800156
1 0.787712 0.169481 0.371208 0.334903 0.000797609
1 0.235455 0.274814 0.345214 0.508856 0.000795283
0 0.90906 0.58013 0.18188 0.376377 0.000794834
1 0.598155 0.27856 0.683247 0.518327 0.000783149
1 0.357736 0.0792697 0.623906 0.157989 0.000775322
1 0.255163 0.345915 0.331582 0.456095 0.000773291
0 0.898613 0.52169 0.202775 0.344328 0.000770493
0 0.918263 0.65452 0.163474 0.374205 0.000769793
1 0.85697 0.886416 0.27606 0.223871 0.000768292
1 0.764394 0.0608229 0.371847 0.121405 0.000765407
1 0.743725 0.0275133 0.51255 0.0550267 0.00076293
1 0.877532 0.182716 0.230574 0.360265 0.000755483
0 0.305359 0.620345 0.513079 0.4444 0.000754139
2 0.484288 0.83111 0.565939 0.304879 0.000753355
0 0.145554 0.60842 0.291108 0.455298 0.000751794
1 0.293968 0.0271402 0.534496 0.0542803 0.000750913
1 0.170162 0.906877 0.339043 0.177518 0.000750329
0 0.507381 0.64038 0.611963 0.400261 0.00075028
1 0.813812 0.228427 0.299056 0.449701 0.00075007
2 0.483434 0.913023 0.568001 0.172179 0.000749192
1 0.740063 0.45072 0.348464 0.439349 0.000749014
0 0.799001 0.100036 0.307376 0.200073 0.000748634
1 0.746936 0.224167 0.436249 0.444014 0.000747113
2 0.95586 0.876313 0.0882804 0.243951 0.000746028
0 0.636857 0.101039 0.593332 0.201717 0.000736285
1 0.143734 0.0303898 0.287469 0.0607796 0.000729758
1 0.76083 0.791818 0.405873 0.3804 0.000721137
1 0.167052 0.347554 0.304824 0.467842 0.000721127
1 0.87425 0.0727181 0.246488 0.145221 0.000719268
0 0.909435 0.41149 0.18113 0.332762 0.000713111
2 0.15073 0.562359 0.30117 0.444673 0.000706278
0 0.816905 0.494626 0.272147 0.405432 0.000700506
1 0.173312 0.866708 0.334613 0.237334 0.000699955
1 0.894788 0.896716 0.210424 0.203834 0.000699886
1 0.578785 0.893956 0.643308 0.210519 0.00069102
1 0.157896 0.415236 0.287457 0.384672 0.000688655
1 0.754563 0.373281 0.445466 0.505596 0.000687592
0 0.911476 0.8832 0.17236 0.224572 0.00068414
1 0.577686 0.0281478 0.704561 0.0562782 0.000684092
1 0.889205 0.125277 0.206262 0.250554 0.000683734
1 0.112831 0.8933 0.225663 0.202568 0.000678208
0 0.915 0.359484 0.17 0.344072 0.000674014
1 0.366241 0.762695 0.557241 0.357615 0.000672285
1 0.834351 0.111401 0.244629 0.222802 0.000671728
0 0.791907 0.540154 0.303072 0.381315 0.000670088
1 0.217665 0.475372 0.31049 0.337558 0.000663211
0 0.911687 0.295744 0.176625 0.368268 0.000662919
1 0.319075 0.928337 0.557234 0.142202 0.000659551
0 0.240393 0.567343 0.372526 0.412063 0.00065622
1 0.90827 0.887418 0.18346 0.221767 0.000652362
1 0.519717 0.964546 0.573115 0.0695793 0.000652216
0 0.300243 0.677079 0.461826 0.414883 0.000647017
1 0.831543 0.0285906 0.336915 0.0568724 0.000646256
1 0.429713 0.02761 0.694519 0.0552199 0.000644178
1 0.57865 0.970047 0.593853 0.058774 0.000636077
1 0.176622 0.941138 0.353244 0.117687 0.000633377
1 0.931142 0.146148 0.137716 0.292297 0.000630989
1 0.883757 0.0935134 0.232487 0.187027 0.000630026
0 0.916931 0.769517 0.166139 0.363685 0.000627395
0 0.783443 0.602112 0.324622 0.412582 0.000621889
1 0.403285 0.946633 0.597247 0.105691 0.000621043
0 0.839817 0.434724 0.260213 0.403176 0.000614869
1 0.147785 0.808248 0.292697 0.347863 0.000598296
0 0.483303 0.756446 0.466826 0.146668 0.000597503
0 0.921533 0.843686 0.156935 0.287786 0.000594942
0 0.674705 0.528647 0.256655 0.164513 0.000588696
1 0.130758 0.946118 0.261515 0.107763 0.000587742
0 0.378238 0.834799 0.605813 0.274918 0.000586224
1 0.827989 0.973413 0.344022 0.0531749 0.00058481
1 0.847952 0.364446 0.259925 0.448585 0.000583493
1 0.863014 0.036806 0.273973 0.0720628 0.000583051
0 0.482777 0.735103 0.557939 0.220867 0.000565146
2 0.139813 0.778385 0.279626 0.380791 0.000564707
1 0.739705 0.975696 0.520408 0.0481178 0.000561714
2 0.610154 0.537121 0.389122 0.180276 0.000545351
0 0.842508 0.552386 0.0290248 0.0218132 0.000538008
1 0.870199 0.936786 0.259601 0.126427 0.000534132
1 0.863392 0.962563 0.273216 0.0747668 0.000522464
0 0.534292 0.78177 0.348104 0.0839821 0.000480328
0 0.471318 0.786413 0.55132 0.0864817 0.000466833
0 0.895675 0.981764 0.20865 0.036471 0.000409735
0 0.845626 0.593759 0.0690907 0.117732 0.000396744
2 0.520929 0.540273 0.646747 0.185058 0.000387461
0 0.860502 0.985776 0.278996 0.0284472 0.000380714
0 0.613668 0.745054 0.174551 0.137107 0.000347508
2 0.674385 0.660738 0.283894 0.32933 0.000344891
0 0.363319 0.765838 0.262277 0.146938 0.000341611
1 0.0916067 0.935767 0.183213 0.127416 0.000327567
0 0.152728 0.743655 0.269423 0.351558 0.000323091
0 0.163112 0.792036 0.299186 0.280923 0.000322677
0 0.685612 0.68586 0.208637 0.276241 0.000319131
1 0.094229 0.14618 0.188458 0.239052 0.000317913
0 0.882777 0.843874 0.188935 0.203084 0.00030598
0 0.861036 0.883443 0.277929 0.233113 0.000304358
2 0.481102 0.574038 0.63809 0.27508 0.000293632
0 0.339941 0.448444 0.260973 0.13797 0.000293237
0 0.856768 0.565174 0.138201 0.202339 0.000293217
0 0.985967 0.0318374 0.0280652 0.0636747 0.000288963
0 0.522003 0.763151 0.368525 0.118839 0.000288062
0 0.644823 0.849838 0.247501 0.0662395 0.000287571
0 0.782881 0.98699 0.382329 0.0260198 0.000286802
0 0.625069 0.727709 0.228686 0.172017 0.000283639
0 0.461747 0.406416 0.290027 0.0871047 0.00028348
0 0.211112 0.487667 0.232265 0.199064 0.000281888
0 0.907127 0.80315 0.18389 0.251558 0.000280913
0 0.941283 0.804674 0.109033 0.103591 0.000277955
2 0.0343743 0.0328519 0.0687485 0.0656448 0.000277762
0 0.757618 0.0924938 0.248007 0.180531 0.000277237
0 0.574 0.793129 0.266748 0.0541122 0.00027537
0 0.861117 0.800872 0.277766 0.310142 0.000274837
0 0.15811 0.571982 0.231003 0.337084 0.000274124
0 0.393898 0.456609 0.309999 0.175324 0.000273556
0 0.0647349 0.0173999 0.12947 0.0347997 0.000272928
0 0.917113 0.828522 0.13658 0.162026 0.000272807
0 0.994453 0.0476082 0.0110933 0.0952164 0.000272083
0 0.15724 0.686468 0.21428 0.318307 0.000271244
0 0.930561 0.697364 0.138878 0.239856 0.000270955
0 0.568658 0.420332 0.337047 0.14991 0.000270721
0 0.414928 0.412566 0.275773 0.117356 0.000269964
0 0.497719 0.82007 0.615203 0.0889199 0.000269677
0 0.909988 0.973827 0.180024 0.0523457 0.000268996
2 0.00131086 0.660516 0.00262173 0.24973 0.000268625
0 0.879308 0.437733 0.124096 0.0673459 0.000268394
0 0.518428 0.407742 0.273051 0.109903 0.000266893
0 0.929129 0.824886 0.133798 0.123251 0.000266765
2 0.137792 0.270868 0.256757 0.190495 0.000266636
0 0.711534 0.642345 0.200005 0.355827 0.00026653
0 0.237321 0.0571945 0.21524 0.111442 0.00026504
0 0.287373 0.0294704 0.276376 0.0589408 0.000264019
0 0.637936 0.700328 0.223541 0.233349 0.000262717
0 0.800196 0.021731 0.172921 0.0425995 0.000262531
0 0.857713 0.438908 0.125443 0.0599884 0.000262273
0 0.76269 0.0361267 0.234561 0.0705578 0.000262013
0 0.994388 0.102773 0.0112233 0.205545 0.000261895
0 0.743664 0.810957 0.170704 0.0525749 0.000261874
1 0.0445316 0.177581 0.0890631 0.167212 0.000261089
0 0.158503 0.529494 0.206457 0.301764 0.000260457
0 0.830367 0.598403 0.153918 0.125914 0.000260081
1 0.0361562 0.196488 0.0723124 0.177451 0.000257961
0 0.749458 0.0676725 0.235665 0.113886 0.000257572
0 0.693854 0.715952 0.194167 0.200169 0.00025733
0 0.150759 0.0605569 0.265141 0.119675 0.000257123
0 0.822452 0.594935 0.110576 0.127044 0.000255684
2 0.168556 0.878714 0.337112 0.225676 0.000255018
0 0.853144 0.461538 0.149829 0.120021 0.000254076
0 0.893901 0.453025 0.127775 0.0946599 0.000253922
0 0.743667 0.501123 0.319831 0.262891 0.000253869
0 0.128643 0.642274 0.23837 0.368096 0.000253715
0 0.888708 0.774715 0.222584 0.296603 0.000252771
2 0.0011819 0.714339 0.0023638 0.258449 0.000251722
0 0.255619 0.919621 0.459497 0.160757 0.000251608
2 0.00106202 0.413816 0.00212405 0.24374 0.000250823
0 0.789196 0.832451 0.182063 0.114585 0.000249834
2 0.000904419 0.607031 0.00180884 0.252607 0.000249376
0 0.202201 0.797655 0.394121 0.176304 0.000249339
0 0.292573 0.902507 0.406995 0.148325 0.000249217
0 0.878712 0.697234 0.242575 0.317379 0.000248984
1 0.132415 0.0636048 0.246718 0.125897 0.000248808
2 0.332484 0.32207 0.334898 0.316159 0.000248264
0 0.855199 0.835854 0.252336 0.182266 0.000247765
2 0.000887203 0.547741 0.00177441 0.272501 0.000247578
0 0.167916 0.622527 0.205398 0.311941 0.000247293
0 0.734404 0.0228334 0.297856 0.0456668 0.00024718
0 0.901177 0.954954 0.197646 0.0900927 0.000246993
0 0.434244 0.84486 0.324192 0.0563069 0.000246902
2 0.222483 0.0976899 0.204875 0.192072 0.000246464
0 0.580669 0.842536 0.405162 0.0712608 0.000246426
0 0.141995 0.0290875 0.258242 0.0581749 0.000244788
0 0.133412 0.319654 0.232163 0.158028 0.000244335
2 0.143886 0.910733 0.287771 0.178533 0.000243771
0 0.451112 0.832148 0.647322 0.0611026 0.000243678
0 0.177382 0.455639 0.239532 0.190415 0.000242626
0 0.876409 0.409208 0.170595 0.136686 0.000242285
0 0.9956 0.388151 0.0088006 0.162147 0.000241234
0 0.613589 0.820705 0.257584 0.0788431 0.000241231
0 0.364975 0.421038 0.238281 0.17155 0.000240776
0 0.81675 0.0949233 0.212054 0.188212 0.000240758
0 0.995476 0.415991 0.00904883 0.190922 0.000239887
2 0.748873 0.38043 0.239668 0.214717 0.000239386
0 0.285557 0.450964 0.196874 0.136809 0.000238884
0 0.927216 0.623481 0.145568 0.242547 0.000238884
0 0.126956 0.566992 0.220201 0.371476 0.000238289
0 0.216284 0.449599 0.202493 0.14689 0.000237245
0 0.142441 0.0863509 0.267379 0.171395 0.000237203
0 0.946517 0.744735 0.106965 0.236145 0.000236954
0 0.168412 0.655634 0.163619 0.288317 0.000236663
2 0.00621071 0.0728152 0.0124214 0.141552 0.000236615
0 0.238237 0.692129 0.156099 0.304921 0.000236506
0 0.544659 0.446774 0.286045 0.0883441 0.000234918
2 0.169619 0.135084 0.313963 0.240109 0.00023484
0 0.776227 0.766531 0.21957 0.169279 0.00023475
0 0.125748 0.524501 0.188395 0.305404 0.000234323
2 0.35421 0.285568 0.390224 0.275639 0.000233814
1 0.0388725 0.868846 0.0777451 0.262309 0.00023342
0 0.70128 0.824915 0.259456 0.074868 0.000232296
2 0.222891 0.909515 0.443894 0.18097 0.000232122
0 0.866692 0.952459 0.265982 0.0950824 0.000231748
0 0.434073 0.388846 0.26865 0.162595 0.000231664
0 0.410897 0.847607 0.336064 0.0713734 0.00023109
0 0.441444 0.833722 0.453709 0.0478802 0.000230996
0 0.84083 0.455776 0.200434 0.156049 0.000230885
2 0.000942709 0.758797 0.00188542 0.262589 0.000230883
0 0.342073 0.856791 0.490652 0.0867763 0.000230378
0 0.230494 0.0298421 0.262617 0.0594038 0.000230361
0 0.994923 0.547665 0.010153 0.183726 0.00023027
0 0.994726 0.470353 0.0105482 0.224901 0.000230035
0 0.750908 0.397023 0.232626 0.17163 0.000229974
2 0.743886 0.286182 0.23921 0.255265 0.000229727
2 0.513019 0.370059 0.349863 0.282134 0.000228619
0 0.251585 0.550062 0.209359 0.202935 0.000228173
0 0.329261 0.422896 0.24818 0.187105 0.000227542
2 0.00138257 0.495367 0.00276513 0.290269 0.00022748
0 0.790945 0.476334 0.294624 0.273753 0.000227353
2 0.449583 0.469993 0.371216 0.210778 0.000227214
0 0.846002 0.294708 0.229874 0.184237 0.000226784
2 0.745938 0.690232 0.267647 0.287768 0.000226605
2 0.000519068 0.866931 0.00103814 0.266138 0.00022657
2 0.476063 0.328101 0.308343 0.31507 0.000226089
0 0.91883 0.462523 0.0670761 0.0458055 0.000225905
0 0.994403 0.152973 0.0111938 0.264039 0.000225667
0 0.901849 0.717091 0.183853 0.265774 0.0002255
0 0.66975 0.819846 0.27539 0.0747467 0.000224852
2 0.311137 0.633952 0.191287 0.195624 0.00022471
2 0.223422 0.85757 0.446844 0.172137 0.000224649
0 0.995092 0.216737 0.00981659 0.20791 0.00022462
0 0.71618 0.986446 0.371848 0.0271082 0.00022387
