2 0.572014 0.539505 0.597322 0.92099 0.912831
2 0.935728 0.347929 0.126971 0.58536 0.152287
1 0.319114 0.0419418 0.146554 0.0820683 0.0318765
2 0.94244 0.437151 0.114841 0.683641 0.029142
2 0.955428 0.48411 0.0888885 0.805968 0.00856158
1 0.32661 0.0429521 0.155886 0.0859043 0.0043555
2 0.943363 0.358716 0.112956 0.462704 0.00336957
2 0.711435 0.157732 0.151578 0.158628 0.00309528
2 0.973801 0.623741 0.0523973 0.575577 0.00305414
2 0.690477 0.121063 0.153573 0.218743 0.00278067
2 0.744728 0.390346 0.24581 0.595625 0.00242798
2 0.911545 0.406154 0.176804 0.67149 0.00232975
0 0.979274 0.636479 0.0414518 0.0756881 0.00226062
0 0.984536 0.75156 0.0308445 0.453427 0.00220178
2 0.974549 0.717252 0.0509019 0.442275 0.00189029
2 0.729519 0.354947 0.31936 0.600379 0.00185745
0 0.977758 0.706103 0.0444834 0.387313 0.00178621
0 0.986645 0.869945 0.0266857 0.198088 0.00173232
2 0.827264 0.476924 0.344314 0.799302 0.00169135
2 0.667818 0.113616 0.141949 0.18254 0.00168801
0 0.991794 0.865485 0.0164124 0.089006 0.00166156
0 0.945408 0.353805 0.109184 0.509041 0.0016569
0 0.974616 0.648366 0.0507526 0.254 0.00162828
2 0.701868 0.50254 0.332853 0.815076 0.00161142
2 0.395547 0.54422 0.221298 0.893193 0.00160606
2 0.771919 0.484163 0.446615 0.864431 0.0016016
2 0.659192 0.0772676 0.195136 0.151515 0.00159094
1 0.733733 0.600792 0.26967 0.72108 0.00157225
2 0.607663 0.897067 0.308509 0.205866 0.00153485
2 0.227464 0.804092 0.450211 0.373116 0.00140215
2 0.603332 0.299095 0.701648 0.598191 0.001366
2 0.378223 0.760089 0.592515 0.441512 0.00135608
0 0.941456 0.269729 0.116179 0.303565 0.00134157
2 0.220712 0.921146 0.436398 0.157708 0.00130922
2 0.917636 0.177387 0.163141 0.354774 0.00129894
2 0.903685 0.218346 0.191473 0.436691 0.00127639
2 0.666357 0.369758 0.393336 0.607668 0.00126631
0 0.691349 0.681273 0.352332 0.598532 0.00126017
2 0.459078 0.513919 0.347191 0.861109 0.00125141
2 0.767443 0.304862 0.465115 0.609724 0.00122602
0 0.911244 0.814157 0.0207375 0.0379751 0.00120312
1 0.750205 0.726275 0.24865 0.470289 0.00119722
2 0.30924 0.794652 0.603612 0.390107 0.00119205
0 0.980625 0.650648 0.0387085 0.112081 0.00119113
2 0.939381 0.696011 0.116306 0.485598 0.00118441
2 0.322463 0.542458 0.384266 0.829913 0.00116902
2 0.634362 0.069282 0.172883 0.13614 0.00115993
2 0.867568 0.657575 0.252601 0.55775 0.0011573
1 0.356304 0.510136 0.559822 0.805429 0.00115039
2 0.0378941 0.36575 0.0757882 0.586345 0.00114282
0 0.987985 0.804353 0.0240309 0.307653 0.00113806
1 0.799927 0.501284 0.38655 0.871443 0.00112791
2 0.661013 0.225347 0.66327 0.450694 0.00112633
0 0.937701 0.224716 0.12319 0.293327 0.00112496
0 0.69948 0.783609 0.334502 0.401684 0.00109243
0 0.987362 0.872933 0.0252764 0.102279 0.00108001
2 0.970631 0.82952 0.0587375 0.340801 0.00106554
1 0.0682448 0.331906 0.13649 0.628555 0.00106422
1 0.556427 0.267699 0.682019 0.535399 0.00105975
2 0.0146347 0.438805 0.0292693 0.304404 0.00105132
2 0.367122 0.560553 0.160019 0.276428 0.00104553
1 0.49633 0.459602 0.446434 0.755055 0.00104334
1 0.302101 0.401009 0.604202 0.747999 0.0010202
2 0.795148 0.761599 0.218624 0.364395 0.00101643
2 0.597354 0.370595 0.597969 0.596295 0.00100668
2 0.473674 0.719331 0.392072 0.526292 0.000976576
0 0.991734 0.818019 0.0165326 0.171965 0.000964935
0 0.686483 0.545077 0.364709 0.865217 0.000959772
2 0.171286 0.820068 0.342572 0.336679 0.00095343
2 0.283547 0.915578 0.520174 0.168843 0.000952118
2 0.811845 0.849485 0.281971 0.280245 0.000949773
2 0.0986274 0.365485 0.197255 0.641253 0.00094906
2 0.117806 0.920624 0.235611 0.147383 0.000947498
2 0.874859 0.739345 0.24607 0.409883 0.000932912
2 0.851738 0.234409 0.294102 0.468818 0.000932763
2 0.687426 0.336254 0.574008 0.63651 0.00092731
2 0.355257 0.586933 0.288622 0.81603 0.000927144
2 0.762798 0.197202 0.474404 0.394403 0.000913118
2 0.869852 0.836058 0.260297 0.305999 0.000912142
2 0.816581 0.11625 0.366839 0.2325 0.000910513
2 0.0821538 0.404001 0.164308 0.534528 0.000897044
2 0.192474 0.375789 0.378921 0.665087 0.000895096
2 0.923676 0.800125 0.149522 0.379819 0.000894336
1 0.341063 0.614094 0.657864 0.754766 0.000892797
0 0.118056 0.305035 0.0385279 0.0635059 0.000892791
1 0.0886377 0.267414 0.177275 0.534828 0.000889084
2 0.221322 0.258271 0.442645 0.516543 0.00088611
2 0.108177 0.832296 0.216353 0.273945 0.00086331
2 0.167297 0.482368 0.322149 0.549639 0.00085616
1 0.0960397 0.358935 0.191498 0.615875 0.000850086
0 0.0154405 0.47371 0.0308811 0.339346 0.000848702
2 0.138884 0.329591 0.275332 0.639688 0.000846029
2 0.261966 0.336043 0.522702 0.666872 0.000841962
0 0.475571 0.107078 0.291747 0.201623 0.000827048
2 0.102319 0.670776 0.204638 0.441901 0.000825788
2 0.0418784 0.442142 0.0837499 0.412022 0.00082478
1 0.351719 0.0483957 0.210529 0.0955695 0.000823303
2 0.744451 0.83105 0.318762 0.32018 0.000821103
1 0.276882 0.0449491 0.228541 0.0876954 0.000814819
1 0.508514 0.196329 0.698461 0.392658 0.000807537
2 0.188095 0.608792 0.366698 0.681302 0.00080744
2 0.865359 0.107112 0.269282 0.214224 0.000804309
2 0.667358 0.0815646 0.650474 0.163129 0.000796961
0 0.91266 0.688079 0.142956 0.19056 0.000792887
1 0.395735 0.507435 0.287035 0.839252 0.000792643
2 0.0990625 0.212696 0.198125 0.425392 0.000786426
2 0.682744 0.156667 0.100241 0.152797 0.000780651
2 0.498909 0.900457 0.454491 0.199087 0.000774994
2 0.251638 0.656114 0.495831 0.652193 0.000773358
2 0.761027 0.101789 0.477946 0.203578 0.000772083
2 0.565073 0.752228 0.558563 0.483876 0.000763477
2 0.140222 0.692939 0.278954 0.578246 0.000757265
2 0.0135066 0.485564 0.026975 0.245603 0.000756115
2 0.405377 0.901129 0.537504 0.197743 0.000751286
2 0.132451 0.455687 0.260709 0.463852 0.000746161
2 0.0828273 0.466106 0.165655 0.373491 0.000745479
2 0.907583 0.948414 0.184834 0.103172 0.000742852
2 0.0929381 0.528875 0.185876 0.343106 0.000741499
2 0.341151 0.645099 0.668267 0.688397 0.000737176
1 0.59594 0.0979603 0.699426 0.195921 0.000727121
2 0.660854 0.776238 0.367513 0.433999 0.000726813
0 0.534472 0.275436 0.355404 0.363515 0.000724783
1 0.09919 0.203017 0.198055 0.405696 0.000723638
2 0.154284 0.247312 0.308567 0.494623 0.000723236
0 0.988324 0.745995 0.0233521 0.364592 0.000717869
2 0.61973 0.687324 0.513652 0.604415 0.000712551
0 0.68432 0.846024 0.329124 0.296698 0.000711636
2 0.831517 0.944302 0.297074 0.111397 0.000705406
2 0.75893 0.923819 0.37043 0.152362 0.000704695
1 0.0979804 0.132986 0.195961 0.265972 0.000701137
1 0.204411 0.128855 0.401835 0.257711 0.000693753
2 0.696107 0.895474 0.330225 0.209051 0.000692179
2 0.0587071 0.494062 0.11727 0.424826 0.000692156
2 0.467681 0.375685 0.660873 0.64901 0.000681795
2 0.30402 0.0373163 0.431751 0.0746325 0.000667418
0 0.561598 0.383134 0.560793 0.604462 0.000661487
2 0.0787582 0.622485 0.157426 0.48294 0.000650468
1 0.499915 0.073402 0.683751 0.146804 0.00064867
2 0.955581 0.895913 0.0888375 0.208174 0.000648332
1 0.0156935 0.516005 0.0313871 0.444076 0.000638613
1 0.45627 0.0509173 0.678276 0.101835 0.000637697
1 0.465557 0.141536 0.713297 0.283072 0.000628836
1 0.21415 0.0442837 0.428291 0.0885673 0.000624516
0 0.484923 0.648404 0.412667 0.682166 0.000620221
0 0.92902 0.21462 0.141843 0.376316 0.000614676
0 0.989623 0.831891 0.0207546 0.21075 0.000614351
2 0.417153 0.602492 0.430275 0.778765 0.00061375
2 0.337733 0.235263 0.577785 0.470525 0.000609308
2 0.157153 0.920635 0.314305 0.158731 0.000605807
2 0.689547 0.92663 0.13971 0.14674 0.000601074
2 0.90167 0.112561 0.19666 0.225123 0.000584821
1 0.176813 0.0631549 0.353626 0.12631 0.000582084
1 0.363632 0.0401993 0.225478 0.0803986 0.000575392
2 0.360603 0.609573 0.145806 0.174747 0.000571544
1 0.096255 0.0721003 0.19251 0.144201 0.000568859
0 0.991041 0.775455 0.0179171 0.205126 0.000564682
0 0.971279 0.586055 0.0574417 0.243392 0.000563974
2 0.0635137 0.434403 0.127027 0.329892 0.000560887
2 0.16455 0.918986 0.165056 0.13686 0.000556639
1 0.123927 0.0625615 0.247854 0.125123 0.000556213
2 0.448097 0.901694 0.19401 0.176923 0.000551611
1 0.0241542 0.504323 0.0483083 0.482906 0.000548683
2 0.239518 0.923195 0.318725 0.146999 0.000546552
2 0.212722 0.101315 0.415593 0.20263 0.000539781
2 0.0287035 0.4583 0.0574069 0.303753 0.000533532
0 0.691608 0.913571 0.136085 0.158889 0.00052996
1 0.396922 0.0385882 0.620532 0.0771764 0.000528154
2 0.970142 0.445348 0.0587845 0.203127 0.000521941
1 0.359155 0.0636139 0.241456 0.122845 0.000520159
0 0.958546 0.419665 0.081762 0.425143 0.00051855
1 0.486048 0.747631 0.417078 0.485844 0.00050789
0 0.0129854 0.496449 0.0259707 0.209727 0.000507242
0 0.0200082 0.416847 0.0400165 0.339913 0.000502157
2 0.461396 0.274343 0.714483 0.548686 0.000498939
0 0.970471 0.722279 0.0590575 0.429495 0.000495771
0 0.978253 0.598989 0.0434937 0.171742 0.000484745
2 0.453571 0.104169 0.242811 0.202137 0.000480222
2 0.461911 0.903335 0.340743 0.185426 0.000477593
2 0.530829 0.617606 0.497758 0.75351 0.000476217
2 0.408527 0.904267 0.263007 0.188528 0.000472225
2 0.742227 0.124821 0.26138 0.243046 0.000463902
2 0.515834 0.863319 0.279793 0.260848 0.000459746
0 0.89076 0.699858 0.0966282 0.150812 0.000459615
2 0.518074 0.695284 0.298031 0.242086 0.000454242
0 0.0525063 0.850588 0.104911 0.270105 0.000446186
2 0.454971 0.879333 0.16469 0.22319 0.000444897
0 0.935535 0.412141 0.125346 0.417 0.000443849
0 0.990863 0.721219 0.0182514 0.236542 0.000441939
2 0.457107 0.925188 0.163342 0.137757 0.000439262
0 0.980868 0.906986 0.0380917 0.186028 0.000437804
1 0.0573302 0.567811 0.11466 0.441274 0.000433533
2 0.0499166 0.617692 0.0997549 0.400394 0.000430111
2 0.725035 0.188435 0.158676 0.203256 0.000429682
0 0.944886 0.442133 0.105775 0.288086 0.000429143
0 0.970593 0.541708 0.0588149 0.418021 0.000425355
2 0.926602 0.14824 0.146796 0.283822 0.000424826
2 0.377978 0.623093 0.182945 0.168566 0.000418578
0 0.431556 0.12025 0.217892 0.190175 0.000418177
0 0.990231 0.875109 0.019537 0.117903 0.000417155
0 0.033272 0.915563 0.0659382 0.147332 0.000416973
2 0.524518 0.657855 0.304771 0.209067 0.000414644
2 0.693733 0.0504374 0.130259 0.100875 0.00041439
0 0.49444 0.993361 0.168261 0.0132784 0.000410956
1 0.407064 0.0994805 0.716402 0.198961 0.000409065
2 0.846879 0.143501 0.264195 0.276005 0.000407669
0 0.855648 0.914217 0.0293392 0.0565895 0.000405358
2 0.348309 0.587269 0.121995 0.237918 0.000403163
0 0.96782 0.480668 0.0641447 0.399039 0.000399444
0 0.721791 0.183879 0.163404 0.20547 0.000398551
2 0.738375 0.621959 0.261279 0.266949 0.000388732
2 0.35342 0.640609 0.132413 0.101966 0.000388035
0 0.968396 0.865077 0.0630043 0.19442 0.000385235
1 0.412872 0.00958881 0.193751 0.0191776 0.000384598
0 0.504741 0.989339 0.204174 0.021322 0.000382222
2 0.693867 0.0745674 0.15054 0.147332 0.000378684
1 0.265648 0.132331 0.266432 0.258098 0.000377677
1 0.267715 0.0745419 0.352085 0.149084 0.000376036
2 0.737034 0.0899115 0.233339 0.174231 0.000373583
2 0.628157 0.918151 0.272153 0.163699 0.000366363
2 0.672365 0.0626569 0.146535 0.125314 0.000366115
0 0.175985 0.991495 0.143284 0.017011 0.000366068
2 0.794893 0.486566 0.14172 0.37311 0.000365461
0 0.192365 0.987424 0.128787 0.0251514 0.000360485
2 0.720692 0.0454252 0.135709 0.0908503 0.000359203
2 0.970209 0.454843 0.0595828 0.366149 0.00035898
2 0.0150635 0.575616 0.0301269 0.453036 0.000358842
0 0.144494 0.722882 0.109618 0.0799307 0.000357422
0 0.641674 0.986676 0.243902 0.0266477 0.00035639
1 0.122853 0.847694 0.245705 0.277259 0.000354811
2 0.480798 0.842764 0.223921 0.2901 0.00035323
0 0.91975 0.469362 0.159341 0.343543 0.000350794
0 0.948046 0.805435 0.0936302 0.107554 0.000350331
0 0.23544 0.981198 0.268808 0.0376031 0.000348724
0 0.77857 0.995066 0.167884 0.00986707 0.000348521
2 0.341711 0.609 0.106413 0.156878 0.000347757
2 0.772423 0.34864 0.133079 0.194743 0.00034739
0 0.3004 0.990027 0.198889 0.0199467 0.000346625
2 0.0681445 0.913966 0.135946 0.151527 0.000345827
0 0.936261 0.634601 0.127478 0.169862 0.000343788
1 0.066291 0.693577 0.131828 0.366594 0.00034273
2 0.795532 0.531327 0.140038 0.184269 0.000340897
0 0.275459 0.420314 0.281322 0.442284 0.000340339
0 0.687686 0.841102 0.146766 0.317796 0.000340289
0 0.180798 0.711564 0.172743 0.157163 0.000337193
0 0.534686 0.244464 0.256077 0.30415 0.000336198
0 0.526149 0.244511 0.165935 0.311472 0.000334375
0 0.211454 0.975213 0.186176 0.0495745 0.000333933
1 0.100835 0.00247757 0.161462 0.00495514 0.000333834
0 0.269148 0.846758 0.265547 0.280615 0.000331391
0 0.68975 0.967264 0.137048 0.0654729 0.000331325
0 0.955771 0.476365 0.0884583 0.300486 0.000330918
0 0.46011 0.993329 0.171924 0.013343 0.000328023
0 0.892091 0.993548 0.137752 0.0129038 0.000327317
0 0.965518 0.799689 0.0689639 0.326662 0.000325891
0 0.286855 0.250131 0.312483 0.187062 0.000324566
0 0.251683 0.987612 0.268084 0.0247751 0.000324235
1 0.0711373 0.846324 0.142275 0.284352 0.000323113
0 0.336727 0.991124 0.170606 0.0177519 0.000321989
1 0.0452799 0.661301 0.0905597 0.462037 0.000319655
1 0.12954 0.00147224 0.132978 0.00294449 0.000319374
2 0.419795 0.669142 0.256655 0.272359 0.000318802
0 0.852379 0.911725 0.0244263 0.0472853 0.000318073
2 0.390424 0.110297 0.227318 0.213912 0.000317325
0 0.691463 0.870066 0.136273 0.2492 0.000315421
2 0.420026 0.52602 0.279388 0.367233 0.000312088
2 0.484978 0.00524012 0.14895 0.0104802 0.000311509
2 0.399171 0.551937 0.202648 0.35058 0.000311234
2 0.447432 0.330663 0.194725 0.282645 0.000310172
2 0.789339 0.555361 0.153136 0.134062 0.000308827
0 0.977973 0.874094 0.0440535 0.0968655 0.000307498
0 0.910947 0.995774 0.143254 0.00845135 0.000306803
0 0.113627 0.734163 0.168914 0.140901 0.00030547
0 0.963665 0.896987 0.0722919 0.174817 0.000304606
2 0.606762 0.18094 0.123803 0.178507 0.000304477
0 0.364911 0.683473 0.1603 0.159278 0.000303961
0 0.252079 0.116566 0.225998 0.226811 0.000303631
1 0.263078 0.0394448 0.197196 0.0788896 0.000303321
0 0.85942 0.236302 0.203872 0.402719 0.000301746
0 0.274531 0.483245 0.201449 0.334793 0.000301728
2 0.764442 0.0474277 0.143461 0.0948554 0.000301668
0 0.250279 0.715138 0.241711 0.35568 0.000301434
0 0.611706 0.898666 0.337775 0.190524 0.000301432
1 0.880663 0.00187568 0.16111 0.00375137 0.000301024
0 0.278048 0.512801 0.158085 0.272776 0.000299939
2 0.651396 0.664058 0.379061 0.235854 0.000299643
2 0.940432 0.0245851 0.119135 0.0491703 0.000299614
2 0.456312 0.643712 0.194528 0.17939 0.00029826
1 0.296437 0.0489853 0.175769 0.0979706 0.000298015
2 0.732359 0.423728 0.237795 0.375976 0.000297937
2 0.785259 0.0531207 0.147788 0.106241 0.000297075
0 0.823157 0.99444 0.153417 0.0111192 0.000296498
0 0.259589 0.607329 0.225857 0.371741 0.000296235
0 0.945206 0.584735 0.109589 0.138194 0.000295785
2 0.52706 0.00704479 0.134475 0.0140896 0.000294464
0 0.301608 0.512145 0.106256 0.238331 0.000294078
1 0.227475 0.0155849 0.155755 0.0311699 0.000294071
0 0.12893 0.869047 0.238765 0.232431 0.000294058
2 0.764121 0.550191 0.209964 0.161604 0.000293373
0 0.78144 0.355107 0.123287 0.192631 0.000292672
0 0.127938 0.99485 0.174729 0.0102994 0.000291776
