1 0.581416 0.62587 0.556948 0.566786 0.940845
0 0.121841 0.510704 0.0504309 0.0390765 0.00476076
0 0.0783721 0.467571 0.156744 0.11684 0.00383665
1 0.370301 0.897329 0.732905 0.205341 0.00156684
1 0.414872 0.921362 0.686873 0.157277 0.00135176
0 0.6337 0.557592 0.479493 0.42751 0.00125058
1 0.383608 0.941992 0.714715 0.11452 0.00120517
1 0.635091 0.568057 0.477901 0.464604 0.00119828
0 0.102891 0.485 0.0924204 0.09007 0.00117215
1 0.441751 0.872553 0.816542 0.254894 0.00117092
1 0.0733152 0.421159 0.14663 0.283679 0.00115327
1 0.167467 0.876041 0.334935 0.247919 0.00115209
1 0.501431 0.724127 0.719194 0.543866 0.00113861
1 0.632605 0.894671 0.498852 0.19236 0.00113123
1 0.209408 0.168053 0.397758 0.330118 0.0011277
1 0.505561 0.950749 0.608791 0.0966274 0.00112134
1 0.499827 0.928471 0.576844 0.143059 0.0011082
2 0.0580277 0.426465 0.116055 0.376133 0.00109593
1 0.537674 0.312349 0.888608 0.61536 0.00109078
1 0.566766 0.917254 0.512775 0.158635 0.00109061
1 0.0408253 0.754891 0.0816507 0.490218 0.00107657
1 0.0497934 0.394557 0.0995867 0.423203 0.00107422
1 0.241433 0.275681 0.391251 0.49922 0.00107324
1 0.107445 0.242215 0.21489 0.449748 0.00106466
1 0.0683661 0.479827 0.136732 0.497697 0.00105771
1 0.382795 0.842885 0.654416 0.311459 0.00103981
1 0.442319 0.809857 0.772508 0.380285 0.00103871
1 0.166785 0.108281 0.333571 0.215799 0.00103554
1 0.126391 0.191342 0.252782 0.377785 0.00103466
1 0.170588 0.932666 0.341175 0.134067 0.00102756
1 0.0596164 0.344876 0.119233 0.504912 0.00102599
1 0.175646 0.243171 0.34928 0.428706 0.00101782
1 0.351859 0.271268 0.574643 0.514403 0.00100344
1 0.076527 0.293535 0.153054 0.496549 0.000999327
1 0.0778429 0.855255 0.155686 0.289491 0.000998941
1 0.557309 0.737987 0.491297 0.345129 0.000996192
0 0.562353 0.674707 0.531447 0.485115 0.000994787
1 0.672925 0.864183 0.555101 0.258743 0.000988974
1 0.0534589 0.710455 0.106918 0.553375 0.000986396
2 0.482999 0.374996 0.823449 0.60859 0.000978907
1 0.299849 0.328002 0.540141 0.468417 0.00096104
1 0.144455 0.365209 0.275484 0.435803 0.000960516
2 0.617474 0.525595 0.550104 0.510646 0.000960304
1 0.116951 0.136755 0.233901 0.27351 0.000959771
1 0.613147 0.789308 0.584941 0.269327 0.000948839
1 0.0832036 0.599534 0.166407 0.575506 0.000947846
1 0.479381 0.474167 0.892061 0.493233 0.000947383
1 0.650794 0.719439 0.515165 0.464068 0.000939485
1 0.169516 0.310002 0.325888 0.437611 0.000938657
1 0.520154 0.211809 0.953315 0.42073 0.000934701
1 0.581978 0.513176 0.552501 0.340532 0.00093097
1 0.307521 0.930927 0.615041 0.137377 0.000901774
1 0.683689 0.818935 0.515633 0.312997 0.000899295
1 0.655231 0.950014 0.517813 0.0987525 0.000870363
1 0.151862 0.0638824 0.303725 0.127371 0.000868155
1 0.556511 0.526608 0.627122 0.439613 0.000860677
1 0.518055 0.396879 0.715026 0.519056 0.0008599
1 0.267249 0.201804 0.458297 0.401668 0.000852466
1 0.53947 0.720581 0.510563 0.46351 0.000851945
0 0.437472 0.122669 0.781475 0.245088 0.000849216
1 0.236119 0.850725 0.391803 0.287941 0.000846035
1 0.589198 0.799443 0.450841 0.219123 0.000833798
1 0.654921 0.199882 0.688328 0.397088 0.00082394
1 0.0997657 0.0756767 0.199531 0.151353 0.000820534
1 0.82594 0.880336 0.338787 0.234737 0.0008054
1 0.226085 0.0972247 0.400926 0.194268 0.000801859
1 0.880969 0.126445 0.238063 0.25289 0.000789766
1 0.229318 0.354862 0.384528 0.378258 0.00078631
2 0.944249 0.448777 0.111502 0.343902 0.000776798
1 0.138868 0.7873 0.271215 0.4254 0.000776374
0 0.929733 0.510576 0.140534 0.378064 0.000773794
1 0.294889 0.111045 0.567444 0.221737 0.000759139
2 0.956464 0.698798 0.0870712 0.543054 0.000759092
1 0.860271 0.187164 0.279458 0.369282 0.000755552
1 0.136905 0.917094 0.273809 0.165727 0.000754995
2 0.692523 0.588209 0.550983 0.517785 0.000748205
1 0.401662 0.439211 0.760124 0.401899 0.00074707
1 0.671866 0.310842 0.622432 0.621685 0.000746859
1 0.85071 0.857321 0.269951 0.270118 0.000737404
1 0.760136 0.129788 0.456875 0.259396 0.000736364
0 0.437005 0.0603245 0.722737 0.120383 0.000732826
2 0.94474 0.401975 0.110519 0.348679 0.000726728
1 0.128654 0.72418 0.244147 0.527263 0.000719674
0 0.656052 0.613504 0.578901 0.548114 0.000717571
0 0.629408 0.119029 0.729127 0.237858 0.000712754
0 0.383739 0.650255 0.543185 0.604081 0.000712675
1 0.10257 0.627757 0.19795 0.583911 0.000711027
2 0.964868 0.746056 0.070265 0.489651 0.000707196
1 0.343326 0.192524 0.665685 0.382309 0.000707107
1 0.290678 0.0599973 0.561667 0.119825 0.000696661
1 0.804442 0.649713 0.362344 0.604457 0.00069534
0 0.412414 0.0297198 0.772214 0.0594396 0.000682179
1 0.85623 0.075237 0.287541 0.150368 0.000673789
1 0.184622 0.0326835 0.369245 0.0643756 0.000668375
1 0.565305 0.0642099 0.726802 0.12842 0.000656804
1 0.298249 0.0309244 0.564549 0.0618488 0.000654947
1 0.535723 0.827481 0.511882 0.199089 0.000646081
1 0.279347 0.803832 0.456637 0.391711 0.000642747
1 0.426947 0.539759 0.798486 0.529207 0.0006422
2 0.753959 0.0326022 0.492081 0.0652043 0.000640339
2 0.938807 0.661615 0.122385 0.562761 0.000640247
1 0.136759 0.03647 0.273519 0.0707279 0.000638796
2 0.752269 0.544725 0.495462 0.544891 0.000635667
0 0.195197 0.630137 0.339144 0.57472 0.00063374
2 0.411976 0.583253 0.754112 0.556474 0.000627039
2 0.946361 0.228443 0.107279 0.372269 0.000624029
1 0.202199 0.399882 0.358009 0.294604 0.000623122
1 0.753486 0.935202 0.484937 0.128375 0.000621115
1 0.766248 0.0698003 0.444069 0.13949 0.000619451
2 0.933035 0.183936 0.13393 0.364049 0.000618937
0 0.0782611 0.405667 0.156522 0.2584 0.000618186
1 0.675643 0.0326976 0.648714 0.0650229 0.000617394
0 0.862451 0.805814 0.236841 0.363218 0.000614826
2 0.968952 0.820388 0.0620958 0.345441 0.00061408
1 0.939288 0.881679 0.121423 0.231634 0.000613027
0 0.963157 0.860005 0.0736871 0.271508 0.000610907
1 0.55231 0.0299786 0.830953 0.0599572 0.00060966
1 0.818165 0.0355256 0.363671 0.0701391 0.00060884
0 0.728128 0.560042 0.543744 0.482936 0.000603902
0 0.607191 0.0314494 0.785617 0.0626737 0.000601707
2 0.780017 0.640107 0.419511 0.588392 0.000594762
2 0.82118 0.476861 0.349321 0.497954 0.000588017
2 0.952974 0.29232 0.0940519 0.3647 0.000586748
0 0.224905 0.695864 0.362505 0.565743 0.000584344
1 0.146968 0.949762 0.293935 0.100477 0.000577445
1 0.843019 0.684623 0.271302 0.59995 0.000575082
1 0.920211 0.145873 0.159578 0.291746 0.000574877
0 0.555489 0.596648 0.666623 0.506946 0.000574711
1 0.831718 0.935251 0.336564 0.128423 0.000562735
0 0.744653 0.63307 0.499632 0.575011 0.000557902
0 0.93111 0.619438 0.13778 0.499445 0.000550922
1 0.879437 0.294221 0.231862 0.416201 0.000544762
0 0.868119 0.367488 0.249648 0.408166 0.000528761
1 0.884678 0.929421 0.230645 0.141158 0.000518026
1 0.852413 0.0518068 0.295175 0.102121 0.000506107
2 0.19883 0.540278 0.379357 0.569729 0.000491132
0 0.0770554 0.543095 0.154111 0.212947 0.000451478
0 0.0905888 0.480447 0.118423 0.1008 0.000433745
0 0.81088 0.0810406 0.37824 0.160202 0.000425352
0 0.567061 0.795272 0.324801 0.215881 0.000409696
2 0.398975 0.591453 0.174328 0.237656 0.000401117
0 0.190559 0.935322 0.381118 0.129357 0.000396553
2 0.598039 0.626115 0.535813 0.562532 0.000394122
0 0.736837 0.433244 0.203045 0.130429 0.000389588
0 0.282705 0.739273 0.384436 0.263949 0.000384112
0 0.672417 0.0615928 0.445947 0.121955 0.000382591
0 0.711134 0.809801 0.364068 0.211919 0.000370181
0 0.00958221 0.51735 0.0191644 0.271068 0.000358403
2 0.399726 0.546258 0.171292 0.284164 0.00034739
2 0.695986 0.6408 0.29461 0.385418 0.000347089
0 0.771159 0.0540065 0.457682 0.108013 0.000345935
0 0.39731 0.430236 0.132312 0.161874 0.000345693
1 0.211198 0.912084 0.422395 0.175832 0.000343862
0 0.203657 0.679717 0.384739 0.357429 0.000335974
0 0.398978 0.624554 0.181954 0.242833 0.000323619
1 0.512351 0.81716 0.346863 0.173295 0.000323553
2 0.391943 0.63029 0.17003 0.258788 0.00031984
0 0.698244 0.827321 0.402104 0.159028 0.00031904
0 0.415391 0.582673 0.20578 0.25364 0.000316389
0 0.758246 0.0899226 0.483508 0.179627 0.000314655
0 0.401208 0.634423 0.191077 0.175932 0.000311542
0 0.170947 0.079633 0.341894 0.156654 0.000311121
0 0.18009 0.953097 0.36018 0.0937781 0.000310856
0 0.326305 0.810011 0.448764 0.3545 0.000310149
0 0.51908 0.7795 0.295238 0.254045 0.000308985
0 0.21181 0.737526 0.265415 0.276973 0.000307118
0 0.327925 0.759655 0.480223 0.236868 0.000306782
0 0.862641 0.0939306 0.274718 0.185638 0.000306122
0 0.889654 0.986311 0.220692 0.027377 0.000303275
0 0.646101 0.0846676 0.443582 0.167411 0.000302552
2 0.46813 0.501679 0.30797 0.267992 0.000302068
0 0.244342 0.631266 0.354231 0.378755 0.000299908
0 0.509751 0.823186 0.410692 0.157694 0.000299494
0 0.767578 0.329906 0.464844 0.204842 0.000297373
0 0.585673 0.822915 0.312045 0.162977 0.000296715
0 0.383489 0.84179 0.448196 0.309544 0.00029575
0 0.0429791 0.493619 0.0859582 0.203993 0.000292403
0 0.758019 0.799021 0.363276 0.238146 0.000290713
2 0.679266 0.667036 0.206916 0.389012 0.000289599
2 0.429344 0.582101 0.230454 0.224997 0.000288961
0 0.221141 0.0686704 0.442282 0.136156 0.000283213
0 0.672742 0.352425 0.629299 0.25301 0.000282397
0 0.411858 0.659675 0.208192 0.147074 0.000282145
0 0.0964838 0.92841 0.192968 0.143179 0.000279715
0 0.229588 0.948114 0.459176 0.103419 0.000279398
2 0.672106 0.603719 0.332193 0.299599 0.000279007
0 0.307203 0.346209 0.514647 0.232842 0.000277347
0 0.178964 0.898729 0.357928 0.202542 0.000277231
0 0.13052 0.935833 0.26104 0.128335 0.000276858
0 0.484677 0.715567 0.15999 0.16882 0.000276172
0 0.281056 0.435754 0.464651 0.278848 0.000275997
2 0.439954 0.525354 0.249358 0.256793 0.000275582
0 0.503051 0.767177 0.155514 0.257134 0.000275046
0 0.0699594 0.57985 0.139919 0.216117 0.000273095
0 0.11661 0.456374 0.23207 0.191786 0.000272864
2 0.477494 0.360947 0.380841 0.215566 0.000272822
2 0.385986 0.844714 0.450442 0.267818 0.00027225
0 0.0138396 0.567104 0.0276791 0.223156 0.000271643
0 0.603453 0.916995 0.436052 0.108442 0.000271075
0 0.428516 0.83465 0.437513 0.256802 0.000269203
0 0.529366 0.835896 0.335954 0.136149 0.000268918
2 0.328056 0.838979 0.417669 0.319526 0.000268882
0 0.48812 0.803742 0.442035 0.208067 0.000268665
0 0.383421 0.784497 0.542994 0.284362 0.000268142
0 0.277443 0.39076 0.502119 0.263528 0.000267991
0 0.572138 0.0600902 0.447992 0.119023 0.000267979
0 0.890219 0.99334 0.0517388 0.0133199 0.000267087
0 0.458076 0.751795 0.272671 0.316305 0.000265171
2 0.553079 0.562172 0.558601 0.220004 0.000264822
0 0.653888 0.914813 0.492465 0.0879917 0.000264511
0 0.766815 0.846567 0.428804 0.196529 0.0002642
0 0.384365 0.738849 0.423339 0.230836 0.000263666
1 0.64822 0.733367 0.188204 0.323945 0.000263496
0 0.522225 0.769272 0.211625 0.279807 0.000262409
0 0.322165 0.384935 0.443902 0.179227 0.000259888
2 0.690587 0.556959 0.296147 0.204102 0.000259006
0 0.805385 0.328944 0.374561 0.236799 0.000258758
0 0.696198 0.757485 0.275895 0.328395 0.000258248
0 0.327815 0.500409 0.219691 0.327273 0.000255698
0 0.13749 0.556837 0.20164 0.229286 0.000255163
0 0.530747 0.359506 0.423366 0.210177 0.000255152
0 0.0965677 0.438656 0.193135 0.1926 0.000255091
0 0.27233 0.57483 0.40555 0.353671 0.000254838
0 0.849217 0.875353 0.300442 0.234957 0.000254228
0 0.399357 0.405956 0.138369 0.111374 0.000254006
0 0.165351 0.652136 0.314361 0.285374 0.000253898
0 0.769623 0.293341 0.460755 0.194558 0.000253569
2 0.809825 0.844523 0.379276 0.232829 0.000253538
0 0.844837 0.343911 0.310153 0.285205 0.000253071
0 0.194419 0.793585 0.286553 0.302093 0.000252998
0 0.320809 0.699918 0.335058 0.28828 0.000252553
0 0.458704 0.313588 0.406537 0.205579 0.000251456
0 0.705593 0.0501788 0.372319 0.100358 0.000249452
0 0.357944 0.337875 0.465214 0.198655 0.000249438
2 0.412809 0.896768 0.511523 0.206464 0.000247078
0 0.616621 0.833446 0.409414 0.139607 0.000244017
0 0.331717 0.429473 0.307974 0.17559 0.000243498
0 0.145259 0.718982 0.250335 0.22076 0.000243386
2 0.551708 0.472439 0.498029 0.235426 0.00024331
0 0.390514 0.909426 0.514991 0.181147 0.000242761
0 0.520777 0.320606 0.450458 0.245355 0.000241676
2 0.719325 0.659962 0.202835 0.41321 0.000240946
2 0.426412 0.865823 0.504103 0.192187 0.000240704
0 0.0900701 0.556571 0.160232 0.175541 0.00024048
0 0.200417 0.103136 0.400834 0.200897 0.000240112
0 0.57343 0.992346 0.0987006 0.0153082 0.000239297
0 0.68889 0.853907 0.366872 0.114633 0.000238975
0 0.324859 0.670813 0.243655 0.336617 0.000238218
0 0.0858829 0.902029 0.171766 0.195941 0.000238205
0 0.585792 0.0765644 0.381694 0.151212 0.000238073
0 0.696645 0.926562 0.430091 0.129138 0.000237982
0 0.975472 0.054255 0.0490567 0.10851 0.000237687
2 0.000849693 0.23537 0.00169939 0.294554 0.000236146
0 0.43684 0.697372 0.220872 0.133833 0.00023547
0 0.450235 0.0463613 0.300947 0.0927225 0.000234417
0 0.279515 0.104481 0.478797 0.202718 0.000233723
0 0.992999 0.256966 0.0140014 0.274332 0.000233364
0 0.220737 0.479646 0.322147 0.278301 0.000233165
2 0.485552 0.591292 0.35115 0.186709 0.000233057
2 0.0247139 0.0631306 0.0494279 0.126261 0.000233021
0 0.315232 0.622365 0.161715 0.332516 0.000233021
0 0.757268 0.393434 0.429551 0.142244 0.00023281
0 0.990431 0.155452 0.0191385 0.310904 0.000232594
0 0.867822 0.0526897 0.262988 0.103834 0.000232558
0 0.224274 0.56405 0.297251 0.324023 0.000232397
0 0.598429 0.953815 0.400988 0.092041 0.00023225
0 0.505553 0.0587716 0.329565 0.115526 0.000231487
0 0.0921656 0.957222 0.184331 0.0855566 0.000230725
0 0.557202 0.9187 0.420676 0.14792 0.000230594
0 0.677549 0.787933 0.284252 0.253083 0.000229197
0 0.267107 0.828162 0.394764 0.299879 0.000229028
0 0.567264 0.0406909 0.456473 0.0813818 0.000228971
0 0.606941 0.332866 0.55362 0.302415 0.000228776
0 0.143784 0.525974 0.158073 0.207268 0.000227388
0 0.644297 0.94357 0.466927 0.11286 0.000227144
0 0.464091 0.0656706 0.291209 0.129097 0.000227135
0 0.560694 0.852175 0.342784 0.10683 0.000226995
0 0.691249 0.117716 0.442217 0.201355 0.000226872
0 0.726494 0.888277 0.314562 0.0962877 0.00022637
0 0.991034 0.201462 0.0179321 0.30117 0.000226266
0 0.390663 0.0721031 0.408552 0.142649 0.000226033
0 0.00509166 0.595097 0.0101833 0.26014 0.000225917
2 0.715162 0.442568 0.245493 0.15533 0.000225755
0 0.335803 0.0863471 0.474967 0.171818 0.000225592
0 0.991474 0.600159 0.017052 0.289976 0.000225524
1 0.0969247 0.893544 0.193849 0.212912 0.000225417
1 0.669651 0.690258 0.188888 0.388367 0.000224264
2 0.50813 0.846946 0.399895 0.126438 0.000224254
0 0.384192 0.659431 0.17069 0.239703 0.000223441
0 0.990171 0.776017 0.0196589 0.284412 0.000223146
0 0.991691 0.875194 0.0166188 0.249611 0.000222348
0 0.701731 0.931912 0.318463 0.133433 0.000222262
0 0.992866 0.314039 0.0142682 0.245904 0.000222203
0 0.503784 0.0346896 0.3419 0.0693792 0.000221902
0 0.12351 0.0936392 0.247021 0.184574 0.000221418
0 0.179832 0.0566633 0.355467 0.112882 0.000221065
0 0.628843 0.0475497 0.44172 0.0950995 0.000220934
0 0.346913 0.0577979 0.418073 0.11439 0.000220309
0 0.259898 0.0470418 0.382098 0.0940837 0.000220266
0 0.990847 0.82475 0.0183057 0.280236 0.0002198
