2 0.565987 0.486756 0.229702 0.180157 0.956094
0 0.428084 0.357288 0.507243 0.265017 0.862592
2 0.551012 0.710202 0.152171 0.149118 0.791425
2 0.369437 0.752537 0.1291 0.090176 0.76396
0 0.798022 0.187729 0.203069 0.096915 0.759957
0 0.969276 0.268691 0.0614472 0.0767014 0.618071
2 0.396363 0.694883 0.175202 0.154553 0.199115
2 0.369602 0.713752 0.130533 0.168262 0.149271
2 0.520591 0.706607 0.213442 0.157937 0.126813
2 0.457693 0.703006 0.307063 0.172001 0.100205
0 0.590794 0.331535 0.21314 0.110487 0.0956774
2 0.390421 0.666398 0.158827 0.0958191 0.0223358
2 0.550518 0.688544 0.150827 0.104188 0.0216007
0 0.985517 0.250383 0.0285553 0.0380421 0.00968416
0 0.345691 0.349037 0.314557 0.249851 0.00735223
0 0.915552 0.481262 0.0271507 0.0237056 0.00672455
0 0.614395 0.326788 0.166556 0.0970304 0.00547395
2 0.475975 0.624958 0.36112 0.360337 0.00486833
0 0.247614 0.441201 0.135169 0.0963815 0.00392321
2 0.566069 0.418417 0.239832 0.32997 0.00316338
0 0.967682 0.274348 0.0645116 0.350405 0.00312971
0 0.667608 0.298381 0.0517147 0.0319091 0.00291095
0 0.281367 0.465774 0.0678447 0.0516973 0.00256594
0 0.913053 0.478259 0.0295593 0.0223301 0.0025531
0 0.98901 0.244005 0.021979 0.0310129 0.0024677
2 0.473853 0.777774 0.343702 0.340596 0.0024525
0 0.5023 0.28753 0.0502125 0.0364524 0.00226487
2 0.416044 0.731467 0.362243 0.238189 0.00217452
0 0.299353 0.353327 0.217653 0.254896 0.00216528
0 0.564341 0.319481 0.262328 0.219526 0.00206063
0 0.982946 0.272987 0.0341083 0.0914307 0.00205546
2 0.524952 0.602284 0.267335 0.408728 0.00201114
2 0.377696 0.657694 0.133869 0.0760003 0.00195448
0 0.601322 0.315514 0.162642 0.0737892 0.00193955
1 0.794328 0.323196 0.258909 0.377359 0.00181661
1 0.808741 0.377836 0.31295 0.390423 0.00181065
2 0.786966 0.193747 0.179434 0.0900824 0.00177251
2 0.890748 0.865763 0.21453 0.267065 0.00172002
2 0.632942 0.484295 0.367282 0.194271 0.0017172
2 0.106461 0.200979 0.212921 0.39538 0.00171577
0 0.79602 0.24448 0.20397 0.248538 0.00165052
0 0.840365 0.287525 0.281798 0.424341 0.00164918
1 0.830421 0.124602 0.311394 0.249203 0.00164035
1 0.893735 0.146119 0.21253 0.292238 0.00163116
2 0.803231 0.875924 0.353183 0.247789 0.001631
0 0.962376 0.346898 0.0752486 0.340119 0.00161844
2 0.958067 0.404254 0.0838665 0.310256 0.00161632
1 0.736262 0.378056 0.37499 0.383012 0.00157872
0 0.938959 0.176823 0.122081 0.28935 0.00153457
0 0.563518 0.399574 0.257525 0.368049 0.001522
0 0.421171 0.453926 0.491363 0.4629 0.00152125
1 0.671889 0.133485 0.531585 0.26697 0.00152025
0 0.948503 0.26726 0.102993 0.0758989 0.00149059
0 0.617546 0.308693 0.166945 0.0625393 0.00146668
0 0.248181 0.408076 0.141447 0.164685 0.00144182
2 0.781622 0.914011 0.416323 0.16997 0.00142409
1 0.602312 0.115964 0.611605 0.231927 0.00141817
1 0.835949 0.440741 0.29469 0.380017 0.00141459
0 0.451314 0.398148 0.480682 0.358442 0.00136995
0 0.827868 0.249814 0.277741 0.27947 0.00136366
1 0.797588 0.253407 0.213207 0.263088 0.00132168
2 0.436164 0.658101 0.535671 0.328035 0.00132162
2 0.956254 0.460948 0.0874912 0.283494 0.00131386
2 0.916585 0.824293 0.151805 0.348565 0.00130397
2 0.103029 0.836019 0.206057 0.327961 0.00129687
0 0.803963 0.132867 0.213246 0.252141 0.00129407
2 0.899134 0.604325 0.181853 0.330698 0.00128738
2 0.0651228 0.192901 0.130246 0.384846 0.00127395
2 0.874769 0.808001 0.214643 0.382522 0.00126523
2 0.142067 0.152723 0.28392 0.305446 0.00125094
0 0.164587 0.0882052 0.329175 0.17641 0.00122988
2 0.735743 0.602878 0.51935 0.395121 0.00122316
0 0.869439 0.333091 0.24524 0.416552 0.00121268
2 0.111753 0.882471 0.223507 0.235058 0.00121246
2 0.788567 0.776246 0.32834 0.351776 0.00120908
2 0.904989 0.773548 0.159851 0.37129 0.00120377
2 0.512542 0.767658 0.24543 0.290739 0.0011832
1 0.721011 0.437716 0.430461 0.35472 0.00118085
2 0.848915 0.733401 0.245828 0.36624 0.00117686
2 0.108271 0.375694 0.214539 0.392938 0.00117137
2 0.108146 0.743176 0.216292 0.431146 0.00117117
2 0.278615 0.70853 0.358294 0.298815 0.00116217
2 0.0394119 0.778809 0.0788151 0.426792 0.00115746
2 0.956978 0.522841 0.0860436 0.263185 0.00115588
1 0.459578 0.606241 0.595876 0.392076 0.00115199
2 0.957801 0.587666 0.084399 0.290217 0.00114084
2 0.19443 0.262981 0.387359 0.482565 0.00112954
1 0.654692 0.641806 0.413723 0.407991 0.00112697
1 0.468278 0.138372 0.74818 0.276743 0.00110078
2 0.915033 0.406227 0.153605 0.405214 0.0010978
2 0.281564 0.768746 0.371079 0.329979 0.00109254
0 0.826964 0.195011 0.268323 0.143154 0.00109222
0 0.454731 0.305859 0.591329 0.492836 0.00109161
2 0.958664 0.646794 0.0826729 0.335851 0.00109068
2 0.846321 0.618386 0.29509 0.372512 0.00108996
2 0.0497367 0.335516 0.0994735 0.478603 0.00107605
1 0.710501 0.171328 0.405093 0.33679 0.00107199
1 0.848447 0.496991 0.290172 0.356252 0.00107043
0 0.686173 0.330358 0.42761 0.354437 0.0010698
0 0.116951 0.0927424 0.233902 0.185485 0.00106335
2 0.607453 0.185662 0.523017 0.370166 0.00105733
2 0.670134 0.501445 0.444896 0.261527 0.00105721
0 0.216191 0.0784648 0.432381 0.15693 0.00105604
2 0.072008 0.147051 0.143314 0.294102 0.00105342
2 0.964806 0.759502 0.0703875 0.331626 0.00103585
2 0.833641 0.13733 0.283858 0.274661 0.00103555
2 0.0454207 0.701077 0.0908414 0.455726 0.00103127
2 0.900921 0.538535 0.180219 0.31527 0.00102621
2 0.150517 0.84672 0.283117 0.297663 0.00102146
2 0.593978 0.801415 0.316706 0.363233 0.00101672
1 0.650578 0.722249 0.435925 0.237797 0.001013
2 0.966285 0.834639 0.0674293 0.315919 0.00100842
2 0.905185 0.469586 0.17452 0.359792 0.000998487
1 0.264594 0.0778983 0.501266 0.155797 0.000996907
2 0.353458 0.751456 0.0881083 0.0892885 0.000996613
1 0.826155 0.0294625 0.34769 0.058925 0.000994707
2 0.961808 0.706726 0.0763832 0.322113 0.000994675
2 0.531847 0.211171 0.648776 0.422341 0.00099394
2 0.313692 0.659102 0.435337 0.323358 0.000992356
1 0.710385 0.521051 0.517436 0.286205 0.000990462
1 0.852505 0.554201 0.277187 0.330609 0.000987629
2 0.0398445 0.58278 0.0790788 0.452371 0.000978253
0 0.977553 0.277547 0.0448937 0.0643351 0.000976921
0 0.206307 0.448467 0.0539802 0.0471009 0.000973375
2 0.204199 0.159004 0.408399 0.318008 0.000972364
2 0.698016 0.926575 0.388899 0.145047 0.000966308
2 0.158917 0.928091 0.317835 0.143818 0.00096569
2 0.149246 0.740433 0.273164 0.386611 0.00096144
2 0.40962 0.820099 0.369961 0.357849 0.000960686
2 0.7123 0.874791 0.350142 0.24347 0.000956206
2 0.914926 0.879058 0.166838 0.241423 0.000954637
0 0.967799 0.330524 0.0644014 0.224954 0.000951312
2 0.0419464 0.425609 0.0827817 0.430146 0.000950464
1 0.311476 0.0969441 0.60561 0.193888 0.000937983
2 0.128178 0.93751 0.256356 0.123952 0.000937491
2 0.106217 0.632995 0.212435 0.399557 0.000931434
0 0.783541 0.488395 0.0234857 0.0189934 0.000928603
2 0.747174 0.683129 0.426441 0.365332 0.000926458
1 0.722631 0.26307 0.368906 0.286646 0.000918905
2 0.15605 0.678882 0.281409 0.354985 0.000916596
1 0.262761 0.188384 0.499025 0.376769 0.000909632
0 0.487914 0.290165 0.0843093 0.0392546 0.000904533
2 0.640625 0.230309 0.454592 0.318445 0.00089972
2 0.273576 0.838984 0.354106 0.308055 0.000889065
2 0.421054 0.614603 0.609204 0.344196 0.000867215
1 0.86177 0.042816 0.27646 0.085632 0.000856164
0 0.766384 0.194234 0.140204 0.0900108 0.00085587
2 0.0558625 0.850435 0.111725 0.2945 0.000850601
0 0.858764 0.152492 0.0535177 0.0263973 0.000849797
2 0.646274 0.438523 0.413458 0.302189 0.000846907
2 0.702124 0.823037 0.418897 0.331046 0.000845242
0 0.832624 0.183515 0.135672 0.0909245 0.00084189
2 0.566789 0.710023 0.253327 0.17958 0.000838937
2 0.475232 0.616479 0.61923 0.44535 0.000837149
2 0.234592 0.883278 0.315567 0.233444 0.000831458
2 0.489307 0.849094 0.336746 0.301813 0.000829691
0 0.334747 0.284104 0.114447 0.122245 0.000826016
1 0.0875698 0.0954397 0.17514 0.190879 0.000812592
2 0.665683 0.77066 0.461405 0.300616 0.000807837
2 0.296506 0.210136 0.593012 0.41912 0.000799214
2 0.961221 0.884369 0.0775576 0.231262 0.000792276
0 0.859928 0.156757 0.0570437 0.0375545 0.000788043
2 0.615662 0.867004 0.317054 0.260641 0.000785713
2 0.21266 0.917805 0.3915 0.164391 0.000784809
1 0.797844 0.196814 0.203028 0.124004 0.000780342
0 0.29809 0.303342 0.1877 0.154629 0.000778625
2 0.609418 0.92565 0.406857 0.147943 0.00077725
0 0.252211 0.372286 0.150152 0.239279 0.000775901
0 0.33971 0.269578 0.0999819 0.0900146 0.000773097
1 0.396422 0.226267 0.681499 0.452534 0.000772424
2 0.591728 0.290556 0.371905 0.359271 0.000770104
0 0.626488 0.0255732 0.617995 0.0511464 0.000769022
2 0.10293 0.43704 0.202765 0.367326 0.000768762
0 0.449015 0.974995 0.421808 0.050009 0.000768105
2 0.345372 0.874796 0.325205 0.250407 0.000767845
0 0.26518 0.377521 0.492423 0.327269 0.000762203
0 0.305149 0.0253278 0.559212 0.0506556 0.000752834
1 0.273592 0.350248 0.536082 0.376468 0.0007372
0 0.581937 0.328517 0.131701 0.103546 0.000736112
1 0.687218 0.0252257 0.577947 0.0504514 0.000735624
2 0.373676 0.283442 0.734561 0.534386 0.000732491
0 0.212881 0.0262419 0.425763 0.0524838 0.000729849
2 0.540482 0.853678 0.278323 0.273883 0.000724429
0 0.734431 0.0253046 0.531138 0.0506093 0.000721628
0 0.883368 0.366347 0.0255035 0.0182636 0.000708126
1 0.728886 0.216666 0.36187 0.183428 0.000702493
2 0.306528 0.920814 0.379138 0.158372 0.000701739
2 0.108443 0.503431 0.214394 0.394875 0.000700099
2 0.200595 0.632809 0.359669 0.35325 0.000694566
2 0.0952754 0.924833 0.190551 0.1419 0.000692341
2 0.527189 0.92506 0.424782 0.14988 0.000676564
0 0.0330393 0.864473 0.0650236 0.0905369 0.000676455
0 0.499448 0.29316 0.0621987 0.0449819 0.000676097
0 0.968886 0.259055 0.0622287 0.0540864 0.000675931
0 0.347467 0.244685 0.0854712 0.0353812 0.000670089
2 0.633043 0.971229 0.434445 0.0572133 0.000664141
0 0.42614 0.025753 0.687348 0.0515061 0.000658552
0 0.555709 0.973406 0.460839 0.0531876 0.000656696
2 0.713379 0.969375 0.420365 0.0602734 0.00065607
0 0.485908 0.299619 0.0893534 0.055828 0.000647354
0 0.247606 0.309646 0.0793147 0.0686624 0.000646526
0 0.326862 0.97419 0.434625 0.05162 0.000646134
0 0.9664 0.378537 0.0665367 0.143159 0.000642558
2 0.935247 0.911824 0.129506 0.176352 0.000634733
2 0.408534 0.86423 0.297935 0.267868 0.000633707
0 0.593276 0.314732 0.111214 0.0728576 0.000632058
2 0.903952 0.947821 0.192096 0.104359 0.000614907
2 0.367093 0.926828 0.397554 0.146344 0.000611969
0 0.236031 0.296565 0.0729963 0.0579614 0.00060847
1 0.124421 0.0325126 0.248843 0.0650031 0.000605049
1 0.150518 0.968227 0.301035 0.0635462 0.000579171
0 0.861629 0.163998 0.0717239 0.0510586 0.000567962
0 0.042402 0.857183 0.0819363 0.0811306 0.000564829
0 0.217106 0.280367 0.0338532 0.024724 0.00055956
0 0.632959 0.3046 0.131433 0.0479662 0.000556859
2 0.243915 0.973436 0.438901 0.0528395 0.000556324
2 0.123389 0.96265 0.246778 0.0747001 0.000533172
0 0.861004 0.957786 0.277993 0.0843662 0.000531805
2 0.384364 0.759029 0.0920093 0.076088 0.000529886
2 0.318449 0.55187 0.565471 0.44427 0.000524956
0 0.537961 0.338849 0.348187 0.125406 0.000517159
0 0.780015 0.491219 0.0218219 0.0169798 0.000514971
0 0.92239 0.479804 0.0648107 0.0421296 0.000511846
0 0.220825 0.283143 0.0425776 0.0306699 0.000511101
0 0.0217031 0.902557 0.0427842 0.170678 0.000510783
2 0.362051 0.675617 0.104225 0.112981 0.000502147
2 0.568805 0.444774 0.221081 0.0959018 0.0004878
0 0.343118 0.257348 0.0903013 0.0626101 0.000486547
0 0.450595 0.290611 0.0359423 0.0293324 0.000480578
0 0.338406 0.463203 0.604849 0.356377 0.000462262
0 0.913066 0.481946 0.03436 0.0294184 0.000458345
0 0.940012 0.383517 0.119977 0.119516 0.000453592
2 0.55196 0.522122 0.246034 0.257201 0.000449186
2 0.337711 0.746906 0.185369 0.102328 0.000441583
0 0.245757 0.462162 0.138932 0.057733 0.000441403
0 0.50005 0.32482 0.056582 0.117612 0.000437867
0 0.322296 0.293999 0.146638 0.133288 0.00043669
2 0.550903 0.66748 0.149987 0.0654116 0.000436289
0 0.457581 0.352117 0.50799 0.192312 0.000426145
0 0.974347 0.0276982 0.0505783 0.051164 0.000411858
2 0.408062 0.729234 0.219348 0.128784 0.000403619
0 0.0428928 0.896693 0.0839619 0.175233 0.000395469
2 0.524896 0.486586 0.143776 0.176897 0.000388848
0 0.419294 0.274176 0.221928 0.0955033 0.000387503
0 0.236999 0.429208 0.119895 0.111303 0.00038503
0 0.877984 0.170048 0.0353859 0.0407794 0.000381934
0 0.0130416 0.254848 0.0260831 0.181457 0.000381493
0 0.0129457 0.366469 0.0258914 0.151937 0.000374291
0 0.0136747 0.488548 0.0273493 0.151196 0.000369777
0 0.970781 0.213495 0.0584385 0.287689 0.00036216
0 0.0141739 0.515438 0.0283479 0.148273 0.000358886
0 0.0133155 0.441052 0.0266309 0.147672 0.00035439
0 0.666704 0.302894 0.0575848 0.0419843 0.000352888
0 0.342515 0.238462 0.0392531 0.0240015 0.000350288
0 0.902372 0.482592 0.0679329 0.0344515 0.000348042
0 0.883183 0.376417 0.0309657 0.0383077 0.000341345
0 0.59579 0.303573 0.0796099 0.0484387 0.000336364
2 0.0135493 0.770816 0.0270986 0.161343 0.000329435
0 0.437254 0.37269 0.614225 0.356158 0.000328368
0 0.0142621 0.546199 0.0285243 0.121621 0.000326871
0 0.514955 0.363259 0.400932 0.172758 0.000324361
0 0.0130186 0.63729 0.0260371 0.132434 0.000319709
0 0.224199 0.296845 0.0502469 0.0581884 0.000316786
0 0.545911 0.439471 0.161143 0.080432 0.000315544
0 0.0126679 0.328322 0.0253358 0.180572 0.000314922
0 0.214375 0.277497 0.0300967 0.0222332 0.000313221
0 0.0130607 0.201567 0.0261215 0.189922 0.000309378
2 0.565246 0.0378095 0.287464 0.0704355 0.000298671
0 0.970235 0.42695 0.0592374 0.170069 0.000297885
0 0.276225 0.813623 0.0918808 0.064984 0.000296756
0 0.845665 0.624907 0.0397634 0.0372053 0.00029662
2 0.140792 0.0357917 0.277502 0.0679494 0.000295949
0 0.954655 0.964523 0.0906893 0.070953 0.00029404
0 0.961685 0.943211 0.0760577 0.113578 0.000291911
0 0.934938 0.867289 0.128547 0.129541 0.000290885
2 0.611267 0.0347703 0.326464 0.0637988 0.000290423
0 0.964312 0.0289733 0.0713751 0.0579467 0.000288549
0 0.0139365 0.576881 0.0278731 0.144728 0.000287847
0 0.032029 0.0460131 0.0640581 0.0907425 0.000284852
0 0.0277836 0.820748 0.0553586 0.197637 0.000283678
0 0.967955 0.528235 0.0628057 0.175967 0.000282045
0 0.970304 0.464499 0.0593916 0.131754 0.000281221
0 0.418022 0.2612 0.242023 0.0780805 0.000278642
2 0.561646 0.427141 0.1168 0.0555245 0.000278395
2 0.524278 0.0353079 0.223237 0.0656632 0.000274897
0 0.666252 0.985897 0.236767 0.0282053 0.000274652
0 0.0225367 0.947921 0.0441051 0.0999256 0.000272282
0 0.457908 0.292721 0.0530354 0.034611 0.000271836
0 0.923789 0.973242 0.152421 0.0523588 0.000271183
2 0.683689 0.0369188 0.353378 0.0659494 0.000270477
2 0.843757 0.810059 0.0643946 0.076624 0.000270056
0 0.476937 0.316846 0.373887 0.16173 0.000266037
2 0.0133179 0.723833 0.0266358 0.179532 0.000265929
2 0.015937 0.801883 0.031874 0.193396 0.000264913
0 0.0253856 0.930324 0.050683 0.132598 0.000260729
0 0.615396 0.324907 0.167796 0.167709 0.000258651
0 0.935375 0.375328 0.126846 0.0602677 0.000258228
0 0.963015 0.910136 0.0725784 0.179729 0.000257647
0 0.0132275 0.671297 0.0264549 0.172957 0.000257526
2 0.202333 0.0300011 0.279558 0.0549621 0.000257525
