1 0.497824 0.462746 0.140669 0.26331 0.970407
2 0.00901636 0.0791903 0.0180327 0.158381 0.00715855
2 0.0118683 0.0815319 0.0237366 0.163064 0.00439369
2 0.0144751 0.0759996 0.0289502 0.151999 0.00303778
1 0.423645 0.461496 0.306007 0.278565 0.00209584
2 0.842836 0.725566 0.314328 0.469144 0.00160289
2 0.828662 0.779331 0.342677 0.353622 0.00157177
2 0.0447903 0.0814187 0.0895806 0.162837 0.00153779
1 0.388971 0.355442 0.525963 0.646661 0.00146227
1 0.535359 0.456622 0.233403 0.271767 0.00143522
2 0.393452 0.495983 0.433698 0.395113 0.0012863
1 0.908201 0.746937 0.183597 0.411266 0.001263
2 0.0204114 0.0772177 0.0408228 0.154435 0.00125721
2 0.761949 0.31381 0.467075 0.487112 0.00123416
1 0.815852 0.827614 0.368296 0.29638 0.00114481
2 0.702988 0.249653 0.538597 0.481749 0.00114111
2 0.914564 0.698587 0.170871 0.514293 0.001123
2 0.35986 0.341573 0.590173 0.643479 0.00108133
2 0.0162678 0.0763867 0.0325356 0.152773 0.00107518
2 0.833114 0.604731 0.333773 0.630026 0.00107132
2 0.791072 0.424885 0.396624 0.464997 0.00105666
1 0.888274 0.78469 0.223453 0.355909 0.00104553
2 0.813916 0.446956 0.372167 0.588303 0.00102654
2 0.0345348 0.104562 0.0687399 0.209123 0.00102579
2 0.0782512 0.164834 0.156352 0.329669 0.00102241
2 0.384019 0.446887 0.524033 0.408221 0.00101474
1 0.496222 0.517115 0.154712 0.405161 0.00100147
2 0.077456 0.109778 0.154912 0.219557 0.000978432
2 0.378355 0.225215 0.509546 0.377264 0.000976497
2 0.446204 0.604817 0.280077 0.544979 0.00095745
2 0.0897923 0.0609806 0.179585 0.121961 0.000946987
2 0.104844 0.222902 0.209688 0.445805 0.000944205
2 0.378995 0.533009 0.592842 0.639891 0.000940819
1 0.560708 0.566249 0.294598 0.544673 0.000937393
1 0.783861 0.914781 0.432266 0.170438 0.00093393
1 0.593971 0.501986 0.345872 0.408423 0.000925309
2 0.493408 0.60592 0.212574 0.493373 0.000925131
1 0.6455 0.171936 0.622151 0.343873 0.000924847
1 0.915781 0.634036 0.168437 0.650934 0.000924603
2 0.79299 0.836335 0.398053 0.32733 0.000916887
1 0.107722 0.16504 0.215445 0.33008 0.000911955
2 0.0715891 0.274547 0.143088 0.497734 0.000907688
2 0.105678 0.758812 0.202667 0.434005 0.000900228
1 0.62001 0.241171 0.659646 0.482342 0.000898107
0 0.691628 0.968845 0.412386 0.0623094 0.000897631
2 0.319768 0.2265 0.599813 0.452999 0.000888195
2 0.672096 0.362907 0.474805 0.559685 0.000883828
2 0.0664771 0.0801559 0.132954 0.160312 0.000882976
1 0.0989792 0.610573 0.195365 0.739636 0.000879965
1 0.762072 0.238385 0.475855 0.476771 0.000878831
1 0.0486437 0.720189 0.0972875 0.516184 0.000877673
2 0.734025 0.442404 0.380024 0.481844 0.000875998
2 0.156703 0.754814 0.22187 0.446353 0.000870335
1 0.100656 0.274132 0.201312 0.492203 0.000866558
0 0.593993 0.969051 0.424593 0.0618981 0.000863497
1 0.0384339 0.661758 0.0768678 0.650971 0.000853198
2 0.733708 0.575504 0.362529 0.525788 0.000846696
1 0.210009 0.143333 0.41839 0.286666 0.00084553
2 0.727544 0.917484 0.476161 0.165032 0.000843768
1 0.82397 0.895391 0.35206 0.209217 0.00084073
2 0.579528 0.917464 0.453728 0.165073 0.00084038
2 0.0572334 0.337572 0.114039 0.526953 0.000839302
2 0.686406 0.13458 0.580835 0.269161 0.000835801
2 0.21465 0.235978 0.417989 0.471956 0.000834229
1 0.0982346 0.386404 0.196469 0.626859 0.000832911
1 0.610218 0.115929 0.652556 0.231859 0.00083248
2 0.181508 0.19831 0.358276 0.396619 0.000830541
1 0.0755677 0.391202 0.151135 0.565054 0.000828621
2 0.364346 0.15839 0.551395 0.31678 0.000822582
2 0.640247 0.304528 0.57812 0.58642 0.000821477
1 0.0926516 0.786386 0.185303 0.387645 0.000819074
1 0.801137 0.00280974 0.187572 0.00561948 0.000817064
1 0.381573 0.118198 0.608317 0.236396 0.000813579
0 0.778931 0.969431 0.427268 0.0611371 0.000812978
2 0.436039 0.294784 0.48266 0.541004 0.000807787
0 0.341453 0.9674 0.361987 0.0652004 0.000802847
1 0.909968 0.521053 0.180064 0.776398 0.000792529
1 0.0706284 0.759569 0.140898 0.4267 0.00079121
2 0.66072 0.559396 0.364698 0.50796 0.000789032
1 0.722958 0.133494 0.526339 0.266987 0.000782641
1 0.882564 0.314424 0.234871 0.581697 0.000782424
1 0.0791921 0.686872 0.158384 0.599513 0.000780571
1 0.936801 0.732954 0.122346 0.450539 0.000779303
2 0.320158 0.910975 0.371403 0.178049 0.000779048
0 0.447898 0.966028 0.3977 0.0679438 0.000778017
2 0.455932 0.685605 0.28798 0.52655 0.000776141
1 0.0787374 0.520007 0.157475 0.70551 0.000770727
2 0.221702 0.90624 0.317404 0.187519 0.000769352
2 0.487758 0.91794 0.405577 0.164119 0.000766683
2 0.0102615 0.105762 0.020523 0.211524 0.000764312
2 0.820854 0.0036887 0.192072 0.00737739 0.000761214
1 0.313162 0.137807 0.595112 0.275615 0.000760782
1 0.141055 0.126809 0.28211 0.253618 0.000759826
1 0.292153 0.191028 0.580164 0.382057 0.000759393
1 0.0956829 0.104709 0.190935 0.209418 0.000759016
2 0.135771 0.27275 0.268356 0.512622 0.000757015
0 0.993277 0.146418 0.0131702 0.181264 0.000748002
1 0.0534588 0.554699 0.106836 0.700236 0.000744298
2 0.416484 0.63455 0.387992 0.572196 0.000740844
1 0.0567879 0.43355 0.113145 0.612017 0.000740757
2 0.765514 0.717623 0.355981 0.492989 0.000739751
2 0.670777 0.437356 0.372507 0.49002 0.000733658
1 0.597981 0.459463 0.298894 0.367038 0.00073185
1 0.940695 0.309014 0.11516 0.539982 0.000730755
2 0.615873 0.823964 0.408486 0.352071 0.000730151
1 0.975394 0.298785 0.0492126 0.496296 0.000729533
1 0.720281 0.0929395 0.510701 0.185879 0.000726213
2 0.504181 0.776399 0.296968 0.421995 0.000725617
1 0.848723 0.2591 0.302554 0.518199 0.00072393
2 0.166577 0.901892 0.322004 0.196216 0.000723821
1 0.941551 0.470153 0.113334 0.684881 0.000722921
1 0.804845 0.970713 0.390309 0.0585739 0.00072051
2 0.14019 0.603144 0.25751 0.759208 0.000719934
2 0.116892 0.0420834 0.233784 0.0841668 0.000716126
1 0.936251 0.611781 0.123566 0.655152 0.000710849
1 0.103731 0.923842 0.207463 0.136861 0.000708645
2 0.481708 0.00158541 0.196508 0.00317081 0.000704741
1 0.903403 0.197505 0.189739 0.395009 0.000703986
2 0.719542 0.82677 0.427876 0.346461 0.000700225
2 0.222785 0.809049 0.231824 0.360268 0.000698089
1 0.128637 0.913353 0.257275 0.173295 0.000697776
1 0.482086 0.341367 0.422086 0.58789 0.000689863
2 0.7649 0.00154387 0.200352 0.00308775 0.000688201
1 0.613863 0.595681 0.384508 0.578492 0.000684919
1 0.807909 0.177861 0.381485 0.355723 0.000684739
1 0.0896907 0.901457 0.179381 0.172676 0.000680736
2 0.136596 0.38536 0.26538 0.652612 0.000672935
1 0.504337 0.241442 0.594433 0.482885 0.000669379
2 0.988332 0.135836 0.0230577 0.266437 0.000660321
1 0.796006 0.0270983 0.407988 0.0541965 0.000659961
1 0.853043 0.135561 0.290339 0.271122 0.000658309
2 0.245129 0.96529 0.338675 0.0694194 0.000656062
1 0.793919 0.118986 0.409066 0.237972 0.000655453
2 0.509918 0.823892 0.355711 0.352215 0.00065468
1 0.972245 0.443446 0.0555103 0.526061 0.000652505
1 0.904696 0.867472 0.190608 0.257775 0.000644333
1 0.967708 0.20152 0.06448 0.403039 0.000640964
1 0.845902 0.00516976 0.211766 0.0103395 0.000636566
2 0.341342 0.822888 0.311357 0.354224 0.000629973
1 0.975249 0.741307 0.0495028 0.435789 0.00062351
2 0.214735 0.72214 0.219842 0.521323 0.000623152
2 0.608676 0.410885 0.320371 0.419091 0.000621096
2 0.559456 0.644936 0.289256 0.565025 0.000615789
1 0.0946575 0.95846 0.189315 0.0830802 0.000611968
2 0.27796 0.823241 0.278905 0.353518 0.00060836
2 0.459158 0.788666 0.300349 0.422667 0.000607066
1 0.846048 0.0318236 0.307904 0.0636471 0.000605478
2 0.242906 0.397521 0.456328 0.639857 0.00059558
2 0.00585262 0.920465 0.0115873 0.067709 0.000595572
1 0.971028 0.640938 0.0579443 0.53788 0.000591408
2 0.699023 0.707556 0.368584 0.506931 0.000590194
2 0.329242 0.430174 0.620737 0.699337 0.000588734
2 0.186145 0.962313 0.342894 0.0753745 0.000586614
1 0.965094 0.839571 0.0698119 0.320858 0.00058167
1 0.891088 0.970299 0.217823 0.0594022 0.000578186
1 0.14218 0.962567 0.284359 0.0748657 0.000575188
2 0.56048 0.360859 0.397509 0.618576 0.000574533
0 0.986346 0.112158 0.0270542 0.176237 0.000568605
2 0.871156 0.00629799 0.228305 0.012596 0.000568464
2 0.235918 0.526577 0.419717 0.711241 0.000568183
2 0.720436 0.790324 0.387148 0.419353 0.000567221
2 0.904178 0.00479294 0.191644 0.00958588 0.000565727
2 0.374847 0.730021 0.358977 0.511924 0.000565416
1 0.2326 0.0281218 0.4652 0.0562435 0.000564923
1 0.56773 0.0272476 0.640671 0.0544953 0.000560552
1 0.887628 0.068479 0.224744 0.136958 0.000559051
1 0.932564 0.925417 0.134872 0.149165 0.000551575
2 0.404177 0.825314 0.330864 0.349372 0.000550859
2 0.174029 0.0100177 0.234878 0.0200354 0.000550753
2 0.200281 0.00626728 0.193659 0.0125346 0.000548288
2 0.527319 0.00138982 0.189997 0.00277964 0.000546367
1 0.172276 0.0304987 0.344552 0.0609973 0.000541549
2 0.302855 0.00307842 0.206674 0.00615684 0.000540455
2 0.223267 0.609318 0.335981 0.679108 0.000538718
2 0.0077739 0.355249 0.0155478 0.0849418 0.000536089
1 0.689312 0.0261605 0.569726 0.052321 0.000529315
1 0.395702 0.0268579 0.601163 0.0537159 0.000523725
1 0.238018 0.00734253 0.236583 0.0146851 0.000523718
2 0.285935 0.728375 0.265622 0.511536 0.00052335
1 0.403907 0.000896275 0.186216 0.00179255 0.000518399
1 0.374183 0.00139627 0.214454 0.00279254 0.000517458
2 0.430988 0.00134925 0.174448 0.00269849 0.000514365
2 0.00662832 0.0870225 0.0132566 0.134366 0.000514239
2 0.59658 0.772458 0.338773 0.455084 0.000513488
1 0.550061 0.00167557 0.198017 0.00335115 0.000503866
0 0.00979553 0.918983 0.0195911 0.115102 0.000502873
2 0.332294 0.00185403 0.199028 0.00370805 0.000502533
2 0.312811 0.676063 0.349788 0.545795 0.00049681
2 0.630676 0.682818 0.365095 0.531563 0.000489375
2 0.572052 0.00178686 0.20542 0.00357372 0.000475213
2 0.348118 0.601663 0.495633 0.614648 0.000472939
0 0.00938128 0.896474 0.0187626 0.145393 0.000465321
2 0.711244 0.00172245 0.196338 0.00344489 0.000460069
1 0.922356 0.00267648 0.155288 0.00535296 0.00045189
2 0.14348 0.0136791 0.263548 0.0273583 0.000439769
0 0.00919689 0.867844 0.0183938 0.189207 0.000438443
1 0.603459 0.00159312 0.195684 0.00318624 0.00043577
0 0.262447 0.437362 0.0165286 0.0282709 0.000409087
2 0.65944 0.00243746 0.172638 0.00487492 0.000395963
2 0.0104965 0.155757 0.020993 0.311514 0.000388876
2 0.00980732 0.38354 0.0196146 0.28637 0.000387913
2 0.986281 0.141525 0.0274382 0.283049 0.000386922
2 0.0936395 0.0222668 0.182468 0.0445336 0.000385072
2 0.00649778 0.89244 0.0129585 0.152082 0.000384821
0 0.98645 0.151109 0.0269533 0.198756 0.000379876
0 0.129509 0.991612 0.157005 0.0167764 0.000367995
2 0.00895124 0.231399 0.0179025 0.165747 0.000365504
1 0.946499 0.00284799 0.107002 0.00569598 0.000360189
0 0.0120293 0.935109 0.0238591 0.123594 0.000352173
1 0.0306229 0.161634 0.0612458 0.323268 0.000350689
1 0.0322705 0.836156 0.0640441 0.299997 0.000348412
0 0.0543286 0.98942 0.105359 0.0211609 0.000344672
0 0.0202284 0.975066 0.0404567 0.0498677 0.000337745
2 0.974521 0.0144112 0.0509574 0.0288225 0.000325419
0 0.00898308 0.823663 0.0179662 0.293953 0.000320205
0 0.703955 0.990192 0.168439 0.0196166 0.000319577
1 0.774404 0.0370806 0.185584 0.0741612 0.000318538
0 0.602109 0.990739 0.168413 0.0185215 0.000317682
0 0.805725 0.989435 0.184487 0.0211304 0.000315877
2 0.00751028 0.873256 0.0147913 0.20762 0.000315
2 0.0290104 0.24838 0.0571269 0.348969 0.000311999
0 0.829915 0.991865 0.169783 0.0162694 0.000310389
0 0.925517 0.993126 0.148965 0.0137485 0.000309595
1 0.800837 0.0302741 0.174465 0.0605483 0.000309028
0 0.557138 0.989742 0.180534 0.0205151 0.000303602
0 0.744023 0.986821 0.16042 0.0263586 0.000303109
2 0.0333112 0.0430897 0.0666225 0.0861794 0.000302329
0 0.856394 0.992111 0.163176 0.0157784 0.000300447
2 0.012777 0.200225 0.025554 0.320593 0.000299828
2 0.0108177 0.298076 0.0216355 0.393122 0.000298781
0 0.443518 0.989577 0.126473 0.0208464 0.000298755
1 0.824549 0.0266132 0.159243 0.0532263 0.000297941
0 0.107048 0.993624 0.16435 0.0127527 0.000296075
0 0.984996 0.119153 0.0296489 0.238306 0.000293881
1 0.493566 0.0446037 0.16631 0.0830153 0.000289569
2 0.192717 0.0470456 0.179638 0.087629 0.000289385
0 0.0781123 0.994981 0.144934 0.0100377 0.000287937
2 0.0151731 0.248716 0.0303461 0.349573 0.000283459
0 0.985282 0.250505 0.0290266 0.369199 0.000282969
1 0.362211 0.0400003 0.197685 0.0728009 0.000282029
2 0.00945853 0.146697 0.0189171 0.198458 0.000281257
2 0.013279 0.0574693 0.0265581 0.114939 0.000280306
1 0.0441497 0.151609 0.0837195 0.303218 0.000277955
2 0.344658 0.0429977 0.194999 0.0777838 0.000276627
1 0.455141 0.472647 0.126407 0.246691 0.00027466
0 0.53033 0.987665 0.181766 0.0246696 0.000273808
0 0.680061 0.992289 0.162483 0.0154218 0.000270719
0 0.646491 0.991268 0.148592 0.0174641 0.000270648
1 0.562327 0.0570799 0.165671 0.106755 0.00027013
0 0.164471 0.986938 0.155993 0.026124 0.000269347
0 0.781363 0.983833 0.191621 0.0323342 0.000263925
1 0.52119 0.0428901 0.149301 0.0785302 0.000260799
0 0.492345 0.988653 0.151267 0.0226945 0.00026065
2 0.0278389 0.39663 0.0552618 0.326766 0.000260623
0 0.985525 0.734895 0.0283957 0.337288 0.000259624
1 0.0279694 0.423649 0.0551399 0.30122 0.000257164
2 0.00745929 0.104994 0.0149186 0.10384 0.000256897
1 0.887318 0.0397769 0.173062 0.0750304 0.000253988
1 0.742465 0.0460746 0.18831 0.0921491 0.000253529
1 0.595302 0.0554717 0.153825 0.104254 0.000252985
2 0.715732 0.0520498 0.168904 0.0995865 0.000252837
1 0.848858 0.0321927 0.179226 0.0643855 0.00025248
0 0.323953 0.991171 0.175509 0.0176581 0.000252423
2 0.0108962 0.442712 0.0217925 0.312145 0.000251274
0 0.468692 0.987988 0.128396 0.024024 0.000249955
2 0.0102917 0.635983 0.0205834 0.393749 0.000249565
0 0.20016 0.987264 0.176641 0.0254722 0.000248651
1 0.547138 0.0463439 0.157469 0.084341 0.000248617
0 0.282547 0.991033 0.185665 0.0179346 0.000248206
0 0.228227 0.990186 0.173452 0.0196276 0.000248177
0 0.97682 0.943165 0.0460232 0.109696 0.000247001
0 0.889097 0.991858 0.180265 0.0162847 0.000246721
2 0.991469 0.114688 0.0166767 0.229376 0.000246389
0 0.407725 0.989767 0.174678 0.0204656 0.000245675
0 0.99297 0.183015 0.0136894 0.226829 0.000242393
0 0.975309 0.966788 0.0493818 0.0664235 0.000242174
0 0.521474 0.338284 0.125091 0.154408 0.000241897
1 0.451069 0.54687 0.135025 0.0877515 0.000241312
0 0.0427533 0.925596 0.0844031 0.145172 0.000241096
0 0.426803 0.30296 0.119071 0.163711 0.000239194
0 0.66512 0.746489 0.0310335 0.0409794 0.000238792
0 0.243948 0.402929 0.0527657 0.125132 0.000238077
1 0.22342 0.0436831 0.21503 0.0873661 0.000237856
0 0.205525 0.150598 0.041993 0.0859182 0.000235504
0 0.255775 0.396901 0.0420542 0.128894 0.00023508
0 0.349249 0.989841 0.169058 0.0203183 0.000234668
2 0.00719379 0.248493 0.0143876 0.164197 0.000234078
0 0.437851 0.30244 0.169963 0.18037 0.000233182
2 0.0103969 0.53779 0.0207938 0.449402 0.000232101
2 0.470715 0.0454789 0.172898 0.0860475 0.000231524
1 0.256786 0.041085 0.223014 0.08217 0.000231359
0 0.981096 0.803461 0.0373089 0.393079 0.000231104
2 0.917161 0.0448798 0.154409 0.081411 0.000230492
2 0.652092 0.053105 0.1466 0.100905 0.000230078
0 0.94957 0.980432 0.10086 0.039136 0.000228241
2 0.983886 0.105792 0.0316532 0.211584 0.000226867
2 0.697954 0.0897996 0.0768048 0.155898 0.000224328
1 0.502882 0.407734 0.135122 0.152474 0.000222783
2 0.138704 0.0532913 0.216128 0.103704 0.000222075
2 0.306614 0.0396056 0.143846 0.0737353 0.00022168
