2 0.0631206 0.578917 0.126241 0.11651 0.885027
2 0.464492 0.521505 0.279507 0.323585 0.846072
2 0.463856 0.471752 0.270875 0.224516 0.663577
2 0.428972 0.579668 0.192938 0.200731 0.0336182
2 0.0122741 0.783628 0.0245481 0.0480615 0.0131674
2 0.98298 0.811927 0.0340395 0.116253 0.0127689
2 0.980737 0.810646 0.0385256 0.163885 0.00947185
2 0.98592 0.815205 0.0281597 0.0884647 0.00875283
1 0.429668 0.657728 0.0460072 0.0440847 0.00872604
2 0.00931199 0.777699 0.0184652 0.0347141 0.00872169
2 0.0620927 0.516793 0.122501 0.288801 0.00766771
2 0.428833 0.657611 0.0487638 0.0440266 0.0074432
2 0.0627125 0.599001 0.125425 0.0781539 0.00575725
0 0.987166 0.81461 0.0254565 0.0967252 0.00547521
0 0.986512 0.837618 0.026949 0.0421615 0.00532409
0 0.546702 0.612481 0.0245379 0.0209351 0.00496432
2 0.0640905 0.594193 0.126964 0.197392 0.00455539
2 0.988474 0.872003 0.0230518 0.102382 0.004518
2 0.00942187 0.787439 0.0188437 0.0683918 0.00449336
0 0.981776 0.830177 0.0364481 0.215681 0.00424231
2 0.430339 0.620161 0.192347 0.122987 0.00369056
2 0.0651424 0.645017 0.129141 0.318925 0.00349782
0 0.988001 0.861086 0.0239977 0.0813065 0.00313484
2 0.982845 0.874686 0.0343105 0.124158 0.00297824
2 0.988824 0.794643 0.0222303 0.131151 0.00278622
2 0.0680336 0.759291 0.136067 0.463442 0.00234856
2 0.0534463 0.734509 0.10613 0.413817 0.00233507
2 0.0149614 0.778892 0.0299228 0.052907 0.00213175
2 0.973414 0.814846 0.0531726 0.0994291 0.0019987
0 0.488175 0.613659 0.0576914 0.0343349 0.00174674
2 0.0438537 0.780347 0.0874013 0.397239 0.00172218
2 0.0129364 0.801689 0.0258729 0.0880577 0.00170757
2 0.00859522 0.774355 0.0171825 0.0498695 0.00168219
2 0.495822 0.608564 0.348933 0.518232 0.00163935
2 0.096153 0.853529 0.192306 0.292653 0.00152449
2 0.467635 0.684723 0.285692 0.458064 0.00149079
2 0.0606665 0.444939 0.119659 0.438244 0.00147133
2 0.0144537 0.736607 0.0289075 0.147309 0.00146597
2 0.155844 0.870788 0.270713 0.256933 0.00143572
2 0.0180481 0.759262 0.0360961 0.0788435 0.00141494
2 0.0983954 0.483268 0.196791 0.388322 0.00138137
2 0.509242 0.888856 0.270443 0.222287 0.00137635
2 0.395804 0.657881 0.119474 0.0478347 0.00137408
2 0.114023 0.372766 0.227803 0.42712 0.00136152
1 0.255187 0.551309 0.441027 0.335766 0.00131893
2 0.310628 0.916633 0.303113 0.166091 0.00128839
2 0.989525 0.765125 0.0204173 0.13988 0.00125266
2 0.107744 0.289619 0.215489 0.41583 0.00123932
2 0.419943 0.633663 0.174677 0.096443 0.00122707
2 0.309447 0.887266 0.238981 0.225467 0.00122311
2 0.63051 0.882359 0.301284 0.235281 0.00121979
2 0.245806 0.918502 0.338838 0.162704 0.00120483
2 0.104119 0.193824 0.208237 0.338066 0.00120347
0 0.981586 0.778633 0.0368283 0.249663 0.00119932
2 0.0737742 0.338313 0.147548 0.461508 0.00119813
2 0.249779 0.882119 0.26869 0.235763 0.00118183
2 0.136203 0.830237 0.243139 0.333807 0.00118106
2 0.144281 0.166469 0.288561 0.326546 0.00117813
2 0.0495798 0.587521 0.0991596 0.104007 0.0011774
2 0.310702 0.202253 0.386989 0.341395 0.00117384
1 0.969274 0.849182 0.0614513 0.297205 0.00116859
2 0.289767 0.160721 0.439531 0.316486 0.00116686
2 0.17476 0.921091 0.313332 0.157097 0.00115693
2 0.72575 0.851414 0.298741 0.293969 0.00115656
2 0.0101509 0.809774 0.0203017 0.122192 0.00114992
2 0.474391 0.92561 0.318256 0.148553 0.00114916
2 0.231483 0.200261 0.397168 0.351531 0.00113587
2 0.0753204 0.263666 0.150641 0.431643 0.00113202
2 0.398712 0.918094 0.322406 0.163179 0.00112253
2 0.524639 0.747505 0.368947 0.456896 0.0011006
2 0.417032 0.654975 0.138296 0.0545686 0.00109484
2 0.567868 0.439552 0.450776 0.365721 0.00107605
2 0.98196 0.773547 0.03608 0.183918 0.00106991
2 0.804662 0.845702 0.293951 0.305281 0.00106623
2 0.383611 0.886016 0.268637 0.227968 0.00105914
2 0.158141 0.526416 0.311954 0.331291 0.00104041
1 0.149133 0.133328 0.298265 0.266656 0.00100968
1 0.206284 0.125965 0.412568 0.25193 0.0010071
1 0.529145 0.586822 0.494844 0.458377 0.00100523
2 0.574641 0.675366 0.51972 0.49329 0.00099292
2 0.924384 0.793311 0.142651 0.390134 0.000989823
1 0.319746 0.499626 0.552835 0.372362 0.000985514
2 0.891066 0.805607 0.200002 0.383364 0.000983986
2 0.0411866 0.788374 0.0820173 0.0762607 0.000982992
2 0.340345 0.440663 0.596801 0.403218 0.000977276
2 0.138464 0.898966 0.276847 0.199974 0.000975039
0 0.258609 0.115492 0.461427 0.230984 0.00097061
1 0.105198 0.120614 0.21029 0.241228 0.00095777
2 0.564834 0.852791 0.259783 0.29317 0.000952243
2 0.505924 0.85108 0.245525 0.296005 0.000942159
2 0.453638 0.849724 0.251602 0.299998 0.00094146
2 0.092528 0.147287 0.185056 0.289248 0.000936013
2 0.291957 0.109839 0.466546 0.219678 0.000930769
2 0.345572 0.318809 0.444308 0.379632 0.000928345
2 0.181167 0.439193 0.348139 0.40509 0.00092061
2 0.60661 0.919744 0.398871 0.160511 0.000918994
2 0.433526 0.205788 0.332139 0.353291 0.000910688
2 0.919253 0.722091 0.143826 0.461379 0.000904206
0 0.979897 0.861168 0.0399941 0.277664 0.000901332
2 0.407131 0.153066 0.392205 0.302303 0.000895254
1 0.92822 0.847655 0.141045 0.301271 0.000890268
2 0.169526 0.377574 0.325223 0.409387 0.000888857
1 0.10719 0.0821966 0.214379 0.164393 0.00088464
2 0.00881224 0.761908 0.0169518 0.0762004 0.000882236
2 0.882412 0.735209 0.209639 0.443238 0.000876948
2 0.401409 0.40861 0.462266 0.462613 0.000872421
2 0.888941 0.406075 0.222118 0.392565 0.000869767
2 0.150976 0.298632 0.291343 0.376533 0.000866321
2 0.893969 0.34349 0.212062 0.391798 0.000860981
2 0.468335 0.163721 0.39351 0.323966 0.000857737
2 0.280067 0.303997 0.45132 0.387898 0.000856592
2 0.604859 0.404762 0.364495 0.430917 0.000855334
2 0.722029 0.914108 0.337142 0.171424 0.000851357
1 0.943272 0.898418 0.113456 0.203164 0.00084579
2 0.12405 0.710134 0.248099 0.436615 0.000840412
1 0.379816 0.395631 0.552456 0.416626 0.000840195
2 0.3714 0.116186 0.442805 0.232371 0.000839429
0 0.959689 0.803728 0.0802756 0.158988 0.000827786
1 0.65676 0.513816 0.391671 0.348347 0.000827773
2 0.443944 0.333701 0.351962 0.379331 0.000826974
1 0.77931 0.425129 0.330433 0.366517 0.000826738
2 0.53371 0.173001 0.42337 0.340765 0.000821013
1 0.775864 0.143297 0.448272 0.286594 0.000819734
1 0.898598 0.855713 0.202804 0.286519 0.000816104
2 0.487953 0.209753 0.296955 0.355333 0.000811875
2 0.429651 0.525751 0.195592 0.273972 0.000807563
1 0.74849 0.06319 0.481421 0.12638 0.000806821
2 0.881493 0.605121 0.213406 0.391795 0.00080656
2 0.795862 0.367991 0.32565 0.360576 0.000805715
2 0.917994 0.59594 0.145118 0.400402 0.000804615
2 0.804341 0.184577 0.391319 0.357513 0.000803208
2 0.544784 0.480655 0.4947 0.269272 0.000800359
2 0.968432 0.766686 0.0631363 0.373445 0.000799949
2 0.425968 0.1344 0.508087 0.2688 0.000796334
2 0.796607 0.232004 0.316444 0.353111 0.00079351
2 0.622796 0.777009 0.375334 0.404724 0.000789154
0 0.657505 0.0648298 0.54083 0.12966 0.000787808
2 0.667132 0.436604 0.392394 0.388403 0.000787664
2 0.917266 0.379811 0.153957 0.394645 0.000783541
2 0.680598 0.144649 0.475848 0.289299 0.000780785
1 0.157824 0.0730555 0.315648 0.145464 0.000778092
0 0.683467 0.510528 0.0296612 0.0194708 0.0007752
2 0.918351 0.308433 0.154005 0.374291 0.000771959
2 0.916963 0.495358 0.148673 0.347073 0.000767758
2 0.788947 0.560459 0.299801 0.360315 0.000765167
0 0.29228 0.0622841 0.468619 0.124358 0.000764889
2 0.645697 0.820893 0.309423 0.354342 0.000763299
2 0.883331 0.510432 0.216451 0.367494 0.000762125
1 0.780625 0.521228 0.304782 0.368529 0.00075912
0 0.41355 0.0750676 0.55188 0.150135 0.000756372
2 0.137849 0.570464 0.275697 0.241695 0.000755673
2 0.480327 0.42997 0.301556 0.326349 0.000754133
1 0.526045 0.405883 0.34137 0.457408 0.000752558
2 0.801923 0.664094 0.307799 0.377669 0.000749404
2 0.898466 0.275857 0.203067 0.386971 0.000748402
2 0.739056 0.185578 0.36968 0.362543 0.000743767
2 0.547566 0.227152 0.317074 0.361902 0.000743205
0 0.488765 0.606286 0.0602771 0.0500765 0.000742826
2 0.127823 0.628462 0.255647 0.32407 0.000742577
2 0.448461 0.434555 0.229712 0.14784 0.0007416
2 0.803822 0.789978 0.311654 0.394081 0.000741395
2 0.51518 0.532571 0.46595 0.34385 0.000741073
1 0.88854 0.143889 0.22292 0.287777 0.000740921
1 0.127489 0.0414861 0.254979 0.0804172 0.000740298
2 0.455294 0.560793 0.248484 0.185958 0.000737365
0 0.576388 0.0728943 0.552199 0.145789 0.000737054
2 0.810427 0.897169 0.370978 0.205047 0.000735718
2 0.631084 0.184161 0.409869 0.362393 0.000732758
2 0.899777 0.211878 0.200446 0.394246 0.000727716
1 0.908923 0.933836 0.182154 0.132328 0.000724004
1 0.159673 0.0324321 0.319346 0.0645606 0.000719648
2 0.0202392 0.526546 0.0402931 0.189594 0.000719066
2 0.0451873 0.771589 0.0876677 0.109564 0.000713712
2 0.968241 0.642428 0.0635172 0.348056 0.000713357
2 0.482991 0.39697 0.310969 0.465098 0.000707941
1 0.838858 0.0674262 0.320747 0.134852 0.000706075
2 0.705723 0.382617 0.336691 0.387653 0.000704908
2 0.797518 0.299366 0.314743 0.347245 0.000700952
2 0.512734 0.948568 0.344699 0.102575 0.000698304
2 0.9186 0.244649 0.152579 0.345751 0.000688003
0 0.224274 0.581845 0.0352021 0.0355641 0.00068657
2 0.408401 0.820808 0.296353 0.342862 0.000683357
2 0.968563 0.582369 0.0628744 0.341152 0.000681864
2 0.568461 0.816209 0.30648 0.36107 0.000676582
0 0.0720966 0.9498 0.140748 0.100131 0.000671082
2 0.737922 0.237659 0.292751 0.3472 0.000670266
2 0.0249734 0.745723 0.0499467 0.102014 0.000665352
1 0.968409 0.526149 0.0631828 0.31712 0.000657988
1 0.793708 0.0293744 0.412583 0.0582548 0.000656842
0 0.281921 0.0278274 0.518519 0.0556548 0.000654075
0 0.949613 0.823447 0.100623 0.169459 0.000654036
1 0.366154 0.762852 0.397039 0.395066 0.000653326
2 0.643023 0.238811 0.311107 0.375451 0.000648484
1 0.918019 0.170013 0.155391 0.333439 0.000641871
2 0.732258 0.309438 0.292039 0.340664 0.000637567
0 0.021338 0.955694 0.0426759 0.0861282 0.000637346
2 0.40082 0.575109 0.143954 0.19689 0.00063543
0 0.014148 0.821919 0.0282961 0.145543 0.000629774
2 0.965762 0.374725 0.0684757 0.325594 0.000623638
2 0.251076 0.952877 0.389392 0.0934026 0.000619244
1 0.254387 0.638107 0.488449 0.353945 0.000618504
2 0.971391 0.797322 0.0572189 0.133808 0.000613742
2 0.475993 0.959634 0.345916 0.0800919 0.00061249
2 0.725135 0.784023 0.334097 0.388286 0.000612061
2 0.967873 0.482296 0.0642532 0.291818 0.000611545
0 0.701708 0.0275792 0.549469 0.0543564 0.000610823
2 0.96695 0.430149 0.0661002 0.329971 0.000608957
2 0.545867 0.341254 0.324232 0.404152 0.000608811
2 0.63806 0.334479 0.309342 0.382211 0.00060655
2 0.983924 0.744451 0.0321516 0.229796 0.000606142
2 0.0147968 0.474303 0.0295192 0.101664 0.000605085
2 0.68515 0.587861 0.371726 0.387465 0.000600552
2 0.72008 0.718229 0.357835 0.386386 0.000598195
0 0.419614 0.0283921 0.516354 0.0567841 0.000597805
1 0.241503 0.0285002 0.483007 0.0570003 0.000590743
2 0.454498 0.467252 0.295339 0.305587 0.000588812
1 0.892461 0.073142 0.211059 0.145709 0.000587183
1 0.875857 0.949189 0.248285 0.101622 0.000586077
2 0.126132 0.957009 0.252264 0.0859822 0.000584312
0 0.964974 0.303086 0.070053 0.311671 0.0005798
0 0.5349 0.0281131 0.616351 0.0558177 0.000574044
1 0.924786 0.0910283 0.149032 0.182057 0.000572443
0 0.828511 0.0320051 0.342978 0.0634679 0.000569257
2 0.702117 0.647023 0.37323 0.399796 0.000562714
2 0.0413653 0.806821 0.0825094 0.117926 0.000561008
0 0.983298 0.501384 0.032395 0.0574645 0.000556618
2 0.411955 0.681508 0.485998 0.380257 0.000555923
0 0.971279 0.902256 0.0567181 0.195489 0.000552694
2 0.19435 0.955895 0.350314 0.0876068 0.000552314
1 0.264435 0.715141 0.496391 0.414236 0.000549357
1 0.965118 0.248177 0.0697637 0.298463 0.000548948
2 0.321932 0.817518 0.282935 0.35343 0.000547704
2 0.536296 0.767213 0.0437106 0.0372356 0.000544493
2 0.233316 0.805932 0.30381 0.37667 0.000542329
2 0.408848 0.609832 0.158736 0.138856 0.000536885
2 0.408026 0.965388 0.351051 0.0686489 0.000535687
2 0.316134 0.962209 0.364065 0.0749497 0.000531336
1 0.958078 0.130972 0.0837784 0.261944 0.000530086
2 0.0225051 0.537624 0.0360054 0.0256267 0.000523555
0 0.0135352 0.455158 0.0270705 0.0818142 0.000522418
1 0.876267 0.0474894 0.247466 0.0924828 0.000521364
1 0.965444 0.160709 0.0689745 0.316956 0.00052103
0 0.0128616 0.437188 0.0257232 0.0668228 0.000484182
1 0.403786 0.509962 0.540584 0.339496 0.00048074
1 0.621971 0.9538 0.436765 0.0914394 0.000478026
1 0.717457 0.962725 0.394366 0.0736762 0.000476721
1 0.792423 0.962928 0.413442 0.0732716 0.000463027
2 0.231105 0.761429 0.382968 0.409531 0.000454599
2 0.977949 0.891834 0.0441017 0.216128 0.000436172
0 0.981434 0.27245 0.0361481 0.0851152 0.000426214
2 0.989246 0.732425 0.0209821 0.176484 0.000419373
0 0.193563 0.583933 0.0603148 0.0401747 0.000415075
2 0.414228 0.901425 0.0301979 0.0213349 0.000411519
0 0.0207247 0.937492 0.0414495 0.125017 0.000408286
0 0.846776 0.213363 0.0474248 0.0356732 0.000407718
0 0.981221 0.490119 0.036872 0.101195 0.000407084
2 0.023389 0.59782 0.0467779 0.0764744 0.000406537
2 0.00898286 0.439079 0.017722 0.0342457 0.000386983
2 0.0159756 0.804257 0.0319512 0.144736 0.000385191
0 0.0421768 0.96448 0.0843537 0.0710395 0.000384758
2 0.0190516 0.704111 0.0381031 0.216039 0.000384195
0 0.962529 0.778522 0.0749417 0.229382 0.000383205
0 0.0155469 0.842553 0.0310938 0.200845 0.000382382
0 0.012722 0.41316 0.025444 0.0906627 0.00038202
2 0.0266432 0.572321 0.0532863 0.101368 0.000380398
0 0.975949 0.745859 0.0481021 0.311958 0.000377448
2 0.021615 0.545208 0.0393997 0.0392849 0.000375695
2 0.989342 0.890013 0.02087 0.162848 0.000374622
2 0.396281 0.632225 0.116281 0.0981655 0.000372912
0 0.94584 0.863418 0.108321 0.249079 0.000366079
2 0.00926776 0.743614 0.0180517 0.151067 0.000359254
2 0.273455 0.815087 0.0349595 0.0284409 0.000357286
0 0.563977 0.260855 0.0830149 0.0427019 0.000355134
0 0.013689 0.319462 0.0273781 0.132561 0.000353526
2 0.396069 0.524205 0.464471 0.33386 0.000348132
0 0.967195 0.935696 0.0656101 0.128607 0.000346398
0 0.0128975 0.208483 0.0257951 0.0744672 0.000341399
0 0.930367 0.896185 0.139098 0.20763 0.000340956
2 0.0429735 0.731912 0.0854017 0.227372 0.000336981
0 0.532103 0.763897 0.0481875 0.0464096 0.000334374
0 0.154823 0.238622 0.132531 0.09692 0.000332608
0 0.0139731 0.348379 0.0279462 0.172324 0.0003309
2 0.0470734 0.468332 0.0913043 0.119903 0.00033011
0 0.403587 0.418332 0.105696 0.100209 0.000329823
0 0.133795 0.948786 0.245629 0.102428 0.000327899
0 0.388839 0.529948 0.41299 0.333581 0.000327534
0 0.991218 0.504481 0.0174157 0.0448181 0.000324644
0 0.911203 0.0452135 0.147839 0.0895138 0.000321888
2 0.0322586 0.727751 0.063888 0.196287 0.000316624
2 0.0223851 0.556192 0.0434981 0.0632415 0.000310629
2 0.855301 0.219582 0.0602524 0.044453 0.000308707
0 0.0133002 0.375537 0.0266005 0.156084 0.000305974
2 0.370702 0.622164 0.154781 0.0747219 0.000305636
0 0.968757 0.11289 0.061213 0.225781 0.000302756
0 0.0203743 0.87772 0.0407486 0.244559 0.000297612
2 0.00960244 0.453404 0.0188805 0.0477291 0.000297441
2 0.00997135 0.472734 0.0192442 0.041194 0.000294706
0 0.0708005 0.470898 0.130226 0.0828336 0.000291707
2 0.54789 0.407907 0.107364 0.0905564 0.000290215
0 0.929151 0.052945 0.139717 0.104883 0.000287028
