2 0.893885 0.875953 0.201416 0.135766 0.923912
2 0.471517 0.156663 0.25307 0.2586 0.835131
1 0.162248 0.257215 0.114789 0.0930156 0.452026
2 0.722018 0.378971 0.437896 0.299288 0.425555
0 0.193667 0.0518244 0.217474 0.103649 0.08401
0 0.964685 0.983092 0.0685857 0.0338158 0.0473861
1 0.490177 0.421147 0.960019 0.790619 0.0412153
0 0.0880069 0.0315807 0.172454 0.0630495 0.0313914
2 0.506135 0.145656 0.477487 0.285881 0.0302441
0 0.265281 0.0506732 0.365581 0.101346 0.0296974
1 0.474684 0.621887 0.949369 0.66427 0.0201318
1 0.704341 0.846229 0.129857 0.129077 0.0200616
2 0.706393 0.457523 0.502962 0.45906 0.0189022
2 0.384804 0.150229 0.691337 0.296791 0.0175636
1 0.346325 0.501843 0.671577 0.836211 0.0138828
0 0.71923 0.384625 0.411659 0.263018 0.0135975
1 0.935632 0.98356 0.128195 0.0325674 0.0133517
1 0.337929 0.635514 0.672021 0.59341 0.0111715
0 0.961977 0.9731 0.0750711 0.0537991 0.00852973
1 0.12946 0.50279 0.127032 0.0868837 0.00828733
2 0.6849 0.867315 0.0814691 0.0840239 0.00785455
2 0.705583 0.852776 0.127952 0.117014 0.00764403
1 0.96269 0.947243 0.0744543 0.105513 0.00692809
1 0.487893 0.487519 0.970372 0.539551 0.0068189
2 0.639275 0.157338 0.706934 0.307901 0.00660016
1 0.16101 0.237186 0.106349 0.0499162 0.0064468
1 0.960642 0.975614 0.0771767 0.0487728 0.00637266
2 0.3579 0.595619 0.357182 0.183492 0.00631622
1 0.80838 0.780637 0.38077 0.349809 0.00614024
2 0.387461 0.0393944 0.774922 0.0785616 0.00551832
2 0.370991 0.551182 0.340114 0.265695 0.00551631
0 0.272381 0.0508654 0.534268 0.101683 0.00548734
1 0.961897 0.983328 0.0757462 0.0326275 0.00524468
2 0.89651 0.854315 0.204158 0.200071 0.0051997
0 0.365255 0.0454524 0.472028 0.0909048 0.00495461
1 0.906004 0.984094 0.187992 0.0318119 0.0044684
2 0.54953 0.0347287 0.341477 0.0694575 0.00435879
2 0.681011 0.674358 0.0487362 0.0585396 0.00431962
0 0.45896 0.474157 0.366714 0.180297 0.00430698
1 0.394182 0.843657 0.217642 0.187343 0.00429492
0 0.0861285 0.0543224 0.168909 0.106025 0.00426278
1 0.212892 0.662629 0.425783 0.553901 0.00422689
2 0.44448 0.0964458 0.871703 0.192431 0.0041536
1 0.65484 0.252115 0.667422 0.50423 0.00411875
0 0.195358 0.0621925 0.390717 0.123998 0.00401403
2 0.477606 0.122173 0.247781 0.176932 0.00398977
1 0.121022 0.257687 0.205454 0.0970179 0.0038763
2 0.961023 0.494001 0.0775766 0.240977 0.00381092
0 0.134018 0.0576619 0.265418 0.115324 0.00374377
2 0.897131 0.809793 0.20406 0.282133 0.00371317
0 0.237973 0.0466945 0.109869 0.0928931 0.00366282
2 0.0281638 0.969052 0.0562121 0.0601934 0.0036493
1 0.710854 0.793922 0.578293 0.324389 0.00360621
2 0.057186 0.972465 0.113887 0.054517 0.00347871
1 0.892407 0.784704 0.214362 0.342059 0.00337815
1 0.170529 0.970065 0.341058 0.0596957 0.00314316
2 0.744752 0.344944 0.430982 0.535338 0.00308457
1 0.149818 0.15557 0.298002 0.306387 0.00307926
1 0.752213 0.744733 0.493493 0.425187 0.00300333
0 0.0800265 0.0183341 0.155848 0.0365425 0.00273016
2 0.596302 0.0366895 0.807397 0.0731337 0.00271903
1 0.918557 0.975185 0.162886 0.049631 0.00269153
2 0.651752 0.217444 0.696496 0.434888 0.00268807
1 0.289543 0.151683 0.575488 0.290594 0.00245658
0 0.0652816 0.0293489 0.126771 0.0580701 0.00240286
0 0.274012 0.154386 0.546313 0.304127 0.00238556
1 0.664508 0.392478 0.610988 0.409264 0.00236905
2 0.510814 0.574386 0.9178 0.725676 0.00224202
2 0.896158 0.902705 0.20746 0.194591 0.00222727
1 0.428907 0.754744 0.789696 0.381174 0.00222363
0 0.974191 0.17559 0.0516185 0.176949 0.00220401
1 0.964387 0.89189 0.0708388 0.216221 0.00220035
2 0.0878834 0.975004 0.174142 0.0499917 0.0021504
0 0.149725 0.15597 0.299247 0.31194 0.00214792
0 0.656351 0.307988 0.638768 0.590493 0.00213434
2 0.956191 0.35428 0.0849439 0.528489 0.0020138
0 0.781963 0.319908 0.307299 0.189482 0.00197095
1 0.663963 0.728506 0.669034 0.49507 0.00189316
1 0.864648 0.739699 0.270058 0.432287 0.00187055
0 0.0740762 0.0126074 0.147664 0.0252148 0.00186373
1 0.883922 0.981704 0.232157 0.0365376 0.00183545
2 0.0405787 0.975289 0.0796851 0.0494229 0.00181319
1 0.682887 0.855393 0.172759 0.113467 0.00174646
1 0.12905 0.942174 0.258099 0.100233 0.00173323
2 0.33864 0.163564 0.526299 0.272189 0.00172281
2 0.959899 0.43774 0.0802025 0.321396 0.00170394
0 0.988516 0.567088 0.0229677 0.0580159 0.00170373
0 0.627847 0.21354 0.575898 0.393981 0.00169897
2 0.0363337 0.982281 0.0723124 0.035439 0.00168538
0 0.940724 0.267917 0.117798 0.478373 0.00163609
1 0.555547 0.222692 0.610742 0.419482 0.00161983
1 0.1884 0.242976 0.169422 0.128495 0.001618
1 0.26039 0.973082 0.52078 0.0528883 0.00158863
0 0.988249 0.546566 0.0235018 0.089837 0.00154105
1 0.16293 0.621638 0.32586 0.515869 0.00153364
1 0.939818 0.229189 0.119088 0.448454 0.00153328
1 0.885228 0.251998 0.229531 0.501934 0.00150974
1 0.907902 0.206587 0.184197 0.409893 0.00150157
1 0.979925 0.830945 0.0401496 0.0604011 0.00148998
1 0.394278 0.870885 0.213916 0.130728 0.00146717
1 0.610106 0.766259 0.770848 0.37528 0.00143684
1 0.43238 0.279988 0.864759 0.54239 0.00143525
1 0.169671 0.878585 0.339342 0.208083 0.00142884
0 0.973623 0.206732 0.0527547 0.0595374 0.00140275
1 0.374782 0.375735 0.748355 0.75147 0.00139348
0 0.987998 0.583706 0.024004 0.0992844 0.00137649
1 0.968577 0.806213 0.0628469 0.125589 0.00136745
0 0.974672 0.137358 0.0506562 0.266538 0.00136183
1 0.210818 0.808859 0.421635 0.337811 0.00135951
2 0.672537 0.56907 0.636328 0.784841 0.00134598
2 0.371166 0.618432 0.364533 0.134133 0.0013207
2 0.716563 0.0342775 0.566874 0.068555 0.00129862
1 0.970445 0.833761 0.0590207 0.230832 0.0012925
1 0.345506 0.204746 0.691013 0.390281 0.00128879
2 0.857687 0.121944 0.283958 0.243803 0.00126408
1 0.144238 0.784082 0.288475 0.396388 0.00124752
1 0.844175 0.219672 0.311249 0.437545 0.0012401
1 0.135681 0.570726 0.271362 0.404761 0.00120755
1 0.593102 0.575492 0.767912 0.758342 0.00119622
1 0.329089 0.786579 0.658178 0.321697 0.00119521
1 0.972605 0.86765 0.0545359 0.167602 0.00116642
1 0.894271 0.849259 0.206542 0.202419 0.00116384
2 0.896217 0.957154 0.20429 0.0856915 0.00115558
2 0.734957 0.469051 0.51576 0.647349 0.0011528
0 0.374343 0.0323894 0.382174 0.0646518 0.00115144
2 0.793921 0.0618158 0.239586 0.123632 0.00114676
0 0.193979 0.0557014 0.118485 0.083637 0.00113756
1 0.129977 0.852768 0.259954 0.234136 0.00112364
1 0.169752 0.70995 0.339505 0.518243 0.00111146
2 0.698442 0.104069 0.603117 0.208137 0.00110874
1 0.704099 0.8536 0.158103 0.17218 0.00110815
0 0.984163 0.593043 0.0316747 0.119702 0.00110675
0 0.437149 0.0315343 0.296903 0.0630687 0.00109573
1 0.622217 0.828898 0.600071 0.238992 0.00109318
1 0.707285 0.615846 0.578117 0.728436 0.00109269
0 0.615312 0.894056 0.0439275 0.0395098 0.00108019
0 0.970196 0.209501 0.0596087 0.282717 0.00107642
2 0.861413 0.0506608 0.275302 0.101322 0.00107518
2 0.979761 0.517988 0.0402956 0.297784 0.00106587
1 0.18789 0.256405 0.0618476 0.0907029 0.00106273
0 0.87754 0.323444 0.213948 0.531519 0.00105952
0 0.927667 0.267354 0.144256 0.217266 0.00105155
1 0.546716 0.852256 0.482537 0.175482 0.00105141
0 0.904423 0.286585 0.184659 0.572614 0.00104595
2 0.895845 0.822041 0.201557 0.149217 0.00104077
2 0.141081 0.974423 0.282163 0.0509506 0.00103231
0 0.959182 0.243466 0.0808334 0.272756 0.00103007
1 0.0908184 0.525033 0.181005 0.384156 0.00102787
0 0.463667 0.219837 0.222709 0.126774 0.00101297
0 0.421027 0.506226 0.318194 0.240453 0.00101057
1 0.237258 0.8664 0.474517 0.201989 0.00100348
0 0.122991 0.218081 0.244852 0.359086 0.000992482
1 0.145546 0.512082 0.291092 0.379427 0.000991907
0 0.117282 0.0966655 0.234564 0.193331 0.000986935
0 0.403805 0.474746 0.269622 0.178843 0.000982261
1 0.489541 0.874453 0.309538 0.115413 0.000969628
2 0.869377 0.0375241 0.261246 0.0750481 0.000947313
0 0.163987 0.0463234 0.327975 0.0926469 0.000946387
1 0.103038 0.467756 0.205484 0.39688 0.000944605
1 0.590114 0.670923 0.16889 0.0872987 0.000938126
2 0.971915 0.873673 0.0556948 0.163184 0.000925264
2 0.973761 0.176372 0.0524781 0.18431 0.000922152
1 0.193823 0.183373 0.387646 0.330132 0.000919435
1 0.769085 0.299156 0.406569 0.571315 0.000918936
0 0.126229 0.32109 0.252069 0.476602 0.000918438
1 0.615888 0.886463 0.616531 0.162195 0.000915763
1 0.454581 0.861809 0.344959 0.149526 0.000911803
1 0.0388401 0.976014 0.0776802 0.047455 0.000902723
1 0.162079 0.270094 0.123967 0.128217 0.000899084
1 0.53254 0.809831 0.506635 0.266922 0.000888238
1 0.685077 0.866536 0.0818515 0.0845657 0.000885394
0 0.985126 0.560487 0.0297473 0.0530615 0.000884468
2 0.0182189 0.92189 0.0364378 0.156221 0.000864275
1 0.459384 0.837566 0.501653 0.203896 0.000860452
1 0.632265 0.967343 0.658331 0.0653131 0.000858428
1 0.800391 0.620952 0.399217 0.648422 0.000850312
1 0.119356 0.404728 0.238713 0.497283 0.000832013
0 0.951469 0.984104 0.0970629 0.0317928 0.000817002
0 0.481089 0.0183289 0.117698 0.0366579 0.000816224
1 0.620326 0.669229 0.16768 0.0830583 0.000814492
0 0.0616168 0.0207949 0.123234 0.0415898 0.000811543
2 0.936576 0.550479 0.126361 0.421683 0.000808766
2 0.980781 0.801013 0.038073 0.134563 0.000804486
1 0.22095 0.922354 0.441899 0.144217 0.000799936
2 0.899107 0.84589 0.201195 0.0838804 0.000799086
1 0.166752 0.435152 0.333503 0.476442 0.000798681
2 0.7128 0.8391 0.101584 0.119298 0.000794765
0 0.18515 0.32661 0.370301 0.45029 0.00079198
2 0.131856 0.045659 0.263711 0.0887061 0.000790765
2 0.85609 0.0798148 0.28629 0.156367 0.000790684
1 0.18216 0.513156 0.36432 0.455164 0.000780696
2 0.703615 0.832561 0.109444 0.0914769 0.000774633
0 0.858632 0.962635 0.282736 0.074729 0.000772396
1 0.104182 0.483173 0.0705143 0.0482017 0.000771699
2 0.623295 0.670345 0.163435 0.0820843 0.000759743
0 0.576597 0.399006 0.156661 0.219624 0.000746968
0 0.81475 0.0753778 0.179113 0.14925 0.000741705
1 0.88954 0.647031 0.220349 0.41954 0.000737483
2 0.702115 0.837275 0.151187 0.153355 0.000731965
2 0.583653 0.672976 0.164532 0.0847107 0.000725762
1 0.120226 0.246467 0.211607 0.15245 0.000725175
1 0.260412 0.904109 0.520823 0.175574 0.000723929
1 0.417962 0.972771 0.666456 0.0544587 0.000723132
2 0.71406 0.823917 0.106534 0.0849373 0.00072046
2 0.149857 0.847579 0.221244 0.139964 0.000717702
0 0.971039 0.887452 0.0569666 0.225096 0.000717273
1 0.2851 0.832576 0.507044 0.215188 0.000708255
2 0.976938 0.175666 0.0450055 0.148233 0.000700388
0 0.890528 0.866124 0.214632 0.184365 0.000697485
1 0.95352 0.835718 0.0929592 0.0707905 0.000688938
1 0.728042 0.838981 0.543917 0.232663 0.000686597
1 0.532127 0.871097 0.604328 0.169654 0.000681548
1 0.614731 0.896973 0.0404261 0.0351188 0.000679271
1 0.936786 0.812674 0.126331 0.212443 0.000670112
0 0.863326 0.0906917 0.273349 0.179848 0.000668186
0 0.983238 0.558331 0.0332113 0.240122 0.000666755
2 0.579967 0.824509 0.386096 0.184012 0.000663404
1 0.687971 0.869744 0.624057 0.191679 0.000658347
0 0.634773 0.671 0.147609 0.0768473 0.000655755
2 0.495319 0.103557 0.213045 0.144116 0.000645234
0 0.96417 0.93867 0.070251 0.12266 0.000644039
0 0.987708 0.78832 0.0241135 0.182683 0.000635749
2 0.227571 0.779994 0.262773 0.255531 0.000631939
2 0.218245 0.821327 0.241623 0.146264 0.000629666
1 0.127123 0.487389 0.118766 0.0567003 0.000616233
1 0.900753 0.820128 0.198245 0.164232 0.000611894
1 0.9874 0.828981 0.0251997 0.0570995 0.000609622
2 0.970969 0.471812 0.0580612 0.222356 0.000606604
2 0.924815 0.461562 0.149708 0.290669 0.000606157
2 0.788764 0.0417967 0.290729 0.0835933 0.000596705
0 0.966565 0.148768 0.0663144 0.202353 0.000595697
2 0.651893 0.674532 0.108984 0.0633446 0.000594451
1 0.11169 0.280836 0.215708 0.143021 0.000593784
2 0.98589 0.801232 0.0276716 0.166613 0.000585283
2 0.980986 0.59455 0.0380272 0.168002 0.000584078
2 0.194579 0.970713 0.389157 0.0585738 0.000584019
0 0.473975 0.410823 0.334245 0.239158 0.00058143
0 0.972426 0.870811 0.0542498 0.163519 0.000574565
0 0.481838 0.230743 0.189227 0.107941 0.000567839
0 0.897632 0.771446 0.20036 0.203503 0.000557564
0 0.231454 0.445527 0.462908 0.479162 0.000550189
0 0.721248 0.317627 0.244386 0.184 0.000545431
2 0.679548 0.863569 0.17881 0.100936 0.000543105
1 0.321755 0.605934 0.344433 0.167099 0.000539789
0 0.244857 0.330408 0.489714 0.378099 0.00053946
1 0.858574 0.976248 0.282851 0.0474672 0.000539437
1 0.212648 0.822342 0.225701 0.141071 0.000524191
1 0.9767 0.78093 0.0466009 0.261676 0.000523779
2 0.174704 0.830849 0.178178 0.12965 0.000520153
2 0.943496 0.514478 0.112905 0.240646 0.000512515
2 0.894472 0.430457 0.211057 0.313287 0.000511228
2 0.0473374 0.910441 0.094278 0.179118 0.000510318
0 0.974189 0.308826 0.051132 0.327125 0.00050623
0 0.973408 0.177943 0.0529419 0.117234 0.000495978
2 0.727638 0.817631 0.189367 0.206232 0.000494614
1 0.110813 0.855905 0.200578 0.157184 0.000491355
2 0.720945 0.0320204 0.257791 0.0632568 0.000491204
1 0.0847923 0.84579 0.0658006 0.136865 0.000489975
1 0.90925 0.839798 0.181446 0.0849202 0.000487732
0 0.575428 0.837637 0.394401 0.159529 0.0004877
0 0.342495 0.0559614 0.358119 0.101891 0.000479515
1 0.133697 0.840434 0.25833 0.129941 0.000470102
2 0.622372 0.0411999 0.530554 0.0823999 0.000466617
1 0.982733 0.528348 0.0345345 0.127974 0.000466434
1 0.79313 0.853242 0.352417 0.194913 0.000463415
0 0.173578 0.0646559 0.207603 0.117783 0.000460818
2 0.346673 0.966461 0.352283 0.0670787 0.000460709
1 0.328927 0.631364 0.319892 0.173374 0.000456018
0 0.855258 0.397224 0.162671 0.262554 0.000454543
1 0.973614 0.171101 0.0527717 0.154282 0.000453516
0 0.90681 0.154194 0.185878 0.183252 0.000445274
2 0.43069 0.617269 0.533201 0.139267 0.000445128
0 0.0278659 0.463708 0.0557318 0.216597 0.000442566
2 0.974606 0.568649 0.0507879 0.0534449 0.000437577
2 0.971693 0.786961 0.0566132 0.288986 0.000437124
1 0.126098 0.308647 0.206249 0.207933 0.000424303
2 0.987911 0.587703 0.0241782 0.1195 0.000424187
2 0.980181 0.46849 0.039346 0.143718 0.000423194
0 0.8335 0.912298 0.257414 0.0723122 0.000421705
2 0.372955 0.639506 0.430352 0.125306 0.000420381
2 0.500489 0.136784 0.203485 0.216876 0.00041377
1 0.201474 0.219733 0.199939 0.194656 0.000412302
0 0.525665 0.403981 0.228781 0.230548 0.000410562
0 0.772177 0.038064 0.276433 0.076128 0.000401907
0 0.146851 0.406008 0.223803 0.128947 0.00039785
0 0.807429 0.109512 0.139371 0.216154 0.000397449
1 0.29391 0.570275 0.394761 0.239479 0.000394576
0 0.661024 0.32697 0.268809 0.202593 0.000389964
1 0.220277 0.56733 0.285116 0.227843 0.000387672
2 0.463653 0.476356 0.473325 0.172797 0.000387319
0 0.580992 0.249253 0.549271 0.115859 0.000386046
0 0.260949 0.480161 0.361402 0.251335 0.000385664
2 0.986336 0.816118 0.0273282 0.0901241 0.000383552
1 0.453925 0.601167 0.504969 0.189116 0.000383518
0 0.827469 0.0957842 0.187134 0.189642 0.000383443
1 0.109499 0.00956619 0.138356 0.0191324 0.000380481
1 0.167242 0.487791 0.0492192 0.0404809 0.000379788
0 0.493406 0.843157 0.340385 0.180565 0.000378989
0 0.545945 0.863888 0.392592 0.131569 0.000376363
0 0.549566 0.237332 0.363387 0.10959 0.000375828
