0 0.49672 0.494824 0.892702 0.87026 0.84868
0 0.825221 0.338943 0.0802153 0.0586923 0.149672
0 0.112438 0.394166 0.0887895 0.0530466 0.06122
0 0.665866 0.286802 0.139585 0.0958281 0.0133867
0 0.801207 0.990407 0.0434689 0.0191859 0.00622725
0 0.129335 0.391011 0.125726 0.0679889 0.00286674
0 0.796821 0.987124 0.182474 0.0257519 0.0025443
0 0.455762 0.292518 0.784088 0.43872 0.00243494
0 0.412291 0.163242 0.214974 0.17657 0.00196975
0 0.584321 0.832488 0.469134 0.328491 0.0019342
0 0.586577 0.759664 0.459726 0.342799 0.0018455
0 0.440059 0.808444 0.160614 0.180207 0.00164125
0 0.700389 0.639409 0.482352 0.58936 0.00161286
0 0.603501 0.698621 0.429845 0.462545 0.00155818
0 0.315906 0.301261 0.512327 0.461682 0.00155007
0 0.435815 0.846707 0.151283 0.10552 0.00154378
0 0.522928 0.239187 0.567491 0.335597 0.00145142
0 0.579845 0.788379 0.452496 0.228348 0.00143002
0 0.232045 0.994092 0.0765914 0.0118168 0.00138231
0 0.85434 0.368136 0.189123 0.404352 0.00133045
0 0.892077 0.387623 0.215845 0.414651 0.00132764
0 0.523121 0.154377 0.603963 0.308753 0.0013255
0 0.515278 0.71483 0.572159 0.37262 0.00130583
2 0.0830685 0.266238 0.166137 0.44957 0.00127889
0 0.4853 0.199145 0.654839 0.394018 0.0012752
0 0.80617 0.437078 0.278479 0.653415 0.00126658
1 0.0964348 0.20497 0.19287 0.393341 0.00122685
0 0.655291 0.85605 0.623785 0.2854 0.00120144
0 0.51313 0.742838 0.791777 0.38283 0.0012005
1 0.0984229 0.148048 0.196846 0.296096 0.00119966
2 0.886742 0.268853 0.226515 0.363805 0.00119271
1 0.131312 0.0960927 0.262624 0.192185 0.001182
1 0.107092 0.0905795 0.214185 0.181159 0.00113616
0 0.103796 0.43864 0.207593 0.635726 0.0010931
1 0.893524 0.194273 0.212951 0.354701 0.00107787
0 0.85821 0.338002 0.152225 0.0623058 0.0010775
1 0.13382 0.155556 0.267641 0.311113 0.00106885
0 0.855619 0.708738 0.263242 0.558247 0.00106308
2 0.886827 0.332327 0.226346 0.360938 0.00106225
1 0.167242 0.208523 0.334484 0.412079 0.00106132
0 0.801538 0.667907 0.354145 0.621263 0.00105439
2 0.0742313 0.324883 0.148463 0.435671 0.00102043
2 0.591352 0.663826 0.61908 0.476499 0.00102
0 0.722162 0.468555 0.446963 0.77174 0.00100783
0 0.154892 0.39298 0.180273 0.0655252 0.00100168
0 0.642431 0.329121 0.457404 0.520244 0.000996868
0 0.648698 0.741998 0.57294 0.51084 0.000996445
2 0.951657 0.781948 0.0966855 0.423132 0.000988198
0 0.859648 0.450942 0.280704 0.593204 0.000981821
0 0.100114 0.548961 0.200228 0.666474 0.000981451
0 0.400693 0.904495 0.742744 0.191011 0.000980127
0 0.458151 0.396103 0.792463 0.661288 0.000977858
0 0.587116 0.0839185 0.571876 0.167837 0.000965154
2 0.0286131 0.758994 0.0572263 0.480186 0.000954915
1 0.16711 0.107078 0.334221 0.214155 0.000941809
0 0.53561 0.0348723 0.729913 0.0697446 0.0009273
0 0.0756719 0.36143 0.151344 0.474151 0.000923515
0 0.479276 0.854265 0.791662 0.290582 0.000906059
0 0.589689 0.229613 0.354353 0.327517 0.00089269
0 0.532286 0.797267 0.350253 0.199894 0.000877961
0 0.834998 0.45559 0.214069 0.11818 0.0008736
2 0.218388 0.265716 0.436776 0.481508 0.000864226
0 0.764211 0.574341 0.409845 0.652745 0.000862962
1 0.896651 0.133505 0.206698 0.26701 0.000850688
1 0.0387483 0.715456 0.0774966 0.538363 0.000847982
1 0.455244 0.207704 0.910488 0.415407 0.000838244
0 0.618533 0.968879 0.541603 0.0616339 0.000837834
1 0.0645366 0.6795 0.129073 0.582705 0.000834381
0 0.794185 0.9916 0.069874 0.0167997 0.000830868
0 0.300998 0.628567 0.589601 0.648506 0.000826362
2 0.132429 0.836305 0.25782 0.313542 0.000824066
0 0.665148 0.0285663 0.619498 0.0571326 0.000804935
1 0.158689 0.870365 0.316129 0.255156 0.00080302
0 0.866773 0.870323 0.229449 0.250979 0.000798828
0 0.488587 0.679656 0.786671 0.441878 0.000798243
1 0.267316 0.221067 0.534631 0.437474 0.000795889
2 0.862546 0.264447 0.274908 0.421937 0.000792402
0 0.58067 0.628059 0.72507 0.551727 0.000787147
1 0.812304 0.0767062 0.366642 0.153412 0.00078283
1 0.708801 0.0742407 0.531619 0.148481 0.000782004
0 0.269324 0.918985 0.523574 0.16203 0.000776969
0 0.66937 0.0753902 0.586689 0.15078 0.000775107
0 0.880978 0.755138 0.214953 0.487745 0.000773416
1 0.139389 0.0307634 0.278777 0.0615268 0.000772733
1 0.0659076 0.85352 0.131815 0.283061 0.000770634
1 0.182989 0.0283886 0.365978 0.0567773 0.000766139
0 0.289274 0.870656 0.513636 0.257127 0.000762607
1 0.434588 0.034103 0.809308 0.068206 0.000761537
1 0.34814 0.152436 0.69628 0.304872 0.000757629
2 0.134722 0.77552 0.269444 0.437484 0.000755104
2 0.363679 0.81868 0.572553 0.354032 0.000754076
0 0.940266 0.67805 0.119468 0.490838 0.000752478
0 0.700933 0.352933 0.543205 0.591219 0.00075206
1 0.812141 0.128179 0.374236 0.256358 0.000744461
1 0.817445 0.208579 0.365111 0.404297 0.000726579
2 0.199045 0.731004 0.398089 0.514325 0.000726288
1 0.163909 0.922393 0.327818 0.152869 0.000723886
1 0.86196 0.0926597 0.276081 0.185319 0.000712435
0 0.57456 0.17833 0.454103 0.354522 0.000709051
0 0.931974 0.863643 0.136052 0.263353 0.000706824
0 0.579551 0.412013 0.716443 0.688092 0.000694564
1 0.814565 0.0288823 0.370869 0.0574165 0.000687561
0 0.841868 0.391125 0.206344 0.631509 0.000683658
0 0.45135 0.868357 0.177523 0.0603966 0.000678214
0 0.361959 0.669972 0.625858 0.524067 0.000675225
0 0.404895 0.215364 0.236352 0.272737 0.000666998
1 0.899972 0.888727 0.200057 0.218113 0.00066574
0 0.312713 0.0288836 0.625426 0.0577673 0.000665389
0 0.409536 0.96989 0.709912 0.0598434 0.000662201
0 0.250175 0.422505 0.414122 0.650816 0.000661744
0 0.312607 0.430061 0.556337 0.707768 0.000642747
2 0.883566 0.318435 0.232868 0.420898 0.000641566
1 0.701157 0.171088 0.551187 0.342176 0.000640604
1 0.126547 0.913739 0.253095 0.163255 0.000638947
0 0.553669 0.820928 0.651949 0.301534 0.000632077
0 0.382117 0.220842 0.764233 0.441685 0.000631257
0 0.901828 0.599037 0.196344 0.544898 0.000630056
0 0.19868 0.876973 0.367807 0.244954 0.000626214
0 0.845894 0.541217 0.308212 0.588652 0.000619914
0 0.889228 0.255037 0.0433866 0.0349212 0.000616578
0 0.253737 0.324258 0.507473 0.459669 0.000608644
0 0.657205 0.202945 0.58303 0.405889 0.000608084
1 0.851608 0.0398074 0.296784 0.0796149 0.000607129
1 0.867794 0.925666 0.264413 0.148668 0.000605153
0 0.667646 0.283116 0.575572 0.50425 0.000603681
0 0.225491 0.590377 0.209831 0.157672 0.000603485
0 0.237025 0.988986 0.320924 0.0220278 0.000597115
0 0.416548 0.74533 0.765923 0.47709 0.000591961
2 0.232459 0.840215 0.363486 0.307655 0.000578657
1 0.229361 0.96047 0.458722 0.0781213 0.000571784
0 0.454586 0.834856 0.187093 0.125564 0.000555181
0 0.285895 0.961609 0.547468 0.075975 0.000537539
0 0.326849 0.297508 0.209736 0.311435 0.000536695
1 0.854239 0.937071 0.291523 0.124634 0.000536047
0 0.613372 0.0706464 0.241565 0.138991 0.000531568
0 0.260385 0.541182 0.425787 0.705803 0.000524038
0 0.295292 0.347935 0.226933 0.264179 0.000523477
0 0.818824 0.337232 0.293074 0.580629 0.000519253
1 0.141237 0.957794 0.282474 0.084412 0.000513812
1 0.747576 0.289053 0.475667 0.538043 0.00050947
0 0.759962 0.95761 0.448686 0.08369 0.0005094
0 0.692417 0.681645 0.204853 0.170936 0.000508622
0 0.375985 0.232138 0.220467 0.318803 0.000496861
0 0.242104 0.994163 0.114064 0.0116742 0.000491314
2 0.650369 0.235034 0.561133 0.460088 0.000489088
0 0.564071 0.0682166 0.289085 0.134212 0.000484064
0 0.143308 0.390336 0.157398 0.101289 0.000481726
0 0.244144 0.389874 0.351183 0.267339 0.000475977
0 0.879815 0.509601 0.151047 0.143447 0.000468514
0 0.293093 0.365027 0.313493 0.315122 0.000461947
0 0.338336 0.255826 0.192458 0.310662 0.000459024
2 0.690083 0.461416 0.506438 0.766248 0.000453819
0 0.591914 0.751815 0.403208 0.107572 0.00044683
2 0.29878 0.519664 0.303509 0.30516 0.000438078
0 0.775455 0.453609 0.331239 0.124335 0.000437455
0 0.292756 0.618785 0.137257 0.0954218 0.000433074
0 0.305379 0.473517 0.265933 0.268809 0.000415197
0 0.707083 0.63064 0.181131 0.0969349 0.000412627
0 0.787848 0.988833 0.0758337 0.0214823 0.000406247
0 0.655623 0.299444 0.166953 0.113851 0.000405831
0 0.224089 0.382269 0.307348 0.200812 0.000404677
2 0.258176 0.52469 0.228903 0.253807 0.000401845
0 0.279753 0.418303 0.246755 0.313817 0.000400442
0 0.310027 0.399179 0.474506 0.348638 0.000396712
0 0.14156 0.57216 0.197775 0.127488 0.000396623
0 0.336264 0.337681 0.290393 0.322385 0.000392423
0 0.160006 0.586395 0.189971 0.162815 0.0003923
0 0.221277 0.42393 0.315772 0.184026 0.000391758
0 0.860269 0.326287 0.160139 0.0903125 0.000388476
2 0.283769 0.491794 0.211926 0.265108 0.000387457
0 0.578689 0.816218 0.484587 0.151059 0.00038598
2 0.225355 0.444741 0.321625 0.20091 0.000385667
0 0.669343 0.269839 0.135515 0.0584641 0.000384394
0 0.318506 0.454637 0.382249 0.315851 0.000380665
0 0.992296 0.0170753 0.0154088 0.0341506 0.000376647
0 0.209921 0.994228 0.0887976 0.0115435 0.000375856
0 0.297236 0.442726 0.190047 0.306574 0.00037339
0 0.863673 0.366585 0.17945 0.135511 0.00037305
0 0.19789 0.347981 0.26437 0.237625 0.000367564
0 0.61403 0.687371 0.370691 0.220739 0.000367208
2 0.00119335 0.618473 0.0023867 0.196787 0.000366936
0 0.638528 0.280151 0.193312 0.140144 0.000366213
0 0.788859 0.985569 0.304675 0.0282898 0.000363559
0 0.644911 0.971314 0.0486036 0.0336117 0.000358917
2 0.00160878 0.564196 0.00321756 0.189695 0.000357312
2 0.209064 0.632334 0.337843 0.136732 0.000355096
0 0.537148 0.261002 0.394583 0.291963 0.000352343
2 0.000553282 0.684082 0.00110656 0.23267 0.000350369
0 0.995376 0.492673 0.00924725 0.1322 0.000347356
0 0.372869 0.300719 0.286813 0.348239 0.00034378
0 0.875028 0.099816 0.12721 0.0688399 0.000341514
2 0.374362 0.94058 0.4477 0.118839 0.000340406
0 0.680768 0.498225 0.543844 0.179636 0.000340186
0 0.173223 0.433721 0.222271 0.171189 0.000338427
0 0.505276 0.0386626 0.224507 0.0767232 0.000338351
0 0.0684834 0.0155876 0.136967 0.0311753 0.000336364
0 0.68198 0.547046 0.573804 0.170526 0.000336247
0 0.369916 0.187443 0.148469 0.224052 0.000335198
0 0.995378 0.433842 0.0092431 0.15372 0.000333822
0 0.834475 0.551157 0.234678 0.293106 0.00033279
0 0.33557 0.616921 0.285261 0.109392 0.000332681
2 0.00167867 0.486928 0.00335734 0.185011 0.000331964
2 0.356013 0.516436 0.453542 0.308559 0.000331036
0 0.330023 0.645789 0.249512 0.0466455 0.00033001
2 0.216673 0.624103 0.284503 0.0867581 0.000329702
0 0.552665 0.0474074 0.250751 0.0944998 0.000325519
2 0.202862 0.742768 0.405724 0.242696 0.000325224
0 0.429771 0.555714 0.613125 0.215262 0.000324744
0 0.699794 0.588377 0.523081 0.220576 0.000322877
0 0.481508 0.776636 0.243191 0.25909 0.00031993
0 0.347621 0.631306 0.279547 0.0875381 0.000319917
0 0.390558 0.481336 0.552842 0.337686 0.000318612
2 0.212732 0.683348 0.425464 0.19824 0.000318128
0 0.667541 0.376579 0.251779 0.261316 0.000313096
2 0.201845 0.4953 0.264896 0.221309 0.000312935
0 0.719818 0.626525 0.15828 0.123009 0.000312594
2 0.320365 0.56837 0.334601 0.212701 0.000311382
2 0.227131 0.610503 0.215399 0.112568 0.000311299
0 0.387099 0.671957 0.225538 0.0858472 0.000310542
0 0.465503 0.594985 0.678106 0.144844 0.000310404
0 0.874199 0.338032 0.191126 0.0866391 0.000310169
2 0.165381 0.883702 0.325373 0.232596 0.000309175
2 0.00115875 0.317738 0.00231749 0.185987 0.000309134
0 0.160048 0.366043 0.193531 0.161088 0.000306265
2 0.346476 0.875432 0.37789 0.0989574 0.000305987
0 0.533962 0.367289 0.471885 0.240029 0.000304534
0 0.200505 0.449234 0.267033 0.189057 0.000304263
2 0.460385 0.57126 0.687836 0.118869 0.000303874
0 0.995389 0.408604 0.00922229 0.132697 0.000303268
0 0.341417 0.91912 0.439112 0.161761 0.000302871
2 0.000452513 0.733037 0.000905027 0.230354 0.000302334
0 0.193808 0.385116 0.257954 0.126712 0.000301659
1 0.00190928 0.417916 0.00381855 0.199257 0.000301264
0 0.858582 0.986563 0.281467 0.0268747 0.000300101
2 0.00151828 0.366041 0.00303656 0.197052 0.000298742
0 0.64885 0.341014 0.198782 0.206263 0.000298595
0 0.995129 0.525992 0.00974146 0.161746 0.000297742
0 0.858229 0.970846 0.280951 0.0583088 0.000296
0 0.353524 0.217632 0.162897 0.30123 0.000295955
0 0.921842 0.0478684 0.144525 0.0936339 0.000294925
0 0.304711 0.983098 0.361762 0.0338032 0.000293709
2 0.202571 0.544365 0.257282 0.201973 0.000292801
0 0.390934 0.418226 0.617284 0.359914 0.000292542
0 0.609073 0.0491494 0.248058 0.0977853 0.000291791
0 0.538399 0.416067 0.703889 0.112613 0.000290417
0 0.389757 0.612384 0.522862 0.124857 0.00029015
0 0.239692 0.615008 0.216499 0.103965 0.000289312
2 0.132455 0.810333 0.226364 0.188282 0.000288035
0 0.677353 0.0668131 0.325792 0.131787 0.000286375
0 0.528487 0.340342 0.673191 0.245616 0.000285805
0 0.877857 0.982355 0.244286 0.0352905 0.000285092
2 0.155598 0.65513 0.261801 0.161778 0.000282105
2 0.463565 0.61699 0.67817 0.114754 0.000279468
0 0.821596 0.758829 0.149441 0.0895391 0.000279404
2 0.384116 0.877781 0.356885 0.0801306 0.000278977
2 0.279771 0.906067 0.516728 0.187867 0.000277954
0 0.852355 0.762726 0.0931107 0.0883291 0.000276561
0 0.820391 0.988028 0.0963566 0.0235391 0.000276504
0 0.266744 0.114614 0.148083 0.0427061 0.000275524
0 0.462083 0.535945 0.693335 0.105681 0.000275173
0 0.518464 0.834865 0.253074 0.156707 0.000273867
0 0.64954 0.625016 0.307239 0.100344 0.000273835
0 0.739621 0.628711 0.105807 0.0925251 0.000272622
2 0.552398 0.497512 0.775407 0.860164 0.00027237
0 0.865106 0.287263 0.106336 0.107774 0.000271613
0 0.718607 0.431239 0.317463 0.0785214 0.000269599
0 0.192166 0.586554 0.173267 0.164015 0.000269417
0 0.296475 0.550478 0.323192 0.24122 0.000268197
0 0.460225 0.723292 0.129178 0.0609068 0.000268143
0 0.573824 0.438863 0.717616 0.107148 0.000267913
2 0.110203 0.874274 0.210329 0.226553 0.000267733
0 0.742299 0.633193 0.363725 0.183907 0.000265727
0 0.789325 0.139199 0.0924735 0.0594222 0.000265123
0 0.357047 0.653289 0.260706 0.0651259 0.00026485
0 0.711558 0.536927 0.576885 0.128098 0.000264031
2 0.155476 0.165973 0.310953 0.296276 0.000263311
0 0.64503 0.603697 0.344228 0.117054 0.000262896
2 0.237386 0.883649 0.445397 0.232703 0.000261785
0 0.995263 0.559375 0.00947418 0.166219 0.00026178
0 0.897303 0.519295 0.120648 0.15892 0.000261366
0 0.776547 0.0149012 0.185551 0.0293152 0.000260514
0 0.931779 0.0224513 0.134763 0.0449026 0.000259761
0 0.413828 0.793137 0.157046 0.22657 0.000259641
2 0.0541014 0.0250505 0.108203 0.0497269 0.000259564
0 0.212066 0.571471 0.264331 0.200677 0.000258562
2 0.188934 0.771445 0.312757 0.224305 0.000258465
0 0.261026 0.139662 0.126331 0.0851805 0.000258402
2 0.24785 0.778992 0.398753 0.210703 0.000257753
0 0.739912 0.763622 0.0715348 0.0421698 0.000257575
0 0.316925 0.109173 0.164845 0.0467623 0.00025663
0 0.804807 0.0136636 0.170637 0.0263889 0.000256546
0 0.99592 0.0910609 0.00815918 0.159899 0.000255771
0 0.438782 0.860219 0.152046 0.0749672 0.000255627
0 0.809551 0.438057 0.264738 0.0913661 0.000255058
0 0.868932 0.958157 0.253683 0.0836868 0.000254521
0 0.853455 0.555284 0.0420087 0.0279978 0.000253392
2 0.260109 0.734496 0.400521 0.190975 0.000252789
0 0.528775 0.614858 0.576559 0.109569 0.000252696
0 0.597095 0.983257 0.264148 0.029681 0.000252131
0 0.676487 0.140717 0.253028 0.0732713 0.000252113
