2 0.496936 0.510725 0.679279 0.898312 0.900882
0 0.963624 0.226067 0.0726658 0.293812 0.058003
0 0.964417 0.166507 0.0711663 0.327677 0.00620007
0 0.966982 0.28124 0.0657913 0.445309 0.00490801
2 0.961802 0.232497 0.0763953 0.429149 0.00447566
2 0.964339 0.214394 0.0713223 0.271989 0.00311405
2 0.647253 0.521364 0.374348 0.615095 0.00245323
2 0.95407 0.269545 0.0910545 0.521134 0.00194501
2 0.297519 0.500597 0.254845 0.898363 0.00191537
2 0.916795 0.226571 0.166409 0.453141 0.00180895
0 0.98101 0.325124 0.0379098 0.473937 0.00179009
2 0.966312 0.35321 0.0673754 0.577843 0.00174726
2 0.238812 0.488687 0.440711 0.881064 0.00157439
1 0.874841 0.943834 0.250317 0.108075 0.00138749
2 0.580112 0.442886 0.821725 0.827854 0.00133191
0 0.990636 0.313893 0.0187276 0.186167 0.00129881
2 0.950492 0.434393 0.0970688 0.764122 0.00119658
2 0.299038 0.34034 0.597821 0.59444 0.00119144
0 0.112262 0.183886 0.224525 0.352595 0.00114973
2 0.9729 0.211558 0.0534586 0.232146 0.00114693
2 0.849807 0.181836 0.300386 0.363671 0.00114065
2 0.820141 0.29784 0.359718 0.581363 0.00113661
2 0.411888 0.473686 0.496159 0.830693 0.00112666
2 0.695264 0.280809 0.605599 0.524377 0.00107261
1 0.964953 0.204109 0.0700931 0.285667 0.00106026
2 0.406532 0.357423 0.523632 0.59502 0.00103698
2 0.575396 0.170383 0.826293 0.340766 0.00103049
2 0.970743 0.438466 0.0585141 0.705198 0.00102168
0 0.550761 0.892983 0.0571928 0.11051 0.001
2 0.655413 0.525604 0.613038 0.775285 0.000998598
0 0.166154 0.488494 0.332308 0.902677 0.000985926
2 0.934158 0.182385 0.131356 0.364771 0.000978702
2 0.825997 0.454275 0.348007 0.85031 0.000977758
2 0.29488 0.146916 0.58976 0.293832 0.000966362
2 0.726345 0.148443 0.538871 0.288267 0.00094684
2 0.895772 0.534296 0.208455 0.727236 0.00094218
0 0.987122 0.313232 0.0257567 0.339405 0.000926441
2 0.797771 0.156383 0.404458 0.312765 0.000903022
0 0.546076 0.156566 0.788612 0.2984 0.000901234
2 0.717995 0.102409 0.564001 0.204818 0.000898588
2 0.734968 0.524736 0.450755 0.717777 0.000887566
2 0.261941 0.228084 0.523881 0.451201 0.000871417
0 0.644589 0.552082 0.380209 0.677962 0.000867737
2 0.255565 0.751491 0.510212 0.427023 0.000858241
2 0.110657 0.163566 0.221314 0.325215 0.000845338
0 0.107359 0.490347 0.214607 0.860252 0.000838601
2 0.0554949 0.65153 0.11099 0.561382 0.000832241
2 0.727362 0.459849 0.545275 0.869862 0.00082787
2 0.934747 0.543991 0.128442 0.701467 0.000805553
1 0.0819563 0.739659 0.163913 0.441658 0.000794961
2 0.359526 0.186871 0.690711 0.341783 0.000794713
2 0.120833 0.702529 0.241665 0.478421 0.000785863
0 0.644029 0.660863 0.426503 0.565259 0.000785154
2 0.0936661 0.458602 0.187332 0.840064 0.000774788
0 0.990731 0.267992 0.0185374 0.110067 0.000769912
2 0.0800525 0.552055 0.160105 0.69739 0.000766624
2 0.118799 0.221548 0.237599 0.420536 0.000764151
0 0.113898 0.619358 0.227411 0.621287 0.000760927
2 0.72918 0.884428 0.537691 0.231143 0.000742738
0 0.0646412 0.225817 0.128384 0.377561 0.00073641
2 0.927292 0.614861 0.143772 0.527549 0.000730049
2 0.725506 0.627655 0.548987 0.501756 0.000728482
0 0.216464 0.567517 0.432928 0.774724 0.000725118
0 0.635098 0.753793 0.416056 0.409909 0.000723273
2 0.971265 0.573275 0.0574698 0.608545 0.000714061
0 0.453891 0.184666 0.698023 0.338179 0.000703645
0 0.888676 0.119678 0.222648 0.229086 0.000702711
0 0.975497 0.216126 0.0490055 0.191926 0.000699747
2 0.908471 0.679296 0.182465 0.397622 0.00069788
2 0.961084 0.708952 0.0778315 0.379659 0.00069299
1 0.106112 0.136595 0.212056 0.27319 0.000692904
0 0.0503333 0.389651 0.0530983 0.0951061 0.000687025
0 0.981268 0.424617 0.0373199 0.456443 0.000686446
0 0.400206 0.957167 0.483179 0.0856669 0.000683924
0 0.326607 0.960376 0.510964 0.0792475 0.00068147
0 0.966852 0.15351 0.0662961 0.14722 0.000673036
2 0.857147 0.630662 0.285705 0.493477 0.000671107
2 0.572744 0.947151 0.591081 0.105698 0.00066772
1 0.281333 0.090223 0.562666 0.180446 0.000666726
2 0.924395 0.767595 0.151194 0.350779 0.000666174
0 0.941814 0.277309 0.116371 0.416769 0.000662217
2 0.603516 0.0792179 0.792967 0.158436 0.000659902
2 0.968368 0.651562 0.0632646 0.459854 0.000658982
2 0.743733 0.957314 0.512533 0.0853726 0.000654244
0 0.211168 0.693296 0.422335 0.532199 0.000653785
2 0.477486 0.952127 0.591548 0.0957463 0.000640402
2 0.525548 0.880483 0.37383 0.157136 0.000640051
2 0.865541 0.751622 0.268918 0.335775 0.00064001
2 0.90374 0.151882 0.192521 0.303763 0.000622678
1 0.0993131 0.783544 0.19862 0.375484 0.000617612
0 0.57069 0.0581504 0.804429 0.116301 0.00060992
2 0.141318 0.1345 0.282636 0.268999 0.000607692
2 0.27146 0.946528 0.54292 0.106943 0.000607103
0 0.349507 0.687472 0.39285 0.540189 0.000606773
1 0.138053 0.820041 0.276106 0.308615 0.000602892
1 0.113642 0.94649 0.227284 0.10702 0.000596739
0 0.670618 0.856097 0.535862 0.22369 0.000594745
1 0.108141 0.0992498 0.216283 0.1985 0.000580616
2 0.858352 0.952647 0.283296 0.0947065 0.000576456
0 0.988568 0.254125 0.0228634 0.108429 0.00057536
2 0.196326 0.94542 0.392652 0.109161 0.000563114
0 0.396483 0.0830023 0.691539 0.166005 0.000561785
0 0.293875 0.737112 0.534033 0.447244 0.00055961
2 0.278558 0.837967 0.555787 0.315353 0.000555128
1 0.105501 0.903811 0.211001 0.167497 0.000552142
0 0.345322 0.524152 0.35274 0.86665 0.000549349
2 0.203112 0.896805 0.406224 0.193709 0.000546259
2 0.471341 0.882855 0.286611 0.155603 0.000545052
1 0.159938 0.951393 0.319876 0.0972149 0.000530564
0 0.641959 0.854775 0.258465 0.23806 0.000528401
1 0.151022 0.915712 0.302044 0.145009 0.000524393
1 0.201072 0.0965438 0.402145 0.193088 0.000521965
0 0.448898 0.681342 0.563804 0.553115 0.000518124
2 0.597319 0.617026 0.483265 0.666357 0.000516724
2 0.595975 0.861883 0.622467 0.237389 0.00051236
0 0.0526814 0.298661 0.10437 0.284855 0.00050909
0 0.0956797 0.131942 0.190438 0.253552 0.000503061
0 0.295324 0.834109 0.57088 0.297635 0.000497635
2 0.872685 0.932366 0.254631 0.135268 0.000495195
2 0.854124 0.922337 0.291751 0.122564 0.000494495
0 0.0382449 0.382763 0.07029 0.110545 0.000490085
2 0.880961 0.846676 0.238078 0.286535 0.000487271
0 0.82066 0.952757 0.35868 0.0944865 0.000487062
0 0.293361 0.764476 0.229389 0.171949 0.00048609
2 0.836695 0.691394 0.326394 0.370983 0.000484745
2 0.560658 0.86028 0.357016 0.201689 0.000484129
2 0.712721 0.84507 0.569162 0.220235 0.000482198
0 0.481082 0.420205 0.684939 0.744174 0.000473621
2 0.20784 0.805824 0.415681 0.341069 0.000471275
0 0.413649 0.102395 0.248194 0.191572 0.000464405
0 0.566583 0.842677 0.567987 0.243963 0.000459133
0 0.80794 0.167802 0.380447 0.31597 0.000458805
0 0.238293 0.487171 0.128723 0.475745 0.0004581
2 0.477863 0.394334 0.65252 0.658584 0.000446821
0 0.532471 0.71184 0.613108 0.495581 0.000446255
0 0.954876 0.371469 0.0902482 0.398679 0.000440844
0 0.874574 0.159696 0.250852 0.305109 0.000438844
2 0.244557 0.433765 0.141442 0.530412 0.000428661
0 0.757755 0.125989 0.232996 0.242579 0.000421014
2 0.789076 0.920776 0.421848 0.125296 0.000419371
0 0.139416 0.154999 0.278832 0.294791 0.000409366
2 0.79371 0.755522 0.412579 0.320372 0.000409091
0 0.807533 0.126432 0.298054 0.242692 0.000407482
0 0.0360991 0.312333 0.0720569 0.317891 0.000403961
0 0.436464 0.873553 0.553611 0.177727 0.000403461
2 0.74122 0.910639 0.51756 0.161949 0.000400463
0 0.495544 0.609956 0.650043 0.701419 0.000399542
0 0.97978 0.502061 0.0401187 0.471523 0.000399029
0 0.0348238 0.377964 0.0696477 0.334455 0.000396526
0 0.893824 0.500744 0.211212 0.290084 0.000394602
0 0.353484 0.39006 0.400534 0.566716 0.00038186
0 0.270158 0.749821 0.186287 0.139109 0.000381605
0 0.202053 0.435526 0.279741 0.451614 0.000377812
0 0.13725 0.994256 0.217822 0.011487 0.000376711
0 0.0296277 0.427189 0.0592553 0.349961 0.000368388
0 0.456648 0.100814 0.237804 0.187517 0.000367632
0 0.891994 0.996771 0.216012 0.00645862 0.000366196
0 0.690002 0.659239 0.285821 0.214583 0.000366136
0 0.209044 0.790791 0.378811 0.289639 0.000366107
2 0.324366 0.251207 0.243555 0.39644 0.000364377
0 0.612224 0.997071 0.152457 0.0058587 0.000362237
0 0.176093 0.661311 0.330985 0.226312 0.000361711
2 0.247462 0.550559 0.142958 0.375685 0.000360653
0 0.217877 0.359571 0.300248 0.467811 0.00035862
0 0.065488 0.166762 0.130976 0.31912 0.00035817
0 0.171829 0.716713 0.343658 0.261195 0.000357357
0 0.487132 0.995852 0.183225 0.00829651 0.000355557
0 0.0761597 0.465213 0.152319 0.304163 0.00035527
0 0.0576076 0.381231 0.0690417 0.116353 0.000354376
0 0.318173 0.824106 0.259186 0.218314 0.000354122
0 0.253189 0.665151 0.155294 0.282065 0.000352988
2 0.806833 0.00337415 0.132692 0.00674829 0.000352068
0 0.585893 0.997027 0.132574 0.0059458 0.000348311
0 0.66355 0.994692 0.193799 0.0106166 0.000345659
0 0.316327 0.416672 0.279287 0.581792 0.000343958
0 0.716553 0.151027 0.170732 0.267592 0.000343363
0 0.715169 0.993653 0.202397 0.0126949 0.000338588
2 0.728857 0.807322 0.542286 0.254308 0.000338325
0 0.195545 0.835861 0.391091 0.306588 0.00033824
0 0.0679003 0.350662 0.134973 0.199116 0.000336903
0 0.518431 0.894005 0.121318 0.115785 0.000336569
0 0.689241 0.119752 0.200365 0.224056 0.000335998
2 0.831894 0.00455243 0.130109 0.00910486 0.000334567
0 0.637514 0.995968 0.171678 0.00806403 0.000334057
2 0.965964 0.188703 0.0680725 0.188035 0.000331267
0 0.461407 0.994076 0.181763 0.0118475 0.000330986
2 0.781489 0.0027116 0.135358 0.0054232 0.00032946
0 0.794072 0.995258 0.175137 0.00948425 0.000326215
0 0.44435 0.522267 0.548376 0.871328 0.000325154
0 0.532499 0.997291 0.137809 0.00541803 0.000323831
0 0.883047 0.506667 0.233907 0.391495 0.000322474
0 0.25624 0.198129 0.13967 0.277772 0.000321485
0 0.558692 0.997459 0.124804 0.00508228 0.000320478
0 0.218736 0.993488 0.206586 0.0130232 0.000320048
0 0.249069 0.833543 0.332607 0.269674 0.000318932
1 0.492919 0.864493 0.634784 0.19572 0.00031833
0 0.273607 0.994126 0.194677 0.0117471 0.000316805
0 0.822713 0.399742 0.295323 0.377043 0.000316667
0 0.506994 0.789153 0.680634 0.344733 0.000314571
0 0.249375 0.766233 0.325191 0.219485 0.000314489
0 0.275941 0.1764 0.128914 0.232538 0.00031345
0 0.910167 0.29195 0.179666 0.407466 0.000311341
0 0.88272 0.296946 0.234561 0.295553 0.000311205
0 0.211266 0.694349 0.316555 0.232765 0.000309871
2 0.756273 0.00212892 0.140676 0.00425783 0.000309615
0 0.543288 0.842763 0.253878 0.231631 0.0003092
0 0.930694 0.338854 0.138139 0.331808 0.000308255
0 0.842723 0.996353 0.185217 0.00729486 0.000306969
0 0.799242 0.342169 0.310633 0.312384 0.000306848
0 0.466975 0.833398 0.277846 0.2652 0.000306331
0 0.132592 0.677255 0.265185 0.255925 0.000306194
0 0.0365699 0.363101 0.0730103 0.151835 0.000303778
0 0.0519343 0.553598 0.103869 0.378536 0.000302776
0 0.333102 0.995734 0.157634 0.00853204 0.000301912
0 0.500431 0.81425 0.299719 0.296655 0.000301859
0 0.417096 0.165985 0.342747 0.301362 0.000300463
0 0.91724 0.944061 0.165521 0.105249 0.00030007
0 0.983813 0.354948 0.032374 0.289801 0.000300064
0 0.593785 0.846673 0.168001 0.224326 0.000299751
0 0.48086 0.254372 0.367501 0.270708 0.000299423
0 0.785793 0.42266 0.275273 0.401008 0.000299072
0 0.939102 0.993536 0.121565 0.0129269 0.000298353
2 0.27015 0.592407 0.187774 0.27443 0.000298274
0 0.922413 0.420006 0.15416 0.30465 0.000296915
0 0.818857 0.460119 0.231392 0.440414 0.000296105
0 0.875564 0.240155 0.248872 0.297517 0.000295947
0 0.258291 0.418737 0.165108 0.550852 0.000295541
0 0.116004 0.712727 0.232007 0.267956 0.000295347
0 0.334549 0.719108 0.283028 0.298344 0.000295083
2 0.732229 0.0021161 0.140821 0.0042322 0.000294688
0 0.354624 0.663063 0.3372 0.294111 0.000293284
2 0.506534 0.842249 0.279455 0.235897 0.000293236
0 0.217705 0.289418 0.276257 0.484904 0.000292861
0 0.375728 0.842095 0.346713 0.219691 0.000292854
0 0.110441 0.366634 0.220883 0.20787 0.000292246
0 0.39093 0.0926797 0.179468 0.168336 0.000292213
0 0.180293 0.485427 0.311043 0.38342 0.000291655
0 0.755851 0.465471 0.21335 0.452994 0.00029156
0 0.0978118 0.579268 0.195624 0.313272 0.000291175
0 0.954521 0.444344 0.0909578 0.430685 0.000290459
0 0.0355037 0.521616 0.0710074 0.363457 0.000290087
0 0.713929 0.206527 0.162156 0.190181 0.0002897
0 0.182608 0.325221 0.351077 0.362096 0.000289656
0 0.220371 0.321937 0.151152 0.558401 0.000289611
0 0.201263 0.629112 0.290815 0.221991 0.0002893
0 0.18588 0.39806 0.306398 0.300818 0.000288944
0 0.870255 0.610135 0.198655 0.42643 0.000288157
0 0.116029 0.448113 0.232058 0.319462 0.000288084
0 0.880557 0.381932 0.238886 0.342651 0.000287644
2 0.858523 0.004763 0.138823 0.00952599 0.000286256
0 0.534374 0.10209 0.275232 0.190764 0.000285645
0 0.240514 0.784225 0.235669 0.190253 0.000285457
0 0.906932 0.177672 0.186136 0.335411 0.000284951
0 0.834567 0.68705 0.248787 0.416808 0.000283612
0 0.0837528 0.994926 0.161364 0.0101472 0.000282934
0 0.136689 0.873878 0.273378 0.220543 0.000282902
0 0.137079 0.635249 0.274158 0.250527 0.000281207
1 0.283396 0.00145683 0.145429 0.00291366 0.000280541
2 0.705527 0.00303233 0.143788 0.00606466 0.000279775
0 0.875404 0.444924 0.238146 0.396234 0.000277737
0 0.867294 0.920741 0.265411 0.13801 0.000277706
0 0.646075 0.104152 0.200794 0.190086 0.000277279
0 0.9617 0.114785 0.0766003 0.220531 0.000276231
0 0.530374 0.26941 0.296413 0.222464 0.00027518
0 0.0279688 0.550011 0.0559376 0.402425 0.00027509
0 0.167737 0.582028 0.335473 0.298124 0.000274984
0 0.880531 0.66494 0.238939 0.363336 0.000274616
0 0.909402 0.0915342 0.181196 0.175548 0.000274139
1 0.256546 0.00158712 0.150053 0.00317425 0.00027353
0 0.713339 0.274858 0.161435 0.276873 0.000273432
0 0.358183 0.99523 0.151209 0.00953937 0.000273038
0 0.970807 0.944338 0.0582088 0.111324 0.000272969
0 0.589138 0.70406 0.328391 0.254138 0.00027256
0 0.0578102 0.49009 0.11562 0.315572 0.000271179
0 0.242553 0.172749 0.118152 0.230727 0.00027079
0 0.618192 0.671744 0.344173 0.192312 0.000270655
0 0.432477 0.993159 0.165755 0.0136813 0.000270407
0 0.128916 0.835164 0.257831 0.301057 0.000270294
2 0.704743 0.678361 0.25595 0.175296 0.000270162
0 0.952462 0.993678 0.0946597 0.0126445 0.000269493
0 0.376138 0.4658 0.402661 0.537626 0.000269385
0 0.386895 0.13795 0.242831 0.172641 0.000269214
2 0.658883 0.571152 0.344606 0.155066 0.000268715
0 0.294235 0.492103 0.225551 0.532927 0.0002684
0 0.375932 0.552872 0.393555 0.410874 0.000268105
0 0.10757 0.315497 0.21514 0.267238 0.000267757
0 0.851572 0.509319 0.167549 0.428476 0.000266595
0 0.331159 0.761062 0.289424 0.187934 0.000266332
0 0.0656538 0.871526 0.130717 0.222121 0.000265654
0 0.710147 0.365657 0.152037 0.4739 0.000264788
2 0.155533 0.000915313 0.145092 0.00183063 0.000264089
2 0.559386 0.00319296 0.137069 0.00638591 0.000263881
0 0.0823613 0.631925 0.164723 0.285557 0.000263746
0 0.436304 0.802001 0.267138 0.322435 0.000262575
0 0.935652 0.927242 0.12848 0.120702 0.000262047
0 0.532043 0.69411 0.302101 0.272908 0.000261735
1 0.182816 0.00113685 0.14698 0.0022737 0.000261674
0 0.893827 0.641994 0.211426 0.262306 0.000261604
0 0.578454 0.777056 0.31559 0.36339 0.000261067
0 0.826328 0.49145 0.155831 0.452621 0.000260324
