1 0.476096 0.507055 0.59192 0.746456 0.938587
1 0.282268 0.303812 0.158975 0.165846 0.113618
1 0.723043 0.756351 0.082317 0.178733 0.00637764
0 0.983583 0.870498 0.0328333 0.115366 0.00576181
1 0.254575 0.304247 0.223866 0.168941 0.00531429
1 0.182184 0.256669 0.364369 0.385506 0.00486062
1 0.724104 0.726903 0.0868988 0.246273 0.0041219
1 0.182324 0.343866 0.364648 0.405045 0.0040756
1 0.183231 0.299867 0.360322 0.265849 0.00382798
1 0.619464 0.502051 0.303332 0.734536 0.00320406
1 0.180069 0.436754 0.360138 0.515922 0.00318599
1 0.64097 0.569753 0.260668 0.567135 0.00232096
1 0.253272 0.225908 0.506545 0.451816 0.00218008
1 0.728814 0.771262 0.0619253 0.141653 0.0021753
0 0.982724 0.896198 0.0330868 0.0658981 0.00193289
2 0.60759 0.483274 0.325754 0.703517 0.0019077
1 0.121358 0.182332 0.242716 0.364665 0.00161408
1 0.380588 0.29617 0.603245 0.379044 0.00139867
1 0.100414 0.741795 0.200828 0.31911 0.0012859
1 0.742725 0.751671 0.115169 0.186839 0.00126588
1 0.0990703 0.809104 0.198141 0.268418 0.00124993
0 0.676149 0.741699 0.184382 0.202388 0.00124252
0 0.992264 0.0890298 0.0154722 0.17806 0.00123793
0 0.977007 0.410605 0.0459858 0.614696 0.00123163
1 0.802995 0.579386 0.305358 0.577877 0.00121673
0 0.583986 0.492977 0.363955 0.713323 0.00120571
1 0.317733 0.530796 0.631207 0.698474 0.00118158
0 0.675207 0.691676 0.190402 0.306757 0.00117538
1 0.176709 0.560747 0.345845 0.718725 0.00116205
0 0.693726 0.859007 0.0280229 0.0334053 0.0011488
1 0.740852 0.65461 0.12197 0.40346 0.00112381
1 0.695445 0.483806 0.412317 0.761531 0.00112224
0 0.975991 0.878584 0.0469982 0.123882 0.00110864
0 0.975688 0.569913 0.0486231 0.590753 0.00108521
1 0.432229 0.556758 0.495846 0.614302 0.00108095
1 0.0865925 0.113212 0.173185 0.226424 0.00107671
1 0.359279 0.248898 0.676461 0.497795 0.00106086
0 0.977106 0.252293 0.0457872 0.504586 0.00104971
1 0.232101 0.49283 0.459284 0.641743 0.00104395
1 0.700737 0.590049 0.267341 0.530252 0.00103749
1 0.422292 0.693453 0.297176 0.325701 0.00102879
1 0.0898894 0.157108 0.179779 0.314216 0.00101782
1 0.975586 0.756378 0.048828 0.435553 0.00101546
1 0.418274 0.694692 0.449862 0.335492 0.00101354
1 0.12201 0.525427 0.244021 0.540036 0.0010021
1 0.975324 0.63933 0.0493513 0.545853 0.000997621
1 0.87287 0.687742 0.205764 0.389303 0.000978122
1 0.975159 0.836659 0.0496817 0.326682 0.000969104
2 0.6894 0.475653 0.473309 0.809193 0.000956111
1 0.0679895 0.708129 0.135979 0.367559 0.000952294
1 0.0507075 0.636265 0.101415 0.440171 0.000945429
0 0.977015 0.219685 0.0457649 0.322384 0.000942082
2 0.625389 0.392672 0.416766 0.6854 0.000925401
0 0.977897 0.875569 0.0442055 0.22875 0.000918279
1 0.37979 0.401888 0.633399 0.512735 0.000916992
1 0.106093 0.926525 0.212187 0.146951 0.00091058
1 0.811098 0.51476 0.377789 0.700045 0.000907628
1 0.202469 0.967213 0.386538 0.0655742 0.000906778
1 0.165397 0.753254 0.25356 0.373385 0.000899821
1 0.892754 0.665305 0.144697 0.4672 0.000896737
0 0.261097 0.967984 0.447333 0.0640321 0.000885791
1 0.126523 0.907378 0.253046 0.185244 0.000876447
1 0.534483 0.315549 0.855882 0.631098 0.000874082
1 0.374545 0.606244 0.658227 0.583857 0.000861459
1 0.261961 0.0373987 0.523922 0.0747974 0.000856699
1 0.934934 0.734622 0.112552 0.439841 0.000844825
1 0.329608 0.886456 0.563657 0.227088 0.000844334
1 0.387048 0.723124 0.571672 0.381997 0.000837625
1 0.186512 0.811236 0.328608 0.34551 0.000835144
1 0.345194 0.044675 0.671149 0.08935 0.000829646
2 0.552929 0.374601 0.611202 0.749201 0.000814591
1 0.0900882 0.62697 0.180176 0.512775 0.000804596
1 0.849925 0.735422 0.277139 0.358075 0.000804511
1 0.0551409 0.530324 0.110282 0.515401 0.000798038
0 0.775519 0.482193 0.448961 0.779477 0.000788317
1 0.537962 0.0360064 0.811247 0.0720128 0.000787727
0 0.350756 0.968751 0.470807 0.0624977 0.000785273
1 0.202353 0.892311 0.397613 0.215377 0.000783488
1 0.150864 0.289306 0.301728 0.496576 0.000776361
0 0.982789 0.889873 0.0344089 0.168319 0.00077341
1 0.739181 0.615164 0.293353 0.476799 0.000770396
1 0.117916 0.961837 0.235831 0.0763264 0.000769858
1 0.956651 0.904466 0.0866988 0.191069 0.000768243
0 0.923188 0.768835 0.143111 0.394983 0.000762746
0 0.98453 0.0857901 0.0304794 0.163499 0.000758187
1 0.0969944 0.0385377 0.193989 0.0770753 0.000758111
1 0.903179 0.606218 0.149944 0.556149 0.000750867
0 0.601836 0.836088 0.632075 0.327825 0.000747444
0 0.944667 0.440431 0.10537 0.749464 0.000743338
2 0.898098 0.965715 0.203803 0.0685707 0.000741999
0 0.903498 0.833559 0.187179 0.332883 0.000738116
1 0.117248 0.700205 0.234496 0.433502 0.000737727
1 0.9404 0.610753 0.1027 0.606316 0.000735362
1 0.720734 0.604567 0.0943319 0.489246 0.000730339
1 0.673502 0.612101 0.195793 0.468302 0.00072884
0 0.842107 0.967883 0.315787 0.064234 0.000725804
0 0.833274 0.830183 0.332313 0.339634 0.000714403
1 0.313478 0.306664 0.138118 0.169943 0.000706689
0 0.434989 0.966418 0.441054 0.0671636 0.000696436
0 0.912872 0.520907 0.161565 0.694973 0.000695474
0 0.426194 0.534702 0.404351 0.648377 0.00069393
0 0.933538 0.287603 0.127391 0.575205 0.000687176
1 0.0683139 0.465551 0.136628 0.437766 0.000681078
1 0.330818 0.685728 0.579937 0.519025 0.000658818
1 0.799203 0.68015 0.354162 0.411325 0.000653097
0 0.941746 0.54934 0.106924 0.666915 0.000652676
1 0.339466 0.819346 0.524345 0.348996 0.000645928
0 0.919753 0.205316 0.154001 0.410631 0.00064579
1 0.168882 0.0317972 0.337764 0.0635944 0.000637536
1 0.713493 0.166461 0.513638 0.332922 0.000636716
0 0.508352 0.964505 0.490838 0.0709894 0.000635515
0 0.632494 0.965587 0.521338 0.0688269 0.000633261
0 0.885918 0.324621 0.228164 0.649242 0.000627625
0 0.89884 0.439211 0.202321 0.810483 0.000620942
1 0.712779 0.745844 0.106125 0.195994 0.000617667
1 0.458835 0.339057 0.620343 0.631923 0.000617011
0 0.431941 0.849297 0.398938 0.301406 0.000614658
1 0.527796 0.42127 0.483098 0.573242 0.000613749
0 0.782939 0.969656 0.38203 0.0606874 0.0006121
1 0.485808 0.219532 0.707718 0.439064 0.000610696
0 0.867157 0.211361 0.258686 0.422723 0.000602506
1 0.65913 0.221798 0.577195 0.443595 0.000602237
1 0.765939 0.250086 0.468123 0.500173 0.000601398
0 0.758845 0.829448 0.379941 0.341104 0.000598147
1 0.796279 0.0312204 0.407442 0.0624407 0.000597443
2 0.707881 0.298072 0.511289 0.592768 0.000595644
1 0.43729 0.755373 0.378066 0.211361 0.00058988
1 0.411276 0.766469 0.51332 0.261553 0.000588243
1 0.12273 0.412236 0.245461 0.342917 0.000584177
0 0.560977 0.681105 0.532014 0.40586 0.000566468
0 0.986992 0.470367 0.0257161 0.199512 0.000563764
1 0.705132 0.706825 0.12487 0.278418 0.000558426
1 0.680959 0.0314021 0.606425 0.0628042 0.000558048
0 0.750975 0.3709 0.49805 0.731242 0.000552543
1 0.714567 0.852965 0.0740629 0.0541383 0.000549103
1 0.821761 0.139268 0.351994 0.278536 0.000540049
0 0.528223 0.816589 0.517029 0.366823 0.000534373
0 0.9866 0.458572 0.0265243 0.315581 0.000528654
1 0.858996 0.0430944 0.282008 0.0861889 0.000524935
0 0.646507 0.635957 0.303241 0.474678 0.000513006
0 0.988827 0.123961 0.0223465 0.247923 0.00050935
0 0.678167 0.758273 0.25185 0.173446 0.000497451
1 0.699947 0.595581 0.134876 0.523691 0.000495356
0 0.0536346 0.985134 0.105051 0.0297324 0.000493496
1 0.963874 0.165332 0.0720192 0.330663 0.000492401
0 0.0155341 0.951409 0.0307776 0.097181 0.000480742
1 0.893617 0.153674 0.205654 0.307349 0.000479274
1 0.338106 0.295817 0.202855 0.157492 0.000476444
1 0.909908 0.081238 0.180183 0.162476 0.000467502
1 0.512956 0.640762 0.441289 0.430454 0.000459518
0 0.980459 0.899442 0.0389569 0.201115 0.000445871
0 0.985059 0.41984 0.029748 0.41086 0.000438478
1 0.769432 0.758205 0.122915 0.164809 0.000433563
2 0.0105104 0.450729 0.0210208 0.237517 0.000431909
0 0.569634 0.624511 0.41051 0.453297 0.000427002
0 0.976313 0.163761 0.0473748 0.327523 0.000422039
0 0.982221 0.144389 0.0354027 0.288779 0.000421651
0 0.535078 0.711886 0.480308 0.290888 0.000416736
0 0.0206601 0.984005 0.0413202 0.0319904 0.000405161
0 0.0847468 0.991687 0.164313 0.016627 0.000391104
1 0.292707 0.334953 0.150545 0.230176 0.000389642
0 0.00971595 0.713355 0.0194319 0.160577 0.000387408
0 0.860069 0.995308 0.179768 0.00938379 0.000381085
0 0.977322 0.0918476 0.0450596 0.173375 0.000379927
2 0.788243 0.000331593 0.172224 0.000663185 0.000378871
0 0.600699 0.996433 0.153774 0.00713434 0.00037429
0 0.982195 0.319385 0.0355629 0.485045 0.000373436
0 0.988444 0.864931 0.0229932 0.172745 0.000372676
0 0.956917 0.57303 0.086156 0.442042 0.000368724
0 0.129107 0.99271 0.184758 0.0145794 0.000368426
0 0.976549 0.968206 0.0469023 0.0635881 0.000367649
1 0.892996 0.000427905 0.179788 0.00085581 0.00036552
2 0.160385 0.294599 0.320769 0.215232 0.000364001
2 0.113435 0.345303 0.22687 0.340275 0.000362291
0 0.178154 0.988757 0.191679 0.0224863 0.000355838
2 0.839727 0.000656481 0.18224 0.00131296 0.000354814
0 0.660571 0.737776 0.25641 0.175927 0.000354585
0 0.469099 0.492866 0.532709 0.737581 0.000353033
1 0.761378 0.733143 0.129787 0.249856 0.000350418
0 0.48985 0.214074 0.0207718 0.0465596 0.000349919
0 0.44378 0.292708 0.440673 0.279251 0.00034788
1 0.43379 0.8804 0.310079 0.163285 0.000347827
1 0.312576 0.00161359 0.185556 0.00322717 0.000347674
2 0.739981 0.000995464 0.174854 0.00199093 0.000346741
1 0.690482 0.753939 0.152689 0.178166 0.00034385
0 0.708993 0.994057 0.158577 0.0118851 0.000335332
1 0.709253 0.772464 0.119066 0.155578 0.000333383
1 0.478043 0.884311 0.193875 0.157616 0.00033089
1 0.689644 0.00160267 0.163822 0.00320535 0.000330697
0 0.519726 0.445239 0.492353 0.620175 0.000330625
0 0.983082 0.65023 0.0338354 0.282166 0.000330431
0 0.226921 0.99044 0.181062 0.0191191 0.00032926
0 0.282957 0.988088 0.209834 0.0238248 0.000328766
1 0.311085 0.360011 0.162719 0.281796 0.000328712
0 0.956896 0.986895 0.0862083 0.02621 0.000328593
1 0.780541 0.78438 0.148533 0.211727 0.000327698
0 0.978032 0.802825 0.0439351 0.394349 0.000327203
0 0.907129 0.995071 0.173364 0.00985779 0.000324956
2 0.466485 0.00139822 0.172396 0.00279644 0.000324925
1 0.765157 0.655468 0.140275 0.450411 0.000324748
1 0.670868 0.790156 0.321641 0.1899 0.000323896
0 0.582829 0.703691 0.318399 0.145371 0.000323438
1 0.271847 0.00182893 0.178573 0.00365785 0.000323073
1 0.662191 0.00246929 0.165855 0.00493858 0.000321868
0 0.969782 0.429999 0.0594717 0.381153 0.000321265
0 0.625215 0.995971 0.162231 0.00805829 0.000320134
2 0.417795 0.00120665 0.184486 0.00241329 0.0003198
0 0.967145 0.543081 0.0653377 0.397152 0.000317709
0 0.970797 0.0620614 0.0580112 0.118923 0.000316829
0 0.563559 0.996438 0.17015 0.00712469 0.000316245
0 0.619816 0.656194 0.337251 0.304705 0.000315093
0 0.485679 0.722795 0.401405 0.247873 0.000314684
1 0.0403253 0.503161 0.0805781 0.345413 0.000312811
1 0.361956 0.0014072 0.187816 0.0028144 0.000312678
0 0.443482 0.833944 0.32111 0.0970468 0.000312617
0 0.984843 0.683376 0.030077 0.253232 0.000312596
0 0.640669 0.10521 0.140481 0.206065 0.000309004
0 0.311068 0.990203 0.204465 0.0195931 0.000308733
0 0.985014 0.551434 0.0299709 0.360911 0.000306902
0 0.894059 0.638661 0.090678 0.180533 0.000306777
2 0.514437 0.00276695 0.158378 0.0055339 0.000306204
1 0.933204 0.000669061 0.133592 0.00133812 0.00030549
0 0.929474 0.461497 0.125345 0.316829 0.00030384
1 0.363495 0.282526 0.257678 0.140106 0.000303581
0 0.731488 0.992528 0.161597 0.0149431 0.000302743
0 0.305149 0.301166 0.124108 0.16629 0.000302258
0 0.658252 0.994996 0.170307 0.0100076 0.000301077
0 0.00958804 0.75487 0.0191761 0.210994 0.000301068
1 0.335851 0.272316 0.183642 0.14131 0.000299892
0 0.632942 0.378908 0.202307 0.496983 0.00029906
0 0.966905 0.330406 0.0661908 0.48403 0.000295711
2 0.663523 0.799552 0.30777 0.246775 0.000294659
0 0.921903 0.420636 0.123858 0.262391 0.000294429
2 0.635396 0.00366911 0.163843 0.00733822 0.000292996
1 0.0972851 0.0153893 0.181138 0.0307785 0.000290796
2 0.537975 0.00399216 0.162357 0.00798433 0.000289455
1 0.745308 0.584038 0.114404 0.581919 0.000289133
0 0.923914 0.992959 0.152173 0.0140821 0.000289045
2 0.29076 0.829329 0.313211 0.207904 0.000288513
2 0.516744 0.754837 0.447625 0.236031 0.00028823
0 0.66708 0.714556 0.220049 0.208742 0.000287313
0 0.981967 0.588611 0.0360653 0.380994 0.000285998
2 0.608946 0.005077 0.166203 0.010154 0.000285591
1 0.110757 0.0222721 0.186567 0.0445441 0.000284454
0 0.44082 0.853549 0.358906 0.125655 0.0002844
0 0.00982035 0.667813 0.0196407 0.236452 0.000282953
2 0.562034 0.00559791 0.169017 0.0111958 0.000282642
0 0.938667 0.985915 0.122667 0.0281691 0.000281245
2 0.601042 0.740846 0.307569 0.161526 0.000281065
0 0.897589 0.419481 0.155943 0.29276 0.000280453
2 0.194444 0.289388 0.324065 0.182537 0.000280174
2 0.410741 0.676781 0.2268 0.351855 0.000280044
1 0.0339865 0.671498 0.0670337 0.311887 0.000279246
1 0.72814 0.834565 0.115857 0.114677 0.000278357
0 0.555404 0.244546 0.144817 0.206012 0.000277668
0 0.927956 0.54042 0.143563 0.462588 0.000276492
0 0.875508 0.736309 0.148552 0.490992 0.000276151
0 0.449475 0.521606 0.381919 0.240046 0.000275843
0 0.0434814 0.93569 0.0857565 0.12862 0.000275707
0 0.805332 0.99369 0.160154 0.0126198 0.0002757
0 0.965224 0.815321 0.0694305 0.369357 0.000275069
0 0.604271 0.674039 0.311573 0.218064 0.000274327
0 0.537286 0.69929 0.357369 0.210661 0.000274273
0 0.430989 0.742767 0.276953 0.214082 0.000274182
0 0.405882 0.99202 0.220361 0.0159596 0.000274091
0 0.283908 0.805537 0.323266 0.324836 0.000273754
1 0.778979 0.839041 0.188142 0.188129 0.000271132
1 0.355733 0.788462 0.313509 0.102289 0.000270884
0 0.0331425 0.141513 0.0662849 0.26962 0.000270228
0 0.899238 0.687945 0.102761 0.282725 0.00027009
0 0.716534 0.362721 0.290303 0.359324 0.000268732
0 0.932905 0.633313 0.0936844 0.163214 0.000268628
0 0.961039 0.642643 0.0749313 0.285878 0.000267983
0 0.903694 0.471581 0.182762 0.452347 0.000267825
0 0.101995 0.864827 0.162009 0.270346 0.000266999
1 0.143498 0.0326246 0.201588 0.0652493 0.00026674
1 0.0471629 0.644812 0.0937938 0.330495 0.000265838
1 0.0390528 0.261383 0.0767686 0.239401 0.000264922
0 0.400717 0.574017 0.21187 0.28752 0.000264339
0 0.506785 0.995904 0.151843 0.00819208 0.000264233
0 0.867848 0.338044 0.222811 0.522395 0.000264091
2 0.614722 0.362795 0.284521 0.459202 0.000263107
0 0.757199 0.991468 0.167366 0.017064 0.000262058
2 0.187924 0.0118596 0.205998 0.0237192 0.000261756
2 0.470582 0.557404 0.402993 0.2495 0.00026134
2 0.87191 0.647431 0.189997 0.444361 0.000261124
2 0.461489 0.503825 0.450432 0.27156 0.000259793
0 0.239139 0.207221 0.282353 0.38772 0.000259098
0 0.878344 0.43443 0.176284 0.381857 0.000258782
0 0.948533 0.230217 0.0976822 0.166526 0.00025857
2 0.221814 0.00431425 0.178891 0.00862851 0.00025847
0 0.694726 0.306678 0.323012 0.332922 0.00025695
0 0.933954 0.354279 0.127713 0.388784 0.000255919
2 0.235889 0.825965 0.35567 0.348069 0.000255746
2 0.47157 0.633325 0.345925 0.317674 0.000255589
0 0.906122 0.80346 0.126632 0.266642 0.00025465
2 0.197189 0.581523 0.307163 0.352601 0.000254138
2 0.0107619 0.379516 0.0215237 0.277184 0.000253813
0 0.38609 0.193682 0.406676 0.345359 0.000253772
0 0.690773 0.57951 0.151381 0.479748 0.000253685
