0 0.464872 0.71703 0.260474 0.325207 0.823487
2 0.695874 0.471749 0.338833 0.440335 0.725038
2 0.53937 0.398013 0.187494 0.238683 0.512434
1 0.0380063 0.213154 0.0746359 0.1294 0.477862
2 0.921492 0.0343879 0.156603 0.0683562 0.337995
1 0.128925 0.0600472 0.244113 0.120094 0.302968
2 0.977235 0.447199 0.0455302 0.159068 0.193121
2 0.0379893 0.209083 0.0759787 0.118038 0.162091
0 0.507831 0.677453 0.172866 0.241504 0.150502
2 0.124642 0.0604336 0.249284 0.120867 0.114886
1 0.179709 0.0503636 0.275532 0.100375 0.102599
2 0.244122 0.0495434 0.139505 0.0976634 0.0898633
0 0.365844 0.0523599 0.122654 0.102539 0.0710466
0 0.590194 0.0295481 0.0534534 0.05726 0.0680655
0 0.414413 0.0528149 0.184159 0.104905 0.067242
2 0.695798 0.0775144 0.111691 0.151685 0.0654253
0 0.361135 0.960611 0.0376496 0.0539428 0.0633258
0 0.696422 0.0777395 0.113481 0.153598 0.0575994
1 0.24291 0.0486057 0.139129 0.0972115 0.0444406
1 0.200378 0.0556718 0.398282 0.109338 0.0429378
2 0.589851 0.0282273 0.0526511 0.055769 0.0427116
0 0.415653 0.778032 0.154893 0.197142 0.0368944
1 0.301735 0.050299 0.274864 0.100199 0.0359859
2 0.0575637 0.942332 0.115127 0.115336 0.0338916
0 0.243722 0.052185 0.480897 0.103123 0.03369
2 0.982248 0.432966 0.0355046 0.145413 0.0328754
2 0.555931 0.461596 0.226446 0.389261 0.0319964
1 0.899569 0.590809 0.156363 0.136656 0.0278116
1 0.962603 0.860051 0.074793 0.279897 0.0275985
2 0.921981 0.0571691 0.156038 0.114338 0.027295
1 0.885915 0.568887 0.170005 0.181987 0.0270272
0 0.388211 0.0526739 0.0742842 0.104001 0.0269698
1 0.976251 0.446065 0.0474974 0.175602 0.0268943
2 0.111649 0.934667 0.223299 0.130666 0.0242029
2 0.773821 0.0748024 0.445162 0.149605 0.023534
2 0.970567 0.0962121 0.0588656 0.188897 0.0226005
2 0.720761 0.0786679 0.164296 0.157336 0.0192269
1 0.115374 0.927319 0.230737 0.144694 0.0176991
1 0.0388934 0.15461 0.0777868 0.241431 0.0166738
2 0.239631 0.0441414 0.185784 0.0882338 0.0148392
2 0.881388 0.0365188 0.237225 0.0721214 0.0148076
2 0.804128 0.0535057 0.391744 0.107011 0.0147558
1 0.981625 0.432188 0.0367506 0.208483 0.0144094
1 0.898297 0.61057 0.153229 0.0972649 0.0141136
1 0.0893668 0.062184 0.174991 0.124368 0.0136364
1 0.923225 0.845215 0.15355 0.254655 0.0126184
1 0.150235 0.0772633 0.299761 0.154527 0.0125199
1 0.589556 0.0279826 0.0586317 0.0559653 0.0123722
0 0.34546 0.0498484 0.503961 0.0983061 0.0121231
1 0.984928 0.421757 0.0301432 0.149682 0.0111263
1 0.220592 0.0509616 0.194989 0.101923 0.00936584
1 0.157256 0.157181 0.314512 0.314363 0.00925362
2 0.977967 0.471972 0.0440651 0.123367 0.00901348
1 0.853705 0.57482 0.0999096 0.173015 0.00847578
2 0.752446 0.111597 0.48538 0.223194 0.00798566
1 0.950386 0.831606 0.0992274 0.247314 0.00780212
2 0.92233 0.0956439 0.155339 0.189729 0.00779981
1 0.972345 0.877852 0.0552052 0.21737 0.00769783
1 0.979101 0.439951 0.0417988 0.262039 0.00726241
2 0.91951 0.131945 0.158982 0.26389 0.00697859
1 0.868847 0.0369537 0.262306 0.0739073 0.00697835
2 0.624674 0.470152 0.366846 0.41311 0.00586288
0 0.370559 0.96331 0.0543965 0.0618777 0.00580525
0 0.940206 0.605237 0.0645928 0.0734431 0.00572672
2 0.77326 0.040278 0.0801038 0.080556 0.00542991
1 0.573512 0.0285527 0.0935417 0.0554917 0.00525131
2 0.970639 0.14543 0.058722 0.29086 0.00504424
2 0.812181 0.0699137 0.165543 0.139827 0.00502839
2 0.0565249 0.813856 0.11305 0.141683 0.00492646
1 0.0504783 0.180291 0.100905 0.360582 0.00469532
1 0.609703 0.0296956 0.103179 0.0580885 0.00450937
1 0.975501 0.466288 0.0489952 0.418977 0.00446175
0 0.345211 0.444495 0.152228 0.230549 0.00438112
2 0.229926 0.529533 0.349352 0.425506 0.00427065
2 0.312808 0.468058 0.0769932 0.113283 0.00426491
0 0.46717 0.77473 0.262764 0.450539 0.00413758
2 0.864172 0.0665495 0.271657 0.133099 0.00409176
1 0.558895 0.029163 0.131431 0.0583261 0.00407863
1 0.818023 0.468289 0.358292 0.433258 0.00399443
1 0.876786 0.469512 0.23518 0.418275 0.00395394
1 0.978041 0.484403 0.0439186 0.0963832 0.00393962
1 0.925426 0.458929 0.146891 0.450532 0.00390766
2 0.0495333 0.828263 0.0990666 0.106378 0.00388428
1 0.862648 0.0656594 0.261808 0.131319 0.00376025
2 0.153337 0.0838315 0.306674 0.164615 0.00370285
0 0.451108 0.0460266 0.526751 0.0913604 0.00363044
0 0.0546456 0.944265 0.106447 0.110433 0.00351885
1 0.144333 0.223279 0.288538 0.446558 0.00339642
0 0.464425 0.989638 0.0218129 0.0207246 0.00338992
1 0.967439 0.495655 0.0650045 0.380226 0.00338555
0 0.118021 0.93062 0.236041 0.138491 0.00333952
2 0.806978 0.136687 0.385844 0.273179 0.00322822
1 0.0377815 0.0633585 0.0755631 0.126717 0.00317846
0 0.228249 0.5245 0.350322 0.439307 0.00308744
2 0.461214 0.736613 0.0558304 0.101649 0.00306262
1 0.835711 0.517772 0.0517223 0.0560227 0.00302126
1 0.788429 0.43142 0.422752 0.532008 0.00302072
1 0.969301 0.385918 0.06105 0.561283 0.0029689
1 0.92076 0.110548 0.158481 0.221096 0.00296081
2 0.169699 0.0475406 0.149395 0.0945109 0.00287181
0 0.0843016 0.276882 0.0202737 0.0241372 0.00280366
1 0.943876 0.0346987 0.112249 0.0693974 0.00277866
2 0.753235 0.471706 0.266199 0.42434 0.00272007
1 0.952462 0.892774 0.0948155 0.187574 0.00268375
0 0.434169 0.149382 0.0158712 0.0225091 0.00263801
1 0.0438868 0.235931 0.0869232 0.469065 0.0026072
1 0.93175 0.449756 0.136501 0.160099 0.00259289
0 0.537227 0.364078 0.0692397 0.164359 0.00257665
2 0.255178 0.454359 0.336989 0.337852 0.00253782
0 0.464887 0.772683 0.255303 0.209563 0.00246768
0 0.241766 0.168544 0.479252 0.337088 0.00246651
2 0.540132 0.57677 0.20221 0.601403 0.00243422
0 0.454674 0.984259 0.0915227 0.031483 0.00237862
0 0.446242 0.973874 0.140994 0.051928 0.00225173
1 0.931396 0.350296 0.135779 0.693437 0.00224347
2 0.460704 0.719276 0.0558082 0.0764606 0.00223475
2 0.923626 0.22393 0.151734 0.4456 0.00221553
0 0.465538 0.967444 0.269054 0.0649854 0.00219297
1 0.0255348 0.14667 0.0510695 0.29334 0.00218824
1 0.0525203 0.217288 0.105041 0.12918 0.00215234
0 0.671412 0.0547327 0.60908 0.109465 0.00212775
2 0.233629 0.358834 0.408054 0.627951 0.00212301
1 0.945189 0.311089 0.108565 0.606619 0.00211159
2 0.566384 0.392441 0.136255 0.232747 0.00209143
1 0.984797 0.0694888 0.030407 0.138978 0.00208683
0 0.8663 0.612058 0.0697964 0.091482 0.0020406
0 0.462317 0.718371 0.0589839 0.0762047 0.00202604
1 0.0154609 0.0676038 0.0309219 0.133321 0.00201878
2 0.276497 0.395973 0.310494 0.345929 0.00201869
1 0.516483 0.0409271 0.55095 0.0818543 0.00200857
1 0.171443 0.0498191 0.144665 0.0995793 0.00200245
0 0.269461 0.241699 0.524205 0.483399 0.0019426
2 0.250395 0.0342451 0.136262 0.0684902 0.00189412
1 0.935681 0.565921 0.128003 0.486143 0.00188952
0 0.573565 0.931995 0.0244591 0.039664 0.00179582
2 0.75405 0.423234 0.217648 0.339056 0.00176714
0 0.783125 0.791951 0.0183946 0.0269673 0.00172964
1 0.206449 0.0496164 0.0924489 0.0986032 0.00172829
1 0.0976094 0.841194 0.195219 0.317612 0.00170768
1 0.791346 0.646046 0.415215 0.707907 0.00168843
0 0.8486 0.579282 0.114922 0.171145 0.00168084
1 0.811402 0.377078 0.375853 0.754157 0.00165991
0 0.648501 0.0940448 0.681088 0.18794 0.00164
2 0.777529 0.793542 0.444942 0.412916 0.00163273
1 0.055338 0.269589 0.110427 0.538833 0.00162413
1 0.250973 0.0259017 0.123867 0.0518035 0.00161408
2 0.763057 0.317408 0.473886 0.634816 0.00155836
0 0.283865 0.419775 0.294503 0.383218 0.00155707
0 0.578197 0.577436 0.15151 0.111615 0.00155652
0 0.694496 0.141741 0.591046 0.283482 0.00155592
2 0.388002 0.0514992 0.0744444 0.101642 0.00155442
0 0.672034 0.621451 0.633001 0.578814 0.00155405
1 0.92716 0.808552 0.14568 0.189064 0.00153523
1 0.611088 0.0918543 0.748656 0.183709 0.00151134
2 0.137844 0.0432046 0.194059 0.0858246 0.00149518
0 0.561658 0.930371 0.045812 0.0456738 0.00149463
0 0.208984 0.934572 0.417967 0.126997 0.00148324
1 0.971712 0.162143 0.0565014 0.324286 0.00145699
1 0.896777 0.657552 0.205913 0.679069 0.00143686
2 0.783518 0.630311 0.431308 0.731729 0.00142349
1 0.0207238 0.207565 0.0414475 0.109496 0.00141865
1 0.0253278 0.0688878 0.0506555 0.136796 0.00141208
1 0.781304 0.868454 0.437357 0.260536 0.00140721
0 0.47637 0.586099 0.287343 0.594305 0.00139685
1 0.911159 0.833077 0.176089 0.323431 0.00138406
2 0.0450118 0.871333 0.0900237 0.237772 0.0013655
2 0.990613 0.80151 0.018775 0.18074 0.00136476
0 0.560391 0.593989 0.155175 0.100244 0.00136383
0 0.345688 0.481386 0.149821 0.163291 0.00135865
2 0.284177 0.373467 0.408672 0.471966 0.00134091
2 0.787086 0.0395665 0.150759 0.0783947 0.00132624
1 0.462644 0.0595045 0.69243 0.119009 0.00132155
1 0.829892 0.56977 0.156606 0.194131 0.00131142
0 0.464173 0.986498 0.0318831 0.0260361 0.00130109
0 0.427024 0.969178 0.177461 0.0597641 0.00127434
1 0.924108 0.665362 0.150749 0.629761 0.00126976
0 0.367205 0.956053 0.0477529 0.0498801 0.00125985
1 0.959228 0.75834 0.0815433 0.384342 0.00124038
2 0.977721 0.813574 0.0445576 0.233392 0.00123711
1 0.214142 0.0544781 0.0562013 0.0838588 0.00123126
2 0.761212 0.8328 0.463826 0.304846 0.00122983
0 0.289939 0.559535 0.468152 0.575498 0.00122793
1 0.199376 0.331374 0.398751 0.662747 0.00122153
2 0.827357 0.700612 0.344042 0.58883 0.00121925
0 0.41631 0.718826 0.155008 0.315918 0.00121764
1 0.557241 0.0687145 0.718766 0.137429 0.00121334
0 0.814548 0.215867 0.0186786 0.0308565 0.00121182
0 0.663146 0.703369 0.628399 0.411002 0.00121155
2 0.611892 0.351877 0.545914 0.495373 0.00120331
0 0.439729 0.968865 0.104644 0.0591171 0.00119869
1 0.616789 0.254186 0.753532 0.508371 0.00119182
2 0.627827 0.32598 0.729446 0.651959 0.00118739
0 0.733973 0.0769683 0.167847 0.153937 0.00116464
1 0.927643 0.766525 0.143251 0.437364 0.00115755
2 0.560572 0.364889 0.143864 0.171056 0.00112774
1 0.98707 0.402621 0.0258605 0.158186 0.0011199
0 0.685344 0.63771 0.132751 0.0943103 0.00111121
2 0.753786 0.89717 0.471593 0.20566 0.00111036
2 0.319606 0.449921 0.0663712 0.10969 0.00110787
1 0.627052 0.0365236 0.135913 0.0666019 0.00108411
1 0.0126048 0.213093 0.0249632 0.0939376 0.0010728
0 0.762624 0.602587 0.436685 0.640545 0.0010716
2 0.677634 0.429364 0.531273 0.533544 0.00105634
2 0.281735 0.751906 0.533231 0.488351 0.00104478
1 0.0274361 0.227708 0.0543192 0.18944 0.00103911
1 0.851215 0.603402 0.1048 0.118594 0.00102843
2 0.0506476 0.361841 0.101077 0.723682 0.00102784
0 0.324242 0.962463 0.490753 0.0727402 0.00102677
2 0.647636 0.219501 0.690517 0.439002 0.00101821
2 0.279541 0.651463 0.503944 0.561226 0.00100909
1 0.202677 0.498833 0.403259 0.515849 0.0010069
0 0.192634 0.983877 0.0442631 0.0311552 0.000988791
0 0.469585 0.982609 0.146678 0.034783 0.000960998
0 0.263069 0.949991 0.521744 0.0976016 0.000942095
1 0.538474 0.0311577 0.176663 0.0606566 0.00093774
0 0.957117 0.735246 0.0857657 0.360122 0.000937672
2 0.0710151 0.405383 0.141527 0.73824 0.000933284
2 0.68506 0.0823353 0.0702991 0.141205 0.000912101
0 0.00633542 0.100706 0.0126708 0.0390427 0.000907072
0 0.328761 0.373632 0.06344 0.0801874 0.00090394
1 0.791616 0.361008 0.137826 0.208287 0.000903792
0 0.360813 0.619375 0.619044 0.567806 0.000900055
1 0.970379 0.907836 0.059243 0.184327 0.000899427
2 0.118385 0.0272136 0.199937 0.0543746 0.0008984
2 0.257827 0.286301 0.514089 0.572601 0.000896849
2 0.219232 0.621014 0.390871 0.523622 0.000896109
0 0.734367 0.59855 0.156417 0.171743 0.000876601
1 0.0476219 0.236665 0.0952438 0.0955179 0.000854337
1 0.0720402 0.779615 0.143204 0.436247 0.000848711
0 0.534007 0.674651 0.117198 0.234478 0.000840619
1 0.967873 0.123511 0.0642542 0.226054 0.000837794
0 0.784376 0.787816 0.0177683 0.0265819 0.000833293
0 0.915025 0.606369 0.115289 0.0806028 0.00083189
1 0.628818 0.853106 0.577643 0.293787 0.000825044
0 0.324643 0.913582 0.592811 0.172836 0.000820733
1 0.217208 0.0618546 0.065343 0.0622986 0.000819049
1 0.043765 0.479736 0.0866145 0.632579 0.000816348
0 0.988864 0.78332 0.0221968 0.154068 0.000814592
2 0.462785 0.329914 0.678048 0.503559 0.000811812
2 0.446469 0.392476 0.487878 0.347044 0.00081077
1 0.560844 0.185733 0.785967 0.371466 0.000800909
1 0.903425 0.875143 0.19202 0.248585 0.000800357
2 0.43839 0.441888 0.421977 0.396286 0.000790438
0 0.982292 0.799721 0.0354155 0.244077 0.000789957
0 0.684716 0.620625 0.146345 0.130835 0.000787214
2 0.506675 0.47424 0.0570458 0.0746351 0.000785344
2 0.740929 0.964747 0.446643 0.0705059 0.000771828
2 0.362912 0.187047 0.672856 0.374094 0.000766056
2 0.0458465 0.698983 0.0908402 0.600722 0.000764583
2 0.452035 0.588725 0.410022 0.665641 0.00076208
2 0.75278 0.461721 0.467322 0.487168 0.000748643
2 0.227368 0.830661 0.443804 0.338678 0.000746145
1 0.293681 0.823637 0.575805 0.352726 0.000743033
2 0.99025 0.835747 0.0194992 0.226875 0.000742606
0 0.96743 0.741858 0.065141 0.19559 0.000731357
0 0.704031 0.549924 0.456929 0.595556 0.000728959
0 0.506948 0.469675 0.0566196 0.059853 0.000727293
1 0.66722 0.890486 0.565428 0.219028 0.000724545
0 0.069985 0.653612 0.0416552 0.134083 0.000717337
1 0.984081 0.097877 0.0318384 0.195754 0.000710749
1 0.978812 0.376213 0.0423758 0.432726 0.000706796
1 0.987105 0.392964 0.02579 0.256415 0.000706181
0 0.13465 0.615079 0.139375 0.2449 0.000704088
1 0.982545 0.859132 0.0349106 0.264926 0.000698667
2 0.982529 0.098666 0.034219 0.197332 0.000697981
2 0.633485 0.9636 0.477844 0.0728006 0.000694029
1 0.979523 0.0366586 0.0398385 0.0733172 0.000690435
1 0.730361 0.765412 0.526122 0.372092 0.000689944
1 0.927072 0.167193 0.145856 0.287201 0.000689428
0 0.57124 0.963018 0.420473 0.0739642 0.000676283
0 0.988975 0.758474 0.0217897 0.1386 0.000673104
2 0.596387 0.396053 0.16837 0.258127 0.000667798
2 0.963834 0.79488 0.0723319 0.159585 0.000666722
1 0.926432 0.920467 0.147136 0.151938 0.000664934
2 0.039933 0.54514 0.0798659 0.582181 0.000663753
0 0.454409 0.990858 0.049546 0.0181391 0.000661459
1 0.111524 0.650709 0.0443275 0.176448 0.000653182
2 0.0149095 0.366774 0.029819 0.153702 0.000652392
1 0.799594 0.959791 0.400812 0.0783045 0.000645298
1 0.250188 0.067951 0.149027 0.134341 0.000639099
0 0.420473 0.14669 0.038701 0.0372166 0.000631716
0 0.783835 0.590156 0.247892 0.174578 0.000624902
0 0.98533 0.748368 0.0293408 0.200723 0.000624473
1 0.866555 0.610977 0.0682026 0.0890219 0.000624097
2 0.785914 0.399419 0.152699 0.289496 0.000623932
1 0.989466 0.0484631 0.0202503 0.0947326 0.000621902
1 0.0654065 0.781709 0.130599 0.21605 0.000620385
0 0.120722 0.835919 0.240916 0.327829 0.0006139
0 0.977846 0.489571 0.0433377 0.10583 0.000608743
1 0.977835 0.528638 0.0431633 0.363544 0.000608119
1 0.124908 0.725107 0.249816 0.549785 0.000605307
0 0.172658 0.6261 0.343763 0.604582 0.000605144
1 0.827833 0.480852 0.091305 0.379432 0.000597438
1 0.203562 0.599521 0.37252 0.473814 0.000596446
2 0.793521 0.0683024 0.104048 0.136115 0.00059131
0 0.835693 0.516573 0.0510709 0.0579697 0.000573122
2 0.0720422 0.0586703 0.102271 0.117341 0.000571309
2 0.015885 0.0680242 0.0317701 0.136048 0.000569271
2 0.156416 0.781075 0.303689 0.4287 0.000566487
1 0.801487 0.399729 0.124438 0.283854 0.000561822
