0 0.364532 0.166955 0.122913 0.159497 0.902738
0 0.8395 0.25662 0.108509 0.164052 0.88252
0 0.672581 0.78221 0.0813179 0.0636059 0.857855
0 0.358643 0.692428 0.0537335 0.0404143 0.805895
0 0.370382 0.523546 0.0883353 0.0703808 0.778039
0 0.866964 0.390153 0.128984 0.0936484 0.763075
2 0.188365 0.557586 0.160695 0.102051 0.678111
0 0.983581 0.659416 0.0327883 0.0304452 0.150587
0 0.718058 0.591693 0.0717842 0.062261 0.0866667
0 0.700985 0.592345 0.106356 0.0694353 0.0387341
0 0.846468 0.228749 0.101049 0.112158 0.0160333
0 0.367248 0.135172 0.101533 0.0975847 0.0134845
0 0.834252 0.296276 0.0887226 0.0700849 0.0103976
0 0.199411 0.716226 0.0458205 0.0250875 0.00951879
0 0.836826 0.275103 0.0924937 0.101611 0.00875734
0 0.751601 0.567095 0.0663623 0.0337871 0.00695965
0 0.725895 0.582185 0.070431 0.0508848 0.00616698
0 0.671192 0.759194 0.0934565 0.11385 0.00609808
0 0.36995 0.121011 0.0928448 0.0694539 0.00603109
0 0.222916 0.259314 0.0285565 0.0235363 0.00526838
1 0.186818 0.560205 0.16322 0.102641 0.00496385
0 0.530008 0.417945 0.0276885 0.0170423 0.00472525
0 0.859678 0.383204 0.112989 0.0740643 0.00456717
0 0.825159 0.302019 0.0736766 0.0747026 0.00426148
0 0.656036 0.784189 0.116454 0.067063 0.00411208
0 0.724689 0.587082 0.134293 0.0687648 0.00406016
0 0.243685 0.855246 0.0378883 0.0250465 0.00392069
0 0.739631 0.57941 0.0988457 0.0566931 0.00347648
0 0.980787 0.669843 0.0384268 0.0493846 0.00343291
0 0.659 0.419713 0.0907992 0.0980696 0.00324105
0 0.748354 0.571666 0.0768347 0.0413336 0.00286482
0 0.368843 0.511001 0.0826892 0.049629 0.00280196
0 0.649654 0.417164 0.124933 0.110361 0.00252309
0 0.894727 0.629712 0.0221937 0.0162455 0.00237358
0 0.970507 0.659225 0.0564918 0.0370133 0.00230728
0 0.649879 0.76265 0.13359 0.125757 0.00226475
0 0.524591 0.415271 0.0332679 0.0183322 0.002184
0 0.706354 0.593764 0.145513 0.0780933 0.00208598
0 0.846184 0.19373 0.0873344 0.0345214 0.00202048
0 0.984166 0.674128 0.0316676 0.0682954 0.00185784
0 0.978663 0.64685 0.0426737 0.0791475 0.00161549
0 0.847074 0.18983 0.0532522 0.027885 0.00156216
1 0.938722 0.568566 0.122556 0.291016 0.00148314
2 0.90263 0.190336 0.194739 0.323776 0.00147473
2 0.117015 0.196361 0.23403 0.386451 0.00146706
2 0.0664115 0.576156 0.132823 0.354305 0.00143964
0 0.897334 0.331402 0.201154 0.295905 0.00143522
2 0.0543137 0.519194 0.108627 0.357611 0.00141975
0 0.901687 0.434684 0.194749 0.364848 0.00141102
2 0.0451653 0.46829 0.0903305 0.367756 0.00138848
2 0.911857 0.520077 0.176286 0.313843 0.00138623
2 0.0791016 0.633094 0.158203 0.369096 0.00135994
0 0.151567 0.104379 0.303135 0.208759 0.00134637
2 0.117787 0.543924 0.235574 0.323158 0.00133842
1 0.761158 0.10771 0.477685 0.215419 0.00133754
0 0.522158 0.136494 0.571566 0.272988 0.001321
2 0.0413715 0.409793 0.082346 0.362438 0.00131276
2 0.886712 0.153439 0.226575 0.306878 0.00130808
2 0.959551 0.655154 0.0808973 0.252695 0.0013011
0 0.135308 0.172493 0.269325 0.344986 0.0012966
0 0.725842 0.118338 0.546854 0.236677 0.00129572
2 0.955581 0.616602 0.0888382 0.265061 0.00128726
2 0.139177 0.634111 0.278354 0.303627 0.0012866
2 0.104104 0.505143 0.205819 0.343887 0.00128504
2 0.0444457 0.331169 0.0888914 0.450985 0.00127716
2 0.842289 0.165569 0.300134 0.331138 0.00126641
1 0.322948 0.133809 0.617413 0.267618 0.00120417
2 0.14521 0.695836 0.288262 0.400685 0.00120328
2 0.0545646 0.22855 0.109129 0.437083 0.00120203
1 0.4266 0.138621 0.585502 0.277243 0.00119799
0 0.631428 0.785909 0.170701 0.0664537 0.00119656
0 0.347845 0.691151 0.0811672 0.0418337 0.00118782
2 0.067301 0.187413 0.134602 0.372291 0.00118681
2 0.953641 0.709237 0.0927172 0.281854 0.00114984
1 0.574434 0.97668 0.584747 0.046641 0.00114865
2 0.064748 0.741019 0.129496 0.469177 0.00114498
2 0.0740785 0.691629 0.148157 0.435052 0.00114485
2 0.0542931 0.781464 0.108586 0.437072 0.00113218
0 0.242205 0.106679 0.484411 0.213358 0.00112958
2 0.114288 0.364604 0.226621 0.426274 0.00110919
0 0.981715 0.457341 0.0357082 0.211936 0.0010994
0 0.807714 0.0883527 0.380392 0.176705 0.0010957
1 0.689525 0.976614 0.577986 0.0467724 0.00109152
2 0.126006 0.844073 0.25065 0.311853 0.00109054
0 0.227 0.2556 0.0228435 0.0188731 0.00105553
0 0.392322 0.101264 0.0423744 0.0296835 0.00105483
1 0.452019 0.976797 0.574477 0.0464054 0.00105131
1 0.605065 0.75238 0.50429 0.170639 0.00104981
0 0.365308 0.20023 0.121239 0.0814691 0.00104439
2 0.0471888 0.816855 0.0943776 0.36629 0.00104131
2 0.262501 0.190474 0.484036 0.370066 0.00103802
2 0.827993 0.760972 0.331118 0.287398 0.00100633
1 0.589493 0.873407 0.525338 0.253186 0.000995181
2 0.800931 0.752527 0.378215 0.214091 0.000989361
1 0.616258 0.721083 0.503983 0.183101 0.000982096
2 0.151314 0.255749 0.300063 0.425578 0.000971599
2 0.94869 0.774139 0.102619 0.290992 0.000966644
0 0.266383 0.0268959 0.526425 0.0537919 0.000930806
1 0.629938 0.674916 0.548164 0.214054 0.000913929
2 0.173661 0.526357 0.193216 0.282627 0.000913357
0 0.56373 0.0264512 0.61503 0.0529025 0.000911741
1 0.182268 0.555474 0.169135 0.20714 0.00090667
0 0.225768 0.161152 0.450366 0.322304 0.00090123
1 0.599094 0.771455 0.561468 0.244266 0.000897847
0 0.775179 0.0252378 0.449643 0.0504756 0.000891416
1 0.858834 0.0939173 0.282332 0.187835 0.000873901
0 0.73305 0.578675 0.144537 0.0536048 0.000873853
0 0.97764 0.659882 0.0447194 0.0317606 0.000872762
0 0.877504 0.503821 0.224778 0.338874 0.000870579
2 0.811406 0.810475 0.367473 0.299277 0.000867823
2 0.658329 0.325142 0.480089 0.391177 0.000865913
1 0.260122 0.251516 0.41862 0.390348 0.000863454
2 0.0880301 0.101799 0.17606 0.203598 0.000858857
1 0.804439 0.501909 0.360974 0.345884 0.000856351
0 0.198706 0.974859 0.397412 0.0502814 0.000852969
0 0.841866 0.194583 0.0580365 0.0353458 0.000844663
0 0.145835 0.944777 0.29167 0.110446 0.00084315
1 0.605621 0.592396 0.530978 0.288097 0.000842271
1 0.876597 0.436644 0.217975 0.468632 0.000837411
2 0.777152 0.853051 0.445695 0.284125 0.000823705
0 0.172278 0.933173 0.344555 0.133654 0.000823503
1 0.802397 0.35531 0.346882 0.328927 0.000823346
0 0.845804 0.379168 0.0839055 0.064603 0.000821918
1 0.575479 0.533668 0.435971 0.302594 0.000821758
2 0.750006 0.173217 0.474655 0.346435 0.000819815
2 0.650274 0.263931 0.453302 0.349376 0.000816747
1 0.604167 0.663506 0.582879 0.339096 0.000814371
0 0.236258 0.849504 0.0558227 0.0360462 0.00081064
0 0.165405 0.0292966 0.330809 0.0584682 0.000809354
2 0.833429 0.710913 0.318107 0.285959 0.00080713
2 0.181341 0.628907 0.194363 0.274394 0.000806947
1 0.182707 0.590232 0.174566 0.201024 0.000805484
1 0.532213 0.937239 0.617194 0.125522 0.000804489
2 0.647325 0.389676 0.424967 0.376202 0.000802855
2 0.186033 0.578466 0.163658 0.136794 0.000800392
0 0.35686 0.0282021 0.632813 0.0564042 0.000786494
2 0.649064 0.204445 0.422538 0.325127 0.000785659
1 0.466809 0.884573 0.540945 0.230853 0.000784491
2 0.762325 0.327185 0.470879 0.345168 0.00078449
2 0.293035 0.507422 0.374791 0.297156 0.000776693
1 0.374165 0.165107 0.147019 0.183172 0.000776629
1 0.358213 0.195462 0.378409 0.368338 0.000770505
1 0.588007 0.305795 0.5007 0.414661 0.000769686
2 0.154351 0.89183 0.296754 0.21461 0.000767668
2 0.85225 0.559859 0.276435 0.254764 0.000767617
0 0.358521 0.686661 0.057833 0.0567965 0.000765023
2 0.942546 0.82799 0.114908 0.280116 0.000762565
0 0.105192 0.937968 0.210385 0.120594 0.000752339
2 0.168578 0.512436 0.264207 0.331347 0.00075189
0 0.689471 0.780841 0.0478255 0.0587318 0.000749595
0 0.543729 0.152047 0.419429 0.293138 0.000747707
1 0.258839 0.375566 0.346881 0.390082 0.000743544
2 0.0538886 0.858673 0.107777 0.282654 0.0007404
1 0.358124 0.23838 0.27199 0.336717 0.000738596
1 0.299443 0.601583 0.396685 0.261944 0.00073428
2 0.604328 0.830232 0.511714 0.256876 0.000734059
1 0.563424 0.246946 0.460719 0.335243 0.000733023
0 0.633301 0.770326 0.167202 0.158049 0.000731564
2 0.653125 0.865285 0.516396 0.26943 0.000731084
2 0.787856 0.751212 0.342119 0.162035 0.000724344
1 0.307766 0.556787 0.413191 0.269935 0.000723956
1 0.161183 0.375759 0.296614 0.374703 0.000722153
1 0.267174 0.313055 0.380507 0.440645 0.000721972
1 0.564797 0.494177 0.382802 0.28008 0.000719532
1 0.3223 0.975855 0.545121 0.0482909 0.000719234
0 0.930755 0.870778 0.13849 0.249559 0.000713857
2 0.351149 0.299124 0.296563 0.434544 0.000709625
1 0.307305 0.433941 0.349623 0.357237 0.000707619
1 0.803456 0.42508 0.359791 0.323031 0.000706048
2 0.158766 0.325634 0.302741 0.421846 0.00070386
2 0.517358 0.44578 0.419382 0.339913 0.000701086
2 0.558457 0.469244 0.391202 0.281577 0.000699979
2 0.467354 0.138764 0.403255 0.254343 0.000696899
2 0.835255 0.653763 0.312913 0.233901 0.00069564
0 0.200381 0.258716 0.0786288 0.0337616 0.00069513
0 0.131397 0.969335 0.262795 0.0613301 0.000692302
1 0.407784 0.923791 0.604075 0.152419 0.000687939
1 0.66779 0.622314 0.506529 0.190011 0.000686544
0 0.841399 0.188761 0.0479444 0.0229826 0.000679807
1 0.564328 0.193583 0.390898 0.298478 0.000679467
0 0.122353 0.98411 0.244706 0.0317043 0.000677006
0 0.102942 0.979888 0.205884 0.0402249 0.000675965
1 0.327526 0.366601 0.331412 0.403933 0.000675732
1 0.727632 0.922995 0.544735 0.15401 0.000672984
0 0.868221 0.374691 0.133019 0.0620848 0.000671965
2 0.341069 0.483114 0.354964 0.250578 0.000669896
1 0.793488 0.974525 0.413024 0.0509493 0.00066665
1 0.515446 0.857239 0.553852 0.285523 0.000664426
1 0.164034 0.474884 0.293194 0.323667 0.000664273
2 0.663217 0.586095 0.462649 0.176093 0.000659418
0 0.856231 0.0305142 0.287538 0.0610284 0.000658354
0 0.667945 0.440823 0.0922669 0.0622673 0.000657813
2 0.647245 0.530766 0.390072 0.27602 0.000656214
2 0.365 0.472574 0.408127 0.311717 0.000655141
2 0.843432 0.603712 0.29397 0.272311 0.000649507
2 0.435946 0.470693 0.361409 0.294762 0.000647827
2 0.727801 0.40563 0.403073 0.334394 0.000643757
1 0.413308 0.644292 0.530712 0.340439 0.000638526
2 0.260277 0.807199 0.339481 0.342521 0.000635827
0 0.87258 0.894635 0.254839 0.21073 0.000633242
2 0.167807 0.852333 0.301409 0.284282 0.000629504
1 0.392034 0.355685 0.370284 0.424967 0.000629161
1 0.188665 0.815416 0.326517 0.347907 0.000628599
0 0.229971 0.918922 0.45221 0.162155 0.000628498
2 0.626149 0.495102 0.334425 0.274842 0.000628398
2 0.755164 0.267844 0.478107 0.326848 0.000625876
2 0.863625 0.316813 0.15098 0.303868 0.000620148
1 0.480433 0.172674 0.363047 0.23907 0.000618963
0 0.121776 0.0357835 0.243552 0.0715669 0.000618556
2 0.715919 0.456241 0.351361 0.296721 0.000612619
0 0.765211 0.911543 0.466611 0.176915 0.000608555
2 0.398025 0.886757 0.492848 0.226486 0.00060675
1 0.879236 0.308927 0.173417 0.285053 0.000605847
2 0.781361 0.535123 0.337671 0.285692 0.000603227
2 0.180826 0.733049 0.274817 0.368808 0.000602642
1 0.879513 0.363578 0.172154 0.343851 0.000599578
2 0.25217 0.477939 0.334793 0.32055 0.000598805
0 0.675527 0.769466 0.0744389 0.0410242 0.000597683
0 0.962272 0.678402 0.0744657 0.0708553 0.000595782
1 0.409968 0.134538 0.30174 0.240764 0.000589098
1 0.513952 0.302727 0.466433 0.470136 0.000589092
2 0.654133 0.938924 0.60069 0.122151 0.000588587
2 0.884673 0.223345 0.19455 0.257447 0.000576373
1 0.840103 0.966779 0.319795 0.0664422 0.000576323
2 0.436878 0.478804 0.300743 0.240964 0.000573336
1 0.486213 0.221602 0.402091 0.299823 0.000569026
0 0.867106 0.320717 0.145963 0.287178 0.000564917
0 0.980088 0.428297 0.039824 0.273176 0.000561043
0 0.0179788 0.96131 0.0354649 0.0744743 0.000560732
1 0.388155 0.276171 0.235603 0.391582 0.000560168
2 0.370956 0.13212 0.284505 0.26424 0.000558839
2 0.235791 0.890888 0.360735 0.218223 0.00055727
1 0.565264 0.693705 0.532567 0.266308 0.000555864
2 0.204158 0.524335 0.208447 0.254229 0.000554763
2 0.728475 0.727579 0.361656 0.209496 0.000551583
1 0.454951 0.502802 0.308729 0.235081 0.000543584
1 0.388735 0.586932 0.515723 0.351242 0.000542949
0 0.0146948 0.473537 0.0291003 0.096682 0.000542288
0 0.687923 0.769889 0.115318 0.136642 0.000539043
1 0.458726 0.358883 0.393493 0.433225 0.000538391
2 0.724924 0.665588 0.470901 0.256392 0.000537338
2 0.320203 0.890245 0.389367 0.219509 0.000528844
2 0.80105 0.603274 0.331747 0.157361 0.000528052
0 0.842387 0.200448 0.0777501 0.0481779 0.000527904
0 0.0210325 0.454025 0.042065 0.135567 0.000527392
2 0.22984 0.710083 0.279141 0.318884 0.000525542
0 0.188449 0.984658 0.318643 0.0306832 0.000520508
1 0.517484 0.597803 0.478832 0.384712 0.000519281
1 0.358378 0.812211 0.42874 0.354967 0.0005183
2 0.706975 0.536957 0.355261 0.298503 0.000517651
1 0.404672 0.166852 0.209009 0.189204 0.000512201
1 0.733106 0.74252 0.344428 0.171789 0.000507871
0 0.0142825 0.365583 0.028565 0.119185 0.00050519
0 0.38313 0.111644 0.066055 0.0521982 0.000503664
2 0.8109 0.570788 0.324441 0.154161 0.000502121
1 0.567766 0.797023 0.570808 0.31821 0.000499862
1 0.660337 0.801014 0.51955 0.234041 0.000494527
2 0.800699 0.284316 0.398601 0.342486 0.000490708
2 0.86172 0.248514 0.185276 0.302091 0.000479973
1 0.434989 0.285102 0.307799 0.432813 0.000476376
0 0.525982 0.41811 0.0400232 0.0197996 0.000475279
1 0.314712 0.653863 0.4262 0.322608 0.000470232
2 0.714682 0.608049 0.456393 0.151898 0.000468887
0 0.182461 0.272628 0.075719 0.0399808 0.000467322
0 0.826135 0.290211 0.0730532 0.0536433 0.00045844
0 0.713026 0.590216 0.16227 0.142982 0.000457912
0 0.530285 0.422793 0.0339243 0.030485 0.000455337
0 0.0518772 0.974976 0.103754 0.0500471 0.000452943
0 0.980025 0.71217 0.0399305 0.169122 0.000450854
0 0.961979 0.477039 0.0740919 0.134514 0.000442322
0 0.0153933 0.399945 0.0307867 0.18785 0.000432812
0 0.0129805 0.200247 0.0259611 0.164445 0.000419996
0 0.978225 0.374068 0.0435496 0.257094 0.000415666
2 0.707396 0.582421 0.411811 0.136498 0.000414265
1 0.733858 0.777008 0.384948 0.200958 0.000413765
0 0.0133263 0.26926 0.0266527 0.160824 0.000411937
0 0.840944 0.372917 0.0710757 0.0511331 0.000409637
0 0.0701635 0.966759 0.139537 0.0659741 0.000408501
0 0.976737 0.638662 0.0465261 0.230324 0.000407623
0 0.847135 0.389365 0.175697 0.0998562 0.000406385
2 0.349802 0.732339 0.469388 0.318126 0.00040244
0 0.392329 0.116436 0.0490922 0.0597698 0.000399894
0 0.199195 0.722128 0.0521496 0.036665 0.000397043
0 0.013474 0.756746 0.0269479 0.191099 0.000382853
0 0.537386 0.986663 0.333451 0.0266734 0.000382063
0 0.213348 0.270897 0.0611408 0.0464574 0.000379807
0 0.0329144 0.459258 0.062977 0.124999 0.000379605
0 0.017712 0.430705 0.0354239 0.194295 0.000377422
0 0.394599 0.985347 0.349956 0.0292566 0.000377336
0 0.888586 0.629684 0.0363478 0.0196483 0.000375038
0 0.714088 0.329418 0.0308453 0.0305172 0.000373716
0 0.0147351 0.492831 0.0289302 0.101257 0.000365941
2 0.761535 0.577793 0.334118 0.128436 0.000365066
0 0.01344 0.886788 0.02688 0.217982 0.000363851
0 0.698869 0.776851 0.149019 0.0761726 0.000362909
0 0.879646 0.630109 0.045383 0.0341106 0.000361446
0 0.847172 0.210016 0.0950536 0.0674855 0.00036054
0 0.535767 0.12432 0.0645562 0.066923 0.000359633
0 0.0142497 0.705977 0.0284993 0.186899 0.000358999
0 0.807352 0.598522 0.190658 0.0897402 0.000358793
