1 0.372855 0.591023 0.463174 0.453258 0.940458
0 0.592105 0.139249 0.0298601 0.0330296 0.0275729
0 0.958633 0.828778 0.0270893 0.0450333 0.00336642
0 0.586695 0.139494 0.0425963 0.0435613 0.00214641
0 0.740522 0.85926 0.0211523 0.0245965 0.00156257
2 0.851901 0.718129 0.296197 0.51293 0.00118671
2 0.0964504 0.305562 0.192901 0.542391 0.00115242
1 0.462496 0.588788 0.277446 0.460129 0.00109899
2 0.804518 0.784346 0.310197 0.355131 0.00109572
2 0.82182 0.459042 0.356359 0.572777 0.00108275
1 0.848489 0.661623 0.303022 0.504056 0.00107301
1 0.259173 0.149052 0.518347 0.298104 0.0010718
2 0.805117 0.710896 0.315207 0.438071 0.00105267
1 0.909545 0.502376 0.180911 0.642106 0.00105025
1 0.911196 0.398771 0.177608 0.616541 0.00104931
1 0.849207 0.852904 0.301586 0.242594 0.00104087
2 0.452109 0.610528 0.355971 0.460872 0.00104051
0 0.681947 0.909427 0.378473 0.181147 0.00102916
0 0.649859 0.965244 0.402573 0.0695128 0.00102298
1 0.830962 0.561821 0.338075 0.508733 0.00101515
2 0.0595561 0.697637 0.119112 0.535762 0.00101046
1 0.912684 0.599182 0.173502 0.501204 0.0010067
2 0.0986232 0.192638 0.197246 0.376675 0.00100653
0 0.31727 0.96876 0.436579 0.06248 0.00100435
2 0.0586148 0.275235 0.11723 0.509564 0.00100275
1 0.1035 0.146387 0.207 0.292775 0.000999047
1 0.912045 0.757887 0.175909 0.398089 0.00097619
0 0.629372 0.891835 0.429564 0.216331 0.000972202
1 0.104441 0.796254 0.208883 0.371329 0.000970454
2 0.286673 0.968055 0.464729 0.0638892 0.000969273
1 0.724495 0.118214 0.499435 0.236428 0.000965731
1 0.422424 0.656589 0.427563 0.662748 0.000959382
1 0.0748814 0.770398 0.149763 0.420929 0.000957611
1 0.309678 0.291823 0.558628 0.583646 0.000954129
2 0.770262 0.338616 0.397759 0.401611 0.000947774
2 0.819316 0.32295 0.361367 0.432965 0.000940779
1 0.520903 0.146284 0.791523 0.292568 0.00093619
2 0.0972727 0.436164 0.194545 0.629205 0.000935263
1 0.560849 0.196402 0.786531 0.392803 0.000930953
1 0.77109 0.192717 0.457821 0.385434 0.000919073
2 0.0528065 0.618411 0.105613 0.532642 0.000912743
2 0.126313 0.347904 0.252625 0.630594 0.000910515
0 0.399762 0.961417 0.443467 0.0771663 0.000902358
2 0.222873 0.961049 0.43617 0.0779025 0.000894596
2 0.527131 0.768994 0.497551 0.445669 0.00089399
1 0.0664432 0.199026 0.132886 0.398052 0.000887032
2 0.80271 0.854875 0.318559 0.263513 0.000886783
2 0.754552 0.774532 0.310759 0.366003 0.000882161
0 0.739703 0.918412 0.370735 0.163175 0.00088178
1 0.910001 0.277101 0.179997 0.457277 0.000881135
2 0.046616 0.380621 0.093232 0.584961 0.000880466
0 0.78967 0.921701 0.341591 0.156597 0.000874194
1 0.80722 0.231704 0.385559 0.423065 0.000872045
0 0.795283 0.588184 0.329456 0.415225 0.000870887
2 0.788797 0.546872 0.362775 0.470448 0.000866845
1 0.463364 0.346487 0.696493 0.692975 0.000865124
2 0.576306 0.87081 0.518702 0.25838 0.0008613
2 0.69986 0.367306 0.421079 0.464712 0.000848163
1 0.902611 0.83579 0.194778 0.253193 0.000847372
2 0.750837 0.699278 0.31343 0.413607 0.000839407
2 0.103921 0.726783 0.207596 0.503773 0.0008354
2 0.0418056 0.462468 0.0836113 0.532841 0.000834029
0 0.538348 0.957497 0.467904 0.0850063 0.000832078
1 0.315432 0.757171 0.531828 0.485658 0.000828696
2 0.0459531 0.534108 0.0919062 0.506674 0.000826353
1 0.358782 0.376345 0.505997 0.742272 0.000824958
2 0.450586 0.404691 0.561925 0.77343 0.000824769
1 0.38369 0.18638 0.732775 0.372761 0.000820349
2 0.739973 0.635006 0.3115 0.42602 0.00081641
0 0.75171 0.9657 0.371012 0.0685998 0.000813771
2 0.687139 0.201477 0.50604 0.402955 0.000811795
2 0.755264 0.243857 0.43416 0.411928 0.00080509
2 0.258085 0.870977 0.516169 0.258047 0.00080372
1 0.900201 0.219387 0.199598 0.438774 0.000802222
1 0.178215 0.82345 0.35643 0.298216 0.000796758
2 0.693796 0.277613 0.458162 0.459917 0.000795576
1 0.0754797 0.122951 0.150959 0.245902 0.00079447
1 0.163135 0.898118 0.326269 0.203764 0.000792347
1 0.294535 0.67534 0.514716 0.488682 0.000790654
0 0.462532 0.955981 0.463868 0.0880371 0.000789185
2 0.756952 0.850608 0.344004 0.298784 0.000783987
1 0.850902 0.186399 0.298196 0.372798 0.000782361
1 0.929296 0.740295 0.128749 0.445884 0.000777961
1 0.344756 0.679382 0.451879 0.399482 0.000776881
2 0.501613 0.852874 0.537497 0.294251 0.00077573
2 0.700764 0.474575 0.404785 0.569772 0.000771448
1 0.801957 0.124721 0.396086 0.249443 0.000771371
2 0.400069 0.454901 0.438578 0.673691 0.000770257
2 0.104395 0.586099 0.2076 0.507253 0.000760225
1 0.934957 0.638813 0.124125 0.500041 0.000753007
1 0.152682 0.114838 0.305364 0.229676 0.000752514
0 0.552815 0.606478 0.424768 0.422596 0.000750195
1 0.974676 0.617779 0.0506471 0.449275 0.000749363
1 0.114996 0.919269 0.229993 0.158356 0.000746649
1 0.281949 0.806549 0.553129 0.368578 0.000746311
0 0.347996 0.867009 0.48165 0.265983 0.000721937
2 0.625049 0.826435 0.441865 0.338765 0.000712151
2 0.416258 0.529711 0.365761 0.565377 0.000705254
1 0.234633 0.0307558 0.469265 0.0615116 0.000702094
2 0.246192 0.375705 0.488554 0.703494 0.000701259
2 0.153224 0.468046 0.306175 0.638689 0.000699076
0 0.420518 0.849541 0.525042 0.300917 0.000696414
1 0.376649 0.475466 0.464919 0.662739 0.000695967
2 0.477656 0.48869 0.274119 0.633799 0.000691829
2 0.58663 0.695735 0.431836 0.366248 0.000691289
2 0.701824 0.838574 0.348927 0.322851 0.000685694
2 0.627674 0.394518 0.472916 0.568679 0.000684764
0 0.674353 0.616811 0.324365 0.425568 0.000681193
2 0.56455 0.41079 0.69487 0.781941 0.00066963
2 0.623586 0.488794 0.441702 0.645101 0.000667353
1 0.459483 0.0263905 0.671695 0.0527811 0.000666692
1 0.146935 0.0348379 0.29387 0.0696759 0.000661755
2 0.289194 0.485492 0.572677 0.679732 0.000661489
1 0.939357 0.331477 0.117105 0.487851 0.000660559
1 0.921472 0.816606 0.147506 0.29293 0.000660192
2 0.631361 0.307214 0.530804 0.5394 0.000654193
1 0.935046 0.437565 0.126046 0.586487 0.000653279
1 0.870262 0.912437 0.259476 0.175126 0.000650185
1 0.0953313 0.0532418 0.190663 0.106484 0.000649828
1 0.217665 0.196093 0.428744 0.392187 0.000649261
1 0.793833 0.0264831 0.412335 0.0529661 0.000641866
1 0.909217 0.181951 0.176639 0.363903 0.000638527
2 0.172089 0.230449 0.341291 0.460899 0.000637632
1 0.58532 0.334765 0.725753 0.669529 0.000635927
2 0.18945 0.549901 0.373094 0.519104 0.000635199
1 0.973752 0.547232 0.052495 0.419524 0.000632613
2 0.689575 0.663321 0.310676 0.387599 0.000631292
1 0.935999 0.21779 0.122075 0.435581 0.000630307
2 0.223679 0.606938 0.434877 0.484695 0.00062584
2 0.69947 0.746167 0.312097 0.353536 0.000621436
2 0.493485 0.445142 0.433494 0.692141 0.000620411
2 0.545664 0.512613 0.465841 0.607729 0.000620226
1 0.208403 0.782929 0.416806 0.36915 0.000614155
2 0.230787 0.724615 0.459169 0.481476 0.000602528
1 0.127131 0.955895 0.254263 0.0882105 0.000600176
0 0.972297 0.347989 0.0554066 0.427913 0.000600024
0 0.838497 0.968266 0.319499 0.063468 0.000598773
1 0.975099 0.215497 0.0498013 0.430993 0.000590985
1 0.573573 0.0254584 0.695691 0.0509169 0.000587297
1 0.909264 0.907698 0.177321 0.174482 0.000578993
1 0.595142 0.138284 0.0485657 0.115102 0.00057647
1 0.97136 0.447915 0.0572808 0.47552 0.000568572
1 0.100096 0.950718 0.200192 0.0985632 0.000563595
1 0.973568 0.738606 0.0528198 0.432256 0.000555781
0 0.124486 0.720674 0.027781 0.0307408 0.000553416
1 0.757551 0.000361484 0.196676 0.000722967 0.000550818
1 0.706467 0.0240883 0.539339 0.0481765 0.000540646
1 0.894791 0.0476831 0.210418 0.0953663 0.000522546
1 0.803462 0.000630064 0.229442 0.00126013 0.000515029
0 0.347179 0.723589 0.46336 0.552823 0.000509778
1 0.924553 0.914314 0.150895 0.171371 0.000504311
0 0.901814 0.955584 0.196371 0.0888328 0.00050196
0 0.589464 0.155029 0.0334521 0.0622929 0.000489687
0 0.993688 0.604057 0.0121151 0.0812115 0.000488806
0 0.968099 0.799346 0.0628405 0.34685 0.000487555
1 0.949637 0.882965 0.100476 0.231073 0.000484797
1 0.853184 0.00041133 0.235052 0.00082266 0.000483614
1 0.907478 0.00077308 0.185044 0.00154616 0.000480403
1 0.599867 0.140685 0.0391311 0.0322341 0.000448343
1 0.531754 0.38416 0.131411 0.17725 0.000437404
0 0.377851 0.574515 0.445204 0.551913 0.000436885
0 0.78459 0.213663 0.0291054 0.0315552 0.000435477
1 0.716714 0.000851819 0.181061 0.00170364 0.000430748
1 0.0997537 0.00272302 0.186737 0.00544603 0.000424716
0 0.238378 0.548368 0.187524 0.308112 0.000421811
1 0.389765 0.000572777 0.19881 0.00114555 0.0004192
1 0.122688 0.00170659 0.209355 0.00341318 0.000404852
0 0.12439 0.72493 0.0369167 0.0519716 0.000403903
1 0.270652 0.740596 0.190937 0.126867 0.000396109
0 0.600436 0.783026 0.0563831 0.165101 0.000392258
0 0.948236 0.828064 0.0467295 0.0640242 0.000391588
0 0.009547 0.17527 0.019094 0.135642 0.000389356
2 0.323534 0.574778 0.380582 0.457228 0.00038688
0 0.00947015 0.315316 0.0189403 0.120635 0.000380647
1 0.516057 0.000786077 0.169904 0.00157215 0.000380383
0 0.74021 0.862678 0.0232448 0.0339384 0.000374687
1 0.287289 0.000820282 0.184707 0.00164056 0.000374541
0 0.972338 0.931828 0.0549824 0.136344 0.00037391
0 0.985708 0.567244 0.028386 0.267813 0.000371808
1 0.486422 0.000760117 0.174767 0.00152023 0.000370512
1 0.564567 0.000564264 0.175416 0.00112853 0.000368387
1 0.664225 0.000928431 0.180652 0.00185686 0.000366648
0 0.009292 0.290248 0.018584 0.143379 0.000365763
1 0.337243 0.00041549 0.181508 0.00083098 0.0003653
0 0.00955187 0.565639 0.0191037 0.155799 0.000363468
1 0.440854 0.000793156 0.187847 0.00158631 0.000362951
1 0.319578 0.457466 0.154405 0.112345 0.000362311
0 0.938458 0.991762 0.12149 0.016475 0.000360738
1 0.939969 0.0040563 0.120062 0.0081126 0.00035767
1 0.614975 0.000652281 0.185045 0.00130456 0.000357147
0 0.580111 0.136016 0.0519129 0.035656 0.000352137
0 0.0100881 0.338033 0.0198826 0.146216 0.000351477
1 0.376278 0.0410293 0.141328 0.0754928 0.000351282
0 0.221445 0.66201 0.208251 0.400235 0.000348608
0 0.0531237 0.989831 0.101734 0.0203389 0.000345391
0 0.373685 0.791565 0.242716 0.074374 0.000343473
0 0.105415 0.993642 0.16293 0.0127155 0.000343395
2 0.214956 0.81401 0.295654 0.346581 0.000340829
1 0.63265 0.156349 0.128778 0.244944 0.000340418
0 0.573878 0.991612 0.164033 0.0167756 0.000340172
0 0.974591 0.843086 0.049686 0.0949366 0.000338136
1 0.211735 0.00184083 0.166832 0.00368167 0.000333131
1 0.530062 0.426742 0.129849 0.115949 0.000332454
0 0.911891 0.993118 0.176218 0.0137645 0.000329543
1 0.546866 0.359435 0.121711 0.222409 0.000329097
0 0.221321 0.745096 0.246901 0.284435 0.000328995
1 0.240758 0.00182215 0.163971 0.0036443 0.000328226
0 0.15615 0.99456 0.177712 0.0108796 0.000327945
0 0.207948 0.99465 0.173547 0.0106989 0.000326135
0 0.30139 0.992015 0.170115 0.0159708 0.000325688
1 0.823205 0.0352758 0.197729 0.0622154 0.000324292
1 0.181399 0.00142576 0.177615 0.00285152 0.000321645
0 0.983861 0.332018 0.0317522 0.344272 0.000318244
0 0.984402 0.259422 0.030617 0.287576 0.000315973
1 0.773936 0.0344746 0.186843 0.0612241 0.000315
2 0.361486 0.0651434 0.0971594 0.103173 0.000314899
0 0.0204836 0.951386 0.0409673 0.0972287 0.000313658
1 0.956203 0.01265 0.0875946 0.0253001 0.000312559
0 0.887794 0.994604 0.171092 0.0107922 0.000311962
1 0.274204 0.761739 0.27279 0.112758 0.000310054
0 0.00963983 0.221945 0.0192797 0.22867 0.000309541
1 0.224309 0.52052 0.16659 0.243288 0.000309024
1 0.0673137 0.00795266 0.134627 0.0159053 0.000308246
2 0.267759 0.86499 0.325449 0.270021 0.000308146
1 0.250454 0.511449 0.207164 0.220663 0.000307017
0 0.834531 0.992509 0.173482 0.0149816 0.000305438
0 0.524733 0.988734 0.177732 0.0225324 0.000304727
0 0.464521 0.670742 0.272107 0.28736 0.000304057
0 0.710955 0.992126 0.172796 0.0157473 0.000303087
0 0.0244541 0.985613 0.0489083 0.0287742 0.000302511
1 0.0457138 0.0389672 0.0914275 0.0779344 0.000301625
2 0.578878 0.840393 0.128646 0.319215 0.000301202
0 0.858484 0.994255 0.153259 0.0114894 0.000299319
0 0.993495 0.618344 0.0129845 0.169943 0.000298682
0 0.400596 0.698098 0.203408 0.215998 0.000298488
0 0.150114 0.570597 0.144091 0.211914 0.000297614
1 0.405967 0.0485158 0.163123 0.0898874 0.000296595
0 0.0765235 0.992617 0.135802 0.0147651 0.000296473
2 0.793585 0.119999 0.174512 0.21719 0.000295626
2 0.297985 0.433982 0.213448 0.295943 0.000295174
0 0.755171 0.991651 0.153025 0.0166972 0.00029464
0 0.974062 0.967113 0.0518761 0.0657737 0.000292983
1 0.505272 0.055615 0.132416 0.106967 0.000292713
0 0.98381 0.212357 0.0317826 0.243313 0.000292158
0 0.49377 0.989752 0.173289 0.0204951 0.000292097
0 0.948572 0.985748 0.101749 0.0285037 0.000289582
0 0.583473 0.133013 0.0471886 0.0563652 0.000288968
2 0.344357 0.439381 0.23376 0.315959 0.000286839
0 0.256765 0.992339 0.190867 0.0153215 0.000284642
0 0.0917324 0.519386 0.112822 0.25223 0.00028333
0 0.355615 0.864639 0.202874 0.180985 0.000283275
0 0.032766 0.333656 0.0627605 0.118453 0.000282644
2 0.628369 0.0963022 0.136875 0.182738 0.000282109
0 0.328521 0.989438 0.187945 0.0211246 0.000281597
0 0.0112888 0.738075 0.0225775 0.362951 0.000281472
2 0.604796 0.826287 0.0971462 0.347427 0.000278789
0 0.933431 0.950853 0.131651 0.0982932 0.000275802
1 0.654519 0.141488 0.166305 0.282975 0.000275745
0 0.00964975 0.615145 0.0192995 0.234467 0.000273556
0 0.327523 0.351035 0.157843 0.210904 0.000273359
0 0.786539 0.987343 0.179163 0.0253145 0.000273067
0 0.257581 0.712278 0.163165 0.174364 0.00027301
0 0.00946052 0.492802 0.018921 0.193085 0.000272588
0 0.984375 0.671766 0.0310129 0.368129 0.000270867
2 0.649521 0.10237 0.130202 0.196142 0.000270155
1 0.881344 0.0403062 0.179217 0.0732822 0.000268663
0 0.398755 0.990526 0.1704 0.0189485 0.000268438
1 0.343483 0.040776 0.132041 0.0764637 0.000267238
0 0.982503 0.724058 0.0346431 0.348423 0.000267168
2 0.327456 0.864234 0.368895 0.220575 0.000266519
2 0.422606 0.51309 0.359616 0.293441 0.000266507
0 0.227301 0.592944 0.169945 0.420308 0.00026642
2 0.713146 0.389821 0.278665 0.470779 0.000265671
1 0.343793 0.448927 0.136258 0.10062 0.000264869
2 0.820361 0.127052 0.184546 0.235364 0.000264173
1 0.475899 0.0495583 0.106509 0.0934523 0.000263303
0 0.9824 0.424205 0.0349648 0.395017 0.000262621
0 0.107708 0.523782 0.100719 0.210681 0.000262004
0 0.629952 0.988535 0.188601 0.0229301 0.000261452
0 0.421945 0.988911 0.170166 0.0221783 0.000261391
0 0.931255 0.836534 0.0857948 0.0819771 0.000261314
0 0.577147 0.71723 0.128302 0.56554 0.000261066
0 0.983508 0.517101 0.0329171 0.300621 0.000260698
0 0.971327 0.894489 0.0572315 0.211022 0.000260032
0 0.781973 0.202306 0.0565022 0.0734555 0.000259911
2 0.306348 0.333478 0.149662 0.199227 0.000259651
0 0.0421011 0.349897 0.0583704 0.0670352 0.000259223
1 0.726101 0.0340501 0.166996 0.0635598 0.000258993
0 0.010054 0.689264 0.020108 0.369212 0.000258887
0 0.157834 0.562503 0.178236 0.324749 0.000258754
0 0.66346 0.991074 0.195354 0.0178519 0.000258722
0 0.358152 0.355732 0.205761 0.217744 0.000258439
0 0.121689 0.721362 0.12655 0.412554 0.000257821
0 0.569533 0.241563 0.0722111 0.234787 0.000256662
2 0.378373 0.420994 0.291814 0.291228 0.000256134
1 0.042163 0.137368 0.0833755 0.274736 0.00025493
1 0.288369 0.465366 0.193832 0.127061 0.000254857
0 0.766988 0.320044 0.136402 0.29682 0.000254769
0 0.577289 0.800676 0.137889 0.398647 0.000254564
2 0.606502 0.839699 0.069267 0.156847 0.000251343
