2 0.500823 0.509682 0.964827 0.970133 0.923736
2 0.456468 0.0608138 0.851122 0.121628 0.0124545
2 0.42635 0.0431786 0.636209 0.0863572 0.00485015
2 0.496315 0.326243 0.949813 0.639919 0.0046599
2 0.499557 0.0808401 0.881412 0.161341 0.00329554
2 0.469111 0.178034 0.906259 0.355564 0.00242376
2 0.506028 0.0351633 0.923375 0.0703267 0.00232712
2 0.0888383 0.488392 0.177677 0.702671 0.001881
2 0.511402 0.739423 0.968265 0.512846 0.00174969
2 0.0782314 0.38305 0.156463 0.496176 0.00173671
2 0.119573 0.575187 0.239147 0.758233 0.00163719
2 0.126309 0.113791 0.252618 0.226371 0.00158166
2 0.159334 0.527136 0.318669 0.891563 0.00156719
2 0.81377 0.584345 0.368216 0.613406 0.00148035
2 0.713123 0.582177 0.543499 0.815015 0.00138239
0 0.725042 0.759055 0.541677 0.479897 0.00134956
0 0.566989 0.783739 0.858855 0.427519 0.00130568
2 0.12381 0.338079 0.24762 0.454299 0.00130022
2 0.853055 0.483231 0.293889 0.404779 0.00128589
1 0.0926794 0.843892 0.185359 0.307907 0.00125687
2 0.156033 0.698562 0.312065 0.583277 0.00125543
2 0.822124 0.420175 0.351128 0.425884 0.00122163
2 0.802946 0.75802 0.390902 0.478819 0.00121345
2 0.144966 0.0561373 0.289931 0.110424 0.00119246
2 0.862363 0.378334 0.275273 0.355731 0.00117874
2 0.51432 0.117471 0.935326 0.233894 0.00114818
2 0.74849 0.702626 0.487502 0.587461 0.00114267
2 0.143048 0.782513 0.286096 0.432449 0.00114085
0 0.460462 0.239514 0.889677 0.476578 0.00113911
0 0.680113 0.846898 0.635713 0.306046 0.00113531
2 0.146482 0.841438 0.292965 0.317124 0.00109828
0 0.216595 0.668915 0.408164 0.643909 0.00109401
1 0.171148 0.252477 0.342297 0.501893 0.00109104
2 0.886989 0.21911 0.226023 0.333774 0.00108921
0 0.272411 0.614814 0.4934 0.75956 0.00108297
2 0.873471 0.328594 0.253058 0.328019 0.00107809
0 0.889093 0.273877 0.221813 0.329787 0.00107753
1 0.160518 0.857632 0.321036 0.284736 0.00106132
2 0.494657 0.0463815 0.448945 0.092763 0.00105735
2 0.246173 0.262255 0.47137 0.514144 0.0010329
0 0.600394 0.634374 0.784777 0.725299 0.00101354
2 0.861972 0.176906 0.276055 0.336641 0.00101335
2 0.745055 0.430858 0.48337 0.591631 0.000985095
2 0.614338 0.341398 0.728947 0.570736 0.000956325
2 0.816383 0.157042 0.357236 0.305918 0.000955166
2 0.134442 0.165918 0.268884 0.329323 0.00094873
2 0.599413 0.499419 0.766527 0.753233 0.000944724
2 0.526333 0.84943 0.94719 0.300797 0.000944322
2 0.121025 0.724773 0.242051 0.550453 0.000935999
1 0.158654 0.715843 0.317308 0.568315 0.000934508
0 0.362353 0.54618 0.676837 0.895997 0.000922121
2 0.809536 0.845347 0.380928 0.309306 0.000917608
2 0.837014 0.313478 0.318203 0.322753 0.000913512
2 0.831142 0.604674 0.337717 0.477598 0.000902898
2 0.261786 0.0495544 0.523571 0.0991088 0.000895627
2 0.835033 0.204409 0.318099 0.344704 0.000890242
2 0.15199 0.300103 0.303863 0.500293 0.00087315
2 0.0599114 0.411797 0.119108 0.252305 0.000870215
2 0.148959 0.0868735 0.297919 0.173747 0.000852934
2 0.737332 0.237236 0.481688 0.46459 0.000847394
1 0.188559 0.952203 0.377119 0.0951217 0.000844533
2 0.676655 0.167321 0.606066 0.332819 0.000834987
2 0.409871 0.96717 0.776814 0.0652912 0.000833436
2 0.778638 0.327017 0.411182 0.458453 0.000817602
2 0.847164 0.774909 0.305671 0.442667 0.000806154
2 0.671081 0.0859263 0.620787 0.171853 0.000801628
0 0.332173 0.0544172 0.464591 0.108834 0.000790922
0 0.782548 0.673753 0.429399 0.625614 0.000764801
0 0.288261 0.75241 0.561835 0.494126 0.000764682
1 0.299337 0.9611 0.584681 0.0776335 0.000762563
0 0.837095 0.679626 0.32581 0.532041 0.000745783
0 0.411296 0.714377 0.776002 0.568674 0.000740529
2 0.781875 0.0950557 0.427794 0.190111 0.000731688
2 0.42625 0.263265 0.817226 0.516081 0.000727105
2 0.345551 0.15074 0.687054 0.300381 0.000721878
0 0.322683 0.208689 0.635058 0.415581 0.000689383
2 0.695681 0.0296391 0.606875 0.0592782 0.000681124
0 0.315385 0.863499 0.615373 0.273002 0.000681107
2 0.588187 0.948879 0.823627 0.0992672 0.000675128
0 0.188267 0.771026 0.376534 0.456055 0.000673654
0 0.700925 0.943097 0.59815 0.112605 0.000669402
2 0.0619172 0.830402 0.123834 0.29438 0.000656054
2 0.494121 0.960005 0.918615 0.0794277 0.000652191
2 0.823241 0.114745 0.353519 0.229491 0.000649762
1 0.299884 0.912153 0.580244 0.175695 0.000647873
2 0.830057 0.881172 0.339886 0.237656 0.000635707
2 0.797879 0.925368 0.404242 0.147668 0.000634663
0 0.627397 0.9002 0.745206 0.19926 0.000599527
2 0.549518 0.918876 0.900964 0.162248 0.000592875
2 0.79204 0.0324451 0.41592 0.0641664 0.000588685
0 0.440327 0.861463 0.842645 0.277073 0.000586514
1 0.221605 0.902618 0.443209 0.194765 0.000582392
2 0.18797 0.177578 0.37594 0.352606 0.000577995
0 0.270361 0.0498812 0.39984 0.0997624 0.000572641
0 0.232006 0.526566 0.434522 0.911264 0.000561745
2 0.0711975 0.159574 0.135479 0.106676 0.000561641
2 0.0666167 0.122721 0.126194 0.177125 0.000560828
1 0.426617 0.902896 0.82412 0.194208 0.000548894
2 0.10382 0.396851 0.204696 0.266023 0.000548306
1 0.825726 0.0462572 0.348549 0.0925145 0.000542852
0 0.650056 0.954777 0.699888 0.0884213 0.000531114
0 0.509946 0.56601 0.949814 0.867756 0.00053039
0 0.14435 0.102674 0.2887 0.202892 0.000513523
0 0.236264 0.055558 0.472527 0.111116 0.000492347
2 0.107418 0.165842 0.204107 0.119643 0.000447883
0 0.868272 0.98394 0.263456 0.03212 0.000445963
0 0.64235 0.289369 0.308347 0.271221 0.000437354
2 0.294358 0.512084 0.543083 0.956948 0.000437157
2 0.0711572 0.364108 0.142115 0.308341 0.000434966
0 0.605841 0.269827 0.232813 0.247012 0.0004345
0 0.363635 0.0370696 0.479173 0.0741392 0.000427747
0 0.407877 0.0432507 0.646311 0.0865015 0.000425375
2 0.115715 0.352529 0.23143 0.304979 0.000415495
2 0.0764334 0.814016 0.152867 0.248094 0.000402427
2 0.109548 0.843513 0.218306 0.296601 0.000392503
0 0.510663 0.0470652 0.435967 0.0926333 0.000390905
0 0.813713 0.970063 0.372573 0.0596453 0.000376099
0 0.300092 0.980077 0.566526 0.039113 0.000374094
0 0.380217 0.977105 0.597938 0.0450863 0.000371384
2 0.787695 0.898729 0.424609 0.193991 0.000370338
0 0.905827 0.987484 0.188346 0.0238739 0.000367626
2 0.153512 0.318444 0.296738 0.237908 0.00035775
0 0.836564 0.981138 0.326872 0.037724 0.000355423
2 0.700268 0.932791 0.599464 0.13022 0.000352555
2 0.0502801 0.145358 0.10056 0.147805 0.000351622
0 0.937743 0.993161 0.124515 0.0136789 0.000348763
2 0.761201 0.861202 0.477598 0.153057 0.000346287
0 0.444793 0.932891 0.606941 0.131381 0.000343722
2 0.396429 0.772083 0.607101 0.238421 0.000342449
0 0.629571 0.194624 0.483549 0.110501 0.000340324
0 0.189686 0.0891906 0.379372 0.177011 0.000339776
0 0.384737 0.0644714 0.558099 0.128943 0.000331216
0 0.56663 0.261463 0.169025 0.258684 0.000330929
0 0.414694 0.792255 0.557128 0.218763 0.000326358
2 0.220429 0.331876 0.440327 0.282344 0.000322167
2 0.340178 0.730721 0.676258 0.249838 0.000321235
1 0.0737225 0.104895 0.142628 0.205853 0.00032117
2 0.787328 0.585167 0.40559 0.126585 0.000319515
0 0.0708871 0.102063 0.141774 0.204126 0.000318211
0 0.164361 0.466181 0.315208 0.140027 0.000315995
0 0.801986 0.937479 0.396029 0.125042 0.000313878
2 0.736356 0.563463 0.527289 0.119242 0.000312814
0 0.593724 0.819277 0.583179 0.136195 0.000312514
2 0.750904 0.728911 0.498191 0.140056 0.000311312
0 0.174214 0.248687 0.322857 0.251957 0.00031083
0 0.653236 0.209651 0.279194 0.131346 0.000309669
0 0.551264 0.797908 0.578528 0.144318 0.000309552
2 0.337043 0.0398592 0.309393 0.0797184 0.000309049
0 0.170683 0.494754 0.313966 0.131592 0.00030814
0 0.155016 0.77192 0.299587 0.27942 0.000308
1 0.0817042 0.586649 0.163408 0.25786 0.000307484
0 0.599717 0.853193 0.583981 0.156392 0.00030733
2 0.455534 0.0245111 0.386485 0.0485008 0.000306028
2 0.164079 0.365723 0.313023 0.246632 0.000305638
2 0.172991 0.55389 0.328938 0.229115 0.000305239
0 0.177046 0.533973 0.309742 0.186333 0.000304467
2 0.0788945 0.0338392 0.157789 0.0676785 0.000302841
2 0.509066 0.673069 0.58512 0.272546 0.000301624
2 0.356855 0.293277 0.713709 0.332056 0.000300162
0 0.519064 0.856925 0.608081 0.237591 0.000298292
2 0.349613 0.671467 0.699227 0.276905 0.000296333
2 0.567636 0.925832 0.648289 0.144625 0.000295427
0 0.589925 0.232202 0.217657 0.288885 0.000294686
0 0.44425 0.967394 0.685248 0.0652122 0.000292889
2 0.110848 0.75921 0.215308 0.316941 0.000291545
1 0.0739569 0.800624 0.147914 0.259642 0.000291036
0 0.625352 0.914537 0.601947 0.170927 0.000289841
2 0.0517194 0.433315 0.103439 0.200973 0.000289835
0 0.319807 0.727925 0.6131 0.247403 0.000289741
0 0.16383 0.677392 0.321007 0.302485 0.000288949
0 0.49201 0.0556594 0.593201 0.111319 0.000288245
2 0.350199 0.40098 0.700398 0.268541 0.000287201
2 0.0964413 0.596724 0.188585 0.276701 0.000286888
0 0.759584 0.779597 0.480832 0.132437 0.000285169
2 0.293539 0.687272 0.560836 0.23626 0.000283702
0 0.216811 0.236865 0.433622 0.288065 0.000282114
2 0.759865 0.829209 0.480269 0.108066 0.000280995
2 0.158763 0.789749 0.307613 0.301803 0.000280878
2 0.513081 0.580678 0.745153 0.223955 0.000280771
0 0.150839 0.721933 0.284333 0.258708 0.000280591
0 0.215156 0.846611 0.323097 0.241549 0.000278768
0 0.625816 0.8837 0.584116 0.171258 0.000277364
0 0.763266 0.755119 0.473468 0.151661 0.00027689
2 0.0971687 0.657272 0.187783 0.359626 0.000276774
0 0.499281 0.79475 0.590398 0.178563 0.000276287
0 0.528133 0.923874 0.653619 0.149127 0.000275884
2 0.351057 0.237583 0.682822 0.372094 0.000275752
0 0.730801 0.934033 0.538398 0.129207 0.000274387
2 0.225411 0.668809 0.450822 0.250254 0.000273684
2 0.522838 0.628039 0.694859 0.233095 0.000273669
2 0.477132 0.864593 0.584928 0.254115 0.000272989
0 0.51698 0.896481 0.595576 0.207039 0.000272978
2 0.288815 0.650418 0.57763 0.243512 0.000272697
0 0.682172 0.0439113 0.635656 0.0878226 0.000271962
0 0.635191 0.286971 0.434115 0.272237 0.000271012
1 0.0708545 0.623645 0.141709 0.311323 0.000269527
2 0.782957 0.834602 0.434086 0.141075 0.000268145
0 0.146352 0.39041 0.283124 0.263245 0.000267595
0 0.156693 0.300343 0.292982 0.211756 0.000266552
0 0.904506 0.977971 0.190988 0.0439186 0.000266507
0 0.272135 0.18525 0.292732 0.173493 0.000265757
0 0.201497 0.699092 0.402993 0.226614 0.00026541
2 0.688233 0.522608 0.623412 0.147289 0.00026491
0 0.430806 0.846059 0.537572 0.236768 0.000264742
1 0.572909 0.0416071 0.370951 0.0830466 0.000264351
0 0.209295 0.542184 0.402782 0.241354 0.000264042
0 0.261784 0.664201 0.523569 0.247572 0.000263358
0 0.759031 0.809084 0.481938 0.107828 0.000263292
0 0.625399 0.232409 0.327796 0.167042 0.000262739
2 0.056736 0.780798 0.113472 0.295461 0.000261912
0 0.35722 0.639354 0.714439 0.26248 0.000260745
0 0.554948 0.0665921 0.326751 0.131554 0.000260512
2 0.849167 0.596856 0.293971 0.110072 0.000259922
2 0.428299 0.699897 0.649217 0.233049 0.000259119
2 0.114155 0.0437689 0.228309 0.0875378 0.000257618
2 0.724401 0.708868 0.551198 0.13521 0.000257356
2 0.511974 0.531999 0.766707 0.253874 0.000257129
0 0.15163 0.441722 0.292602 0.186721 0.000256934
0 0.76444 0.492193 0.471119 0.131316 0.000256929
0 0.237641 0.771113 0.422876 0.256388 0.000256544
2 0.0426901 0.0413471 0.0853802 0.0779646 0.000254161
2 0.564411 0.492037 0.684214 0.26747 0.000254002
0 0.17999 0.320111 0.359981 0.250929 0.000252941
2 0.549752 0.343464 0.656558 0.336159 0.000252927
2 0.702506 0.949602 0.594987 0.100796 0.000251989
2 0.118783 0.0695155 0.237566 0.137724 0.000251871
2 0.386435 0.635211 0.77287 0.23756 0.000251652
0 0.239661 0.571015 0.479322 0.232286 0.000250852
2 0.741671 0.533722 0.516659 0.12216 0.000248957
0 0.760974 0.0664723 0.478051 0.132539 0.000248421
0 0.27404 0.0821319 0.499486 0.160608 0.000248393
2 0.234298 0.382966 0.451646 0.253317 0.000248351
0 0.235716 0.633832 0.471432 0.245691 0.000248083
0 0.155021 0.588771 0.307329 0.272102 0.000246692
2 0.778857 0.556528 0.431805 0.16568 0.000246135
0 0.263638 0.526142 0.527276 0.226535 0.000245644
2 0.306683 0.373454 0.613365 0.268605 0.000244841
2 0.0552858 0.460189 0.107851 0.123798 0.000244607
1 0.662797 0.0401341 0.566398 0.0802682 0.000244601
0 0.240478 0.497392 0.401902 0.160417 0.000243701
0 0.301302 0.860677 0.387465 0.24814 0.000243405
0 0.718262 0.102996 0.563477 0.205992 0.000243212
2 0.63898 0.476142 0.643351 0.202128 0.000242495
0 0.782794 0.814379 0.434412 0.147769 0.000242044
2 0.612136 0.608362 0.609825 0.186448 0.000241703
1 0.111323 0.10773 0.217331 0.201935 0.000241217
2 0.432575 0.476845 0.800115 0.315719 0.000240983
0 0.751644 0.466372 0.496712 0.167706 0.000240596
2 0.616856 0.512963 0.620049 0.198105 0.000240443
2 0.662438 0.560989 0.596174 0.167566 0.000240215
2 0.489531 0.742702 0.61171 0.25778 0.000240119
0 0.684333 0.964242 0.611039 0.0705984 0.000239747
2 0.702723 0.577427 0.594554 0.130908 0.000239275
0 0.759128 0.946976 0.481744 0.106048 0.000238786
0 0.253141 0.164141 0.496167 0.189857 0.000238714
0 0.334149 0.81139 0.485582 0.236385 0.000237796
2 0.125071 0.193568 0.229255 0.16399 0.000237795
0 0.305536 0.470019 0.611071 0.277226 0.000237031
0 0.714161 0.478439 0.571678 0.128309 0.000236761
0 0.18646 0.821965 0.344885 0.216618 0.000236737
2 0.584002 0.77075 0.616193 0.179356 0.000236439
0 0.131175 0.283268 0.222061 0.175894 0.000236354
0 0.420952 0.907785 0.553512 0.184431 0.000236213
2 0.0580088 0.564356 0.116018 0.238168 0.000236157
0 0.980718 0.0364837 0.0385635 0.0729674 0.000236077
0 0.80375 0.683017 0.392499 0.279698 0.000235968
0 0.587924 0.178045 0.585469 0.222871 0.000234058
0 0.753745 0.210681 0.49251 0.147029 0.000233877
0 0.249267 0.449457 0.470399 0.233407 0.000232276
0 0.854128 0.636005 0.281623 0.181186 0.000232217
2 0.400391 0.421612 0.776607 0.333887 0.00023174
2 0.446289 0.602818 0.750534 0.215321 0.000231423
0 0.518907 0.0743732 0.551179 0.148746 0.000231207
0 0.221398 0.298478 0.442795 0.307278 0.000231162
0 0.685131 0.125674 0.619217 0.136869 0.000230787
0 0.398672 0.235081 0.600619 0.399695 0.000230751
0 0.641991 0.295484 0.598869 0.307562 0.000230687
0 0.563411 0.100375 0.483133 0.199882 0.000230251
2 0.288087 0.317859 0.576175 0.302214 0.000229697
2 0.690807 0.798436 0.609228 0.129024 0.000229547
0 0.748457 0.132976 0.503086 0.206549 0.000229479
0 0.846079 0.954684 0.307842 0.0904399 0.00022827
0 0.337827 0.357667 0.675654 0.236131 0.000227644
0 0.269193 0.60044 0.538385 0.239056 0.000227502
2 0.528593 0.443607 0.712739 0.329489 0.000227492
0 0.513603 0.765338 0.663053 0.230494 0.000227122
0 0.793169 0.638966 0.407535 0.202813 0.000226798
2 0.00857844 0.395231 0.0171569 0.273445 0.000226213
0 0.657201 0.416583 0.643632 0.171648 0.000225361
0 0.30748 0.932055 0.599436 0.132831 0.000224845
0 0.296654 0.140283 0.465809 0.222412 0.000224554
0 0.806223 0.759304 0.387553 0.195226 0.000223829
0 0.851789 0.684172 0.282131 0.264688 0.00022283
2 0.0722259 0.450606 0.126896 0.174442 0.000222691
0 0.479429 0.975878 0.693497 0.0470177 0.000222644
2 0.368108 0.493894 0.736216 0.267429 0.000222505
2 0.589003 0.393689 0.670169 0.304479 0.000221384
2 0.72371 0.747137 0.552581 0.144622 0.00022112
0 0.775903 0.519025 0.444477 0.159257 0.000220746
0 0.734483 0.630814 0.531033 0.199449 0.000220352
