1 0.481446 0.592804 0.512709 0.343794 0.901563
1 0.505046 0.42873 0.900244 0.760435 0.00531958
1 0.684987 0.976766 0.516451 0.0464671 0.00431241
1 0.578224 0.975675 0.569915 0.0486502 0.00323389
1 0.800031 0.976001 0.395852 0.0479972 0.00259323
1 0.595316 0.463806 0.206491 0.0836552 0.00255101
1 0.674573 0.985488 0.323725 0.0290242 0.00216954
1 0.460233 0.973895 0.724939 0.0521982 0.00209899
1 0.469895 0.604838 0.650532 0.396355 0.00163306
1 0.204975 0.972322 0.409951 0.0550953 0.00127924
1 0.526434 0.118512 0.903523 0.237025 0.00115218
1 0.486375 0.855848 0.692174 0.288304 0.00115173
1 0.776792 0.0254318 0.446417 0.0508635 0.00114358
0 0.734273 0.0251603 0.531454 0.0503206 0.00114028
1 0.573907 0.0596768 0.760478 0.119354 0.00113973
1 0.154626 0.870685 0.309253 0.250163 0.00113864
2 0.941185 0.790545 0.117629 0.354233 0.00113327
0 0.797134 0.98291 0.307916 0.0341794 0.00111004
1 0.723479 0.979001 0.203015 0.0419989 0.00110584
1 0.156709 0.937474 0.313419 0.122441 0.00110307
0 0.719518 0.983664 0.21462 0.0326714 0.00110223
1 0.445755 0.947146 0.752752 0.105707 0.0010813
1 0.536904 0.322195 0.85254 0.565199 0.00107226
2 0.0471773 0.795433 0.0943546 0.406475 0.0010719
1 0.0421627 0.751676 0.0843255 0.496648 0.00106794
1 0.25175 0.862895 0.371381 0.271001 0.00105479
2 0.941932 0.733769 0.116136 0.351132 0.00105088
1 0.739246 0.0598377 0.512221 0.11936 0.00104942
1 0.229513 0.927746 0.437983 0.144507 0.00101054
1 0.857167 0.97645 0.277645 0.0471003 0.00100275
1 0.511801 0.751503 0.619758 0.475132 0.000985533
1 0.541416 0.174226 0.840491 0.286014 0.000985529
2 0.0823865 0.604181 0.164773 0.596293 0.00098447
1 0.0811214 0.854674 0.162243 0.281381 0.000981119
1 0.41813 0.52699 0.83626 0.672514 0.000979802
1 0.0626434 0.683146 0.125287 0.575853 0.000958813
1 0.607845 0.100041 0.728822 0.200082 0.000957909
1 0.100172 0.49221 0.200343 0.623645 0.000946078
1 0.438916 0.149944 0.863692 0.299889 0.000943804
1 0.716621 0.0148829 0.217258 0.0297658 0.000943117
1 0.643291 0.264888 0.630854 0.464509 0.000941205
1 0.760346 0.0152926 0.296849 0.0300445 0.000924865
1 0.345429 0.931158 0.581203 0.137685 0.000923464
2 0.947615 0.664942 0.10477 0.322826 0.00091468
1 0.63994 0.174835 0.641774 0.326093 0.000913981
1 0.118004 0.212356 0.236007 0.379654 0.000905972
1 0.610356 0.515913 0.714711 0.730886 0.000892504
1 0.126331 0.153011 0.252662 0.301349 0.000886377
1 0.505371 0.320918 0.923126 0.399346 0.00088468
1 0.649864 0.423549 0.613359 0.708192 0.00088063
1 0.506912 0.234945 0.909008 0.19258 0.000880514
1 0.123623 0.103966 0.247246 0.207932 0.000880356
2 0.948501 0.534536 0.102997 0.338293 0.000874215
2 0.156411 0.621313 0.312821 0.633512 0.000872813
1 0.155358 0.455597 0.310716 0.557971 0.000869393
0 0.447528 0.0990775 0.764956 0.198155 0.000869326
2 0.869754 0.763317 0.260492 0.427308 0.000864364
1 0.675215 0.1201 0.589898 0.236932 0.000863082
1 0.249436 0.317731 0.393686 0.265829 0.00086247
1 0.0961958 0.337139 0.192392 0.400344 0.000862138
1 0.14783 0.803485 0.29566 0.377001 0.000861846
1 0.139752 0.0604204 0.279503 0.120775 0.000857616
2 0.953182 0.585384 0.0936367 0.341307 0.000856632
1 0.157264 0.203775 0.314528 0.363735 0.000856144
1 0.273348 0.443175 0.498334 0.482182 0.000856071
1 0.0995043 0.269395 0.199009 0.37969 0.000853135
0 0.552548 0.0259425 0.775147 0.0518851 0.000848729
1 0.126048 0.934305 0.252096 0.124662 0.000840552
1 0.59401 0.6651 0.81198 0.533107 0.000835384
2 0.940453 0.482401 0.119095 0.346614 0.00083503
2 0.875861 0.823774 0.245112 0.315571 0.000831253
2 0.153743 0.340613 0.307487 0.344164 0.000830859
0 0.140193 0.093293 0.280385 0.186526 0.000829273
1 0.399026 0.107067 0.777589 0.214134 0.000821993
1 0.494111 0.651617 0.549837 0.349427 0.000820654
1 0.76103 0.978727 0.18217 0.0425464 0.000802192
2 0.902153 0.871512 0.195693 0.247703 0.000798376
0 0.261187 0.0278253 0.522374 0.0556505 0.000797489
0 0.871206 0.987069 0.257587 0.0258629 0.000796547
1 0.250159 0.262631 0.398616 0.269866 0.000794864
1 0.157908 0.278891 0.315816 0.331909 0.000791311
2 0.65391 0.700557 0.666827 0.549536 0.000785326
1 0.442642 0.0660385 0.710079 0.132004 0.000784247
1 0.841104 0.986063 0.317792 0.0278748 0.000779264
1 0.646719 0.86376 0.655245 0.265002 0.000775247
1 0.346379 0.344542 0.554367 0.334521 0.000773474
1 0.414098 0.659389 0.568802 0.481295 0.000770042
0 0.632221 0.528608 0.663083 0.539709 0.000767001
1 0.304059 0.134001 0.551283 0.264619 0.000766987
0 0.280184 0.0993816 0.502267 0.198763 0.000763389
1 0.791711 0.579006 0.353579 0.399083 0.000761005
1 0.423308 0.631891 0.763268 0.498549 0.000758612
2 0.933131 0.430676 0.133738 0.350652 0.000756056
1 0.273053 0.0610537 0.497658 0.122085 0.000752477
1 0.734968 0.513182 0.461553 0.610837 0.000749271
1 0.303382 0.179479 0.522048 0.305509 0.000743561
0 0.911331 0.99329 0.0657126 0.0134194 0.000743227
1 0.67717 0.639346 0.60252 0.423168 0.000742449
1 0.190307 0.43923 0.363546 0.483302 0.000736552
1 0.135893 0.968122 0.271786 0.0637562 0.000734285
2 0.878395 0.697134 0.24321 0.425955 0.000733401
0 0.475726 0.294244 0.918096 0.366765 0.000732518
2 0.512455 0.732002 0.607444 0.496993 0.000729983
0 0.419869 0.0274701 0.772158 0.0549402 0.000725346
1 0.381536 0.782003 0.498332 0.423818 0.000723689
1 0.391072 0.027648 0.73087 0.0552961 0.000716773
1 0.177004 0.028669 0.354008 0.057338 0.000713626
1 0.747808 0.854157 0.452449 0.28563 0.000713265
1 0.181581 0.126817 0.363162 0.249179 0.000710748
1 0.769688 0.936131 0.431968 0.12765 0.000704724
1 0.771154 0.171363 0.409177 0.328174 0.000700689
2 0.136661 0.706751 0.273323 0.556433 0.000694967
1 0.669217 0.97712 0.317994 0.0457598 0.000693594
1 0.830112 0.916475 0.334994 0.166317 0.000692769
0 0.884914 0.605392 0.217272 0.369021 0.000688419
1 0.134109 0.0312075 0.268218 0.060461 0.000685731
1 0.596875 0.448248 0.221178 0.208397 0.000680857
1 0.83704 0.95749 0.32592 0.0850199 0.000678619
1 0.679253 0.0142256 0.180541 0.0284512 0.000677937
0 0.88241 0.528833 0.219123 0.396915 0.000677569
1 0.27804 0.672736 0.545159 0.561765 0.000675842
1 0.862734 0.876132 0.261588 0.236424 0.000662657
0 0.864746 0.479449 0.250055 0.389709 0.000655759
1 0.812633 0.0301791 0.374734 0.0589069 0.000654515
1 0.576625 0.950586 0.672054 0.0988289 0.000652728
1 0.763391 0.270047 0.419754 0.382415 0.000640346
1 0.810903 0.421335 0.347713 0.421626 0.000636969
1 0.805755 0.0824007 0.38849 0.164801 0.000631667
1 0.229891 0.812799 0.327388 0.354588 0.000630674
1 0.77556 0.103893 0.435332 0.207785 0.000625697
1 0.929703 0.367742 0.140595 0.358195 0.000620213
1 0.769649 0.358223 0.415515 0.459264 0.000616167
1 0.593879 0.597007 0.757353 0.365857 0.000614201
1 0.850591 0.895674 0.298819 0.207771 0.000611767
1 0.897304 0.975427 0.204893 0.0491458 0.000606006
1 0.681968 0.945949 0.57868 0.108102 0.000593204
1 0.223863 0.561489 0.447725 0.604146 0.000579507
0 0.52653 0.589507 0.433626 0.346804 0.000566352
1 0.91688 0.307099 0.166241 0.346946 0.000564874
1 0.874962 0.201955 0.250076 0.337939 0.000551954
1 0.854033 0.152963 0.291933 0.302342 0.000551309
1 0.0751593 0.0310047 0.150319 0.0593912 0.000547158
1 0.605815 0.432485 0.189158 0.154267 0.000545148
1 0.261072 0.760866 0.384781 0.45996 0.000533243
1 0.0853358 0.0737543 0.170672 0.147368 0.000525061
0 0.100752 0.976831 0.201504 0.0463383 0.000519176
1 0.0953737 0.96457 0.190747 0.0705737 0.000517606
2 0.601987 0.584492 0.705082 0.367605 0.000509552
1 0.898892 0.25277 0.202215 0.340498 0.000504339
0 0.216063 0.205149 0.0296951 0.0283741 0.000497658
0 0.862248 0.0151259 0.183708 0.030164 0.000485024
1 0.818629 0.116062 0.362742 0.232125 0.000462809
1 0.826841 0.01459 0.243496 0.028906 0.000461447
0 0.197682 0.980312 0.3567 0.0391617 0.000460922
0 0.631915 0.986127 0.421591 0.0277468 0.000448307
1 0.0669193 0.0843965 0.129971 0.150943 0.000446152
1 0.643041 0.0137761 0.220958 0.026505 0.000440303
0 0.38219 0.98787 0.339442 0.0242595 0.000439216
0 0.757715 0.190087 0.112249 0.0414055 0.000438551
0 0.921563 0.117673 0.0409495 0.031085 0.000437916
0 0.91262 0.988656 0.0747093 0.0221764 0.000429807
0 0.658477 0.994438 0.0635161 0.0111239 0.000409489
0 0.66024 0.261309 0.0375003 0.0285312 0.000408697
1 0.256878 0.703563 0.171052 0.174184 0.000396098
1 0.09549 0.0235917 0.188656 0.0471834 0.00038937
0 0.548203 0.53859 0.35799 0.23722 0.000386432
0 0.877846 0.556549 0.206061 0.241035 0.000379571
0 0.679305 0.99436 0.101465 0.0112808 0.000377062
0 0.736248 0.431294 0.30699 0.176706 0.000375482
1 0.0615132 0.0402884 0.123026 0.0786607 0.000369025
0 0.449973 0.9878 0.323714 0.0244005 0.000341773
1 0.0888987 0.049264 0.177797 0.097076 0.00033815
1 0.0990393 0.950436 0.19538 0.0991275 0.000334159
1 0.705798 0.0222414 0.179296 0.0425483 0.000328813
1 0.0829768 0.940847 0.165954 0.118306 0.000325943
0 0.218385 0.683176 0.212909 0.259735 0.000321867
0 0.686312 0.00705053 0.118239 0.0141011 0.000318509
0 0.16723 0.174337 0.111711 0.10495 0.000317067
0 0.092231 0.132572 0.0459067 0.0266182 0.00031587
0 0.299533 0.986157 0.424389 0.0276858 0.000315569
0 0.921513 0.124065 0.0421643 0.0424008 0.0003146
1 0.664289 0.423526 0.17702 0.212498 0.000310679
1 0.64774 0.672442 0.171391 0.174935 0.000310154
0 0.905317 0.533417 0.167692 0.0971446 0.00030948
1 0.764066 0.0227 0.300553 0.0443628 0.000309108
0 0.185605 0.651604 0.227528 0.291608 0.00030376
2 0.275145 0.766776 0.399979 0.255883 0.000299299
1 0.909554 0.964326 0.178524 0.071349 0.000298643
0 0.687312 0.133824 0.0671302 0.0353851 0.000298145
0 0.48721 0.632352 0.53448 0.431727 0.000297885
0 0.52178 0.74339 0.496501 0.0550038 0.000295409
0 0.104335 0.968764 0.204511 0.062471 0.00029527
1 0.0410124 0.0761156 0.0820248 0.150184 0.000294745
0 0.176435 0.720396 0.279345 0.30948 0.000294314
0 0.151928 0.968545 0.296371 0.0629098 0.00029367
2 0.167635 0.779938 0.335269 0.363644 0.000293528
0 0.701478 0.00615765 0.0840854 0.0123153 0.000292674
2 0.168347 0.85585 0.336694 0.264312 0.000292186
2 0.249787 0.804711 0.440265 0.257896 0.000290928
0 0.638591 0.258381 0.0907476 0.0457084 0.00028966
0 0.191187 0.20644 0.0720502 0.0454441 0.000289113
1 0.696375 0.935498 0.313655 0.129004 0.000288811
0 0.154746 0.676555 0.262465 0.338491 0.000288193
1 0.678214 0.428419 0.250892 0.179296 0.000287542
2 0.131237 0.85076 0.262474 0.222214 0.000287495
0 0.209883 0.201517 0.0516557 0.0453197 0.000287107
0 0.128142 0.296443 0.169957 0.208543 0.0002847
2 0.226545 0.843385 0.453089 0.306743 0.000284607
0 0.304927 0.01408 0.253039 0.0277236 0.000284141
0 0.263043 0.0162479 0.260487 0.0320645 0.000281194
0 0.627555 0.0390346 0.226875 0.0747203 0.000280614
0 0.00173856 0.384225 0.00347712 0.201019 0.000280357
0 0.357984 0.136499 0.0924983 0.0460201 0.000279078
0 0.9065 0.982864 0.187 0.0342721 0.000278562
0 0.862848 0.810989 0.113258 0.106623 0.000278262
0 0.90949 0.118386 0.0648368 0.0363145 0.000278244
0 0.425912 0.0142686 0.269693 0.028471 0.000277084
0 0.895452 0.133841 0.0976889 0.0645883 0.000277008
0 0.10735 0.324066 0.158903 0.147616 0.000276407
0 0.622768 0.257339 0.10079 0.041963 0.000276132
0 0.737189 0.396288 0.293331 0.151543 0.000275962
0 0.140571 0.158052 0.123558 0.0975129 0.000275938
1 0.896369 0.0169019 0.196477 0.0329697 0.000274481
1 0.16451 0.019166 0.244862 0.0379149 0.000273785
0 0.623871 0.264141 0.129024 0.0748137 0.000271961
0 0.75515 0.192799 0.114758 0.0584525 0.000270848
1 0.0616846 0.117267 0.0960844 0.063268 0.00027077
1 0.0300952 0.152202 0.0601904 0.200727 0.000270521
1 0.0364102 0.0391799 0.0728205 0.0773495 0.000270057
1 0.858718 0.945948 0.265327 0.108105 0.000269804
0 0.351469 0.0139393 0.268995 0.0273856 0.000268601
0 0.595042 0.0133483 0.287554 0.0258621 0.000267416
1 0.224691 0.0185198 0.283564 0.0367495 0.000264907
0 0.36587 0.194424 0.0831075 0.0843764 0.000262604
0 0.612024 0.740634 0.268275 0.0523184 0.00026237
1 0.0332577 0.10663 0.0665155 0.179207 0.000261603
0 0.922078 0.745945 0.114482 0.115945 0.000261483
0 0.595315 0.921546 0.105883 0.0813126 0.000260636
0 0.635872 0.779288 0.322117 0.103722 0.000259573
0 0.915986 0.922446 0.133123 0.0568029 0.000258406
2 0.338291 0.636006 0.246068 0.282219 0.000257769
2 0.000888965 0.888251 0.00177793 0.207228 0.000256996
2 0.277643 0.804988 0.285031 0.190787 0.000256447
0 0.432204 0.192859 0.158939 0.161261 0.000256363
0 0.994607 0.221093 0.0107866 0.219175 0.000255377
0 0.414323 0.250041 0.142945 0.103792 0.000255371
0 0.180692 0.276937 0.115918 0.143892 0.000254976
0 0.895371 0.988666 0.0958455 0.0224212 0.000254573
0 0.89152 0.761967 0.21696 0.26217 0.000254368
2 0.177063 0.8859 0.300025 0.228201 0.000253797
0 0.719181 0.444938 0.349911 0.242643 0.000253715
0 0.178347 0.392131 0.131747 0.0582843 0.00025347
1 0.888614 0.946342 0.216396 0.107038 0.000253185
1 0.100284 0.930703 0.190653 0.138593 0.000252612
1 0.994534 0.137219 0.0109315 0.182574 0.000252546
0 0.874293 0.152113 0.137046 0.138119 0.000252472
0 0.121657 0.150731 0.111358 0.0897905 0.00025209
0 0.871825 0.155105 0.152843 0.104433 0.000251849
0 0.177626 0.269369 0.138909 0.200281 0.00025169
0 0.208024 0.965105 0.285989 0.0697891 0.000251226
0 0.773058 0.18197 0.114842 0.0552012 0.000251072
0 0.982994 0.0207392 0.0340115 0.0414783 0.000250854
0 0.258108 0.639899 0.232762 0.291871 0.00025053
2 0.377959 0.597327 0.300052 0.268822 0.000249508
0 0.69164 0.993887 0.192046 0.0122267 0.000248803
0 0.393166 0.28612 0.0949038 0.131075 0.000247885
0 0.660576 0.634074 0.188699 0.26477 0.000247683
0 0.186466 0.380635 0.210905 0.215252 0.000247319
0 0.402471 0.262838 0.101841 0.0614017 0.000247181
2 0.293872 0.603258 0.190962 0.249677 0.00024705
1 0.994414 0.195245 0.0111719 0.2297 0.00024634
0 0.383278 0.0379266 0.239305 0.0728154 0.000246016
0 0.16319 0.811645 0.310306 0.310173 0.000245882
0 0.798547 0.604293 0.161138 0.148266 0.000245714
0 0.132101 0.62513 0.246887 0.285755 0.00024536
0 0.898494 0.612492 0.203012 0.171752 0.000245341
0 0.701615 0.924687 0.291379 0.150627 0.000245259
0 0.91247 0.528953 0.122047 0.0811268 0.00024515
2 0.00154406 0.437756 0.00308812 0.232758 0.000245025
0 0.808076 0.468508 0.198534 0.283642 0.00024488
0 0.866167 0.786038 0.171124 0.197084 0.000244852
0 0.993187 0.707375 0.0136263 0.204724 0.00024417
0 0.41812 0.215254 0.145919 0.119228 0.000243911
0 0.900331 0.792379 0.199338 0.198314 0.000243546
1 0.0474144 0.918863 0.0948289 0.162273 0.000242636
1 0.635774 0.0348239 0.204264 0.0671044 0.000242287
0 0.936448 0.993187 0.126637 0.0136252 0.000242122
2 0.252849 0.311301 0.125383 0.153172 0.000241925
2 0.106538 0.848609 0.213075 0.194909 0.000241364
0 0.755151 0.179057 0.144263 0.089132 0.000240864
0 0.703874 0.991611 0.197802 0.0167122 0.000240555
2 0.00110911 0.492411 0.00221822 0.217651 0.00024036
0 0.153539 0.54445 0.307077 0.33314 0.000240225
1 0.271413 0.722857 0.278126 0.177049 0.000239602
0 0.152628 0.264957 0.230206 0.206859 0.000239576
1 0.4857 0.741723 0.5359 0.0652003 0.000239242
1 0.304398 0.679353 0.162208 0.127504 0.000239119
1 0.994062 0.7588 0.0118754 0.200739 0.000238838
0 0.513268 0.0141071 0.317737 0.0280277 0.000238535
0 0.355549 0.152654 0.117909 0.122251 0.000238318
