2 0.498971 0.496597 0.997942 0.993193 0.803406
2 0.25819 0.507569 0.514941 0.984861 0.0197107
2 0.639279 0.183559 0.703122 0.363693 0.0109286
0 0.937229 0.733156 0.125542 0.42209 0.00612128
2 0.905901 0.507845 0.188199 0.933807 0.0048919
2 0.469749 0.168991 0.708199 0.337278 0.00472988
2 0.90133 0.337054 0.19734 0.603693 0.00311629
2 0.074907 0.453688 0.149416 0.874163 0.00271563
2 0.280838 0.231122 0.561676 0.460809 0.00269969
2 0.694104 0.509387 0.611792 0.944183 0.00264189
2 0.271949 0.356601 0.543897 0.696361 0.00258582
0 0.963584 0.732724 0.0725923 0.52292 0.0025627
2 0.765498 0.795573 0.468002 0.393623 0.00253598
2 0.931728 0.518079 0.136545 0.898431 0.00240288
2 0.816361 0.505246 0.363197 0.963469 0.00229484
2 0.876858 0.383594 0.246284 0.726555 0.00225852
2 0.282288 0.141168 0.564577 0.282335 0.00220924
2 0.501897 0.139327 0.270123 0.278654 0.00216846
2 0.866306 0.757229 0.267388 0.476959 0.0021422
2 0.231944 0.189209 0.463888 0.378417 0.0021207
2 0.904429 0.779017 0.191143 0.434205 0.00206112
2 0.0504383 0.0954313 0.100877 0.190863 0.00203158
2 0.110047 0.13874 0.220093 0.277479 0.00199258
2 0.0996621 0.788962 0.199324 0.404061 0.00193102
2 0.0685074 0.153028 0.137015 0.306056 0.00186864
2 0.935639 0.742915 0.128097 0.475113 0.00184098
2 0.126842 0.434015 0.253684 0.868029 0.00181669
2 0.890966 0.833112 0.218069 0.333775 0.00178197
2 0.567487 0.225486 0.856958 0.447601 0.00169921
2 0.0723381 0.208643 0.144433 0.417285 0.00168434
2 0.233831 0.765398 0.467662 0.445249 0.00159016
2 0.768753 0.867555 0.46047 0.264889 0.00158238
2 0.0689361 0.734153 0.137872 0.495249 0.00157286
2 0.0972894 0.500924 0.194579 0.924527 0.0015516
2 0.116158 0.879859 0.232316 0.240281 0.00152855
2 0.93338 0.649989 0.132722 0.654546 0.00144342
2 0.0772463 0.29964 0.154354 0.59928 0.00143834
2 0.095782 0.188981 0.191564 0.377963 0.00137987
2 0.204517 0.846924 0.409034 0.305915 0.00136818
2 0.439923 0.249498 0.876034 0.498997 0.00136733
2 0.0622607 0.638458 0.124447 0.673276 0.00130631
2 0.511391 0.169138 0.314988 0.338276 0.00124284
0 0.974373 0.766098 0.0510619 0.467804 0.00114255
2 0.735608 0.369304 0.525926 0.735943 0.00113522
2 0.571524 0.138905 0.830724 0.27781 0.00110493
2 0.131415 0.939921 0.262829 0.120157 0.0011
2 0.169562 0.924411 0.339125 0.151179 0.00109578
2 0.0942028 0.641741 0.188406 0.653977 0.00109178
2 0.886529 0.212808 0.226942 0.425615 0.00104288
2 0.55076 0.137031 0.382835 0.274062 0.00101443
2 0.181927 0.72923 0.363854 0.485007 0.00100998
0 0.8218 0.754967 0.355454 0.474513 0.00100888
2 0.835536 0.237773 0.328927 0.475546 0.00100716
2 0.269347 0.873923 0.53119 0.252154 0.000996663
2 0.888436 0.879407 0.223127 0.241187 0.000971071
2 0.0982077 0.935302 0.196415 0.129396 0.000959513
2 0.176044 0.498826 0.351856 0.966197 0.000945831
0 0.111124 0.614713 0.220205 0.707112 0.000923849
2 0.212751 0.913521 0.425502 0.172958 0.000906428
2 0.268794 0.684651 0.534309 0.590732 0.000885943
2 0.0706819 0.103356 0.140674 0.205821 0.000879799
0 0.936336 0.648434 0.127328 0.274209 0.000850568
2 0.700519 0.108478 0.592314 0.216957 0.000826045
2 0.366962 0.319505 0.733924 0.636882 0.000809053
0 0.174578 0.541795 0.349156 0.851155 0.000801399
2 0.278032 0.925872 0.551899 0.148256 0.000754659
2 0.369202 0.465241 0.737962 0.920513 0.000751419
1 0.583413 0.920758 0.491636 0.158485 0.000745572
0 0.795655 0.530339 0.406598 0.906875 0.000741341
0 0.80674 0.889613 0.386519 0.220775 0.000737809
2 0.755227 0.14519 0.488568 0.29038 0.0007352
0 0.262551 0.516189 0.525103 0.923204 0.000726041
2 0.429823 0.127299 0.773806 0.254598 0.00072004
1 0.656221 0.90802 0.592517 0.183961 0.000715167
0 0.402186 0.925256 0.593669 0.149488 0.000697316
2 0.882187 0.152515 0.234179 0.305029 0.000693172
0 0.623804 0.799181 0.63985 0.394663 0.000678136
0 0.317615 0.775907 0.635229 0.438529 0.000671677
2 0.807967 0.100154 0.384066 0.200309 0.000662377
0 0.525221 0.924823 0.475663 0.150354 0.000656547
2 0.774458 0.903209 0.451084 0.193582 0.000633162
2 0.728392 0.0813112 0.534964 0.162622 0.000624737
0 0.950667 0.688653 0.0984358 0.378959 0.000624464
2 0.725717 0.21661 0.548565 0.43322 0.000591974
0 0.496223 0.773847 0.740527 0.445179 0.000557273
2 0.462341 0.12974 0.18763 0.25948 0.000549289
0 0.737363 0.901838 0.51581 0.196325 0.000549239
2 0.0709592 0.93447 0.141918 0.131059 0.000541532
2 0.158987 0.140191 0.317974 0.263002 0.000534668
0 0.73509 0.800838 0.522142 0.381348 0.000520822
2 0.0502906 0.16167 0.100581 0.32334 0.000517284
2 0.0647403 0.836401 0.129443 0.253853 0.000516739
2 0.358598 0.093002 0.710676 0.186004 0.00051194
2 0.126091 0.795752 0.252183 0.325193 0.00051106
2 0.0460454 0.838989 0.0918511 0.296245 0.000504486
1 0.0838639 0.0993851 0.166982 0.192953 0.000477699
1 0.355671 0.908331 0.625632 0.183338 0.00047534
2 0.734251 0.837542 0.360178 0.299059 0.000474953
0 0.108611 0.982671 0.208054 0.0346576 0.00046996
1 0.527388 0.910103 0.502611 0.179794 0.000462275
2 0.0521753 0.888411 0.103649 0.223178 0.000452982
0 0.524794 0.702063 0.917231 0.578638 0.000437617
1 0.098502 0.794686 0.197004 0.32507 0.000437128
1 0.181574 0.812115 0.363149 0.289045 0.000429115
0 0.380982 0.689038 0.746901 0.599432 0.000428129
2 0.893123 0.928337 0.213755 0.139258 0.000414862
2 0.0198497 0.346024 0.0396994 0.466266 0.000414556
2 0.0742502 0.447428 0.1485 0.372299 0.000413181
0 0.443733 0.842973 0.217237 0.297459 0.000412449
0 0.7589 0.994476 0.146658 0.0110481 0.000411468
2 0.0762916 0.958583 0.152583 0.082833 0.000409834
2 0.0419566 0.358642 0.0839132 0.473783 0.000397676
0 0.924503 0.586037 0.150994 0.212819 0.000396163
0 0.970576 0.615592 0.0585117 0.443796 0.000387431
0 0.484765 0.987114 0.200221 0.0257722 0.000379796
0 0.981393 0.473998 0.0372143 0.337239 0.00037638
2 0.040457 0.19246 0.080914 0.37879 0.000375286
0 0.350916 0.988164 0.209943 0.0236718 0.000374224
2 0.0970452 0.393271 0.192467 0.240501 0.000372801
0 0.672981 0.990803 0.159516 0.0183947 0.000369894
0 0.704246 0.99146 0.180359 0.0170809 0.000369331
2 0.0884453 0.945543 0.176891 0.108914 0.000361969
0 0.782462 0.995311 0.129399 0.00937854 0.000361502
0 0.835089 0.995639 0.140971 0.00872107 0.000360892
2 0.0547203 0.432706 0.109408 0.392894 0.000359842
2 0.100438 0.0993362 0.200876 0.19165 0.000358177
2 0.178355 0.796707 0.35671 0.316569 0.000354616
0 0.886522 0.669686 0.226956 0.358835 0.000353598
2 0.0268328 0.8381 0.0536655 0.305526 0.00034793
2 0.0347934 0.80802 0.0695868 0.292328 0.000346926
2 0.161371 0.620442 0.322741 0.376408 0.000346512
2 0.175811 0.00725124 0.152364 0.0145025 0.000345706
0 0.320966 0.990457 0.19844 0.019087 0.000344093
0 0.608181 0.98837 0.258564 0.0232605 0.000343317
2 0.0674871 0.171089 0.134974 0.215086 0.000341024
2 0.314607 0.0784251 0.185987 0.14807 0.000339857
2 0.0956345 0.346241 0.188877 0.15202 0.000339827
0 0.807005 0.995823 0.127917 0.00835358 0.000338314
0 0.439646 0.986269 0.185257 0.0274615 0.000337918
2 0.244459 0.639958 0.442968 0.360312 0.000336848
2 0.0220056 0.195624 0.0440113 0.391249 0.000335785
2 0.555255 0.00143775 0.127749 0.00287551 0.000335288
0 0.272669 0.993088 0.21225 0.0138235 0.000331233
0 0.864193 0.994022 0.16209 0.0119569 0.000329181
1 0.154256 0.985998 0.308512 0.0280045 0.000328235
2 0.0312697 0.168274 0.0625394 0.336549 0.000327289
0 0.455129 0.740804 0.278457 0.388843 0.000327236
2 0.147333 0.00579298 0.140063 0.011586 0.000326957
0 0.334477 0.83572 0.378057 0.309055 0.000325385
0 0.896397 0.990268 0.206538 0.0194637 0.000325096
2 0.0350459 0.307837 0.0700917 0.517223 0.000325068
2 0.066728 0.408768 0.132484 0.287077 0.00032465
2 0.606263 0.909349 0.466154 0.181301 0.00032374
0 0.530644 0.986824 0.220344 0.0263511 0.000323535
1 0.230584 0.0221172 0.159554 0.0442344 0.000323523
0 0.975956 0.821707 0.0478888 0.356586 0.000322079
0 0.176646 0.128699 0.325843 0.24965 0.000319909
1 0.130915 0.807765 0.261829 0.297746 0.00031947
0 0.315377 0.0694184 0.166344 0.134816 0.00031754
2 0.129817 0.592916 0.259633 0.447569 0.000315478
2 0.373902 0.910659 0.439429 0.17508 0.000313749
2 0.706645 0.898503 0.324583 0.186708 0.000313675
2 0.529741 0.000625415 0.134524 0.00125083 0.000313075
2 0.0209223 0.796665 0.0418447 0.307134 0.000312196
2 0.204608 0.0108384 0.165491 0.0216768 0.00030935
0 0.977536 0.501023 0.0448645 0.473312 0.000306955
1 0.107599 0.0106847 0.174116 0.0213693 0.000306539
1 0.729111 0.00358021 0.144327 0.00716041 0.000305849
2 0.782075 0.000408916 0.131181 0.000817832 0.000305831
2 0.299092 0.918418 0.362231 0.162178 0.000305189
0 0.416095 0.983888 0.174189 0.0322239 0.000304357
1 0.457153 0.00143833 0.134988 0.00287667 0.000303424
0 0.245604 0.26145 0.478127 0.522899 0.000302994
0 0.531499 0.244356 0.477039 0.488713 0.00030224
2 0.598165 0.576007 0.458892 0.469978 0.000301959
2 0.804899 0.000900597 0.13199 0.00180119 0.000301848
2 0.873561 0.893862 0.252877 0.203328 0.000301625
0 0.501823 0.691905 0.306709 0.219487 0.000301472
2 0.581928 0.00274129 0.129368 0.00548258 0.000300792
2 0.486927 0.834897 0.285072 0.330207 0.000297626
0 0.976201 0.410365 0.0475988 0.510631 0.000297201
0 0.557398 0.803871 0.311494 0.358954 0.000295842
1 0.487216 0.000816759 0.132808 0.00163352 0.000295821
2 0.597087 0.885424 0.363539 0.218036 0.000295701
2 0.301033 0.623175 0.497661 0.407656 0.000294977
2 0.831782 0.87512 0.336435 0.219638 0.000294536
2 0.741111 0.879946 0.383753 0.215739 0.000293905
0 0.987111 0.335444 0.025085 0.232554 0.000293059
1 0.75952 0.000670056 0.134195 0.00134011 0.000292359
0 0.560098 0.740186 0.353678 0.315607 0.00029224
2 0.650728 0.919517 0.213608 0.160965 0.000291472
1 0.697396 0.0202246 0.14495 0.0404492 0.000291422
2 0.234492 0.921524 0.468983 0.121794 0.000291336
0 0.889116 0.615598 0.221768 0.297308 0.000288137
2 0.523265 0.51976 0.375492 0.439793 0.000287855
2 0.0569693 0.339149 0.112546 0.348132 0.000284733
0 0.829499 0.812306 0.334622 0.274573 0.000284661
0 0.898174 0.982474 0.203651 0.0350515 0.00028431
0 0.929179 0.526586 0.141642 0.426728 0.000284171
0 0.19923 0.413345 0.39846 0.48852 0.000283957
2 0.213999 0.413335 0.427998 0.491898 0.000283494
0 0.490139 0.612917 0.317086 0.420651 0.000283402
0 0.510119 0.789765 0.319527 0.30058 0.000282955
2 0.174911 0.711511 0.291203 0.268113 0.000282859
1 0.942791 0.00175457 0.114419 0.00350915 0.000282416
0 0.0519019 0.107616 0.103804 0.215231 0.000282167
2 0.351266 0.565528 0.45444 0.414192 0.00028209
0 0.928166 0.97271 0.140679 0.0545807 0.000281356
2 0.152625 0.44468 0.305249 0.399883 0.000280953
2 0.123364 0.652274 0.246728 0.317081 0.000279347
2 0.201416 0.702934 0.391784 0.34428 0.000278039
2 0.444997 0.646067 0.372874 0.434442 0.000277849
0 0.0889253 0.591175 0.177851 0.382049 0.000277153
0 0.9737 0.964476 0.0526001 0.0710485 0.000276672
1 0.201991 0.657223 0.398727 0.344681 0.000275855
1 0.36182 0.0147476 0.13219 0.0294952 0.000274841
2 0.831631 0.00275155 0.132274 0.00550311 0.000274122
0 0.604737 0.117809 0.275585 0.229453 0.00027241
2 0.159438 0.0970557 0.246753 0.18735 0.000270704
0 0.136985 0.419485 0.27397 0.353891 0.0002704
0 0.0969922 0.759443 0.193984 0.3019 0.000270382
0 0.559569 0.511822 0.44405 0.540224 0.000270093
2 0.398477 0.506361 0.431721 0.493459 0.000269883
0 0.413997 0.489753 0.412098 0.537739 0.000269722
2 0.435893 0.882659 0.269654 0.224084 0.000268516
2 0.0630798 0.619769 0.12616 0.375648 0.000267217
0 0.810254 0.66496 0.2451 0.316948 0.000267016
0 0.189368 0.504961 0.378736 0.419616 0.000266709
0 0.978177 0.263947 0.0436461 0.506201 0.000265446
2 0.0904119 0.859983 0.180824 0.207016 0.000265096
2 0.54501 0.597513 0.390704 0.29981 0.000264971
0 0.455021 0.881281 0.262046 0.225752 0.000263971
2 0.0147375 0.768931 0.0294749 0.336535 0.000263824
2 0.0562404 0.621725 0.112481 0.493512 0.000263309
2 0.843641 0.822717 0.309845 0.284856 0.000263049
0 0.77716 0.588418 0.291604 0.185697 0.000262443
2 0.0934704 0.821585 0.186941 0.269898 0.00026174
0 0.190234 0.989072 0.376801 0.0218553 0.000260959
0 0.421408 0.869344 0.190624 0.249284 0.000259246
2 0.228044 0.465293 0.456089 0.361508 0.000259147
2 0.0296483 0.88212 0.0592933 0.235761 0.000259083
2 0.220039 0.32872 0.440078 0.470379 0.000258742
0 0.0908003 0.498503 0.181601 0.47124 0.000258478
0 0.182171 0.227061 0.364341 0.454123 0.00025801
1 0.258876 0.0503058 0.142105 0.100612 0.000255991
2 0.273337 0.897818 0.463102 0.180279 0.000254909
2 0.765249 0.583835 0.348721 0.201261 0.000254855
0 0.855027 0.469127 0.289946 0.414941 0.000254034
1 0.268437 0.706923 0.4906 0.340226 0.000253307
0 0.819293 0.856471 0.361414 0.25316 0.000253294
1 0.316735 0.0733226 0.16859 0.139005 0.000252592
0 0.635738 0.796113 0.372727 0.357709 0.00025248
2 0.217358 0.868246 0.434715 0.167779 0.000252449
2 0.605646 0.0108644 0.138661 0.0217288 0.000252037
0 0.186129 0.570337 0.372258 0.222801 0.000251901
2 0.17363 0.598722 0.343221 0.235531 0.000251501
0 0.0826103 0.97662 0.165221 0.0467591 0.000250946
0 0.328469 0.767209 0.396866 0.220724 0.000249856
0 0.492773 0.892456 0.318218 0.200652 0.000249808
2 0.251504 0.228138 0.387929 0.405402 0.000249603
2 0.604024 0.653411 0.415742 0.340843 0.000249186
1 0.434609 0.00190984 0.126082 0.00381968 0.000248794
0 0.513647 0.487482 0.405179 0.436206 0.000248676
0 0.101326 0.672033 0.202652 0.395542 0.000248447
2 0.319408 0.70625 0.46348 0.286716 0.000248315
2 0.153078 0.70457 0.212017 0.190385 0.000247159
2 0.122354 0.499336 0.244707 0.455409 0.000247136
0 0.805075 0.479268 0.348766 0.373299 0.0002468
2 0.185756 0.75466 0.324178 0.297451 0.000245854
2 0.579438 0.185637 0.38147 0.318185 0.000244899
2 0.260908 0.594496 0.274541 0.21917 0.000244767
0 0.563892 0.679405 0.375475 0.272584 0.000244621
2 0.674195 0.824912 0.347399 0.350175 0.000244398
0 0.286503 0.854978 0.389572 0.271368 0.000244316
2 0.438893 0.10582 0.147021 0.207156 0.000244211
2 0.197785 0.366748 0.395571 0.329235 0.000243531
0 0.884681 0.542779 0.230637 0.332717 0.000243405
2 0.0998467 0.434418 0.199487 0.335745 0.000242775
0 0.893958 0.700152 0.167652 0.407544 0.000241985
2 0.0696573 0.776996 0.137131 0.317905 0.000241679
2 0.0778039 0.305762 0.155608 0.287458 0.000241169
0 0.256873 0.118304 0.14849 0.227856 0.00024103
2 0.454056 0.447936 0.399502 0.512573 0.00024067
0 0.578773 0.841488 0.289413 0.303117 0.000240557
2 0.681627 0.0577415 0.139451 0.115483 0.000238951
2 0.104523 0.2534 0.209047 0.342476 0.000238635
2 0.600072 0.705126 0.386132 0.316946 0.00023808
2 0.0197237 0.62215 0.0394474 0.45381 0.000237464
0 0.853685 0.658275 0.29263 0.375716 0.00023715
2 0.0508888 0.285484 0.100513 0.377744 0.000235881
0 0.10912 0.5488 0.21824 0.453997 0.00023495
2 0.861205 0.00317578 0.126114 0.00635155 0.000234694
1 0.336373 0.0400645 0.146308 0.0801289 0.000234587
0 0.979014 0.353985 0.0419727 0.321409 0.00023436
2 0.635194 0.753977 0.410744 0.359333 0.00023287
0 0.420883 0.753273 0.33339 0.295734 0.000231413
2 0.883205 0.00449395 0.150681 0.0089879 0.000230652
2 0.302738 0.117423 0.202226 0.186137 0.000230313
2 0.440098 0.905107 0.421743 0.189786 0.000229887
1 0.393868 0.00504533 0.139408 0.0100907 0.000229554
