1 0.519297 0.543548 0.955779 0.906912 0.90163
2 0.0888663 0.957015 0.15424 0.0855481 0.765264
2 0.214027 0.926055 0.144369 0.147891 0.563192
2 0.364381 0.909771 0.181527 0.180457 0.158168
2 0.277495 0.920996 0.30921 0.155272 0.0819628
2 0.14202 0.955967 0.284041 0.0878551 0.032742
2 0.661323 0.0582286 0.170964 0.115632 0.028899
2 0.116317 0.343109 0.232633 0.672097 0.0244536
1 0.842545 0.684809 0.123366 0.162801 0.0227011
1 0.741285 0.819688 0.14024 0.22059 0.0218387
2 0.195163 0.924981 0.389156 0.147348 0.0215029
1 0.843348 0.635446 0.125637 0.289866 0.0149319
2 0.661323 0.0843348 0.16914 0.168661 0.0135548
2 0.0634803 0.957354 0.119091 0.0852333 0.0132159
0 0.215255 0.924354 0.141297 0.151293 0.0130387
1 0.959073 0.25005 0.0818543 0.303673 0.012148
0 0.949237 0.989175 0.0433065 0.0216507 0.0120695
2 0.0702696 0.943369 0.13374 0.113262 0.0114531
1 0.971002 0.220667 0.0578964 0.242602 0.0107556
1 0.367714 0.904877 0.186111 0.190247 0.0101327
1 0.985289 0.209199 0.0294064 0.215065 0.00981437
2 0.345802 0.91186 0.417061 0.175113 0.00867699
2 0.107342 0.215152 0.214685 0.429917 0.0085729
2 0.668117 0.0433916 0.154382 0.0867832 0.00851469
2 0.144472 0.500877 0.288943 0.84565 0.00848431
1 0.871138 0.653516 0.186415 0.259474 0.00787488
1 0.953949 0.210946 0.0919596 0.223053 0.00782608
0 0.319635 0.0255577 0.12235 0.0511154 0.00750375
2 0.19169 0.438609 0.38338 0.769922 0.00721534
2 0.136171 0.257893 0.272341 0.511057 0.00684751
1 0.887113 0.640391 0.223458 0.309298 0.00623372
0 0.660813 0.10175 0.173354 0.203499 0.00615372
2 0.0883091 0.283764 0.176618 0.561666 0.00614067
1 0.0957939 0.958225 0.191588 0.082811 0.0055665
2 0.238085 0.929113 0.203403 0.141773 0.00556637
2 0.676905 0.0529475 0.380247 0.105895 0.00528387
2 0.0794521 0.192465 0.158852 0.384296 0.00524806
2 0.986212 0.207524 0.0275752 0.214494 0.00524089
2 0.0881649 0.115999 0.175283 0.231997 0.00515027
0 0.328776 0.0172452 0.113077 0.034349 0.00499422
1 0.52707 0.865889 0.176537 0.268221 0.00479665
1 0.842064 0.714553 0.123703 0.148541 0.00439878
0 0.0272855 0.44156 0.054571 0.112934 0.00412074
2 0.954121 0.188641 0.0914985 0.17154 0.00408967
2 0.69134 0.0365238 0.105783 0.0726473 0.00404611
0 0.949512 0.984855 0.0426516 0.0294596 0.00404495
1 0.19864 0.662139 0.114785 0.223468 0.00385468
0 0.345186 0.00908455 0.0603053 0.0181691 0.00364416
1 0.829601 0.747309 0.147216 0.211219 0.00348149
1 0.390464 0.908592 0.487115 0.181025 0.00346863
0 0.180866 0.59464 0.0778661 0.0933747 0.00333503
2 0.0984781 0.430408 0.196956 0.664438 0.00314407
2 0.135639 0.100661 0.271278 0.201321 0.00313956
1 0.263074 0.681175 0.172292 0.227443 0.00313442
1 0.988598 0.173642 0.0228049 0.150852 0.00310461
2 0.0973942 0.937066 0.194788 0.125868 0.00308104
0 0.0507378 0.598255 0.101476 0.189701 0.00304305
1 0.924085 0.570119 0.142364 0.176578 0.00299433
2 0.192753 0.259098 0.384488 0.515218 0.0028144
2 0.654076 0.0984207 0.371569 0.196841 0.00277221
0 0.314469 0.0452987 0.131704 0.0905973 0.00273631
2 0.236734 0.543837 0.473467 0.897673 0.00260963
1 0.73612 0.858029 0.142667 0.140165 0.00247771
1 0.657773 0.0551339 0.18903 0.110268 0.00239776
2 0.707378 0.0405429 0.256034 0.0800914 0.00238349
2 0.989776 0.140572 0.0204479 0.124074 0.00237664
2 0.179395 0.0730385 0.355058 0.146077 0.00236306
2 0.030066 0.164206 0.060132 0.172361 0.00235776
2 0.176335 0.18291 0.351996 0.362808 0.00235262
1 0.680185 0.512726 0.639631 0.927551 0.00233854
0 0.950059 0.983192 0.0912489 0.0336157 0.00227796
2 0.085982 0.801053 0.171421 0.396992 0.00226106
2 0.0154981 0.148564 0.0309962 0.197079 0.00222531
2 0.737388 0.0487884 0.432438 0.0975768 0.00220584
0 0.283776 0.821151 0.0830742 0.129775 0.00212901
2 0.0551013 0.89369 0.109552 0.21262 0.00209452
1 0.274688 0.553918 0.542155 0.88331 0.00204887
2 0.431627 0.915711 0.337561 0.168577 0.00204012
1 0.503078 0.386331 0.125589 0.206994 0.00200051
2 0.987415 0.130538 0.0251692 0.261076 0.00199183
2 0.944058 0.187243 0.111843 0.367583 0.00199091
2 0.202487 0.0518927 0.389731 0.103785 0.0019101
2 0.137423 0.934896 0.274806 0.130207 0.00189368
2 0.0228034 0.148316 0.0455909 0.241996 0.00187665
1 0.911065 0.166507 0.176838 0.333013 0.0018691
1 0.788475 0.777161 0.242342 0.285616 0.00186338
2 0.947948 0.263074 0.104008 0.46507 0.00184803
1 0.693981 0.0347301 0.0990892 0.0694601 0.00182038
1 0.778294 0.517987 0.438603 0.942248 0.00180835
1 0.389436 0.860656 0.519027 0.278689 0.00176193
1 0.926226 0.611496 0.143109 0.243295 0.00174968
2 0.714709 0.522037 0.563175 0.924375 0.00174327
2 0.0292932 0.12672 0.0585865 0.202066 0.00165838
1 0.802488 0.166655 0.395025 0.332823 0.00163481
1 0.780812 0.760807 0.436743 0.436359 0.00162031
0 0.331227 0.00978616 0.0924554 0.0195723 0.00161323
0 0.163983 0.0709118 0.206215 0.141454 0.00160833
1 0.869722 0.170759 0.260557 0.341519 0.00158817
2 0.0684804 0.711579 0.136961 0.557703 0.00157542
1 0.769882 0.808132 0.212019 0.241772 0.00156651
1 0.83526 0.0756333 0.329481 0.151267 0.0015434
1 0.906157 0.515719 0.1861 0.861906 0.00152847
0 0.356886 0.00836137 0.0354258 0.0167227 0.00148359
2 0.923917 0.378015 0.150654 0.636034 0.00144018
2 0.603705 0.0621058 0.441961 0.124212 0.00143034
1 0.49209 0.0736529 0.078613 0.0867467 0.00142902
2 0.103609 0.739582 0.207218 0.507503 0.00142157
2 0.899586 0.516495 0.19972 0.899932 0.00140472
1 0.480291 0.040967 0.635354 0.0819341 0.00140061
0 0.962539 0.983985 0.0749214 0.0320306 0.00139239
1 0.554587 0.0225213 0.147502 0.0450427 0.00138378
2 0.0218673 0.201132 0.0436925 0.347465 0.00138222
1 0.868226 0.0984475 0.263547 0.196895 0.00135782
0 0.292042 0.67878 0.324931 0.639356 0.00133473
1 0.626132 0.0366988 0.180754 0.07322 0.00132
0 0.0454466 0.863181 0.0908932 0.121581 0.00131889
0 0.0938998 0.0837694 0.186654 0.166501 0.00131505
1 0.986352 0.172759 0.0272963 0.255721 0.00130094
1 0.796526 0.68368 0.404049 0.529463 0.00128874
1 0.384638 0.648055 0.132128 0.321364 0.00127973
1 0.737635 0.135539 0.498229 0.271078 0.00126912
2 0.104901 0.579757 0.209803 0.684348 0.00126816
1 0.549294 0.343818 0.867947 0.687636 0.00126747
2 0.80459 0.496932 0.382058 0.974957 0.00125641
2 0.99051 0.110756 0.0189793 0.181871 0.00124093
1 0.532111 0.918064 0.162946 0.163834 0.00123045
2 0.316527 0.856675 0.373861 0.28665 0.00122726
1 0.873699 0.529029 0.252462 0.911732 0.00122712
1 0.32708 0.651623 0.240962 0.330015 0.00121924
2 0.914842 0.205777 0.170304 0.410852 0.00120445
2 0.0500923 0.844413 0.098861 0.170022 0.00120389
1 0.812874 0.596359 0.369619 0.709959 0.00118355
1 0.819144 0.959298 0.361713 0.0796728 0.00118035
1 0.491721 0.872053 0.242891 0.255894 0.00115596
2 0.0406971 0.136966 0.0813941 0.236287 0.00114836
1 0.740359 0.726591 0.130242 0.420673 0.00114328
0 0.236563 0.690002 0.356528 0.61546 0.00113913
1 0.747787 0.190108 0.496322 0.379379 0.00112061
1 0.120979 0.35161 0.241958 0.348369 0.00111774
1 0.22264 0.669825 0.160804 0.241316 0.00110424
2 0.14045 0.778979 0.280342 0.43647 0.00109909
0 0.793412 0.285036 0.410281 0.566915 0.00109746
2 0.0271771 0.441628 0.0543541 0.121965 0.00108635
2 0.199613 0.0963353 0.395395 0.192671 0.00108223
2 0.807255 0.199912 0.384671 0.399824 0.00107515
1 0.490813 0.121331 0.652634 0.242661 0.00107409
1 0.763682 0.0595387 0.472635 0.118775 0.00106599
1 0.982621 0.246884 0.0347571 0.213911 0.0010633
1 0.896818 0.113672 0.206107 0.226711 0.00106163
1 0.352254 0.649308 0.152405 0.322172 0.00105199
1 0.381129 0.795864 0.499077 0.408272 0.00104724
1 0.527768 0.0216722 0.137173 0.0429581 0.00104417
2 0.924355 0.571399 0.138244 0.160452 0.00102
1 0.507407 0.899098 0.447909 0.200001 0.00101731
0 0.0311032 0.609895 0.0622063 0.198369 0.00101373
0 0.212435 0.604955 0.385532 0.783449 0.00100852
0 0.665823 0.280711 0.0761377 0.086947 0.00100398
1 0.873177 0.694052 0.252954 0.5125 0.00100219
1 0.483441 0.178714 0.684364 0.355704 0.000985163
1 0.760478 0.721942 0.207213 0.415872 0.000981813
2 0.022073 0.182405 0.0441459 0.146368 0.000979073
1 0.615436 0.902954 0.402266 0.192688 0.000961357
1 0.698376 0.283086 0.594096 0.566172 0.000958762
1 0.547847 0.930189 0.139256 0.138781 0.000953336
1 0.365323 0.86831 0.166409 0.26338 0.000941497
0 0.93845 0.552343 0.10137 0.130664 0.000932554
2 0.748861 0.257073 0.501838 0.514146 0.000928195
1 0.628893 0.316065 0.129926 0.154285 0.000917576
2 0.962706 0.212032 0.0745882 0.181063 0.000912386
1 0.952831 0.159016 0.0931011 0.0994598 0.00090747
1 0.690675 0.814666 0.48801 0.347869 0.000903085
2 0.698325 0.143001 0.542124 0.284991 0.000899783
1 0.169067 0.711407 0.338036 0.56496 0.000899568
0 0.127406 0.0511665 0.197686 0.102333 0.000899147
2 0.011585 0.109001 0.02317 0.183134 0.000892363
1 0.883797 0.696832 0.212225 0.177445 0.000891912
0 0.203719 0.0646506 0.204515 0.129297 0.000883964
1 0.406097 0.716211 0.584859 0.567578 0.000877911
2 0.737992 0.847763 0.109401 0.151007 0.000876096
0 0.334472 0.0486799 0.122677 0.0968453 0.000856845
0 0.59191 0.269172 0.809079 0.538344 0.000845022
1 0.871859 0.897174 0.256281 0.205651 0.000839222
1 0.738789 0.883935 0.146049 0.0955251 0.000828587
1 0.88926 0.752586 0.220927 0.432162 0.000823416
2 0.602446 0.109826 0.525805 0.219653 0.00082029
1 0.298133 0.0423202 0.559204 0.0846405 0.000809078
1 0.874281 0.815786 0.251438 0.353137 0.000808408
1 0.235215 0.725264 0.470431 0.542286 0.000806503
2 0.741929 0.0364262 0.20517 0.0728524 0.000799147
0 0.305361 0.0446943 0.0658178 0.0878829 0.000798346
0 0.125751 0.0919743 0.223208 0.18128 0.000795656
1 0.294653 0.296903 0.579126 0.593806 0.0007949
2 0.0743283 0.852584 0.144777 0.168789 0.000792969
1 0.0315286 0.199035 0.0626908 0.336747 0.0007923
1 0.305521 0.679566 0.24179 0.259514 0.000786801
1 0.732938 0.654588 0.531288 0.669602 0.000783154
1 0.523027 0.805443 0.542465 0.389113 0.00077911
1 0.756404 0.77409 0.102769 0.119744 0.000777156
1 0.518571 0.0466672 0.121909 0.0869022 0.00077531
0 0.52781 0.0214857 0.14332 0.0429438 0.000775012
0 0.0518582 0.814674 0.103716 0.240565 0.00077111
1 0.690058 0.81901 0.241641 0.229778 0.00076757
0 0.375344 0.661821 0.481762 0.674445 0.000761764
1 0.682686 0.954415 0.47938 0.0882502 0.000760521
1 0.610987 0.322204 0.0933169 0.1581 0.000760094
1 0.258527 0.10105 0.496905 0.201962 0.000737986
1 0.62958 0.940527 0.413131 0.116983 0.000736501
0 0.0349205 0.867766 0.069841 0.250499 0.000732696
0 0.957474 0.702602 0.0784554 0.110847 0.000731742
0 0.0489487 0.847281 0.097886 0.195914 0.00073127
1 0.928029 0.183286 0.0453018 0.0880236 0.000725085
2 0.258994 0.184252 0.508643 0.367305 0.000723696
2 0.976733 0.153665 0.0465346 0.307329 0.000723302
2 0.433385 0.189936 0.759997 0.37857 0.000705465
1 0.378987 0.104603 0.687936 0.209207 0.000697661
0 0.757218 0.841298 0.0718426 0.158518 0.000697461
1 0.618041 0.812461 0.429184 0.375078 0.000686457
2 0.756698 0.845641 0.0695514 0.156311 0.000680317
0 0.17224 0.0493493 0.174672 0.0986986 0.000669798
2 0.98794 0.114928 0.0241199 0.208434 0.00066073
1 0.432903 0.289155 0.816137 0.57831 0.000655332
1 0.504596 0.459123 0.132799 0.359613 0.000650436
1 0.57255 0.80944 0.202683 0.280653 0.00064821
0 0.927037 0.590397 0.144542 0.205065 0.000642951
1 0.340643 0.908389 0.136625 0.183222 0.000637946
2 0.0513144 0.120467 0.0994342 0.234063 0.00063781
2 0.618094 0.0443599 0.0799112 0.0867421 0.000635439
0 0.98168 0.830121 0.0365276 0.339757 0.000630221
1 0.7177 0.759165 0.180237 0.376796 0.000630078
0 0.0142289 0.565425 0.0284578 0.263089 0.00062165
1 0.729623 0.686764 0.160548 0.452141 0.000604325
0 0.0658357 0.102306 0.128634 0.203238 0.000603495
0 0.682069 0.803527 0.472346 0.389756 0.000599486
0 0.247881 0.0659154 0.189264 0.131386 0.000598711
0 0.0682092 0.0699318 0.134027 0.139864 0.000576902
0 0.985758 0.357369 0.0284834 0.136118 0.000572625
0 0.0732761 0.352908 0.14622 0.334054 0.000568045
0 0.342089 0.0148273 0.0695152 0.0296545 0.000566714
1 0.231299 0.719434 0.0722033 0.0899005 0.000566627
2 0.219144 0.809042 0.438288 0.380654 0.000559781
2 0.0273612 0.893021 0.0547223 0.213957 0.000557643
2 0.34803 0.421264 0.129969 0.149572 0.000554696
0 0.976275 0.109584 0.0474487 0.219168 0.000543287
1 0.526448 0.940224 0.204988 0.119551 0.000538471
1 0.507507 0.0632121 0.106389 0.10781 0.000537901
0 0.17992 0.488491 0.0903501 0.116324 0.000536872
1 0.270872 0.754476 0.152617 0.185809 0.000529177
1 0.713102 0.033593 0.0585888 0.067186 0.000525613
1 0.575415 0.0377573 0.108944 0.0746579 0.000518614
0 0.177647 0.0905904 0.234204 0.180565 0.000511626
0 0.594963 0.157106 0.680029 0.313236 0.000510173
1 0.379182 0.568777 0.758364 0.862029 0.000508822
1 0.18974 0.631148 0.0965342 0.168056 0.000505651
1 0.926798 0.19924 0.04902 0.123739 0.000499027
2 0.131901 0.313401 0.209724 0.259391 0.000494085
1 0.513381 0.719655 0.653635 0.560689 0.000491174
0 0.288907 0.0593071 0.119817 0.117369 0.00048716
0 0.00755441 0.458021 0.0151088 0.0703836 0.000481725
1 0.393943 0.774206 0.0622794 0.0778565 0.000480587
0 0.0362871 0.107825 0.0725742 0.212667 0.000473626
2 0.77989 0.0243945 0.120747 0.0487627 0.000472139
1 0.548169 0.771799 0.154035 0.207762 0.000471757
1 0.701853 0.694695 0.122885 0.338544 0.000471375
1 0.773785 0.673085 0.282138 0.452394 0.00046788
0 0.0168099 0.523858 0.0336199 0.0946817 0.000464107
0 0.0426611 0.077826 0.0844808 0.152642 0.000463716
1 0.579298 0.948402 0.180546 0.103195 0.000461555
0 0.549483 0.491464 0.897574 0.976132 0.000461449
2 0.601767 0.496848 0.787823 0.984408 0.00045441
1 0.962479 0.197107 0.0750421 0.180704 0.000453606
1 0.497743 0.0738047 0.0857321 0.121366 0.000451576
1 0.38071 0.688301 0.150041 0.268573 0.000450145
0 0.0446157 0.634227 0.0889457 0.0856673 0.000444819
1 0.327451 0.721016 0.237804 0.20275 0.000443618
1 0.833165 0.626603 0.0856016 0.102292 0.000430428
0 0.96913 0.303641 0.0614189 0.362273 0.00042685
0 0.0702918 0.840308 0.140462 0.179819 0.000423071
2 0.95163 0.136922 0.0967399 0.273845 0.00042263
0 0.268976 0.794838 0.159061 0.183169 0.000422514
0 0.982117 0.643237 0.0354958 0.36961 0.000422255
1 0.486801 0.424013 0.0955621 0.281064 0.000421711
1 0.335639 0.818541 0.171321 0.159481 0.0004192
0 0.721699 0.0868202 0.121174 0.171712 0.000418982
1 0.49372 0.593961 0.099197 0.268703 0.000418508
1 0.355467 0.836809 0.160498 0.199062 0.000417171
0 0.050115 0.34321 0.10023 0.337829 0.000417147
1 0.435029 0.629742 0.200297 0.358359 0.000415059
1 0.535354 0.589602 0.71747 0.817774 0.00041463
0 0.438176 0.0109772 0.0211735 0.0219544 0.00041271
0 0.96067 0.0661733 0.0786597 0.12459 0.000408104
1 0.378085 0.84636 0.153471 0.2158 0.000406799
1 0.956797 0.959022 0.0846519 0.0819568 0.000404054
1 0.590497 0.0183418 0.117693 0.0366837 0.000401736
0 0.435984 0.0162071 0.063084 0.0304287 0.000400516
1 0.55724 0.895282 0.203112 0.208623 0.000400415
2 0.104411 0.327193 0.208822 0.294301 0.00039424
1 0.833168 0.783241 0.148616 0.317166 0.000392212
1 0.833207 0.605585 0.10221 0.30079 0.000391927
1 0.38889 0.724575 0.111602 0.187503 0.00039098
0 0.211379 0.0494191 0.0734288 0.0967477 0.000390807
