1 0.491466 0.803161 0.692733 0.265412 0.934339
1 0.718541 0.0713529 0.544612 0.142449 0.0326908
1 0.790764 0.0676596 0.11444 0.093608 0.0283668
1 0.812643 0.0751721 0.374715 0.150344 0.0224472
1 0.579616 0.0728355 0.805463 0.145628 0.0102694
1 0.619583 0.799099 0.424332 0.26441 0.00613857
1 0.728977 0.878357 0.195735 0.087144 0.00580433
1 0.564747 0.105077 0.855562 0.210153 0.00430346
1 0.801977 0.0594618 0.148228 0.116413 0.00418358
1 0.552281 0.0524841 0.851335 0.104968 0.00225188
1 0.824873 0.100141 0.350255 0.200282 0.00223496
1 0.469975 0.801204 0.773969 0.390329 0.0021051
0 0.28787 0.463591 0.0341266 0.0188782 0.00190937
1 0.698374 0.127456 0.598267 0.252634 0.00185008
1 0.804925 0.130949 0.390151 0.258427 0.0016957
1 0.850945 0.0605787 0.272805 0.120661 0.00167094
1 0.352579 0.801215 0.417932 0.271159 0.00165987
1 0.521136 0.167093 0.935056 0.334185 0.00158188
1 0.209804 0.787924 0.419608 0.338939 0.00154312
1 0.0918452 0.773361 0.18369 0.375415 0.00154256
1 0.790312 0.0815215 0.115591 0.0653998 0.00143755
1 0.462493 0.728584 0.848181 0.486057 0.00129983
1 0.227155 0.971108 0.454309 0.0570135 0.00129133
1 0.339254 0.792434 0.678509 0.310192 0.00127238
1 0.122807 0.751073 0.245613 0.322062 0.00124479
1 0.145636 0.831253 0.291272 0.276394 0.0012155
1 0.289719 0.837945 0.579438 0.271068 0.00116759
1 0.127559 0.717941 0.255117 0.414314 0.00116616
1 0.314719 0.968924 0.629439 0.0616916 0.00115511
1 0.296712 0.760579 0.593425 0.375966 0.00115248
1 0.140747 0.969634 0.281495 0.0607323 0.00115034
1 0.740759 0.0579965 0.238259 0.115993 0.00113807
1 0.146983 0.925796 0.293965 0.138177 0.00111728
1 0.791449 0.818023 0.417102 0.297691 0.00110963
1 0.122919 0.661467 0.245837 0.514372 0.00106962
1 0.677779 0.766501 0.506263 0.376369 0.00101729
1 0.251013 0.695701 0.502025 0.526779 0.00101567
2 0.545383 0.631212 0.909234 0.631226 0.0010026
1 0.655331 0.808038 0.607006 0.27879 0.00098973
1 0.866567 0.863297 0.266867 0.263832 0.000981426
1 0.186919 0.603083 0.373838 0.698507 0.000956938
1 0.374926 0.956083 0.726838 0.0878333 0.000951045
1 0.500562 0.602944 0.88113 0.721721 0.000951
0 0.188882 0.372061 0.332578 0.290904 0.000933706
1 0.927144 0.832778 0.145713 0.286105 0.000923082
1 0.710088 0.179875 0.579824 0.354068 0.000922233
0 0.239675 0.371063 0.365234 0.313784 0.000914004
0 0.58346 0.382385 0.83308 0.319185 0.000913656
1 0.149471 0.403322 0.298943 0.268239 0.000911924
1 0.111698 0.0950001 0.223396 0.19 0.00090884
1 0.154958 0.516533 0.309917 0.319915 0.000896111
0 0.301025 0.371333 0.410747 0.33787 0.000889466
2 0.556829 0.520877 0.886341 0.5004 0.000878747
1 0.296564 0.898051 0.593127 0.199444 0.000876956
0 0.157581 0.35331 0.315163 0.345993 0.000866794
1 0.415081 0.530687 0.830162 0.850394 0.000866193
1 0.771443 0.747286 0.455385 0.426193 0.000858222
1 0.503399 0.0330115 0.915624 0.066023 0.000856524
1 0.886542 0.770498 0.226916 0.381948 0.0008513
2 0.161483 0.231443 0.322966 0.398464 0.000850306
1 0.517563 0.880504 0.688748 0.238993 0.000849373
0 0.436995 0.355939 0.73617 0.432597 0.000849233
1 0.117574 0.0633924 0.235149 0.126785 0.000848974
1 0.080869 0.336657 0.161738 0.369045 0.000844964
0 0.483901 0.33524 0.918402 0.519437 0.000842791
1 0.59281 0.288494 0.81438 0.476779 0.000841508
1 0.0927172 0.224883 0.185434 0.385562 0.000829806
1 0.11462 0.492271 0.229239 0.266495 0.000826769
1 0.105246 0.400591 0.210492 0.296801 0.000824135
2 0.852698 0.742725 0.294605 0.419248 0.000823303
1 0.83758 0.899652 0.32484 0.200695 0.000820639
1 0.11155 0.155863 0.223101 0.305606 0.000818012
1 0.69289 0.717726 0.556806 0.496523 0.000816345
1 0.158513 0.152753 0.317025 0.300999 0.00081021
1 0.716965 0.273907 0.56607 0.473769 0.000808898
1 0.313671 0.541901 0.627343 0.827239 0.000801293
0 0.0793127 0.987012 0.158625 0.0259751 0.000796976
0 0.198218 0.308701 0.373705 0.345582 0.000786718
1 0.491042 0.250356 0.982084 0.500711 0.00077864
0 0.498212 0.447117 0.851099 0.446581 0.000776823
1 0.177066 0.0601448 0.354133 0.120061 0.000773921
1 0.362391 0.63092 0.724783 0.672648 0.000773709
0 0.465857 0.473803 0.927561 0.720073 0.00077012
0 0.247841 0.0965175 0.493964 0.193035 0.00076754
0 0.492957 0.132433 0.985915 0.264866 0.000764157
0 0.169306 0.089295 0.338611 0.17859 0.000758534
0 0.261593 0.0272794 0.523186 0.0545588 0.00075701
1 0.346771 0.865628 0.693542 0.267807 0.000755856
0 0.700351 0.351558 0.594873 0.37274 0.000755361
0 0.742353 0.300183 0.515294 0.420113 0.000754529
2 0.240393 0.219889 0.455476 0.396051 0.000754349
0 0.308496 0.30432 0.423934 0.349892 0.000750503
0 0.253469 0.0601704 0.506938 0.120341 0.000742934
1 0.764709 0.87349 0.257875 0.098325 0.000740899
0 0.624606 0.0943285 0.0439994 0.0358118 0.000739501
0 0.396835 0.463652 0.767329 0.587431 0.000735231
2 0.190333 0.146646 0.380667 0.28829 0.000734011
0 0.185623 0.485241 0.371246 0.317794 0.000733741
0 0.226214 0.501181 0.452429 0.434887 0.000732968
2 0.652039 0.703836 0.695922 0.567406 0.000726166
1 0.181547 0.027984 0.363093 0.055968 0.000724079
0 0.644049 0.45066 0.711903 0.425158 0.000707567
0 0.461624 0.0280729 0.923248 0.0561457 0.000707461
2 0.753784 0.702867 0.492433 0.537109 0.000706139
0 0.484717 0.0691766 0.969434 0.138353 0.000705316
1 0.680373 0.884688 0.639255 0.230624 0.000700282
1 0.80999 0.18669 0.380019 0.36094 0.000700206
2 0.468565 0.528549 0.93713 0.857568 0.000699832
1 0.825755 0.262932 0.34849 0.451758 0.000690355
0 0.791819 0.0709342 0.114645 0.0719273 0.0006853
0 0.729663 0.881429 0.195366 0.0850208 0.000684772
2 0.281293 0.561823 0.562586 0.721934 0.000680924
0 0.87196 0.356465 0.254353 0.350713 0.000665035
0 0.48816 0.245864 0.976321 0.484396 0.000664108
1 0.790618 0.899809 0.418764 0.200383 0.000661655
1 0.205615 0.575042 0.41123 0.737181 0.000649542
1 0.466695 0.91571 0.70219 0.168579 0.000638476
1 0.436779 0.851745 0.667257 0.286321 0.000632737
2 0.277339 0.149562 0.519945 0.296387 0.000632181
0 0.820102 0.420545 0.359797 0.335554 0.000620921
1 0.704381 0.0591626 0.334055 0.118325 0.000612188
2 0.832985 0.664443 0.33403 0.446622 0.000610566
0 0.745105 0.481571 0.50979 0.323023 0.00060987
0 0.690559 0.0233105 0.320245 0.0462955 0.000592115
2 0.912753 0.446123 0.174494 0.296032 0.000572363
2 0.91405 0.396457 0.171899 0.311882 0.000570609
2 0.90132 0.34427 0.19736 0.347622 0.000567361
0 0.7027 0.624893 0.594601 0.534109 0.000566997
2 0.868051 0.282361 0.263898 0.419111 0.000559502
0 0.426123 0.785798 0.594708 0.222432 0.000559051
1 0.84362 0.212009 0.312759 0.384397 0.00054824
0 0.0796958 0.0134093 0.159392 0.0268186 0.000540398
1 0.752963 0.0666753 0.188961 0.100981 0.000537043
0 0.853901 0.578093 0.292198 0.354138 0.000529853
0 0.890371 0.50156 0.219257 0.295096 0.000529138
0 0.667478 0.875707 0.32479 0.0977527 0.000528362
0 0.278169 0.465317 0.0335608 0.0232629 0.000525891
0 0.712731 0.0548441 0.313785 0.109688 0.000525732
1 0.410196 0.750237 0.570985 0.151015 0.00049084
1 0.645378 0.0164132 0.364204 0.0326257 0.000471157
0 0.665063 0.0176722 0.329951 0.0350587 0.000469804
0 0.401028 0.556006 0.0353529 0.0240938 0.000462824
1 0.143188 0.0127192 0.284021 0.024971 0.00044491
0 0.00749945 0.966023 0.0149989 0.0677662 0.000436358
1 0.760541 0.83005 0.284611 0.183864 0.000422985
1 0.685014 0.0423521 0.367497 0.0846791 0.000422626
1 0.192816 0.784658 0.145028 0.113966 0.000414689
0 0.771851 0.274877 0.0539142 0.0387034 0.000412394
0 0.762182 0.26943 0.076144 0.0306165 0.000410541
0 0.406586 0.747406 0.56211 0.143089 0.000400174
0 0.0442114 0.977644 0.0884228 0.0447126 0.000392857
0 0.706734 0.211425 0.0268882 0.0174153 0.000382391
1 0.814252 0.105462 0.167935 0.115438 0.00037676
1 0.155903 0.781344 0.209619 0.0967791 0.000370751
0 0.516263 0.802985 0.64862 0.276989 0.000369932
1 0.748652 0.085945 0.199874 0.065885 0.000369264
1 0.850094 0.0813184 0.246961 0.128408 0.000364071
0 0.0624992 0.974318 0.124998 0.0513634 0.000361546
0 0.57542 0.868389 0.555779 0.115184 0.00036148
1 0.790271 0.105991 0.115525 0.119518 0.000358703
0 0.106582 0.465555 0.0285016 0.01611 0.000358192
2 0.00388181 0.883025 0.00776363 0.233949 0.000353362
1 0.756853 0.904097 0.218025 0.161154 0.000352198
0 0.398373 0.113933 0.0358952 0.0191791 0.00035018
0 0.00228224 0.925779 0.00456447 0.148441 0.000345238
0 0.630058 0.26123 0.0272375 0.018006 0.000336136
1 0.205166 0.775309 0.255863 0.199245 0.000336029
1 0.794467 0.896535 0.239323 0.191471 0.00033202
0 0.202607 0.285921 0.0655364 0.0436936 0.000331517
1 0.407286 0.720155 0.507051 0.200827 0.000330639
0 0.191605 0.308984 0.163827 0.14049 0.00032982
0 0.182631 0.0125485 0.287785 0.024418 0.000329307
0 0.00512769 0.703963 0.0102554 0.269418 0.000327391
1 0.791864 0.947213 0.276285 0.105573 0.000322101
0 0.422541 0.0130165 0.268601 0.0256958 0.000321314
1 0.77926 0.0622067 0.324467 0.124413 0.000319341
0 0.271523 0.0125863 0.255823 0.0249792 0.000317972
2 0.251682 0.90665 0.503364 0.168677 0.000317171
2 0.00281733 0.625531 0.00563466 0.232013 0.000316053
0 0.89102 0.387904 0.079131 0.0573995 0.000314616
0 0.276964 0.463219 0.0597134 0.0248229 0.000314021
0 0.572089 0.0149585 0.347388 0.0295847 0.000312701
1 0.154802 0.794115 0.240114 0.134347 0.000310959
1 0.859298 0.824183 0.251725 0.212924 0.000309566
0 0.104552 0.476894 0.0366674 0.0326267 0.000308951
1 0.259093 0.862873 0.369808 0.141448 0.000307363
0 0.641663 0.79833 0.395638 0.29351 0.000306627
1 0.863032 0.880781 0.220652 0.137854 0.00030649
0 0.34634 0.0135977 0.219606 0.027096 0.000305948
0 0.857636 0.560679 0.0259134 0.0167877 0.000305654
0 0.183664 0.746246 0.2783 0.219164 0.0003052
0 0.00206387 0.542112 0.00412775 0.188767 0.000304888
0 0.469066 0.0134279 0.297525 0.0265957 0.000301594
0 0.516751 0.0143919 0.330621 0.028236 0.00029949
0 0.481246 0.405991 0.0884413 0.0258922 0.00029713
0 0.243145 0.380685 0.0809823 0.04425 0.00029656
0 0.392729 0.546248 0.0843031 0.0511535 0.000296207
0 0.477626 0.638762 0.307877 0.196701 0.000294208
0 0.892678 0.403471 0.0869247 0.0901194 0.000293724
0 0.576062 0.851337 0.615215 0.149268 0.000292951
0 0.172559 0.238685 0.190214 0.203802 0.000292535
1 0.889908 0.861968 0.180482 0.104088 0.000291015
0 0.894165 0.425273 0.0823139 0.0716228 0.000290971
1 0.376077 0.73418 0.445936 0.10874 0.00028743
1 0.138574 0.0237532 0.277148 0.0448774 0.000286627
1 0.825196 0.930187 0.321164 0.139625 0.000286116
0 0.413008 0.685432 0.457095 0.22608 0.000284969
0 0.173284 0.325363 0.167288 0.183522 0.000284943
0 0.743925 0.274119 0.0985403 0.0579032 0.000284068
1 0.995121 0.438423 0.00975824 0.222852 0.000283732
1 0.00238352 0.790069 0.00476704 0.222685 0.000283614
0 0.00285699 0.598429 0.00571399 0.238783 0.000283388
0 0.00207098 0.466876 0.00414196 0.198182 0.000283063
1 0.753928 0.951405 0.282653 0.0943521 0.000282248
0 0.494324 0.653562 0.416906 0.120956 0.000278877
0 0.262481 0.831878 0.231393 0.191967 0.000277686
1 0.394913 0.718625 0.486675 0.0819655 0.000277164
1 0.218884 0.793542 0.137068 0.115091 0.000276716
1 0.994986 0.51351 0.0100284 0.208346 0.000276018
2 0.00272903 0.813222 0.00545806 0.241922 0.00027546
0 0.531652 0.637749 0.266138 0.198557 0.000274438
0 0.38099 0.141236 0.10487 0.0465398 0.000272252
1 0.144211 0.789642 0.2504 0.178226 0.000272037
0 0.172803 0.210329 0.147225 0.126449 0.000271032
2 0.00233049 0.770101 0.00466098 0.228737 0.00026944
0 0.126793 0.250736 0.199073 0.217859 0.000267158
1 0.994718 0.721885 0.010563 0.19818 0.000265818
0 0.995385 0.820836 0.00922931 0.186072 0.000265706
0 0.175521 0.19174 0.167322 0.16227 0.000265568
0 0.781154 0.544618 0.0445696 0.0291382 0.000264022
1 0.663723 0.780059 0.36428 0.315558 0.000263011
0 0.433113 0.649809 0.256803 0.233216 0.000261371
1 0.0591753 0.0231912 0.118351 0.0434508 0.000258359
0 0.0685235 0.0267486 0.137047 0.0520314 0.000258208
1 0.88118 0.836189 0.186578 0.14884 0.000257554
0 0.704547 0.385868 0.035087 0.0168826 0.0002573
0 0.164361 0.338782 0.128364 0.161235 0.000256475
1 0.860416 0.109094 0.265162 0.104058 0.000256366
0 0.172162 0.401826 0.0465113 0.0440002 0.000255727
0 0.376438 0.548099 0.0886685 0.0416366 0.00025548
0 0.181883 0.0239815 0.288913 0.0448932 0.000255451
0 0.000867637 0.158235 0.00173527 0.21452 0.000254958
1 0.0936299 0.0227944 0.18726 0.0431256 0.000254519
0 0.274203 0.661853 0.127448 0.108303 0.000252172
0 0.187094 0.279001 0.236435 0.236731 0.000250615
1 0.995612 0.557387 0.00877576 0.192209 0.000250608
0 0.133701 0.344903 0.129711 0.131733 0.000250145
0 0.138032 0.384309 0.1233 0.133969 0.00024985
1 0.332723 0.759627 0.357096 0.152481 0.000249806
1 0.711891 0.843585 0.238481 0.155146 0.000249464
0 0.388408 0.259985 0.0779234 0.03303 0.000247048
0 0.785576 0.408538 0.0571944 0.0525076 0.000246796
0 0.781543 0.430892 0.0330297 0.0255686 0.000246746
0 0.995259 0.336561 0.00948212 0.17461 0.000246518
1 0.14927 0.0745521 0.268529 0.147613 0.000245623
0 0.13623 0.280052 0.236434 0.233116 0.000245507
0 0.0014875 0.433798 0.002975 0.164655 0.000244721
1 0.0963633 0.0827354 0.146592 0.149584 0.000244603
1 0.994925 0.395828 0.01015 0.213502 0.000244572
0 0.748846 0.26905 0.0809774 0.0333501 0.00024454
0 0.472695 0.612089 0.192341 0.240315 0.000244139
0 0.317341 0.344209 0.154342 0.101444 0.000244078
0 0.191519 0.34143 0.158553 0.20252 0.000244002
1 0.238155 0.750583 0.298974 0.204604 0.000243365
2 0.29026 0.905369 0.567276 0.140021 0.00024316
0 0.834793 0.828108 0.283302 0.249379 0.000242877
0 0.216425 0.135056 0.114324 0.0594507 0.000242763
0 0.125593 0.320292 0.139282 0.117275 0.000242736
0 0.249919 0.376608 0.144626 0.10373 0.000242133
1 0.274502 0.886666 0.455921 0.136315 0.000241924
0 0.208252 0.289614 0.142241 0.157828 0.000241792
0 0.917667 0.407073 0.0700046 0.0760126 0.000241461
0 0.174098 0.143391 0.140753 0.123286 0.000241284
0 0.293441 0.265434 0.186387 0.135611 0.000241206
0 0.994695 0.907513 0.0106108 0.184973 0.000240639
0 0.295386 0.857308 0.296863 0.144139 0.000239921
0 0.995228 0.189896 0.00954468 0.178967 0.000239697
0 0.581425 0.631663 0.208636 0.211039 0.000239323
1 0.741966 0.112861 0.218027 0.102413 0.000239116
0 0.524573 0.140227 0.11711 0.0518336 0.000239025
0 0.562603 0.490268 0.153971 0.103221 0.000238601
0 0.994761 0.289801 0.0104776 0.16967 0.00023839
0 0.0834867 0.0930908 0.102298 0.070636 0.000238116
0 0.213651 0.180339 0.199186 0.191758 0.000237765
0 0.934339 0.660154 0.0651893 0.0363378 0.0002367
1 0.994905 0.688358 0.0101904 0.172085 0.000236078
1 0.995198 0.873574 0.00960388 0.209204 0.000235035
0 0.392679 0.125006 0.128594 0.0592639 0.000234725
0 0.994576 0.261527 0.0108476 0.171678 0.000234399
1 0.233531 0.837898 0.180764 0.165294 0.000234338
0 0.703628 0.251008 0.0616072 0.105705 0.000234265
0 0.301164 0.531021 0.0657419 0.0410274 0.000233084
0 0.439643 0.188534 0.0730421 0.0373101 0.000232542
2 0.303705 0.775389 0.30858 0.144938 0.000232346
0 0.137737 0.323315 0.190964 0.169354 0.00023232
1 0.305836 0.88497 0.326291 0.0894246 0.00023187
1 0.10441 0.0721802 0.204371 0.142088 0.000231665
0 0.00111786 0.236828 0.00223572 0.208908 0.000231594
0 0.144934 0.131387 0.214976 0.162733 0.000231427
0 0.206056 0.215189 0.171408 0.154181 0.000231265
