2 0.444063 0.48968 0.802557 0.8993 0.948055
2 0.0900973 0.51757 0.179798 0.837855 0.0318035
2 0.0881346 0.338255 0.175771 0.559091 0.008111
2 0.0771176 0.470175 0.154235 0.338763 0.00545655
0 0.099635 0.123534 0.19828 0.235927 0.00418202
2 0.0327153 0.450323 0.065178 0.342495 0.0030075
2 0.933304 0.608077 0.131911 0.615039 0.00276558
2 0.163422 0.51854 0.326845 0.85348 0.00273819
2 0.088743 0.399054 0.177486 0.353578 0.00264042
2 0.085529 0.251234 0.170303 0.452279 0.00254532
2 0.043617 0.399606 0.0869699 0.333894 0.00218599
2 0.095798 0.143423 0.191445 0.268546 0.00190458
2 0.647281 0.501584 0.692548 0.911209 0.00187621
0 0.115487 0.177768 0.230846 0.33644 0.00176707
2 0.268268 0.45509 0.501979 0.713588 0.0016236
2 0.287866 0.353835 0.562108 0.516721 0.0013824
2 0.0239169 0.491636 0.0477409 0.389654 0.00135937
2 0.954348 0.711133 0.0906866 0.474364 0.00130281
2 0.34881 0.302689 0.560671 0.51184 0.00122443
1 0.295305 0.241271 0.590609 0.482541 0.00116764
2 0.410437 0.909355 0.581855 0.181289 0.00112493
2 0.959776 0.527381 0.0802956 0.70254 0.00106947
2 0.936103 0.496844 0.127412 0.893421 0.00105843
0 0.97944 0.815062 0.0410551 0.354462 0.00103538
2 0.686231 0.254587 0.622533 0.458145 0.00102841
2 0.462615 0.356353 0.780533 0.685175 0.00101764
0 0.86386 0.157974 0.272279 0.308761 0.0010131
0 0.560514 0.502424 0.769487 0.92218 0.00100918
2 0.481918 0.182718 0.825905 0.364485 0.000990696
2 0.133371 0.763474 0.266741 0.40428 0.000966666
2 0.208416 0.764657 0.374178 0.434693 0.000958548
0 0.960929 0.598155 0.0781215 0.51691 0.000926275
0 0.991505 0.842856 0.0169905 0.136405 0.000917548
2 0.5919 0.847139 0.217937 0.279228 0.000917243
0 0.9249 0.591552 0.150201 0.481481 0.00090914
0 0.331393 0.251423 0.610017 0.502845 0.00090555
2 0.339236 0.489117 0.448642 0.796981 0.000900376
0 0.986443 0.537494 0.0271143 0.212016 0.0008995
2 0.339874 0.714504 0.443677 0.534249 0.000886374
2 0.266136 0.270093 0.217156 0.33679 0.000870179
2 0.276104 0.262863 0.552207 0.504896 0.00086918
1 0.217592 0.778626 0.415784 0.419739 0.000855435
2 0.732949 0.149663 0.534103 0.299326 0.000850941
2 0.655142 0.372001 0.665961 0.672596 0.000850314
2 0.882405 0.485454 0.235191 0.906655 0.000847744
2 0.903512 0.608892 0.189763 0.699964 0.000844423
2 0.107598 0.636401 0.215196 0.656984 0.000843789
0 0.968768 0.554628 0.0623018 0.532543 0.000827595
2 0.813516 0.509136 0.369977 0.900662 0.00081972
2 0.394249 0.890665 0.413143 0.154626 0.000804491
1 0.276192 0.172803 0.552384 0.345605 0.000790327
2 0.285187 0.745732 0.334527 0.473772 0.00078838
2 0.489259 0.0825523 0.819757 0.165105 0.000783085
2 0.52035 0.768274 0.686518 0.411868 0.000782363
2 0.733451 0.756922 0.518094 0.413284 0.000781602
0 0.987494 0.863101 0.0250116 0.201072 0.000760858
0 0.991055 0.526749 0.0178905 0.160938 0.000754288
2 0.0896237 0.730735 0.178884 0.443066 0.000752836
2 0.969519 0.47258 0.0603083 0.780376 0.000739091
2 0.835328 0.150153 0.329345 0.300305 0.000728067
2 0.379005 0.930811 0.522766 0.138378 0.000727692
0 0.676541 0.634535 0.634906 0.672249 0.000725951
2 0.933585 0.220601 0.132656 0.441202 0.000713042
2 0.722416 0.0953012 0.555169 0.190602 0.000712227
1 0.1598 0.776917 0.319601 0.396393 0.000710568
2 0.961643 0.772471 0.0767139 0.376033 0.000693048
2 0.957523 0.373539 0.0840378 0.674772 0.000692026
2 0.279846 0.630203 0.330977 0.699396 0.000691327
2 0.7926 0.106433 0.414799 0.212867 0.000687732
1 0.118086 0.86444 0.236171 0.25022 0.000686496
2 0.280527 0.810902 0.362905 0.360136 0.000681254
2 0.696369 0.669631 0.603154 0.596111 0.000677159
2 0.248898 0.527414 0.289762 0.897801 0.000665482
1 0.105798 0.117303 0.211596 0.234606 0.000662177
2 0.884991 0.713889 0.228161 0.483997 0.000656495
2 0.108898 0.201639 0.217796 0.383261 0.000652542
0 0.977193 0.520537 0.0456143 0.531402 0.000651976
2 0.227908 0.910355 0.454995 0.17929 0.000642444
2 0.56696 0.151222 0.817041 0.302444 0.000637483
1 0.134534 0.936411 0.269068 0.127178 0.000634767
0 0.0355815 0.440207 0.071163 0.221961 0.000632643
0 0.977827 0.747953 0.0443467 0.401762 0.000632197
1 0.263741 0.105938 0.527483 0.211876 0.000629196
2 0.775073 0.261333 0.445901 0.517256 0.000625952
2 0.893731 0.1674 0.212396 0.3348 0.000622967
2 0.4204 0.785124 0.607106 0.394033 0.000617464
1 0.168747 0.883819 0.337494 0.218495 0.00061427
2 0.0693735 0.157077 0.138747 0.292857 0.000611914
2 0.267005 0.926427 0.429322 0.147146 0.000607405
2 0.0597535 0.212432 0.119507 0.395304 0.000604526
0 0.412012 0.299048 0.642636 0.570864 0.000589174
1 0.863265 0.107592 0.27347 0.215185 0.00058846
0 0.735604 0.781716 0.517155 0.365461 0.000583632
1 0.197054 0.838192 0.394108 0.317825 0.000581911
0 0.629536 0.247417 0.698569 0.482868 0.000577212
2 0.618836 0.779528 0.422348 0.404313 0.000573407
0 0.40513 0.873065 0.340088 0.192241 0.000571494
2 0.633881 0.0781857 0.711163 0.156371 0.000567725
2 0.285531 0.0871303 0.197955 0.167102 0.000567579
2 0.328255 0.858878 0.419564 0.261205 0.000564291
2 0.591027 0.294117 0.599255 0.53949 0.000563252
2 0.937353 0.832523 0.125295 0.312001 0.000558183
2 0.837306 0.83045 0.325388 0.300356 0.000557411
2 0.449763 0.897224 0.467015 0.173473 0.000553162
0 0.53149 0.909842 0.489032 0.180315 0.000550796
1 0.174694 0.942164 0.349387 0.115672 0.000540855
2 0.758591 0.957307 0.47647 0.0853853 0.0005339
0 0.738171 0.948713 0.523196 0.102575 0.000531456
0 0.115425 0.74574 0.230849 0.312912 0.000531345
2 0.154457 0.14191 0.308913 0.27404 0.000531303
0 0.290577 0.0790317 0.166763 0.152488 0.000514348
0 0.331382 0.0642206 0.616706 0.128441 0.000511437
0 0.991031 0.809421 0.0179377 0.159208 0.000511119
2 0.907868 0.881878 0.184264 0.236245 0.000510805
0 0.94564 0.666227 0.10872 0.495699 0.000510312
2 0.043436 0.485046 0.0865484 0.514414 0.000507469
2 0.845852 0.937586 0.308296 0.124828 0.000499933
0 0.648178 0.923719 0.438967 0.152562 0.000490595
0 0.988286 0.824639 0.0234276 0.13847 0.000488004
1 0.306702 0.0786864 0.613403 0.157373 0.000472141
0 0.427353 0.872723 0.348931 0.141724 0.00046719
1 0.843365 0.771044 0.312337 0.370697 0.000457476
0 0.80006 0.808532 0.397422 0.288933 0.000456096
0 0.356955 0.866048 0.384717 0.223762 0.000453702
0 0.933506 0.760334 0.132988 0.263712 0.000452084
2 0.62664 0.872873 0.396604 0.228862 0.000442533
0 0.98586 0.563286 0.0282798 0.290633 0.000439206
0 0.0895681 0.556934 0.179136 0.527614 0.000438805
1 0.114962 0.799868 0.229925 0.38068 0.000417877
0 0.330128 0.519532 0.419633 0.913864 0.000411967
0 0.730007 0.864309 0.53254 0.240745 0.000411227
0 0.299239 0.565635 0.270575 0.370762 0.000409174
0 0.976472 0.854963 0.0467594 0.274998 0.000408222
0 0.984223 0.877204 0.0315537 0.236447 0.000407623
0 0.19708 0.277289 0.123476 0.343484 0.000407548
0 0.455231 0.742204 0.712044 0.469235 0.000407307
2 0.33954 0.0878078 0.244627 0.168362 0.000404036
0 0.671455 0.748003 0.265104 0.441285 0.000403551
2 0.735015 0.862443 0.515883 0.238563 0.000400771
0 0.901451 0.516022 0.197097 0.419792 0.000398865
0 0.606142 0.722535 0.166657 0.329266 0.00039564
0 0.68544 0.129272 0.249868 0.250573 0.000394539
2 0.228647 0.27745 0.182487 0.350855 0.000394116
0 0.810253 0.996588 0.142291 0.00682318 0.000390536
0 0.561576 0.995804 0.181878 0.00839294 0.000386793
0 0.84028 0.996022 0.154678 0.00795593 0.000386454
2 0.288317 0.287635 0.283698 0.367556 0.000386375
0 0.115176 0.582582 0.187744 0.507347 0.00038542
2 0.617043 0.813059 0.170218 0.199988 0.000384619
0 0.783711 0.996935 0.144371 0.00613013 0.000383083
0 0.297238 0.433257 0.332822 0.365625 0.000382512
0 0.327209 0.480552 0.320806 0.509079 0.000382379
0 0.142369 0.996516 0.174265 0.00696716 0.00038158
0 0.318962 0.995495 0.282998 0.00901007 0.00038124
0 0.588164 0.99659 0.17426 0.00681909 0.000379014
0 0.459348 0.249716 0.375257 0.420314 0.000377732
0 0.739461 0.136141 0.250752 0.264515 0.000377108
0 0.171004 0.995699 0.186216 0.00860126 0.00037217
0 0.868682 0.995587 0.170998 0.00882654 0.000371697
0 0.952306 0.80457 0.0953884 0.248533 0.000365194
0 0.943554 0.993153 0.110377 0.0136945 0.000364337
0 0.73876 0.997457 0.144676 0.00508618 0.000360893
0 0.627823 0.757505 0.199923 0.418214 0.00036033
0 0.984593 0.506395 0.0308148 0.321445 0.000359636
0 0.927609 0.698313 0.144783 0.375343 0.000359018
0 0.401934 0.99413 0.159818 0.011741 0.000358364
2 0.757795 0.00260006 0.135814 0.00520012 0.000350838
0 0.0529885 0.753526 0.105977 0.339328 0.000348653
1 0.833318 0.00110472 0.136913 0.00220943 0.000345243
0 0.128915 0.233916 0.25783 0.408847 0.000345238
0 0.14729 0.127196 0.29458 0.23407 0.000344208
0 0.277125 0.4873 0.271091 0.272373 0.000342022
0 0.909719 0.995338 0.171624 0.00932465 0.000341794
0 0.459795 0.995837 0.151965 0.00832697 0.000341762
0 0.686131 0.996278 0.160978 0.00744415 0.000341675
0 0.620917 0.338873 0.379432 0.164073 0.000341594
0 0.986328 0.793671 0.0273432 0.217527 0.000341342
2 0.155592 0.00184378 0.139992 0.00368757 0.000341323
2 0.807958 0.0017693 0.140539 0.0035386 0.000339469
2 0.782569 0.00217403 0.13565 0.00434806 0.000337804
0 0.790158 0.637966 0.193807 0.240606 0.000337563
0 0.715753 0.996954 0.152279 0.00609167 0.000336856
0 0.272107 0.99321 0.265698 0.013579 0.000336841
0 0.238211 0.585365 0.173636 0.459114 0.000336836
1 0.858002 0.00083663 0.137514 0.00167326 0.000336476
0 0.10711 0.996481 0.15792 0.00703839 0.000336221
0 0.819601 0.146 0.203031 0.283269 0.000334985
0 0.537538 0.829023 0.347667 0.297273 0.000332097
0 0.0906188 0.674194 0.181238 0.388911 0.000330851
0 0.139741 0.712013 0.279483 0.372713 0.000330208
2 0.664585 0.129925 0.205206 0.251116 0.000328015
2 0.020802 0.543529 0.041604 0.483406 0.000327745
2 0.734098 0.00273583 0.13285 0.00547165 0.000327604
0 0.41556 0.82683 0.336908 0.132818 0.000326888
0 0.0869176 0.778888 0.173485 0.359263 0.000323748
0 0.360007 0.995292 0.201267 0.00941602 0.000320933
0 0.974815 0.907668 0.0500822 0.184664 0.000320862
0 0.230044 0.450852 0.195437 0.177363 0.000320278
2 0.572482 0.913472 0.326857 0.153426 0.00032005
0 0.756552 0.149249 0.340617 0.283045 0.000319472
0 0.0642378 0.384296 0.128254 0.349637 0.000318504
0 0.68536 0.853314 0.300144 0.258754 0.000318131
2 0.183355 0.00318155 0.145847 0.0063631 0.000317058
2 0.0772519 0.002554 0.151918 0.00510799 0.000316976
0 0.434641 0.994367 0.169182 0.0112661 0.000316776
0 0.34963 0.564839 0.320505 0.456175 0.000316132
0 0.153596 0.590026 0.21621 0.531742 0.00031468
0 0.73129 0.626353 0.281923 0.207194 0.000311711
0 0.847023 0.810179 0.305955 0.274065 0.000311004
0 0.519653 0.995356 0.190238 0.00928827 0.000309878
2 0.0809791 0.895524 0.161862 0.176657 0.000309635
0 0.904432 0.159258 0.191135 0.298592 0.000305805
0 0.623849 0.275663 0.383389 0.373554 0.000305162
0 0.687675 0.341012 0.260281 0.155885 0.000304691
0 0.0798147 0.329964 0.158493 0.255207 0.000304311
0 0.227085 0.495654 0.199175 0.278188 0.000303826
0 0.363677 0.83054 0.342086 0.277218 0.000303429
0 0.87659 0.394665 0.243674 0.310215 0.000300385
0 0.890672 0.609245 0.218656 0.41509 0.000299806
0 0.124374 0.820135 0.248749 0.334617 0.00029958
2 0.196493 0.264503 0.121698 0.317338 0.00029849
0 0.21264 0.59504 0.147177 0.5279 0.00029831
0 0.656807 0.996084 0.165337 0.00783258 0.000297745
0 0.586564 0.265715 0.417589 0.506878 0.000297672
0 0.150505 0.695318 0.220871 0.427324 0.000297614
0 0.509673 0.764466 0.349732 0.245925 0.000297294
2 0.539741 0.812691 0.341424 0.334028 0.000296779
2 0.203899 0.634071 0.15809 0.519379 0.000296734
0 0.319373 0.385239 0.381845 0.510419 0.000295416
0 0.486266 0.164145 0.180293 0.221888 0.000295134
2 0.376275 0.095008 0.328926 0.182592 0.000294514
0 0.825094 0.589504 0.238426 0.277354 0.000293723
2 0.430851 0.442165 0.348966 0.417479 0.000292493
1 0.885397 0.001192 0.146324 0.002384 0.000292351
0 0.573754 0.852864 0.252482 0.264638 0.000292258
0 0.0742562 0.730219 0.148373 0.31311 0.000292166
0 0.974969 0.972929 0.0500614 0.0541417 0.000291828
0 0.856593 0.455505 0.237415 0.507193 0.000291709
2 0.70629 0.00343919 0.138804 0.00687837 0.000291325
0 0.662855 0.323195 0.332656 0.185686 0.000290905
0 0.586376 0.304718 0.422173 0.251937 0.000289478
2 0.279672 0.603598 0.227208 0.402744 0.00028891
0 0.187927 0.739116 0.127165 0.444017 0.000288565
0 0.238969 0.996114 0.215997 0.00777246 0.000287806
1 0.930023 0.00218163 0.138976 0.00436326 0.000286965
0 0.550935 0.906193 0.303639 0.157019 0.000286283
0 0.836546 0.363086 0.20423 0.335287 0.000285124
0 0.843069 0.528325 0.238566 0.414497 0.000284912
0 0.230515 0.338662 0.199006 0.368396 0.000284685
0 0.982339 0.290897 0.0351388 0.500396 0.000284391
0 0.413641 0.519755 0.602405 0.91711 0.000284284
0 0.957178 0.990982 0.0845776 0.0180369 0.000283632
0 0.0807312 0.996517 0.148938 0.00696661 0.000280576
0 0.551995 0.251786 0.358506 0.410124 0.000279423
0 0.689033 0.604534 0.361966 0.166894 0.000278711
0 0.753283 0.201023 0.375034 0.386518 0.000278457
2 0.4666 0.25974 0.377025 0.484013 0.000278429
0 0.673258 0.357212 0.313424 0.192693 0.000277725
0 0.310175 0.656037 0.249664 0.364987 0.000275784
0 0.727603 0.123882 0.169996 0.236844 0.000275105
0 0.448299 0.862413 0.412837 0.101569 0.000273977
2 0.0637222 0.00991558 0.126575 0.0198312 0.000273308
0 0.0599653 0.243531 0.119038 0.444087 0.000273118
0 0.379295 0.454139 0.387886 0.540475 0.000270669
1 0.0515484 0.0299689 0.103097 0.0599378 0.00027043
0 0.193929 0.904154 0.387858 0.15826 0.000270183
0 0.791406 0.743392 0.343865 0.43641 0.000269378
1 0.083607 0.497353 0.167002 0.483797 0.000269283
0 0.258552 0.508361 0.21985 0.354716 0.000268531
2 0.351956 0.319951 0.443342 0.346764 0.000267669
0 0.367053 0.643056 0.343541 0.356414 0.000267308
0 0.625273 0.193125 0.160123 0.359714 0.000267269
0 0.9463 0.847061 0.107399 0.276766 0.000267256
2 0.211538 0.00508408 0.142257 0.0101682 0.000267126
2 0.679868 0.0036965 0.136707 0.007393 0.000266728
2 0.555152 0.00134574 0.143307 0.00269148 0.000266141
2 0.730711 0.87052 0.254964 0.22062 0.000265607
0 0.315764 0.241026 0.252221 0.261252 0.000265293
0 0.615674 0.842197 0.171816 0.259627 0.000265098
0 0.927819 0.808571 0.144362 0.215602 0.000264808
2 0.527667 0.00141253 0.135279 0.00282506 0.000264791
0 0.819734 0.735687 0.360532 0.323989 0.00026417
0 0.841016 0.66243 0.317967 0.317247 0.000264155
1 0.082859 0.809653 0.165379 0.358379 0.000263873
2 0.653079 0.00488825 0.138373 0.00977651 0.000263827
0 0.859166 0.266416 0.281667 0.420163 0.000263784
2 0.632646 0.00345417 0.137143 0.00690833 0.000263379
0 0.950419 0.516554 0.0991621 0.518245 0.000263076
0 0.233769 0.875963 0.229853 0.22038 0.000262824
0 0.477414 0.224629 0.308537 0.348655 0.000262199
0 0.990957 0.568637 0.0180851 0.239069 0.000261888
1 0.5063 0.00235278 0.143809 0.00470556 0.0002615
0 0.23056 0.414683 0.252147 0.319362 0.000260739
0 0.730813 0.702248 0.219545 0.359973 0.000260731
0 0.849847 0.62135 0.300306 0.276755 0.000259793
0 0.772933 0.548995 0.24426 0.132698 0.000259529
0 0.0910928 0.832094 0.182186 0.307035 0.000259297
0 0.130873 0.895683 0.261746 0.175744 0.000258818
0 0.836816 0.311125 0.226016 0.402601 0.00025826
2 0.290971 0.687339 0.251334 0.360663 0.00025777
