1 0.561465 0.305568 0.541958 0.247764 0.940764
1 0.471164 0.869504 0.268491 0.163096 0.890632
1 0.156857 0.853124 0.0589247 0.0572947 0.542607
1 0.750462 0.754742 0.0434232 0.0413875 0.371124
0 0.749359 0.75545 0.0439336 0.0401776 0.00716641
1 0.478869 0.887135 0.277183 0.22573 0.00626546
1 0.185772 0.853797 0.120587 0.0585647 0.0053902
1 0.59487 0.844146 0.647985 0.237995 0.00350405
1 0.460898 0.791966 0.321386 0.331448 0.00235195
1 0.370652 0.866769 0.490506 0.166841 0.00218566
1 0.176894 0.0701672 0.337314 0.140334 0.00202455
1 0.520775 0.868377 0.374395 0.16908 0.00195935
1 0.796577 0.847202 0.357788 0.285212 0.00187632
1 0.138351 0.853743 0.101702 0.0620861 0.00183448
1 0.281285 0.829387 0.327651 0.252745 0.0017992
1 0.72106 0.861576 0.528658 0.270302 0.00163873
1 0.619241 0.277005 0.426179 0.279502 0.00161625
1 0.326273 0.850865 0.421922 0.219522 0.00152732
1 0.326943 0.0853499 0.63759 0.1707 0.00152025
2 0.95194 0.509182 0.0961193 0.335801 0.00151745
2 0.953083 0.44642 0.0938334 0.329579 0.00146039
1 0.895635 0.889937 0.203185 0.214977 0.00142056
1 0.866782 0.849382 0.208985 0.295528 0.00141707
1 0.588184 0.132466 0.695371 0.264933 0.00141587
1 0.208141 0.117992 0.393199 0.235983 0.00141129
2 0.955877 0.561912 0.0882462 0.339971 0.00139276
1 0.173735 0.102026 0.316262 0.204052 0.00138751
1 0.780343 0.824456 0.254488 0.321871 0.00138457
1 0.41525 0.120219 0.8305 0.240438 0.00136556
2 0.931458 0.19201 0.137083 0.331822 0.00133
1 0.210696 0.027219 0.421393 0.054438 0.00131956
1 0.521045 0.160668 0.723819 0.321337 0.00129051
2 0.950418 0.232747 0.0991636 0.307469 0.00127555
1 0.668126 0.109383 0.64126 0.218765 0.00126057
1 0.173822 0.853428 0.10327 0.139738 0.00125105
1 0.0993908 0.0765361 0.198782 0.153072 0.00124114
2 0.964046 0.609326 0.0719074 0.344661 0.00122699
1 0.161249 0.849108 0.0870668 0.126462 0.00122511
1 0.563701 0.410925 0.582845 0.448211 0.00120252
2 0.888093 0.151272 0.223815 0.301396 0.0012022
2 0.954108 0.382669 0.0917848 0.331935 0.00119826
1 0.805118 0.0790872 0.389764 0.158174 0.00115281
2 0.246509 0.724699 0.313662 0.43319 0.0011479
2 0.0616431 0.40697 0.123286 0.404947 0.00113623
1 0.0975045 0.115238 0.195009 0.230476 0.00113045
2 0.0949865 0.24188 0.189973 0.360748 0.00112914
1 0.226495 0.953851 0.433884 0.0917665 0.00112566
1 0.33694 0.0260187 0.634217 0.0520373 0.00111214
1 0.0471287 0.780907 0.0942575 0.409432 0.00111114
1 0.299006 0.648385 0.285102 0.334698 0.0011026
2 0.956348 0.268184 0.0873035 0.302532 0.00109511
2 0.834792 0.158983 0.329435 0.317967 0.0010836
1 0.763703 0.0257695 0.472594 0.051539 0.00108031
2 0.264691 0.794515 0.323884 0.338852 0.00107434
2 0.0811868 0.298884 0.162374 0.358386 0.0010675
2 0.30656 0.716933 0.341823 0.423928 0.00106517
2 0.104629 0.176972 0.209257 0.333681 0.00106275
1 0.374229 0.757697 0.491925 0.387697 0.0010625
1 0.0552718 0.460805 0.110544 0.426654 0.00106065
1 0.846063 0.0927826 0.307873 0.185565 0.00105986
2 0.0701088 0.351314 0.140218 0.384902 0.00104621
1 0.164764 0.959514 0.329528 0.0809717 0.00104168
2 0.734123 0.20385 0.490685 0.407172 0.00103982
2 0.88524 0.201564 0.229521 0.356007 0.00103656
2 0.962014 0.836282 0.0759728 0.319831 0.00103633
2 0.955569 0.324241 0.0888612 0.323391 0.00103448
1 0.968339 0.77105 0.0633227 0.374669 0.00102903
2 0.172743 0.24217 0.345486 0.381718 0.0010285
2 0.528699 0.493174 0.679489 0.476327 0.00102775
1 0.0473749 0.511697 0.0947497 0.432151 0.00102754
2 0.0524237 0.815598 0.104847 0.326717 0.00102262
1 0.575446 0.792367 0.52051 0.366397 0.00102232
1 0.337288 0.878403 0.518386 0.22316 0.00100236
1 0.206146 0.736049 0.31648 0.437272 0.00098942
2 0.968471 0.658962 0.0630577 0.357865 0.000988192
1 0.435284 0.221385 0.858019 0.44277 0.000982773
1 0.904931 0.839902 0.157534 0.303459 0.000971494
2 0.149532 0.316861 0.299064 0.355847 0.000967429
1 0.659856 0.0254033 0.66828 0.0508067 0.000967178
1 0.0406352 0.603289 0.0812703 0.420057 0.000961147
1 0.312357 0.939742 0.548559 0.120516 0.000952577
2 0.941757 0.865737 0.116485 0.268525 0.000948217
1 0.776408 0.726801 0.226014 0.425161 0.000943602
0 0.638433 0.318586 0.570437 0.382432 0.000940198
1 0.0727559 0.848946 0.145512 0.260351 0.000937911
1 0.372588 0.568729 0.391422 0.36784 0.000936556
1 0.13001 0.0299071 0.260019 0.0598143 0.000931283
1 0.104998 0.901054 0.209996 0.184061 0.000929079
1 0.12223 0.801824 0.242238 0.362417 0.00092599
1 0.224036 0.662496 0.325832 0.340294 0.000923359
1 0.906216 0.229961 0.187569 0.309463 0.000921966
1 0.913769 0.881308 0.172462 0.233332 0.0009203
2 0.1627 0.16553 0.325401 0.320478 0.00091898
1 0.686356 0.734512 0.384828 0.42275 0.000911801
1 0.763014 0.779024 0.18448 0.411807 0.000909338
2 0.90221 0.513526 0.195581 0.361281 0.000906933
1 0.158509 0.894516 0.317018 0.198556 0.000905519
1 0.500969 0.0259908 0.804118 0.0519815 0.000903891
1 0.513248 0.572009 0.559509 0.386986 0.000895112
1 0.14379 0.742057 0.287581 0.466226 0.000894498
1 0.843467 0.782888 0.169137 0.41681 0.000893539
1 0.239222 0.879407 0.398785 0.232353 0.000885807
1 0.186067 0.821849 0.185903 0.281994 0.000885699
1 0.496272 0.753582 0.489471 0.401866 0.000879301
2 0.575207 0.758435 0.520215 0.416115 0.000878327
1 0.607183 0.882446 0.560734 0.235109 0.000876788
2 0.439648 0.756825 0.483032 0.396506 0.000875665
1 0.268748 0.614136 0.294085 0.33644 0.000873845
2 0.541925 0.56555 0.591146 0.380164 0.000865014
1 0.122717 0.960362 0.245434 0.0792753 0.000862181
2 0.390491 0.668003 0.360224 0.390601 0.000861366
1 0.566145 0.221731 0.637943 0.422763 0.000856631
1 0.187175 0.797277 0.236593 0.350476 0.000848532
2 0.134894 0.375345 0.269787 0.379852 0.000844283
2 0.908062 0.568229 0.183876 0.364957 0.000839761
1 0.84031 0.0302769 0.319379 0.0605538 0.000833658
0 0.890732 0.439461 0.218536 0.365456 0.000833373
1 0.625883 0.45282 0.518678 0.551937 0.000821733
1 0.632933 0.943818 0.653033 0.112116 0.000818789
1 0.222557 0.158501 0.435812 0.308432 0.000817756
1 0.403634 0.61646 0.348357 0.366721 0.000815887
2 0.30242 0.233915 0.60484 0.396737 0.000814657
0 0.663294 0.397172 0.583962 0.49805 0.000803098
1 0.154819 0.616001 0.303094 0.369088 0.000785772
1 0.727881 0.937179 0.523849 0.124313 0.000783307
2 0.372886 0.197737 0.738569 0.390291 0.000779958
1 0.206298 0.844615 0.236704 0.257934 0.000761646
1 0.784184 0.649441 0.341624 0.482276 0.000759638
1 0.900894 0.775636 0.158743 0.392222 0.000754385
1 0.150011 0.850828 0.288407 0.255493 0.000752955
1 0.251623 0.849825 0.286867 0.0705471 0.000747544
2 0.142562 0.480332 0.285125 0.410952 0.000744509
1 0.849011 0.684649 0.192044 0.46274 0.000737659
1 0.1471 0.531888 0.2942 0.403937 0.00073401
0 0.883301 0.359933 0.233397 0.366257 0.000729872
1 0.697921 0.636881 0.427324 0.440344 0.000728127
1 0.889353 0.91946 0.221294 0.16108 0.000727563
2 0.294529 0.309494 0.58598 0.335101 0.000716647
1 0.610445 0.741919 0.499906 0.460315 0.000715889
2 0.325968 0.526783 0.44298 0.420316 0.000715607
1 0.481659 0.62055 0.451113 0.373319 0.00071221
2 0.477921 0.686165 0.45924 0.434949 0.000709984
1 0.90773 0.673168 0.166073 0.390431 0.000709091
1 0.628653 0.692294 0.425845 0.430638 0.000694524
1 0.823359 0.926044 0.348528 0.146739 0.000690756
1 0.236094 0.570144 0.346238 0.340839 0.000683236
2 0.618861 0.626333 0.471299 0.403542 0.000679612
2 0.536245 0.623822 0.518708 0.386372 0.000673703
2 0.388893 0.306656 0.721896 0.295773 0.000668185
2 0.759267 0.483902 0.42688 0.532448 0.00066615
1 0.374524 0.334325 0.640576 0.291103 0.000664336
1 0.725358 0.553634 0.440093 0.552684 0.000663684
1 0.473438 0.962444 0.291301 0.0672119 0.000661533
2 0.631753 0.516993 0.557151 0.610734 0.0006553
1 0.404377 0.393498 0.677411 0.364654 0.000650767
2 0.269832 0.364824 0.507234 0.351868 0.000650728
1 0.50687 0.870945 0.204768 0.154435 0.000650138
1 0.875513 0.927604 0.248974 0.144162 0.000649405
0 0.89186 0.309429 0.21628 0.341993 0.000627112
1 0.544163 0.70024 0.537254 0.461968 0.000622619
1 0.710226 0.240456 0.477257 0.366095 0.000622305
1 0.109989 0.855967 0.179726 0.0704214 0.000615314
1 0.330673 0.272495 0.0617976 0.0645975 0.000594357
1 0.495896 0.363801 0.203258 0.127039 0.000575322
2 0.239764 0.421255 0.415747 0.38066 0.000570651
1 0.457023 0.281263 0.778614 0.339562 0.000563842
0 0.549798 0.238733 0.581007 0.410585 0.000563238
1 0.135585 0.838319 0.157611 0.159672 0.000562877
2 0.843369 0.569616 0.250023 0.480069 0.000562484
2 0.227982 0.475122 0.365204 0.391698 0.000546527
1 0.153676 0.861106 0.0499638 0.0438103 0.000522694
1 0.763575 0.754494 0.0690339 0.0416554 0.000504925
1 0.5453 0.878634 0.232844 0.136368 0.000496244
1 0.778551 0.745992 0.0989685 0.0605333 0.000488154
1 0.52972 0.346076 0.285959 0.163415 0.000484871
1 0.478681 0.920242 0.258487 0.0563612 0.00046415
1 0.189109 0.843051 0.136398 0.13092 0.000432904
1 0.104878 0.910284 0.187194 0.179433 0.000432882
1 0.740646 0.755032 0.0691776 0.0460968 0.000421088
1 0.639094 0.254303 0.385272 0.143949 0.000416477
1 0.0469007 0.889951 0.0938014 0.220097 0.00041403
1 0.74229 0.2612 0.185811 0.119974 0.00041176
1 0.213461 0.852499 0.184097 0.08344 0.000411295
1 0.0848538 0.944041 0.169708 0.111918 0.000390222
1 0.0718949 0.917588 0.14379 0.164823 0.000385252
1 0.245059 0.387116 0.346596 0.32496 0.000379108
0 0.418452 0.868487 0.152771 0.156437 0.000376827
1 0.71641 0.255014 0.229135 0.140918 0.000374153
1 0.357841 0.267136 0.123671 0.134362 0.000371118
1 0.833521 0.736412 0.202483 0.106747 0.000361534
0 0.547934 0.839851 0.353669 0.237753 0.00035966
0 0.632518 0.210444 0.316361 0.226333 0.000352208
1 0.900973 0.936847 0.193606 0.120862 0.000350341
2 0.754414 0.752775 0.0479601 0.0483796 0.000349877
0 0.798321 0.428843 0.183879 0.124133 0.000349625
1 0.753697 0.235457 0.196742 0.187932 0.00034518
0 0.371338 0.34126 0.244953 0.224032 0.00034305
1 0.582143 0.345151 0.429869 0.165573 0.000339936
1 0.0377323 0.865205 0.0754646 0.26959 0.000327401
1 0.350747 0.244516 0.18463 0.0850141 0.000324131
0 0.488039 0.968102 0.29142 0.0613781 0.000323151
0 0.981072 0.014128 0.0378559 0.028256 0.000322798
2 0.00429593 0.0695144 0.00859186 0.137579 0.000316793
0 0.394599 0.77027 0.0972194 0.214624 0.000315307
2 0.0262826 0.031148 0.0525653 0.062296 0.000310305
2 0.386337 0.400918 0.458346 0.265475 0.000304328
1 0.561096 0.904357 0.260648 0.102402 0.00030396
1 0.00139389 0.742977 0.00278777 0.21172 0.000301202
1 0.00164638 0.903079 0.00329276 0.193841 0.000299337
1 0.539816 0.0341175 0.112978 0.0522902 0.000298941
2 0.189252 0.293359 0.378504 0.376916 0.000297216
1 0.440659 0.867132 0.193764 0.156745 0.000292032
2 0.136557 0.801469 0.199606 0.199517 0.000291068
2 0.376201 0.63129 0.305132 0.274137 0.000290522
2 0.000665811 0.517468 0.00133162 0.245684 0.000290454
1 0.450124 0.356837 0.367276 0.146455 0.000285766
1 0.511938 0.90911 0.200684 0.076004 0.000283071
1 0.447947 0.831382 0.209508 0.229824 0.000282168
2 0.29368 0.417584 0.539151 0.273062 0.000278774
1 0.445862 0.962139 0.439051 0.0754192 0.000278111
1 0.0013375 0.215285 0.00267501 0.190718 0.000277887
2 0.691751 0.0296761 0.339216 0.0529842 0.000277808
0 0.790099 0.195333 0.405236 0.257426 0.00027778
0 0.830048 0.432425 0.174775 0.204667 0.00027741
2 0.212455 0.372176 0.42491 0.307788 0.000276989
0 0.827132 0.491666 0.144823 0.212423 0.000276843
0 0.40348 0.0853782 0.0310284 0.018852 0.000276684
1 0.122035 0.823693 0.207362 0.204422 0.000274138
2 0.363247 0.570505 0.225089 0.149519 0.000272977
0 0.798345 0.471608 0.205896 0.176142 0.000272536
1 0.00160576 0.862878 0.00321152 0.223797 0.000271919
0 0.994205 0.129649 0.0115901 0.223709 0.000271842
0 0.747945 0.219623 0.427763 0.247545 0.000270908
1 0.793877 0.743098 0.153815 0.176423 0.000270701
1 0.490554 0.397658 0.211057 0.0624085 0.000270575
2 0.00135982 0.264383 0.00271963 0.200936 0.000269421
2 0.000648587 0.564001 0.00129717 0.216992 0.000268725
1 0.270511 0.354798 0.283227 0.293442 0.000268676
2 0.376449 0.0567096 0.290057 0.108405 0.000267504
2 0.000749609 0.463844 0.00149922 0.23831 0.000267121
0 0.425948 0.788035 0.129825 0.224195 0.000265401
0 0.493194 0.663836 0.0870868 0.0320989 0.000265281
1 0.609702 0.883824 0.191996 0.124812 0.00026461
1 0.29938 0.398592 0.408285 0.295702 0.000263197
0 0.73495 0.456425 0.28221 0.255803 0.000262588
0 0.528991 0.577704 0.060023 0.0521179 0.000262465
1 0.0489115 0.0922168 0.0978229 0.181717 0.000261676
0 0.840078 0.196039 0.312801 0.232307 0.000261627
2 0.077939 0.0176889 0.155878 0.0353116 0.000261564
2 0.000589261 0.60979 0.00117852 0.202774 0.000261271
1 0.803362 0.222755 0.345267 0.200199 0.00026028
2 0.000707647 0.690881 0.00141529 0.224934 0.000258961
0 0.699539 0.19465 0.403449 0.248154 0.000258586
0 0.903989 0.503886 0.192021 0.239886 0.00025843
0 0.141328 0.728704 0.0407429 0.0304395 0.000258231
2 0.735086 0.0338888 0.425416 0.058457 0.000257895
0 0.763067 0.454537 0.199523 0.184176 0.000257848
0 0.991134 0.0273186 0.0177326 0.0511824 0.000257824
2 0.48417 0.663903 0.175048 0.184922 0.000256384
2 0.324635 0.0514893 0.304719 0.0976275 0.000256382
0 0.80523 0.0123455 0.255229 0.0243004 0.000255603
0 0.819621 0.404783 0.248489 0.236259 0.000254924
1 0.494328 0.385608 0.200528 0.0852291 0.000254821
2 0.00105159 0.362283 0.00210319 0.249272 0.000254588
0 0.688642 0.428494 0.360523 0.317181 0.000254576
2 0.326604 0.900038 0.437906 0.137025 0.000253216
0 0.884322 0.491113 0.231356 0.285443 0.000251283
0 0.31994 0.581778 0.229144 0.173301 0.000251101
1 0.472292 0.398822 0.35523 0.0545096 0.000251008
2 0.636534 0.0256972 0.269072 0.0456616 0.000250434
2 0.000544792 0.153718 0.00108958 0.187208 0.000249987
1 0.630596 0.240711 0.304791 0.112749 0.000249564
1 0.458564 0.46218 0.473358 0.140108 0.000249554
2 0.42362 0.643982 0.330324 0.300569 0.000249159
1 0.193208 0.907412 0.146477 0.183636 0.000248464
2 0.00124492 0.184975 0.00248985 0.17087 0.00024833
1 0.00270586 0.952332 0.00541171 0.095335 0.000248049
2 0.000905894 0.0986013 0.00181179 0.19344 0.00024799
0 0.625615 0.175953 0.246798 0.190319 0.000247942
2 0.000888838 0.295732 0.00177768 0.191486 0.000247698
1 0.000952484 0.34 0.00190497 0.230631 0.000246171
0 0.179125 0.115844 0.120894 0.0708586 0.00024558
0 0.805809 0.536663 0.113272 0.237636 0.000243843
1 0.0010298 0.41134 0.00205961 0.264288 0.000243814
2 0.515003 0.637755 0.176969 0.199319 0.000243803
0 0.56715 0.326131 0.569704 0.278537 0.000243789
1 0.446984 0.434342 0.466455 0.144978 0.000243524
0 0.745101 0.0122738 0.314364 0.0241974 0.00024349
0 0.523018 0.0539407 0.0367994 0.0305279 0.000242212
0 0.443597 0.833665 0.198844 0.219071 0.000242182
0 0.432267 0.966309 0.56367 0.0673815 0.00024193
2 0.258812 0.050805 0.214658 0.096599 0.00024037
2 0.472121 0.64575 0.212671 0.279911 0.000239767
1 0.0296163 0.813824 0.0592326 0.254557 0.000239746
0 0.54833 0.136891 0.122893 0.0767818 0.000239071
1 0.488046 0.203628 0.306765 0.0622578 0.000238635
0 0.292375 0.733357 0.148938 0.15022 0.000238467
2 0.318716 0.611468 0.243097 0.192392 0.000237313
0 0.383083 0.756098 0.127662 0.206558 0.000236469
1 0.0842053 0.981375 0.168411 0.0372495 0.000236157
