0 0.306445 0.450605 0.186571 0.364037 0.863543
0 0.369287 0.450462 0.314466 0.364125 0.828054
0 0.463094 0.424123 0.126413 0.197499 0.00854011
0 0.118885 0.235556 0.0464527 0.0748067 0.0069088
0 0.122702 0.247433 0.0412865 0.0495581 0.00343644
0 0.246557 0.779683 0.0539746 0.0761536 0.00342041
0 0.439256 0.428156 0.172503 0.199973 0.00308535
0 0.014453 0.440826 0.0289059 0.137243 0.00182496
0 0.125409 0.254427 0.0346444 0.0440894 0.00163942
0 0.389196 0.430744 0.277707 0.269141 0.00152202
0 0.0207435 0.433618 0.0414869 0.153365 0.0013508
2 0.0777548 0.362133 0.15551 0.496439 0.00128051
2 0.0804634 0.215455 0.160927 0.430911 0.00119908
2 0.683892 0.748578 0.333934 0.483857 0.00117319
0 0.0877509 0.626433 0.0211608 0.0297017 0.00116296
0 0.368988 0.629284 0.309047 0.741433 0.00114349
1 0.274544 0.239126 0.547905 0.478253 0.00109392
2 0.0998173 0.433756 0.199635 0.432233 0.00109204
1 0.35501 0.329521 0.568413 0.659043 0.00106402
1 0.39652 0.632556 0.342555 0.734888 0.00105387
0 0.338315 0.565453 0.254105 0.616369 0.00104491
2 0.0484369 0.330386 0.0968737 0.481944 0.00104262
2 0.0816897 0.737549 0.163379 0.497916 0.00103461
0 0.404971 0.533386 0.346527 0.564743 0.00102059
2 0.0510659 0.68181 0.102132 0.509102 0.00101837
1 0.233464 0.193683 0.466927 0.387365 0.0010087
2 0.665793 0.520531 0.445647 0.720189 0.00100145
1 0.867883 0.772674 0.264233 0.406803 0.00099859
2 0.0687544 0.457525 0.137509 0.391022 0.000984276
2 0.0539102 0.265074 0.10782 0.451084 0.000984062
2 0.74554 0.705031 0.327488 0.537426 0.000984052
0 0.364685 0.355663 0.337747 0.654376 0.000969474
0 0.42063 0.616139 0.390785 0.709602 0.000962731
2 0.0466416 0.586055 0.0932832 0.535279 0.000961807
1 0.805592 0.735852 0.336597 0.495881 0.000960675
2 0.680502 0.81526 0.354918 0.282857 0.000950593
1 0.944582 0.738193 0.104329 0.457107 0.000943887
2 0.735479 0.643719 0.392343 0.629122 0.00093704
1 0.0718341 0.779644 0.143668 0.353862 0.000924981
2 0.596821 0.430941 0.42911 0.737271 0.000922279
2 0.685511 0.431756 0.525054 0.802795 0.000921058
2 0.0579995 0.199962 0.115999 0.399923 0.000917817
2 0.0809861 0.640768 0.161972 0.521644 0.000917432
2 0.427951 0.922999 0.488383 0.154001 0.000913067
1 0.917385 0.773571 0.165229 0.388317 0.000907579
1 0.788974 0.791654 0.384588 0.345502 0.000906791
1 0.0912222 0.166996 0.182444 0.333992 0.000893168
2 0.0822309 0.820427 0.164462 0.31996 0.000886011
1 0.94325 0.639569 0.108612 0.628332 0.000879576
0 0.0431141 0.426393 0.0851381 0.396658 0.000875868
1 0.775516 0.625059 0.42853 0.669619 0.000874195
2 0.243318 0.901737 0.470615 0.196525 0.000873269
1 0.268576 0.105531 0.537152 0.211063 0.000867749
1 0.870143 0.686852 0.259714 0.594607 0.000862648
1 0.0816314 0.852914 0.163263 0.2079 0.000852983
2 0.04507 0.488087 0.0895658 0.470533 0.000851669
2 0.559326 0.331443 0.51397 0.642974 0.000850458
2 0.132977 0.175368 0.265953 0.350735 0.000848526
1 0.977426 0.638238 0.0451479 0.55834 0.000845726
1 0.0933729 0.887642 0.186746 0.199522 0.000831729
1 0.721346 0.413822 0.532253 0.798906 0.000830485
1 0.922884 0.69855 0.150391 0.549509 0.000817366
1 0.85008 0.618693 0.29984 0.712606 0.000807583
2 0.477283 0.686353 0.411954 0.627295 0.000798424
2 0.200984 0.237147 0.401967 0.474294 0.000795902
1 0.976373 0.739186 0.0472531 0.440952 0.000793048
0 0.194348 0.888444 0.388287 0.223113 0.000786684
1 0.766978 0.83559 0.429379 0.278481 0.000782998
1 0.772533 0.482005 0.454933 0.867166 0.000780037
2 0.0996434 0.290433 0.199287 0.522388 0.000778854
2 0.484525 0.849126 0.46876 0.301748 0.000770284
1 0.920542 0.868581 0.1583 0.244236 0.00076706
1 0.063806 0.14201 0.127612 0.28402 0.000757817
1 0.752306 0.270329 0.495387 0.540658 0.000757268
1 0.897926 0.904188 0.204148 0.182054 0.000757133
0 0.111187 0.883613 0.222375 0.23055 0.000753408
2 0.324473 0.918498 0.571378 0.163003 0.000752994
0 0.502121 0.923712 0.520806 0.152577 0.000743396
2 0.467143 0.787329 0.41391 0.425343 0.000738842
1 0.941981 0.501916 0.112819 0.705809 0.000730946
0 0.330374 0.968104 0.480976 0.063793 0.000723939
2 0.680021 0.289593 0.534896 0.576003 0.000722836
2 0.570164 0.73311 0.386209 0.53378 0.000717671
0 0.128 0.781177 0.0602518 0.0634592 0.000714903
2 0.114361 0.510008 0.228723 0.436763 0.000712827
0 0.101172 0.24485 0.0836962 0.0938815 0.000712151
1 0.562855 0.291756 0.726492 0.583511 0.000712079
2 0.392343 0.317599 0.515197 0.635198 0.000710127
1 0.37309 0.18622 0.690819 0.37244 0.000707667
0 0.0690352 0.276516 0.0595785 0.104341 0.0007034
0 0.487157 0.969616 0.437006 0.0607681 0.000703396
1 0.977913 0.502256 0.0441736 0.597438 0.000697014
1 0.937553 0.365558 0.121008 0.652072 0.000695203
0 0.240399 0.96817 0.436 0.0636601 0.000694711
0 0.143008 0.965902 0.284805 0.0681965 0.000691844
2 0.149725 0.733535 0.299029 0.499229 0.0006897
1 0.436424 0.284895 0.656892 0.56979 0.000687978
1 0.931552 0.277421 0.133024 0.551254 0.000687708
1 0.922472 0.582621 0.148194 0.740062 0.000683533
0 0.603705 0.923721 0.506854 0.152558 0.000681891
0 0.711088 0.847109 0.414014 0.251235 0.000679999
1 0.773963 0.0464216 0.452073 0.0928433 0.000671601
2 0.627922 0.685464 0.356899 0.576901 0.000671026
2 0.426916 0.747095 0.431259 0.50581 0.00066887
0 0.431729 0.439974 0.28697 0.505849 0.000667081
0 0.578951 0.970924 0.470878 0.058151 0.000666932
2 0.158252 0.640571 0.316504 0.496105 0.000665306
2 0.22814 0.386435 0.443978 0.491268 0.000664919
2 0.604165 0.815663 0.414259 0.343617 0.000663608
0 0.700981 0.929489 0.454472 0.141021 0.000658515
1 0.792241 0.925367 0.415519 0.149266 0.000657781
0 0.0185229 0.405494 0.0370459 0.216046 0.000657397
2 0.197941 0.438021 0.378184 0.41272 0.000656266
1 0.918038 0.409876 0.157966 0.760662 0.000652085
1 0.185071 0.0635638 0.370142 0.127128 0.000649544
1 0.130387 0.0511241 0.260773 0.102248 0.000642707
1 0.978153 0.336211 0.0436936 0.568528 0.000639178
2 0.593798 0.863212 0.488838 0.273576 0.000638941
0 0.644007 0.8583 0.416098 0.257643 0.000636542
1 0.724691 0.144273 0.513839 0.288545 0.000636092
2 0.375344 0.835802 0.545517 0.328397 0.000635014
1 0.771606 0.972372 0.409585 0.0552565 0.000634272
1 0.90398 0.963308 0.19204 0.0733841 0.000633283
2 0.536598 0.802554 0.434473 0.394892 0.000633272
2 0.508968 0.428807 0.401748 0.733491 0.000630525
2 0.260867 0.701494 0.4938 0.561334 0.000621173
0 0.736822 0.970924 0.411599 0.0581521 0.000619513
1 0.09393 0.0582164 0.18786 0.116433 0.000615267
1 0.969638 0.84203 0.0607244 0.308186 0.000614779
0 0.460053 0.422074 0.0862419 0.189649 0.000610811
1 0.690517 0.208087 0.587186 0.416174 0.000609828
0 0.0933694 0.949555 0.186739 0.10089 0.000608945
1 0.922921 0.209628 0.14975 0.419255 0.000608165
1 0.874437 0.970625 0.251125 0.0587494 0.000604262
2 0.336105 0.791067 0.483662 0.399129 0.000602109
0 0.209756 0.294182 0.0183304 0.0282801 0.000598799
2 0.53862 0.664376 0.372524 0.626271 0.000596073
1 0.934062 0.904474 0.131876 0.191053 0.000590427
1 0.508633 0.160944 0.706921 0.321889 0.000587834
0 0.0773235 0.514206 0.054667 0.0454623 0.000578696
2 0.27049 0.852171 0.493625 0.295659 0.000577274
1 0.884135 0.204838 0.225084 0.409676 0.000577096
0 0.521287 0.600919 0.368602 0.647537 0.000573121
1 0.726066 0.0373284 0.538675 0.0746568 0.000570805
1 0.839072 0.0598911 0.321857 0.119782 0.000566156
1 0.968254 0.208017 0.063492 0.416034 0.00056519
0 0.194775 0.295562 0.0415886 0.036867 0.000563571
0 0.478625 0.405613 0.0936103 0.155557 0.000556399
2 0.233126 0.806397 0.45494 0.35306 0.000554642
2 0.119963 0.802195 0.239927 0.352355 0.000551081
1 0.295767 0.807266 0.522808 0.376205 0.000550057
2 0.431458 0.351686 0.393212 0.684383 0.000546725
0 0.192801 0.454224 0.358519 0.384468 0.000539778
2 0.197823 0.857437 0.383929 0.273622 0.000529521
1 0.594231 0.0910976 0.693854 0.182195 0.000528384
1 0.901807 0.0987362 0.196385 0.197472 0.000521351
0 0.12397 0.786961 0.0713606 0.0773709 0.000477441
0 0.984962 0.639541 0.0299383 0.397092 0.000470218
1 0.648461 0.0506584 0.663158 0.101317 0.000462427
0 0.0119615 0.47559 0.0237944 0.150586 0.000461707
0 0.3329 0.627271 0.446701 0.715833 0.00045597
0 0.0102665 0.448299 0.0205329 0.077119 0.000455152
0 0.0732099 0.871983 0.144315 0.219228 0.000425688
0 0.404222 0.99371 0.169975 0.01258 0.000411328
0 0.199621 0.991191 0.157533 0.0176185 0.000409242
2 0.693042 0 0.17717 0 0.000395464
1 0.249275 0.535684 0.482693 0.434408 0.000391849
1 0.836617 0.000173859 0.165593 0.000347717 0.000386728
0 0.922733 0.994227 0.154533 0.0115459 0.000383922
2 0.467418 0 0.163412 0 0.00037925
0 0.981889 0.713915 0.0360977 0.39376 0.000378605
2 0.814805 0.000351089 0.167857 0.000702178 0.000371822
0 0.68238 0.993177 0.163117 0.0136452 0.000370351
1 0.890161 0 0.159983 0 0.000369999
0 0.0110057 0.726063 0.0220113 0.213719 0.000367343
2 0.568609 0 0.167048 0 0.00036512
0 0.957728 0.99209 0.084545 0.0158197 0.000361847
1 0.740098 0 0.165914 0 0.000360831
2 0.517384 0 0.152331 0 0.000359936
1 0.930289 0 0.139421 0 0.000356055
0 0.0461023 0.301671 0.0886215 0.153207 0.000355453
0 0.058958 0.98989 0.113889 0.0202209 0.000354828
0 0.298802 0.426411 0.490607 0.457345 0.000354694
0 0.081241 0.994408 0.139762 0.0111846 0.000353631
1 0.768527 0.000363787 0.163129 0.000727574 0.000351729
0 0.0125567 0.367036 0.0251134 0.293623 0.000350339
0 0.310441 0.0261855 0.0422021 0.0482504 0.000349136
2 0.217473 0 0.169455 0 0.000348432
0 0.0434713 0.431575 0.0827098 0.167205 0.000346737
0 0.34324 0.779118 0.035309 0.0503287 0.000345861
0 0.11014 0.27057 0.0672555 0.139616 0.000342434
0 0.983418 0.564846 0.0329036 0.451397 0.000341063
0 0.706759 0.994277 0.16177 0.011446 0.000340351
2 0.188667 0.000220672 0.172197 0.000441344 0.000340341
2 0.124609 0 0.177861 0 0.000340118
0 0.00971294 0.0878043 0.0194259 0.151937 0.000338028
1 0.0996099 4.51863e-05 0.173572 9.03726e-05 0.000337085
0 0.250654 0.994398 0.1491 0.0112032 0.000337023
2 0.243916 0 0.174299 0 0.000336677
0 0.456683 0.990832 0.191913 0.0183351 0.000335989
2 0.643957 0 0.165574 0 0.000334198
0 0.0101468 0.292905 0.0202936 0.161971 0.000333397
0 0.972817 0.977722 0.0543657 0.0445564 0.000332296
0 0.291006 0.993401 0.150614 0.0131979 0.000332149
0 0.735896 0.995091 0.163611 0.00981818 0.000330042
1 0.15921 0.000190715 0.181477 0.00038143 0.000324909
0 0.010348 0.829767 0.0206961 0.194303 0.000324521
2 0.41772 0 0.150611 0 0.000324461
0 0.135238 0.466069 0.0232981 0.0473943 0.000322501
0 0.790662 0.994797 0.172865 0.0104061 0.000321199
0 0.0391076 0.353558 0.0771899 0.309397 0.000320867
0 0.885766 0.994825 0.17442 0.0103497 0.000320498
0 0.0199803 0.987602 0.0399606 0.0247962 0.000319307
2 0.391605 0 0.157879 0 0.000316049
1 0.0538772 0.00955719 0.107754 0.0191144 0.000315001
0 0.0139118 0.74853 0.0278237 0.236486 0.00031255
0 0.563029 0.994855 0.161827 0.0102893 0.000311916
0 0.310654 0.996345 0.153013 0.00731006 0.000311057
0 0.130728 0.455037 0.0400411 0.0756612 0.000310375
0 0.963778 0.844715 0.0719517 0.310569 0.000309612
0 0.520035 0.531549 0.0405667 0.104785 0.000309017
0 0.0359414 0.291427 0.0693626 0.208001 0.000308538
0 0.259205 0.76229 0.0780174 0.118743 0.000308508
0 0.486213 0.991847 0.177944 0.0163069 0.000306217
0 0.126237 0.991835 0.142375 0.01633 0.000302921
0 0.16131 0.988729 0.172446 0.0225413 0.000300498
0 0.955014 0.8838 0.0892397 0.208617 0.000299234
0 0.52068 0.832824 0.0441393 0.120392 0.000297241
1 0.0685919 0.00110162 0.137184 0.00220324 0.000297199
0 0.513649 0.994166 0.155274 0.0116677 0.000295486
0 0.969823 0.908957 0.060355 0.182087 0.000295463
0 0.318627 0.462987 0.293129 0.38623 0.000293227
2 0.281564 0.0962569 0.0660528 0.192514 0.000292267
0 0.195378 0.793074 0.15928 0.0984058 0.000287235
0 0.0098652 0.190876 0.0197304 0.180009 0.000284756
0 0.839508 0.99408 0.170062 0.0118408 0.000283337
0 0.973886 0.795477 0.0516338 0.409046 0.000282886
2 0.179664 0.0806589 0.0959625 0.142728 0.000282115
2 0.224038 0.101601 0.142273 0.187727 0.000281095
0 0.0100377 0.472383 0.0197727 0.07868 0.000279836
0 0.0523747 0.873118 0.104328 0.212408 0.000278571
0 0.0890312 0.450548 0.108721 0.112641 0.000277185
1 0.9575 5.57151e-05 0.0849992 0.00011143 0.000276744
2 0.202126 0.120191 0.173398 0.240382 0.000276013
0 0.63729 0.994616 0.164912 0.0107676 0.00027362
0 0.0876832 0.834777 0.1507 0.18344 0.00027248
0 0.011731 0.524501 0.0231851 0.216749 0.000270293
0 0.977741 0.140451 0.0443367 0.256092 0.000269823
0 0.264298 0.53103 0.0990845 0.205514 0.000269434
2 0.282696 0 0.134878 0 0.000269381
0 0.181361 0.235062 0.103732 0.144899 0.000267877
0 0.978238 0.17688 0.0426731 0.152161 0.000266157
2 0.701315 0.136068 0.132061 0.258881 0.000262373
0 0.57859 0.385501 0.0724056 0.145989 0.000261784
2 0.728606 0.119313 0.112447 0.225406 0.000261114
0 0.944067 0.668203 0.111508 0.273129 0.000260714
0 0.61602 0.64673 0.0587708 0.145243 0.000258308
0 0.016771 0.9481 0.0334371 0.1038 0.00025782
0 0.00952812 0.239141 0.0190562 0.200038 0.000255401
0 0.0111914 0.861616 0.0223828 0.214889 0.000254955
0 0.30384 0.902911 0.152152 0.173905 0.000253196
0 0.311985 0.353589 0.0705332 0.135943 0.000252304
0 0.351304 0.670656 0.104613 0.0797538 0.000252008
0 0.535837 0.386034 0.112235 0.168189 0.000251481
0 0.982262 0.410472 0.0351703 0.42375 0.000251272
0 0.238714 0.781179 0.0717713 0.0822152 0.000251002
2 0.472786 0.112983 0.135409 0.2113 0.000250271
2 0.733888 0.248306 0.24822 0.451882 0.000249625
0 0.0107425 0.601329 0.0214849 0.217058 0.000247395
2 0.524455 0.05184 0.118054 0.0971605 0.000246745
2 0.550494 0.0637762 0.133027 0.120929 0.000245293
1 0.052336 0.0895249 0.101058 0.174347 0.000245111
0 0.555448 0.348101 0.109628 0.201161 0.000242719
2 0.677334 0.0619507 0.143564 0.117164 0.000242475
0 0.111541 0.226896 0.0379808 0.0648459 0.00024228
2 0.500158 0.108847 0.12877 0.203559 0.000242265
0 0.11153 0.67715 0.0898259 0.13742 0.000242212
2 0.311928 0.0470098 0.0522528 0.0839166 0.000242078
2 0.551088 0.106498 0.14096 0.198158 0.00024169
0 0.0444429 0.0756963 0.0850406 0.151393 0.000241432
2 0.367388 0.118879 0.14616 0.237759 0.00024117
2 0.203195 0.0672553 0.125229 0.127923 0.000240573
2 0.363349 0.0035175 0.157232 0.00703499 0.000239969
0 0.00999261 0.138567 0.0199852 0.25064 0.00023989
2 0.235347 0.134701 0.196419 0.269402 0.000239691
1 0.0725016 0.0728727 0.133877 0.141476 0.000239416
0 0.0750464 0.0625369 0.0996964 0.125074 0.000239265
0 0.421738 0.704888 0.0681232 0.102927 0.000239262
2 0.60201 0.112339 0.0994864 0.224678 0.000239241
2 0.521766 0.105056 0.127687 0.196217 0.000237744
2 0.676241 0.123204 0.141099 0.233027 0.000237676
2 0.166463 0.103901 0.132578 0.207802 0.000236987
2 0.328813 0.102902 0.109354 0.205804 0.000236914
2 0.6369 0.147877 0.160503 0.295755 0.000235532
2 0.403645 0.0954842 0.110454 0.176667 0.000233849
2 0.60908 0.153412 0.177269 0.306824 0.000232548
0 0.610206 0.650115 0.0429827 0.0906049 0.000232367
0 0.366162 0.995428 0.157438 0.00914325 0.000231931
2 0.476987 0.0597706 0.125589 0.112141 0.000231483
0 0.579518 0.371229 0.101369 0.225429 0.000231415
