2 0.510083 0.537926 0.787216 0.632471 0.960132
2 0.506316 0.419842 0.807372 0.390049 0.0228788
0 0.81412 0.772867 0.371281 0.242977 0.0020073
2 0.629391 0.465595 0.570244 0.476498 0.00177762
2 0.684607 0.411596 0.450774 0.35988 0.00166138
2 0.503991 0.313865 0.827767 0.358982 0.00161819
2 0.61016 0.395926 0.577043 0.342765 0.0015766
2 0.76104 0.386337 0.332442 0.319721 0.00140044
2 0.475522 0.19463 0.863772 0.389259 0.00129709
2 0.819813 0.767485 0.294911 0.376461 0.00119877
2 0.638123 0.80979 0.723755 0.361343 0.0011695
2 0.661862 0.731192 0.525916 0.380208 0.00115468
2 0.790532 0.409129 0.315096 0.401453 0.00109313
2 0.566605 0.295591 0.845322 0.565686 0.0010287
2 0.866193 0.787257 0.24988 0.302503 0.00102683
2 0.389732 0.500776 0.561505 0.548054 0.00101944
1 0.608452 0.595702 0.588333 0.619194 0.0010109
1 0.384572 0.632491 0.543144 0.440013 0.000998776
2 0.550614 0.782284 0.828534 0.333245 0.000990853
2 0.0543811 0.811377 0.108762 0.377247 0.000956098
2 0.868644 0.38087 0.252628 0.294577 0.000945372
2 0.719565 0.667975 0.475651 0.589943 0.000938949
0 0.381745 0.785602 0.662298 0.267452 0.00092945
2 0.509373 0.883108 0.746601 0.233752 0.000926414
2 0.12284 0.147668 0.245679 0.295336 0.000926253
0 0.598635 0.536654 0.600725 0.670673 0.00092102
1 0.0846989 0.857242 0.169398 0.285516 0.000903574
0 0.392733 0.692683 0.591258 0.352503 0.00088113
0 0.458505 0.814262 0.811436 0.322015 0.000879854
1 0.112819 0.080095 0.225638 0.16019 0.000860491
2 0.386083 0.828459 0.731841 0.313259 0.000857808
2 0.828997 0.0991149 0.336179 0.198067 0.000841009
2 0.858878 0.278113 0.225335 0.537272 0.000833848
0 0.427381 0.738875 0.645246 0.236428 0.000833708
2 0.507503 0.715773 0.720392 0.283319 0.000829388
2 0.840076 0.503654 0.307712 0.51568 0.000816193
2 0.830152 0.350062 0.277828 0.535598 0.000801871
2 0.182728 0.831652 0.364043 0.314316 0.000798351
1 0.130944 0.0690729 0.261887 0.138146 0.000798046
2 0.81442 0.0308898 0.37116 0.0611405 0.000795454
0 0.519572 0.696113 0.700205 0.304557 0.00079188
2 0.477488 0.132056 0.885983 0.263786 0.000790942
0 0.406063 0.619004 0.584142 0.454651 0.000788805
2 0.107067 0.224616 0.214135 0.407591 0.000781417
2 0.316077 0.136119 0.574209 0.271039 0.000780883
2 0.0847346 0.721258 0.169469 0.518099 0.000776015
2 0.149538 0.122427 0.289957 0.244855 0.000774957
2 0.171149 0.35639 0.338908 0.463238 0.000774094
2 0.80441 0.855731 0.360376 0.288537 0.000773921
1 0.167102 0.876214 0.334203 0.247312 0.000771337
2 0.165196 0.164675 0.317433 0.321544 0.00076813
2 0.0923899 0.591722 0.18478 0.529846 0.000765208
2 0.100503 0.444304 0.201005 0.479535 0.000765036
2 0.14283 0.414714 0.285659 0.401943 0.000758003
2 0.0974008 0.341787 0.194802 0.491704 0.000757578
2 0.87155 0.146057 0.245571 0.292114 0.000749914
2 0.189872 0.521533 0.379744 0.492358 0.000749787
2 0.259447 0.595825 0.518894 0.520896 0.000743498
2 0.913058 0.24318 0.173884 0.333941 0.000743186
2 0.89652 0.791618 0.206959 0.34136 0.000742575
2 0.304538 0.562277 0.392982 0.575059 0.000732377
0 0.821572 0.053016 0.350989 0.104754 0.000732074
2 0.692431 0.866577 0.615138 0.266845 0.000729727
2 0.8499 0.726899 0.289101 0.397269 0.00072283
1 0.16543 0.933191 0.330859 0.131377 0.000721735
2 0.255265 0.804968 0.510531 0.390065 0.000721066
2 0.336943 0.887317 0.657689 0.225098 0.000720655
2 0.728538 0.112636 0.521764 0.224849 0.000717746
2 0.185426 0.28122 0.363531 0.407631 0.000706869
1 0.503138 0.919862 0.701317 0.160276 0.000706486
2 0.900731 0.185435 0.198537 0.343578 0.000704235
2 0.891121 0.241762 0.197247 0.332193 0.000701113
2 0.902369 0.301879 0.195263 0.344402 0.000687774
2 0.681426 0.028249 0.637147 0.0564844 0.000687626
2 0.301159 0.659271 0.602318 0.58544 0.000678599
0 0.839383 0.822318 0.314995 0.157984 0.000673629
2 0.890835 0.870271 0.204979 0.256337 0.000669852
2 0.89906 0.707416 0.201881 0.384736 0.000663966
2 0.475201 0.914521 0.740328 0.170958 0.000663749
2 0.276767 0.0814327 0.49528 0.162865 0.000663577
1 0.206542 0.953912 0.413085 0.0913621 0.000662996
0 0.685688 0.769558 0.357652 0.229537 0.000662928
2 0.851434 0.211315 0.254076 0.418486 0.000661113
2 0.828581 0.616599 0.333866 0.533174 0.000658339
2 0.231493 0.127727 0.416806 0.255027 0.000657403
0 0.524267 0.608585 0.734746 0.474361 0.000656777
0 0.847666 0.382623 0.303601 0.300675 0.000655613
2 0.762983 0.178587 0.442074 0.357173 0.000655158
2 0.937826 0.817824 0.124349 0.329063 0.000652281
1 0.142188 0.0375809 0.284377 0.0739273 0.000648633
2 0.20827 0.0727703 0.376943 0.145541 0.000648284
2 0.886803 0.356582 0.226394 0.330262 0.000645861
2 0.305467 0.441792 0.385733 0.411648 0.000643117
2 0.334578 0.0340066 0.60287 0.0680132 0.000638918
2 0.762639 0.915384 0.453593 0.168183 0.000637197
2 0.499319 0.0365705 0.905812 0.0731409 0.000636597
2 0.579687 0.171435 0.838189 0.342542 0.000626109
2 0.525586 0.101065 0.898907 0.202131 0.000617442
2 0.394885 0.235502 0.73286 0.457881 0.000617296
0 0.190067 0.117519 0.338632 0.234031 0.000611534
1 0.266356 0.943717 0.527273 0.111877 0.000603237
2 0.33696 0.407156 0.476964 0.382592 0.000601732
2 0.854801 0.905233 0.290397 0.188688 0.00059716
2 0.895146 0.425729 0.209709 0.354383 0.000584112
2 0.913528 0.651575 0.172943 0.401943 0.00058071
2 0.918566 0.467089 0.162868 0.374919 0.00058003
2 0.838492 0.0466059 0.323017 0.0927735 0.000576743
2 0.946198 0.865301 0.107605 0.266269 0.000576447
0 0.831501 0.0747283 0.332566 0.148206 0.000568757
2 0.931256 0.514517 0.137487 0.392354 0.000556343
0 0.93094 0.891267 0.138121 0.215118 0.00055607
2 0.402823 0.344525 0.699946 0.432955 0.000554967
2 0.310303 0.918498 0.600165 0.163005 0.000551268
0 0.6402 0.750116 0.410462 0.199218 0.000549302
1 0.219942 0.0348522 0.439885 0.0697045 0.000549288
0 0.877686 0.210779 0.242492 0.248237 0.000545487
0 0.888851 0.504557 0.213468 0.243284 0.000542071
0 0.716026 0.113311 0.303077 0.225044 0.000538398
1 0.377383 0.954845 0.645261 0.0895176 0.000531198
2 0.929437 0.580555 0.141126 0.410116 0.000529479
0 0.776469 0.116972 0.380203 0.233943 0.000527355
1 0.140691 0.958748 0.281381 0.0825049 0.000526724
2 0.285704 0.194955 0.539228 0.357548 0.000523108
2 0.472433 0.0502049 0.888865 0.10041 0.000514522
1 0.773484 0.93272 0.453032 0.133936 0.000504097
1 0.530957 0.964492 0.64822 0.0693363 0.000501433
0 0.0851735 0.922681 0.170347 0.154639 0.000500333
1 0.7037 0.950865 0.509175 0.0972073 0.000498774
0 0.551483 0.766633 0.351492 0.139113 0.000497961
0 0.916212 0.978337 0.167576 0.0430928 0.000497288
0 0.865956 0.0662364 0.261871 0.130215 0.000490707
0 0.883696 0.10736 0.230879 0.21341 0.000487866
1 0.644825 0.93162 0.605207 0.136761 0.000485925
1 0.826236 0.944534 0.347528 0.110202 0.00047831
2 0.354795 0.294175 0.676291 0.369226 0.000464651
0 0.406651 0.734035 0.550642 0.179653 0.00045973
0 0.40238 0.914256 0.404731 0.171313 0.000457138
0 0.866451 0.864745 0.265988 0.239658 0.000453714
0 0.74763 0.765403 0.404516 0.214574 0.000452584
0 0.364874 0.7416 0.352819 0.136693 0.000448914
1 0.885883 0.940006 0.228235 0.119988 0.000446176
0 0.370625 0.722104 0.428707 0.142963 0.00044484
0 0.325094 0.708257 0.326548 0.101994 0.00044427
0 0.377379 0.515054 0.594279 0.511773 0.000439273
0 0.352957 0.416665 0.592169 0.373734 0.000428132
0 0.427837 0.763194 0.360777 0.133919 0.000421558
0 0.666606 0.0297859 0.303056 0.0595718 0.000417431
0 0.540442 0.719345 0.292842 0.244592 0.000414908
0 0.658126 0.0817471 0.334456 0.162074 0.000413263
0 0.616261 0.715534 0.341451 0.269056 0.000411602
0 0.195803 0.783637 0.391607 0.184559 0.00040326
0 0.887872 0.134987 0.220711 0.149518 0.000402026
0 0.890103 0.976533 0.219795 0.0469338 0.000397998
0 0.643274 0.039795 0.355312 0.0793038 0.000391852
0 0.886509 0.169066 0.222725 0.189019 0.00039044
0 0.621277 0.786871 0.456563 0.149336 0.000380473
2 0.283944 0.366902 0.326016 0.22204 0.000372914
0 0.158091 0.0799749 0.282856 0.156398 0.00037247
0 0.915874 0.952349 0.168251 0.0943954 0.000372211
0 0.844453 0.721957 0.306367 0.168812 0.000352969
0 0.596852 0.0457968 0.488773 0.0915936 0.000351448
0 0.656234 0.747467 0.3066 0.224774 0.000348128
0 0.609501 0.0319251 0.425183 0.0638502 0.000347205
0 0.516494 0.751491 0.34031 0.174086 0.000344954
0 0.482763 0.774662 0.442716 0.124229 0.000342813
2 0.266069 0.585166 0.265854 0.231247 0.000342647
0 0.884705 0.424531 0.225099 0.339518 0.000342206
0 0.225777 0.760879 0.433359 0.187809 0.000338217
0 0.859731 0.0465416 0.269665 0.0930833 0.000337934
0 0.158402 0.724047 0.316804 0.243488 0.000332973
2 0.238638 0.566752 0.213963 0.28247 0.000331455
0 0.30019 0.751274 0.37109 0.168444 0.000330903
0 0.535022 0.823377 0.430605 0.0605225 0.000329487
0 0.479771 0.828941 0.381006 0.0744233 0.000328628
0 0.852444 0.157671 0.295113 0.176172 0.000328096
0 0.0886002 0.946069 0.1772 0.107863 0.000326637
2 0.649677 0.84489 0.360894 0.0819916 0.000325023
2 0.655097 0.839055 0.518465 0.0746372 0.000319341
0 0.129416 0.428719 0.258832 0.338576 0.000319331
0 0.824859 0.195153 0.350282 0.238108 0.000319199
0 0.862256 0.663407 0.275348 0.242794 0.000316992
0 0.87932 0.928139 0.239526 0.142748 0.000315804
0 0.754084 0.0339043 0.347096 0.0678086 0.00031146
0 0.780694 0.377164 0.209187 0.314821 0.00031016
0 0.544887 0.0363209 0.326297 0.0726418 0.000309448
0 0.277866 0.62674 0.283909 0.147854 0.000309251
0 0.189892 0.976934 0.374867 0.0461326 0.000308847
0 0.653298 0.12087 0.367535 0.233709 0.000308161
0 0.336498 0.771001 0.366451 0.162151 0.000307272
0 0.531824 0.184364 0.568273 0.142064 0.00030589
0 0.900843 0.15288 0.193411 0.146367 0.000304905
0 0.875892 0.256268 0.244454 0.15305 0.000303897
0 0.305139 0.0579523 0.354596 0.11529 0.000303771
0 0.197664 0.210076 0.383023 0.275341 0.000302385
0 0.876171 0.375245 0.246316 0.242641 0.00030181
0 0.0994199 0.483255 0.19884 0.339338 0.000301211
0 0.324773 0.53514 0.356899 0.310328 0.000299534
0 0.836795 0.694746 0.32641 0.222574 0.000298383
0 0.439559 0.361126 0.623254 0.260104 0.000298348
0 0.789717 0.15456 0.386067 0.170434 0.000296972
0 0.716174 0.28887 0.202374 0.116469 0.000296102
0 0.176144 0.440538 0.261076 0.381122 0.000296064
0 0.527 0.924668 0.47398 0.150664 0.000295724
0 0.26628 0.684917 0.259995 0.0503274 0.000295494
0 0.649765 0.373518 0.463507 0.295586 0.000295096
0 0.179123 0.259526 0.32893 0.200141 0.000294434
0 0.455542 0.846853 0.381852 0.114738 0.000293642
0 0.182421 0.672797 0.364841 0.320352 0.000293392
0 0.284696 0.703791 0.279634 0.0747418 0.000292836
0 0.591549 0.196735 0.529026 0.110672 0.000290042
0 0.874561 0.72198 0.241856 0.149084 0.000289817
0 0.501284 0.919445 0.202852 0.156017 0.000289574
0 0.718431 0.916145 0.435288 0.167709 0.000288927
0 0.5168 0.924666 0.294066 0.147355 0.000288543
2 0.240258 0.427003 0.229301 0.371466 0.000288025
0 0.559762 0.300592 0.281704 0.142141 0.000287408
0 0.344188 0.34405 0.499473 0.220265 0.00028719
0 0.378452 0.116312 0.46838 0.229425 0.000285771
0 0.176963 0.94033 0.353926 0.11934 0.000283522
0 0.313861 0.614621 0.345467 0.177416 0.000283
0 0.442321 0.919474 0.282054 0.158648 0.00028213
0 0.575239 0.909386 0.334581 0.180362 0.000282023
0 0.125708 0.942188 0.251416 0.115624 0.000281181
0 0.152401 0.970769 0.294892 0.0584621 0.000281056
0 0.146245 0.222129 0.282357 0.274439 0.000280762
0 0.139946 0.760348 0.278379 0.188865 0.000280373
0 0.146647 0.898293 0.293293 0.203413 0.000279674
0 0.137716 0.809209 0.265778 0.174053 0.000278965
0 0.0488157 0.602738 0.0976314 0.318449 0.000278823
0 0.306047 0.214856 0.575861 0.151702 0.000278787
0 0.359654 0.0512379 0.463913 0.10239 0.000278391
0 0.405568 0.620345 0.5454 0.225798 0.000277871
0 0.410414 0.568107 0.559634 0.276892 0.000277839
0 0.245503 0.189782 0.491007 0.253288 0.000276966
0 0.65845 0.604612 0.493866 0.143827 0.000275845
0 0.261348 0.0736985 0.370666 0.146292 0.000275532
0 0.363038 0.927322 0.362921 0.144856 0.000273877
0 0.390005 0.69112 0.558281 0.120005 0.000272717
0 0.506737 0.806636 0.42389 0.0641096 0.000271946
0 0.091706 0.235385 0.177324 0.243517 0.000270775
0 0.367553 0.896547 0.345515 0.206905 0.000268993
0 0.0876887 0.672816 0.175377 0.31853 0.000268549
0 0.690465 0.0143113 0.162194 0.0286225 0.000267017
0 0.22946 0.431277 0.220623 0.396482 0.000266122
0 0.326619 0.904702 0.27532 0.190581 0.000265992
0 0.36214 0.230779 0.572868 0.114847 0.00026553
0 0.744048 0.141669 0.42537 0.203481 0.000264609
0 0.89232 0.883985 0.212886 0.231076 0.000264516
0 0.895944 0.545934 0.204468 0.167883 0.000263899
2 0.404072 0.635244 0.54337 0.207554 0.000262166
0 0.205793 0.0803778 0.270481 0.158536 0.000261933
0 0.649081 0.640047 0.51906 0.225056 0.000261808
0 0.413964 0.483979 0.599934 0.374716 0.000261664
0 0.856615 0.968256 0.286771 0.0634727 0.000260462
0 0.647785 0.162033 0.528686 0.177289 0.000260135
2 0.212433 0.580478 0.155016 0.246583 0.000257873
0 0.041817 0.672924 0.083634 0.328628 0.000257633
0 0.283315 0.565983 0.292286 0.220876 0.000256165
0 0.0577828 0.769768 0.115566 0.215737 0.000256134
0 0.103559 0.545084 0.207118 0.336063 0.000255804
0 0.905236 0.423877 0.187635 0.274749 0.0002558
0 0.794824 0.663071 0.242586 0.198565 0.000255432
0 0.325529 0.660551 0.344566 0.142437 0.000255031
0 0.710634 0.102378 0.162942 0.112383 0.000252303
0 0.19 0.909505 0.380001 0.180989 0.000251521
0 0.486509 0.867689 0.284321 0.145529 0.000251297
0 0.987185 0.309452 0.0256296 0.237464 0.000250837
0 0.466357 0.117516 0.351747 0.233448 0.000250244
2 0.101511 0.873933 0.203023 0.252133 0.0002499
0 0.302227 0.351069 0.337368 0.201898 0.000249572
0 0.892401 0.223901 0.213612 0.184951 0.000249495
0 0.0591815 0.37862 0.118363 0.307106 0.000248349
0 0.321615 0.0883633 0.590455 0.176727 0.000248117
2 0.290572 0.407395 0.338582 0.306517 0.000248097
0 0.700301 0.0187512 0.231204 0.0370103 0.000247991
0 0.0451817 0.48038 0.0903634 0.323158 0.000247576
0 0.771318 0.214162 0.455281 0.235573 0.000246909
0 0.0603229 0.0938767 0.120646 0.187753 0.000246818
0 0.138646 0.47922 0.277292 0.356752 0.000246758
0 0.287817 0.1087 0.46675 0.212474 0.000246695
0 0.844039 0.599327 0.311922 0.243029 0.000246673
0 0.103158 0.0818946 0.198774 0.160759 0.000246396
0 0.402196 0.953804 0.405383 0.0921501 0.000244556
0 0.879085 0.553799 0.235315 0.278357 0.000244551
2 0.22827 0.516989 0.204081 0.332682 0.000243406
0 0.109992 0.372654 0.217173 0.256464 0.000243349
0 0.514774 0.897753 0.224574 0.188795 0.000242756
0 0.616345 0.0749453 0.4598 0.148072 0.000242716
0 0.66428 0.837173 0.3335 0.102449 0.000242283
0 0.277804 0.899837 0.252427 0.200326 0.000241862
0 0.706201 0.967575 0.420137 0.0646027 0.000241287
0 0.249178 0.703503 0.317407 0.0934181 0.00024076
0 0.651369 0.573616 0.477191 0.114299 0.000239994
0 0.852732 0.498507 0.194167 0.227249 0.000239972
0 0.254111 0.816113 0.326076 0.207638 0.000239677
2 0.0898085 0.813195 0.176687 0.17686 0.000239525
0 0.174419 0.0471126 0.308731 0.0936386 0.000239248
2 0.0952374 0.165908 0.187557 0.298072 0.000239166
0 0.970053 0.0348801 0.059894 0.0697603 0.000238499
0 0.74125 0.756777 0.301288 0.209305 0.000238414
