1 0.515219 0.483806 0.648648 0.772199 0.94496
0 0.417156 0.171539 0.286812 0.186718 0.00326497
1 0.542658 0.926622 0.767248 0.145824 0.0022017
1 0.404914 0.488555 0.39727 0.769185 0.00196366
1 0.568411 0.954025 0.723096 0.0906958 0.00186966
1 0.405998 0.719619 0.637204 0.421514 0.00175666
1 0.370245 0.906453 0.729104 0.186491 0.00168959
1 0.564834 0.899825 0.776543 0.20035 0.00157971
1 0.439274 0.702517 0.542938 0.338744 0.00141109
0 0.503934 0.31263 0.560532 0.493231 0.00138679
1 0.485419 0.962297 0.792515 0.0745831 0.00131247
2 0.512052 0.208244 0.719366 0.295828 0.00130042
2 0.512563 0.144051 0.842544 0.266862 0.00129847
1 0.355877 0.767611 0.711754 0.441737 0.00127191
2 0.562003 0.249582 0.732374 0.375191 0.0012154
1 0.542765 0.270098 0.635858 0.403566 0.00120251
1 0.339181 0.958183 0.666302 0.0825882 0.00118347
1 0.348183 0.872766 0.691715 0.250987 0.0011718
0 0.871396 0.963628 0.257207 0.0723606 0.00116964
1 0.919852 0.79645 0.153841 0.404375 0.00112569
1 0.904163 0.852305 0.189175 0.293665 0.00112342
1 0.282295 0.944463 0.562112 0.110332 0.00112273
1 0.841237 0.957324 0.317473 0.0852981 0.00108678
2 0.478095 0.032528 0.848885 0.065056 0.00107299
0 0.851909 0.951389 0.296182 0.0971743 0.00107257
1 0.597782 0.843677 0.804436 0.310754 0.00104947
2 0.421477 0.209052 0.842954 0.389751 0.00104039
1 0.40512 0.803666 0.657596 0.298198 0.00103968
1 0.597809 0.746416 0.804382 0.507167 0.00102673
1 0.715452 0.812045 0.567871 0.372686 0.00102288
1 0.474098 0.65058 0.562602 0.423379 0.00101191
1 0.414346 0.263221 0.828692 0.407015 0.00100126
1 0.47505 0.498159 0.919574 0.843312 0.000991762
1 0.437963 0.319417 0.718554 0.520244 0.00098577
1 0.970086 0.748249 0.0598291 0.45659 0.000981397
1 0.0709653 0.388268 0.141931 0.476353 0.000960595
1 0.734124 0.86018 0.528322 0.279285 0.000946181
0 0.683394 0.315033 0.494713 0.501776 0.000944855
0 0.254319 0.562656 0.508639 0.50289 0.000944854
1 0.225657 0.927446 0.451314 0.145108 0.00093992
1 0.518015 0.682445 0.645445 0.540618 0.000938716
0 0.290474 0.496709 0.580948 0.483362 0.000925742
1 0.887715 0.884808 0.22457 0.230385 0.000924868
2 0.635287 0.288971 0.52108 0.434225 0.000924451
1 0.778723 0.75437 0.442553 0.491259 0.000924231
1 0.846251 0.908863 0.305735 0.182274 0.000923543
1 0.746616 0.953367 0.502765 0.0925823 0.000919448
1 0.0898413 0.341507 0.179683 0.486488 0.00091512
1 0.570995 0.83336 0.7954 0.199222 0.000913253
1 0.155062 0.867115 0.310125 0.26485 0.000909255
1 0.967174 0.856816 0.0656519 0.283816 0.000900872
1 0.120432 0.23903 0.240863 0.474878 0.000898645
0 0.965626 0.41695 0.0681752 0.530541 0.000894882
1 0.180359 0.795613 0.360718 0.404213 0.000891194
0 0.312438 0.327891 0.624877 0.49809 0.000888397
1 0.448246 0.790338 0.54402 0.150539 0.000885723
1 0.0621847 0.775019 0.124369 0.449962 0.000876134
0 0.292919 0.657784 0.585837 0.505256 0.000873737
1 0.338652 0.686175 0.677304 0.508651 0.000872275
1 0.330342 0.424955 0.660685 0.452723 0.000868109
1 0.0881943 0.510689 0.176389 0.466046 0.000866975
1 0.157916 0.939795 0.315833 0.120411 0.000863269
0 0.241785 0.254931 0.483569 0.498042 0.000861609
0 0.453783 0.650749 0.499268 0.449324 0.00086066
0 0.97008 0.502085 0.0598389 0.578873 0.000857862
1 0.154455 0.3253 0.308911 0.456584 0.000854107
0 0.632147 0.270515 0.696628 0.438522 0.000853229
1 0.718946 0.935504 0.559608 0.128827 0.000850849
1 0.159442 0.484556 0.318885 0.424362 0.000848975
1 0.0767602 0.73909 0.15352 0.474897 0.000845967
1 0.340344 0.517629 0.27627 0.705376 0.00082134
1 0.545016 0.821976 0.732352 0.08044 0.000815938
0 0.453894 0.515121 0.48497 0.714229 0.000813214
1 0.108357 0.564372 0.216715 0.474031 0.000812849
1 0.375046 0.204212 0.750091 0.405101 0.0008068
1 0.11328 0.133082 0.22656 0.266163 0.000803224
0 0.970316 0.640338 0.0593676 0.466045 0.000798062
1 0.146197 0.17657 0.292394 0.348617 0.000793313
1 0.603014 0.661003 0.730941 0.657096 0.000792856
1 0.156659 0.692198 0.313222 0.475544 0.000791788
1 0.155238 0.606777 0.310476 0.439247 0.00078881
1 0.105963 0.660498 0.211925 0.497519 0.000785557
0 0.567938 0.0480849 0.389696 0.0955222 0.000783462
1 0.168558 0.956181 0.337117 0.0873749 0.000781544
1 0.463886 0.825491 0.551032 0.0794626 0.000777643
0 0.177038 0.171584 0.354076 0.338668 0.000775154
0 0.339921 0.561606 0.265799 0.641796 0.000768765
2 0.0979638 0.0964279 0.195928 0.192856 0.000766749
0 0.712914 0.378614 0.391647 0.626839 0.000764146
1 0.131899 0.919977 0.263799 0.154508 0.000751445
1 0.348312 0.543195 0.659292 0.652268 0.000732828
2 0.469459 0.647922 0.526668 0.428719 0.000721005
0 0.788409 0.0505669 0.423181 0.100836 0.000709117
1 0.121038 0.0909944 0.240762 0.181851 0.000706735
1 0.921896 0.69221 0.15316 0.577245 0.00069841
0 0.15479 0.137163 0.30958 0.274137 0.000691839
0 0.965666 0.249244 0.0682305 0.443852 0.0006889
2 0.126157 0.0509209 0.252314 0.0988137 0.000681024
2 0.612611 0.0351002 0.774778 0.0695886 0.000661091
0 0.786928 0.277123 0.424285 0.539899 0.00065949
2 0.683321 0.0427755 0.633358 0.0852339 0.000654939
1 0.859332 0.710527 0.279057 0.567616 0.000648586
0 0.960502 0.195613 0.0789961 0.386492 0.000644965
0 0.679681 0.114575 0.635775 0.22915 0.000642933
0 0.869176 0.310521 0.255729 0.569051 0.000638644
0 0.776789 0.101948 0.446421 0.203769 0.00063574
0 0.672238 0.210792 0.650712 0.419791 0.000632863
0 0.978376 0.62374 0.0430672 0.30654 0.000630762
0 0.268591 0.154955 0.537182 0.308609 0.000623114
0 0.877921 0.115576 0.24328 0.231152 0.000614356
0 0.971472 0.774797 0.0569591 0.30219 0.000605452
0 0.863425 0.0730527 0.272052 0.143452 0.000604019
0 0.921336 0.46551 0.146462 0.738426 0.000603724
1 0.161886 0.0441106 0.323771 0.088099 0.000593147
0 0.932975 0.150304 0.13405 0.300609 0.000592646
0 0.763877 0.162944 0.472247 0.325114 0.000592321
1 0.907831 0.545455 0.180731 0.708133 0.00059135
1 0.418731 0.0482636 0.837461 0.0965273 0.000577738
0 0.900424 0.349573 0.190187 0.579919 0.000576714
0 0.228902 0.115185 0.457804 0.23037 0.000569642
2 0.195945 0.0433837 0.39189 0.0867673 0.000553004
0 0.788898 0.462424 0.345775 0.751137 0.000545371
1 0.814654 0.581326 0.356169 0.737715 0.000540703
0 0.279341 0.0476469 0.557304 0.0952938 0.000535484
0 0.459012 0.162316 0.325475 0.176884 0.000508813
0 0.875012 0.940622 0.249975 0.116144 0.000506926
0 0.977551 0.682103 0.0448526 0.338146 0.000490999
0 0.958334 0.407675 0.0833163 0.269075 0.000484601
1 0.763766 0.518914 0.44899 0.827371 0.000480119
0 0.521124 0.151965 0.437422 0.158424 0.000478634
0 0.787218 0.95097 0.420907 0.0980598 0.000477895
0 0.783545 0.950937 0.296392 0.0973262 0.000470354
0 0.706922 0.488424 0.518377 0.807104 0.000468789
0 0.514802 0.404708 0.592482 0.671902 0.000451741
2 0.886922 0.954926 0.226157 0.0890274 0.000430688
0 0.972822 0.828362 0.0541635 0.334294 0.000425179
0 0.422749 0.779589 0.399729 0.161781 0.000407714
0 0.362391 0.63967 0.275309 0.284104 0.0003962
1 0.539828 0.355622 0.643663 0.575397 0.000394506
0 0.975901 0.564385 0.0480611 0.312986 0.000374256
0 0.976529 0.150261 0.0466079 0.280505 0.000372379
0 0.618151 0.742495 0.524039 0.224945 0.000370178
1 0.358211 0.0888723 0.449272 0.168164 0.000368602
0 0.421892 0.343663 0.221924 0.369551 0.000360154
0 0.417769 0.618194 0.375174 0.195824 0.000343749
0 0.430536 0.411812 0.231889 0.358543 0.000343114
0 0.541412 0.774799 0.452339 0.162168 0.000335781
0 0.798844 0.933517 0.252848 0.132965 0.000333754
0 0.405429 0.578618 0.329445 0.156574 0.0003329
0 0.548333 0.801438 0.595908 0.0986374 0.000332359
0 0.44843 0.49039 0.245371 0.247012 0.000331937
2 0.398709 0.329937 0.19819 0.317731 0.00033066
2 0.438398 0.556709 0.220365 0.167306 0.000329053
0 0.634746 0.717869 0.424768 0.264257 0.000328717
2 0.564529 0.519327 0.289315 0.191158 0.000327439
0 0.152011 0.623576 0.304022 0.252282 0.00032571
0 0.373602 0.596385 0.300741 0.244188 0.000324534
0 0.101376 0.0961748 0.202287 0.189956 0.000323179
0 0.347143 0.742914 0.268349 0.237104 0.000319987
2 0.19003 0.0961968 0.38006 0.190968 0.000319729
0 0.650322 0.115076 0.24434 0.0889471 0.000319243
0 0.458483 0.789909 0.417851 0.13221 0.000315444
0 0.391795 0.202515 0.248199 0.234945 0.000311391
0 0.633769 0.0759236 0.37046 0.151847 0.000310426
0 0.396927 0.381276 0.174874 0.356189 0.000309834
0 0.381377 0.340587 0.186299 0.281673 0.00030914
0 0.936695 0.958969 0.12661 0.0820624 0.000309031
0 0.262664 0.573712 0.188204 0.306173 0.000308511
2 0.569888 0.533833 0.226435 0.190642 0.000307086
0 0.397618 0.891252 0.281785 0.115367 0.000303788
0 0.388832 0.750653 0.339927 0.210331 0.000303194
2 0.296218 0.691581 0.143944 0.348065 0.000302753
0 0.680951 0.679108 0.321657 0.32453 0.000302138
0 0.377098 0.550053 0.269514 0.275624 0.000300595
0 0.110217 0.936699 0.220435 0.126602 0.000300502
0 0.404961 0.559173 0.274803 0.182473 0.000298963
2 0.450872 0.594619 0.418869 0.144139 0.000298593
0 0.26339 0.693292 0.172282 0.339224 0.00029845
0 0.362999 0.775536 0.347573 0.167679 0.000298188
0 0.178314 0.592426 0.348777 0.270237 0.000296802
0 0.640895 0.137145 0.265068 0.129054 0.000294425
2 0.0938649 0.936772 0.18773 0.126456 0.000294341
2 0.557088 0.500402 0.352608 0.174659 0.000293163
0 0.860363 0.901502 0.279273 0.196995 0.000291455
0 0.717484 0.948069 0.565031 0.103861 0.000290606
0 0.243459 0.436287 0.207742 0.22954 0.000290063
2 0.587782 0.493034 0.306698 0.143172 0.000289461
0 0.225471 0.576851 0.26027 0.29329 0.000288032
0 0.209516 0.517906 0.242725 0.289247 0.00028783
0 0.654085 0.181939 0.261784 0.216495 0.000287232
0 0.710528 0.712355 0.344231 0.273978 0.000287005
0 0.586165 0.774758 0.625009 0.148209 0.000286136
2 0.607618 0.55557 0.353013 0.26363 0.000284631
0 0.41132 0.853391 0.383722 0.0519165 0.000283436
2 0.42837 0.672352 0.408096 0.254081 0.000281622
0 0.287056 0.426197 0.220841 0.306621 0.00028127
0 0.346695 0.223166 0.166773 0.311623 0.000279498
0 0.207597 0.48012 0.207902 0.248534 0.000279249
0 0.131042 0.948559 0.262084 0.102882 0.000279107
0 0.328849 0.653022 0.210895 0.316922 0.000278608
0 0.256176 0.523956 0.204792 0.317858 0.000278219
0 0.918797 0.159162 0.162407 0.210609 0.000278089
0 0.96415 0.459404 0.0715766 0.301819 0.000278066
0 0.365023 0.276606 0.187271 0.304805 0.000276578
0 0.302018 0.707549 0.176859 0.303689 0.000276126
2 0.454962 0.643273 0.477622 0.183147 0.000275785
0 0.733118 0.765132 0.357828 0.200519 0.0002746
0 0.340328 0.872714 0.454063 0.175346 0.000274155
0 0.170842 0.736262 0.341684 0.282036 0.00027351
0 0.155997 0.505687 0.301219 0.247305 0.00027122
0 0.0230543 0.940624 0.0460749 0.11625 0.000270727
0 0.484245 0.0475416 0.42948 0.0948854 0.000270056
0 0.62576 0.790228 0.463699 0.135347 0.000269522
2 0.323408 0.717257 0.204441 0.295679 0.000269439
0 0.324953 0.240131 0.146099 0.28315 0.000268662
0 0.880318 0.860036 0.239364 0.272129 0.000268446
0 0.277886 0.773534 0.280313 0.159562 0.000268059
0 0.219174 0.770782 0.296908 0.238832 0.00026767
0 0.965782 0.360841 0.068436 0.320683 0.000267534
0 0.398812 0.853696 0.428169 0.0794918 0.000267313
0 0.330655 0.362139 0.187407 0.323929 0.000266837
0 0.901943 0.162802 0.191628 0.153699 0.000266306
2 0.564283 0.469395 0.409983 0.136299 0.000265677
0 0.291951 0.498579 0.215496 0.308291 0.000265401
0 0.332922 0.128793 0.420141 0.141024 0.000265243
0 0.275947 0.877847 0.469421 0.193014 0.000263944
0 0.740115 0.931707 0.510604 0.1344 0.0002639
0 0.2156 0.72651 0.265001 0.298708 0.000263267
2 0.612114 0.518786 0.423888 0.171793 0.000262954
0 0.339481 0.594253 0.230559 0.304935 0.000262621
0 0.384235 0.0763063 0.473034 0.150703 0.000262273
0 0.229582 0.599398 0.202581 0.311688 0.000262062
0 0.939119 0.430129 0.121762 0.239524 0.000261774
2 0.187354 0.897612 0.374707 0.204776 0.000261746
0 0.293648 0.209811 0.386673 0.208658 0.00026124
0 0.668628 0.760691 0.391072 0.1656 0.000261035
2 0.829834 0.36831 0.314797 0.337649 0.000259683
0 0.518666 0.500018 0.405176 0.230307 0.000258452
2 0.839073 0.413168 0.289222 0.296125 0.000257921
0 0.235969 0.260309 0.336742 0.332313 0.000257787
0 0.209314 0.80072 0.336039 0.193431 0.000257473
1 0.972572 0.884031 0.0544918 0.231938 0.000257396
0 0.718334 0.567797 0.179092 0.376454 0.000257292
0 0.263467 0.744321 0.246594 0.221191 0.000256784
0 0.45843 0.524092 0.216161 0.242974 0.000256572
0 0.516017 0.409598 0.432541 0.376071 0.000256546
0 0.294296 0.562617 0.176759 0.308485 0.000256173
0 0.32685 0.157865 0.417917 0.152865 0.000255807
0 0.639993 0.655811 0.192241 0.370151 0.000255513
0 0.681252 0.482009 0.446481 0.285915 0.000255284
0 0.942792 0.38751 0.114416 0.241216 0.000255255
0 0.787751 0.574262 0.307514 0.345194 0.000255046
0 0.294979 0.654476 0.138049 0.320406 0.000254348
0 0.187241 0.263164 0.374481 0.274964 0.000254111
0 0.0287854 0.602939 0.0575708 0.294184 0.000253738
0 0.0317095 0.393584 0.0634191 0.257337 0.000253718
2 0.0615417 0.884192 0.123083 0.231615 0.000253713
0 0.597568 0.829105 0.522125 0.0761851 0.00025369
2 0.571979 0.55868 0.195799 0.195736 0.000251695
0 0.0736187 0.920155 0.147237 0.15969 0.00025166
0 0.550697 0.116219 0.476931 0.0848521 0.000251648
2 0.291822 0.540808 0.176773 0.32324 0.000250889
0 0.864718 0.44289 0.270563 0.231593 0.000250558
0 0.0971794 0.615727 0.194359 0.247108 0.000250431
0 0.355767 0.912604 0.332382 0.174792 0.000250272
0 0.325002 0.0926561 0.436096 0.173779 0.000250225
0 0.825333 0.207922 0.32605 0.287296 0.000250217
0 0.643306 0.540579 0.240582 0.385876 0.000249661
0 0.903015 0.477805 0.190812 0.197876 0.000249242
0 0.1493 0.678703 0.2986 0.226504 0.000248636
0 0.380663 0.233885 0.226074 0.325917 0.000248371
0 0.0309247 0.682701 0.0618494 0.300845 0.00024821
0 0.975714 0.223817 0.0480754 0.315333 0.000247761
0 0.841901 0.8665 0.316198 0.266999 0.000247154
0 0.391227 0.297491 0.204497 0.310605 0.000247096
2 0.0263705 0.858982 0.052741 0.273576 0.000247049
0 0.731879 0.793001 0.39847 0.204963 0.000246676
0 0.754236 0.214337 0.321193 0.303743 0.000246065
0 0.688842 0.637296 0.195929 0.384038 0.000245458
2 0.88606 0.932843 0.22788 0.133576 0.000245303
0 0.654721 0.13627 0.295536 0.209931 0.000245292
0 0.906746 0.440789 0.184559 0.226695 0.000245292
0 0.58032 0.826452 0.635421 0.0627315 0.000245206
0 0.0204426 0.918909 0.0408852 0.160967 0.000244642
0 0.236531 0.297923 0.278817 0.338385 0.000244508
0 0.906919 0.643484 0.184025 0.201479 0.000243654
2 0.125946 0.89604 0.251891 0.20792 0.000243308
0 0.160691 0.802533 0.321381 0.219862 0.00024318
0 0.233219 0.242216 0.407316 0.267549 0.000243177
0 0.0402337 0.239757 0.0804674 0.259955 0.000241827
0 0.511454 0.331808 0.42711 0.370944 0.000241714
0 0.599794 0.68525 0.244954 0.319955 0.000241569
0 0.628243 0.0583727 0.437561 0.116686 0.000240906
0 0.692292 0.563061 0.146755 0.398745 0.0002409
0 0.974288 0.105945 0.0511716 0.211891 0.000240819
0 0.956999 0.606936 0.0860006 0.257256 0.000240767
0 0.310516 0.903931 0.351825 0.192138 0.000240423
1 0.62342 0.92127 0.448135 0.155493 0.000240197
0 0.629385 0.495848 0.532453 0.16855 0.000240037
0 0.0243964 0.555897 0.0487928 0.296042 0.000239335
