0 0.32751 0.605216 0.234152 0.401887 0.908048
0 0.0136328 0.37444 0.0272655 0.0801438 0.203518
0 0.0105273 0.607599 0.0210546 0.072069 0.0566941
0 0.0124366 0.395983 0.0246696 0.137271 0.0136156
0 0.695978 0.778975 0.0391562 0.0626355 0.00610087
0 0.69818 0.785548 0.0310116 0.0467388 0.00593549
0 0.0111246 0.499524 0.0222491 0.309891 0.00545323
0 0.00937238 0.61701 0.0187448 0.100697 0.00429649
0 0.618517 0.374106 0.0206113 0.0324018 0.0036608
0 0.992398 0.662078 0.0152048 0.17029 0.00300162
0 0.0124262 0.0547639 0.023828 0.0548946 0.00270705
0 0.0259147 0.366642 0.0518293 0.104021 0.0023131
0 0.767184 0.0373246 0.0592459 0.0671614 0.00215395
0 0.210425 0.346567 0.0844395 0.065427 0.00211986
0 0.988524 0.388983 0.0229528 0.201734 0.00199572
0 0.991171 0.388994 0.017658 0.136306 0.00182752
0 0.0130034 0.314929 0.0260069 0.257151 0.00169199
0 0.989393 0.404697 0.0212135 0.145525 0.00168318
2 0.0877612 0.235462 0.175522 0.470924 0.00162722
0 0.987906 0.656847 0.0241875 0.251764 0.00162305
0 0.0109798 0.623278 0.021814 0.126134 0.00154327
0 0.48425 0.902918 0.0361464 0.06198 0.00145927
0 0.983841 0.360355 0.032222 0.356663 0.00139365
0 0.42861 0.289237 0.0259039 0.0505228 0.0013882
0 0.69469 0.76505 0.0414778 0.0952204 0.00138716
0 0.0128528 0.462669 0.0257056 0.391619 0.00134313
0 0.0264455 0.45984 0.0527984 0.54044 0.0012722
2 0.0731796 0.360277 0.146309 0.596841 0.00125618
1 0.0986999 0.177451 0.1974 0.354901 0.00124007
0 0.981123 0.605647 0.0375492 0.400758 0.00123305
0 0.0105161 0.431803 0.0207621 0.244241 0.00122201
0 0.318824 0.473054 0.0889582 0.115525 0.00122086
2 0.0778336 0.701062 0.155667 0.423567 0.00122061
0 0.0603366 0.57152 0.120673 0.60295 0.00119381
0 0.0688218 0.42733 0.137333 0.667305 0.00118049
2 0.04023 0.648107 0.08046 0.512206 0.0011749
2 0.0314295 0.581211 0.0628102 0.571074 0.00115962
0 0.0263967 0.303202 0.0516528 0.536873 0.00114793
2 0.0859243 0.759796 0.171849 0.392013 0.00113861
0 0.300587 0.476894 0.0506134 0.069011 0.00111405
2 0.0686234 0.622555 0.137247 0.588114 0.0010819
0 0.315988 0.554873 0.216188 0.302348 0.00106333
0 0.433688 0.603214 0.382064 0.420054 0.00106297
1 0.307449 0.899265 0.507723 0.201469 0.00105642
1 0.317461 0.444738 0.303766 0.705788 0.00105113
1 0.0543616 0.24179 0.108723 0.48358 0.00104835
2 0.0347181 0.272004 0.0687228 0.516473 0.001045
0 0.0117326 0.695357 0.0234651 0.274432 0.00101702
2 0.676915 0.726826 0.435662 0.287811 0.00100071
2 0.618709 0.540269 0.604184 0.665075 0.00100071
0 0.987256 0.621066 0.0254872 0.340467 0.00100064
1 0.245811 0.158972 0.458553 0.317943 0.000998232
1 0.0705565 0.161993 0.141113 0.323986 0.000986155
1 0.135399 0.891545 0.270798 0.216911 0.000976173
0 0.302679 0.477733 0.0550197 0.0914486 0.000976139
0 0.0110107 0.582516 0.0220214 0.133184 0.000973613
2 0.663959 0.646093 0.425214 0.418461 0.000973139
1 0.278671 0.339528 0.398144 0.640556 0.000966792
0 0.432118 0.288566 0.0228955 0.0433776 0.000959114
1 0.652121 0.925245 0.442332 0.14951 0.000951032
1 0.102143 0.909925 0.204285 0.18015 0.000948558
0 0.328497 0.896424 0.421105 0.207152 0.000946113
0 0.154624 0.966462 0.305543 0.0670765 0.000944879
0 0.0282176 0.597209 0.0564352 0.111323 0.000941542
0 0.323164 0.494268 0.245262 0.673124 0.000937834
1 0.217752 0.890313 0.426208 0.219375 0.00093505
0 0.718702 0.92967 0.530751 0.14066 0.000930101
1 0.742761 0.738397 0.514478 0.460095 0.000916933
2 0.0592722 0.730923 0.117972 0.447371 0.000913173
0 0.740541 0.175629 0.517667 0.351258 0.000913067
1 0.751443 0.816594 0.495724 0.288258 0.000904525
0 0.991312 0.601426 0.0172257 0.304163 0.000885318
1 0.256612 0.236365 0.441181 0.47273 0.000872901
0 0.82816 0.181064 0.341276 0.362128 0.000861283
2 0.603814 0.45181 0.688237 0.758969 0.000859363
2 0.604271 0.922848 0.40446 0.154305 0.000853144
0 0.907178 0.210391 0.0299115 0.056647 0.000848464
1 0.125619 0.79275 0.250239 0.386597 0.000845649
0 0.0142854 0.0541341 0.0253641 0.038325 0.00084328
0 0.0144185 0.363643 0.028837 0.134903 0.000841705
1 0.734245 0.592024 0.53151 0.76125 0.000838842
1 0.749902 0.93214 0.470925 0.13572 0.000835587
1 0.731166 0.292596 0.537669 0.534712 0.000832353
2 0.111164 0.378684 0.222327 0.612125 0.000831508
0 0.10717 0.563998 0.213416 0.547538 0.000827303
1 0.912193 0.705749 0.174356 0.495797 0.000826458
0 0.777469 0.965274 0.411576 0.0694521 0.000825938
0 0.708424 0.594089 0.5427 0.396698 0.000817424
1 0.75555 0.865723 0.468643 0.194265 0.00081302
0 0.464237 0.520004 0.395892 0.596842 0.000810725
1 0.770891 0.668469 0.454203 0.566647 0.000804109
2 0.38917 0.970666 0.41786 0.0586677 0.00080154
0 0.391231 0.706282 0.362337 0.587435 0.000796643
1 0.251 0.0367625 0.494391 0.073525 0.000793916
1 0.762852 0.479186 0.470665 0.956885 0.000791517
0 0.51157 0.449181 0.0192154 0.0325819 0.000787689
1 0.124465 0.041565 0.24893 0.0831301 0.000787437
1 0.22119 0.479851 0.407296 0.667649 0.000787075
0 0.656528 0.962744 0.405161 0.0745121 0.000785817
2 0.680264 0.792199 0.425826 0.239328 0.00078289
2 0.576073 0.562274 0.405829 0.588484 0.000782023
0 0.258832 0.970392 0.424892 0.059216 0.000780033
1 0.674912 0.849122 0.440889 0.301756 0.000778236
2 0.6049 0.725586 0.39662 0.35775 0.000776674
0 0.766141 0.297775 0.464517 0.566552 0.000776052
1 0.0807942 0.8875 0.161588 0.225 0.000774939
0 0.718647 0.682349 0.556621 0.466234 0.000774805
2 0.348065 0.437001 0.331634 0.745367 0.000772694
0 0.0952914 0.956669 0.190583 0.0866616 0.000767318
0 0.674233 0.572024 0.613258 0.601076 0.000767014
1 0.689714 0.22827 0.592511 0.444551 0.000765458
2 0.31006 0.972026 0.429594 0.0559473 0.000763125
0 0.11956 0.760939 0.10403 0.0804734 0.000760519
0 0.0297548 0.346018 0.0595096 0.169031 0.000759872
1 0.933016 0.651311 0.132336 0.492785 0.00075751
0 0.558056 0.952649 0.411741 0.0947011 0.000753472
0 0.823849 0.123986 0.350284 0.247971 0.000752435
2 0.430832 0.894688 0.478492 0.210624 0.000751147
1 0.615008 0.835826 0.404172 0.328348 0.000750779
0 0.964541 0.372839 0.0700157 0.625388 0.000749123
0 0.494954 0.955785 0.449395 0.0884306 0.000748891
2 0.463606 0.498012 0.457075 0.707233 0.000742877
0 0.369741 0.486091 0.334908 0.725928 0.000742007
2 0.610829 0.792706 0.386066 0.298325 0.000740593
2 0.436829 0.964748 0.435106 0.0705034 0.000732796
2 0.363646 0.375354 0.478848 0.747083 0.000732584
2 0.10349 0.284113 0.20698 0.518967 0.000732144
1 0.0953709 0.0500796 0.190742 0.100159 0.000731252
1 0.722328 0.854995 0.513829 0.259555 0.000730496
1 0.102006 0.675086 0.200843 0.444081 0.000728087
1 0.857556 0.0883435 0.284888 0.176687 0.00072418
2 0.594468 0.646545 0.367673 0.43548 0.000724005
0 0.329802 0.701987 0.248596 0.596026 0.000723398
1 0.194495 0.393763 0.357773 0.624032 0.000718617
1 0.92162 0.233081 0.156376 0.466162 0.000715387
1 0.261045 0.798485 0.470404 0.40303 0.000713799
0 0.00938013 0.66145 0.0185198 0.213602 0.000712376
0 0.942503 0.709171 0.0225662 0.0387014 0.000706154
2 0.167244 0.233793 0.32234 0.467586 0.000704028
2 0.294289 0.224535 0.440661 0.449069 0.000698347
2 0.466423 0.36736 0.613432 0.733031 0.000696917
0 0.777058 0.0367096 0.0753983 0.0721257 0.000687045
2 0.271474 0.414558 0.410906 0.624119 0.00068695
1 0.695484 0.15191 0.582652 0.303819 0.000685226
0 0.959465 0.535161 0.0804791 0.605292 0.000679343
1 0.968027 0.715628 0.0634312 0.471904 0.000667527
0 0.971273 0.648928 0.0571323 0.470671 0.00066385
1 0.87039 0.157008 0.258959 0.314016 0.000659529
1 0.46759 0.667433 0.48503 0.418958 0.000653069
0 0.8231 0.958286 0.353799 0.0834271 0.00065021
1 0.864912 0.783615 0.269685 0.382368 0.000648151
2 0.538741 0.918928 0.481532 0.162144 0.00064501
1 0.436684 0.12832 0.686037 0.25664 0.000642167
1 0.170325 0.297338 0.310263 0.552004 0.000641636
0 0.985238 0.688616 0.0295135 0.284606 0.000640488
1 0.556816 0.69382 0.381364 0.39668 0.000636599
2 0.606177 0.32878 0.735353 0.656154 0.000636137
1 0.635788 0.274508 0.704387 0.541993 0.000635516
1 0.93723 0.491238 0.12446 0.817672 0.000634152
0 0.901788 0.204885 0.0221466 0.0368906 0.000632033
0 0.230243 0.921979 0.0291176 0.0431887 0.000630164
1 0.544715 0.582278 0.32605 0.493257 0.000624883
1 0.692169 0.464922 0.593137 0.625072 0.00061429
1 0.459997 0.217627 0.649722 0.435254 0.000609174
2 0.490385 0.907192 0.517131 0.185616 0.000606753
0 0.879888 0.293726 0.239792 0.554344 0.000603478
0 0.419074 0.285602 0.0481488 0.0571992 0.00060033
0 0.5618 0.885631 0.0737387 0.0673738 0.000599811
0 0.0439976 0.334216 0.0858572 0.180247 0.000599768
1 0.707548 0.0492215 0.573218 0.0984429 0.000588713
0 0.927585 0.439786 0.14447 0.851506 0.00058486
0 0.642628 0.173298 0.690319 0.346596 0.000584799
1 0.475069 0.0466931 0.67072 0.0933861 0.000574381
1 0.313057 0.110851 0.51072 0.221702 0.00057402
1 0.867158 0.951432 0.265683 0.0971351 0.000573408
0 0.990704 0.337796 0.018436 0.255055 0.000571292
0 0.48626 0.181504 0.635245 0.363008 0.000571184
0 0.112054 0.591813 0.0279759 0.0382656 0.000568445
0 0.234862 0.618715 0.352249 0.414303 0.000567718
0 0.336005 0.730013 0.488029 0.539973 0.000567679
0 0.936241 0.71413 0.0321775 0.0473148 0.000567629
1 0.895762 0.920649 0.208476 0.158701 0.000565691
1 0.609639 0.186261 0.726418 0.372522 0.000565256
1 0.555283 0.779576 0.436036 0.363685 0.000563253
0 0.552885 0.639688 0.342412 0.426316 0.00056308
1 0.826599 0.0687459 0.346803 0.137492 0.000560092
1 0.857118 0.920594 0.285247 0.14772 0.00055892
1 0.914019 0.881058 0.171963 0.22981 0.00055376
1 0.391748 0.0396614 0.617598 0.0793227 0.000539868
1 0.94657 0.793323 0.106221 0.367678 0.000538464
0 0.718733 0.251026 0.0255144 0.0433459 0.000537924
2 0.501674 0.763043 0.548093 0.473915 0.000535796
1 0.555919 0.814604 0.488141 0.370791 0.000529454
1 0.581924 0.0436807 0.688778 0.0873615 0.000527838
1 0.024782 0.479166 0.0495547 0.45706 0.000521684
0 0.892976 0.533398 0.0593918 0.0724681 0.000520295
0 0.988843 0.438653 0.0223139 0.269994 0.000519034
0 0.295743 0.470246 0.0413093 0.0540944 0.00051097
0 0.132295 0.21739 0.0233198 0.0342928 0.000510155
0 0.932278 0.439039 0.0821918 0.0577516 0.000509895
1 0.258418 0.694128 0.435805 0.381594 0.000509148
1 0.736347 0.104094 0.496119 0.208188 0.000502481
0 0.974951 0.572241 0.0500973 0.437075 0.00049358
2 0.37423 0.251639 0.575963 0.503278 0.000491685
0 0.94385 0.436413 0.0510784 0.0489188 0.00048774
1 0.801327 0.0427731 0.127638 0.0855462 0.000487484
0 0.984225 0.746041 0.031401 0.388178 0.000484994
0 0.992944 0.922909 0.0138131 0.154181 0.000480526
0 0.967855 0.94246 0.0637992 0.113207 0.000477811
0 0.0121787 0.0895208 0.0243573 0.142271 0.000473297
1 0.578444 0.123631 0.726679 0.247262 0.000472877
0 0.982207 0.154668 0.0353534 0.309336 0.000472315
0 0.448529 0.537301 0.0587265 0.0636061 0.000464431
0 0.0148486 0.950469 0.0289945 0.0990622 0.000461376
0 0.617976 0.372646 0.0257837 0.0376184 0.00045781
0 0.98341 0.264256 0.0331801 0.483564 0.000446166
0 0.0133467 0.0616652 0.0260218 0.0918969 0.000442415
0 0.991781 0.433743 0.0164382 0.183017 0.000436863
0 0.0525857 0.988785 0.100022 0.0224308 0.000436076
0 0.985374 0.465813 0.0290164 0.301087 0.000433478
0 0.334131 0.76411 0.147273 0.0845216 0.000431203
0 0.944099 0.951032 0.109703 0.0979355 0.000426331
1 0.932768 0.000186469 0.134463 0.000372939 0.000419618
1 0.0443064 0.0657496 0.0880712 0.126691 0.000419502
0 0.628086 0.990144 0.174042 0.0197115 0.000419303
0 0.0121782 0.731667 0.0243564 0.425433 0.000417581
0 0.981125 0.510918 0.0375118 0.353508 0.000411428
0 0.0433916 0.590115 0.0729575 0.105926 0.000404866
1 0.71276 0.00194119 0.154255 0.00388238 0.000402634
1 0.740668 0.00738901 0.134317 0.014778 0.000400575
0 0.893283 0.217953 0.0505625 0.0751954 0.000398414
0 0.987459 0.141711 0.0250813 0.283422 0.000398256
0 0.0664105 0.994342 0.11051 0.0113165 0.000396095
1 0.906794 0.000638172 0.186412 0.00127634 0.000395072
1 0.613381 0 0.158066 0 0.000391899
0 0.757253 0.568466 0.0432658 0.0480177 0.000391285
0 0.118235 0.203463 0.0556166 0.0690185 0.000390829
0 0.157283 0.991159 0.185451 0.0176815 0.000386897
0 0.0278971 0.630629 0.0551872 0.145959 0.000382751
1 0.0705677 0.0639897 0.132462 0.124609 0.000382141
0 0.894815 0.519168 0.0635632 0.0868142 0.00037863
0 0.334232 0.711661 0.143988 0.188886 0.000377597
0 0.0110298 0.292511 0.0220596 0.384462 0.000377416
0 0.343432 0.478532 0.101291 0.138351 0.000374873
0 0.539238 0.903378 0.107566 0.114491 0.000370399
1 0.87755 0.00108408 0.187456 0.00216816 0.000370237
0 0.439955 0.525309 0.0820254 0.0790854 0.000368493
0 0.910957 0.533142 0.0246037 0.0649388 0.000366591
1 0.571752 0 0.164447 0 0.000366571
0 0.0243698 0.980609 0.0487397 0.0387826 0.000365764
0 0.0999212 0.991849 0.14651 0.0163029 0.000364914
0 0.116899 0.744584 0.109577 0.162036 0.000361006
0 0.472512 0.912662 0.065822 0.092989 0.000360025
0 0.905361 0.202976 0.026202 0.040493 0.000357302
0 0.873654 0.985368 0.179448 0.0292633 0.000356746
0 0.942253 0.987084 0.114641 0.0258325 0.000356123
1 0.832148 0.089895 0.183111 0.1743 0.000352561
0 0.0136379 0.653627 0.0268155 0.2503 0.000351489
0 0.84976 0.982524 0.16923 0.0349517 0.000350607
1 0.642475 0.000355612 0.152001 0.000711223 0.000349234
0 0.0577001 0.330477 0.0818697 0.136651 0.000348964
0 0.354853 0.992399 0.14616 0.0152028 0.000348876
0 0.655114 0.985715 0.185628 0.0285709 0.000346513
0 0.607678 0.985541 0.17074 0.0289188 0.00034584
0 0.525511 0.988393 0.137695 0.0232144 0.000344865
1 0.879866 0.0885884 0.129435 0.169693 0.000342046
0 0.0322804 0.34384 0.0645607 0.318285 0.000340178
0 0.209032 0.329309 0.0880502 0.119388 0.000339662
0 0.955856 0.591942 0.0882876 0.367486 0.000339182
0 0.548141 0.893877 0.0782562 0.0992372 0.00033897
0 0.0892826 0.179703 0.052251 0.0618995 0.000338938
0 0.966978 0.327202 0.0660432 0.364598 0.000336656
1 0.956438 0.00369502 0.087123 0.00739004 0.000336544
0 0.336297 0.668532 0.141485 0.275718 0.000329619
0 0.198456 0.991637 0.131945 0.0167258 0.000325962
0 0.285722 0.994662 0.153798 0.0106761 0.00032585
1 0.844431 0.00820848 0.179724 0.016417 0.000324152
1 0.543758 0 0.163182 0 0.000323955
1 0.935229 0.0909712 0.118768 0.174794 0.000323767
1 0.0646039 0.00607366 0.128817 0.0121473 0.000322174
0 0.394821 0.268703 0.0513307 0.0526756 0.000321047
1 0.788947 0.0395219 0.101651 0.0777236 0.000319858
0 0.221211 0.993207 0.124434 0.0135851 0.00031974
1 0.0834125 0.000513854 0.160453 0.00102771 0.000319328
1 0.5155 0.000265281 0.166602 0.000530561 0.000318724
0 0.309452 0.993245 0.165649 0.0135109 0.000318619
0 0.923535 0.986202 0.15293 0.0275951 0.000317226
1 0.759576 0.0389927 0.117448 0.0779854 0.000317196
1 0.413488 0.000650778 0.173292 0.00130156 0.000315706
0 0.133888 0.287747 0.0226552 0.0374559 0.000312993
0 0.900125 0.207861 0.0469529 0.102703 0.000312992
0 0.258312 0.991118 0.145963 0.0177631 0.000312093
0 0.115196 0.182954 0.0606438 0.111081 0.000310431
0 0.485717 0.894563 0.0492916 0.106929 0.00030745
0 0.311534 0.685896 0.180207 0.240393 0.000306964
0 0.0146963 0.0606636 0.0281446 0.0568212 0.000306474
0 0.953903 0.894523 0.0914761 0.209115 0.000305376
0 0.403383 0.278093 0.0780328 0.0695659 0.000302126
0 0.507806 0.0934077 0.0390783 0.143764 0.000301593
0 0.694029 0.965976 0.0996716 0.068048 0.000300423
