1 0.438345 0.575807 0.74568 0.531336 0.955096
0 0.565579 0.133988 0.0341796 0.0237012 0.00345789
1 0.421058 0.493817 0.727563 0.378167 0.00184186
2 0.557283 0.544967 0.751504 0.58523 0.00155619
1 0.469223 0.858388 0.832316 0.279512 0.00138624
1 0.161151 0.180076 0.322301 0.338222 0.00132128
2 0.0979092 0.481432 0.195818 0.594938 0.00129625
1 0.153249 0.131507 0.306497 0.263014 0.00128807
1 0.494495 0.899384 0.788469 0.200609 0.00126535
1 0.123313 0.187477 0.246626 0.349414 0.00126327
1 0.149139 0.0755092 0.298279 0.151018 0.00126006
2 0.260382 0.418575 0.520764 0.688196 0.00124773
1 0.105785 0.230662 0.21157 0.394873 0.001245
1 0.524215 0.957039 0.643575 0.0849543 0.00123931
2 0.128508 0.422606 0.257015 0.614401 0.00118333
1 0.651331 0.571625 0.340533 0.535977 0.00117568
0 0.54686 0.560402 0.756669 0.561609 0.00113508
0 0.328534 0.501822 0.531207 0.425103 0.00113173
2 0.0614217 0.801453 0.122843 0.397093 0.00111478
1 0.198524 0.0716128 0.374728 0.143226 0.00109878
1 0.205005 0.966822 0.400769 0.0655308 0.00109267
2 0.0697295 0.74478 0.139459 0.510439 0.00108589
2 0.185112 0.487537 0.370224 0.621628 0.00107904
2 0.094554 0.591348 0.189108 0.545508 0.00105729
1 0.121543 0.0892464 0.243085 0.178493 0.00105517
1 0.160224 0.866209 0.320448 0.261072 0.0010465
1 0.19615 0.209625 0.348722 0.366624 0.00104416
1 0.343018 0.923292 0.664606 0.152945 0.00100934
2 0.101398 0.286847 0.202797 0.47585 0.00100507
2 0.969407 0.418804 0.0611868 0.386017 0.00100224
1 0.374826 0.750145 0.644257 0.38473 0.000992165
0 0.266644 0.572524 0.404494 0.516845 0.000987642
1 0.161286 0.936388 0.322572 0.122225 0.000985915
1 0.237115 0.17065 0.433099 0.332779 0.000981781
2 0.9679 0.26089 0.0642005 0.347549 0.000971444
2 0.110388 0.655017 0.220776 0.616375 0.000965654
1 0.46784 0.775917 0.832342 0.433978 0.000960168
1 0.257084 0.870437 0.462603 0.25311 0.000957063
1 0.508021 0.929293 0.72115 0.141413 0.000942013
1 0.0834007 0.855387 0.166801 0.288104 0.000928487
1 0.305773 0.154277 0.483332 0.304106 0.000919269
1 0.395451 0.422632 0.679905 0.597606 0.000913867
1 0.571983 0.572756 0.477866 0.532167 0.000910394
2 0.963708 0.192261 0.0725839 0.35295 0.000905966
1 0.349566 0.19207 0.585491 0.36662 0.000893721
1 0.22921 0.0269522 0.45842 0.053694 0.000878372
1 0.34234 0.645898 0.570021 0.429003 0.000874013
1 0.586168 0.736327 0.704324 0.475341 0.000869401
1 0.299869 0.0588559 0.454847 0.117494 0.000867099
2 0.159907 0.28504 0.319814 0.503315 0.000856517
0 0.969807 0.467634 0.0603856 0.41757 0.000855719
1 0.483978 0.144123 0.696278 0.287389 0.000853919
2 0.177807 0.550996 0.303865 0.551984 0.000846896
1 0.637143 0.832513 0.654652 0.334973 0.000844968
1 0.325751 0.0274741 0.551664 0.0549482 0.000833518
2 0.197975 0.818453 0.39595 0.350796 0.00082842
1 0.306091 0.120557 0.42624 0.241114 0.00082685
1 0.428981 0.961363 0.735684 0.0763134 0.000818327
1 0.465251 0.233892 0.720357 0.461931 0.000812347
1 0.588022 0.642827 0.65682 0.489413 0.000805677
1 0.124308 0.929113 0.248617 0.130618 0.0007991
1 0.385933 0.821135 0.701807 0.342396 0.000792995
0 0.436332 0.680479 0.762542 0.356593 0.000783179
2 0.532899 0.276361 0.788973 0.537317 0.000783078
1 0.556541 0.971182 0.70225 0.0565258 0.00077027
1 0.746279 0.572238 0.35976 0.545973 0.000763052
1 0.365043 0.666155 0.620226 0.564992 0.00076253
2 0.306016 0.744608 0.612033 0.510783 0.000761489
0 0.885353 0.264607 0.229294 0.375638 0.000759701
1 0.704371 0.866614 0.570229 0.265293 0.000756679
1 0.524607 0.0613752 0.634099 0.12275 0.000748568
1 0.744521 0.0676342 0.475391 0.135268 0.000744113
2 0.963842 0.659734 0.0723167 0.481543 0.000740243
1 0.404447 0.0607711 0.51491 0.121136 0.000735504
1 0.885884 0.884163 0.228233 0.230597 0.000732454
1 0.139289 0.030301 0.278579 0.060602 0.000726372
0 0.738584 0.200551 0.516953 0.394779 0.000722492
1 0.467377 0.0272994 0.582818 0.0545988 0.00072225
1 0.870856 0.0718905 0.253114 0.143781 0.000721972
1 0.817172 0.56826 0.227282 0.546243 0.000719726
1 0.940435 0.13945 0.11913 0.2789 0.000719058
0 0.860212 0.510559 0.279576 0.538144 0.000717926
0 0.884404 0.189332 0.231191 0.358756 0.000717342
2 0.748757 0.564367 0.382551 0.567476 0.000710327
0 0.313467 0.625218 0.508126 0.4422 0.000708504
1 0.672872 0.0270633 0.55965 0.0541267 0.000703814
1 0.66795 0.19575 0.657462 0.389276 0.000701492
1 0.515238 0.0999097 0.660661 0.199819 0.000699608
1 0.447121 0.322914 0.753051 0.641489 0.000699136
0 0.891662 0.322923 0.216675 0.373349 0.000697069
2 0.970871 0.561539 0.0582585 0.468134 0.000694988
0 0.795807 0.773018 0.396065 0.429984 0.000685665
0 0.886399 0.123217 0.218679 0.246434 0.000683175
1 0.673918 0.111065 0.57924 0.222129 0.000679908
1 0.548614 0.675251 0.527994 0.325359 0.000675372
1 0.625849 0.285713 0.686899 0.54507 0.000674463
0 0.737396 0.272921 0.490862 0.482867 0.000673756
1 0.890966 0.600743 0.2004 0.5585 0.000672176
0 0.194367 0.568499 0.262653 0.445359 0.000669088
1 0.135377 0.962671 0.270754 0.0746585 0.000665885
0 0.568923 0.134569 0.0369056 0.028407 0.000664304
2 0.477779 0.509597 0.771382 0.435814 0.000662558
1 0.396238 0.109041 0.542765 0.218081 0.000659888
2 0.960428 0.731109 0.0791437 0.448909 0.000656078
1 0.22607 0.263522 0.410532 0.488977 0.000652182
0 0.504317 0.845834 0.714288 0.301512 0.000650255
2 0.321581 0.640561 0.564561 0.650446 0.000647065
1 0.758145 0.0272008 0.48371 0.0541077 0.000623
2 0.254559 0.62479 0.405282 0.588189 0.000621666
1 0.875209 0.948494 0.249582 0.102386 0.00061708
0 0.89135 0.429919 0.217299 0.498338 0.000616105
1 0.762121 0.959841 0.475758 0.0796501 0.000613505
2 0.513557 0.829945 0.777474 0.311714 0.000613124
2 0.956544 0.827843 0.0869128 0.338791 0.00061086
1 0.829795 0.0282193 0.34041 0.055804 0.000610673
0 0.223079 0.612283 0.322251 0.490803 0.000607157
1 0.878202 0.0912403 0.243596 0.182481 0.000605294
0 0.900377 0.562691 0.185601 0.533426 0.000598549
1 0.334411 0.295191 0.573488 0.570651 0.000598147
2 0.258369 0.444426 0.423364 0.578641 0.000591215
2 0.354378 0.403007 0.660188 0.694053 0.000581252
0 0.658752 0.74701 0.309562 0.166583 0.000576095
0 0.841296 0.65163 0.300239 0.579993 0.000573197
2 0.512718 0.374769 0.821152 0.583099 0.000569356
1 0.853871 0.036005 0.292258 0.0720099 0.000559857
0 0.724505 0.355289 0.468273 0.504297 0.000539468
2 0.657066 0.48546 0.580983 0.663507 0.000535675
1 0.945808 0.867338 0.108383 0.265324 0.000530992
0 0.496641 0.749901 0.661895 0.174069 0.000530691
0 0.478152 0.752422 0.83637 0.447616 0.000496377
1 0.880077 0.929773 0.239847 0.140454 0.000487842
0 0.729961 0.73201 0.514878 0.198543 0.000481219
0 0.358524 0.740431 0.366643 0.145151 0.000475965
0 0.433037 0.748239 0.337195 0.149647 0.000472198
0 0.491279 0.765959 0.205544 0.124605 0.000425524
1 0.083404 0.955041 0.166808 0.0884075 0.000423855
0 0.518327 0.798635 0.274601 0.0722435 0.000422252
1 0.66348 0.353141 0.159776 0.080528 0.000416041
1 0.0483246 0.0878174 0.0966493 0.144682 0.000413464
0 0.674538 0.726835 0.274358 0.220112 0.00041165
0 0.511433 0.786023 0.269185 0.0894355 0.000402263
0 0.605396 0.761777 0.394787 0.139429 0.000390084
0 0.175716 0.563427 0.218024 0.258687 0.000383372
0 0.187572 0.515334 0.235179 0.301577 0.000365976
0 0.308068 0.530079 0.481061 0.316457 0.000364344
1 0.133147 0.0336112 0.208731 0.065208 0.000354657
0 0.560612 0.153937 0.0542867 0.0644992 0.000350422
1 0.0982473 0.0873318 0.196495 0.174664 0.000349511
0 0.316807 0.680438 0.359818 0.186787 0.000349429
2 0.237753 0.513953 0.317083 0.313986 0.000344498
0 0.224528 0.979933 0.256413 0.0401337 0.000344456
0 0.58044 0.116151 0.10024 0.0929497 0.000341545
1 0.682815 0.334726 0.195617 0.133544 0.000340323
0 0.297307 0.642744 0.37211 0.150571 0.000333983
1 0.672744 0.346078 0.197004 0.0846549 0.000333169
0 0.406447 0.586402 0.693127 0.507279 0.00032614
2 0.558021 0.213354 0.169957 0.247592 0.000325501
1 0.0595746 0.0864982 0.119149 0.172996 0.000325146
2 0.183918 0.668327 0.255517 0.176175 0.000321188
0 0.399191 0.763705 0.327071 0.104086 0.000320025
2 0.235857 0.584306 0.313698 0.19186 0.000319728
0 0.345241 0.737996 0.35591 0.092074 0.000318274
0 0.495106 0.789896 0.407787 0.0746537 0.000317494
0 0.578221 0.133552 0.0426232 0.0261712 0.00031613
1 0.0631223 0.930743 0.126245 0.138515 0.000314376
0 0.522591 0.754072 0.221958 0.151599 0.00030999
0 0.192116 0.640554 0.256115 0.155865 0.000309215
0 0.747778 0.708054 0.48236 0.285836 0.000306638
0 0.29973 0.577457 0.455795 0.259577 0.000306549
0 0.325984 0.758785 0.421441 0.126499 0.000303174
1 0.105949 0.0419124 0.192887 0.0817299 0.000301634
0 0.518217 0.818564 0.437657 0.0900326 0.000300431
2 0.34007 0.655015 0.399245 0.162829 0.00030031
2 0.182263 0.765628 0.36112 0.243305 0.000296324
0 0.901763 0.950417 0.196473 0.0991658 0.000296049
0 0.222165 0.69896 0.337725 0.0576721 0.000291314
0 0.491105 0.854224 0.4548 0.166771 0.000288286
2 0.191458 0.570903 0.254315 0.230879 0.000287837
0 0.306996 0.978331 0.243171 0.0433386 0.000287676
0 0.261127 0.696748 0.349979 0.0428406 0.000286645
0 0.143971 0.118883 0.125934 0.111679 0.000284562
0 0.879314 0.564763 0.221461 0.389255 0.000281367
0 0.712171 0.689774 0.323273 0.305608 0.000277896
0 0.461992 0.775074 0.391746 0.0906405 0.0002762
0 0.00185073 0.486096 0.00370145 0.229755 0.000275583
0 0.944496 0.492268 0.111009 0.319735 0.000275155
0 0.509567 0.235921 0.145602 0.273617 0.000273551
0 0.601843 0.72348 0.395967 0.2 0.000273167
0 0.071016 0.0192865 0.142032 0.0385729 0.000272862
0 0.244438 0.601425 0.33408 0.208614 0.000271407
1 0.0502793 0.910177 0.100559 0.179645 0.000271213
0 0.545481 0.0280295 0.228462 0.056059 0.000270581
2 0.000562292 0.804797 0.00112458 0.201029 0.000270259
1 0.723837 0.536792 0.163012 0.443182 0.000269999
0 0.788208 0.673003 0.311756 0.345475 0.00026965
2 0.00222755 0.657499 0.0044551 0.221628 0.00026909
2 0.136931 0.803163 0.273862 0.2978 0.000267963
1 0.647615 0.358369 0.204793 0.0897993 0.000266429
0 0.892917 0.502067 0.214167 0.334804 0.000266078
0 0.200461 0.674266 0.275807 0.0831147 0.00026536
2 0.508467 0.223322 0.241337 0.30061 0.000265038
0 0.150976 0.604689 0.164007 0.199601 0.000264647
0 0.583666 0.384884 0.319686 0.139252 0.00026417
0 0.519707 0.0205964 0.223547 0.0411928 0.000264073
0 0.029957 0.541787 0.059914 0.227739 0.000263076
1 0.0358414 0.13597 0.0716828 0.238201 0.000262502
2 0.00211262 0.707667 0.00422524 0.228981 0.000261794
2 0.373626 0.230228 0.330886 0.274549 0.000261616
0 0.628402 0.286226 0.318734 0.220608 0.000261454
0 0.671647 0.336047 0.350902 0.252524 0.000260708
0 0.681374 0.29676 0.314516 0.270937 0.000260412
2 0.341509 0.223715 0.293049 0.232398 0.000259893
0 0.993705 0.458281 0.0125891 0.232112 0.000259552
0 0.562929 0.0367373 0.2442 0.0734746 0.000259176
0 0.834707 0.660735 0.223996 0.343526 0.000259132
2 0.409605 0.651012 0.567031 0.177957 0.00025854
2 0.00115371 0.758268 0.00230741 0.216462 0.000256417
0 0.559744 0.804817 0.345135 0.0610542 0.000254579
2 0.60932 0.710183 0.391898 0.21471 0.000254229
1 0.757874 0.585331 0.212092 0.426466 0.000254215
2 0.0391654 0.028828 0.0783307 0.0574721 0.000254091
0 0.325301 0.708302 0.338861 0.0697851 0.000253735
0 0.0906559 0.96269 0.181312 0.0746201 0.000253647
2 0.612084 0.265844 0.356615 0.171933 0.000253289
0 0.00219245 0.562126 0.0043849 0.188583 0.000252928
2 0.357961 0.25562 0.236908 0.227401 0.000251676
2 0.0014777 0.391221 0.00295541 0.181423 0.000250496
2 0.136134 0.827508 0.222697 0.257341 0.000250168
0 0.365825 0.706742 0.422624 0.23656 0.000249894
0 0.00176459 0.608171 0.00352918 0.222496 0.000249781
1 0.781785 0.554767 0.203979 0.43295 0.00024978
0 0.844236 0.515812 0.244823 0.408766 0.000249674
0 0.941837 0.594631 0.116326 0.32834 0.000249323
2 0.126022 0.853629 0.179416 0.19833 0.00024843
0 0.37457 0.465084 0.626021 0.307431 0.000247903
1 0.60745 0.80169 0.431646 0.061946 0.000247687
0 0.183473 0.299021 0.248129 0.250564 0.000247464
2 0.561252 0.321847 0.399766 0.208735 0.000247411
0 0.895574 0.604007 0.208852 0.355846 0.000247288
2 0.00181286 0.271244 0.00362571 0.209821 0.000247001
0 0.945983 0.442204 0.108034 0.313699 0.000246866
2 0.00159917 0.32779 0.00319833 0.194235 0.000246738
2 0.173613 0.854811 0.217162 0.255671 0.000246393
0 0.99323 0.511114 0.0135403 0.227632 0.000246376
0 0.588751 0.325476 0.392356 0.184739 0.000245146
0 0.106117 0.0933344 0.212233 0.174941 0.000244953
2 0.0012863 0.356714 0.0025726 0.203692 0.000244877
0 0.134618 0.404485 0.264963 0.307294 0.000244704
0 0.621008 0.818766 0.460273 0.0523748 0.000244687
0 0.69929 0.673817 0.212823 0.331601 0.000244603
0 0.984098 0.0281487 0.0318047 0.0562973 0.000244335
0 0.671995 0.753613 0.450731 0.156687 0.00024419
2 0.173008 0.886006 0.187536 0.227989 0.000243621
1 0.00148541 0.150047 0.00297081 0.236481 0.000243576
0 0.151811 0.541691 0.167835 0.294501 0.000242711
0 0.276106 0.49596 0.358998 0.260327 0.000240408
2 0.176813 0.62063 0.220316 0.198087 0.000239753
2 0.779089 0.717718 0.441821 0.295423 0.00023962
1 0.0705736 0.0922176 0.13863 0.118921 0.000238569
1 0.0355114 0.185542 0.0710228 0.222091 0.00023839
2 0.158142 0.719324 0.255228 0.249097 0.000237969
2 0.398051 0.266316 0.288561 0.272611 0.000237755
0 0.839151 0.290956 0.136551 0.236088 0.00023772
1 0.407094 0.0257723 0.280326 0.0515447 0.000237645
0 0.385056 0.288484 0.161659 0.15409 0.000237224
2 0.540666 0.270546 0.385108 0.189631 0.000236984
2 0.00700677 0.0582188 0.0140135 0.112098 0.000236793
0 0.578521 0.813356 0.365992 0.0577065 0.000236778
0 0.158281 0.83002 0.173207 0.201242 0.000236585
0 0.993591 0.0395145 0.0128179 0.0787428 0.000236488
0 0.464165 0.0209807 0.260422 0.041607 0.000235812
0 0.834816 0.376092 0.0820138 0.089582 0.000235557
1 0.0369947 0.888681 0.0739895 0.222637 0.000235219
0 0.83997 0.253544 0.142682 0.186134 0.000234687
0 0.786627 0.983337 0.367509 0.0331059 0.000234529
1 0.384832 0.0339264 0.28322 0.0678529 0.000234444
0 0.952947 0.549427 0.094105 0.35306 0.000233491
1 0.383423 0.0498839 0.293057 0.0995206 0.000233049
2 0.283991 0.855929 0.252999 0.263901 0.000232874
0 0.00176741 0.441733 0.00353482 0.239124 0.000232223
0 0.839142 0.711723 0.299749 0.25737 0.000231778
1 0.0371211 0.637102 0.0742422 0.325218 0.000231772
0 0.993571 0.831847 0.0128582 0.235185 0.000231514
0 0.176481 0.366219 0.265722 0.229571 0.000231468
2 0.00176062 0.195279 0.00352124 0.184696 0.000231331
0 0.322169 0.0422613 0.204085 0.0844597 0.000231142
2 0.642305 0.117184 0.196661 0.143206 0.000230614
2 0.427504 0.588259 0.674165 0.23635 0.000230468
0 0.740166 0.985024 0.350064 0.0297085 0.000230243
0 0.604699 0.891861 0.296962 0.168787 0.000230155
0 0.993704 0.327017 0.0125929 0.21313 0.000230036
0 0.234101 0.896047 0.163815 0.155108 0.00022975
0 0.420951 0.78386 0.385828 0.0994955 0.000229646
2 0.434786 0.523905 0.701306 0.319365 0.000229598
0 0.973597 0.1179 0.0328175 0.0212366 0.000229269
0 0.1395 0.456156 0.218582 0.291842 0.00022895
0 0.993769 0.662955 0.0124614 0.224796 0.000228945
2 0.604567 0.656622 0.396052 0.129016 0.000228826
2 0.675653 0.20712 0.325773 0.310032 0.000227941
0 0.957232 0.418154 0.0855364 0.297998 0.000227652
