1 0.444301 0.311899 0.529867 0.441451 0.938461
1 0.402692 0.20427 0.703826 0.408541 0.00255927
1 0.452953 0.027759 0.7535 0.055518 0.00170582
0 0.569784 0.215574 0.440442 0.372538 0.0015391
0 0.513017 0.244903 0.385654 0.307158 0.00152036
2 0.420068 0.68182 0.734295 0.237437 0.00145598
1 0.529827 0.123266 0.777025 0.246532 0.00138298
1 0.398894 0.0376397 0.73495 0.0752795 0.00128748
0 0.553172 0.277011 0.323416 0.40669 0.00128642
0 0.665514 0.245257 0.62673 0.484483 0.00126242
0 0.967188 0.263969 0.0656248 0.370389 0.00125006
0 0.908042 0.264946 0.183915 0.3913 0.00121497
0 0.901701 0.200314 0.196599 0.375808 0.00121447
2 0.968899 0.357297 0.0622023 0.363988 0.00119105
1 0.830775 0.862698 0.329862 0.274604 0.00115768
2 0.0895182 0.265707 0.179036 0.462783 0.00115591
1 0.123682 0.0865235 0.247365 0.173047 0.00115209
2 0.0759087 0.353133 0.151817 0.518376 0.00113896
0 0.962514 0.201033 0.0749726 0.369137 0.00113613
1 0.87468 0.865131 0.194545 0.269737 0.00112742
0 0.556226 0.19535 0.666994 0.3907 0.00112258
2 0.0703381 0.505075 0.140676 0.577738 0.00111855
1 0.425147 0.745872 0.751057 0.365811 0.00111843
2 0.419913 0.540255 0.752518 0.615036 0.00110246
1 0.421787 0.704714 0.739724 0.206689 0.00110227
2 0.0643312 0.680701 0.128662 0.415632 0.00109544
1 0.628748 0.0799549 0.693153 0.15991 0.00109481
1 0.41233 0.556823 0.721826 0.508414 0.00109311
2 0.0972759 0.154077 0.194552 0.308154 0.00109043
2 0.064562 0.573406 0.129124 0.498408 0.00108941
1 0.244853 0.033863 0.489705 0.0676976 0.00108715
1 0.606789 0.0248489 0.752787 0.0496979 0.00106612
0 0.889374 0.145516 0.213905 0.291031 0.00104142
1 0.807442 0.837015 0.244815 0.316489 0.00103876
1 0.73535 0.916129 0.529299 0.16682 0.00103763
2 0.96598 0.454988 0.0680398 0.354706 0.00100684
2 0.14636 0.278286 0.292721 0.464091 0.0010008
1 0.17932 0.0314048 0.358639 0.0624707 0.000996464
1 0.915242 0.872919 0.155103 0.252583 0.000993904
1 0.465474 0.806547 0.819339 0.385864 0.000986065
1 0.970472 0.775183 0.0590562 0.387329 0.000983861
1 0.548288 0.862608 0.864505 0.274784 0.000970716
1 0.341925 0.143547 0.680193 0.287095 0.000961802
0 0.856451 0.271787 0.221214 0.477796 0.000954931
1 0.897272 0.893308 0.205456 0.213014 0.000950794
2 0.245663 0.663903 0.396136 0.256047 0.000945345
1 0.716878 0.0743263 0.546781 0.148653 0.000944834
0 0.816518 0.227775 0.326325 0.450701 0.000935137
2 0.0851998 0.714765 0.1704 0.387429 0.000934531
2 0.43379 0.735047 0.743083 0.258824 0.000925432
2 0.971036 0.719842 0.0579275 0.388399 0.000922661
1 0.172068 0.0921736 0.327726 0.184347 0.000912235
1 0.445714 0.889945 0.766919 0.218747 0.000911373
1 0.16775 0.939747 0.335499 0.0988043 0.000875328
1 0.137854 0.0331412 0.275709 0.0662824 0.000873123
1 0.754148 0.0252864 0.491704 0.0505728 0.000867726
1 0.537955 0.940671 0.85716 0.118657 0.000866681
1 0.837326 0.0789766 0.325348 0.157953 0.000865085
2 0.167171 0.398283 0.334341 0.53243 0.000865067
2 0.144297 0.74555 0.288594 0.297138 0.000857926
1 0.786963 0.798691 0.227388 0.402618 0.000847784
2 0.96948 0.657716 0.0610393 0.356876 0.000845372
0 0.965644 0.554214 0.0687123 0.355695 0.000842102
0 0.476821 0.35408 0.647569 0.365656 0.000841123
2 0.972221 0.837409 0.0555582 0.32263 0.000838278
0 0.422085 0.430729 0.651733 0.424337 0.00083476
0 0.906336 0.35562 0.159614 0.384688 0.00083017
1 0.79371 0.938993 0.412581 0.121789 0.000830058
0 0.942831 0.153981 0.114338 0.307962 0.000827476
0 0.894199 0.557795 0.196033 0.371301 0.000827338
1 0.462598 0.967757 0.756726 0.0633083 0.000822479
0 0.511793 0.399373 0.777221 0.354321 0.000805068
2 0.967571 0.604591 0.0648585 0.355746 0.000803353
2 0.15263 0.684887 0.26719 0.360229 0.000795474
2 0.261523 0.283249 0.443543 0.421259 0.000795025
1 0.922444 0.816146 0.149028 0.36496 0.000783988
0 0.507864 0.583252 0.821383 0.466761 0.000783059
0 0.896887 0.450596 0.173438 0.351491 0.000776774
0 0.723595 0.302446 0.440478 0.476278 0.000774132
1 0.430884 0.400711 0.606777 0.347983 0.000772003
1 0.454229 0.246949 0.509928 0.312049 0.000771717
0 0.724946 0.170743 0.487296 0.341485 0.000760296
1 0.721756 0.958675 0.556488 0.0819648 0.000759813
0 0.479869 0.283669 0.450135 0.388114 0.000758687
1 0.842628 0.92916 0.314745 0.141089 0.00075846
1 0.197924 0.863863 0.395848 0.165728 0.000755998
2 0.24144 0.469604 0.482881 0.632173 0.000753863
0 0.587371 0.322181 0.632649 0.453939 0.00075118
1 0.865405 0.796074 0.174036 0.407851 0.000744226
0 0.900901 0.614414 0.18421 0.36912 0.000741417
2 0.177254 0.592292 0.35365 0.464645 0.000738636
1 0.118554 0.178544 0.237108 0.357088 0.000737329
1 0.155823 0.961 0.311646 0.0779993 0.000734448
0 0.22927 0.672806 0.37953 0.235643 0.000730328
0 0.741357 0.445322 0.369376 0.419749 0.000718907
2 0.176248 0.808509 0.352496 0.17506 0.000711426
0 0.733015 0.532973 0.408866 0.492203 0.000708769
1 0.971988 0.867309 0.0560238 0.265381 0.000707676
0 0.803352 0.607398 0.284318 0.46664 0.00070347
0 0.409155 0.85045 0.765622 0.279539 0.000701207
0 0.849563 0.336652 0.192572 0.443432 0.000697962
2 0.438734 0.730446 0.761593 0.39321 0.000679427
1 0.876513 0.100019 0.246974 0.200039 0.000672553
1 0.427938 0.945529 0.763179 0.108671 0.000671919
0 0.248103 0.092957 0.0397479 0.0392552 0.00066822
0 0.909789 0.668575 0.164655 0.371974 0.000667485
0 0.28685 0.85065 0.541438 0.246289 0.00066265
0 0.79628 0.390643 0.254118 0.411475 0.000658208
0 0.262558 0.744528 0.451032 0.175221 0.000654426
1 0.226504 0.689787 0.369067 0.246977 0.000653192
1 0.241996 0.228664 0.420842 0.428671 0.000651915
0 0.564653 0.475523 0.752634 0.475641 0.000645906
1 0.291465 0.853848 0.582931 0.198358 0.000641336
1 0.916063 0.734665 0.154715 0.421579 0.000640564
1 0.243409 0.943198 0.486818 0.103454 0.000632804
1 0.210887 0.732603 0.39504 0.253195 0.00062426
0 0.785666 0.740359 0.213425 0.456219 0.000613328
0 0.496666 0.65502 0.800256 0.348175 0.000612563
1 0.956079 0.884872 0.0878423 0.229725 0.000612144
0 0.257314 0.794281 0.459205 0.19718 0.000609769
2 0.330953 0.391078 0.575941 0.452598 0.000606017
0 0.844366 0.670211 0.196056 0.415079 0.000600507
0 0.692225 0.67497 0.453994 0.412074 0.000591055
1 0.850503 0.0319227 0.298994 0.0638454 0.000589228
0 0.307281 0.92872 0.609626 0.141219 0.000589211
1 0.185316 0.174085 0.327506 0.347916 0.000582619
2 0.370098 0.448061 0.676897 0.525872 0.000578499
2 0.280772 0.349053 0.452441 0.448939 0.000576374
0 0.403971 0.787874 0.73576 0.26279 0.000569606
0 0.854726 0.733392 0.17482 0.45228 0.000554552
1 0.256719 0.846161 0.513438 0.220454 0.000550752
1 0.280535 0.688312 0.436656 0.206606 0.000537949
1 0.24191 0.805039 0.483821 0.160675 0.000534986
0 0.403779 0.736081 0.725525 0.195083 0.00053119
0 0.538767 0.437985 0.350044 0.178447 0.00052671
1 0.882387 0.91813 0.235226 0.163741 0.000521856
2 0.210637 0.643675 0.328932 0.335651 0.000513473
1 0.234389 0.744254 0.396223 0.189242 0.000511228
0 0.0342617 0.694981 0.0641299 0.0471914 0.000493635
0 0.30479 0.709986 0.542079 0.164732 0.000477723
1 0.287495 0.599564 0.488947 0.405795 0.000456075
1 0.298711 0.963369 0.597421 0.0728005 0.000453574
0 0.309348 0.737517 0.597669 0.108443 0.000438284
0 0.142099 0.140663 0.166122 0.0545376 0.000434136
0 0.420675 0.480653 0.349522 0.0867369 0.000401335
1 0.237899 0.492798 0.475798 0.166148 0.000389338
0 0.401051 0.461224 0.381496 0.127102 0.000377922
1 0.163727 0.439309 0.327454 0.351167 0.000375296
1 0.222337 0.461476 0.436302 0.151787 0.000359901
0 0.313104 0.677104 0.419544 0.224677 0.000349288
0 0.370431 0.238819 0.350462 0.288693 0.000332594
1 0.474461 0.126658 0.193423 0.0639721 0.00032829
0 0.884106 0.880548 0.229915 0.186777 0.000318923
0 0.324606 0.26368 0.259792 0.297534 0.00031843
0 0.389871 0.175766 0.133596 0.16045 0.000317622
0 0.314066 0.753426 0.539515 0.125168 0.000317297
0 0.904588 0.864212 0.185428 0.156989 0.000311178
2 0.165559 0.493814 0.331117 0.305193 0.000306522
2 0.385314 0.662045 0.329545 0.239471 0.000304039
0 0.260845 0.929784 0.23414 0.140431 0.000303133
0 0.16649 0.274612 0.265107 0.286493 0.000302106
0 0.39175 0.670383 0.487645 0.233128 0.000298974
0 0.367121 0.431892 0.347074 0.163815 0.000295261
0 0.394536 0.7726 0.310312 0.131292 0.000294878
2 0.504661 0.0780298 0.158199 0.1282 0.000294099
2 0.81453 0.456995 0.370941 0.254034 0.000293333
1 0.209937 0.452825 0.352655 0.211802 0.000291849
0 0.143129 0.368892 0.286259 0.322125 0.000289873
0 0.579976 0.402414 0.330619 0.274267 0.000287433
0 0.164986 0.685155 0.247541 0.241721 0.000281653
1 0.191582 0.946496 0.368829 0.107007 0.000280697
2 0.774066 0.426673 0.451867 0.276487 0.00027813
1 0.0358667 0.67422 0.0717333 0.23229 0.000277884
1 0.494539 0.129413 0.134639 0.0677042 0.000275827
2 0.0309932 0.024873 0.0619864 0.0497459 0.000275436
0 0.979181 0.0246856 0.041638 0.0493711 0.000273781
2 0.544052 0.597976 0.624412 0.247223 0.000273531
0 0.316195 0.916424 0.223141 0.161682 0.000271475
0 0.235382 0.550163 0.470764 0.261601 0.000270648
2 0.769368 0.508072 0.419147 0.240477 0.000270648
0 0.895343 0.94981 0.209313 0.100379 0.000270646
2 0.0675938 0.0156568 0.135188 0.0313137 0.000270271
0 0.557752 0.598719 0.519388 0.240292 0.000269522
0 0.710148 0.550955 0.266171 0.153266 0.000269418
0 0.223903 0.932835 0.213389 0.13433 0.000268711
0 0.617246 0.694996 0.296864 0.181564 0.000268
2 0.00152247 0.354732 0.00304493 0.256114 0.000267109
2 0.309436 0.665763 0.379984 0.226465 0.000266511
0 0.846577 0.365999 0.263888 0.364549 0.000262185
0 0.661218 0.0130319 0.258081 0.0255782 0.000261706
0 0.0927878 0.976529 0.185576 0.0469414 0.000260599
0 0.344095 0.903152 0.219789 0.162067 0.000260497
2 0.000960337 0.4362 0.00192067 0.198411 0.000258859
0 0.665581 0.543903 0.280863 0.202369 0.000258219
0 0.440912 0.528236 0.449258 0.143352 0.000256707
2 0.812967 0.523017 0.367364 0.207103 0.000255838
0 0.528497 0.641168 0.236547 0.112485 0.000255335
0 0.536742 0.642296 0.36497 0.120369 0.00025484
0 0.514046 0.139311 0.236715 0.0944111 0.000253905
0 0.244003 0.718878 0.404507 0.147645 0.000253335
0 0.566729 0.215167 0.265499 0.243723 0.000253331
2 0.432586 0.648594 0.30943 0.228318 0.000253282
0 0.180348 0.652359 0.337578 0.262862 0.000253191
0 0.216075 0.601332 0.400239 0.280275 0.000253095
0 0.739645 0.236603 0.326934 0.375841 0.000253017
0 0.505433 0.131342 0.189074 0.0755859 0.000252441
0 0.501866 0.460812 0.340853 0.130599 0.000251442
0 0.583531 0.724766 0.401722 0.154107 0.000251356
0 0.151958 0.309481 0.303916 0.346152 0.000251195
2 0.00258986 0.236044 0.00517971 0.239771 0.000250198
0 0.424285 0.122089 0.209757 0.0538553 0.000248688
2 0.00176937 0.100294 0.00353875 0.161707 0.000248288
2 0.00160421 0.311058 0.00320842 0.242902 0.000247847
0 0.868283 0.48506 0.242303 0.255602 0.000247132
0 0.679309 0.332884 0.316871 0.319716 0.000245311
1 0.690465 0.0136088 0.240586 0.0270839 0.000245309
1 0.477624 0.0757964 0.218003 0.112935 0.000245144
0 0.201077 0.939199 0.278203 0.121603 0.000244463
2 0.00445153 0.0586198 0.00890305 0.111495 0.00024375
0 0.0190302 0.970547 0.0380603 0.0589061 0.000242233
0 0.578119 0.428606 0.463649 0.196979 0.000242216
0 0.831976 0.896064 0.336049 0.207871 0.000241163
2 0.446352 0.661127 0.449801 0.225257 0.000240228
0 0.600316 0.76054 0.33108 0.112146 0.000239896
2 0.00246879 0.165817 0.00493758 0.19068 0.000239672
0 0.794593 0.433693 0.410814 0.237548 0.000238727
0 0.309844 0.450642 0.280795 0.0729551 0.000238445
0 0.20056 0.357098 0.172453 0.27542 0.000238114
0 0.43446 0.776183 0.201513 0.150509 0.00023735
0 0.1442 0.233603 0.182001 0.263198 0.000235407
2 0.74927 0.555269 0.250264 0.152633 0.000235207
0 0.559938 0.517986 0.460666 0.0638149 0.000234505
2 0.00242883 0.131406 0.00485765 0.176129 0.00023379
2 0.815878 0.236862 0.28106 0.303841 0.000233205
0 0.852218 0.949799 0.295564 0.100397 0.000232834
0 0.605438 0.204439 0.19007 0.2319 0.000232648
2 0.189891 0.877448 0.379782 0.245104 0.000232462
1 0.754905 0.0154845 0.271732 0.0309691 0.000232199
0 0.293572 0.467617 0.393978 0.0463958 0.000230901
0 0.989911 0.0531475 0.0201783 0.106295 0.000230763
2 0.163479 0.80635 0.26373 0.117714 0.000229481
0 0.992376 0.88229 0.015248 0.23542 0.000228619
0 0.61054 0.719058 0.308114 0.125798 0.000228589
2 0.00144788 0.557923 0.00289576 0.195931 0.000228067
2 0.753503 0.866299 0.282246 0.209095 0.000227987
0 0.252157 0.599195 0.44881 0.220972 0.00022781
0 0.854474 0.451341 0.289604 0.244942 0.000227421
1 0.20732 0.385763 0.122486 0.245425 0.000226847
0 0.861016 0.833087 0.275732 0.219807 0.000226753
0 0.874623 0.285052 0.223306 0.33748 0.000225608
0 0.809133 0.859579 0.361039 0.219805 0.000225065
0 0.938921 0.0180804 0.122159 0.0353678 0.000224497
2 0.252 0.581343 0.504 0.203045 0.000224408
0 0.361072 0.880296 0.251864 0.140663 0.00022208
0 0.628537 0.519296 0.387653 0.235605 0.000221673
0 0.342639 0.228616 0.264728 0.266705 0.000221574
0 0.535886 0.640316 0.219032 0.0804219 0.000221179
2 0.0026434 0.804042 0.00528681 0.228015 0.000220636
0 0.655317 0.693292 0.215922 0.160267 0.000220525
0 0.154991 0.122321 0.164099 0.088933 0.000220309
0 0.663045 0.81938 0.226915 0.144678 0.000220138
0 0.00344045 0.958145 0.0068809 0.0837096 0.000219859
0 0.288194 0.757953 0.46097 0.09372 0.00021973
2 0.441261 0.557086 0.386048 0.172748 0.000219472
0 0.776202 0.908992 0.360469 0.182016 0.000218878
2 0.557144 0.0601108 0.337136 0.118017 0.000218274
0 0.666482 0.443156 0.378436 0.346745 0.000217643
2 0.408578 0.53701 0.367018 0.165494 0.000217591
2 0.705141 0.374613 0.342903 0.304171 0.000217271
0 0.636517 0.912303 0.31131 0.175394 0.000217137
0 0.99376 0.523239 0.012481 0.249653 0.000217053
0 0.987105 0.900699 0.0257908 0.198602 0.000216654
0 0.716481 0.282315 0.203624 0.278878 0.000215768
1 0.512066 0.638156 0.259014 0.087001 0.000215748
0 0.993832 0.375508 0.0123365 0.213126 0.000215263
1 0.225655 0.3974 0.188909 0.28413 0.000215164
0 0.377953 0.792497 0.406068 0.132613 0.000214137
0 0.528655 0.405096 0.351305 0.246951 0.000213983
0 0.700672 0.294103 0.155743 0.254475 0.000213948
0 0.994054 0.240438 0.0118914 0.192435 0.000213737
2 0.000801276 0.485047 0.00160255 0.195711 0.000213526
0 0.534136 0.647031 0.506626 0.157682 0.000213197
0 0.387117 0.140931 0.130418 0.0795565 0.000213176
2 0.764031 0.367823 0.25699 0.257092 0.000212937
2 0.863606 0.203695 0.216153 0.19721 0.000212748
0 0.994566 0.74082 0.0108676 0.241428 0.000212171
0 0.472767 0.491558 0.276345 0.0677996 0.000212104
0 0.993699 0.418436 0.0126029 0.240927 0.000211661
2 0.265223 0.87925 0.37584 0.241501 0.000211389
2 0.748501 0.339378 0.167899 0.210799 0.000211199
0 0.00144458 0.536819 0.00288915 0.183329 0.000210993
1 0.222735 0.418319 0.276758 0.279711 0.000210912
0 0.623286 0.375102 0.341894 0.322081 0.000210405
0 0.889979 0.367943 0.217471 0.350699 0.000209768
2 0.828504 0.376198 0.342993 0.256372 0.000209293
1 0.45539 0.133011 0.201866 0.0730383 0.000209242
2 0.724434 0.417552 0.480234 0.320249 0.000208719
2 0.00226172 0.848599 0.00452343 0.202925 0.000208714
2 0.779011 0.57471 0.209841 0.183216 0.000208256
0 0.323454 0.885871 0.285968 0.180157 0.000207554
