2 0.247952 0.399214 0.209848 0.0988578 0.974494
2 0.240647 0.640999 0.301973 0.25203 0.919309
0 0.701697 0.148149 0.0333304 0.0313198 0.116113
0 0.662802 0.118234 0.0419732 0.0415216 0.030832
0 0.657193 0.110414 0.0319485 0.0240748 0.0125239
0 0.68181 0.134415 0.0745977 0.0578294 0.00875054
0 0.0130911 0.718551 0.0261822 0.0263174 0.00616669
0 0.664627 0.267926 0.0583445 0.0331359 0.00383998
0 0.69694 0.148158 0.0463377 0.0348618 0.00349047
2 0.248654 0.414483 0.209483 0.163831 0.00250325
1 0.162746 0.520479 0.325493 0.364109 0.00235545
0 0.140164 0.0648177 0.280329 0.129323 0.00230745
1 0.0794232 0.441586 0.158846 0.450789 0.00216031
1 0.15552 0.458088 0.31104 0.341601 0.0020478
2 0.140124 0.411626 0.280248 0.34454 0.0020367
2 0.240039 0.593151 0.297095 0.157854 0.00202348
1 0.0784284 0.356392 0.156857 0.436125 0.00186544
1 0.236213 0.519279 0.272185 0.358817 0.00183582
1 0.346046 0.546776 0.455836 0.480033 0.00168702
2 0.121788 0.363485 0.243575 0.414106 0.00167359
1 0.0949425 0.256884 0.189885 0.442735 0.00163778
0 0.137397 0.10688 0.274794 0.213759 0.00162834
0 0.64222 0.0187926 0.235369 0.0375232 0.00157856
1 0.0784694 0.554036 0.156939 0.37993 0.00155661
0 0.124559 0.19705 0.249118 0.3941 0.00153413
0 0.699482 0.0241178 0.334678 0.0482356 0.0015065
1 0.399831 0.563011 0.620049 0.431562 0.00148149
2 0.701627 0.85713 0.596746 0.258104 0.00143983
1 0.129932 0.247368 0.259863 0.448083 0.00141962
1 0.0923109 0.637973 0.184622 0.303457 0.00138528
1 0.116763 0.317923 0.233525 0.422905 0.00138273
2 0.174381 0.359163 0.329453 0.436477 0.00137299
0 0.0203525 0.714775 0.0348315 0.0190171 0.00135828
0 0.171195 0.0895056 0.34239 0.179011 0.00133912
0 0.154128 0.0351536 0.308255 0.0703072 0.00133365
2 0.195774 0.407835 0.322964 0.243443 0.00128684
0 0.148142 0.152567 0.296284 0.301758 0.00124906
1 0.22548 0.413147 0.266131 0.200501 0.00124415
1 0.672073 0.892441 0.655853 0.214909 0.00123658
1 0.1237 0.758441 0.2474 0.407981 0.00117872
0 0.141742 0.102591 0.103554 0.0611647 0.00117383
2 0.292874 0.753307 0.448255 0.385965 0.0011694
1 0.22026 0.239019 0.39556 0.456669 0.00114195
2 0.204011 0.165182 0.408023 0.327143 0.00114066
1 0.470178 0.410114 0.520425 0.58039 0.00110545
1 0.302572 0.799786 0.536012 0.334981 0.00109146
2 0.248618 0.448208 0.238295 0.201314 0.00108675
0 0.525189 0.945681 0.613933 0.106838 0.00106516
2 0.244793 0.352691 0.239112 0.416278 0.00105943
2 0.765657 0.606795 0.468687 0.327204 0.00105748
1 0.512057 0.618577 0.481421 0.379707 0.00105618
0 0.00910129 0.716708 0.0182026 0.027028 0.00105583
0 0.687428 0.0290698 0.52157 0.0581395 0.00105374
2 0.287378 0.174758 0.552758 0.34743 0.00105351
0 0.264516 0.110547 0.524074 0.221094 0.00104841
2 0.734107 0.814382 0.531786 0.28436 0.00104382
2 0.298458 0.748199 0.596917 0.471663 0.00104352
0 0.391917 0.215123 0.0495293 0.030995 0.00102717
1 0.209346 0.970276 0.418692 0.0591019 0.00102164
0 0.256472 0.066459 0.512943 0.132627 0.00101297
2 0.783759 0.447699 0.432482 0.473284 0.00101039
2 0.751759 0.759589 0.496483 0.318298 0.00100914
1 0.161859 0.308792 0.301691 0.456013 0.00100308
1 0.348713 0.442086 0.423816 0.293105 0.000999043
1 0.142391 0.937889 0.284782 0.123008 0.000990888
1 0.298625 0.258672 0.502476 0.496938 0.000982269
1 0.460604 0.281413 0.692219 0.55394 0.000978374
1 0.119672 0.874311 0.239343 0.226302 0.000974067
1 0.328486 0.322239 0.391635 0.472298 0.000966532
1 0.356292 0.392463 0.428773 0.302608 0.0009516
0 0.477032 0.0693609 0.760713 0.138722 0.000950902
0 0.670148 0.128364 0.0621835 0.0625355 0.000948913
2 0.405167 0.397733 0.489008 0.535076 0.000942142
2 0.762873 0.676375 0.474254 0.336245 0.000934517
0 0.356418 0.967569 0.582986 0.0642681 0.000930211
2 0.377805 0.627298 0.636201 0.278822 0.000928089
1 0.293409 0.973019 0.542475 0.0534517 0.000926819
1 0.239161 0.318863 0.332442 0.478243 0.00092242
2 0.307108 0.559437 0.428904 0.411956 0.000919826
2 0.475487 0.497937 0.616326 0.529843 0.000917144
0 0.255511 0.0291288 0.511021 0.0582575 0.000914656
1 0.547844 0.663141 0.420101 0.342986 0.000913311
2 0.771655 0.515212 0.45669 0.368573 0.000909869
1 0.43555 0.193814 0.787065 0.386888 0.000906906
0 0.39723 0.40334 0.0446932 0.0498889 0.000901286
0 0.644964 0.0660444 0.508719 0.131777 0.000901111
2 0.529898 0.259642 0.621144 0.50182 0.000899715
2 0.28427 0.372975 0.28741 0.405073 0.000897047
1 0.153418 0.966358 0.306836 0.0672845 0.000886087
0 0.594434 0.95255 0.559855 0.0936184 0.000884268
2 0.566754 0.158622 0.714391 0.31433 0.000867575
2 0.356997 0.199848 0.683184 0.399112 0.000865795
0 0.712398 0.0849592 0.403001 0.169918 0.000865714
0 0.785567 0.0451066 0.210184 0.0893369 0.000862455
2 0.701407 0.619705 0.48937 0.3498 0.000860693
0 0.548313 0.0265313 0.713351 0.0530626 0.000857477
2 0.605862 0.590169 0.493547 0.402584 0.000855021
0 0.123746 0.0700638 0.139846 0.13506 0.000855004
0 0.468139 0.121605 0.755639 0.24321 0.000849477
0 0.811181 0.58182 0.377638 0.333539 0.000843918
0 0.30886 0.136512 0.596203 0.273025 0.000838378
0 0.666597 0.946294 0.666805 0.107412 0.000828658
0 0.369121 0.0265957 0.693154 0.0531914 0.000828448
0 0.778724 0.588238 0.0217401 0.0160187 0.00082094
0 0.786787 0.655002 0.426426 0.392455 0.000820432
0 0.848463 0.527092 0.303073 0.28454 0.000811196
0 0.110186 0.431543 0.0412945 0.0363838 0.000809627
1 0.517047 0.939423 0.744496 0.121155 0.000807248
1 0.256352 0.87997 0.512704 0.225871 0.000806267
1 0.221267 0.940831 0.442533 0.117213 0.000801719
2 0.613092 0.229018 0.566607 0.430994 0.000789859
0 0.132589 0.089132 0.112792 0.0939449 0.000783441
0 0.535785 0.0910611 0.721839 0.182122 0.000774603
0 0.891837 0.563805 0.216325 0.275248 0.000772041
0 0.714849 0.975446 0.570302 0.0489875 0.000767319
0 0.476931 0.705482 0.0296476 0.0260062 0.000766596
2 0.468571 0.777981 0.779434 0.444038 0.000765856
0 0.497493 0.635569 0.0502642 0.0274899 0.000764633
1 0.487417 0.76323 0.844002 0.47354 0.000757357
0 0.70752 0.0332147 0.36188 0.0662228 0.000756179
2 0.703431 0.531203 0.496511 0.379626 0.000753682
0 0.905064 0.516078 0.189871 0.242857 0.000751787
2 0.712758 0.461581 0.467808 0.435635 0.000748723
1 0.330089 0.72521 0.500006 0.432935 0.000747962
2 0.813483 0.325542 0.373034 0.500472 0.000742301
2 0.524296 0.404961 0.589262 0.565468 0.000741736
0 0.633975 0.966759 0.624168 0.0657318 0.000741433
0 0.870673 0.628981 0.258654 0.337423 0.000735974
1 0.540414 0.719473 0.490008 0.341491 0.000735585
2 0.428216 0.687115 0.736747 0.344121 0.000728006
1 0.621773 0.675476 0.459849 0.36421 0.000726931
2 0.771669 0.208085 0.391259 0.399549 0.00072597
0 0.908958 0.473302 0.182085 0.295753 0.000721766
0 0.661438 0.111731 0.038001 0.0288279 0.000718905
2 0.705922 0.715792 0.466091 0.322715 0.000706024
0 0.842439 0.422725 0.315123 0.49232 0.000700814
2 0.602542 0.480255 0.548502 0.477105 0.000698019
0 0.857069 0.687561 0.285863 0.358027 0.000696977
1 0.526275 0.822644 0.818095 0.354712 0.000683989
1 0.500116 0.781814 0.701118 0.38133 0.000680414
0 0.366222 0.940727 0.618771 0.118545 0.00067583
1 0.550199 0.87762 0.793143 0.244761 0.000675522
1 0.774811 0.975195 0.450377 0.0496105 0.000675237
0 0.913103 0.372912 0.173795 0.422741 0.000674996
2 0.656952 0.145954 0.556603 0.289144 0.000671953
1 0.708957 0.941623 0.582085 0.116686 0.000669008
1 0.764193 0.0694928 0.466267 0.138986 0.000656108
2 0.598707 0.856566 0.722741 0.286867 0.000654982
1 0.965975 0.43458 0.0680502 0.357172 0.000650737
2 0.624089 0.380557 0.542088 0.521845 0.000636844
2 0.748674 0.0311425 0.502653 0.0622851 0.000632141
0 0.756675 0.146815 0.425738 0.289279 0.000626271
0 0.857437 0.326252 0.275114 0.525883 0.000625017
2 0.736645 0.350098 0.395072 0.481131 0.000614362
0 0.790982 0.224002 0.375291 0.434097 0.00061135
0 0.024508 0.182292 0.0485975 0.0300131 0.000608547
0 0.88377 0.986909 0.23246 0.0261824 0.000608212
2 0.835821 0.828292 0.328359 0.305554 0.000603179
2 0.968809 0.386255 0.0623823 0.367211 0.000602619
2 0.243711 0.558109 0.302927 0.406417 0.000601497
2 0.867363 0.772933 0.265274 0.336087 0.000600634
1 0.827596 0.877753 0.344807 0.239242 0.00059746
2 0.516268 0.823675 0.87822 0.35265 0.000594683
1 0.617172 0.764985 0.554738 0.344951 0.000593556
1 0.332286 0.872441 0.597237 0.23556 0.000589843
2 0.742546 0.142041 0.433007 0.280688 0.000588575
0 0.106585 0.863272 0.033645 0.0206822 0.000586352
1 0.61045 0.818035 0.668802 0.321123 0.000580444
1 0.782243 0.109567 0.423615 0.219134 0.000579414
0 0.475469 0.0169319 0.311734 0.0336792 0.000573911
0 0.231653 0.987931 0.334732 0.0241379 0.000570889
2 0.968807 0.295833 0.0623857 0.372879 0.000568045
0 0.438581 0.0148519 0.265488 0.0295915 0.000553964
2 0.965948 0.240287 0.0681047 0.381993 0.000552231
0 0.959309 0.516496 0.0813818 0.290416 0.000551716
1 0.782018 0.0320906 0.435965 0.0637383 0.0005498
2 0.867966 0.227962 0.264067 0.418903 0.000530029
1 0.95038 0.570874 0.0992403 0.305155 0.000528519
0 0.829773 0.159522 0.33463 0.31355 0.000527637
2 0.926533 0.686461 0.146934 0.318133 0.00052446
0 0.937725 0.626676 0.12455 0.318436 0.000519846
2 0.959249 0.173989 0.0815021 0.344486 0.000514543
0 0.509028 0.633446 0.0377264 0.0281395 0.000511401
0 0.112764 0.349637 0.0330633 0.0191667 0.000511191
0 0.781282 0.987814 0.290299 0.0243717 0.000510387
2 0.406692 0.8711 0.664712 0.252363 0.000505085
0 0.88251 0.809699 0.0506717 0.0428898 0.000504957
0 0.910261 0.742926 0.179478 0.318762 0.000502372
1 0.843641 0.0910736 0.312717 0.182147 0.000502113
0 0.668608 0.125806 0.0895847 0.0606022 0.000501341
1 0.840775 0.0413226 0.318451 0.0810633 0.000498211
2 0.904636 0.276921 0.190729 0.422557 0.000495912
0 0.00663754 0.742575 0.0132751 0.081485 0.000491918
0 0.860989 0.902013 0.278021 0.195278 0.000481987
0 0.713044 0.987933 0.285584 0.0241347 0.000481532
0 0.884655 0.873272 0.23069 0.2506 0.000479528
0 0.804017 0.928431 0.391966 0.143138 0.000477607
2 0.0831839 0.576774 0.0722155 0.0717998 0.00047748
0 0.390864 0.0148046 0.211258 0.0293437 0.00047685
0 0.660977 0.266675 0.079067 0.0373581 0.000476766
0 0.901483 0.788526 0.197034 0.321188 0.000468917
0 0.866078 0.815268 0.0448051 0.0323425 0.000459701
1 0.917931 0.131033 0.164137 0.262066 0.000447366
0 0.577876 0.0188957 0.2776 0.037274 0.000437069
1 0.848622 0.950953 0.302755 0.0980946 0.000426598
0 0.480498 0.0329947 0.297926 0.0653944 0.000418236
0 0.76036 0.590919 0.067392 0.025938 0.000415735
0 0.301892 0.986988 0.332957 0.0260243 0.000415716
0 0.528563 0.0189985 0.255133 0.037997 0.000410138
0 0.0842 0.983673 0.1684 0.0326535 0.000408406
0 0.660855 0.987605 0.342385 0.0247894 0.000397217
2 0.00268188 0.442717 0.00536376 0.103572 0.00039567
0 0.105243 0.0717747 0.210486 0.142239 0.000393334
2 0.250159 0.688723 0.336295 0.372565 0.00039223
0 0.836247 0.0457736 0.309782 0.09116 0.000391891
0 0.188048 0.0179043 0.191133 0.0358087 0.000388889
2 0.00237186 0.50296 0.00474371 0.147616 0.000382474
0 0.682459 0.256733 0.100741 0.0605128 0.000381057
2 0.150242 0.606345 0.11209 0.128283 0.000380883
2 0.00276329 0.472601 0.00552658 0.120181 0.000380222
2 0.204274 0.635161 0.408548 0.277195 0.000378434
2 0.00242254 0.419161 0.00484509 0.105372 0.000369237
0 0.873341 0.904419 0.100468 0.0667301 0.00036021
2 0.00232186 0.530821 0.00464373 0.15563 0.000360137
2 0.00262398 0.582185 0.00524797 0.128791 0.000352133
2 0.229455 0.674043 0.45891 0.320426 0.000351879
2 0.00249365 0.560287 0.00498731 0.144263 0.000346956
2 0.00227952 0.348931 0.00455904 0.122968 0.00034499
0 0.368668 0.987804 0.28161 0.0243925 0.000344166
2 0.00236888 0.374929 0.00473776 0.117918 0.000341494
0 0.0679213 0.0155022 0.135843 0.0310044 0.000337786
2 0.143408 0.592406 0.102618 0.104452 0.000335743
0 0.244777 0.740865 0.21792 0.0528813 0.000334727
0 0.361921 0.0166256 0.226368 0.0327805 0.000332833
0 0.00667565 0.694194 0.0133513 0.106936 0.000328
2 0.114688 0.582627 0.161638 0.0899528 0.000326438
2 0.00211566 0.326993 0.00423131 0.132072 0.000323208
0 0.662058 0.13191 0.115543 0.0655864 0.000322048
0 0.981737 0.024608 0.0365261 0.0485528 0.00031871
0 0.122375 0.0198701 0.24475 0.0397402 0.000315991
0 0.27405 0.400225 0.160057 0.095493 0.000315368
0 0.183101 0.0336712 0.194444 0.0659377 0.000313959
0 0.779031 0.993793 0.0548352 0.0124141 0.000313807
0 0.439425 0.20538 0.162155 0.0794642 0.000313583
0 0.8275 0.986759 0.344999 0.026482 0.000311863
0 0.39398 0.39599 0.0729195 0.0661001 0.000310709
0 0.631557 0.433086 0.0314362 0.0241967 0.000308114
0 0.775254 0.988713 0.0606757 0.0210522 0.000302853
0 0.992574 0.0422068 0.0148512 0.0830973 0.000302202
0 0.972896 0.14098 0.0493464 0.0782659 0.000298871
0 0.168352 0.130956 0.161999 0.104892 0.000297817
0 0.701473 0.152503 0.0396565 0.0391709 0.000295744
2 0.24855 0.382287 0.201595 0.162668 0.000294739
0 0.892433 0.53963 0.109938 0.0921474 0.000294488
0 0.683239 0.081015 0.10434 0.144023 0.000293492
2 0.107983 0.428202 0.043893 0.0409928 0.000291767
2 0.0917091 0.584059 0.0914216 0.0860785 0.000288123
2 0.00199647 0.85764 0.00399295 0.14543 0.000287021
0 0.576601 0.987939 0.356517 0.0241222 0.000285397
0 0.910162 0.544948 0.0814367 0.0763438 0.00028431
0 0.628559 0.1292 0.150361 0.0602508 0.000284012
0 0.407529 0.891862 0.0868342 0.0310955 0.000283341
0 0.169552 0.0882837 0.185113 0.135879 0.000282253
2 0.00203281 0.299956 0.00406561 0.139212 0.000280146
0 0.74729 0.604366 0.0564669 0.0368508 0.000275038
2 0.00230734 0.649948 0.00461468 0.184163 0.000272093
0 0.879386 0.994144 0.0657726 0.0117129 0.000271808
2 0.00191936 0.827246 0.00383872 0.173991 0.000271287
2 0.00281966 0.672416 0.00563932 0.150413 0.000270541
2 0.00210323 0.616202 0.00420647 0.160693 0.000264501
0 0.994366 0.419209 0.0112671 0.213116 0.000263885
2 0.00225591 0.795123 0.00451183 0.181495 0.000263265
0 0.877294 0.545101 0.13411 0.0802292 0.000263128
0 0.668887 0.647641 0.088775 0.101069 0.000261921
0 0.25633 0.974674 0.325456 0.0506513 0.000260133
0 0.258586 0.019922 0.283926 0.0392353 0.000258528
2 0.00209094 0.888149 0.00418188 0.178614 0.000258152
0 0.994281 0.58102 0.0114377 0.194941 0.000257975
2 0.227899 0.735797 0.255647 0.0659452 0.000257143
0 0.472625 0.532358 0.0398925 0.0304676 0.000254582
0 0.895636 0.64018 0.126064 0.0737432 0.000254046
0 0.861374 0.371031 0.0860792 0.0755583 0.000253818
0 0.769246 0.19406 0.138019 0.155015 0.00025256
0 0.311153 0.0704046 0.0650497 0.0604234 0.000252174
0 0.39266 0.418265 0.0374219 0.0217238 0.000251323
2 0.0892691 0.431634 0.0755039 0.0408614 0.000251291
0 0.994087 0.46828 0.0118268 0.225126 0.00025067
2 0.00176344 0.27453 0.00352688 0.165617 0.000250492
0 0.655159 0.108603 0.0431402 0.0370304 0.000249878
2 0.0353346 0.581873 0.0706692 0.0990151 0.000249132
0 0.889733 0.547244 0.129094 0.113404 0.000248127
0 0.454806 0.698387 0.0563272 0.0478943 0.000247907
0 0.993612 0.516525 0.012777 0.222707 0.000247701
0 0.993914 0.37068 0.0121728 0.227013 0.00024749
0 0.994331 0.0758061 0.0113378 0.151612 0.000245122
0 0.331252 0.028973 0.220646 0.0557611 0.00024463
0 0.00472966 0.964019 0.00945933 0.0709213 0.000244465
0 0.152997 0.987802 0.305994 0.0243958 0.00024398
2 0.29295 0.578784 0.187506 0.132131 0.000243974
0 0.995247 0.916231 0.00950659 0.167537 0.0002434
