0 0.458859 0.621941 0.595455 0.403593 0.80966
0 0.36743 0.957263 0.0490972 0.0268269 0.289637
0 0.236968 0.602084 0.145132 0.0805891 0.258083
0 0.114235 0.364885 0.0317087 0.0259176 0.0551408
0 0.978072 0.993069 0.0330079 0.0138609 0.00993967
0 0.238021 0.559887 0.146679 0.166663 0.00993028
0 0.364851 0.955549 0.0610142 0.0331436 0.00959799
0 0.445305 0.533747 0.572817 0.576515 0.00876988
0 0.160677 0.975723 0.0274957 0.0213363 0.00805389
0 0.974149 0.989927 0.0413392 0.0197206 0.00462278
0 0.913725 0.988105 0.168399 0.0237906 0.00440264
0 0.114009 0.366423 0.0363367 0.0331789 0.00391446
0 0.716857 0.987234 0.0336431 0.0221436 0.00338707
0 0.112082 0.0403607 0.159409 0.0807213 0.00331311
0 0.721441 0.989731 0.0412416 0.0202491 0.00308414
0 0.960006 0.989584 0.0747193 0.0207474 0.00307376
0 0.938265 0.993068 0.12347 0.0138639 0.00301478
1 0.213807 0.0318622 0.427615 0.0637244 0.00285285
0 0.957324 0.932622 0.0296085 0.0224442 0.00253822
0 0.33062 0.925035 0.0937704 0.0402008 0.0024311
0 0.562763 0.471309 0.136394 0.0975951 0.00240577
0 0.336817 0.931324 0.110489 0.0595068 0.00228162
1 0.167828 0.0409104 0.295563 0.0815469 0.00222395
0 0.443101 0.514703 0.108275 0.06437 0.00221068
0 0.453362 0.409468 0.349276 0.308708 0.0020699
1 0.121837 0.0545619 0.243674 0.109124 0.00198357
0 0.741442 0.977133 0.509165 0.0457345 0.00190035
0 0.566481 0.687975 0.409726 0.2664 0.00185047
1 0.120047 0.0408519 0.192404 0.0817039 0.00180948
0 0.732028 0.986458 0.218763 0.027084 0.00175085
0 0.64322 0.97664 0.643013 0.0467211 0.00172661
1 0.597091 0.975011 0.633854 0.0499773 0.00170388
1 0.12514 0.0887354 0.25028 0.177471 0.0016846
0 0.450864 0.340909 0.33101 0.161183 0.00165035
2 0.967144 0.462642 0.0657126 0.337007 0.00163183
0 0.962423 0.933565 0.042865 0.0289017 0.00158675
0 0.367897 0.970061 0.0574845 0.0531514 0.00155619
2 0.968131 0.409113 0.0637374 0.323761 0.00155542
0 0.371234 0.962808 0.0580906 0.0399385 0.00153458
1 0.137292 0.177102 0.274584 0.351649 0.00153217
1 0.199418 0.0516978 0.384397 0.103147 0.00152043
2 0.963879 0.575867 0.072242 0.400684 0.00144309
2 0.965647 0.519738 0.0687056 0.368913 0.00141546
0 0.704353 0.580274 0.421541 0.568556 0.00138688
2 0.221532 0.175099 0.432676 0.347005 0.00138063
1 0.200234 0.0999801 0.370847 0.19996 0.00137615
0 0.611261 0.616219 0.334903 0.468161 0.00136371
2 0.964213 0.31062 0.0715743 0.333969 0.00134755
0 0.110627 0.372299 0.0397081 0.0375341 0.00134043
1 0.0877573 0.232491 0.175515 0.447486 0.00133006
1 0.133927 0.0340055 0.267853 0.0661396 0.00132481
2 0.0591782 0.791507 0.118356 0.415213 0.0013132
2 0.436788 0.197408 0.738646 0.394816 0.00129886
2 0.45374 0.38942 0.337053 0.274405 0.00129823
0 0.544029 0.970537 0.522317 0.0589255 0.00129686
0 0.299258 0.563925 0.270235 0.162737 0.00126938
2 0.959914 0.659163 0.080172 0.390974 0.00126543
2 0.958783 0.254521 0.0824338 0.343105 0.00126127
2 0.0670229 0.555499 0.134046 0.432745 0.00123943
2 0.0734314 0.450426 0.146863 0.463999 0.00123763
0 0.678531 0.767274 0.171579 0.106871 0.00123419
1 0.0694083 0.508043 0.138817 0.433108 0.00123214
0 0.241352 0.960339 0.384553 0.0790737 0.00123142
0 0.940075 0.989147 0.119299 0.0217066 0.00123066
1 0.0723347 0.698605 0.144669 0.492715 0.00120886
1 0.304603 0.0286801 0.561976 0.0573602 0.001201
0 0.303471 0.916666 0.0281131 0.0229261 0.00119876
2 0.428334 0.244463 0.590046 0.474462 0.0011932
2 0.255791 0.234117 0.459078 0.444503 0.00118593
0 0.67159 0.788346 0.185579 0.06443 0.00117416
0 0.205818 0.967221 0.411636 0.0650913 0.00117359
2 0.959632 0.747748 0.0807358 0.37216 0.00116842
0 0.570666 0.737011 0.400022 0.170239 0.00115011
2 0.461305 0.363942 0.432099 0.331494 0.00113781
0 0.899071 0.812436 0.0301164 0.0191986 0.00113027
2 0.0588318 0.336976 0.117664 0.409336 0.00111478
2 0.0655199 0.39828 0.13104 0.419303 0.00110816
0 0.276207 0.598701 0.229209 0.331258 0.00109289
2 0.954434 0.810243 0.0911324 0.323551 0.00108358
2 0.171844 0.231899 0.33441 0.437234 0.00107223
0 0.561956 0.622988 0.41384 0.396947 0.00106478
1 0.0599561 0.280238 0.119912 0.452644 0.00105667
0 0.779057 0.62107 0.354121 0.483283 0.0010459
0 0.715523 0.990832 0.0622258 0.0183355 0.00104238
0 0.676652 0.608222 0.0885398 0.0632231 0.00101551
0 0.330434 0.535926 0.373506 0.482933 0.000999543
2 0.13642 0.478321 0.272841 0.424791 0.00099424
0 0.82966 0.975252 0.340679 0.0493246 0.000987694
1 0.0668407 0.870401 0.133681 0.259198 0.00098054
2 0.61828 0.551095 0.440288 0.599901 0.000976503
2 0.507866 0.281392 0.633397 0.541673 0.000971639
1 0.241755 0.478928 0.427156 0.391277 0.000971156
2 0.955501 0.180659 0.0889987 0.33905 0.000948792
2 0.138462 0.845584 0.276924 0.307049 0.000941567
0 0.574189 0.84962 0.512365 0.295017 0.000938288
0 0.110027 0.938503 0.220055 0.121042 0.000929438
0 0.296183 0.575784 0.274604 0.446221 0.000928039
2 0.1293 0.576448 0.2586 0.383639 0.000923326
2 0.721542 0.567018 0.415212 0.591698 0.000915219
1 0.328519 0.445226 0.4677 0.388015 0.000911109
0 0.314496 0.128118 0.582906 0.256237 0.000908823
0 0.297929 0.0665445 0.583288 0.132928 0.00090623
0 0.444952 0.966295 0.50293 0.0669939 0.00089864
0 0.896731 0.653066 0.196506 0.420355 0.000881028
0 0.382407 0.0823464 0.701365 0.16437 0.00088033
2 0.321237 0.390061 0.480137 0.344971 0.000876347
2 0.313713 0.31553 0.49983 0.353645 0.000871096
0 0.740261 0.671078 0.416917 0.399921 0.000865653
2 0.881214 0.260743 0.237572 0.381576 0.000864561
0 0.915044 0.971063 0.153962 0.0578732 0.000858215
1 0.137201 0.879566 0.274402 0.240868 0.000856354
2 0.151513 0.63835 0.303027 0.450391 0.000855823
0 0.157814 0.942787 0.315628 0.111354 0.000855796
2 0.899202 0.598157 0.198791 0.473804 0.000854519
0 0.352321 0.938675 0.085977 0.0772647 0.000845178
0 0.237221 0.612415 0.31953 0.393385 0.000840028
2 0.411972 0.345538 0.614958 0.356379 0.000838895
2 0.124795 0.423863 0.249591 0.409694 0.000838838
2 0.119434 0.294895 0.238867 0.428317 0.000837556
0 0.392328 0.149098 0.71599 0.298197 0.000832066
2 0.572907 0.186532 0.77114 0.373065 0.00083192
2 0.155585 0.726823 0.311169 0.470761 0.000828593
0 0.365635 0.027075 0.706477 0.05415 0.00082824
0 0.565178 0.760208 0.522284 0.405302 0.00082665
2 0.416048 0.801406 0.598379 0.397188 0.000824462
0 0.386438 0.636991 0.0814411 0.0503446 0.000812014
0 0.548115 0.941318 0.564474 0.117365 0.000810791
0 0.11048 0.0252871 0.162557 0.0505743 0.00081053
2 0.562625 0.373076 0.518914 0.399897 0.000806886
0 0.443466 0.741758 0.147553 0.0971639 0.000800401
2 0.902119 0.368405 0.195762 0.354478 0.000796826
2 0.329153 0.845784 0.439411 0.308432 0.000795894
2 0.251352 0.877837 0.337992 0.244327 0.000794527
2 0.893556 0.317957 0.212888 0.365238 0.000793594
1 0.553061 0.0707645 0.769646 0.141529 0.000779378
0 0.931333 0.859378 0.137334 0.264924 0.000778921
2 0.648413 0.378998 0.50898 0.439864 0.000760537
0 0.510357 0.312625 0.208026 0.106315 0.000760123
0 0.136838 0.968072 0.273676 0.0638563 0.000757676
2 0.710364 0.271794 0.555252 0.472519 0.000756267
2 0.905954 0.478421 0.188092 0.380825 0.000748336
0 0.198186 0.981393 0.189163 0.0355046 0.000747913
0 0.578411 0.702421 0.432082 0.44996 0.000739127
1 0.551273 0.119476 0.769725 0.238952 0.000734144
2 0.510819 0.844079 0.675626 0.311842 0.000728704
0 0.274477 0.94957 0.335114 0.100594 0.000728163
0 0.709991 0.987755 0.0590984 0.0225488 0.000720907
1 0.508256 0.788664 0.706569 0.422671 0.000719902
0 0.327504 0.942974 0.132124 0.0779808 0.000716322
1 0.595681 0.861957 0.581757 0.276085 0.000715523
0 0.884291 0.89723 0.231418 0.205541 0.000711177
2 0.705752 0.733279 0.513095 0.478036 0.000709101
0 0.616825 0.810137 0.484844 0.373527 0.000702561
1 0.696472 0.720247 0.520023 0.420331 0.000698041
2 0.520425 0.468503 0.413162 0.445984 0.000696996
0 0.4748 0.974224 0.30104 0.0510647 0.000691586
0 0.852501 0.986947 0.294997 0.0261061 0.00069136
1 0.736821 0.0744896 0.491005 0.148979 0.000689242
0 0.858539 0.967617 0.282923 0.0647652 0.000688413
2 0.396811 0.410792 0.500452 0.350127 0.000686097
2 0.200094 0.848018 0.311856 0.291059 0.000680412
1 0.906659 0.780408 0.158718 0.384044 0.000679092
0 0.527097 0.0262617 0.794552 0.0525235 0.000673449
2 0.81632 0.586658 0.284917 0.54629 0.000672633
2 0.552145 0.413334 0.432937 0.367295 0.000668994
1 0.9372 0.130519 0.125599 0.261037 0.000667892
1 0.843213 0.0808592 0.300963 0.161718 0.000665491
2 0.871987 0.181642 0.256027 0.351361 0.000657572
2 0.18265 0.301574 0.317055 0.375013 0.000656576
1 0.190247 0.884531 0.325164 0.230938 0.000655649
2 0.744199 0.46071 0.361358 0.460689 0.000653165
0 0.432457 0.525486 0.400249 0.208827 0.000652077
2 0.442297 0.732083 0.598888 0.384598 0.000650406
0 0.39399 0.641146 0.0695626 0.0431914 0.000642001
2 0.864779 0.112819 0.255667 0.225637 0.000628984
2 0.805347 0.263329 0.389306 0.442637 0.000624235
2 0.749589 0.348936 0.433824 0.425985 0.000620019
2 0.899782 0.793187 0.171113 0.37464 0.000618878
1 0.822981 0.0287378 0.354037 0.0570007 0.000618362
1 0.656404 0.026756 0.687191 0.0530323 0.000610736
2 0.4143 0.875361 0.508179 0.249279 0.000602902
2 0.254801 0.703564 0.351399 0.47105 0.000601193
1 0.535625 0.94031 0.609738 0.11938 0.000599336
0 0.481291 0.541892 0.477871 0.245274 0.000596713
1 0.771185 0.188511 0.457629 0.37246 0.000583232
2 0.188832 0.361214 0.318451 0.320514 0.000580317
1 0.871533 0.0972648 0.256934 0.19453 0.000580305
0 0.544209 0.693411 0.387561 0.195649 0.00057768
0 0.163502 0.981036 0.0617836 0.0348515 0.000571882
1 0.741198 0.110594 0.459462 0.221188 0.000565101
1 0.851733 0.0387685 0.296535 0.077537 0.000561985
0 0.506933 0.97997 0.381245 0.0399801 0.000561419
1 0.0969113 0.0451507 0.193823 0.0877652 0.000560493
0 0.737138 0.990478 0.0720992 0.0189278 0.000548842
0 0.406925 0.761768 0.0738949 0.0591086 0.000544985
0 0.737302 0.808229 0.437255 0.375502 0.000537626
0 0.468089 0.739634 0.165165 0.0790665 0.000537486
2 0.222648 0.767151 0.335664 0.396568 0.000534223
0 0.340349 0.958788 0.105395 0.0435465 0.00053265
2 0.825678 0.325778 0.32572 0.39699 0.000532202
2 0.831238 0.37895 0.277925 0.386793 0.000523
0 0.148251 0.982203 0.233999 0.0344286 0.000519622
0 0.82589 0.907262 0.341418 0.185476 0.000519136
0 0.906243 0.993172 0.0893998 0.0136564 0.000515183
0 0.918095 0.960358 0.146375 0.0792849 0.000511552
0 0.129062 0.365258 0.0676268 0.02533 0.000507646
0 0.249338 0.981297 0.288481 0.0374052 0.000502827
0 0.740632 0.914302 0.483023 0.171396 0.000500064
0 0.805887 0.98646 0.370904 0.0270806 0.000499396
2 0.832059 0.514085 0.253611 0.502292 0.000494187
2 0.416961 0.651197 0.515918 0.374735 0.000490128
0 0.878973 0.851863 0.217277 0.284708 0.000489474
1 0.0784742 0.0596182 0.156948 0.114132 0.000486727
0 0.910946 0.937376 0.145136 0.050585 0.000481501
0 0.398986 0.36563 0.211745 0.212355 0.00047305
0 0.654183 0.919048 0.611746 0.161905 0.000461522
0 0.255544 0.59084 0.109663 0.0594746 0.000460064
0 0.284121 0.240562 0.0531105 0.0255456 0.00044558
0 0.114497 0.00830492 0.164373 0.0166098 0.000440117
0 0.723364 0.987235 0.0484582 0.0230206 0.000434835
0 0.663396 0.720726 0.203021 0.20362 0.00043329
0 0.433957 0.013557 0.225732 0.0269856 0.000421131
0 0.0857004 0.985958 0.171401 0.0280837 0.000420403
1 0.56272 0.668187 0.423287 0.358014 0.000412796
0 0.385308 0.553694 0.222047 0.14487 0.000408855
0 0.193548 0.978198 0.121938 0.0402219 0.000404721
0 0.31815 0.916696 0.0594827 0.0376932 0.000401565
0 0.542976 0.984204 0.419967 0.0306534 0.000393397
0 0.304632 0.91978 0.0365022 0.0333648 0.000390728
0 0.340122 0.530169 0.174886 0.0957474 0.000385841
0 0.705882 0.781249 0.114943 0.0760314 0.000385143
0 0.267352 0.580315 0.085025 0.0394747 0.000383265
0 0.11862 0.368795 0.0421244 0.0386607 0.000375551
1 0.224866 0.0250461 0.364134 0.0500922 0.000372694
0 0.45242 0.0894519 0.0461439 0.019872 0.000371278
0 0.771632 0.454606 0.0505228 0.0458142 0.000364803
0 0.22378 0.825715 0.063683 0.0438942 0.000363925
0 0.762947 0.457437 0.0685041 0.0417677 0.000361525
0 0.612433 0.530815 0.210599 0.221026 0.000360373
0 0.920986 0.812537 0.0506907 0.0245334 0.00035739
0 0.0983082 0.370518 0.0726408 0.0445344 0.000354036
0 0.553023 0.481932 0.153822 0.12337 0.000353431
0 0.523198 0.300738 0.171418 0.0796912 0.000346773
0 0.236066 0.585458 0.148233 0.118468 0.000337953
0 0.669579 0.987056 0.366383 0.0257181 0.000337556
0 0.295724 0.971207 0.214107 0.0562446 0.000333703
0 0.933781 0.982396 0.132438 0.0352072 0.000329822
0 0.487179 0.0129217 0.268152 0.0256597 0.000317814
0 0.988326 0.0156588 0.0233477 0.0296572 0.000315169
0 0.387821 0.0149665 0.258952 0.029933 0.000314748
0 0.881739 0.311847 0.114378 0.0720404 0.000313506
0 0.469169 0.511403 0.325117 0.178515 0.000308329
0 0.595408 0.777707 0.34948 0.0897546 0.000306244
0 0.173864 0.981086 0.0612901 0.0357249 0.000306106
0 0.209647 0.501867 0.0331776 0.0235548 0.000304648
0 0.258262 0.826185 0.0996109 0.0424505 0.000302229
0 0.399332 0.0257057 0.205531 0.0490962 0.000301262
0 0.845759 0.34274 0.158806 0.115661 0.000299706
0 0.870734 0.324163 0.129756 0.089876 0.00029839
0 0.956934 0.930693 0.0332357 0.0288994 0.000297547
2 0.5384 0.0335593 0.325617 0.0634756 0.000292459
0 0.810658 0.422172 0.153438 0.104952 0.000291713
0 0.771921 0.977603 0.23162 0.044795 0.00028981
2 0.067984 0.0326688 0.135968 0.0651296 0.000288751
0 0.572884 0.537826 0.170773 0.230518 0.000287201
0 0.529305 0.324511 0.172894 0.130678 0.000286214
0 0.826175 0.150299 0.0565141 0.0505251 0.000285676
0 0.0899584 0.361694 0.0754402 0.0346176 0.000284438
0 0.629308 0.620348 0.190744 0.087417 0.000283089
0 0.11823 0.0826785 0.169673 0.149957 0.000282856
0 0.519834 0.190708 0.0532006 0.0287486 0.000281324
0 0.129915 0.907046 0.119238 0.10829 0.000280657
0 0.306086 0.974254 0.17575 0.0514919 0.000280542
0 0.33824 0.934595 0.129617 0.130811 0.000278351
0 0.708773 0.217079 0.0511977 0.036105 0.000277615
0 0.596145 0.788584 0.402093 0.0704543 0.000273376
0 0.301545 0.948208 0.190118 0.0913542 0.000269089
0 0.900126 0.940559 0.175174 0.0741756 0.000269024
2 0.00114325 0.586927 0.00228649 0.175874 0.000268641
0 0.260692 0.25852 0.116765 0.0809463 0.00026794
0 0.638432 0.788314 0.279438 0.069962 0.000267541
0 0.916955 0.797786 0.166089 0.130536 0.000266705
0 0.337341 0.0166666 0.238137 0.0333333 0.000266239
0 0.514641 0.200394 0.0702607 0.0540759 0.000266152
0 0.995458 0.341568 0.00908343 0.221278 0.00026346
0 0.248679 0.272487 0.131983 0.0994503 0.000263244
0 0.99518 0.125937 0.00964062 0.217754 0.000262826
0 0.551222 0.503519 0.168333 0.167867 0.000262117
0 0.407767 0.584038 0.132748 0.155608 0.000261719
0 0.896127 0.800062 0.139921 0.0559361 0.000259542
0 0.195518 0.994708 0.0886359 0.0105829 0.000259381
0 0.795133 0.432892 0.11803 0.0834672 0.000259095
0 0.158071 0.978557 0.134955 0.0402786 0.000258938
0 0.250105 0.952292 0.253501 0.0954161 0.000257478
1 0.0780697 0.967144 0.156139 0.0652584 0.000257368
0 0.760907 0.701203 0.266177 0.305109 0.000256539
0 0.0819865 0.377493 0.0910563 0.0489919 0.000256205
2 0.132002 0.147237 0.162761 0.151431 0.000255943
2 0.615972 0.0339531 0.269239 0.0633955 0.000255662
2 0.477148 0.0300168 0.310312 0.0578052 0.000255576
