0 0.732753 0.863147 0.398611 0.271271 0.942817
2 0.164542 0.20232 0.329085 0.32353 0.70891
2 0.500807 0.391574 0.979238 0.717838 0.672036
0 0.530427 0.564719 0.901897 0.432424 0.345115
0 0.0361412 0.679865 0.0718763 0.0591984 0.260345
2 0.407113 0.97824 0.162239 0.04343 0.248261
0 0.078316 0.619962 0.0623632 0.0610341 0.183012
2 0.236143 0.202262 0.472285 0.333879 0.171856
0 0.418022 0.57042 0.663017 0.40892 0.166762
2 0.235343 0.0345094 0.203679 0.0672581 0.100043
2 0.453745 0.978536 0.302693 0.0429272 0.0566127
0 0.387707 0.978608 0.119467 0.0421803 0.0524885
0 0.281171 0.568388 0.394287 0.406639 0.0462503
0 0.917983 0.972618 0.0293251 0.0211819 0.0450881
0 0.52913 0.413125 0.914906 0.753356 0.0436232
2 0.603944 0.326512 0.76363 0.600822 0.0392815
0 0.0711662 0.637638 0.0319647 0.0257029 0.0368063
2 0.372467 0.978776 0.239074 0.0424339 0.0299119
0 0.297736 0.698204 0.172269 0.140147 0.0185868
2 0.374486 0.979842 0.146278 0.0395481 0.0131626
0 0.0341146 0.673028 0.0682292 0.0871925 0.0125302
0 0.034489 0.700411 0.068978 0.111305 0.0122239
0 0.0509994 0.65843 0.101999 0.171044 0.0119092
0 0.0776645 0.607847 0.060251 0.0389564 0.0116589
0 0.44985 0.974603 0.411204 0.0507939 0.0115269
0 0.0714611 0.630835 0.0343288 0.0392934 0.0100202
0 0.78923 0.747465 0.05122 0.0414625 0.00983496
0 0.757353 0.753851 0.118948 0.0541534 0.00897727
0 0.578781 0.957059 0.632638 0.0839382 0.00811302
2 0.811072 0.474473 0.364192 0.271574 0.00727771
0 0.200258 0.621078 0.193618 0.185016 0.00721562
0 0.372093 0.984404 0.0919038 0.0310344 0.0065135
0 0.23277 0.695651 0.0382236 0.0258215 0.00618175
0 0.31278 0.709759 0.144542 0.117959 0.00617719
0 0.227801 0.675238 0.0520133 0.0713794 0.00615025
0 0.346873 0.73306 0.0736959 0.0694261 0.00556467
1 0.359252 0.977683 0.244497 0.0446332 0.00549646
0 0.7268 0.757606 0.0555794 0.0509294 0.00480251
0 0.335586 0.975407 0.395709 0.0491856 0.00470581
0 0.615629 0.862876 0.64982 0.270471 0.00438142
0 0.341449 0.982141 0.195625 0.0351319 0.0042851
0 0.568816 0.656079 0.076511 0.0923674 0.00397965
0 0.525975 0.660539 0.167726 0.114943 0.00397753
2 0.735235 0.342781 0.50813 0.561162 0.00345202
0 0.56489 0.684766 0.0692124 0.0763939 0.00336545
2 0.421389 0.198818 0.842778 0.352184 0.00333996
0 0.276255 0.39047 0.0841756 0.0554602 0.00328411
0 0.888219 0.95027 0.0875369 0.0622211 0.00319402
0 0.356812 0.738128 0.0531517 0.0614517 0.00315592
0 0.341764 0.678931 0.069718 0.0935399 0.00310269
0 0.0721915 0.6595 0.0696807 0.142037 0.00267634
0 0.0482626 0.643615 0.0948533 0.277195 0.00264949
0 0.253842 0.590919 0.0706461 0.0578787 0.00250979
0 0.151038 0.563524 0.0917944 0.0745153 0.00243985
2 0.40624 0.946765 0.211842 0.106471 0.00241067
2 0.275123 0.0335212 0.540155 0.0670425 0.00237306
0 0.23513 0.631955 0.0635477 0.0737881 0.00236452
0 0.0318332 0.725324 0.0636664 0.239107 0.00226522
0 0.337417 0.54737 0.514163 0.476486 0.00218813
0 0.886366 0.935293 0.0830091 0.055957 0.00211934
0 0.248706 0.616714 0.0919925 0.0999628 0.00211352
0 0.372479 0.538185 0.325393 0.212888 0.00209454
0 0.350732 0.746086 0.0653265 0.0448032 0.00209329
0 0.458396 0.947394 0.446482 0.105212 0.00205282
2 0.969302 0.140058 0.0613963 0.280117 0.00204791
0 0.826119 0.992713 0.0491285 0.0145745 0.00201856
2 0.117041 0.185374 0.234083 0.340623 0.00198927
0 0.20883 0.0358128 0.290344 0.0712855 0.00193536
0 0.139705 0.322069 0.187982 0.0743012 0.00191179
0 0.513889 0.638399 0.191962 0.155297 0.0018563
0 0.19591 0.653973 0.154441 0.118737 0.00184781
0 0.568722 0.672629 0.0727344 0.0545217 0.00184421
2 0.211014 0.046314 0.422028 0.092628 0.00182216
0 0.559549 0.642912 0.0957526 0.0807067 0.00179177
2 0.384853 0.0339759 0.769707 0.0668446 0.00178451
0 0.966095 0.0998134 0.0673633 0.118683 0.00172682
0 0.971239 0.0922452 0.057522 0.182651 0.00172154
0 0.0752872 0.70433 0.150498 0.339326 0.0016664
0 0.358601 0.755211 0.0473254 0.0270901 0.00166538
2 0.202039 0.0346583 0.300353 0.0682333 0.00163151
0 0.712565 0.572522 0.549232 0.296447 0.00161727
0 0.0917991 0.766233 0.183598 0.413254 0.00160133
0 0.799194 0.861354 0.265062 0.273972 0.00157806
0 0.882242 0.817762 0.235515 0.336624 0.00157194
0 0.258562 0.0323432 0.255834 0.0640232 0.00153485
0 0.266569 0.0257614 0.12952 0.0515227 0.00151897
1 0.199414 0.448123 0.398827 0.480967 0.00150691
0 0.255233 0.630983 0.323089 0.276665 0.00150026
0 0.233256 0.772439 0.462673 0.384374 0.00149194
0 0.279534 0.972648 0.467932 0.0538063 0.00148411
2 0.869929 0.776257 0.260143 0.385284 0.00148023
2 0.965441 0.226718 0.0690123 0.397473 0.00147752
2 0.238068 0.0203132 0.243232 0.0406264 0.00146101
2 0.630793 0.264814 0.554162 0.44131 0.00145073
0 0.837009 0.857988 0.325983 0.281669 0.00143717
0 0.615162 0.934364 0.0881808 0.0603004 0.00143399
2 0.498176 0.976827 0.403326 0.0463454 0.00140547
0 0.293222 0.662261 0.187557 0.155492 0.00140193
2 0.228299 0.323097 0.456599 0.507593 0.00139836
0 0.915989 0.967845 0.0337837 0.0371256 0.00139586
0 0.579423 0.979164 0.0739611 0.0408443 0.00134254
2 0.815475 0.397341 0.355943 0.436371 0.00133397
2 0.832754 0.720421 0.321777 0.420373 0.00133208
0 0.865318 0.949845 0.0409389 0.0236168 0.00132063
2 0.189063 0.100955 0.378126 0.200551 0.00132031
2 0.482138 0.254776 0.961247 0.472339 0.00131726
0 0.0526191 0.598261 0.0988549 0.381733 0.00131649
1 0.244775 0.965571 0.48051 0.0680535 0.00130993
2 0.881245 0.275103 0.228265 0.513702 0.00130829
0 0.0465166 0.740843 0.0930331 0.385783 0.00130328
0 0.982698 0.541613 0.0337049 0.0951899 0.00130181
2 0.123219 0.423183 0.246438 0.500984 0.00130074
0 0.533968 0.6489 0.880181 0.409871 0.00128868
1 0.839882 0.575168 0.320237 0.385566 0.00128042
0 0.874612 0.976204 0.123097 0.0364775 0.00127261
2 0.105979 0.790626 0.211958 0.380536 0.0012662
2 0.750151 0.246417 0.473453 0.46627 0.00123903
0 0.336615 0.671555 0.0571588 0.0794773 0.00121642
2 0.95262 0.265347 0.0908203 0.389322 0.00121432
2 0.927974 0.346826 0.136405 0.430206 0.00121411
1 0.127441 0.850576 0.254883 0.27955 0.00120895
0 0.702396 0.62645 0.55431 0.251255 0.00119153
0 0.565426 0.695564 0.061416 0.0501274 0.00118504
2 0.0494991 0.764661 0.0989981 0.358468 0.00118059
0 0.591232 0.733622 0.800031 0.513625 0.00117992
1 0.55168 0.720284 0.836825 0.559433 0.00117664
0 0.548851 0.662072 0.119663 0.112813 0.00116216
0 0.577542 0.984712 0.068319 0.0305752 0.00115971
2 0.0674651 0.503099 0.13493 0.496776 0.00115399
0 0.527999 0.972521 0.44236 0.0549578 0.00114159
1 0.821564 0.780426 0.325079 0.41091 0.00113345
1 0.766554 0.702008 0.453209 0.528778 0.00112605
2 0.976045 0.0826611 0.0479091 0.165322 0.00112099
0 0.559489 0.615123 0.308141 0.194876 0.00111453
0 0.234649 0.664221 0.452925 0.227158 0.00110746
2 0.854463 0.703673 0.291074 0.36665 0.00110487
2 0.864716 0.339783 0.259691 0.575498 0.00110206
2 0.885112 0.41142 0.219467 0.392078 0.0011004
2 0.858747 0.219441 0.2768 0.430852 0.00110024
0 0.775069 0.554826 0.440982 0.371235 0.00109751
0 0.368803 0.951007 0.370654 0.0979866 0.00109251
0 0.5685 0.702596 0.0507698 0.0370234 0.00109119
1 0.232499 0.94256 0.464997 0.114879 0.00108706
2 0.260345 0.0256297 0.142195 0.0512594 0.00105951
0 0.620903 0.942342 0.1644 0.115315 0.0010539
0 0.182596 0.819785 0.354295 0.330494 0.00104919
2 0.36442 0.946026 0.248117 0.107948 0.00104224
0 0.964934 0.143874 0.0701321 0.202459 0.00104031
2 0.726103 0.689901 0.539286 0.397396 0.00103629
2 0.144922 0.526625 0.287549 0.47323 0.00103366
1 0.0361941 0.732992 0.0713284 0.273725 0.00103098
1 0.729349 0.109488 0.478537 0.218977 0.00102841
0 0.6809 0.75837 0.598191 0.48326 0.00102677
2 0.274329 0.401547 0.476886 0.748675 0.00102445
0 0.267177 0.724584 0.423201 0.385359 0.00102045
2 0.0537097 0.545934 0.107241 0.472847 0.00101775
2 0.520486 0.708658 0.848912 0.582684 0.00101477
0 0.197349 0.667655 0.114744 0.088906 0.00101275
2 0.161393 0.154949 0.307943 0.225349 0.00100434
2 0.734291 0.183714 0.479426 0.366262 0.0010024
1 0.163102 0.94243 0.326204 0.10986 0.000994903
1 0.181967 0.872715 0.359154 0.244864 0.000993218
1 0.2788 0.818853 0.444227 0.341021 0.000976202
2 0.437192 0.0850231 0.849512 0.170046 0.000972461
2 0.386233 0.103393 0.149755 0.144045 0.000966628
0 0.627117 0.0852869 0.090311 0.05755 0.000923294
0 0.788106 0.87525 0.423788 0.2495 0.000918697
0 0.90932 0.973764 0.0520078 0.0243583 0.000918618
0 0.896407 0.932798 0.058668 0.0505215 0.000915651
1 0.0636895 0.815235 0.127379 0.316397 0.000911701
1 0.583769 0.805544 0.741297 0.387209 0.00090705
2 0.347643 0.819224 0.449227 0.344249 0.000905689
1 0.262493 0.875337 0.442447 0.249326 0.000893983
2 0.796475 0.472607 0.349926 0.19311 0.000882033
0 0.759159 0.491623 0.46362 0.319008 0.000877213
0 0.202825 0.568814 0.196407 0.101308 0.000856566
1 0.623604 0.118371 0.573885 0.236741 0.000852671
1 0.107827 0.930511 0.215654 0.122468 0.000850428
2 0.0916013 0.0522234 0.181854 0.104447 0.000846692
0 0.346862 0.716298 0.0722915 0.099336 0.000840668
2 0.830959 0.173521 0.329878 0.347042 0.000833895
0 0.403212 0.0647649 0.127766 0.0687237 0.000831876
0 0.735547 0.773711 0.454595 0.452577 0.00083118
0 0.417683 0.986199 0.135857 0.027463 0.000830598
0 0.400628 0.977832 0.183483 0.0436505 0.000829354
0 0.542322 0.676087 0.123923 0.0899451 0.00082879
0 0.28984 0.026075 0.0744013 0.05215 0.000828362
0 0.311867 0.729871 0.147144 0.075622 0.000824752
0 0.282464 0.672092 0.378108 0.412087 0.000820909
0 0.270686 0.038535 0.317527 0.0725162 0.000814905
0 0.20448 0.02814 0.14271 0.0556447 0.000810655
0 0.863131 0.974172 0.142956 0.0451202 0.000804854
1 0.126239 0.962893 0.252478 0.0742134 0.0007994
2 0.521743 0.230456 0.662722 0.449531 0.000787643
2 0.551301 0.0261384 0.692842 0.0522769 0.000785324
2 0.843055 0.434339 0.302765 0.360352 0.000783365
0 0.327293 0.878965 0.401334 0.24207 0.000779832
0 0.71322 0.579777 0.162381 0.063365 0.000773687
0 0.292951 0.630964 0.465742 0.287555 0.000761106
2 0.81798 0.115928 0.350453 0.231855 0.000758546
0 0.983493 0.55502 0.0317274 0.0808796 0.000733609
0 0.422887 0.877648 0.478703 0.244703 0.000730361
2 0.372491 0.390925 0.659817 0.775028 0.000728295
1 0.749649 0.0302449 0.500702 0.060317 0.00072598
1 0.915634 0.0877238 0.168732 0.175448 0.000719811
1 0.814096 0.061101 0.371808 0.121797 0.000718742
0 0.283764 0.665542 0.194683 0.106164 0.000715735
2 0.404548 0.0850365 0.125474 0.106964 0.000715636
0 0.116919 0.305822 0.229174 0.108812 0.000712536
2 0.090591 0.559582 0.169245 0.450223 0.000711704
0 0.228477 0.651188 0.0487333 0.0375057 0.000710433
2 0.543356 0.798691 0.758716 0.402618 0.000709484
0 0.348737 0.992361 0.118194 0.0152775 0.000698864
0 0.205646 0.563422 0.298152 0.434883 0.000695563
0 0.750299 0.768238 0.124188 0.0775307 0.000692666
0 0.882973 0.919877 0.0871722 0.0837764 0.000673679
1 0.624198 0.0256709 0.656309 0.0513418 0.000667398
2 0.195041 0.547953 0.318218 0.478125 0.00064618
0 0.980373 0.501356 0.0378321 0.230528 0.000632597
0 0.51781 0.614456 0.233067 0.168182 0.000628548
2 0.986906 0.0763555 0.0252324 0.131009 0.00061925
0 0.357627 0.120974 0.226723 0.184453 0.000614388
2 0.0167501 0.0654024 0.0334038 0.12823 0.000609051
0 0.320248 0.349012 0.101011 0.055931 0.000607375
0 0.62101 0.90784 0.162283 0.183424 0.000603288
0 0.283645 0.63981 0.204293 0.224166 0.000602945
2 0.876134 0.422906 0.229435 0.101001 0.000598882
0 0.653445 0.953243 0.23321 0.0935132 0.000596824
0 0.893559 0.920787 0.0657442 0.0773937 0.0005862
0 0.920655 0.978411 0.0473621 0.0382614 0.000580819
2 0.366419 0.11615 0.201681 0.172728 0.000580515
1 0.457585 0.689815 0.699399 0.505873 0.000579454
0 0.196623 0.0307082 0.0542309 0.0289818 0.000579439
0 0.824571 0.98987 0.0553977 0.0196609 0.000575677
0 0.881185 0.943081 0.075162 0.0355673 0.000568001
0 0.343256 0.533551 0.407942 0.179358 0.000566343
0 0.504639 0.600969 0.206082 0.127826 0.000563674
0 0.817924 0.993368 0.0779837 0.0132634 0.000563634
2 0.027694 0.226299 0.055388 0.162699 0.00055095
2 0.0746212 0.231541 0.149221 0.175327 0.000549104
0 0.276412 0.646458 0.183892 0.136353 0.000548444
2 0.410591 0.0726348 0.112758 0.0812158 0.00054522
0 0.289297 0.339451 0.167745 0.0643139 0.000544876
0 0.0190892 0.665631 0.0381784 0.0297353 0.000533225
2 0.0376014 0.200744 0.0752028 0.197455 0.000522466
0 0.0473695 0.689444 0.0421622 0.0395592 0.000517339
0 0.565864 0.991546 0.0803731 0.0169082 0.000513074
0 0.876668 0.394522 0.20411 0.209777 0.000511116
0 0.296271 0.719233 0.182751 0.100982 0.0005083
2 0.0449786 0.185099 0.0899571 0.243268 0.000500075
0 0.980136 0.295923 0.0393273 0.176071 0.000496849
0 0.965982 0.199131 0.0674777 0.27402 0.000495292
0 0.0539192 0.665427 0.107336 0.105727 0.000493613
0 0.299085 0.00846843 0.0564388 0.0169369 0.000493162
2 0.126222 0.0355881 0.229381 0.0678958 0.000488913
0 0.967419 0.0699772 0.0649385 0.135625 0.000487792
2 0.809781 0.44397 0.357845 0.149567 0.000481556
0 0.247681 0.391866 0.147434 0.062609 0.000472812
0 0.919758 0.977506 0.160484 0.040892 0.000468752
0 0.477486 0.576012 0.0992044 0.0810562 0.000463938
0 0.769569 0.745962 0.0886363 0.0373972 0.000463132
2 0.963775 0.0584334 0.0724502 0.11181 0.000462923
0 0.606328 0.965895 0.203303 0.0678287 0.000462914
0 0.376009 0.499949 0.299366 0.221272 0.000461956
0 0.454986 0.547845 0.279712 0.234027 0.000461941
0 0.450656 0.576425 0.172078 0.159826 0.000461807
2 0.0270114 0.0493461 0.0540229 0.0986922 0.000460877
0 0.0212846 0.756232 0.0425692 0.295857 0.000458598
0 0.232308 0.622192 0.257091 0.20633 0.000458307
2 0.0805474 0.186105 0.161095 0.23925 0.000454347
0 0.106021 0.971421 0.212042 0.0571573 0.000454055
2 0.967274 0.115537 0.0644843 0.118317 0.000453728
0 0.292226 0.438369 0.117672 0.0991932 0.000448551
0 0.183805 0.646813 0.199695 0.138204 0.00044264
0 0.265281 0.296741 0.337434 0.136826 0.000436989
0 0.975204 0.488136 0.0480672 0.299567 0.000431269
2 0.584018 0.0571337 0.253996 0.114267 0.000427828
0 0.69283 0.965706 0.321992 0.0685872 0.000421469
0 0.258838 0.272914 0.381236 0.189444 0.000418441
0 0.87848 0.946738 0.105436 0.0771305 0.000409913
0 0.0139432 0.543911 0.0278864 0.253604 0.000409792
0 0.323267 0.985183 0.271253 0.0296341 0.000404606
0 0.339585 0.567225 0.403916 0.262697 0.000400578
1 0.19018 0.321285 0.083836 0.0698082 0.000397923
0 0.967379 0.472457 0.0632797 0.289511 0.000396652
0 0.959943 0.968017 0.0801141 0.0639652 0.000394214
0 0.264558 0.53646 0.356144 0.180349 0.00039234
0 0.880989 0.397732 0.211958 0.0991718 0.000388912
0 0.977789 0.902227 0.0444216 0.195546 0.000374444
2 0.966231 0.369301 0.063467 0.280731 0.000373468
0 0.988283 0.56134 0.0234334 0.0903379 0.000373026
0 0.245104 0.58862 0.315016 0.263754 0.000370303
0 0.245492 0.565144 0.100205 0.0977117 0.000369783
0 0.607239 0.942066 0.102019 0.0774105 0.000368654
2 0.013988 0.0882286 0.0269988 0.176457 0.000368409
0 0.976822 0.250101 0.0458776 0.270443 0.000367643
0 0.380255 0.165871 0.256801 0.304106 0.000366416
2 0.278425 0.0263537 0.0990916 0.0524355 0.000363512
0 0.0203343 0.593644 0.0406685 0.297395 0.000361381
2 0.964358 0.0759188 0.0712847 0.151838 0.00036086
