0 0.395169 0.489232 0.205072 0.220592 0.923253
0 0.977983 0.331809 0.0425346 0.03378 0.109969
0 0.462609 0.755796 0.0673125 0.0581456 0.0111748
0 0.909722 0.787165 0.0323653 0.0255704 0.00503963
0 0.977257 0.343711 0.0454869 0.0607807 0.00338629
0 0.353569 0.418232 0.10978 0.0743596 0.00311801
0 0.972107 0.33201 0.0515211 0.0419146 0.00268854
0 0.437817 0.497869 0.29442 0.243183 0.00215851
0 0.464708 0.0151935 0.242418 0.0302287 0.00214042
0 0.804316 0.973915 0.391369 0.0521694 0.00207117
0 0.860568 0.974426 0.278864 0.0511487 0.00201394
0 0.907014 0.787051 0.0376096 0.0325299 0.00199725
0 0.408513 0.00574537 0.0726157 0.0114907 0.00197285
0 0.416675 0.00602222 0.100591 0.0120444 0.00150374
0 0.842581 0.874668 0.314837 0.248126 0.00149964
0 0.979062 0.353612 0.0418767 0.0834137 0.0014937
2 0.793765 0.849585 0.412469 0.300831 0.00148032
0 0.393861 0.539481 0.209344 0.336328 0.00148015
0 0.725224 0.0262434 0.549552 0.0524868 0.00135991
1 0.409312 0.0139409 0.229729 0.0273518 0.00135422
2 0.867608 0.834269 0.264784 0.329337 0.00130384
0 0.543061 0.0264858 0.574909 0.0529715 0.00129031
0 0.278787 0.87333 0.41737 0.25334 0.00126485
0 0.971698 0.363586 0.0566045 0.33061 0.00124212
2 0.0712891 0.619733 0.142578 0.539496 0.00121483
0 0.877195 0.977793 0.245609 0.0441239 0.00121049
2 0.129752 0.648293 0.259505 0.592361 0.00120861
2 0.627726 0.674933 0.644133 0.553653 0.00120625
2 0.182316 0.602427 0.364633 0.599441 0.00119929
2 0.713819 0.850239 0.415055 0.299523 0.00119282
0 0.88805 0.865023 0.215773 0.264449 0.00117941
2 0.0728494 0.512365 0.145699 0.476374 0.00117879
2 0.31899 0.440314 0.615101 0.575715 0.00117541
0 0.529435 0.501346 0.493994 0.291327 0.00115907
0 0.167624 0.178557 0.335248 0.353057 0.00114244
0 0.618615 0.0942222 0.719771 0.188444 0.00114193
0 0.0702454 0.449191 0.140491 0.481405 0.00113623
0 0.714865 0.0634894 0.566593 0.126622 0.00113142
0 0.714051 0.971872 0.467389 0.0559024 0.00113026
0 0.161811 0.875565 0.323622 0.243323 0.00112995
2 0.301126 0.851832 0.387463 0.289026 0.00112671
1 0.655229 0.972299 0.497339 0.0552142 0.00112494
2 0.564245 0.270451 0.819868 0.535339 0.00111858
0 0.850787 0.922372 0.296983 0.155257 0.00111556
2 0.334535 0.395303 0.460322 0.461553 0.00109092
2 0.729801 0.682844 0.540399 0.548045 0.00108458
0 0.766894 0.885498 0.438151 0.229003 0.00108451
2 0.216876 0.198055 0.433752 0.381167 0.00108382
0 0.374209 0.64316 0.254948 0.561178 0.00108205
2 0.281106 0.216641 0.529933 0.419271 0.00108056
2 0.135379 0.216241 0.270757 0.377661 0.00107477
2 0.155854 0.851638 0.308432 0.275317 0.00106231
0 0.427138 0.873498 0.448029 0.253003 0.00106226
2 0.630811 0.497429 0.721008 0.6471 0.00106074
2 0.11931 0.491008 0.23862 0.520466 0.00105931
1 0.570706 0.97396 0.571763 0.0520798 0.0010563
2 0.200425 0.514331 0.40085 0.590199 0.00105489
0 0.623049 0.0581445 0.678159 0.116083 0.00104765
2 0.127252 0.294604 0.254503 0.392411 0.00104464
0 0.804259 0.0268904 0.391481 0.0537808 0.00104439
0 0.124696 0.387501 0.249393 0.5025 0.00104414
0 0.265613 0.94362 0.515791 0.112761 0.00104127
2 0.576886 0.396922 0.795962 0.762361 0.00104018
0 0.445277 0.642836 0.313954 0.557614 0.00103888
2 0.708327 0.605412 0.583346 0.596783 0.00103542
2 0.220223 0.851675 0.360467 0.283562 0.00103451
2 0.0388833 0.769123 0.0777666 0.444139 0.00103354
2 0.680173 0.788199 0.478053 0.360881 0.00103306
2 0.915563 0.816924 0.158009 0.357087 0.00103038
0 0.533672 0.612695 0.506089 0.505353 0.00102932
0 0.157215 0.132366 0.314431 0.264732 0.00101885
1 0.422743 0.976087 0.606797 0.0478266 0.00101579
0 0.42184 0.412582 0.355274 0.404866 0.00101305
2 0.630553 0.821313 0.37842 0.282361 0.00101203
0 0.624789 0.178286 0.750421 0.356573 0.00101084
2 0.0528025 0.701346 0.105605 0.529135 0.00100417
2 0.0460394 0.815722 0.0920789 0.339618 0.000997605
2 0.093921 0.217383 0.187842 0.398341 0.000991436
0 0.735035 0.702096 0.529931 0.534237 0.000987139
0 0.76533 0.937498 0.469339 0.125004 0.00098599
2 0.248085 0.328034 0.49617 0.583944 0.000980482
0 0.34187 0.69196 0.351168 0.571221 0.000967392
0 0.413115 0.0139317 0.0959314 0.0276037 0.000965749
1 0.143543 0.87399 0.287087 0.245636 0.000964654
0 0.163931 0.73735 0.321271 0.4919 0.000961697
2 0.32659 0.261113 0.65318 0.510677 0.000944333
0 0.391692 0.0571368 0.662356 0.114274 0.000940957
0 0.261505 0.667274 0.46817 0.62579 0.000938601
0 0.786769 0.784345 0.426462 0.394077 0.000937173
0 0.877045 0.681736 0.245909 0.552593 0.000935557
0 0.697367 0.504378 0.605265 0.592517 0.000934281
0 0.921119 0.625833 0.15475 0.539741 0.000932799
0 0.0686415 0.355129 0.137283 0.470876 0.000925083
2 0.113342 0.765673 0.226684 0.43714 0.000920468
0 0.52543 0.107222 0.77082 0.214443 0.000918359
0 0.917281 0.330651 0.161598 0.43318 0.000915559
0 0.227509 0.165806 0.455018 0.328765 0.000912599
2 0.0742755 0.279268 0.148551 0.415932 0.000910025
0 0.62988 0.0188055 0.185413 0.0376111 0.000908761
2 0.377304 0.817207 0.407721 0.365587 0.000905634
2 0.558789 0.160398 0.824264 0.320796 0.000904133
0 0.881691 0.769736 0.236617 0.419946 0.000904004
0 0.162923 0.315675 0.325846 0.488992 0.000903955
2 0.685712 0.396502 0.628577 0.651901 0.000903443
0 0.968843 0.462164 0.0623147 0.357047 0.000901794
2 0.407503 0.659903 0.235576 0.54517 0.00089615
2 0.18216 0.407954 0.36432 0.575984 0.000889606
0 0.264625 0.115268 0.512037 0.230537 0.00088959
0 0.971296 0.286371 0.057256 0.342969 0.000881726
0 0.107194 0.120049 0.214016 0.240097 0.000876194
2 0.266867 0.574361 0.533734 0.491551 0.000875886
0 0.359026 0.0265822 0.684554 0.0531643 0.000868409
2 0.378459 0.769078 0.354968 0.393668 0.000865236
0 0.184466 0.942958 0.368931 0.114085 0.000865127
2 0.444815 0.85008 0.376597 0.29984 0.000864873
0 0.890643 0.36779 0.209437 0.597405 0.000858688
0 0.428895 0.0143945 0.137196 0.0285304 0.000841009
0 0.744931 0.255637 0.502505 0.509194 0.000840477
0 0.925347 0.521975 0.146108 0.503519 0.000835931
2 0.421931 0.362844 0.703393 0.673748 0.000831382
2 0.315125 0.160949 0.628468 0.320729 0.000828385
0 0.363106 0.109892 0.655153 0.219784 0.000826435
2 0.43732 0.744299 0.290286 0.367175 0.000825825
1 0.293853 0.975929 0.557126 0.0481425 0.00081479
0 0.880039 0.576561 0.239921 0.631591 0.000812244
0 0.968081 0.535015 0.0638385 0.394716 0.00080966
0 0.924494 0.425411 0.146751 0.422485 0.000807713
0 0.92112 0.713007 0.152192 0.465273 0.000807241
0 0.381145 0.947347 0.630371 0.105306 0.000803241
2 0.233648 0.779377 0.377106 0.40425 0.000797778
0 0.271017 0.0585901 0.534805 0.117036 0.000796059
0 0.446652 0.15372 0.758994 0.307441 0.000792731
2 0.468724 0.806923 0.340569 0.386155 0.000788816
0 0.876848 0.292015 0.235698 0.54718 0.00078817
0 0.531764 0.871885 0.46701 0.25623 0.00078637
0 0.891045 0.467545 0.21791 0.541697 0.000777694
0 0.126016 0.068318 0.252031 0.136288 0.000772595
0 0.505647 0.410718 0.548147 0.499613 0.000767645
0 0.951171 0.865192 0.0976574 0.261628 0.000762052
1 0.0806394 0.854289 0.161279 0.271831 0.000754187
1 0.37321 0.0132868 0.212068 0.026284 0.000752925
1 0.152488 0.947789 0.304976 0.102925 0.000740983
0 0.773407 0.0990039 0.451603 0.198008 0.00074032
2 0.592208 0.801343 0.314827 0.254736 0.00073737
0 0.327433 0.414643 0.0625966 0.0789474 0.000725714
0 0.968211 0.604116 0.0635784 0.405501 0.000725233
0 0.365473 0.481076 0.287337 0.297165 0.000718789
0 0.260876 0.0281824 0.514569 0.0563648 0.000709815
2 0.96429 0.792023 0.0714203 0.339807 0.000688396
1 0.729305 0.948414 0.501521 0.102775 0.00068714
0 0.901354 0.785461 0.0511757 0.0265235 0.000684964
0 0.834212 0.978657 0.231807 0.0426859 0.000680324
1 0.207447 0.974467 0.414894 0.0510664 0.000673486
1 0.122627 0.938629 0.245254 0.111274 0.000670322
0 0.365978 0.486537 0.145537 0.223434 0.000665882
0 0.171082 0.0293182 0.342163 0.0586364 0.000663262
1 0.711901 0.881818 0.441992 0.236364 0.000655431
2 0.541659 0.847916 0.343142 0.292703 0.000655113
1 0.469906 0.0218274 0.242831 0.042736 0.000654006
0 0.967888 0.709021 0.0642246 0.375679 0.000652092
0 0.976575 0.378229 0.0465426 0.173329 0.000644031
0 0.836806 0.0781386 0.325596 0.156277 0.000637967
0 0.46602 0.475562 0.359902 0.253494 0.000625686
0 0.965173 0.2297 0.0686607 0.408805 0.000625074
0 0.433007 0.00582008 0.143341 0.0116402 0.000622048
2 0.551969 0.798697 0.31143 0.344767 0.000617952
0 0.970275 0.335999 0.0566945 0.0611505 0.000614016
0 0.337629 0.405412 0.0830629 0.056817 0.000610219
0 0.125437 0.0328401 0.250875 0.063847 0.00060974
0 0.0185598 0.25568 0.0371197 0.201515 0.000608896
1 0.130131 0.968289 0.260261 0.0634228 0.000606056
2 0.544971 0.670748 0.462646 0.576469 0.0006053
0 0.774804 0.188962 0.449122 0.374845 0.000598481
0 0.487148 0.02271 0.260667 0.0444541 0.000592895
0 0.514958 0.0160636 0.306282 0.0318204 0.00058885
0 0.84217 0.0151646 0.234197 0.0303291 0.00058321
2 0.523032 0.734844 0.296911 0.355679 0.000569134
0 0.0218921 0.228971 0.0437842 0.220033 0.000566475
0 0.535996 0.943591 0.611208 0.112817 0.000562536
0 0.0150249 0.377795 0.0300498 0.152899 0.000553963
0 0.843285 0.116662 0.313297 0.233324 0.000546812
0 0.681006 0.0171301 0.274396 0.0342602 0.000544894
0 0.969834 0.35799 0.057648 0.0896059 0.000544605
1 0.622643 0.944812 0.53506 0.110376 0.00053555
1 0.81565 0.0148879 0.260643 0.0295942 0.000529738
0 0.905343 0.186057 0.189314 0.370548 0.000520614
2 0.66124 0.873399 0.475613 0.253202 0.00051376
2 0.463864 0.663551 0.331233 0.560689 0.000506081
0 0.449902 0.763206 0.0999506 0.0706652 0.000499276
0 0.0140498 0.267597 0.0280995 0.204104 0.000489257
0 0.352714 0.0132564 0.208779 0.025946 0.000477297
0 0.0144821 0.405657 0.0289642 0.185478 0.000476802
0 0.483666 0.758308 0.107129 0.0619736 0.000474821
0 0.0130538 0.798862 0.0261077 0.190125 0.000474759
0 0.0133392 0.323828 0.0266783 0.133525 0.000469112
0 0.959002 0.321387 0.081016 0.148474 0.000461047
0 0.0126545 0.709088 0.0253091 0.171071 0.000459221
0 0.779066 0.127714 0.0438675 0.0306776 0.000449391
0 0.0854964 0.477375 0.170993 0.247971 0.000420324
0 0.765833 0.980173 0.296993 0.0396533 0.000412767
0 0.00750723 0.788015 0.0149721 0.0256553 0.00040845
0 0.321096 0.396539 0.0478102 0.040616 0.000402371
0 0.906731 0.795756 0.0467846 0.0413846 0.000401828
0 0.404919 0.423679 0.193993 0.0925886 0.000401651
0 0.358454 0.0278174 0.19216 0.0532764 0.00039481
1 0.76815 0.0142751 0.229902 0.0284466 0.000389537
0 0.0142819 0.34652 0.0285639 0.164679 0.000389386
0 0.0172361 0.205546 0.0344722 0.2255 0.000386093
0 0.0139531 0.179489 0.0279062 0.178453 0.000385825
0 0.775393 0.129184 0.0664919 0.0614386 0.000382712
0 0.0131485 0.549587 0.026297 0.118308 0.000382639
0 0.955092 0.298926 0.0887106 0.210101 0.000378336
0 0.678396 0.0250749 0.284904 0.0491375 0.000377737
0 0.97413 0.841493 0.0517393 0.224925 0.000364509
0 0.321029 0.39 0.0369616 0.029394 0.000359995
0 0.89197 0.785968 0.102825 0.0819728 0.000356469
0 0.598606 0.0255156 0.242587 0.0496678 0.00035439
0 0.439328 0.789383 0.122656 0.125535 0.000352507
0 0.376865 0.564934 0.0937175 0.0604569 0.000347796
0 0.534964 0.986756 0.301478 0.0264774 0.00034726
0 0.789706 0.123466 0.0206782 0.0216694 0.00033448
0 0.839646 0.190676 0.0831291 0.0334597 0.000334466
0 0.911448 0.779349 0.0893592 0.0659588 0.000333003
0 0.974343 0.401905 0.050782 0.235298 0.000330844
0 0.524515 0.759236 0.189151 0.138044 0.000330814
0 0.556264 0.50871 0.243427 0.228866 0.000330573
0 0.951108 0.966136 0.0977839 0.0677275 0.000330193
0 0.948694 0.795985 0.0980766 0.0599005 0.000330059
1 0.378894 0.02558 0.189021 0.0496896 0.000326816
0 0.945475 0.268751 0.109051 0.286801 0.000326174
0 0.873996 0.0165729 0.202295 0.0331457 0.000325635
0 0.906222 0.310101 0.187382 0.119949 0.000324507
0 0.904952 0.275158 0.179236 0.23587 0.000324444
0 0.653248 0.911284 0.136538 0.0732372 0.000322603
0 0.0727607 0.469269 0.132124 0.223865 0.0003212
0 0.871848 0.927818 0.213118 0.144365 0.000320461
0 0.0133298 0.498659 0.0266595 0.18165 0.000317808
0 0.907774 0.300632 0.182238 0.168715 0.000317418
0 0.0143359 0.446198 0.0286718 0.213629 0.00031668
0 0.430484 0.418953 0.241152 0.11397 0.000316004
0 0.46666 0.426346 0.20215 0.14746 0.000313801
0 0.96703 0.0475293 0.0655805 0.0917238 0.000312526
0 0.0132622 0.152379 0.0265243 0.128422 0.000310116
0 0.593225 0.983314 0.275246 0.0331223 0.000310098
0 0.0168935 0.948171 0.0334156 0.0990574 0.000309525
0 0.374103 0.985802 0.326941 0.0279053 0.000305657
0 0.979667 0.189071 0.040666 0.230104 0.00030366
0 0.128692 0.784285 0.22841 0.216675 0.000302677
0 0.0130825 0.848002 0.0261651 0.19403 0.000301093
0 0.935328 0.328574 0.129344 0.0451071 0.000300165
0 0.643685 0.923274 0.175619 0.137878 0.000300104
1 0.413302 0.0232019 0.222213 0.0453399 0.000299164
0 0.241337 0.987368 0.304867 0.025265 0.000298975
1 0.869615 0.934426 0.227693 0.131148 0.000296989
0 0.347207 0.851339 0.35368 0.276295 0.000296485
0 0.883213 0.857307 0.101591 0.168899 0.000295342
0 0.89784 0.217825 0.170839 0.202578 0.000295288
0 0.856854 0.331389 0.214891 0.0709875 0.000295212
0 0.175428 0.878315 0.249378 0.214064 0.000293592
0 0.123986 0.0494935 0.247971 0.0966976 0.000292372
0 0.919619 0.321821 0.160762 0.0972858 0.000292077
0 0.0854334 0.310372 0.153145 0.0867806 0.000287095
0 0.825445 0.976887 0.0939247 0.0462261 0.000286147
0 0.968476 0.38828 0.0630487 0.185009 0.000285794
0 0.0362128 0.275991 0.0714708 0.231034 0.000284799
0 0.476675 0.328958 0.198008 0.136334 0.0002835
0 0.976039 0.250254 0.0479227 0.285046 0.000282278
0 0.308727 0.986031 0.329643 0.0277889 0.000281845
0 0.0132791 0.598149 0.0265582 0.198527 0.000280555
0 0.817878 0.383746 0.287609 0.211016 0.000279959
0 0.179571 0.838582 0.280229 0.255138 0.000279459
0 0.517194 0.430275 0.278261 0.186055 0.000278791
0 0.972205 0.799824 0.0555897 0.197052 0.00027866
0 0.415461 0.800291 0.167585 0.13861 0.000278603
0 0.674833 0.924698 0.200374 0.127088 0.00027848
0 0.536627 0.454486 0.233116 0.168573 0.000277932
0 0.106055 0.020825 0.200097 0.04165 0.000277667
0 0.665706 0.892024 0.294414 0.215952 0.000277044
0 0.0129491 0.662023 0.0258982 0.234813 0.000276978
0 0.464472 0.787308 0.0783391 0.125303 0.000276404
0 0.0437275 0.0348919 0.0865377 0.0681875 0.000276138
0 0.978147 0.29598 0.0437052 0.12266 0.000276039
0 0.0544477 0.474719 0.107411 0.251154 0.000276038
0 0.965878 0.77461 0.0682439 0.228227 0.000275422
0 0.102885 0.542504 0.189548 0.2729 0.00027525
0 0.15032 0.179753 0.245399 0.281767 0.000275069
0 0.747104 0.144746 0.137125 0.0922075 0.00027495
0 0.151736 0.307502 0.22179 0.103386 0.000274883
0 0.855914 0.192513 0.128878 0.0745432 0.000274341
0 0.481838 0.353195 0.214 0.189771 0.000274044
0 0.807348 0.404218 0.334511 0.302624 0.000272759
0 0.867516 0.0235597 0.186341 0.0458874 0.000271691
0 0.350155 0.444406 0.114367 0.134496 0.000269402
0 0.877372 0.775363 0.164722 0.18321 0.000269046
2 0.275056 0.163818 0.284434 0.217763 0.00026898
0 0.0128986 0.758677 0.0257971 0.198361 0.000268563
0 0.898988 0.478354 0.191733 0.21644 0.000268158
0 0.0822838 0.825421 0.152433 0.162557 0.000268125
2 0.735054 0.590111 0.423387 0.384801 0.000267426
0 0.545136 0.811773 0.241383 0.243937 0.000267385
