1 0.707845 0.803877 0.20094 0.192924 0.918454
1 0.596135 0.18009 0.414457 0.35878 0.908491
1 0.772207 0.801287 0.337655 0.200384 0.00399889
1 0.166558 0.22004 0.0472566 0.0291994 0.00284757
1 0.69854 0.740375 0.223486 0.320185 0.00204017
2 0.167596 0.21925 0.0454132 0.0296073 0.00196642
1 0.804706 0.116907 0.390589 0.233814 0.0019493
0 0.351067 0.232739 0.0367541 0.0444222 0.00194865
1 0.706897 0.845816 0.22121 0.282565 0.00174316
1 0.21626 0.0981251 0.43252 0.19625 0.00165072
1 0.882202 0.110379 0.235596 0.220758 0.00161341
2 0.963254 0.38505 0.0734916 0.334992 0.00159212
1 0.936262 0.146275 0.127476 0.291976 0.0015887
2 0.950104 0.706705 0.099793 0.315268 0.00156499
2 0.956991 0.649147 0.0860186 0.290968 0.00153998
0 0.956181 0.184257 0.0876371 0.324346 0.00148111
2 0.96392 0.586819 0.0721603 0.280088 0.00146404
1 0.135848 0.0935571 0.271697 0.187114 0.00144492
2 0.945895 0.751763 0.10821 0.31119 0.00144437
1 0.841774 0.801782 0.316452 0.228041 0.00142045
1 0.784605 0.842818 0.388117 0.290457 0.00141743
1 0.724867 0.063521 0.550266 0.127042 0.00140039
1 0.816707 0.154563 0.366587 0.309126 0.00138248
1 0.670197 0.150883 0.614322 0.301767 0.00137594
2 0.959729 0.23874 0.0805428 0.326265 0.00137418
1 0.811907 0.0414654 0.376187 0.0829308 0.00136945
1 0.808389 0.82466 0.383222 0.232639 0.00136737
2 0.626592 0.259194 0.47405 0.490864 0.00136458
1 0.924609 0.886237 0.150781 0.222298 0.0013615
2 0.966405 0.486926 0.0671902 0.30085 0.00136079
2 0.952108 0.815873 0.0957834 0.267119 0.00132624
1 0.313975 0.132059 0.60537 0.264118 0.00124912
1 0.461781 0.0456585 0.823181 0.0913171 0.00124342
1 0.807677 0.873647 0.384646 0.233835 0.00121793
1 0.641915 0.749848 0.367373 0.311204 0.00119349
2 0.609327 0.400806 0.467243 0.401423 0.00118312
1 0.100689 0.0883258 0.201378 0.176652 0.00115187
1 0.610431 0.809235 0.439386 0.21343 0.00114911
1 0.269132 0.0250318 0.538264 0.0500636 0.00114697
1 0.693157 0.100165 0.527287 0.199596 0.00110988
1 0.0752557 0.145259 0.150511 0.290118 0.00110532
1 0.246495 0.974685 0.457855 0.0506291 0.00109779
2 0.113686 0.154215 0.227372 0.30843 0.00109019
0 0.836472 0.179359 0.327057 0.341164 0.00107169
1 0.153201 0.867243 0.306402 0.256301 0.00105723
2 0.0702223 0.195111 0.140445 0.363297 0.00105693
2 0.355177 0.177155 0.540581 0.354309 0.00105115
2 0.231974 0.159296 0.350542 0.318592 0.00104895
2 0.0604746 0.254942 0.120949 0.437208 0.00103432
1 0.87976 0.93934 0.24048 0.121321 0.00102812
1 0.183124 0.929141 0.366249 0.141653 0.00100589
1 0.859132 0.0463032 0.281737 0.0926064 0.000996073
0 0.525191 0.297052 0.157632 0.119691 0.000989348
2 0.602379 0.436626 0.573425 0.361267 0.000974444
2 0.112715 0.268725 0.22543 0.411844 0.000963673
1 0.197863 0.872376 0.286676 0.246063 0.000933642
2 0.0456662 0.420375 0.0913324 0.481198 0.000925906
1 0.157809 0.939675 0.315618 0.116647 0.000911293
1 0.0386241 0.817565 0.0772481 0.347617 0.000909525
0 0.873879 0.215292 0.252242 0.363302 0.000897941
1 0.0633167 0.850324 0.126633 0.280756 0.000885742
2 0.0455904 0.550834 0.0911808 0.46123 0.000882854
1 0.0581336 0.292288 0.116267 0.469893 0.000881359
2 0.429608 0.219211 0.554374 0.37254 0.000875778
2 0.241489 0.875486 0.257445 0.24322 0.000875039
1 0.0353614 0.741373 0.0707228 0.46153 0.000873888
2 0.273838 0.254384 0.3397 0.415723 0.000867114
1 0.627006 0.970808 0.464419 0.0583848 0.000860144
0 0.343926 0.231523 0.0394027 0.04016 0.00085791
1 0.466768 0.183299 0.86732 0.366597 0.000857044
2 0.873306 0.720479 0.253388 0.349945 0.000850747
2 0.0507409 0.336297 0.101482 0.458884 0.000850729
1 0.0506924 0.658539 0.101385 0.455433 0.000847955
1 0.182612 0.0265696 0.365223 0.0531392 0.000842358
1 0.486771 0.119719 0.69672 0.239437 0.000838129
2 0.187431 0.193417 0.28853 0.323638 0.000836278
2 0.892637 0.380003 0.214725 0.380432 0.000827496
2 0.605881 0.759624 0.49306 0.294168 0.000823369
2 0.883792 0.669412 0.232417 0.325462 0.000817411
2 0.762751 0.314319 0.474497 0.487702 0.000812967
1 0.59805 0.12584 0.432122 0.250447 0.000803536
2 0.70829 0.412465 0.446301 0.425296 0.000800044
2 0.897892 0.441764 0.204215 0.358911 0.000799768
1 0.709235 0.968282 0.363024 0.0634365 0.000794868
2 0.893302 0.601503 0.213396 0.30805 0.000790999
2 0.184411 0.258034 0.252499 0.397934 0.000785115
2 0.609783 0.365743 0.715931 0.41177 0.000782423
1 0.384371 0.974575 0.481029 0.05085 0.000782143
2 0.501242 0.449398 0.51163 0.365683 0.000770029
2 0.664411 0.726889 0.312106 0.342813 0.000766838
1 0.15215 0.809753 0.3043 0.37452 0.000764377
1 0.551215 0.972597 0.51363 0.0548066 0.000763755
2 0.627855 0.511672 0.440262 0.347053 0.000761006
2 0.530993 0.803489 0.476099 0.304978 0.000760046
1 0.119104 0.932375 0.238209 0.121379 0.000754658
1 0.168677 0.971411 0.337354 0.0571785 0.000751657
2 0.816745 0.953375 0.366511 0.0932502 0.000739534
2 0.511077 0.521909 0.417764 0.401735 0.000737379
1 0.467371 0.973784 0.521792 0.052432 0.000734255
2 0.335955 0.810053 0.288648 0.328013 0.000730946
2 0.264395 0.726681 0.287005 0.395636 0.000729911
2 0.258821 0.813392 0.261638 0.343823 0.000729908
1 0.221289 0.844202 0.295738 0.286047 0.000726239
2 0.891205 0.309158 0.217589 0.421375 0.000723294
2 0.418723 0.811978 0.35028 0.31867 0.000723167
2 0.900411 0.543307 0.199178 0.303985 0.000718751
1 0.569472 0.893504 0.492286 0.212993 0.000716376
0 0.143907 0.633904 0.287813 0.400745 0.000716171
2 0.31619 0.880666 0.274809 0.235041 0.000714314
2 0.331463 0.622471 0.305847 0.358363 0.00070346
2 0.271196 0.335554 0.283723 0.36969 0.000701838
2 0.273766 0.626391 0.323512 0.366104 0.000695735
0 0.221873 0.627091 0.332159 0.361429 0.000687643
1 0.153228 0.733755 0.306457 0.419448 0.000687276
2 0.654469 0.289413 0.620625 0.430623 0.000687251
0 0.790298 0.960137 0.419403 0.0797268 0.000686805
1 0.667679 0.852217 0.312226 0.295566 0.000684258
1 0.130855 0.0287711 0.261709 0.0575421 0.000678668
2 0.136673 0.587306 0.273346 0.40881 0.000678503
2 0.334798 0.722056 0.298681 0.377979 0.000676245
1 0.298474 0.912941 0.380641 0.174118 0.000673907
2 0.40944 0.399412 0.443454 0.369059 0.000672561
2 0.122302 0.447848 0.244604 0.448336 0.000669527
1 0.596194 0.246169 0.448684 0.411483 0.000667346
2 0.268716 0.454863 0.31766 0.393587 0.000658084
2 0.697767 0.579996 0.38459 0.360518 0.000657094
2 0.560213 0.727936 0.534194 0.347366 0.000654451
2 0.491736 0.586777 0.384478 0.402848 0.00065089
2 0.626867 0.584152 0.391658 0.367578 0.000650764
2 0.422617 0.5226 0.361186 0.3964 0.000646078
2 0.110769 0.350002 0.221537 0.400761 0.000645316
2 0.435689 0.323001 0.517662 0.36388 0.000639007
1 0.768123 0.96319 0.379227 0.0736206 0.000636275
2 0.52116 0.665193 0.447317 0.337296 0.000635174
2 0.276764 0.526835 0.335405 0.399627 0.000632664
0 0.222313 0.731609 0.313218 0.394289 0.00063168
2 0.813377 0.690691 0.327837 0.364704 0.000628628
2 0.763216 0.637843 0.359475 0.36882 0.000627341
1 0.132886 0.967839 0.265771 0.0643223 0.000624753
2 0.347207 0.521515 0.324438 0.378306 0.000621545
2 0.423174 0.724255 0.371814 0.366374 0.000621067
2 0.830261 0.623027 0.317023 0.357535 0.000615901
2 0.532325 0.878271 0.509905 0.230575 0.000614321
2 0.411686 0.668818 0.349961 0.358307 0.000610014
2 0.393163 0.885331 0.325514 0.225737 0.000607572
2 0.828056 0.432618 0.340145 0.40206 0.000607524
2 0.727241 0.728521 0.269811 0.338244 0.000605387
2 0.361489 0.451828 0.345108 0.365605 0.000604075
2 0.745305 0.697578 0.341364 0.362501 0.000601615
2 0.681927 0.63484 0.3642 0.360852 0.000601001
2 0.409921 0.587534 0.349084 0.413386 0.000597687
2 0.777479 0.573763 0.371484 0.356516 0.000595208
1 0.15934 0.219857 0.074445 0.103147 0.000588331
2 0.769958 0.504897 0.412702 0.358841 0.0005847
0 0.269692 0.982736 0.247832 0.0345287 0.000583548
2 0.472109 0.908831 0.505922 0.182338 0.000582468
2 0.558532 0.614599 0.378812 0.332977 0.000580196
1 0.225193 0.774499 0.310656 0.381493 0.000575432
2 0.578181 0.661073 0.419017 0.293055 0.000573731
0 0.207565 0.52447 0.32147 0.391809 0.000572441
2 0.844117 0.557273 0.29272 0.332564 0.000570308
2 0.190335 0.450473 0.286298 0.392112 0.00055756
0 0.707699 0.593647 0.048464 0.0252947 0.000551514
2 0.847976 0.499949 0.304048 0.347688 0.000548801
1 0.782823 0.748865 0.356456 0.307954 0.000541572
1 0.366691 0.912051 0.406313 0.175898 0.000539513
1 0.710867 0.748233 0.191592 0.0824476 0.00053599
2 0.185722 0.34266 0.236679 0.358366 0.000527907
0 0.706467 0.604966 0.0445098 0.0309847 0.000524271
0 0.560629 0.651839 0.037215 0.0341871 0.000455162
0 0.169311 0.712431 0.0405428 0.024511 0.000440776
0 0.366383 0.859491 0.0430067 0.0207142 0.000438289
0 0.147036 0.712169 0.0949825 0.0385605 0.000415168
1 0.152489 0.205507 0.0827434 0.103743 0.000409554
0 0.934089 0.51074 0.0271617 0.0191225 0.000394823
0 0.607592 0.026263 0.333091 0.0515414 0.000392882
0 0.0916606 0.983351 0.183321 0.0332668 0.000369943
0 0.247015 0.38402 0.0358423 0.0254483 0.000368541
1 0.606597 0.188815 0.608958 0.372225 0.000357005
0 0.401356 0.988644 0.206673 0.0227123 0.000356753
0 0.118685 0.974694 0.0916365 0.0394693 0.000354254
0 0.776273 0.40735 0.0345638 0.0205492 0.000344704
0 0.760511 0.385748 0.0778035 0.0561321 0.000334923
0 0.743586 0.380046 0.0671298 0.0481483 0.000329965
1 0.588657 0.0328991 0.308514 0.0642824 0.000328857
0 0.133456 0.755073 0.121492 0.126413 0.000328271
1 0.203563 0.219228 0.0964872 0.0513049 0.000322902
0 0.407828 0.0119316 0.258841 0.022487 0.000319649
0 0.294853 0.84686 0.0443811 0.0331596 0.000314651
1 0.689779 0.735236 0.236973 0.188447 0.000314403
0 0.167455 0.880094 0.0525293 0.0364101 0.000314276
0 0.917614 0.140682 0.0964194 0.0624636 0.00031297
0 0.621374 0.0202825 0.383431 0.0400351 0.000309582
0 0.297034 0.853368 0.0373781 0.0299061 0.000307267
1 0.449076 0.318696 0.205202 0.145435 0.000307212
1 0.715131 0.736542 0.187008 0.0646057 0.000306549
1 0.198693 0.236327 0.145565 0.195146 0.000303279
0 0.320566 0.667547 0.0689508 0.0303497 0.000300472
0 0.748179 0.988674 0.107439 0.0225811 0.000299026
0 0.251615 0.211988 0.03465 0.0177183 0.000296629
2 9.96005e-05 0.897366 0.000199201 0.205269 0.000294337
0 0.893133 0.891349 0.213735 0.217302 0.000292512
0 0.275091 0.687048 0.103679 0.0371158 0.000292239
0 0.852478 0.8809 0.295045 0.238199 0.000289646
1 0.423291 0.326243 0.161429 0.0824277 0.000289515
0 0.032719 0.44536 0.065438 0.0452612 0.00028791
0 0.163584 0.723272 0.0572159 0.0529961 0.000287434
0 0.914622 0.17388 0.154102 0.191728 0.000285898
0 0.112923 0.770887 0.190943 0.214485 0.000285833
0 0.0947675 0.689615 0.0563712 0.0215694 0.000285367
1 0.995262 0.797908 0.00947528 0.211954 0.000285009
0 0.873543 0.321904 0.252914 0.340893 0.000284513
0 0.751262 0.47142 0.0490119 0.0289476 0.000282435
2 0.573173 0.0421821 0.31213 0.0774785 0.000281062
0 0.746175 0.478308 0.0415919 0.0315092 0.000280893
1 0.114063 0.0349018 0.228126 0.0640056 0.000279936
0 0.842994 0.830601 0.314012 0.197444 0.000279227
0 0.125543 0.879807 0.138162 0.120824 0.000278753
0 0.290844 0.0110831 0.179497 0.0207124 0.000278417
1 0.995568 0.490563 0.00886499 0.179072 0.000278364
0 0.458482 0.987155 0.232703 0.0256897 0.000277399
1 0.995406 0.586526 0.00918842 0.193888 0.000277275
1 0.00131055 0.242623 0.0026211 0.193473 0.000276587
0 0.882278 0.986735 0.235445 0.0264329 0.0002765
0 0.476565 0.639226 0.0288593 0.0179773 0.000276293
0 0.125937 0.723446 0.171998 0.128127 0.000273973
0 0.995103 0.815746 0.00979352 0.163703 0.000273804
1 0.71167 0.774421 0.190007 0.134131 0.000273639
0 0.787651 0.405592 0.0258114 0.0200235 0.000273381
2 0.00032228 0.924897 0.000644559 0.148571 0.00027283
0 0.342621 0.854923 0.064343 0.0302246 0.000272182
0 0.679199 0.606985 0.0888843 0.0462845 0.000269394
0 0.990173 0.0158071 0.0196541 0.0316142 0.000267721
1 0.995702 0.658194 0.00859564 0.173383 0.00026744
0 0.896298 0.167679 0.207404 0.254034 0.000266607
0 0.238837 0.408051 0.0761272 0.0878312 0.000266416
2 0.538074 0.400403 0.231528 0.186328 0.000265607
0 0.140063 0.348197 0.205387 0.236768 0.00026543
0 0.99493 0.248194 0.0101392 0.224355 0.000265424
0 0.907894 0.922655 0.184212 0.154691 0.000264726
1 0.99516 0.444173 0.00968048 0.202137 0.000264587
0 0.141367 0.320305 0.182346 0.21228 0.000264332
1 0.124564 0.0132447 0.243793 0.0264894 0.000264085
0 0.259609 0.201206 0.236983 0.213319 0.000263546
0 0.156615 0.979194 0.287129 0.0393854 0.000262685
0 0.814413 0.557488 0.0307271 0.0200785 0.000262571
0 0.128746 0.861507 0.153751 0.157011 0.000262197
0 0.288019 0.762659 0.110624 0.10311 0.000261512
1 0.792644 0.17984 0.264349 0.293837 0.000259716
0 0.627914 0.271838 0.380737 0.179884 0.000258682
1 0.994962 0.401243 0.0100756 0.227311 0.000258252
1 0.995665 0.538455 0.00866962 0.1802 0.000257844
1 0.0882997 0.0323388 0.176599 0.060402 0.000257452
0 0.208899 0.572376 0.358965 0.324683 0.000257399
0 0.885636 0.356112 0.228728 0.274767 0.000256103
0 0.740517 0.387535 0.0511193 0.0710477 0.000255652
0 0.686126 0.596075 0.0778726 0.0366938 0.000255337
0 0.362829 0.524171 0.0809825 0.0437846 0.000255003
0 0.202668 0.819218 0.114765 0.107498 0.000254829
1 0.737545 0.143043 0.302658 0.23877 0.000254706
0 0.849005 0.149645 0.263776 0.221335 0.000254314
0 0.294776 0.688158 0.112498 0.0620219 0.000254223
2 0.0865466 0.0155236 0.173093 0.0310472 0.000253576
0 0.888871 0.744336 0.222258 0.13335 0.000253409
0 0.92852 0.414901 0.0582713 0.0498396 0.000253199
0 0.156418 0.870627 0.0867865 0.0836376 0.000252273
0 0.203367 0.794661 0.109523 0.121004 0.000252194
0 0.995856 0.864897 0.00828863 0.149015 0.000252172
1 0.0910587 0.0140329 0.182117 0.0278414 0.000252171
0 0.244823 0.790825 0.167593 0.157718 0.000252126
1 0.768976 0.834761 0.287018 0.146721 0.000251998
0 0.832726 0.268885 0.334548 0.308821 0.000251128
0 0.00294486 0.965578 0.00588972 0.06481 0.000250249
0 0.284607 0.679683 0.18691 0.141579 0.000250104
0 0.966031 0.873827 0.0655694 0.203609 0.00024992
0 0.314251 0.226782 0.102312 0.0427766 0.000249836
1 0.604465 0.843498 0.232854 0.178932 0.000249188
2 0.000919662 0.580705 0.00183932 0.233694 0.000249141
2 0.0617196 0.0260025 0.123439 0.0473294 0.000249049
1 0.846926 0.866576 0.306148 0.216857 0.000247813
1 0.000881502 0.187161 0.001763 0.180382 0.000247631
0 0.228085 0.54086 0.303811 0.294079 0.000247584
0 0.314821 0.681019 0.0726574 0.0457987 0.00024734
1 0.600202 0.857925 0.127489 0.0304064 0.000246988
0 0.451215 0.713171 0.0509644 0.0374117 0.000246987
0 0.131393 0.821894 0.07834 0.0712939 0.000246308
0 0.54451 0.542566 0.166788 0.2119 0.000246133
1 0.995243 0.349372 0.00951404 0.214824 0.000245313
0 0.216995 0.981138 0.30739 0.0375759 0.000245155
0 0.127148 0.605529 0.156338 0.121436 0.000244995
0 0.840859 0.346957 0.318281 0.317261 0.000244744
0 0.409778 0.994085 0.0357194 0.0118294 0.000243962
2 0.0271817 0.0312332 0.0543634 0.0624663 0.000242553
0 0.155899 0.640027 0.117507 0.0703623 0.000242451
2 0.126718 0.587212 0.147272 0.164076 0.000242433
0 0.297792 0.68726 0.12617 0.0912187 0.000242307
0 0.86081 0.896357 0.278381 0.207285 0.000241768
0 0.158211 0.776052 0.134237 0.197989 0.000241696
0 0.356731 0.529085 0.0783401 0.0329471 0.000241485
0 0.737868 0.269954 0.153574 0.142987 0.000241355
