1 0.505534 0.563089 0.932173 0.851766 0.819431
1 0.154852 0.0420804 0.309704 0.0840693 0.594788
1 0.108356 0.941026 0.216713 0.117947 0.587648
1 0.223375 0.0409642 0.174331 0.0811084 0.530756
1 0.861285 0.154007 0.274985 0.226072 0.345174
0 0.0984969 0.162036 0.0597746 0.0366618 0.134614
2 0.858891 0.173218 0.268057 0.188067 0.124002
1 0.832852 0.0174693 0.223576 0.0349386 0.0816795
1 0.792343 0.0129735 0.0731131 0.0259471 0.0669957
2 0.0901823 0.0301768 0.151459 0.0602645 0.063868
1 0.845244 0.759325 0.153754 0.251387 0.0515363
1 0.0827075 0.0386085 0.164466 0.0770796 0.0487101
1 0.300968 0.0378383 0.601936 0.0749398 0.0428183
0 0.270635 0.166606 0.0390504 0.0344626 0.0374293
1 0.786599 0.760359 0.274747 0.249966 0.0356734
1 0.671387 0.349228 0.450296 0.329693 0.0337145
1 0.232501 0.0409353 0.263173 0.0818707 0.0299309
1 0.698667 0.283969 0.440929 0.483484 0.0292816
1 0.154168 0.941539 0.308336 0.116922 0.0240774
1 0.806668 0.364097 0.166232 0.224842 0.0226683
1 0.872788 0.0181864 0.254424 0.0362009 0.01622
1 0.15929 0.105743 0.318581 0.211485 0.0162139
0 0.98837 0.0129946 0.0228556 0.0255292 0.0158964
1 0.777118 0.274708 0.372558 0.494483 0.013182
1 0.088028 0.0296609 0.143735 0.0592338 0.00974882
1 0.780075 0.0132048 0.104093 0.0264095 0.00928755
1 0.73072 0.296286 0.538561 0.573172 0.00891522
1 0.853066 0.274319 0.282949 0.487697 0.00848102
1 0.829972 0.0137469 0.172961 0.0268142 0.00785772
1 0.243583 0.483192 0.298095 0.411819 0.00761369
1 0.233031 0.0389544 0.116332 0.0779088 0.00738893
1 0.666424 0.446626 0.469864 0.676389 0.00658003
1 0.251149 0.93782 0.501349 0.123424 0.00648504
1 0.914489 0.153634 0.170898 0.221595 0.00637194
0 0.726803 0.0532346 0.235433 0.106117 0.00627052
1 0.110524 0.880898 0.220605 0.237545 0.00601345
1 0.790693 0.827577 0.231874 0.116502 0.00597555
1 0.792289 0.859378 0.221455 0.0570845 0.00593021
1 0.944049 0.106109 0.110745 0.125478 0.00548336
1 0.78381 0.683141 0.276919 0.408309 0.00546852
1 0.815914 0.0245574 0.368171 0.0491148 0.00537059
1 0.957491 0.128156 0.0850187 0.172762 0.00467622
1 0.694837 0.21143 0.602184 0.37845 0.00464124
0 0.893122 0.0169086 0.0750929 0.0338173 0.00434187
1 0.853927 0.18045 0.256377 0.167415 0.0043197
0 0.10615 0.252403 0.055098 0.0442138 0.00421562
1 0.0550934 0.046143 0.110187 0.0908539 0.00421036
1 0.389861 0.0469658 0.779723 0.0936467 0.00389762
1 0.93287 0.118693 0.133804 0.152042 0.00381858
1 0.974834 0.154271 0.0503318 0.230281 0.00378207
1 0.509676 0.687373 0.888108 0.583769 0.00371198
1 0.0658502 0.925589 0.1317 0.148821 0.00362992
1 0.630646 0.373191 0.565802 0.358795 0.00355771
1 0.232234 0.425332 0.289488 0.26777 0.00348919
1 0.721129 0.0266149 0.557741 0.0532299 0.00348483
1 0.619193 0.521093 0.629273 0.800653 0.00335005
0 0.64149 0.0870984 0.0468173 0.0318073 0.00315828
1 0.289668 0.920066 0.579335 0.158852 0.00310771
1 0.44749 0.0316444 0.89498 0.0632889 0.00304538
1 0.969425 0.0310679 0.0611504 0.0566437 0.00303394
1 0.967256 0.678133 0.0654089 0.0595192 0.0029884
0 0.729364 0.0202291 0.229303 0.0404581 0.00294554
1 0.0688675 0.0305829 0.137735 0.0606668 0.00286883
1 0.983058 0.151353 0.0338836 0.202935 0.00286279
0 0.873235 0.0170429 0.116998 0.0340859 0.00284686
1 0.194798 0.86582 0.386996 0.268057 0.00280442
1 0.668583 0.155191 0.650839 0.297975 0.00276447
1 0.9651 0.705408 0.0697992 0.141241 0.00275664
1 0.796641 0.79385 0.222921 0.182019 0.00262005
1 0.491928 0.0892977 0.983379 0.178523 0.0025201
1 0.333631 0.0388887 0.368896 0.0777774 0.00250023
1 0.646501 0.0314087 0.697896 0.0628174 0.00247819
1 0.960217 0.0144462 0.0785518 0.0259191 0.00247457
1 0.611183 0.0703884 0.764349 0.140205 0.00242925
1 0.960029 0.684833 0.079943 0.423626 0.00239142
1 0.752633 0.0150381 0.192707 0.0300763 0.00225135
1 0.925158 0.301483 0.145644 0.47691 0.00224967
1 0.270715 0.43323 0.367996 0.432201 0.00221043
1 0.254413 0.546674 0.3162 0.549056 0.00217156
1 0.702411 0.430528 0.595179 0.844841 0.00208391
1 0.0437235 0.947952 0.0874469 0.104097 0.00208124
0 0.895267 0.00883537 0.0703275 0.0176707 0.00207448
1 0.224729 0.384687 0.240076 0.214181 0.00200096
0 0.683867 0.0311123 0.615146 0.0622246 0.0020007
0 0.964485 0.719154 0.0707276 0.180443 0.00199563
1 0.858655 0.0293224 0.28269 0.0586448 0.00192544
1 0.278408 0.861465 0.556815 0.276584 0.00189699
1 0.83301 0.673692 0.240243 0.429241 0.00187435
0 0.166214 0.1973 0.0537518 0.0343196 0.00186994
1 0.733689 0.672839 0.386282 0.445876 0.00183023
1 0.943201 0.349601 0.112764 0.552362 0.00180852
2 0.846822 0.0176334 0.192204 0.0352669 0.00180156
1 0.964836 0.67502 0.070329 0.213505 0.00178438
1 0.760373 0.570386 0.148383 0.181567 0.00176208
1 0.317291 0.964239 0.633595 0.0710535 0.00172218
1 0.103246 0.797128 0.2055 0.405744 0.00171546
1 0.176681 0.818316 0.353362 0.363369 0.00169951
1 0.308077 0.409693 0.543915 0.585313 0.00160016
1 0.761765 0.365886 0.267237 0.240044 0.00158243
1 0.392169 0.870752 0.144917 0.183293 0.00156264
1 0.947267 0.69456 0.105466 0.395876 0.00155361
1 0.873582 0.734893 0.252836 0.322966 0.00154174
1 0.240468 0.340913 0.120157 0.0996477 0.00152594
1 0.498393 0.228816 0.994348 0.457632 0.00150278
1 0.98372 0.179913 0.0325593 0.134024 0.00148869
1 0.765431 0.558501 0.328373 0.680259 0.0014736
1 0.208999 0.480176 0.21657 0.283872 0.00144335
1 0.834701 0.790763 0.143654 0.185835 0.00142751
0 0.255578 0.242606 0.0507908 0.0487695 0.00141742
1 0.807241 0.309064 0.149988 0.103079 0.00141141
1 0.453784 0.86335 0.280065 0.1961 0.0014059
1 0.523432 0.968603 0.875858 0.0596485 0.00139702
1 0.259488 0.802176 0.518976 0.395648 0.00138477
1 0.242527 0.737418 0.223716 0.243507 0.00137572
1 0.251271 0.651973 0.315861 0.692766 0.00136531
1 0.962825 0.583815 0.0743499 0.469675 0.00135793
1 0.208326 0.947897 0.416651 0.103068 0.00134465
0 0.715916 0.867811 0.0458982 0.0346254 0.00133935
1 0.76519 0.61789 0.171877 0.276708 0.00132517
1 0.728413 0.790965 0.151159 0.137675 0.00132507
1 0.265977 0.122328 0.526827 0.244656 0.00132457
0 0.390145 0.987548 0.0878455 0.0249037 0.00130855
1 0.301001 0.695048 0.503347 0.608662 0.00128441
0 0.395996 0.982282 0.0950211 0.0352945 0.00124405
0 0.145654 0.130268 0.291308 0.259454 0.00124044
2 0.807426 0.312412 0.153193 0.110919 0.00123611
1 0.967296 0.69604 0.0654086 0.102121 0.00121874
1 0.987044 0.161243 0.0259118 0.0872817 0.00121698
1 0.0619876 0.434316 0.123975 0.446674 0.00121333
1 0.957311 0.415348 0.0853789 0.634891 0.00117817
1 0.235523 0.490844 0.301518 0.277478 0.00116432
1 0.0670011 0.496738 0.134002 0.460934 0.00114788
1 0.296632 0.519531 0.59265 0.511747 0.00113669
1 0.799943 0.630597 0.239177 0.302584 0.00113032
2 0.962215 0.480643 0.0755708 0.593056 0.00112645
1 0.690704 0.736372 0.459841 0.414871 0.00111327
1 0.830057 0.572334 0.269863 0.612297 0.0011026
1 0.3861 0.407954 0.674255 0.771165 0.00109972
1 0.821449 0.163769 0.357102 0.323271 0.00108706
1 0.646061 0.772248 0.347976 0.185535 0.00108689
1 0.209509 0.415413 0.210891 0.26123 0.00106516
1 0.118593 0.130084 0.236908 0.258094 0.00106173
1 0.465352 0.838833 0.930704 0.319217 0.00102741
1 0.0714868 0.342678 0.142974 0.493869 0.00102433
1 0.0770302 0.169516 0.15406 0.295598 0.00101749
1 0.96588 0.744224 0.0666914 0.254582 0.00101608
1 0.688553 0.805037 0.462463 0.246812 0.00101333
1 0.116883 0.722878 0.233767 0.554244 0.00100036
1 0.271696 0.465875 0.43787 0.245479 0.00097893
1 0.0590377 0.867862 0.118075 0.264277 0.000977355
0 0.583414 0.823118 0.690751 0.229436 0.000967513
0 0.467652 0.974039 0.273094 0.0517239 0.000964289
1 0.174923 0.311786 0.328078 0.532812 0.000962057
0 0.388106 0.99199 0.0744713 0.01602 0.000960935
0 0.78689 0.798652 0.26969 0.182843 0.000959199
1 0.563022 0.31276 0.858003 0.609167 0.000935579
2 0.53068 0.164893 0.926748 0.329681 0.000932829
1 0.0864041 0.611644 0.172808 0.598036 0.000919118
1 0.821561 0.850588 0.323432 0.291966 0.000914632
1 0.310344 0.617792 0.618481 0.695411 0.000914568
0 0.407452 0.980074 0.23347 0.039372 0.000890903
1 0.80887 0.960024 0.369156 0.0792902 0.000876228
1 0.610411 0.284864 0.279522 0.202745 0.000862744
1 0.500818 0.789916 0.171842 0.139823 0.000857539
1 0.349702 0.876292 0.23841 0.182369 0.000849901
1 0.121401 0.268845 0.241075 0.441771 0.000848921
1 0.0704502 0.247472 0.1409 0.355737 0.000841963
1 0.37443 0.845157 0.181065 0.237097 0.00083946
1 0.681551 0.771788 0.251959 0.177914 0.000838644
1 0.322762 0.747872 0.645524 0.500805 0.000835217
1 0.687561 0.971986 0.582263 0.0546575 0.000835073
1 0.19212 0.523262 0.185745 0.233562 0.000826441
0 0.0899175 0.3897 0.0639262 0.0462174 0.000814189
1 0.0333005 0.876577 0.0666011 0.246845 0.000812799
1 0.835722 0.786466 0.327265 0.339162 0.000807712
0 0.36132 0.401412 0.536493 0.636085 0.000807225
1 0.43491 0.887727 0.327601 0.139425 0.000799601
0 0.564171 0.907556 0.751101 0.179819 0.000791656
1 0.657755 0.643439 0.545825 0.627274 0.000777046
1 0.464252 0.0155953 0.149566 0.0311907 0.00077592
1 0.517159 0.928692 0.849947 0.138338 0.000774204
1 0.45462 0.829969 0.264301 0.228087 0.000766278
1 0.152926 0.185228 0.29699 0.358764 0.000757386
1 0.28662 0.730197 0.337566 0.250038 0.000753146
1 0.272231 0.757152 0.281708 0.205975 0.000750396
0 0.948482 0.63327 0.0431183 0.0680668 0.000746326
1 0.826409 0.941575 0.340653 0.115263 0.000737547
1 0.247555 0.779947 0.121866 0.153268 0.000736321
1 0.291572 0.500483 0.496056 0.291857 0.000735926
2 0.163025 0.130039 0.314465 0.255576 0.000720169
1 0.835266 0.895888 0.327695 0.203636 0.000710294
0 0.681581 0.861539 0.530847 0.272403 0.000709766
0 0.509126 0.849584 0.855008 0.248371 0.000695148
0 0.0137525 0.576575 0.027505 0.0532907 0.000687178
0 0.130634 0.183014 0.121765 0.05177 0.000683715
1 0.862824 0.802563 0.207586 0.162393 0.000681158
0 0.250474 0.246599 0.0562762 0.0597639 0.000677709
1 0.259772 0.788515 0.0819477 0.136463 0.000669029
1 0.0908598 0.0517649 0.176341 0.0888281 0.000658381
1 0.483961 0.377744 0.939827 0.744476 0.000637987
1 0.197066 0.567856 0.194548 0.206458 0.00063035
1 0.0192417 0.0508526 0.0379672 0.101705 0.000605244
1 0.179887 0.554103 0.16146 0.163684 0.00059346
0 0.130161 0.194939 0.124084 0.0362592 0.000593329
1 0.867575 0.0707766 0.132697 0.0546314 0.000593154
1 0.617428 0.798415 0.386291 0.134084 0.000591027
1 0.16275 0.573526 0.132009 0.125909 0.000584654
0 0.0076274 0.0748023 0.0152548 0.0392652 0.000583676
1 0.949407 0.753793 0.0998087 0.270722 0.000583325
1 0.861963 0.096056 0.0721968 0.0870323 0.00057631
1 0.813445 0.180424 0.177877 0.171584 0.000573872
0 0.414545 0.975974 0.137574 0.0478801 0.000567769
1 0.0625888 0.949779 0.125178 0.100442 0.000566803
1 0.388246 0.89688 0.222474 0.128008 0.000563178
0 0.403861 0.319359 0.0492673 0.0373845 0.000549543
2 0.954556 0.00934818 0.0908883 0.0186964 0.000543175
1 0.748344 0.703422 0.223245 0.332287 0.000538435
1 0.187598 0.216417 0.336366 0.402919 0.000536257
1 0.259253 0.332215 0.0813928 0.0821732 0.00053163
1 0.241649 0.564234 0.321302 0.319504 0.000531203
0 0.184166 0.291613 0.0347055 0.0319963 0.00052467
1 0.859666 0.712642 0.12526 0.147042 0.000521852
1 0.57494 0.782507 0.309004 0.162665 0.000521144
2 0.727101 0.442281 0.243585 0.131012 0.00051976
1 0.7252 0.62084 0.241975 0.291107 0.000519473
1 0.786084 0.0175862 0.0882299 0.0351724 0.000519449
1 0.243876 0.321821 0.113644 0.129569 0.000516671
1 0.980914 0.138343 0.038173 0.273284 0.000516368
1 0.804051 0.334818 0.15794 0.160138 0.000513102
0 0.970423 0.704293 0.059155 0.13196 0.000512912
1 0.605275 0.31019 0.320106 0.253182 0.000506689
1 0.500198 0.777506 0.878243 0.387023 0.00050349
1 0.0593566 0.0300889 0.107524 0.0601778 0.000498475
1 0.94704 0.0858535 0.105921 0.0848879 0.000497054
0 0.760524 0.561357 0.143198 0.15863 0.000496907
1 0.981597 0.11344 0.0368065 0.157318 0.000491248
1 0.931219 0.0796908 0.135892 0.0726515 0.000489765
1 0.867318 0.104693 0.0916342 0.114682 0.000488838
2 0.0434904 0.045349 0.0869809 0.0906979 0.00048745
1 0.352936 0.930572 0.230584 0.0929195 0.000479011
2 0.987189 0.103694 0.0253263 0.12791 0.000474912
0 0.14555 0.199514 0.0942611 0.0342424 0.00047399
0 0.982604 0.333779 0.0339412 0.188031 0.000473276
1 0.370951 0.0207397 0.364989 0.0414794 0.000465567
1 0.33845 0.795449 0.219129 0.171185 0.000465298
1 0.554527 0.414203 0.357464 0.232171 0.000462932
1 0.843588 0.828934 0.106182 0.106868 0.000460095
1 0.315129 0.774817 0.276833 0.181405 0.00045947
0 0.356155 0.365744 0.0696833 0.0453633 0.000456576
1 0.517039 0.778706 0.185695 0.168213 0.000452965
1 0.748252 0.661833 0.294148 0.354267 0.000452908
1 0.52236 0.266036 0.0820126 0.058846 0.00045239
0 0.514483 0.976611 0.381916 0.0466236 0.000451659
2 0.466305 0.214561 0.932609 0.422902 0.000450862
0 0.977874 0.270556 0.0424835 0.273739 0.000448025
0 0.453809 0.123533 0.0534481 0.0415906 0.000447398
2 0.987089 0.186385 0.0250285 0.159531 0.000447083
1 0.962327 0.664558 0.0698601 0.154714 0.00044256
1 0.269145 0.156855 0.0489404 0.0677084 0.00043884
0 0.980262 0.478195 0.0380711 0.117151 0.000436931
1 0.860258 0.735689 0.109424 0.112024 0.000436662
0 0.757872 0.864192 0.13973 0.0503641 0.00043646
1 0.0205445 0.85893 0.041089 0.282139 0.000433605
1 0.385507 0.831341 0.139844 0.233137 0.000431649
1 0.805747 0.866764 0.242073 0.0588955 0.000431614
2 0.669874 0.248027 0.149157 0.121402 0.000430324
0 0.891762 0.0177242 0.053604 0.0347881 0.000430025
1 0.642663 0.623207 0.46778 0.317475 0.000427567
0 0.402601 0.968109 0.273947 0.0606716 0.000426652
1 0.897876 0.748517 0.196146 0.294769 0.000424963
0 0.984546 0.700812 0.0303818 0.12275 0.000422197
0 0.140857 0.332544 0.0491077 0.0278767 0.000421976
0 0.400959 0.241646 0.0873434 0.0772083 0.000416913
2 0.85774 0.0925371 0.0620949 0.0780422 0.000414055
2 0.969353 0.0144539 0.0612934 0.0284575 0.000411915
1 0.261801 0.783164 0.180425 0.14464 0.000411715
2 0.0585708 0.0381053 0.117142 0.0762107 0.000408373
1 0.34238 0.436289 0.590255 0.277461 0.000407286
1 0.149654 0.0272123 0.299307 0.0543225 0.000406841
1 0.970655 0.757309 0.0553314 0.320887 0.000404328
1 0.210531 0.66232 0.205635 0.164457 0.000403222
1 0.900925 0.695761 0.188015 0.115032 0.000402076
0 0.458627 0.0147272 0.164203 0.0294544 0.000401583
0 0.190079 0.289481 0.0501027 0.0456876 0.000398693
1 0.255907 0.375206 0.186818 0.198481 0.000397065
1 0.258146 0.813318 0.069538 0.0840143 0.000396947
0 0.498753 0.159253 0.0652996 0.0454803 0.000392897
0 0.505649 0.200191 0.0931225 0.136453 0.00038856
0 0.00738265 0.49814 0.0144533 0.0281969 0.000385329
1 0.160109 0.608917 0.131333 0.154744 0.000384322
1 0.308573 0.949158 0.428931 0.101685 0.000384144
0 0.366273 0.567693 0.549021 0.806537 0.000383935
1 0.325487 0.938221 0.287316 0.102208 0.000382546
0 0.0795016 0.387405 0.0450861 0.0422975 0.000381257
0 0.98871 0.0252348 0.0225796 0.0504696 0.0003809
1 0.901941 0.796125 0.176947 0.183583 0.000379624
1 0.347516 0.618771 0.491589 0.302232 0.00037831
1 0.486337 0.0227121 0.109823 0.0429017 0.000377388
2 0.29979 0.160483 0.579434 0.317175 0.000376383
0 0.370123 0.978463 0.295246 0.0424709 0.000367374
