1 0.592577 0.613625 0.800856 0.475721 0.935324
0 0.150918 0.277745 0.0552375 0.0497501 0.00304725
1 0.583004 0.796636 0.827043 0.37074 0.00168569
1 0.581807 0.877997 0.794783 0.240646 0.00162489
1 0.784218 0.601056 0.424661 0.440046 0.00152596
1 0.413282 0.681855 0.434133 0.340158 0.001518
1 0.585897 0.913687 0.774686 0.170966 0.00148375
1 0.567161 0.513959 0.834493 0.471863 0.00145811
1 0.698141 0.858904 0.555514 0.275511 0.00120637
1 0.631107 0.699287 0.7307 0.474045 0.00113424
1 0.231182 0.901361 0.443879 0.195343 0.00111336
1 0.214942 0.176527 0.394828 0.347243 0.00109452
0 0.842496 0.57175 0.298584 0.422836 0.00108903
1 0.481145 0.902889 0.792552 0.193877 0.00108371
1 0.418162 0.963975 0.655255 0.0712048 0.00103687
1 0.543474 0.966791 0.731657 0.0649444 0.00103568
1 0.344646 0.900201 0.602268 0.198209 0.00103
0 0.79907 0.595326 0.390595 0.43354 0.0010259
1 0.795053 0.476824 0.350983 0.526822 0.00102513
0 0.901624 0.476986 0.196753 0.384251 0.00102387
1 0.372715 0.193192 0.734435 0.384512 0.00102238
0 0.881413 0.533635 0.237174 0.410063 0.00102186
1 0.32516 0.955674 0.558813 0.0872437 0.00101038
1 0.849794 0.875115 0.280842 0.239597 0.000999504
1 0.438294 0.687578 0.509926 0.50008 0.000991163
1 0.365199 0.136432 0.716512 0.272865 0.000987496
1 0.166162 0.894927 0.332325 0.203664 0.000987348
2 0.970605 0.251035 0.0587896 0.350764 0.000985929
0 0.698022 0.641742 0.591923 0.36437 0.000981004
1 0.418869 0.614488 0.437579 0.476013 0.000967379
0 0.609596 0.686189 0.774007 0.325837 0.000959396
1 0.15991 0.120885 0.31982 0.24177 0.000956917
2 0.76246 0.625012 0.460381 0.39412 0.000956427
1 0.26506 0.276736 0.3918 0.521379 0.000954854
1 0.212038 0.10971 0.380615 0.21862 0.000952704
1 0.281429 0.938827 0.528655 0.120587 0.000947264
1 0.800068 0.701353 0.393792 0.496846 0.000946916
1 0.472767 0.0970937 0.764788 0.194001 0.000934707
1 0.140207 0.0693186 0.280414 0.138637 0.000929947
2 0.102169 0.245188 0.204339 0.446737 0.000928999
1 0.639024 0.437657 0.68128 0.520957 0.000924993
1 0.500651 0.3475 0.753721 0.537082 0.000915316
2 0.0711603 0.526447 0.142321 0.58641 0.000913823
1 0.0403572 0.717595 0.0807143 0.533594 0.00091181
2 0.0696258 0.354009 0.139252 0.540482 0.000911644
1 0.191511 0.0663781 0.371805 0.132436 0.000903902
1 0.120651 0.194036 0.241302 0.37979 0.000901866
1 0.525891 0.759168 0.66659 0.18115 0.000898453
1 0.110212 0.146687 0.220423 0.293373 0.000897881
1 0.0481975 0.845372 0.0963951 0.298755 0.000893612
2 0.959548 0.360791 0.0809042 0.349791 0.000891578
1 0.968887 0.192558 0.0622269 0.368577 0.000870868
1 0.437486 0.24695 0.782943 0.491412 0.000865811
1 0.552085 0.189918 0.842914 0.378156 0.000848789
1 0.482063 0.060219 0.667306 0.120438 0.000847474
1 0.029905 0.782289 0.0598101 0.435421 0.000840954
0 0.934701 0.423041 0.130599 0.371684 0.000838449
1 0.276737 0.21271 0.476183 0.423918 0.000837165
1 0.0942142 0.0846094 0.188428 0.169219 0.000836324
1 0.698615 0.105426 0.524777 0.210853 0.000830572
1 0.256563 0.0314204 0.513127 0.0628407 0.000823466
1 0.908627 0.877447 0.182745 0.233966 0.000821025
1 0.812319 0.134358 0.277279 0.268716 0.000817937
1 0.843237 0.410489 0.230062 0.498558 0.000805998
2 0.0450554 0.681139 0.0901109 0.569329 0.000805804
1 0.431717 0.400145 0.656212 0.421493 0.000805548
1 0.168907 0.246225 0.337815 0.430373 0.000803625
2 0.1626 0.553807 0.325201 0.58614 0.000801037
1 0.110872 0.879608 0.221744 0.229339 0.000800211
1 0.590024 0.708979 0.818008 0.292104 0.000792575
1 0.321476 0.377451 0.474088 0.432394 0.000789668
1 0.287838 0.0624771 0.560318 0.124786 0.000788637
2 0.504584 0.491007 0.79103 0.487666 0.000776104
1 0.783634 0.0616011 0.35655 0.123202 0.000769336
1 0.714198 0.0585542 0.482304 0.117108 0.000765406
1 0.895544 0.143063 0.180801 0.286125 0.000763671
0 0.755948 0.539869 0.451704 0.489575 0.000762784
1 0.741939 0.960742 0.479689 0.077422 0.000756376
1 0.395577 0.31909 0.611364 0.560668 0.000755811
1 0.733317 0.0313279 0.533048 0.0620179 0.000753068
0 0.383818 0.617537 0.371434 0.482645 0.000740146
1 0.381837 0.508249 0.316013 0.258554 0.000740009
1 0.540728 0.0307778 0.710186 0.0613183 0.000737737
1 0.841667 0.204544 0.244777 0.40494 0.000731493
2 0.489453 0.575538 0.626465 0.491635 0.000729809
1 0.186599 0.0317853 0.373198 0.0629941 0.000722635
1 0.394642 0.0298 0.740981 0.0596 0.000722155
1 0.756083 0.3488 0.471224 0.524189 0.000717787
1 0.174534 0.946623 0.349068 0.106211 0.000716423
1 0.856273 0.0739898 0.263084 0.14798 0.000715684
1 0.694395 0.202057 0.61121 0.401367 0.000715319
1 0.446331 0.863564 0.629438 0.239904 0.000714154
2 0.158159 0.375258 0.306569 0.50374 0.000712723
1 0.211343 0.296972 0.341905 0.527074 0.000710567
1 0.958088 0.152075 0.0838239 0.304149 0.000708211
1 0.909167 0.197264 0.165021 0.381217 0.000706495
2 0.149378 0.460137 0.292691 0.483536 0.000706358
2 0.843271 0.738398 0.313458 0.45779 0.000705954
2 0.699239 0.427021 0.187085 0.0900172 0.000700087
2 0.899499 0.387697 0.172389 0.379546 0.000694881
2 0.373691 0.570053 0.649068 0.55788 0.000693074
1 0.362293 0.712019 0.582691 0.543643 0.000677999
1 0.882506 0.942939 0.234989 0.114122 0.000671423
1 0.9139 0.258931 0.158405 0.376318 0.000669531
1 0.735369 0.258564 0.529262 0.494956 0.000665021
1 0.448604 0.769247 0.573204 0.394958 0.000664507
1 0.540648 0.422568 0.792776 0.453966 0.000664403
2 0.159294 0.715341 0.318587 0.544081 0.000659634
0 0.806709 0.655151 0.386582 0.442873 0.000658862
2 0.908782 0.318639 0.158462 0.37012 0.000658725
1 0.856026 0.330503 0.200116 0.494935 0.000658226
0 0.27708 0.606673 0.418727 0.510637 0.000650635
2 0.296702 0.668616 0.429691 0.57046 0.000641656
2 0.265727 0.467723 0.421232 0.450549 0.000640385
1 0.135506 0.0347309 0.271013 0.0686793 0.000639715
1 0.839998 0.95395 0.320004 0.0921007 0.000636406
1 0.297661 0.875384 0.499576 0.237598 0.000635614
1 0.820928 0.031844 0.358144 0.0627437 0.000629702
2 0.897372 0.840758 0.205256 0.274934 0.000626801
1 0.133714 0.946423 0.267427 0.107154 0.000617324
1 0.893592 0.100777 0.212815 0.201555 0.000611362
1 0.692573 0.431372 0.198875 0.093184 0.000601188
1 0.162192 0.728355 0.324383 0.537112 0.000582803
1 0.852305 0.0430856 0.29539 0.0854548 0.0005653
1 0.151386 0.795117 0.294966 0.404398 0.000551229
2 0.39191 0.633206 0.394146 0.511625 0.000517846
2 0.69887 0.397786 0.191082 0.154257 0.000495603
0 0.581892 0.593342 0.824839 0.445129 0.000491502
1 0.385619 0.818367 0.358546 0.0515806 0.000472039
0 0.571946 0.771141 0.598888 0.120199 0.000417636
0 0.525987 0.787669 0.563903 0.096997 0.000409573
0 0.635623 0.750112 0.540441 0.136576 0.000409549
0 0.288787 0.47294 0.127139 0.183535 0.000396683
0 0.42099 0.8449 0.444512 0.0935597 0.000393808
0 0.686775 0.729828 0.573152 0.135679 0.000371879
0 0.14518 0.712801 0.247271 0.325938 0.000358913
0 0.38137 0.862918 0.340192 0.121904 0.000350635
0 0.422147 0.81976 0.557745 0.0531772 0.000347499
0 0.207685 0.796389 0.393669 0.261207 0.000343769
0 0.832695 0.51921 0.297078 0.253235 0.000339471
0 0.647937 0.150507 0.063094 0.043745 0.0003376
0 0.701144 0.435685 0.190313 0.103811 0.000335857
0 0.18242 0.763324 0.297099 0.288162 0.000333891
0 0.450246 0.835435 0.609217 0.0731529 0.000333219
2 0.232403 0.803297 0.464805 0.187146 0.000332534
0 0.37094 0.816048 0.337296 0.0518822 0.000332235
2 0.261606 0.833041 0.523213 0.214509 0.000328779
2 0.206999 0.821714 0.413998 0.342142 0.000328549
0 0.411544 0.768888 0.427671 0.147885 0.000327901
0 0.199845 0.791928 0.399691 0.365333 0.000325934
0 0.59534 0.071638 0.235878 0.135364 0.00032497
2 0.764729 0.483645 0.464892 0.200762 0.000320767
0 0.17651 0.512339 0.310112 0.319877 0.000320348
0 0.545651 0.336017 0.219971 0.0898755 0.000319033
0 0.75292 0.718027 0.456332 0.132782 0.000317717
0 0.347973 0.800605 0.569264 0.0639062 0.000316867
0 0.338306 0.788132 0.550726 0.104016 0.000315429
0 0.188537 0.65117 0.362965 0.337104 0.000313137
1 0.206863 0.267579 0.187975 0.17292 0.000311371
0 0.160367 0.569151 0.316695 0.40738 0.00030972
2 0.536747 0.819082 0.648497 0.0572253 0.000305735
0 0.601051 0.801538 0.683849 0.0548245 0.000303965
0 0.657633 0.146261 0.0821379 0.0575015 0.000302784
0 0.196552 0.468497 0.375992 0.352486 0.000299311
0 0.354016 0.625176 0.287656 0.340886 0.000298548
2 0.397423 0.615362 0.360241 0.383604 0.000296019
0 0.306393 0.864688 0.526625 0.169837 0.000295923
2 0.0014359 0.448465 0.00287181 0.233786 0.000294602
1 0.0751032 0.939362 0.150206 0.119714 0.000293307
0 0.159626 0.766003 0.319252 0.35388 0.00028999
2 0.686872 0.408358 0.215104 0.267503 0.000288531
0 0.700375 0.768425 0.59925 0.0570156 0.000286609
0 0.560212 0.405234 0.397192 0.184874 0.000283842
2 0.000994458 0.386471 0.00198892 0.24056 0.000283754
2 0.719613 0.616401 0.544404 0.475777 0.000283666
2 0.289538 0.634772 0.160943 0.363803 0.000282488
0 0.996243 0.783289 0.00751422 0.135477 0.000281948
0 0.255244 0.864813 0.507781 0.270373 0.000281522
0 0.915551 0.898387 0.069147 0.0431248 0.000279346
0 0.239808 0.0765165 0.479428 0.152827 0.000278185
0 0.360823 0.755582 0.317887 0.175294 0.000278033
0 0.431337 0.397056 0.475269 0.216878 0.000277701
0 0.448271 0.786358 0.514847 0.109377 0.000274598
0 0.174228 0.0800988 0.341474 0.159041 0.000274332
0 0.510209 0.347195 0.239046 0.129945 0.000272657
2 0.000852667 0.567007 0.00170533 0.258782 0.000272058
0 0.323456 0.476817 0.19821 0.19671 0.000270797
2 0.328766 0.71937 0.247148 0.273125 0.000270701
2 0.354335 0.573569 0.282733 0.3283 0.000270514
2 0.306747 0.661714 0.202529 0.34499 0.000270348
2 0.651294 0.246322 0.22141 0.2737 0.000268881
2 0.609757 0.338564 0.285058 0.153803 0.00026803
2 0.00122182 0.265663 0.00244364 0.236816 0.000267956
1 0.171772 0.276784 0.0926986 0.046303 0.000267955
0 0.994786 0.107753 0.0104288 0.215506 0.000267442
2 0.00148805 0.339287 0.00297611 0.238265 0.000267295
2 0.0299621 0.0511289 0.0599242 0.102258 0.000267167
0 0.278858 0.111585 0.557715 0.221524 0.000267001
2 0.288887 0.691667 0.165234 0.30052 0.000266823
2 0.789448 0.895484 0.305236 0.209033 0.000266429
2 0.0010844 0.491729 0.0021688 0.258044 0.00026614
2 0.000728025 0.693448 0.00145605 0.264646 0.000265583
2 0.000734989 0.739201 0.00146998 0.25709 0.000264456
2 0.792463 0.945372 0.16738 0.109256 0.000263545
0 0.246936 0.415716 0.372732 0.25178 0.000263499
0 0.615568 0.453402 0.360058 0.137877 0.000263314
0 0.875707 0.0533768 0.206474 0.104974 0.000263269
1 0.865895 0.706056 0.252109 0.147035 0.00026308
0 0.491064 0.810204 0.65938 0.0575214 0.000262531
0 0.354818 0.395337 0.360224 0.235816 0.00026147
0 0.995573 0.74922 0.00885327 0.129198 0.00026147
2 0.752493 0.881884 0.304604 0.236233 0.000261102
0 0.544259 0.243315 0.214824 0.247436 0.000259606
0 0.850126 0.708619 0.282177 0.141853 0.000259408
2 0.00516485 0.0857979 0.0103297 0.169173 0.000259269
2 0.601154 0.243252 0.205429 0.301437 0.000259154
0 0.228538 0.874553 0.373955 0.250895 0.000258039
0 0.442546 0.324031 0.402678 0.132112 0.000257262
2 0.517849 0.62179 0.625319 0.36728 0.000257161
2 0.329437 0.12006 0.451099 0.239924 0.000256983
0 0.340771 0.413242 0.248342 0.0717421 0.000255813
0 0.767996 0.489738 0.358792 0.210574 0.000254941
2 0.7696 0.682256 0.458846 0.201484 0.000254731
0 0.855159 0.986647 0.233787 0.026705 0.000253567
2 0.520255 0.282176 0.143428 0.168295 0.000253207
0 0.124619 0.357286 0.128859 0.233267 0.000253178
0 0.291554 0.435936 0.137914 0.10899 0.000252475
0 0.675365 0.443144 0.236836 0.113756 0.000252352
0 0.237108 0.54574 0.170038 0.382649 0.000252151
0 0.643211 0.717976 0.526801 0.206904 0.000251201
0 0.502788 0.847359 0.601999 0.0906193 0.000251066
0 0.831555 0.344112 0.258888 0.309827 0.00025005
2 0.581178 0.840506 0.57543 0.134063 0.000249202
0 0.736571 0.503445 0.526857 0.196533 0.000248882
2 0.369172 0.743602 0.326334 0.213955 0.00024817
2 0.414268 0.567827 0.407842 0.363894 0.00024789
0 0.961566 0.828093 0.0768687 0.16573 0.000246368
2 0.739019 0.922292 0.300487 0.155416 0.000245709
0 0.724294 0.984631 0.307907 0.0306851 0.000245157
2 0.378204 0.485567 0.325754 0.208531 0.000244858
0 0.984475 0.0306356 0.0310497 0.0612712 0.00024478
2 0.496793 0.400042 0.348836 0.214943 0.000244725
2 0.667824 0.379573 0.247826 0.253198 0.000243591
0 0.468567 0.337197 0.301414 0.161585 0.000243564
0 0.306392 0.633665 0.195943 0.361685 0.000242263
2 0.00147574 0.877918 0.00295148 0.244163 0.000241612
0 0.296107 0.883569 0.424972 0.19528 0.000241504
0 0.891003 0.866869 0.126937 0.121245 0.00024145
0 0.995475 0.221188 0.00905078 0.222349 0.000241369
0 0.502408 0.362826 0.287197 0.203346 0.000240547
0 0.134078 0.0920154 0.256951 0.182143 0.00024048
0 0.109868 0.364629 0.18109 0.280563 0.00024005
0 0.65006 0.188167 0.138129 0.153987 0.000239919
0 0.392102 0.723316 0.350289 0.234154 0.000239543
2 0.711023 0.809972 0.577955 0.0818834 0.00023808
0 0.993762 0.0483907 0.0124756 0.0967063 0.000237814
0 0.327565 0.595576 0.222046 0.359706 0.000236989
2 0.379775 0.531511 0.320842 0.298186 0.000236455
1 0.154282 0.259081 0.182798 0.133784 0.000236171
0 0.29755 0.0672426 0.5951 0.134485 0.00023582
0 0.706489 0.484826 0.214989 0.19802 0.000235777
0 0.426852 0.0504694 0.419014 0.100939 0.000235694
2 0.00103427 0.791831 0.00206854 0.268486 0.00023537
0 0.995726 0.821133 0.00854895 0.172684 0.000235002
0 0.859628 0.611171 0.26176 0.239729 0.000234172
0 0.882797 0.525965 0.216836 0.151144 0.000232488
2 0.232048 0.242471 0.229819 0.173454 0.00023228
2 0.000526489 0.1869 0.00105298 0.28193 0.000231547
0 0.331562 0.660674 0.250715 0.338911 0.000230977
2 0.00141993 0.630046 0.00283986 0.238631 0.000230931
2 0.571453 0.321748 0.165492 0.143879 0.000230785
0 0.535142 0.780274 0.430612 0.116531 0.000229243
0 0.721353 0.742073 0.557294 0.0979478 0.000228082
0 0.763513 0.742211 0.430086 0.0882782 0.000227939
0 0.253631 0.529194 0.133069 0.328342 0.000227866
0 0.899357 0.832629 0.191786 0.143913 0.000227675
0 0.995795 0.0739067 0.00840997 0.147813 0.000227675
2 0.205095 0.270049 0.162687 0.0700063 0.000227104
0 0.792158 0.149478 0.0556771 0.0643399 0.000226892
0 0.255544 0.474286 0.20001 0.195333 0.000226709
0 0.0885035 0.951816 0.177007 0.0963677 0.000226486
2 0.169332 0.86118 0.275046 0.27764 0.000226379
0 0.685937 0.464966 0.218521 0.159642 0.000226254
2 0.533712 0.876267 0.561805 0.180978 0.000226217
2 0.0718668 0.0279653 0.143734 0.0559307 0.000226209
0 0.820987 0.9842 0.308551 0.0316006 0.000226178
0 0.880821 0.816963 0.210214 0.104618 0.000225581
0 0.470333 0.684876 0.511453 0.319127 0.000225087
2 0.593472 0.280445 0.232813 0.251907 0.000224764
0 0.987762 0.615762 0.0244761 0.290178 0.00022458
0 0.149535 0.42015 0.275517 0.342731 0.000224463
2 0.272385 0.753373 0.193324 0.173812 0.000223185
2 0.297185 0.774902 0.418345 0.11958 0.000223056
0 0.758114 0.592825 0.480343 0.124113 0.000222971
0 0.55499 0.224421 0.266677 0.283197 0.000222895
0 0.875473 0.982459 0.210306 0.035081 0.000222623
0 0.314934 0.16264 0.322473 0.201158 0.000222241
0 0.995087 0.921163 0.00982587 0.157674 0.000221517
0 0.840652 0.0978748 0.139618 0.16717 0.000221457
0 0.847615 0.317756 0.212669 0.270567 0.000221279
