0 0.469775 0.569852 0.521812 0.483595 0.935395
0 0.04883 0.0693929 0.0976433 0.114624 0.639223
0 0.0467672 0.0426416 0.0935345 0.0586003 0.307516
0 0.82761 0.781524 0.132092 0.0797505 0.0224157
0 0.0128374 0.475023 0.0256747 0.0643579 0.0115096
0 0.3021 0.364156 0.105047 0.0748389 0.00913913
0 0.0349586 0.653182 0.0699172 0.100399 0.00650721
0 0.655948 0.270323 0.170475 0.105557 0.00516155
0 0.00995531 0.47989 0.0198356 0.072727 0.00362585
0 0.306687 0.389496 0.111754 0.126241 0.00314481
0 0.0134896 0.46096 0.0269792 0.0948872 0.00263803
0 0.0879205 0.0662067 0.174814 0.132413 0.00243346
0 0.0571481 0.103165 0.11334 0.206009 0.00222367
0 0.128355 0.0629225 0.25671 0.124213 0.00215786
0 0.492849 0.640894 0.477113 0.344994 0.00205711
0 0.0147699 0.478615 0.0295398 0.0786098 0.00204536
0 0.854152 0.781293 0.0797842 0.0758782 0.00176184
0 0.0618079 0.154418 0.123616 0.308837 0.00170003
0 0.478655 0.716719 0.540335 0.359941 0.00162603
0 0.188905 0.0477588 0.37781 0.0953134 0.00158836
0 0.303681 0.868582 0.0267224 0.0234973 0.00156019
2 0.280222 0.197344 0.557145 0.393335 0.00151676
2 0.0677956 0.236458 0.135591 0.465374 0.00146464
0 0.0431009 0.607184 0.0851671 0.47665 0.00144124
0 0.097137 0.606015 0.193092 0.545165 0.00143256
2 0.48948 0.204714 0.625194 0.408372 0.00142381
2 0.498869 0.266397 0.582144 0.430221 0.00141463
0 0.133687 0.10674 0.267374 0.213481 0.00139946
2 0.111205 0.244076 0.22241 0.479752 0.00139084
0 0.585709 0.445237 0.096189 0.0753355 0.00138758
2 0.143755 0.418255 0.287382 0.582292 0.00136419
2 0.248616 0.142747 0.497232 0.285494 0.00135171
1 0.322697 0.25451 0.62444 0.481042 0.00130287
0 0.198338 0.0688357 0.396676 0.137671 0.00130213
2 0.0970704 0.167033 0.194141 0.331206 0.0012846
2 0.959969 0.606755 0.0800613 0.367393 0.00125561
0 0.670578 0.279571 0.138691 0.0953845 0.00125312
2 0.523224 0.710102 0.498667 0.390431 0.00124558
2 0.504396 0.251957 0.51385 0.333401 0.00122206
2 0.198724 0.117852 0.397447 0.235704 0.00121031
2 0.942116 0.701655 0.115768 0.366534 0.00120469
2 0.306751 0.473622 0.613502 0.619023 0.00120085
2 0.0690833 0.338252 0.138167 0.538186 0.00118851
0 0.048391 0.526511 0.0958752 0.50971 0.00118387
0 0.576903 0.556721 0.296643 0.47799 0.00118373
0 0.0896784 0.104474 0.179357 0.208311 0.00118285
0 0.256707 0.0279324 0.513414 0.0558145 0.00118234
0 0.222457 0.575663 0.434468 0.526809 0.00117715
0 0.11701 0.544878 0.23383 0.557202 0.00115942
2 0.893712 0.576014 0.201319 0.470895 0.00115714
2 0.47705 0.452234 0.543483 0.584088 0.00114249
0 0.611522 0.738465 0.573593 0.366103 0.00112861
2 0.957157 0.496608 0.0856868 0.34892 0.00112781
0 0.748651 0.063936 0.502698 0.127872 0.00112541
0 0.771587 0.0257523 0.456826 0.0515047 0.00110672
0 0.570471 0.633223 0.317962 0.425219 0.00110088
2 0.892197 0.696083 0.187305 0.431067 0.00108777
2 0.39749 0.170795 0.560583 0.34159 0.00108609
2 0.0597924 0.393307 0.118841 0.497191 0.00108413
0 0.0551455 0.426176 0.108717 0.514158 0.00107632
1 0.366729 0.476204 0.733457 0.610132 0.00107025
2 0.152004 0.179121 0.304008 0.355262 0.0010632
2 0.490581 0.365832 0.541462 0.367823 0.00106128
0 0.498935 0.510762 0.486617 0.631663 0.00105503
0 0.67202 0.259669 0.13914 0.0952856 0.00105364
0 0.356736 0.572565 0.330294 0.503071 0.00104309
2 0.492998 0.326142 0.50639 0.261526 0.00104093
0 0.319036 0.0804692 0.547541 0.160938 0.00103344
0 0.1028 0.689592 0.205368 0.442532 0.00101054
0 0.443171 0.0771122 0.670473 0.154224 0.0010074
2 0.926591 0.740326 0.146818 0.345174 0.00100199
0 0.448913 0.164174 0.636842 0.328348 0.00100093
0 0.300002 0.528797 0.596758 0.563379 0.00099933
0 0.298808 0.350177 0.0922917 0.0463889 0.000988627
2 0.874982 0.456057 0.236858 0.459593 0.000979831
0 0.83021 0.597469 0.322568 0.498481 0.000973959
0 0.637012 0.529308 0.24842 0.465506 0.000963298
2 0.735946 0.188209 0.528109 0.36521 0.000958219
0 0.719543 0.904119 0.530443 0.191762 0.000938153
0 0.82477 0.87463 0.347956 0.250141 0.000936105
0 0.891565 0.879667 0.215719 0.240667 0.000933121
0 0.0213716 0.57973 0.0427432 0.309292 0.000920608
0 0.593269 0.0596598 0.722889 0.11932 0.000919697
2 0.956817 0.386347 0.086365 0.331843 0.00091475
0 0.741114 0.853541 0.465989 0.276056 0.000911877
0 0.0479583 0.723643 0.0955641 0.351731 0.000899524
0 0.846733 0.682396 0.258037 0.478584 0.000897979
2 0.113539 0.783702 0.227077 0.3535 0.000896015
2 0.0578232 0.760769 0.114857 0.330143 0.000895852
0 0.0127833 0.503246 0.0255667 0.141858 0.000892197
2 0.803639 0.219891 0.388876 0.391032 0.000888749
2 0.185957 0.247877 0.371915 0.485754 0.000886595
0 0.765308 0.106621 0.469149 0.213242 0.00088521
0 0.644745 0.853698 0.599969 0.266595 0.000883186
2 0.541287 0.241379 0.400882 0.271218 0.000879784
0 0.143876 0.958269 0.287752 0.0832351 0.000870672
0 0.74906 0.550504 0.423663 0.533778 0.000870608
1 0.351811 0.315892 0.703621 0.508988 0.00085697
0 0.641084 0.934422 0.578014 0.131156 0.000843579
0 0.693402 0.11601 0.613195 0.23202 0.000842361
2 0.525431 0.130161 0.703191 0.260323 0.000839399
0 0.381163 0.0257022 0.567119 0.0514044 0.000832009
2 0.588528 0.819515 0.64583 0.344788 0.000829311
0 0.196187 0.966571 0.392375 0.0666077 0.000816416
2 0.63799 0.190056 0.600289 0.37234 0.000808819
0 0.106933 0.92808 0.213867 0.123705 0.00080784
0 0.724863 0.57358 0.0270713 0.0180628 0.000803948
2 0.959071 0.327978 0.0818573 0.317387 0.000800909
0 0.915124 0.858406 0.166677 0.270649 0.000800499
0 0.810554 0.975457 0.378892 0.0490864 0.000797014
0 0.223458 0.659713 0.446916 0.37182 0.000795329
0 0.369154 0.974953 0.525407 0.0500941 0.000794925
2 0.857543 0.323284 0.267534 0.424717 0.000793414
2 0.55538 0.289135 0.365951 0.178628 0.00078904
0 0.00998085 0.466895 0.0199617 0.0632319 0.000782906
2 0.259305 0.306788 0.518611 0.525542 0.000778319
0 0.727139 0.63346 0.420358 0.541074 0.000772298
0 0.804236 0.474895 0.390228 0.506369 0.000767053
0 0.252375 0.971966 0.493616 0.055892 0.000764645
0 0.0824967 0.844473 0.164688 0.233353 0.000757207
0 0.650972 0.0261562 0.690566 0.0522085 0.000753447
2 0.36682 0.422784 0.73364 0.64186 0.000751981
0 0.310942 0.86627 0.0264912 0.0169762 0.000738209
0 0.866316 0.960562 0.267368 0.0788761 0.000737294
0 0.799137 0.346656 0.389204 0.446327 0.000736221
2 0.921991 0.817628 0.152082 0.311173 0.000733375
0 0.0138843 0.426867 0.0277686 0.186591 0.000728896
1 0.274464 0.919927 0.512907 0.160145 0.000727441
2 0.958571 0.269946 0.0828571 0.331676 0.000725606
2 0.752817 0.491237 0.445718 0.519354 0.000723247
0 0.810123 0.275342 0.36357 0.393685 0.00072224
0 0.0361283 0.104808 0.0722221 0.189962 0.000717744
0 0.68768 0.70042 0.464327 0.420683 0.000717297
0 0.32971 0.436346 0.162818 0.22128 0.000711117
0 0.849612 0.029875 0.300776 0.0580492 0.000706515
0 0.236525 0.917667 0.47305 0.164665 0.000706062
2 0.717199 0.757228 0.495722 0.426178 0.000702928
0 0.515366 0.974604 0.565092 0.0507928 0.000700625
0 0.52141 0.0265308 0.731017 0.0530615 0.000688854
2 0.533954 0.392019 0.410452 0.429937 0.000686205
2 0.54336 0.476391 0.393893 0.626961 0.000681602
0 0.0173519 0.933892 0.0347037 0.132216 0.000680317
0 0.258538 0.80226 0.517076 0.354345 0.000677411
2 0.878131 0.787803 0.208355 0.37941 0.000673762
2 0.954915 0.210441 0.0901694 0.35622 0.000661109
1 0.312457 0.880011 0.624915 0.23883 0.000661062
0 0.110817 0.883425 0.221634 0.192491 0.000657697
1 0.436481 0.350245 0.704436 0.440696 0.000654176
0 0.264574 0.732766 0.529148 0.295112 0.000650532
0 0.0273944 0.701052 0.0547889 0.202293 0.000650201
0 0.160947 0.927635 0.321894 0.144731 0.000649425
2 0.574018 0.939392 0.620142 0.121216 0.000648829
2 0.828593 0.157899 0.337229 0.310709 0.000645921
0 0.0315778 0.654151 0.0629712 0.0780089 0.000632957
0 0.825033 0.810888 0.135268 0.138468 0.000631321
0 0.0367291 0.623432 0.0728717 0.17796 0.000617415
0 0.0103741 0.497614 0.0204817 0.11461 0.000616933
0 0.703454 0.975737 0.513364 0.048525 0.000614061
2 0.637283 0.490036 0.295522 0.523267 0.000606125
1 0.369831 0.773982 0.731133 0.437049 0.000602235
0 0.850117 0.0769958 0.299238 0.153992 0.000602053
2 0.335594 0.924171 0.575224 0.151657 0.000594777
1 0.476105 0.73321 0.579468 0.401215 0.000582791
2 0.62767 0.241324 0.279531 0.27476 0.000579697
0 0.0152225 0.840205 0.030445 0.13695 0.000575823
1 0.033587 0.71333 0.0668142 0.212204 0.000566248
2 0.838907 0.728933 0.173056 0.380545 0.000562278
0 0.19877 0.882868 0.39754 0.215123 0.000557591
0 0.361502 0.75917 0.145496 0.0995921 0.00055501
2 0.441509 0.925287 0.601297 0.149425 0.000551772
0 0.508425 0.930454 0.671644 0.139092 0.000550196
0 0.0896839 0.92724 0.178438 0.145519 0.000548504
1 0.453151 0.850505 0.709564 0.298989 0.000545039
0 0.013568 0.535347 0.027136 0.241607 0.000538421
0 0.282254 0.348885 0.0669505 0.044897 0.000529922
0 0.832246 0.833177 0.137865 0.171014 0.000524202
2 0.934857 0.15664 0.130285 0.310419 0.000521348
0 0.887067 0.111889 0.225866 0.223777 0.000521125
0 0.581352 0.260733 0.0865289 0.0557697 0.000516755
2 0.753538 0.357293 0.413502 0.400761 0.000512416
2 0.760771 0.299768 0.384329 0.311728 0.000502548
0 0.369487 0.410166 0.245293 0.167289 0.00049507
0 0.0125432 0.355489 0.0250864 0.161694 0.000490833
0 0.166766 0.0124129 0.194139 0.0241516 0.000487368
0 0.0123824 0.283059 0.0247648 0.155581 0.000476287
0 0.800543 0.987081 0.278746 0.0258387 0.000469319
0 0.393931 0.678531 0.644202 0.296551 0.000466606
0 0.824981 0.786106 0.146536 0.115714 0.000464337
0 0.0916679 0.956541 0.182476 0.0869185 0.000447997
0 0.566508 0.33876 0.401338 0.125916 0.000445183
2 0.616348 0.360985 0.258946 0.354133 0.000442481
0 0.624229 0.30015 0.24546 0.110173 0.000442
0 0.0132979 0.387433 0.0265957 0.205475 0.000437145
0 0.55481 0.358882 0.429802 0.178471 0.000427432
0 0.0341243 0.473061 0.0675438 0.0839176 0.00042419
0 0.856518 0.986439 0.286964 0.0271215 0.000421958
2 0.629274 0.289361 0.227949 0.202251 0.000419506
0 0.404732 0.611677 0.502151 0.409173 0.000417995
0 0.312291 0.512818 0.206409 0.346088 0.000412353
0 0.0148986 0.807323 0.0297973 0.212034 0.000410932
0 0.979717 0.944074 0.0398932 0.0424229 0.000407467
0 0.297704 0.868228 0.0486727 0.0267368 0.000394924
0 0.982236 0.357499 0.0355278 0.113259 0.000394547
0 0.743054 0.98705 0.317658 0.0259002 0.00039444
0 0.91142 0.0120606 0.173744 0.0234352 0.000393697
0 0.0157215 0.874491 0.0314431 0.170239 0.000385524
0 0.495764 0.985289 0.240916 0.029421 0.000384544
0 0.516147 0.650295 0.0684228 0.0595375 0.000380729
0 0.0236502 0.657081 0.0469974 0.0694422 0.000379809
0 0.308114 0.874883 0.0321059 0.0331112 0.000378334
0 0.891351 0.984458 0.217299 0.030254 0.000378029
1 0.0346475 0.735347 0.0686319 0.300394 0.00037054
0 0.643764 0.611373 0.160444 0.118443 0.000368323
0 0.423192 0.410919 0.161098 0.135668 0.000363998
0 0.964859 0.937433 0.0696856 0.125134 0.000362599
0 0.0128378 0.232686 0.0256756 0.149968 0.000360462
0 0.58257 0.355152 0.337199 0.261873 0.000359252
0 0.910852 0.98068 0.178296 0.03864 0.000358143
0 0.201961 0.0121681 0.163376 0.0237763 0.000357493
0 0.493112 0.432952 0.289564 0.164292 0.000357341
0 0.44143 0.469247 0.413289 0.234917 0.000356733
0 0.970995 0.954349 0.0580107 0.0779598 0.000356619
0 0.342033 0.490165 0.24512 0.332689 0.000354849
0 0.449937 0.400535 0.115502 0.100076 0.000354354
0 0.980439 0.352553 0.0391215 0.196192 0.000354099
0 0.961561 0.967642 0.0768775 0.0647166 0.000346811
0 0.370278 0.98645 0.309607 0.0271002 0.000344288
0 0.457632 0.412179 0.177678 0.121825 0.000341001
0 0.0149325 0.137206 0.029865 0.175608 0.000340552
0 0.575992 0.415729 0.295636 0.111052 0.000339584
0 0.440192 0.985419 0.319724 0.0291616 0.000338912
0 0.987387 0.94509 0.0247181 0.0442597 0.000337203
0 0.301774 0.984889 0.301999 0.0302225 0.000332198
0 0.966095 0.0416033 0.0672494 0.0784489 0.000331921
0 0.393835 0.665929 0.379489 0.27317 0.000326621
0 0.282779 0.527279 0.144771 0.274319 0.000326497
0 0.10669 0.897978 0.192455 0.133522 0.000324635
1 0.0537051 0.723718 0.104695 0.201982 0.000319752
0 0.0131521 0.197974 0.0263042 0.141973 0.000319517
0 0.682214 0.223232 0.128824 0.154274 0.000319201
0 0.144535 0.0384645 0.224449 0.071762 0.000318775
0 0.980023 0.655256 0.0399534 0.191455 0.000316623
0 0.167854 0.894678 0.199319 0.135345 0.000314549
0 0.980925 0.277418 0.0381505 0.195939 0.00031349
0 0.856509 0.783945 0.177034 0.0979536 0.000313435
0 0.0209597 0.730953 0.0419193 0.295017 0.00031195
0 0.63764 0.279264 0.198271 0.132911 0.000309944
0 0.675732 0.987289 0.300679 0.0254218 0.000309542
0 0.0371924 0.964454 0.0740599 0.0710911 0.000309185
0 0.948276 0.923409 0.100108 0.153181 0.000307918
0 0.257726 0.575478 0.0947556 0.0585025 0.000307328
0 0.139525 0.924235 0.197731 0.125773 0.000306605
0 0.292133 0.882418 0.0592289 0.0525865 0.000306545
0 0.118449 0.973863 0.232032 0.052274 0.000306248
0 0.314023 0.606705 0.218732 0.199148 0.00030504
0 0.509027 0.42463 0.266797 0.114831 0.000304553
0 0.519781 0.402127 0.239584 0.101389 0.00030413
0 0.206526 0.911572 0.21253 0.118814 0.000303751
0 0.97386 0.886223 0.0522804 0.227554 0.000303276
0 0.612839 0.716218 0.0863858 0.116605 0.000301995
0 0.919612 0.177336 0.148992 0.0733609 0.000299363
0 0.519275 0.637189 0.441384 0.0957535 0.00029928
0 0.957031 0.0182762 0.0859373 0.03457 0.000299125
0 0.0612459 0.347744 0.091047 0.100224 0.000298517
0 0.805202 0.701312 0.277012 0.179381 0.000297817
0 0.980047 0.223645 0.0399069 0.184748 0.000297548
0 0.0377309 0.847888 0.0734867 0.190349 0.00029539
0 0.106978 0.736826 0.213956 0.259523 0.000294818
0 0.618292 0.538859 0.198557 0.327854 0.000294604
0 0.977786 0.486695 0.0444272 0.199769 0.000293626
0 0.658294 0.392067 0.23471 0.138004 0.000293016
0 0.346892 0.569769 0.287765 0.296641 0.000292741
0 0.885138 0.825403 0.202336 0.190223 0.000291592
0 0.78143 0.191335 0.214361 0.16021 0.000291261
0 0.0354744 0.561374 0.0703537 0.333604 0.000290773
0 0.976761 0.867719 0.0464779 0.256844 0.000288507
0 0.246364 0.893144 0.226536 0.118818 0.000287514
0 0.537911 0.643728 0.380338 0.0754282 0.000287416
0 0.365772 0.44566 0.245174 0.232001 0.000287371
0 0.0337697 0.511605 0.0667671 0.192818 0.00028498
0 0.396863 0.0145619 0.184138 0.0289961 0.000284319
0 0.379638 0.48003 0.425099 0.279393 0.000284292
0 0.979729 0.757315 0.0405421 0.227473 0.000283344
0 0.608774 0.568828 0.0857896 0.0744062 0.000283117
0 0.473688 0.913492 0.167051 0.108138 0.000283045
0 0.0158356 0.75605 0.0316712 0.318924 0.000280942
0 0.915757 0.920582 0.168487 0.158835 0.000280795
0 0.837076 0.0116682 0.234418 0.0226422 0.000280711
0 0.551156 0.397772 0.453901 0.102867 0.000280685
0 0.102104 0.853628 0.194579 0.141405 0.000279835
0 0.951584 0.517084 0.0953015 0.241506 0.000279463
0 0.0639274 0.830398 0.111781 0.0903199 0.00027833
0 0.69948 0.276701 0.078831 0.0664435 0.000277821
0 0.609437 0.285443 0.197444 0.160352 0.000277771
0 0.934049 0.871701 0.131901 0.256598 0.000277045
0 0.770445 0.270997 0.18828 0.115166 0.000276413
0 0.776954 0.236509 0.238471 0.193257 0.000276255
0 0.316563 0.647636 0.224503 0.242488 0.000276167
2 0.572519 0.774177 0.204058 0.195705 0.000275243
0 0.677826 0.29726 0.123088 0.0923222 0.000274835
