1 0.664664 0.10285 0.322513 0.20564 0.773287
1 0.58107 0.693955 0.83786 0.612089 0.76078
2 0.582754 0.692827 0.819827 0.614346 0.514484
0 0.180105 0.107052 0.357656 0.214104 0.175013
2 0.648988 0.0926689 0.288037 0.170961 0.10528
1 0.741645 0.101794 0.490118 0.203587 0.0758176
0 0.573922 0.0939117 0.141123 0.164346 0.0747714
2 0.17383 0.105953 0.346991 0.211907 0.0645326
0 0.57082 0.0685136 0.106229 0.0956928 0.0591853
2 0.346974 0.606353 0.693948 0.787295 0.0531969
1 0.322649 0.618999 0.639879 0.762002 0.0512725
2 0.11108 0.104587 0.22216 0.204464 0.0430387
1 0.874491 0.736181 0.251018 0.325377 0.0351966
0 0.622269 0.0915402 0.24016 0.167947 0.0314362
2 0.452256 0.652153 0.904512 0.695694 0.0233402
1 0.5 0.397296 1 0.794593 0.0232589
1 0.226009 0.841883 0.451862 0.316234 0.0190535
0 0.111893 0.105606 0.223785 0.206297 0.0184565
1 0.417905 0.109714 0.825514 0.216008 0.0166458
2 0.578096 0.61275 0.758509 0.472267 0.0143847
1 0.236195 0.939386 0.472391 0.121227 0.0120788
1 0.226402 0.772594 0.451317 0.454812 0.0120173
1 0.735301 0.14521 0.52222 0.285731 0.0119194
1 0.573914 0.812855 0.835224 0.374291 0.0117701
1 0.265245 0.695099 0.53049 0.6097 0.0113528
2 0.578394 0.460824 0.838307 0.921648 0.010524
1 0.662401 0.772373 0.675197 0.441034 0.0100125
1 0.512725 0.315875 0.758387 0.631749 0.00999816
0 0.56412 0.077805 0.118451 0.127274 0.00998619
1 0.662901 0.255052 0.470327 0.510103 0.0096776
1 0.615227 0.432996 0.769546 0.865991 0.00883473
1 0.174837 0.738935 0.348084 0.518117 0.00789067
2 0.494935 0.325786 0.984327 0.647764 0.00724145
1 0.751331 0.391355 0.497197 0.78271 0.00715079
2 0.553574 0.595123 0.876349 0.654765 0.00706621
1 0.944116 0.399995 0.111768 0.79999 0.00698143
0 0.181758 0.211755 0.363011 0.420454 0.00694152
0 0.405534 0.136685 0.811068 0.273369 0.00683297
2 0.163905 0.152399 0.327674 0.29978 0.00615198
2 0.545767 0.55818 0.687237 0.346173 0.00594753
1 0.757595 0.726509 0.48481 0.346091 0.00594293
0 0.253836 0.11078 0.507671 0.22156 0.0058847
1 0.253581 0.96864 0.500447 0.0619463 0.00564947
1 0.8979 0.424591 0.203787 0.849181 0.00562195
1 0.849236 0.790379 0.298569 0.419242 0.0055423
0 0.949035 0.842176 0.101929 0.0839315 0.0055035
1 0.953099 0.290125 0.0938013 0.568549 0.00543221
2 0.172564 0.14231 0.115024 0.0751009 0.00527867
2 0.841226 0.451237 0.316692 0.902475 0.00517017
1 0.748132 0.205191 0.500349 0.409892 0.00500794
2 0.564374 0.0698039 0.0983458 0.0962536 0.00484058
1 0.727082 0.102211 0.193561 0.203052 0.00478592
1 0.5 0.266205 1 0.53241 0.00477759
0 0.473498 0.103639 0.946997 0.205202 0.00472264
2 0.948662 0.843731 0.100848 0.0859836 0.00450288
1 0.276443 0.432508 0.542051 0.865017 0.00446567
1 0.833026 0.724922 0.331057 0.360142 0.00441034
0 0.381484 0.300045 0.762968 0.59969 0.00417436
1 0.564136 0.876097 0.871728 0.244003 0.00416484
1 0.934617 0.571427 0.130767 0.787539 0.00401214
1 0.731777 0.514562 0.536445 0.889569 0.00384339
0 0.191454 0.29269 0.382261 0.58538 0.00384306
1 0.321318 0.341214 0.642637 0.682429 0.00364463
1 0.0975013 0.735889 0.191968 0.521423 0.00362114
2 0.777658 0.548896 0.443851 0.825862 0.00360589
0 0.948908 0.858696 0.102184 0.120526 0.00356833
1 0.890997 0.632346 0.218006 0.661201 0.00356669
2 0.356601 0.517674 0.713202 0.935103 0.00350148
1 0.52366 0.765187 0.95268 0.469626 0.00346214
1 0.157093 0.657258 0.31039 0.685484 0.00341237
1 0.935253 0.173104 0.125165 0.346209 0.00332237
2 0.549679 0.453877 0.69625 0.735428 0.00331481
0 0.167836 0.148206 0.116032 0.0835178 0.00321596
2 0.177531 0.30456 0.355063 0.609119 0.00317721
1 0.205555 0.343345 0.41111 0.68669 0.0031477
2 0.193105 0.595725 0.38621 0.808398 0.00314111
1 0.504562 0.901392 0.897025 0.19689 0.00311511
0 0.0187448 0.789867 0.0374731 0.146356 0.00306125
0 0.397874 0.402156 0.760912 0.700294 0.0030484
0 0.706486 0.0661191 0.240616 0.132238 0.00302329
1 0.411785 0.929607 0.670868 0.140787 0.00298656
0 0.0734694 0.353756 0.146939 0.707511 0.0029825
0 0.0633662 0.0887451 0.125049 0.176925 0.00297034
0 0.859114 0.77847 0.281773 0.443061 0.0029195
2 0.109533 0.302142 0.219066 0.604284 0.00286523
0 0.095181 0.647727 0.185713 0.691603 0.00283399
2 0.948114 0.862074 0.102281 0.136686 0.00280099
2 0.0177519 0.763948 0.0355039 0.100078 0.00278835
0 0.0854751 0.547812 0.17095 0.885661 0.00278615
0 0.443847 0.663607 0.887694 0.672787 0.00275354
0 0.44423 0.514336 0.550682 0.289279 0.00275176
2 0.238439 0.543624 0.476878 0.899356 0.00273753
1 0.14026 0.456343 0.280521 0.878205 0.00272059
2 0.330742 0.405165 0.661484 0.810329 0.00270972
0 0.466646 0.959875 0.841795 0.0802507 0.00270602
0 0.399261 0.969897 0.653528 0.0602051 0.00269346
1 0.186468 0.471742 0.372937 0.939037 0.00267683
2 0.441776 0.525789 0.468668 0.285837 0.00266061
0 0.289861 0.880336 0.567249 0.239327 0.00258472
0 0.510744 0.0684327 0.24525 0.113962 0.00257908
0 0.325807 0.952435 0.566128 0.095129 0.00257341
0 0.330011 0.906692 0.61488 0.186616 0.00254763
1 0.948784 0.877579 0.102432 0.168351 0.00253973
0 0.879891 0.912868 0.240217 0.174265 0.00252174
2 0.830435 0.758672 0.336388 0.478943 0.0025113
0 0.060935 0.0428706 0.12187 0.0857062 0.0025043
1 0.74785 0.13645 0.134568 0.12908 0.00248482
1 0.109897 0.388434 0.216019 0.765082 0.00244865
0 0.488815 0.786958 0.923271 0.426083 0.00242299
1 0.311925 0.947553 0.574399 0.104894 0.00240408
0 0.441616 0.898352 0.757154 0.203296 0.00239805
2 0.162356 0.157116 0.126155 0.0993694 0.00237992
0 0.0584408 0.0246419 0.116882 0.0492838 0.00235461
2 0.634598 0.555415 0.730695 0.836541 0.00234774
2 0.646842 0.746266 0.706317 0.506967 0.00227331
0 0.98827 0.582924 0.0234595 0.176672 0.00219503
2 0.307796 0.736029 0.615591 0.527942 0.00218951
1 0.918977 0.750222 0.162045 0.301958 0.00215634
1 0.218953 0.950716 0.437907 0.0971354 0.00208052
0 0.056048 0.0167239 0.109205 0.0334478 0.00206528
1 0.838262 0.884625 0.320243 0.230749 0.00206503
0 0.868334 0.744718 0.256887 0.273862 0.00201421
0 0.160357 0.149288 0.155911 0.10909 0.00191929
1 0.730144 0.662687 0.539713 0.520997 0.00191625
0 0.98439 0.619486 0.0312193 0.0998723 0.00187606
0 0.988055 0.616295 0.0235244 0.182216 0.00181301
0 0.975364 0.729846 0.0492716 0.335943 0.00178196
0 0.112065 0.0505529 0.22413 0.101106 0.00176747
2 0.0213524 0.758213 0.0417319 0.179582 0.001705
1 0.0294235 0.729692 0.0574498 0.333825 0.00169451
0 0.564759 0.0556383 0.145045 0.105937 0.00169419
1 0.0238217 0.799793 0.0461423 0.352407 0.00163304
0 0.0865367 0.104455 0.170566 0.208909 0.00162758
0 0.715705 0.0237094 0.217027 0.0474189 0.00161612
0 0.758541 0.125949 0.0934977 0.142749 0.00160877
0 0.949944 0.821572 0.100113 0.11231 0.00155829
2 0.760334 0.12727 0.0848041 0.146425 0.00155562
2 0.688402 0.102096 0.258247 0.199245 0.00155542
1 0.185764 0.95587 0.348956 0.0882599 0.00154426
0 0.0705931 0.0356191 0.138593 0.0712382 0.00153988
1 0.899494 0.896309 0.201011 0.203218 0.00153412
0 0.380168 0.558166 0.329819 0.326075 0.00152567
1 0.931901 0.853999 0.135898 0.124182 0.00151758
1 0.712577 0.0624678 0.233517 0.124936 0.00150893
0 0.935152 0.835511 0.0762759 0.0649906 0.00147539
0 0.681752 0.109389 0.369989 0.19745 0.0014695
1 0.941446 0.792744 0.117109 0.175143 0.00145318
0 0.780266 0.678875 0.304597 0.157556 0.00143686
2 0.105386 0.23959 0.210773 0.246872 0.00143248
0 0.981074 0.639925 0.037853 0.171033 0.00141774
0 0.597743 0.0626754 0.196326 0.12099 0.0014088
0 0.218326 0.0120957 0.243343 0.0241915 0.00139546
0 0.142606 0.889269 0.285213 0.221462 0.00138745
2 0.213889 0.180559 0.266604 0.161356 0.00137338
0 0.141427 0.949856 0.282854 0.100081 0.00136224
0 0.963153 0.849788 0.0729574 0.0629669 0.00134528
0 0.252176 0.01491 0.246631 0.0289808 0.00133987
0 0.0374959 0.82083 0.0733144 0.214885 0.00132056
2 0.179467 0.162595 0.170948 0.123206 0.00131697
0 0.984565 0.615552 0.0304283 0.0694893 0.00131451
0 0.679564 0.0372544 0.290859 0.0745089 0.00130163
0 0.0379777 0.0416069 0.0747948 0.0832139 0.00128163
0 0.139778 0.807009 0.279557 0.2115 0.00127441
0 0.131792 0.854427 0.263584 0.291145 0.00126536
2 0.112211 0.288881 0.224422 0.319507 0.00126395
2 0.646171 0.11343 0.109892 0.137393 0.00124863
2 0.0703542 0.211095 0.139726 0.194907 0.0012473
0 0.1776 0.0287901 0.3552 0.0575801 0.00124687
0 0.0319815 0.79595 0.0628114 0.159361 0.00123113
0 0.286652 0.449533 0.144012 0.121454 0.00122389
0 0.417236 0.421362 0.51456 0.195477 0.00120535
2 0.341623 0.955413 0.494789 0.0891735 0.0012036
2 0.717018 0.121659 0.442531 0.186647 0.00120153
1 0.809733 0.677856 0.291146 0.158616 0.00119999
0 0.180964 0.0797349 0.361928 0.15947 0.00119187
1 0.423059 0.947602 0.610435 0.104797 0.00119003
2 0.24579 0.207996 0.335022 0.212466 0.00118995
0 0.874213 0.276516 0.251575 0.333346 0.00118942
0 0.943545 0.78815 0.111527 0.182719 0.00116895
0 0.895383 0.714199 0.208736 0.328469 0.00116572
2 0.0876593 0.123275 0.173835 0.246551 0.00115016
0 0.179408 0.0143513 0.339409 0.0285592 0.00114813
1 0.938175 0.838437 0.0770147 0.0678833 0.00114553
1 0.415825 0.5146 0.493423 0.247564 0.00113354
0 0.302151 0.487486 0.17552 0.211912 0.00112571
0 0.715807 0.669878 0.35948 0.190005 0.00112416
0 0.100075 0.0202321 0.200149 0.0404487 0.00111324
2 0.975216 0.241491 0.0495673 0.453703 0.00111117
0 0.0928135 0.740193 0.185627 0.153496 0.00111095
0 0.14433 0.749284 0.288661 0.182314 0.00110366
0 0.203362 0.140698 0.275392 0.128113 0.00110088
0 0.898766 0.664722 0.201967 0.24436 0.00108757
0 0.0678869 0.176002 0.135463 0.352005 0.00107598
0 0.527279 0.0136311 0.232074 0.0259381 0.00107329
0 0.917348 0.199457 0.163956 0.398915 0.00106529
0 0.409989 0.715765 0.342662 0.301667 0.00106259
0 0.388254 0.456098 0.493882 0.142892 0.00105418
0 0.879838 0.173668 0.239542 0.347335 0.00105416
2 0.416832 0.96599 0.516265 0.0680195 0.00105321
0 0.224753 0.0400953 0.449507 0.0801906 0.00105164
2 0.921041 0.964912 0.157919 0.0701769 0.00105131
2 0.0556806 0.712886 0.111158 0.432415 0.00105016
2 0.0690747 0.16393 0.133903 0.115064 0.00104996
0 0.176399 0.0443028 0.352798 0.0886055 0.00104932
0 0.940986 0.223952 0.116763 0.447904 0.00104655
0 0.15608 0.834006 0.308834 0.270514 0.00104097
0 0.648908 0.0723139 0.347531 0.14372 0.00104078
0 0.446435 0.0630686 0.383406 0.119703 0.00103933
2 0.0742252 0.200357 0.147677 0.362579 0.00103455
0 0.855465 0.218747 0.289069 0.235321 0.00102909
2 0.0153538 0.16501 0.0298878 0.330019 0.00102901
2 0.0427083 0.193974 0.0852074 0.194561 0.00102735
0 0.270289 0.016631 0.318095 0.0325713 0.00102509
2 0.935107 0.169044 0.129787 0.338088 0.00101927
0 0.121655 0.678947 0.24331 0.297651 0.0010163
0 0.293178 0.422924 0.162884 0.144944 0.00101506
2 0.364817 0.050966 0.507664 0.0999305 0.00101494
0 0.1507 0.926348 0.295929 0.144659 0.00101395
0 0.253825 0.233449 0.332588 0.242768 0.00101008
2 0.143286 0.939939 0.286572 0.120122 0.00100956
0 0.0369115 0.753267 0.073823 0.121951 0.00100747
1 0.0196387 0.756908 0.0392774 0.0971807 0.00100524
0 0.971779 0.256956 0.0564425 0.500619 0.00100386
2 0.600411 0.0966455 0.207862 0.158117 0.0010033
0 0.291202 0.85589 0.257315 0.28822 0.00100243
2 0.761586 0.241944 0.406968 0.333098 0.00100055
0 0.104275 0.262481 0.20611 0.314338 0.000997177
1 0.909829 0.76496 0.179637 0.2299 0.000996027
0 0.461268 0.456437 0.485088 0.129555 0.000993799
1 0.0307462 0.758479 0.0614924 0.109266 0.000993741
2 0.720909 0.229432 0.543838 0.285429 0.000993281
1 0.96952 0.549922 0.0609593 0.472249 0.000988528
0 0.164357 0.751196 0.328714 0.243828 0.000983108
1 0.843523 0.9338 0.312954 0.1324 0.00098169
1 0.371272 0.493976 0.341522 0.220714 0.000981667
0 0.987503 0.583429 0.0249941 0.248313 0.000980611
0 0.850806 0.233397 0.298388 0.379206 0.000978204
2 0.296455 0.258776 0.299631 0.276266 0.000975208
0 0.965087 0.173424 0.0698255 0.346847 0.000974909
0 0.455942 0.39941 0.445521 0.255938 0.000973363
0 0.807374 0.553595 0.385251 0.314499 0.000971337
0 0.373488 0.699496 0.243095 0.306587 0.000970525
2 0.0871328 0.247086 0.173344 0.434706 0.000969722
1 0.228883 0.95291 0.23021 0.0922863 0.000969687
1 0.934795 0.514574 0.12909 0.472727 0.000966149
0 0.481552 0.0123175 0.259915 0.0246349 0.000964679
2 0.950789 0.290168 0.0984216 0.553464 0.000963559
0 0.269004 0.887952 0.200316 0.224095 0.000962127
0 0.287905 0.275856 0.255193 0.297998 0.000961714
0 0.660134 0.636186 0.437726 0.299215 0.000960782
2 0.97681 0.505163 0.0463808 0.393446 0.000959524
0 0.526783 0.453564 0.361165 0.115329 0.000958192
0 0.0306444 0.769444 0.0609323 0.174288 0.000955176
0 0.559536 0.0840618 0.0701679 0.0621938 0.000954721
0 0.163072 0.516452 0.309456 0.273656 0.000951605
0 0.217364 0.0614892 0.434727 0.122978 0.000949551
2 0.45662 0.121712 0.310086 0.243425 0.000949441
0 0.907099 0.2657 0.185802 0.409142 0.000941628
0 0.832806 0.304579 0.334388 0.341335 0.00093978
2 0.966967 0.268659 0.066066 0.537318 0.00093711
0 0.130037 0.62414 0.260073 0.342715 0.000935139
2 0.651457 0.148808 0.453005 0.176092 0.000934742
2 0.131286 0.195125 0.262572 0.182268 0.000934727
2 0.558729 0.0798432 0.0757627 0.0713559 0.000932252
0 0.87299 0.673069 0.203642 0.192769 0.000931979
0 0.602181 0.437305 0.204313 0.0785793 0.000931281
2 0.885077 0.131044 0.229847 0.26164 0.000931263
0 0.352963 0.602649 0.224517 0.34527 0.00093078
0 0.217975 0.182062 0.429548 0.177006 0.000930323
0 0.284463 0.794162 0.239344 0.247604 0.000929837
0 0.149385 0.705451 0.298771 0.267382 0.000927508
2 0.841734 0.191662 0.316532 0.212205 0.000925831
0 0.799025 0.507437 0.401951 0.296024 0.000924461
2 0.416356 0.0714814 0.368216 0.141154 0.000924288
0 0.323882 0.614402 0.251764 0.454657 0.000922808
2 0.172128 0.248221 0.324972 0.291758 0.000921992
0 0.726013 0.610703 0.331839 0.340068 0.000921413
1 0.702447 0.126412 0.251107 0.164513 0.000920767
0 0.490071 0.350383 0.267876 0.265201 0.00092071
0 0.810046 0.45256 0.379907 0.228099 0.000919882
2 0.117008 0.142169 0.214466 0.129493 0.000919485
0 0.172901 0.865056 0.324552 0.269888 0.000918352
1 0.9079 0.27374 0.1842 0.547481 0.000917321
2 0.112182 0.785024 0.224364 0.180316 0.00091596
0 0.0934206 0.852575 0.186841 0.29485 0.000914846
2 0.803468 0.225049 0.377591 0.249876 0.000911919
0 0.0689369 0.6907 0.137874 0.496359 0.000910036
0 0.370915 0.652486 0.215422 0.314068 0.000910004
1 0.889566 0.941175 0.220868 0.11543 0.000908417
1 0.915591 0.503421 0.168818 0.34786 0.000906882
0 0.109746 0.310612 0.219492 0.321378 0.000906815
0 0.857713 0.783514 0.284573 0.269526 0.000904972
0 0.328529 0.738657 0.293616 0.306482 0.000904224
0 0.319488 0.687561 0.2675 0.319129 0.000903851
2 0.913705 0.015917 0.17259 0.0318339 0.000901811
2 0.125022 0.822235 0.250045 0.242521 0.000901705
0 0.958789 0.643238 0.0824212 0.25633 0.000901089
0 0.175704 0.78874 0.351407 0.284309 0.000899831
0 0.869705 0.0147029 0.237985 0.0294058 0.000899737
0 0.116429 0.453664 0.232858 0.262538 0.00089886
