1 0.511079 0.593286 0.725632 0.813428 0.841181
1 0.436018 0.681015 0.872035 0.63797 0.102482
1 0.522115 0.741273 0.696393 0.517454 0.0392887
1 0.420948 0.608913 0.841895 0.782174 0.017935
1 0.453571 0.652338 0.907142 0.695324 0.0167641
1 0.506608 0.501598 0.734669 0.570652 0.0159859
1 0.384589 0.605966 0.476101 0.629849 0.0141071
1 0.358142 0.571113 0.716283 0.857774 0.010791
1 0.658592 0.752698 0.682817 0.493478 0.010444
1 0.413559 0.399638 0.827118 0.799276 0.00996896
2 0.497759 0.294941 0.995518 0.586972 0.00937327
1 0.234477 0.446285 0.468954 0.89257 0.00915301
1 0.453682 0.296266 0.907363 0.591479 0.0089348
1 0.455273 0.394801 0.709304 0.771032 0.00756329
1 0.470097 0.050363 0.671691 0.100726 0.00669638
1 0.349169 0.0381846 0.659861 0.0763262 0.00611036
1 0.167202 0.565335 0.334403 0.869331 0.00601021
1 0.608241 0.453 0.783519 0.906 0.00587072
2 0.693973 0.758014 0.612054 0.483477 0.0057091
1 0.121359 0.600822 0.242719 0.798356 0.00559236
1 0.336967 0.503671 0.366206 0.457217 0.00549794
1 0.199753 0.0419692 0.399506 0.0839384 0.00542765
1 0.136068 0.478555 0.272136 0.95711 0.00510034
2 0.4929 0.0559301 0.78397 0.11186 0.00497347
0 0.599674 0.976909 0.0779832 0.0446245 0.00481685
1 0.322248 0.571176 0.352611 0.641057 0.00464602
1 0.14659 0.0465665 0.29318 0.0929927 0.00462815
1 0.408671 0.515166 0.525974 0.637901 0.00460865
2 0.679744 0.0595426 0.596103 0.119085 0.00436957
1 0.481134 0.053444 0.941531 0.105179 0.00398828
1 0.324227 0.480914 0.51653 0.910479 0.0036332
1 0.444444 0.923738 0.888887 0.152524 0.00363083
1 0.0828541 0.600385 0.165708 0.79923 0.0035738
1 0.689007 0.542922 0.621985 0.878216 0.00354243
0 0.118031 0.0520597 0.236062 0.10275 0.00353116
2 0.788356 0.0542937 0.423288 0.108587 0.00351465
1 0.245411 0.050255 0.490822 0.0995827 0.00333757
0 0.0899037 0.0662571 0.179807 0.127515 0.00329061
0 0.181989 0.0510214 0.363979 0.100973 0.00328945
2 0.745539 0.833111 0.508921 0.333001 0.00328372
1 0.434558 0.975012 0.492888 0.0493757 0.00328282
2 0.818931 0.0544343 0.362139 0.108869 0.00312577
2 0.410171 0.248758 0.79054 0.489612 0.00305793
2 0.7464 0.929508 0.507201 0.140984 0.00303291
2 0.541691 0.170026 0.916618 0.335583 0.00299608
2 0.594749 0.245877 0.810503 0.482539 0.00298801
0 0.0872836 0.163365 0.174567 0.321384 0.00294318
1 0.763554 0.599315 0.472892 0.768942 0.00294044
0 0.160341 0.106881 0.320681 0.213039 0.00293584
2 0.574295 0.375114 0.85141 0.746484 0.00291486
2 0.635681 0.548846 0.541111 0.861088 0.00291425
0 0.423621 0.121798 0.819217 0.239527 0.00290978
2 0.64719 0.351829 0.705619 0.689163 0.00290403
1 0.605769 0.517364 0.553249 0.619947 0.00285108
2 0.705621 0.917502 0.588759 0.164995 0.00284723
1 0.0993107 0.68076 0.198621 0.63848 0.00282881
2 0.420258 0.867332 0.840515 0.262525 0.00282796
0 0.770642 0.0601698 0.458716 0.118601 0.00279869
0 0.244242 0.0984307 0.488483 0.193568 0.00276451
1 0.894276 0.763234 0.211449 0.459776 0.00276019
0 0.605918 0.153302 0.788165 0.302411 0.00271771
0 0.741658 0.251193 0.516683 0.493717 0.00271076
1 0.0863359 0.439776 0.172672 0.854079 0.00270233
0 0.488782 0.421401 0.764669 0.74417 0.00269731
2 0.156107 0.158687 0.312214 0.30729 0.00268947
0 0.76329 0.180194 0.473419 0.360016 0.00268431
2 0.570924 0.550627 0.603568 0.675304 0.00266237
0 0.718607 0.0554643 0.562785 0.108064 0.00264897
0 0.303511 0.193549 0.592123 0.37675 0.00263503
0 0.0796978 0.287316 0.159396 0.556247 0.00260188
1 0.532715 0.97503 0.468378 0.0484768 0.00259185
0 0.079024 0.401979 0.158048 0.786651 0.00258978
1 0.89673 0.684808 0.20654 0.595365 0.00257843
1 0.957123 0.755036 0.0857544 0.454137 0.00253584
0 0.101449 0.723237 0.202899 0.553526 0.0025318
2 0.50889 0.614455 0.722571 0.71833 0.00252473
2 0.618101 0.70181 0.530891 0.516814 0.00252252
1 0.116028 0.399148 0.232056 0.798296 0.00250769
0 0.303619 0.318036 0.607239 0.634263 0.00243044
1 0.400845 0.964399 0.549136 0.0694353 0.0024158
0 0.737031 0.666597 0.525937 0.646333 0.00240473
0 0.293541 0.693142 0.587081 0.613715 0.00240105
1 0.799358 0.753777 0.401285 0.47384 0.00240022
0 0.376555 0.744513 0.753111 0.510974 0.00238635
0 0.804773 0.727311 0.390453 0.515372 0.0023861
2 0.149735 0.676507 0.29947 0.646986 0.00233097
2 0.166029 0.80981 0.332059 0.380056 0.00233039
0 0.0680925 0.943313 0.136185 0.113373 0.00231855
2 0.4167 0.388171 0.833401 0.776343 0.00230755
0 0.396281 0.973603 0.792563 0.052793 0.00229862
2 0.523126 0.482039 0.704906 0.533246 0.00227116
0 0.0626492 0.847787 0.125298 0.298251 0.00226771
0 0.0735696 0.784497 0.147139 0.431006 0.00226539
1 0.597485 0.73566 0.532492 0.425981 0.00223571
0 0.159968 0.162677 0.319937 0.311862 0.00222134
2 0.0981091 0.864015 0.196218 0.271548 0.00219273
1 0.392024 0.949389 0.608619 0.0989586 0.00217361
2 0.159751 0.933809 0.319501 0.129225 0.00216356
2 0.119079 0.722156 0.238158 0.555688 0.00208803
0 0.327758 0.944808 0.655517 0.107677 0.00208205
2 0.515651 0.974776 0.384915 0.0504483 0.00206675
0 0.119798 0.969534 0.239597 0.060933 0.00196793
0 0.191363 0.974625 0.382726 0.0495604 0.00195935
0 0.597884 0.983598 0.0822706 0.0318237 0.0015568
0 0.768239 0.0133995 0.278876 0.0267989 0.00150102
1 0.538715 0.333148 0.305069 0.220357 0.00137987
2 0.590079 0.973857 0.534339 0.0522856 0.00136844
1 0.328898 0.942988 0.657796 0.114024 0.0013438
1 0.726415 0.937678 0.54717 0.124645 0.0013395
0 0.536193 0.786818 0.30501 0.253342 0.00133344
0 0.599716 0.965663 0.0809204 0.0686741 0.00124329
0 0.247738 0.518707 0.195261 0.266693 0.00123901
2 0.0573667 0.0631737 0.114733 0.126347 0.00123602
2 0.689067 0.976256 0.465307 0.0474886 0.00123155
0 0.505128 0.33197 0.284873 0.214665 0.00121619
0 0.624958 0.280123 0.285073 0.112758 0.00121568
1 0.640299 0.968634 0.654845 0.0612146 0.00118039
0 0.833924 0.0132916 0.272014 0.0262377 0.00117399
2 0.698873 0.0333172 0.505364 0.0666344 0.00114364
2 0.0148784 0.167199 0.0297568 0.334397 0.00113635
2 0.0691826 0.0162354 0.138365 0.0324708 0.0011235
0 0.598767 0.296188 0.338373 0.138804 0.00112038
1 0.554661 0.903998 0.25567 0.188328 0.00110465
0 0.713476 0.0129544 0.311796 0.0259089 0.00109368
1 0.407868 0.945815 0.815737 0.10837 0.00108449
2 0.0782787 0.874528 0.156557 0.250944 0.00107483
2 0.00758125 0.199338 0.0151625 0.398676 0.001067
0 0.280556 0.0123131 0.322139 0.0246262 0.00106132
2 0.0281757 0.112337 0.0563513 0.224674 0.00105323
0 0.156019 0.0138216 0.312039 0.0276432 0.00104939
0 0.643654 0.273937 0.291253 0.150443 0.00104614
1 0.260632 0.935023 0.521264 0.129954 0.00103577
2 0.193634 0.127713 0.387268 0.254337 0.00103172
0 0.338626 0.0333117 0.677252 0.0666233 0.00102064
0 0.544199 0.877606 0.269205 0.24428 0.00101746
0 0.758319 0.896566 0.471388 0.206868 0.0010169
2 0.751776 0.96686 0.494525 0.0662795 0.00101672
0 0.312511 0.847188 0.470577 0.29093 0.00101582
1 0.355046 0.958866 0.710092 0.0822684 0.00101459
0 0.552413 0.29077 0.304568 0.128277 0.00101204
0 0.416869 0.890891 0.512438 0.218218 0.0010115
0 0.366608 0.0144514 0.390907 0.0288925 0.00100043
0 0.644363 0.308037 0.259166 0.174353 0.000998807
2 0.00558555 0.187756 0.0111711 0.375513 0.000996379
0 0.720509 0.0793838 0.47336 0.158768 0.000995069
0 0.477081 0.776586 0.252236 0.284669 0.000991877
0 0.438077 0.348644 0.375779 0.227617 0.000987552
2 0.0694219 0.0783556 0.138844 0.156711 0.000982639
2 0.266593 0.0442563 0.533185 0.0885126 0.000982429
0 0.452553 0.725767 0.395437 0.370687 0.000982239
0 0.522833 0.851786 0.293037 0.296427 0.000981819
0 0.101634 0.0144416 0.203267 0.0288832 0.000974877
0 0.597754 0.0146868 0.337039 0.0293735 0.000973263
2 0.075515 0.0468244 0.15103 0.0936314 0.000971595
2 0.986764 0.775461 0.0264715 0.447864 0.000960425
0 0.475601 0.796436 0.213456 0.235161 0.000959208
1 0.477493 0.317232 0.285296 0.183487 0.000953925
0 0.475132 0.277228 0.264358 0.158806 0.000953165
0 0.0948546 0.759272 0.189709 0.270083 0.000951086
1 0.090847 0.767475 0.181694 0.246357 0.000950209
2 0.179003 0.0487368 0.358005 0.0974735 0.000945211
0 0.206897 0.0136666 0.309469 0.0273332 0.000943285
0 0.268789 0.5421 0.235497 0.27283 0.00094319
2 0.91585 0.0122813 0.1683 0.0245627 0.000942398
0 0.405665 0.675362 0.369966 0.300301 0.000942304
0 0.732359 0.128676 0.428567 0.253486 0.000939331
0 0.65375 0.272616 0.266361 0.213594 0.000938096
0 0.340805 0.564807 0.387591 0.286924 0.000932669
0 0.411635 0.133124 0.420055 0.266248 0.000930846
2 0.21363 0.171698 0.42726 0.343396 0.000928853
0 0.74077 0.857701 0.460685 0.284598 0.000927708
0 0.45511 0.847554 0.410572 0.304892 0.000926534
0 0.360555 0.815507 0.382707 0.313895 0.000922673
1 0.117598 0.901221 0.235197 0.197558 0.000920189
2 0.0933944 0.743716 0.186789 0.255036 0.000915235
0 0.888627 0.0122026 0.222745 0.023637 0.00091329
0 0.419901 0.187693 0.396056 0.375386 0.000913194
0 0.246045 0.476762 0.187234 0.223403 0.000912289
0 0.10095 0.37684 0.201901 0.290447 0.000911791
2 0.984316 0.836258 0.0313678 0.327484 0.00091045
1 0.25165 0.967039 0.503301 0.0659228 0.000910125
0 0.433465 0.861519 0.615975 0.276962 0.000903613
0 0.597031 0.326242 0.34904 0.194815 0.000902015
0 0.895689 0.249444 0.208623 0.239141 0.000901151
0 0.395348 0.81175 0.48582 0.376499 0.000900548
0 0.575562 0.179014 0.422252 0.358028 0.000898902
0 0.649659 0.225168 0.317638 0.266598 0.000897178
2 0.980569 0.794368 0.0388627 0.411265 0.000896229
0 0.481078 0.178483 0.366082 0.356966 0.000895964
0 0.334025 0.654201 0.480196 0.35993 0.000895875
0 0.701484 0.881474 0.516122 0.237052 0.000893484
1 0.677437 0.0360636 0.517172 0.0721272 0.000890646
0 0.220919 0.878488 0.441839 0.243025 0.000888638
2 0.908731 0.776336 0.182539 0.447327 0.000887687
1 0.595931 0.900978 0.447504 0.198044 0.000884211
1 0.883037 0.091452 0.233926 0.182904 0.000882151
0 0.375228 0.749914 0.305784 0.401021 0.000881874
1 0.103063 0.460987 0.206125 0.301599 0.000881095
1 0.569042 0.7687 0.357257 0.292678 0.00087971
0 0.317076 0.871697 0.522697 0.256606 0.000879692
0 0.382736 0.890832 0.720483 0.218336 0.00087436
0 0.648488 0.191833 0.350605 0.35544 0.000874346
0 0.51975 0.27096 0.256242 0.123016 0.000873705
2 0.49281 0.0349975 0.841798 0.0699951 0.000869634
1 0.188529 0.94441 0.377057 0.11118 0.000869196
0 0.323534 0.767703 0.389975 0.352709 0.000868786
0 0.605179 0.24672 0.291437 0.149047 0.000866681
0 0.326698 0.070949 0.528205 0.141898 0.000866491
1 0.357739 0.131605 0.542488 0.26321 0.000866296
0 0.883994 0.178039 0.232012 0.355657 0.00086627
0 0.119792 0.336126 0.239583 0.360627 0.000865423
2 0.975749 0.858535 0.0485015 0.282929 0.00086512
1 0.711172 0.0605723 0.477193 0.121145 0.000862925
0 0.568724 0.0330762 0.724583 0.0661525 0.000862623
0 0.102311 0.256631 0.204621 0.356511 0.000861999
2 0.975961 0.959507 0.0480775 0.0809857 0.000860183
2 0.0603779 0.652655 0.120756 0.576933 0.000859324
2 0.1072 0.404601 0.214401 0.221954 0.00085897
0 0.879394 0.199285 0.241212 0.221389 0.000857401
2 0.120242 0.0730562 0.240484 0.144873 0.00085652
0 0.844898 0.0873097 0.310203 0.174619 0.000855327
0 0.884112 0.291517 0.231776 0.304195 0.000854668
0 0.338169 0.398542 0.317339 0.227136 0.00085452
0 0.232794 0.84685 0.465588 0.270493 0.000852484
2 0.98876 0.444694 0.0224803 0.195338 0.00085193
2 0.14544 0.278883 0.290879 0.326255 0.000851593
0 0.561585 0.754264 0.310898 0.333723 0.000850962
2 0.988548 0.408962 0.0229039 0.166068 0.000849424
0 0.224265 0.463572 0.142833 0.216054 0.000849391
0 0.348533 0.620274 0.412472 0.28154 0.00084864
0 0.930309 0.226033 0.139381 0.346578 0.000846823
0 0.810312 0.195847 0.379376 0.391694 0.000846713
2 0.166417 0.237438 0.332505 0.31722 0.000845996
2 0.200745 0.079326 0.40149 0.158155 0.000845467
0 0.0980525 0.673238 0.196105 0.385984 0.000844128
0 0.770736 0.834655 0.458528 0.330689 0.000843401
0 0.472918 0.0131902 0.423209 0.0263805 0.000843069
1 0.599568 0.342707 0.331436 0.230607 0.00084192
0 0.201991 0.895701 0.403982 0.208599 0.000837462
0 0.391196 0.371582 0.360716 0.223467 0.000836766
0 0.475244 0.243702 0.258817 0.187854 0.000836411
0 0.372603 0.352665 0.293516 0.208789 0.000831165
0 0.831534 0.051592 0.336931 0.103184 0.000830241
2 0.0465265 0.736393 0.093053 0.527214 0.00082966
0 0.0980859 0.494691 0.196172 0.328142 0.00082895
2 0.0609623 0.889223 0.121925 0.221553 0.000825629
2 0.911711 0.392992 0.176577 0.359371 0.000825
0 0.330011 0.360028 0.255718 0.197224 0.000824486
0 0.88981 0.270408 0.22038 0.453277 0.00082359
0 0.092804 0.833224 0.185608 0.333553 0.000822816
0 0.800686 0.0544495 0.396555 0.108899 0.000822387
2 0.116095 0.915969 0.23219 0.168062 0.000820287
1 0.754824 0.138327 0.490352 0.276655 0.000819413
1 0.153742 0.274245 0.307484 0.338882 0.000819251
2 0.950658 0.102773 0.0986831 0.205547 0.000818487
1 0.165771 0.118591 0.331543 0.236272 0.000816966
2 0.988683 0.482069 0.022635 0.249049 0.000816194
1 0.158474 0.923799 0.316947 0.152402 0.000814776
2 0.338767 0.912766 0.677535 0.174469 0.000813819
0 0.0957526 0.882602 0.191505 0.234797 0.000813335
1 0.863598 0.32782 0.272805 0.324889 0.000813007
2 0.0790011 0.809522 0.158002 0.380957 0.000812616
1 0.248151 0.912664 0.496303 0.174672 0.000811521
2 0.618535 0.118723 0.476085 0.237399 0.000811003
1 0.236334 0.134258 0.472668 0.268515 0.000810327
2 0.934532 0.757934 0.130935 0.393275 0.000809854
0 0.883784 0.842942 0.232431 0.314116 0.000808091
2 0.937375 0.198768 0.125249 0.373856 0.000807635
2 0.876895 0.416017 0.24621 0.382738 0.000807306
1 0.791134 0.058021 0.403364 0.116042 0.000806951
2 0.986814 0.673112 0.0263712 0.285308 0.000806843
2 0.986259 0.596069 0.0274829 0.309304 0.000806809
2 0.0696698 0.72054 0.13934 0.55892 0.000806299
2 0.0118878 0.436885 0.0237756 0.599921 0.000803564
0 0.392295 0.153913 0.533772 0.307827 0.00080258
2 0.117966 0.475853 0.235932 0.342344 0.000801659
2 0.0963439 0.520265 0.192688 0.408794 0.00080131
2 0.684529 0.771525 0.342498 0.271539 0.000800552
0 0.849369 0.351295 0.301261 0.332761 0.000799192
1 0.888273 0.892671 0.223455 0.214658 0.000798336
0 0.474576 0.201754 0.265435 0.27049 0.000797012
2 0.0336852 0.559048 0.0673704 0.605618 0.000796858
0 0.437853 0.2659 0.253416 0.197371 0.000796787
2 0.00851526 0.282236 0.0170305 0.564471 0.000795407
1 0.172629 0.213692 0.345258 0.427385 0.000795079
0 0.66207 0.333792 0.221144 0.215853 0.000794017
0 0.812373 0.266161 0.375253 0.238953 0.000793288
0 0.432511 0.0378287 0.78946 0.0756574 0.000792285
0 0.225266 0.796943 0.421887 0.274689 0.000791952
0 0.518598 0.213041 0.264859 0.219844 0.000790683
0 0.353314 0.707629 0.417876 0.421012 0.000790022
1 0.549366 0.141147 0.468686 0.282295 0.000788373
0 0.455215 0.723476 0.25659 0.380564 0.000787123
1 0.894139 0.138213 0.211722 0.276425 0.000787035
0 0.888822 0.22853 0.222355 0.167359 0.000786966
0 0.238875 0.620377 0.47775 0.430716 0.000786193
0 0.135523 0.862259 0.271045 0.275482 0.000785201
2 0.0983893 0.609973 0.196779 0.382268 0.00078506
0 0.0896016 0.555361 0.179203 0.355314 0.000784483
2 0.0173609 0.487756 0.0347218 0.598626 0.000783533
