2 0.254238 0.400076 0.508476 0.79248 0.986094
2 0.648723 0.349574 0.44206 0.699148 0.973146
2 0.966177 0.140974 0.0666893 0.281948 0.190057
0 0.963366 0.618277 0.0467453 0.0742061 0.11703
0 0.782422 0.77124 0.0332538 0.0745711 0.100776
0 0.966277 0.61636 0.0609159 0.167768 0.0935472
0 0.965828 0.59745 0.053273 0.126422 0.0763208
0 0.964212 0.63789 0.0514217 0.11448 0.0565085
0 0.970575 0.574187 0.0479212 0.0770701 0.0462269
2 0.648017 0.456692 0.441393 0.490451 0.0329732
0 0.9735 0.563218 0.0369176 0.0501659 0.0313266
2 0.845027 0.151856 0.304325 0.303712 0.026039
0 0.956671 0.615167 0.0361984 0.0751811 0.022913
2 0.605151 0.565416 0.512262 0.625326 0.0172758
2 0.471589 0.300994 0.838154 0.601987 0.0172615
0 0.78255 0.761271 0.0303836 0.0543611 0.01615
2 0.662563 0.1846 0.563542 0.369201 0.0158696
2 0.232846 0.573306 0.465693 0.471299 0.0152393
1 0.957996 0.455539 0.0840073 0.911079 0.0127052
0 0.949294 0.619527 0.0928688 0.171089 0.0123724
2 0.641114 0.584459 0.694851 0.690247 0.0121435
2 0.672129 0.101836 0.411697 0.203671 0.0120955
2 0.909441 0.155997 0.177421 0.311994 0.0120681
2 0.79386 0.1215 0.411892 0.243 0.011688
0 0.961744 0.892821 0.076511 0.172002 0.0107642
2 0.473602 0.17381 0.848896 0.347621 0.0101962
1 0.958952 0.314204 0.0820951 0.628408 0.0100996
2 0.876352 0.28121 0.243906 0.56242 0.00969077
2 0.210801 0.0966625 0.421334 0.193325 0.00941265
0 0.967164 0.656302 0.0459153 0.0938146 0.00925337
2 0.968249 0.180147 0.0635025 0.204955 0.00905966
2 0.264457 0.235794 0.528915 0.471587 0.00894831
1 0.896952 0.475658 0.205786 0.951316 0.00889744
2 0.518024 0.107576 0.590151 0.215152 0.00881694
2 0.417464 0.424507 0.815593 0.849014 0.00843014
2 0.965512 0.087454 0.0683681 0.174908 0.00835427
2 0.959765 0.272054 0.0804692 0.544109 0.00813714
2 0.978102 0.147687 0.0437952 0.295374 0.00806941
2 0.188189 0.523976 0.376377 0.710178 0.0080286
2 0.708462 0.118962 0.561445 0.237924 0.00783578
2 0.372159 0.0771261 0.510667 0.154252 0.00739386
0 0.952106 0.64006 0.0733718 0.128826 0.00707389
2 0.481009 0.0798135 0.962018 0.159627 0.00681637
2 0.187947 0.257914 0.375895 0.515829 0.00677211
2 0.878575 0.480193 0.242851 0.960385 0.00663492
2 0.966279 0.196755 0.0666666 0.373871 0.00654246
1 0.912112 0.141863 0.174186 0.283726 0.00604099
2 0.93801 0.0843001 0.120269 0.1686 0.00602366
2 0.729096 0.574403 0.541808 0.832565 0.00595754
2 0.314076 0.0665462 0.466628 0.133092 0.00589831
2 0.97205 0.126857 0.0558006 0.253715 0.00587142
2 0.164979 0.0680805 0.327664 0.136161 0.00554008
2 0.664274 0.548842 0.471795 0.316099 0.0055162
0 0.807229 0.772069 0.0908324 0.0878712 0.00547667
0 0.789659 0.78051 0.0543394 0.0995478 0.00539229
2 0.508745 0.625837 0.968314 0.696871 0.00531392
2 0.769717 0.472608 0.460565 0.945215 0.00512076
2 0.175433 0.356685 0.350866 0.71337 0.00495938
2 0.234525 0.0630172 0.448723 0.126034 0.00489196
2 0.130981 0.463724 0.261962 0.629721 0.00485106
2 0.502917 0.4029 0.939579 0.632667 0.00482163
2 0.500694 0.624624 0.906151 0.391641 0.00476045
2 0.789631 0.293095 0.418351 0.58619 0.00475997
2 0.748535 0.689862 0.488687 0.564572 0.00471316
2 0.150243 0.638168 0.300486 0.513881 0.00435501
0 0.958887 0.463618 0.081942 0.927236 0.00429546
2 0.4161 0.72358 0.8322 0.541374 0.0042443
2 0.705531 0.269962 0.438934 0.539923 0.00412067
2 0.274462 0.585608 0.548924 0.828783 0.00410803
2 0.3175 0.677813 0.634999 0.644375 0.00404946
0 0.592576 0.695864 0.026281 0.0630038 0.0040332
2 0.282912 0.111175 0.563683 0.22235 0.00398305
2 0.587052 0.68677 0.822406 0.580954 0.00388723
2 0.533671 0.790069 0.932657 0.419862 0.00377842
2 0.120013 0.0852145 0.240025 0.170429 0.00375543
0 0.958012 0.91673 0.0839764 0.155486 0.0036725
0 0.975586 0.57878 0.048358 0.09557 0.00364667
2 0.884704 0.769323 0.227207 0.453699 0.00363333
0 0.966327 0.496009 0.0639907 0.431867 0.0036192
2 0.497175 0.505692 0.972308 0.51777 0.00356416
2 0.32685 0.827642 0.635286 0.330477 0.00331009
2 0.48417 0.515198 0.96834 0.732427 0.00323435
2 0.261933 0.111652 0.0933461 0.221235 0.0031527
2 0.668327 0.744216 0.655153 0.499986 0.00314346
0 0.967809 0.574869 0.0643826 0.225443 0.00313833
0 0.766944 0.772565 0.0693689 0.0772716 0.00313527
0 0.513476 0.836777 0.919528 0.325897 0.00312005
0 0.956483 0.805328 0.0866799 0.389344 0.00310663
2 0.175685 0.681572 0.351369 0.636857 0.00309477
2 0.843288 0.622332 0.30864 0.726596 0.00307261
0 0.96225 0.659131 0.0745684 0.59491 0.00305723
2 0.35414 0.937583 0.582676 0.124833 0.00305
2 0.265966 0.860995 0.531931 0.266489 0.00304894
1 0.918048 0.0748476 0.161947 0.149695 0.0030372
2 0.299292 0.152346 0.161469 0.295497 0.0030226
2 0.9571 0.77212 0.0856182 0.447408 0.0030225
2 0.29042 0.948971 0.552654 0.102057 0.00302095
0 0.971123 0.875389 0.0568344 0.0970151 0.00299188
2 0.142122 0.954055 0.284244 0.0918892 0.00295641
2 0.0846131 0.634399 0.169226 0.594284 0.00293762
1 0.9697 0.275121 0.0606001 0.359541 0.00293295
0 0.94859 0.861515 0.101316 0.27697 0.00292749
1 0.56291 0.924981 0.782922 0.150037 0.00292198
2 0.0713015 0.798366 0.138158 0.403268 0.00291937
0 0.0770373 0.148569 0.154075 0.297139 0.00291114
2 0.20777 0.961456 0.409713 0.0770878 0.00285308
0 0.975529 0.876429 0.0489417 0.079216 0.00285282
1 0.614742 0.90213 0.749629 0.19574 0.00284019
2 0.0480338 0.785259 0.095549 0.429482 0.00281165
0 0.508828 0.939888 0.725945 0.120224 0.00278062
2 0.0977273 0.937202 0.195455 0.125595 0.00274847
2 0.56664 0.834751 0.86119 0.31943 0.00274415
1 0.87365 0.146458 0.2527 0.292916 0.00271446
1 0.677309 0.917117 0.613275 0.165766 0.00269268
2 0.0479044 0.89082 0.0958088 0.218359 0.00268316
0 0.876957 0.831713 0.242798 0.336574 0.00267902
2 0.730884 0.844894 0.526153 0.305282 0.00262785
2 0.120574 0.906051 0.241107 0.182516 0.00258375
0 0.877606 0.88729 0.241043 0.22542 0.00254791
1 0.97448 0.208546 0.0504295 0.137304 0.00250969
2 0.0722837 0.866477 0.141206 0.267047 0.00250247
2 0.171575 0.875519 0.342784 0.242579 0.00248848
2 0.946166 0.0630129 0.107668 0.126026 0.00235222
2 0.137562 0.282345 0.199187 0.222422 0.00234939
0 0.93019 0.673807 0.0256607 0.0289573 0.00232547
0 0.959678 0.633467 0.0743551 0.186299 0.00230118
2 0.792151 0.903058 0.410211 0.193885 0.00222113
0 0.568539 0.679408 0.0699739 0.0861766 0.00221959
0 0.946435 0.654796 0.0623075 0.0914987 0.00221493
0 0.966509 0.903357 0.0669817 0.12891 0.00219092
2 0.919111 0.0438505 0.161778 0.087701 0.00206013
1 0.973426 0.393355 0.053148 0.658865 0.00204021
0 0.941553 0.662561 0.113145 0.245917 0.00189474
2 0.457625 0.487266 0.0916722 0.104034 0.00187441
0 0.0782651 0.731647 0.155751 0.274845 0.0018657
0 0.95271 0.936587 0.0704666 0.0835388 0.00186435
0 0.966816 0.678483 0.0663675 0.292511 0.00184713
0 0.760538 0.779363 0.115091 0.103434 0.00184094
1 0.887042 0.2776 0.225917 0.545654 0.00182757
0 0.664078 0.629552 0.249506 0.142727 0.00181391
0 0.964252 0.0739496 0.0714954 0.147899 0.0017989
0 0.029868 0.930218 0.0592805 0.116976 0.00179886
2 0.26616 0.0843401 0.061492 0.156991 0.00179557
0 0.545039 0.663447 0.0224751 0.0275322 0.00174959
0 0.936354 0.904289 0.1257 0.17614 0.00172849
0 0.983666 0.878505 0.0318508 0.0717485 0.00168035
0 0.548161 0.660451 0.028553 0.0381946 0.00167889
0 0.814941 0.7786 0.0984288 0.124321 0.00166114
2 0.96995 0.108033 0.0600994 0.216067 0.00165878
2 0.973396 0.194711 0.0523245 0.167595 0.00165562
0 0.0558557 0.980621 0.111441 0.0387585 0.00163921
0 0.0466793 0.853053 0.0917379 0.272343 0.00163034
2 0.628643 0.149827 0.275959 0.299653 0.0016287
0 0.0237439 0.93705 0.0474878 0.125901 0.00162825
0 0.692654 0.671873 0.301974 0.107834 0.00162179
2 0.977529 0.393008 0.044943 0.63986 0.00161263
1 0.887244 0.0713262 0.225511 0.142652 0.00158028
0 0.597307 0.695128 0.040453 0.0690276 0.00158011
0 0.129425 0.164986 0.25885 0.329973 0.00157188
0 0.987286 0.822102 0.0254275 0.241971 0.00156562
0 0.737161 0.755223 0.141816 0.114366 0.00153644
0 0.135556 0.252186 0.189272 0.159723 0.00152626
1 0.875287 0.197473 0.249426 0.394945 0.00149698
0 0.970578 0.668528 0.0395854 0.0735615 0.00149655
0 0.934504 0.936137 0.0326487 0.0634357 0.00149569
0 0.966853 0.0894713 0.0655876 0.103965 0.0014791
2 0.267122 0.0623281 0.0592504 0.124656 0.00147254
0 0.0542272 0.794326 0.106951 0.411347 0.00145551
0 0.901128 0.620922 0.192563 0.186709 0.00144928
0 0.475938 0.492304 0.0549691 0.0935979 0.00144213
2 0.907326 0.0172429 0.185349 0.0344859 0.00143502
0 0.0495623 0.934142 0.0991246 0.11927 0.00143304
0 0.83009 0.78554 0.114033 0.145422 0.00142924
0 0.367693 0.90197 0.195932 0.176802 0.00142649
0 0.962001 0.859013 0.0759972 0.210185 0.00142153
2 0.101342 0.739483 0.0898074 0.256405 0.00141535
0 0.816218 0.815261 0.118138 0.21365 0.00140806
0 0.856656 0.781594 0.1778 0.154056 0.00139768
0 0.942582 0.480341 0.114835 0.46391 0.0013874
0 0.642819 0.623032 0.14377 0.1422 0.0013321
0 0.0977912 0.236885 0.105493 0.127531 0.00133208
0 0.0697447 0.112289 0.137857 0.224577 0.00132288
2 0.95682 0.36863 0.0859578 0.681823 0.00130969
0 0.332584 0.917052 0.142802 0.145152 0.00128564
2 0.480253 0.550286 0.173374 0.247456 0.00127875
0 0.934304 0.609297 0.128879 0.193841 0.0012739
2 0.324016 0.214629 0.225647 0.34373 0.00126806
0 0.103621 0.737628 0.0895276 0.255623 0.00125927
0 0.0285 0.914192 0.0537869 0.171616 0.00125778
0 0.989742 0.813091 0.0205155 0.172728 0.00125462
1 0.232297 0.119199 0.169151 0.238397 0.00125082
0 0.0759902 0.681222 0.15198 0.397676 0.00125008
0 0.0999937 0.268241 0.112533 0.183485 0.00124038
1 0.45634 0.561258 0.310383 0.241787 0.00123061
0 0.0844809 0.19231 0.122849 0.235743 0.00122819
2 0.779635 0.169477 0.185547 0.338955 0.00122495
2 0.106047 0.41339 0.212095 0.403523 0.00121683
1 0.291095 0.62172 0.114026 0.323435 0.00120225
2 0.691507 0.708062 0.258584 0.127541 0.00119397
0 0.854556 0.700496 0.204427 0.300771 0.00119266
2 0.439127 0.54358 0.248464 0.238021 0.00117746
0 0.0732913 0.990758 0.146583 0.0184848 0.00117666
0 0.922462 0.922652 0.148129 0.154696 0.0011746
2 0.8886 0.00841652 0.2228 0.016833 0.00117458
2 0.253323 0.0987436 0.132878 0.197487 0.00117008
1 0.253467 0.155931 0.208578 0.305363 0.00116918
0 0.371081 0.850498 0.205869 0.281764 0.00116311
2 0.799011 0.456171 0.114588 0.159445 0.00115873
0 0.0850005 0.905449 0.170001 0.174729 0.00115002
0 0.957608 0.957337 0.0847845 0.0853268 0.0011482
0 0.609955 0.132937 0.230164 0.265874 0.00114722
0 0.871846 0.723994 0.252388 0.396806 0.00114711
0 0.645347 0.0245867 0.143901 0.0491735 0.0011412
2 0.630341 0.0267605 0.163678 0.053521 0.00113708
1 0.214458 0.153222 0.179555 0.306444 0.00113348
0 0.870416 0.829289 0.221732 0.251663 0.00113074
0 0.36743 0.820082 0.22931 0.359836 0.0011289
0 0.571435 0.573584 0.297799 0.360554 0.00112789
0 0.0603149 0.1045 0.119552 0.209 0.00112775
2 0.050895 0.0440815 0.100155 0.0881629 0.00112717
0 0.963979 0.42665 0.0720413 0.609617 0.00112425
0 0.444446 0.411768 0.12619 0.26816 0.00112037
1 0.953727 0.760869 0.0925468 0.478262 0.00111773
0 0.909898 0.861114 0.174265 0.25835 0.00111681
0 0.132688 0.92763 0.265377 0.14132 0.00111473
1 0.78928 0.448662 0.133827 0.180143 0.00111344
2 0.432212 0.470929 0.141307 0.144232 0.00110989
2 0.393375 0.535994 0.233562 0.216565 0.00110929
0 0.657816 0.610776 0.102818 0.178168 0.00110791
2 0.608903 0.096792 0.222016 0.193584 0.00110545
0 0.42409 0.11496 0.5604 0.22992 0.00110122
2 0.219029 0.183238 0.357524 0.366475 0.00110088
1 0.424165 0.476707 0.157414 0.135355 0.00109399
0 0.794307 0.456355 0.12409 0.17188 0.00108878
0 0.78355 0.027785 0.165621 0.05557 0.00108759
0 0.0767625 0.587639 0.151874 0.408155 0.00108117
2 0.553843 0.565704 0.283512 0.33014 0.00107559
0 0.791007 0.054673 0.155246 0.109346 0.00106541
0 0.0746457 0.194115 0.148007 0.388229 0.00105341
0 0.687281 0.716618 0.240689 0.150408 0.00104784
2 0.364878 0.642652 0.413248 0.401372 0.0010478
0 0.931598 0.778701 0.136482 0.442597 0.00104716
0 0.813596 0.00513693 0.193685 0.0102739 0.00104668
0 0.557801 0.611217 0.227224 0.237189 0.00104596
2 0.692271 0.690683 0.29892 0.217969 0.00103614
2 0.03774 0.0130369 0.07548 0.0260738 0.00102515
0 0.125249 0.850928 0.250498 0.286359 0.00102371
1 0.097868 0.993493 0.195736 0.0130134 0.00101721
0 0.292812 0.673317 0.106682 0.214262 0.00101697
0 0.835619 0.713525 0.328761 0.484227 0.00101661
0 0.931875 0.93293 0.029057 0.0457352 0.00101521
2 0.043479 0.019531 0.0869581 0.039062 0.00101353
0 0.603037 0.70643 0.0969364 0.110601 0.00101182
0 0.788921 0.772292 0.0468704 0.080042 0.00101139
0 0.349501 0.0502051 0.301565 0.10041 0.00100772
1 0.876657 0.295996 0.246686 0.591992 0.00100474
1 0.977922 0.229467 0.0439517 0.101598 0.00100276
0 0.690674 0.00480263 0.209111 0.00960525 0.00100166
1 0.0854514 0.734503 0.167926 0.281366 0.00100008
1 0.956569 0.406648 0.0865666 0.648646 0.000996942
2 0.168229 0.267274 0.257411 0.175397 0.000994591
2 0.0580581 0.0698953 0.113504 0.139791 0.000994427
0 0.343536 0.0732662 0.315692 0.146532 0.000988949
0 0.0573468 0.751623 0.114694 0.496755 0.000988462
2 0.964833 0.607631 0.0703334 0.22666 0.000981471
1 0.819023 0.0727842 0.192891 0.145568 0.000977934
1 0.77398 0.836006 0.22302 0.277723 0.000977895
0 0.624719 0.997361 0.212595 0.00527783 0.000975711
1 0.925035 0.975667 0.149929 0.0486657 0.00097477
2 0.642846 0.00516177 0.149063 0.0103235 0.000972488
0 0.0967994 0.632804 0.193599 0.4854 0.000971422
0 0.471922 0.195733 0.239999 0.391466 0.000971343
1 0.846909 0.0640427 0.209042 0.128085 0.000971274
0 0.6553 0.00551244 0.158117 0.0110249 0.000970966
0 0.748819 0.775393 0.156225 0.121113 0.000970949
0 0.07393 0.488566 0.147039 0.385301 0.000967149
0 0.539262 0.542107 0.23474 0.397058 0.000963703
0 0.297553 0.0042135 0.219215 0.00842699 0.000963602
0 0.454792 0.274039 0.264222 0.548079 0.000963407
1 0.933804 0.76626 0.132066 0.46748 0.000963299
0 0.718621 0.733542 0.19238 0.169712 0.000960988
1 0.848276 0.72873 0.303447 0.449002 0.000959438
2 0.661197 0.749982 0.194256 0.221608 0.000957954
1 0.406003 0.603476 0.351429 0.327922 0.000955844
0 0.0935862 0.810959 0.187172 0.378082 0.000955525
0 0.612942 0.086869 0.204517 0.173738 0.000954774
1 0.454874 0.62405 0.405647 0.371098 0.000954665
0 0.687443 0.0621766 0.223013 0.124353 0.000953868
0 0.125386 0.57948 0.250771 0.411658 0.000952931
0 0.0397556 0.922113 0.0795113 0.155774 0.000952379
0 0.74302 0.682209 0.17835 0.258143 0.000951117
2 0.35697 0.739331 0.31974 0.424703 0.00094919
0 0.43836 0.165331 0.271841 0.330044 0.000945425
0 0.414952 0.142025 0.347211 0.28405 0.000942941
0 0.871322 0.910827 0.247739 0.167984 0.000941884
0 0.0584779 0.350646 0.116956 0.701293 0.00094186
2 0.250669 0.756591 0.364795 0.381789 0.000941707
1 0.160201 0.351463 0.269338 0.360149 0.000939436
0 0.70506 0.760056 0.307668 0.268571 0.000939109
0 0.877033 0.316721 0.245933 0.633441 0.000937445
