1 0.383609 0.597764 0.245481 0.417816 0.942541
1 0.322416 0.601033 0.361516 0.429308 0.0737991
1 0.253881 0.486608 0.507762 0.68121 0.0304185
2 0.979493 0.0416373 0.0409208 0.0832746 0.0175929
1 0.362305 0.693531 0.280428 0.612937 0.016573
0 0.916696 0.445425 0.123884 0.14231 0.0158915
1 0.282278 0.693141 0.465688 0.613719 0.0143591
1 0.419225 0.586311 0.35453 0.4868 0.0102268
1 0.335507 0.44098 0.3478 0.881959 0.00987185
0 0.979409 0.0437191 0.0410492 0.0874383 0.00819432
1 0.400187 0.691265 0.407204 0.614216 0.00809893
1 0.291004 0.614897 0.582007 0.593167 0.00801807
0 0.97904 0.0451886 0.0418661 0.0903772 0.00799228
1 0.979862 0.040774 0.0400707 0.081548 0.00716684
1 0.374768 0.476708 0.70127 0.953415 0.0064109
1 0.919412 0.0453598 0.159933 0.0907197 0.00622674
2 0.502968 0.467308 0.950699 0.932431 0.00564606
2 0.774099 0.0382905 0.379678 0.076581 0.00517874
2 0.175176 0.0207737 0.350351 0.0415474 0.00511357
2 0.706841 0.0309176 0.404352 0.0618352 0.00508492
2 0.334192 0.0381191 0.443236 0.0762381 0.00503008
1 0.967633 0.281661 0.0647332 0.563321 0.00499966
2 0.231245 0.0186031 0.416332 0.0372062 0.00496718
2 0.294259 0.0269338 0.436441 0.0538675 0.00495415
1 0.938946 0.227884 0.122077 0.455769 0.00482788
2 0.619364 0.0455207 0.430232 0.0910414 0.00478302
2 0.816242 0.046721 0.351507 0.093442 0.00474445
2 0.398666 0.046377 0.465963 0.092754 0.0046674
1 0.523351 0.544522 0.87995 0.86611 0.00462236
2 0.853056 0.0740141 0.291488 0.148028 0.00461816
0 0.919918 0.474 0.125335 0.187482 0.00452936
2 0.541514 0.0458332 0.439121 0.0916665 0.00452876
1 0.923629 0.0984548 0.152742 0.19691 0.0044388
1 0.929068 0.0704945 0.141511 0.140989 0.00443731
2 0.253979 0.461883 0.506144 0.923765 0.00437789
1 0.450981 0.528854 0.613602 0.823078 0.00436037
2 0.541728 0.279933 0.912551 0.559867 0.00433872
2 0.620398 0.512901 0.744859 0.893323 0.00432039
2 0.465727 0.040477 0.491764 0.0809541 0.00423847
2 0.883186 0.0900442 0.228586 0.180088 0.00419026
2 0.128177 0.0371351 0.255655 0.0742702 0.00414897
2 0.982189 0.0844355 0.0356213 0.168871 0.00410872
0 0.936178 0.447481 0.0820828 0.103154 0.00400941
0 0.235336 0.488161 0.46746 0.947704 0.00396902
1 0.485813 0.663287 0.566325 0.549238 0.00396122
2 0.785175 0.449412 0.422095 0.864658 0.00394752
2 0.535861 0.0712572 0.793292 0.142514 0.00389809
0 0.881628 0.133149 0.23599 0.266299 0.00386416
1 0.395697 0.700332 0.709147 0.589087 0.00386333
2 0.214459 0.0639795 0.417665 0.127959 0.00385928
2 0.978985 0.0462486 0.0420291 0.0924972 0.00382719
2 0.149141 0.0638843 0.298282 0.127769 0.00376433
2 0.705827 0.071633 0.545693 0.143266 0.0037457
1 0.222738 0.503026 0.445476 0.954098 0.00372494
0 0.958392 0.441775 0.0796257 0.883551 0.00371774
0 0.494771 0.469671 0.989543 0.939343 0.00371143
2 0.942849 0.0439007 0.114303 0.0878013 0.00370532
2 0.76919 0.319348 0.455178 0.638695 0.00360266
2 0.507474 0.752223 0.887058 0.495555 0.0035994
2 0.796536 0.0725704 0.397808 0.145141 0.00359739
0 0.918076 0.259405 0.163405 0.518809 0.0035637
1 0.955766 0.713467 0.0884326 0.573066 0.00355193
0 0.841205 0.0791123 0.317591 0.158225 0.0035228
2 0.941665 0.289723 0.116112 0.579447 0.00350999
2 0.910451 0.798628 0.177624 0.402743 0.00350199
2 0.754384 0.588234 0.476257 0.763176 0.00350105
2 0.0733378 0.0572898 0.146676 0.11458 0.00348112
2 0.886636 0.315731 0.226729 0.631462 0.00347445
2 0.862566 0.427656 0.266693 0.82571 0.00346067
2 0.93908 0.815786 0.121144 0.368427 0.00345226
2 0.552306 0.108467 0.887345 0.216933 0.00339857
0 0.287901 0.0695292 0.504038 0.139058 0.0033781
0 0.924444 0.47899 0.151113 0.94694 0.00337752
2 0.520864 0.155115 0.946154 0.31023 0.00337702
0 0.943946 0.373766 0.110395 0.747533 0.00336472
1 0.917781 0.865558 0.163615 0.268884 0.00333017
1 0.312758 0.0714709 0.557167 0.142942 0.0033189
0 0.391636 0.0703982 0.723299 0.140796 0.00331607
2 0.593039 0.63531 0.78246 0.71616 0.00331438
2 0.604273 0.801792 0.754199 0.384694 0.00327487
2 0.921244 0.716147 0.15508 0.567707 0.00318863
0 0.864454 0.241725 0.271092 0.483451 0.00318753
2 0.891062 0.835247 0.215882 0.329505 0.00316646
2 0.852513 0.777988 0.294974 0.444023 0.0031402
1 0.530392 0.677382 0.855486 0.645235 0.00313089
2 0.851284 0.554391 0.285624 0.788135 0.00309914
0 0.883228 0.523901 0.217988 0.854102 0.00305465
2 0.983184 0.115129 0.0336324 0.230257 0.00305275
1 0.813679 0.971713 0.361966 0.0565745 0.00304275
0 0.394687 0.37379 0.789374 0.74758 0.00304264
0 0.564141 0.613976 0.833988 0.766764 0.00303375
2 0.718512 0.82013 0.550163 0.359741 0.00302345
1 0.0503964 0.113003 0.100793 0.226007 0.00301718
2 0.534939 0.837818 0.802045 0.324364 0.00299214
2 0.813734 0.823614 0.365103 0.352772 0.0029719
2 0.748607 0.158048 0.496843 0.316097 0.00296785
0 0.266121 0.169557 0.526497 0.339114 0.00296637
1 0.0531503 0.875786 0.106301 0.248429 0.00294494
1 0.542163 0.941858 0.705198 0.116285 0.00294492
2 0.888286 0.958265 0.220572 0.0834698 0.00294274
0 0.939953 0.616654 0.117365 0.743257 0.00293551
1 0.0423277 0.718527 0.0834799 0.562946 0.00293072
2 0.946936 0.671718 0.102367 0.650401 0.00290331
2 0.709552 0.712155 0.572025 0.534374 0.00290249
0 0.946367 0.440002 0.0645496 0.0932904 0.00288713
1 0.0353323 0.607264 0.070236 0.740451 0.00287615
2 0.808105 0.725013 0.377644 0.533119 0.00286856
0 0.872706 0.448382 0.221576 0.168986 0.00283847
1 0.435905 0.95214 0.694057 0.0957197 0.00282641
0 0.282163 0.682538 0.564326 0.622319 0.00280438
0 0.21124 0.141492 0.42248 0.282984 0.00279475
2 0.893335 0.659443 0.211106 0.679435 0.00279428
1 0.73607 0.96642 0.480601 0.0671607 0.00278176
0 0.0729984 0.158719 0.141384 0.317438 0.00277872
0 0.0402065 0.455172 0.080413 0.910343 0.00275612
0 0.166358 0.472186 0.332716 0.944372 0.00275601
0 0.855342 0.6065 0.280068 0.761292 0.00275336
0 0.486036 0.753174 0.868652 0.478091 0.00274771
1 0.634151 0.946562 0.612401 0.106876 0.00272508
0 0.358913 0.266818 0.710515 0.533637 0.00272437
1 0.363311 0.924159 0.588765 0.151683 0.00269705
1 0.888302 0.680325 0.221207 0.63935 0.00269577
0 0.892807 0.459581 0.049588 0.0994307 0.00269341
0 0.981256 0.762426 0.0371712 0.261888 0.00266156
2 0.0443951 0.778168 0.087136 0.443664 0.00264099
1 0.464912 0.827729 0.800041 0.338575 0.00261663
0 0.0624558 0.334701 0.117448 0.669401 0.0025974
0 0.294609 0.459078 0.114665 0.153794 0.00258026
2 0.0770595 0.540391 0.150602 0.871167 0.00257876
0 0.0681347 0.570797 0.132025 0.82384 0.00257476
0 0.315672 0.928697 0.556932 0.142606 0.00251796
2 0.0842393 0.954306 0.168479 0.0913889 0.00245465
0 0.796625 0.534387 0.0648376 0.0841972 0.00242331
0 0.156412 0.677348 0.312824 0.627586 0.00240809
0 0.281439 0.957972 0.545134 0.0840568 0.00237388
0 0.0956719 0.65559 0.184811 0.657797 0.00237244
0 0.117286 0.973782 0.228588 0.0524366 0.00237032
0 0.27248 0.879755 0.535435 0.226152 0.00235594
2 0.0576844 0.800633 0.112729 0.390332 0.00232327
0 0.0595149 0.67547 0.117528 0.62869 0.00228992
0 0.222884 0.967829 0.435666 0.0643412 0.00228192
2 0.0681146 0.838102 0.132832 0.323795 0.00226722
0 0.983942 0.556107 0.0316426 0.130472 0.00226684
1 0.936542 0.145223 0.126335 0.290447 0.00224569
0 0.979013 0.731125 0.0419732 0.1875 0.00222193
0 0.0982691 0.819329 0.196538 0.340369 0.00221314
0 0.886234 0.480058 0.0346737 0.0595697 0.00212724
0 0.238583 0.766063 0.47467 0.447078 0.00212567
0 0.987194 0.518919 0.0252407 0.283668 0.00212258
0 0.981369 0.0501139 0.0372611 0.100228 0.00210892
2 0.912949 0.0359724 0.172071 0.0719448 0.00209607
0 0.127236 0.872754 0.249839 0.238876 0.00203521
0 0.293302 0.490838 0.112753 0.219857 0.00198527
0 0.901425 0.444373 0.0781189 0.133283 0.00196663
0 0.98462 0.697628 0.0304496 0.316849 0.00195343
0 0.0149018 0.241073 0.0296921 0.139481 0.00181222
0 0.381664 0.604777 0.246396 0.393919 0.0017857
0 0.913606 0.455543 0.0970673 0.121496 0.00169678
0 0.912087 0.410273 0.140626 0.232101 0.00165533
2 0.97856 0.195497 0.0428809 0.390994 0.00160184
1 0.86688 0.106413 0.26624 0.212826 0.00157433
0 0.963806 0.456135 0.0247227 0.0347036 0.0015674
1 0.31619 0.560104 0.147442 0.348193 0.00153856
1 0.84808 0.0433436 0.30384 0.0866871 0.00152864
2 0.97961 0.593631 0.040781 0.228753 0.00146052
0 0.972843 0.741497 0.0543149 0.32128 0.0014571
0 0.306809 0.557455 0.13308 0.353827 0.00142147
2 0.964962 0.80083 0.0700766 0.311201 0.00141252
0 0.80491 0.534534 0.0447727 0.0766544 0.00135401
0 0.387675 0.46813 0.133801 0.144801 0.00135365
2 0.0993461 0.00390581 0.198692 0.00781162 0.0013482
1 0.298372 0.51958 0.12384 0.269996 0.00133093
0 0.971624 0.726445 0.0567513 0.503776 0.00130484
1 0.244284 0.00729247 0.488569 0.0145849 0.00129549
1 0.084394 0.00572577 0.168788 0.0114515 0.00129489
0 0.960766 0.783235 0.0779421 0.355903 0.00129218
1 0.293866 0.467963 0.114888 0.164686 0.00128978
0 0.927765 0.506617 0.14214 0.25644 0.00126964
0 0.98468 0.0947577 0.029936 0.189515 0.00126337
0 0.98779 0.674041 0.0239826 0.34029 0.00126272
0 0.336983 0.466366 0.207077 0.146927 0.00123314
1 0.898151 0.00465069 0.201941 0.00930137 0.00122604
2 0.93981 0.902181 0.12038 0.173043 0.00121465
0 0.951479 0.832797 0.0970413 0.301434 0.0012135
1 0.924013 0.488239 0.132701 0.214903 0.00121107
2 0.0569695 0.0515152 0.113939 0.10303 0.00120415
2 0.940296 0.941093 0.119407 0.105514 0.00120222
0 0.950685 0.517445 0.0986306 0.185063 0.00117122
0 0.981956 0.571543 0.0357239 0.235495 0.00116848
1 0.323454 0.00565384 0.542062 0.0113077 0.00115658
1 0.89751 0.121224 0.20498 0.242449 0.00114884
0 0.927949 0.604165 0.143534 0.460812 0.00114734
2 0.971932 0.227952 0.0560474 0.455903 0.00114129
0 0.384577 0.4919 0.121344 0.187934 0.00112443
1 0.195922 0.00258463 0.391844 0.00516927 0.00109766
1 0.945162 0.817505 0.108606 0.354113 0.00109375
2 0.831359 0.106178 0.297664 0.212355 0.00108541
0 0.927224 0.379823 0.138358 0.31184 0.00107186
0 0.931747 0.465318 0.136506 0.241477 0.00107141
0 0.98128 0.544809 0.036916 0.0982836 0.00106519
0 0.0100538 0.227632 0.0201077 0.0974686 0.00106352
0 0.937439 0.428453 0.125122 0.21054 0.00105826
0 0.25557 0.461244 0.170788 0.159774 0.00104486
0 0.353962 0.655546 0.179423 0.258406 0.00104451
1 0.798329 0.0937831 0.307778 0.187566 0.00104172
0 0.427799 0.776831 0.349146 0.405045 0.00103338
0 0.32441 0.619833 0.118204 0.224364 0.00102896
0 0.41098 0.503652 0.184532 0.214855 0.00102844
2 0.0162977 0.334377 0.0314677 0.66459 0.00102113
2 0.664975 0.0029978 0.360983 0.0059956 0.00101962
0 0.778725 0.381035 0.0629164 0.0965284 0.00101923
1 0.364792 0.00245441 0.400033 0.00490881 0.00101792
2 0.882234 0.00268512 0.230936 0.00537023 0.00101603
0 0.77927 0.371242 0.04725 0.0584667 0.00100947
0 0.971347 0.765159 0.0573062 0.220739 0.00100873
0 0.870034 0.376699 0.230848 0.313786 0.00100808
1 0.40315 0.705994 0.199135 0.192396 0.0010042
0 0.891161 0.487581 0.195956 0.207377 0.00099935
0 0.956432 0.713064 0.0865822 0.553037 0.000985007
0 0.608756 0.857752 0.200438 0.268001 0.000981245
2 0.605537 0.0783872 0.209031 0.156774 0.0009795
0 0.651624 0.594302 0.150048 0.224128 0.000970883
2 0.0733372 0.33576 0.145381 0.391013 0.000969901
0 0.810677 0.528227 0.0873177 0.101443 0.000968932
0 0.402795 0.829457 0.363188 0.341086 0.000963553
1 0.857593 0.00247728 0.284813 0.00495457 0.00096115
2 0.047491 0.131133 0.0932425 0.262267 0.000959022
0 0.60007 0.993459 0.188304 0.0130829 0.000954006
0 0.85656 0.449335 0.235194 0.244551 0.00095376
2 0.0544892 0.705436 0.10849 0.589128 0.0009526
1 0.929221 0.892732 0.139319 0.189163 0.000952329
0 0.942292 0.655326 0.114698 0.499593 0.000951407
2 0.0127767 0.296369 0.024237 0.592738 0.00094935
0 0.981798 0.0940022 0.0356174 0.167172 0.000938855
2 0.0418454 0.620482 0.0836034 0.759036 0.000937425
0 0.801418 0.834869 0.211573 0.330263 0.000937291
0 0.39432 0.67236 0.26561 0.27949 0.000937114
2 0.126365 0.345302 0.210185 0.363012 0.000936642
0 0.118538 0.184728 0.237076 0.369457 0.000936528
1 0.632617 0.883945 0.203809 0.216027 0.000929618
0 0.967018 0.457417 0.0363321 0.0416754 0.000928795
0 0.882282 0.485429 0.0426098 0.0635356 0.000926359
0 0.344268 0.428645 0.0309455 0.0511811 0.000925572
2 0.819274 0.199422 0.136872 0.174912 0.00092543
1 0.833078 0.12149 0.20865 0.24298 0.00091873
0 0.765938 0.845346 0.280632 0.309309 0.000918257
0 0.406303 0.827553 0.496473 0.344893 0.000917797
2 0.065658 0.266917 0.127853 0.275326 0.000917095
1 0.369216 0.133314 0.457144 0.266628 0.000914615
0 0.596818 0.151315 0.212273 0.30263 0.000913395
0 0.765946 0.383158 0.0874489 0.107885 0.000913211
0 0.93443 0.726401 0.13114 0.326447 0.000912761
2 0.0233074 0.408891 0.0457067 0.796841 0.000912328
2 0.0237599 0.601555 0.0472107 0.79689 0.000912262
2 0.156081 0.00269587 0.312162 0.00539174 0.000908232
2 0.928449 0.355178 0.120411 0.250826 0.00090766
0 0.719603 0.994422 0.183461 0.0111566 0.000906892
2 0.81831 0.00256271 0.358441 0.00512543 0.000906131
2 0.594604 0.779774 0.258336 0.395675 0.000906027
0 0.959717 0.375242 0.0805653 0.260468 0.000904828
0 0.153702 0.217414 0.307405 0.434828 0.000904231
0 0.327903 0.782634 0.300448 0.434732 0.000903907
2 0.626963 0.905782 0.209271 0.182971 0.000903725
0 0.501693 0.854593 0.276307 0.290813 0.00089986
2 0.654849 0.91488 0.169863 0.17024 0.000897745
1 0.0762259 0.997855 0.152452 0.00428949 0.000896777
0 0.777282 0.390022 0.0497296 0.0941204 0.000894665
2 0.630551 0.861141 0.197887 0.263298 0.000894023
0 0.581561 0.800702 0.235421 0.398597 0.000893808
0 0.93694 0.78861 0.126121 0.329328 0.000891841
0 0.800259 0.502422 0.101049 0.146641 0.000890199
0 0.986491 0.738094 0.0264515 0.317315 0.000888827
0 0.556793 0.861177 0.218292 0.272241 0.000886534
0 0.284323 0.814181 0.213712 0.359387 0.000884365
2 0.882493 0.554748 0.235014 0.343298 0.000881715
0 0.446535 0.831738 0.294326 0.336524 0.000879411
1 0.314397 0.107511 0.613827 0.215022 0.000879353
2 0.0446272 0.0897263 0.0886898 0.179453 0.00087781
2 0.765296 0.850205 0.261717 0.299589 0.000877705
2 0.741974 0.0863644 0.300485 0.172729 0.000875572
0 0.0896516 0.513131 0.179303 0.459975 0.000875342
0 0.593031 0.593488 0.245585 0.284246 0.000874997
2 0.45074 0.249762 0.149826 0.256623 0.00087452
0 0.014067 0.34554 0.0270115 0.69108 0.000874018
2 0.01619 0.582744 0.031911 0.834513 0.000873767
2 0.561911 0.0871717 0.288112 0.174343 0.000872101
2 0.0660693 0.78703 0.132139 0.425939 0.000871774
0 0.120752 0.127012 0.241505 0.254024 0.000870621
0 0.804997 0.144123 0.141436 0.242328 0.000870415
1 0.606161 0.165275 0.216518 0.33055 0.000868724
2 0.718279 0.00184469 0.351912 0.00368939 0.000866642
2 0.941267 0.959694 0.117465 0.0806116 0.000866028
1 0.777325 0.110482 0.228295 0.220964 0.000865618
0 0.746989 0.995812 0.178881 0.00837506 0.000865597
0 0.52081 0.995899 0.211006 0.00820197 0.000864497
2 0.0364736 0.237135 0.0724994 0.362525 0.000863112
2 0.413868 0.692698 0.305932 0.295278 0.00086267
0 0.546023 0.99569 0.189726 0.00861969 0.000862602
2 0.801241 0.556805 0.0810192 0.142726 0.000861406
2 0.934572 0.188944 0.130855 0.370377 0.000860127
