2 0.451939 0.492459 0.837373 0.984919 0.908176
2 0.450232 0.123073 0.900465 0.246146 0.0170048
2 0.583927 0.597021 0.825903 0.805957 0.0167928
2 0.67054 0.514867 0.658093 0.970266 0.0155438
2 0.447042 0.236714 0.894085 0.473429 0.0150346
2 0.579393 0.824165 0.841215 0.351669 0.0141312
2 0.3191 0.538101 0.636315 0.881867 0.0134517
2 0.497169 0.10483 0.646225 0.20966 0.0126968
2 0.244891 0.0729227 0.486276 0.145845 0.0119984
2 0.833267 0.5 0.333465 1 0.0114699
2 0.41986 0.0862735 0.82393 0.172547 0.0102778
2 0.409728 0.81245 0.665789 0.3751 0.00984792
2 0.464681 0.357625 0.929362 0.71525 0.00963305
2 0.575512 0.456251 0.848976 0.912501 0.00946909
2 0.436778 0.545985 0.637404 0.90803 0.00877683
2 0.242024 0.221322 0.484047 0.28323 0.0087359
2 0.193046 0.0370243 0.361752 0.0740486 0.00868482
2 0.529039 0.0982468 0.941494 0.196494 0.00868376
2 0.240144 0.0431909 0.405282 0.0863817 0.00842537
2 0.919316 0.495089 0.161174 0.990178 0.008054
2 0.607021 0.0600302 0.665542 0.12006 0.00804492
2 0.512763 0.780457 0.820872 0.439085 0.00776028
2 0.501971 0.683984 0.758812 0.632031 0.00765971
2 0.776051 0.0546687 0.381112 0.109337 0.00759471
2 0.68014 0.0457673 0.553716 0.0915346 0.00757713
2 0.27875 0.263673 0.553727 0.359319 0.00721826
2 0.590218 0.195123 0.805573 0.390246 0.00706314
2 0.271046 0.0539388 0.474687 0.107878 0.00701674
2 0.956691 0.5 0.0866184 1 0.00692037
2 0.360357 0.322594 0.720714 0.56458 0.00674789
2 0.153536 0.518145 0.307072 0.843448 0.00602755
2 0.234257 0.269669 0.467883 0.493903 0.00596482
2 0.213627 0.384479 0.427253 0.761946 0.00591136
2 0.176043 0.401194 0.352085 0.629772 0.00569614
2 0.84274 0.0824286 0.310081 0.164857 0.00558884
2 0.213419 0.545191 0.426839 0.896603 0.00544895
2 0.143898 0.0811991 0.286119 0.162398 0.00539394
2 0.556035 0.58338 0.583535 0.83324 0.00521964
2 0.718155 0.428053 0.55926 0.856106 0.00485349
2 0.147509 0.0521644 0.294954 0.104329 0.00479608
2 0.754701 0.0767618 0.4811 0.153524 0.00475726
2 0.356937 0.878439 0.479645 0.243121 0.00444014
2 0.585549 0.465996 0.505377 0.931992 0.00440509
2 0.754552 0.601721 0.490895 0.796557 0.00437613
2 0.121037 0.331877 0.241856 0.663754 0.00425859
2 0.0870799 0.555409 0.173723 0.889182 0.00415382
2 0.705384 0.167201 0.584058 0.334402 0.00413651
2 0.693174 0.74821 0.613653 0.50358 0.0041363
2 0.10957 0.493546 0.21914 0.832609 0.00393629
2 0.261886 0.898479 0.286446 0.203042 0.00382115
2 0.75288 0.321047 0.493708 0.642094 0.00373807
2 0.940287 0.565099 0.119426 0.869802 0.00367295
2 0.91407 0.0792432 0.171859 0.158486 0.00362257
2 0.0593671 0.486627 0.116257 0.91012 0.00359389
2 0.182692 0.927065 0.287439 0.14548 0.00340272
0 0.363361 0.897849 0.601306 0.204302 0.00332386
0 0.0227482 0.351627 0.0443619 0.269716 0.00327793
2 0.243912 0.951861 0.474722 0.0962778 0.00325904
2 0.0701296 0.391596 0.140259 0.783193 0.00320979
2 0.17016 0.952243 0.336138 0.0955134 0.00319575
2 0.883832 0.120116 0.229466 0.240232 0.00313365
2 0.313912 0.851207 0.440313 0.297586 0.00309592
2 0.234455 0.782314 0.46891 0.435372 0.00309034
2 0.156443 0.769261 0.310892 0.461477 0.0030281
2 0.210265 0.849719 0.363375 0.300562 0.00297561
2 0.13605 0.918528 0.266117 0.162943 0.00292385
2 0.963194 0.369771 0.0725599 0.739542 0.00287148
2 0.232922 0.681172 0.459248 0.637656 0.00287008
2 0.14835 0.876807 0.296701 0.246386 0.00282746
2 0.915976 0.277915 0.166649 0.55583 0.00282689
2 0.951896 0.23772 0.0940811 0.47544 0.00282502
2 0.860377 0.181129 0.276992 0.362259 0.00281162
0 0.268545 0.946901 0.498647 0.106198 0.00272829
2 0.295635 0.90446 0.413451 0.191079 0.00271834
2 0.0563267 0.764904 0.112152 0.470192 0.00265897
0 0.0801657 0.401605 0.160331 0.355548 0.00265226
1 0.630419 0.853604 0.71664 0.292792 0.00247503
2 0.113233 0.83305 0.224672 0.3339 0.00244033
2 0.467077 0.186916 0.243607 0.334259 0.00241401
2 0.928338 0.843493 0.142254 0.313014 0.00230929
0 0.0721874 0.316794 0.142996 0.252501 0.0022937
2 0.72921 0.827564 0.53486 0.344872 0.00229313
2 0.0489006 0.81911 0.0978012 0.361779 0.00225624
0 0.0616705 0.885947 0.123341 0.228107 0.00219997
1 0.720565 0.924317 0.553495 0.151366 0.00217535
2 0.841503 0.864603 0.313649 0.270794 0.00216531
0 0.91211 0.93586 0.17446 0.12828 0.00212119
0 0.0214996 0.411999 0.042237 0.332805 0.00188545
1 0.844711 0.967735 0.309294 0.0645305 0.00163896
1 0.77133 0.964529 0.454789 0.0709413 0.00160804
0 0.411922 0.168419 0.338169 0.323168 0.00156019
0 0.107343 0.864096 0.214687 0.255258 0.00148644
1 0.44824 0.870152 0.629358 0.259696 0.00141454
0 0.992015 0.520223 0.01597 0.340372 0.00140662
0 0.250847 0.20732 0.248604 0.207869 0.00138926
0 0.320451 0.122638 0.415359 0.245276 0.00135012
0 0.0928053 0.889266 0.185611 0.204693 0.00129745
1 0.151332 0.895274 0.302664 0.209452 0.00126705
0 0.927154 0.782103 0.14452 0.435794 0.00126624
2 0.17678 0.880398 0.35356 0.239204 0.00125426
0 0.0659861 0.294831 0.131972 0.589661 0.00125056
0 0.0887009 0.700729 0.177402 0.428895 0.00124937
0 0.928214 0.686839 0.142184 0.276626 0.00124499
0 0.114671 0.182938 0.229343 0.365877 0.00119806
0 0.0696419 0.267915 0.138474 0.473428 0.00119636
0 0.351587 0.163203 0.389933 0.326013 0.00119285
2 0.935728 0.00326299 0.128543 0.00652597 0.00118236
0 0.243607 0.77794 0.226247 0.444121 0.00117828
0 0.703237 0.329166 0.230654 0.155438 0.00117582
1 0.168756 0.891971 0.337511 0.216059 0.00116679
2 0.930535 0.335686 0.13893 0.671372 0.00116599
0 0.830224 0.829752 0.339552 0.340496 0.00116535
2 0.510576 0.209668 0.179775 0.361283 0.00116284
1 0.592216 0.841488 0.218075 0.317024 0.00115574
0 0.874857 0.791303 0.250285 0.417395 0.00112169
1 0.92521 0.049839 0.14958 0.099678 0.0011201
0 0.016872 0.44554 0.0328647 0.336493 0.00111849
2 0.927413 0.21341 0.145174 0.42682 0.00111825
0 0.078591 0.470561 0.157182 0.416641 0.00111594
0 0.917518 0.635743 0.164964 0.403782 0.00110989
0 0.562361 0.121573 0.584162 0.232892 0.00110711
0 0.386173 0.112314 0.353809 0.223347 0.00110247
0 0.858448 0.593988 0.283104 0.548435 0.00109281
0 0.223052 0.121136 0.446104 0.242272 0.0010903
2 0.496582 0.169922 0.185309 0.326731 0.00108568
0 0.546282 0.822346 0.262235 0.355307 0.00107899
0 0.216453 0.170031 0.202231 0.130071 0.00107624
0 0.928449 0.699876 0.143103 0.172224 0.00106969
0 0.372582 0.0900137 0.409088 0.180027 0.00106737
0 0.260534 0.127161 0.521068 0.254323 0.00106642
1 0.246888 0.783316 0.233554 0.433368 0.00105935
0 0.107557 0.686264 0.215114 0.532961 0.00105911
2 0.981246 0.48035 0.0375081 0.741866 0.00105694
0 0.242751 0.212625 0.354794 0.217224 0.00105131
0 0.182706 0.192814 0.225715 0.179965 0.00104837
0 0.950735 0.8503 0.098531 0.265961 0.00104717
0 0.690224 0.297626 0.277714 0.239135 0.00104511
0 0.33061 0.992283 0.609695 0.0154349 0.00104398
1 0.895967 0.0619366 0.207453 0.123873 0.00104106
0 0.138112 0.183652 0.276224 0.308831 0.00103879
0 0.889887 0.703541 0.220226 0.274645 0.00103742
0 0.872496 0.486866 0.255008 0.513672 0.00103354
1 0.39879 0.189719 0.385407 0.329511 0.00102784
1 0.550037 0.83413 0.29445 0.331739 0.00102703
0 0.730404 0.328581 0.196809 0.249469 0.00102559
2 0.0808535 0.411682 0.161707 0.392578 0.00102214
0 0.0940615 0.806217 0.188123 0.387567 0.00101756
0 0.929535 0.677416 0.1407 0.428907 0.00101497
0 0.0629101 0.195572 0.124646 0.391145 0.00101244
0 0.166898 0.270057 0.249567 0.338371 0.00101062
0 0.788158 0.847923 0.423684 0.304154 0.00100851
0 0.644312 0.993164 0.381536 0.0136714 0.00100707
0 0.126503 0.829303 0.253007 0.338423 0.00100574
2 0.650624 0.914681 0.397433 0.170639 0.00100318
0 0.898813 0.620752 0.202375 0.527126 0.00099692
0 0.12942 0.26579 0.258841 0.359025 0.000993334
1 0.928415 0.789 0.14317 0.422001 0.000989458
0 0.518697 0.172031 0.200146 0.306628 0.000987038
0 0.857176 0.697803 0.285648 0.364512 0.000984742
0 0.152428 0.105479 0.304856 0.210959 0.000983495
2 0.942831 0.939111 0.114339 0.112822 0.00097236
0 0.0769322 0.636609 0.151999 0.506295 0.000971427
0 0.460229 0.11812 0.431019 0.232607 0.000970867
0 0.0684078 0.474497 0.136816 0.53277 0.000962931
0 0.603413 0.00839657 0.392026 0.0167931 0.000962679
0 0.778971 0.111875 0.416033 0.22375 0.000961779
0 0.168877 0.149474 0.337755 0.298948 0.000960459
0 0.576209 0.198133 0.238377 0.322257 0.00095568
2 0.926443 0.0970147 0.147114 0.194029 0.000954469
0 0.0798274 0.733922 0.15781 0.532156 0.000954316
2 0.973367 0.39067 0.0531734 0.781341 0.00095339
0 0.677079 0.244817 0.330696 0.42004 0.000950072
1 0.432357 0.85573 0.579085 0.28854 0.000948576
1 0.628442 0.812277 0.241804 0.375051 0.000942044
0 0.626909 0.397112 0.284557 0.384256 0.000940766
0 0.687153 0.195697 0.394051 0.391393 0.000938201
0 0.804844 0.399993 0.165651 0.202346 0.000935958
0 0.766007 0.996721 0.467986 0.0065589 0.00093584
1 0.846819 0.175394 0.306362 0.350789 0.000935304
0 0.280319 0.744702 0.265468 0.401381 0.000934337
0 0.938964 0.838966 0.122072 0.322068 0.000931887
0 0.886458 0.832187 0.225994 0.32585 0.000931713
1 0.942934 0.487533 0.113713 0.706947 0.000930144
0 0.131675 0.139664 0.26335 0.279329 0.000929181
0 0.743173 0.277444 0.173474 0.396429 0.000928672
0 0.7984 0.591236 0.4032 0.511553 0.000927956
0 0.0853765 0.340887 0.170753 0.268076 0.000927788
0 0.986465 0.572804 0.0269276 0.323644 0.000926062
0 0.810593 0.736896 0.378814 0.296981 0.000925627
0 0.164917 0.990963 0.329834 0.0180744 0.00092474
0 0.833581 0.321899 0.332838 0.474805 0.00092465
1 0.928358 0.423488 0.143275 0.726149 0.000918528
0 0.756061 0.62715 0.474417 0.489443 0.000916308
0 0.282146 0.193043 0.430215 0.273573 0.000916196
0 0.917893 0.521101 0.164215 0.58099 0.000915592
0 0.977776 0.563023 0.0444481 0.70175 0.000913668
0 0.717197 0.420492 0.213546 0.327912 0.000912893
0 0.260289 0.992871 0.520578 0.0142573 0.000910241
0 0.646522 0.851648 0.229798 0.296704 0.000909234
0 0.840586 0.104342 0.31816 0.208685 0.00090645
0 0.744291 0.125977 0.511419 0.251955 0.000903954
2 0.70096 0.925521 0.59808 0.148957 0.000901477
0 0.563571 0.358956 0.279764 0.61376 0.000894043
0 0.500695 0.988057 0.55027 0.0238866 0.000893356
0 0.889814 0.404419 0.220372 0.567562 0.00089328
0 0.802776 0.704611 0.394449 0.423185 0.000882859
2 0.926046 0.000162944 0.147907 0.000325888 0.000880994
0 0.788662 0.995649 0.422676 0.00870142 0.000879968
0 0.846192 0.38703 0.301004 0.370392 0.000879259
1 0.0929291 0.00712158 0.185858 0.0142432 0.00087694
0 0.588855 0.992637 0.316881 0.0147265 0.00087366
0 0.212471 0.760346 0.165473 0.292341 0.000873101
1 0.37577 0.881051 0.578467 0.237897 0.000873044
0 0.85026 0.0309071 0.298464 0.0618142 0.000872439
0 0.825651 0.537554 0.348698 0.476164 0.000871539
0 0.87235 0.00324885 0.254319 0.00649771 0.00087138
0 0.702381 0.378473 0.233771 0.246076 0.00087014
1 0.901437 0.221576 0.197126 0.443152 0.000868288
0 0.61758 0.163639 0.318113 0.320102 0.000868019
0 0.524698 0.990968 0.403475 0.0180648 0.000867718
0 0.186028 0.542319 0.372056 0.506798 0.000866378
0 0.574309 0.0813401 0.614331 0.16268 0.000866002
0 0.0670189 0.783851 0.133652 0.432298 0.000865072
0 0.646954 0.0127244 0.406365 0.0254488 0.000862152
0 0.521267 0.00500784 0.358352 0.0100157 0.000861906
0 0.118171 0.994051 0.236341 0.0118983 0.000861748
0 0.954929 0.643214 0.0901423 0.651562 0.000860039
0 0.172645 0.00310062 0.34529 0.00620123 0.000854554
0 0.658603 0.861414 0.326657 0.277172 0.000853693
0 0.81866 0.316182 0.274323 0.408846 0.00084958
0 0.673137 0.884055 0.394663 0.224129 0.000848985
0 0.244106 0.560943 0.279078 0.579508 0.00084898
0 0.544727 0.765089 0.308637 0.439068 0.000848001
1 0.797309 0.207262 0.405382 0.414524 0.000847274
1 0.879452 0.0332649 0.241096 0.0665297 0.00084625
1 0.854359 0.00455258 0.291282 0.00910517 0.000841096
0 0.190975 0.620435 0.38195 0.442373 0.000837584
1 0.89397 0.161563 0.212059 0.323125 0.000837407
0 0.0924487 0.995334 0.184897 0.00933191 0.000834379
0 0.934083 0.702603 0.131834 0.594794 0.000833031
0 0.777479 0.882968 0.445042 0.227594 0.000832012
1 0.893214 0.324577 0.213571 0.649155 0.00083165
0 0.640342 0.208712 0.302177 0.350416 0.000829709
0 0.67409 0.824987 0.177273 0.319651 0.00082945
0 0.753547 0.239008 0.306156 0.468294 0.000827128
0 0.193858 0.802588 0.123844 0.356362 0.000826924
0 0.220011 0.794178 0.177948 0.394291 0.000826812
0 0.578774 0.403368 0.329849 0.416358 0.000826799
0 0.983432 0.543712 0.0329124 0.374266 0.000826762
0 0.0649261 0.720871 0.129852 0.558258 0.000826428
1 0.287373 0.761114 0.282476 0.385729 0.000825077
0 0.87731 0.996364 0.243063 0.00727277 0.000824073
2 0.939514 0.969026 0.120972 0.0619483 0.000822745
0 0.65536 0.345973 0.258388 0.252247 0.000821368
0 0.274159 0.613547 0.224625 0.505773 0.000821148
1 0.834364 0.00668952 0.331273 0.013379 0.000820348
0 0.374702 0.00445663 0.329721 0.00891326 0.000820298
0 0.526201 0.156237 0.313513 0.22857 0.000819796
0 0.746093 0.772872 0.507813 0.321723 0.000816805
0 0.656291 0.783814 0.242738 0.378101 0.000816429
0 0.139574 0.805722 0.192713 0.388555 0.000812071
0 0.521126 0.316021 0.188032 0.528336 0.000812032
0 0.633489 0.294682 0.345499 0.48873 0.000808873
0 0.213626 0.211121 0.211541 0.203901 0.00080791
2 0.68899 0.920494 0.504707 0.159012 0.00080724
0 0.237079 0.845523 0.209806 0.292766 0.000807146
0 0.179321 0.788192 0.0896026 0.237773 0.00080709
0 0.211419 0.00522537 0.414705 0.0104507 0.000806702
0 0.107308 0.10385 0.214616 0.207699 0.000806242
2 0.521136 0.988984 0.36953 0.0220316 0.00080498
0 0.824312 0.995879 0.341512 0.00824127 0.000804945
0 0.73756 0.861004 0.418916 0.277992 0.000803028
2 0.572179 0.698844 0.316411 0.443383 0.000802488
0 0.745551 0.900048 0.440767 0.199905 0.00079922
0 0.927802 0.588249 0.144395 0.523037 0.000798695
2 0.948035 0.918807 0.103931 0.143113 0.000797226
2 0.172664 0.898515 0.345329 0.20297 0.000795162
0 0.737221 0.0476557 0.412261 0.0953115 0.000793914
0 0.781352 0.0320616 0.363168 0.0641232 0.000793345
0 0.820385 0.00699208 0.35923 0.0139842 0.000791835
0 0.627046 0.770653 0.28315 0.435607 0.000791544
0 0.50833 0.775638 0.206231 0.253595 0.000791478
0 0.476357 0.758223 0.161641 0.241525 0.000788613
0 0.7236 0.219037 0.5528 0.438073 0.0007882
0 0.301928 0.668787 0.258052 0.384422 0.000787257
2 0.839406 0.434768 0.321188 0.249505 0.000786915
0 0.272793 0.23658 0.241083 0.273464 0.000785211
2 0.185214 0.982947 0.293748 0.0341056 0.00078405
0 0.786488 0.402847 0.191036 0.301702 0.000783774
0 0.194499 0.858724 0.343446 0.282553 0.000783299
0 0.705985 0.83578 0.463618 0.32844 0.000783109
2 0.565309 0.217272 0.302793 0.37073 0.000782105
0 0.240195 0.00973718 0.409718 0.0194744 0.000781936
0 0.632876 0.889186 0.273978 0.2119 0.000780504
1 0.743994 0.00838243 0.467663 0.0167649 0.000780051
2 0.873189 0.290966 0.253622 0.581933 0.000779903
2 0.644526 0.734767 0.391873 0.446299 0.000779687
2 0.914149 0.00284364 0.171331 0.00568728 0.000778678
0 0.670231 0.408042 0.244275 0.349872 0.00077826
0 0.143639 0.653447 0.287279 0.457797 0.000778162
