1 0.748723 0.421404 0.318828 0.296781 0.987579
0 0.95776 0.120637 0.0792149 0.0777893 0.0926077
2 0.958758 0.122326 0.0756231 0.0756215 0.0591214
0 0.959205 0.131965 0.0731589 0.0537607 0.0242461
0 0.968347 0.112161 0.059106 0.054549 0.0189612
0 0.977766 0.719094 0.0404144 0.036529 0.0183486
1 0.627251 0.354121 0.553948 0.43597 0.0139949
2 0.959425 0.132913 0.0730476 0.050307 0.0131144
0 0.949057 0.115542 0.0992764 0.0896316 0.0108824
1 0.50306 0.430343 0.993881 0.330307 0.00783042
0 0.970474 0.0976695 0.0527375 0.0236233 0.0077758
0 0.959846 0.1331 0.0803086 0.113839 0.00758104
1 0.74214 0.614136 0.365515 0.686844 0.00746062
1 0.745453 0.318018 0.354563 0.443145 0.00713799
1 0.785372 0.348819 0.403713 0.547537 0.00621253
1 0.5 0.489177 1 0.44096 0.00596708
0 0.581087 0.149084 0.0431373 0.0197902 0.00590541
1 0.772468 0.414993 0.455064 0.294262 0.00585738
1 0.505956 0.347429 0.827045 0.516976 0.00559703
0 0.930813 0.299963 0.0381849 0.0269875 0.00459738
0 0.957198 0.112144 0.0856032 0.0978747 0.00441961
2 0.698234 0.97042 0.505575 0.0591601 0.00441204
1 0.727579 0.267742 0.544842 0.531559 0.00435195
1 0.636457 0.282244 0.646721 0.544289 0.00408784
0 0.912747 0.143961 0.174506 0.14268 0.00405632
0 0.502319 0.26282 0.822186 0.518589 0.00388719
1 0.895613 0.198858 0.204563 0.395859 0.0038198
2 0.165635 0.642113 0.33127 0.706383 0.0037951
0 0.765969 0.0898189 0.468062 0.177791 0.00372553
1 0.856236 0.349082 0.287527 0.565474 0.00372368
1 0.653007 0.969503 0.503343 0.0609932 0.00369759
1 0.754023 0.447014 0.491955 0.382912 0.00368999
2 0.7334 0.960036 0.5332 0.0799282 0.00368972
0 0.493968 0.33831 0.757906 0.54011 0.00364942
2 0.508675 0.269981 0.97479 0.537645 0.00361741
0 0.835075 0.123339 0.32985 0.246678 0.00361145
0 0.903812 0.78179 0.192376 0.421865 0.00361062
1 0.905715 0.272987 0.180965 0.492537 0.00359856
2 0.462131 0.24053 0.688878 0.470011 0.00358031
1 0.913473 0.306443 0.173054 0.518374 0.00355251
2 0.153279 0.0551579 0.306557 0.110316 0.00354485
1 0.58334 0.239998 0.83332 0.479891 0.00354133
2 0.7266 0.922045 0.5468 0.153187 0.00352674
0 0.846213 0.751801 0.307574 0.462281 0.00350487
0 0.832182 0.0723725 0.335636 0.144745 0.00347398
0 0.92732 0.165986 0.14536 0.285895 0.00347257
1 0.903612 0.0797261 0.192776 0.159452 0.0034522
0 0.439782 0.0535463 0.74267 0.105159 0.00343062
2 0.119216 0.563456 0.238431 0.85476 0.00341536
1 0.468588 0.452674 0.937175 0.601378 0.00338879
1 0.87607 0.321306 0.247859 0.527995 0.00338631
2 0.704632 0.946041 0.513966 0.102228 0.0033761
1 0.770811 0.388013 0.458379 0.539486 0.00336857
0 0.916076 0.102058 0.167849 0.204117 0.00336333
0 0.498424 0.689451 0.872833 0.608674 0.00335101
1 0.786154 0.0696091 0.427693 0.139218 0.00334869
0 0.646318 0.0597132 0.707364 0.117314 0.00333528
0 0.181737 0.0533425 0.363474 0.106611 0.00333179
1 0.763261 0.620656 0.473478 0.748603 0.00330155
2 0.779283 0.650225 0.441435 0.683914 0.00329315
0 0.465822 0.739849 0.615629 0.497431 0.00327744
0 0.490421 0.770256 0.495661 0.406097 0.00325956
0 0.266669 0.052589 0.533337 0.101861 0.00323597
1 0.730159 0.596519 0.539682 0.688019 0.00323122
0 0.393171 0.707293 0.616724 0.572812 0.00321921
0 0.736337 0.612648 0.527327 0.759579 0.00321616
0 0.925596 0.249614 0.148808 0.455245 0.00320568
2 0.20826 0.584635 0.416519 0.794376 0.00319818
0 0.399598 0.0545982 0.492839 0.109196 0.00318213
1 0.0830486 0.0591048 0.166097 0.117798 0.00318119
2 0.728301 0.87835 0.543398 0.242515 0.00317847
0 0.123613 0.689085 0.247227 0.602515 0.00317397
0 0.38032 0.346503 0.607239 0.570011 0.00313515
2 0.19573 0.472232 0.39146 0.851497 0.00310559
0 0.476228 0.612531 0.952456 0.702985 0.00309881
0 0.4531 0.167648 0.748124 0.332814 0.00309769
0 0.430381 0.424805 0.738734 0.668178 0.00309721
0 0.454627 0.644486 0.682712 0.689261 0.0030943
0 0.374519 0.207598 0.631693 0.402914 0.00309053
2 0.769269 0.801564 0.461461 0.374915 0.00308229
2 0.904923 0.945369 0.190154 0.109262 0.00306097
0 0.127079 0.0545806 0.254158 0.105836 0.00305527
0 0.22522 0.127731 0.45044 0.252376 0.00304964
0 0.0777426 0.124562 0.155485 0.242587 0.00304905
0 0.390569 0.800258 0.587083 0.388254 0.0030445
2 0.0862746 0.584981 0.172549 0.817947 0.00304296
0 0.948575 0.73608 0.102849 0.494944 0.0030412
1 0.575724 0.9645 0.709987 0.0710009 0.00303371
0 0.766739 0.824699 0.466522 0.341345 0.00303161
0 0.974011 0.721191 0.0519775 0.0414265 0.00302633
0 0.622446 0.0569158 0.454759 0.113832 0.0030061
0 0.96679 0.770878 0.0664203 0.418719 0.00299069
2 0.545531 0.0546334 0.467565 0.109267 0.00295552
0 0.142028 0.141327 0.284056 0.281204 0.00295535
2 0.0944769 0.456664 0.188954 0.846062 0.00295269
0 0.545299 0.803383 0.615679 0.387058 0.00294265
0 0.206575 0.765033 0.41315 0.433723 0.00293534
2 0.630462 0.803769 0.619177 0.379642 0.00293534
1 0.910299 0.149747 0.179098 0.145389 0.0029106
0 0.269153 0.769187 0.444206 0.399676 0.00290824
0 0.260791 0.71162 0.492983 0.563136 0.00288855
0 0.214174 0.175786 0.428347 0.335933 0.00287629
0 0.331279 0.135933 0.630005 0.268954 0.0028632
2 0.155102 0.738912 0.310205 0.515088 0.00285975
0 0.0743201 0.45062 0.14864 0.841935 0.00283479
0 0.622877 0.769139 0.592651 0.396267 0.00281949
0 0.490457 0.514418 0.869709 0.761504 0.00281739
0 0.866672 0.831277 0.266657 0.334026 0.00280506
0 0.198086 0.41203 0.396172 0.774778 0.00280058
0 0.327897 0.622767 0.482 0.643509 0.00279358
0 0.722135 0.771369 0.535506 0.392593 0.0027907
0 0.309334 0.448218 0.556623 0.658343 0.00278972
2 0.67536 0.625892 0.64928 0.723319 0.00278761
0 0.315753 0.746893 0.486419 0.481477 0.00278056
0 0.0830265 0.247774 0.166053 0.49106 0.00277368
2 0.710985 0.833081 0.555496 0.319003 0.00277123
0 0.741671 0.424282 0.300751 0.29503 0.00275441
2 0.126374 0.776558 0.252748 0.446884 0.00273398
2 0.775964 0.899927 0.448072 0.196006 0.00272882
0 0.25078 0.821645 0.50156 0.347637 0.0027279
2 0.0957376 0.276611 0.191475 0.517985 0.00272517
0 0.9555 0.0876641 0.0870023 0.154697 0.00270099
0 0.630187 0.445826 0.0705488 0.0471773 0.00269283
0 0.0827166 0.831735 0.165433 0.33653 0.00269088
0 0.254137 0.376431 0.508274 0.630853 0.00267417
2 0.199791 0.225477 0.399582 0.402777 0.00267189
2 0.316598 0.226681 0.572555 0.370153 0.00266896
0 0.122317 0.180895 0.244633 0.350283 0.00265853
2 0.963204 0.856688 0.0735918 0.286623 0.00264764
2 0.308706 0.879889 0.520458 0.240222 0.00264677
0 0.969466 0.828255 0.0610672 0.343491 0.00264185
0 0.595958 0.609517 0.802357 0.750412 0.00262703
0 0.458366 0.828695 0.62713 0.339247 0.00262266
1 0.912906 0.117022 0.172716 0.0872318 0.00261913
0 0.103362 0.796272 0.206723 0.407456 0.00261738
2 0.935396 0.896838 0.129209 0.206323 0.00261012
0 0.0738788 0.906914 0.147758 0.186173 0.00260917
2 0.809836 0.872084 0.380328 0.255833 0.00260644
0 0.243548 0.595111 0.476283 0.738306 0.00259697
2 0.587581 0.911788 0.675958 0.168932 0.00259642
0 0.0720871 0.870014 0.144174 0.259971 0.0025806
2 0.255206 0.206324 0.510412 0.339604 0.00257661
2 0.53673 0.826204 0.658895 0.333761 0.00253307
2 0.508447 0.94897 0.769239 0.102059 0.00253226
2 0.189883 0.871444 0.379766 0.257112 0.00252731
0 0.391523 0.868849 0.0296556 0.0208351 0.00248153
0 0.42042 0.889907 0.640458 0.220187 0.00246188
2 0.467102 0.873051 0.674253 0.253897 0.00244158
2 0.31016 0.959059 0.461759 0.0818818 0.00238617
2 0.165073 0.894253 0.330147 0.211481 0.00237487
2 0.125101 0.854984 0.250202 0.290032 0.00237457
0 0.017936 0.917413 0.035872 0.165175 0.00236391
2 0.225463 0.95338 0.418229 0.09324 0.00231434
2 0.165484 0.943953 0.330969 0.112094 0.00225746
2 0.119785 0.907464 0.23957 0.185071 0.00224501
0 0.0187022 0.911156 0.0367878 0.0464754 0.00216099
0 0.945602 0.303711 0.0686442 0.0391308 0.00213589
0 0.121326 0.875743 0.242652 0.248513 0.00212472
0 0.696255 0.482927 0.214104 0.147003 0.0020542
0 0.919704 0.0828548 0.160593 0.16571 0.00201437
0 0.973744 0.721274 0.0525113 0.0588925 0.00189129
1 0.568272 0.953908 0.311889 0.0907104 0.00188928
0 0.581856 0.143949 0.0429875 0.0290727 0.00184764
2 0.959419 0.106 0.0783755 0.0439451 0.00183977
1 0.957784 0.127169 0.0844321 0.16775 0.00178693
2 0.629508 0.446673 0.0687 0.0478939 0.00173114
1 0.906554 0.0881367 0.184924 0.149217 0.00172501
0 0.581794 0.95128 0.254041 0.0955192 0.00167844
2 0.131493 0.115342 0.262987 0.230685 0.00165798
0 0.750696 0.365781 0.292365 0.18259 0.00163231
0 0.710091 0.455089 0.245169 0.214794 0.00159944
1 0.0959126 0.113275 0.191825 0.224381 0.00158589
0 0.931934 0.302129 0.0457844 0.0354585 0.00138229
0 0.879279 0.82463 0.0946418 0.0620833 0.00137364
2 0.0500646 0.0333861 0.100129 0.0667721 0.00133471
0 0.741205 0.335603 0.262136 0.122012 0.00132373
0 0.955288 0.340939 0.0894237 0.126288 0.00129497
2 0.953811 0.0898124 0.0923784 0.179625 0.00128633
1 0.695127 0.486616 0.219552 0.153549 0.00127409
1 0.635455 0.950544 0.638295 0.0983035 0.00127248
2 0.0358132 0.183531 0.0716263 0.367062 0.00126688
0 0.799384 0.332656 0.221491 0.115642 0.00126478
2 0.0488463 0.156011 0.0976926 0.312022 0.00126349
0 0.529121 0.954208 0.259152 0.0915849 0.00124919
0 0.52433 0.0236136 0.0317546 0.018404 0.00122269
2 0.967414 0.0381629 0.0651719 0.0763258 0.00122189
0 0.972682 0.092126 0.049823 0.0264915 0.00121433
0 0.0200493 0.8994 0.0331294 0.0217941 0.00121417
0 0.49434 0.0151159 0.205193 0.0302306 0.0012081
0 0.523462 0.930469 0.350741 0.138585 0.00120744
0 0.673607 0.353682 0.12381 0.145207 0.00119827
2 0.703851 0.482225 0.236758 0.163821 0.001198
2 0.951863 0.847141 0.0962731 0.305717 0.00119092
0 0.536729 0.0146099 0.180881 0.0292198 0.00118824
2 0.178583 0.0447164 0.357166 0.0894328 0.00117885
2 0.659291 0.0454257 0.410291 0.0898943 0.00117868
2 0.0753238 0.077414 0.150648 0.154828 0.0011572
0 0.886422 0.821343 0.0539332 0.0353878 0.00115494
2 0.985264 0.77588 0.0294721 0.254109 0.00115016
2 0.632925 0.0121807 0.250618 0.0243613 0.00114239
2 0.135025 0.0140115 0.270051 0.0280229 0.00114204
0 0.718538 0.37746 0.220916 0.20378 0.00113853
1 0.911926 0.80815 0.176148 0.292173 0.00112973
2 0.968177 0.734045 0.0636458 0.113941 0.00112759
1 0.592313 0.957904 0.466979 0.084193 0.00112713
2 0.0378732 0.0633764 0.0757464 0.126753 0.00112677
2 0.976848 0.725762 0.0463042 0.13026 0.00112501
2 0.987502 0.807767 0.0249952 0.304228 0.001125
2 0.576868 0.0391118 0.291925 0.07721 0.00112281
2 0.559013 0.0143424 0.21268 0.0286849 0.0011219
2 0.0846719 0.0535423 0.169344 0.106456 0.00112098
0 0.0882127 0.919047 0.176425 0.157886 0.00112057
2 0.22275 0.0492007 0.421668 0.0984014 0.0011158
2 0.0227701 0.887342 0.0455403 0.225316 0.00111027
2 0.96005 0.824657 0.0798998 0.288717 0.00110626
2 0.937496 0.929495 0.122184 0.138177 0.0011034
2 0.248009 0.0135236 0.232931 0.0270473 0.00110314
2 0.0798198 0.118943 0.15964 0.236655 0.00110247
2 0.0824677 0.502927 0.164935 0.245035 0.0010995
0 0.69704 0.415703 0.21117 0.21385 0.00109485
0 0.889296 0.0790616 0.220191 0.158123 0.00107555
0 0.921532 0.481073 0.0400167 0.0234239 0.00107028
2 0.740059 0.0472492 0.420112 0.0935393 0.0010699
2 0.0141192 0.190511 0.0282384 0.381023 0.00106974
1 0.392517 0.926305 0.389014 0.14739 0.00106472
2 0.0232385 0.182204 0.0464769 0.364409 0.00105887
1 0.477624 0.949645 0.568959 0.0993763 0.00104813
0 0.397743 0.867642 0.0427112 0.0262874 0.00104648
2 0.978597 0.744551 0.0428056 0.181823 0.00104384
2 0.595917 0.0132667 0.248932 0.0265333 0.00104208
2 0.0103605 0.725291 0.0207211 0.549419 0.00103753
2 0.166838 0.0736764 0.333675 0.147236 0.00103659
2 0.312574 0.0486504 0.453097 0.0973008 0.00103447
2 0.0749486 0.0188049 0.149897 0.0376098 0.00103094
2 0.54659 0.0333024 0.255858 0.0654019 0.00103034
0 0.44174 0.0137635 0.264811 0.027527 0.00102952
0 0.707321 0.936847 0.548534 0.126306 0.00102941
2 0.708073 0.0125252 0.243725 0.0250504 0.00102648
2 0.26444 0.0687924 0.288909 0.137161 0.00102647
2 0.0327327 0.792334 0.0654654 0.415331 0.0010237
1 0.0807695 0.948119 0.161539 0.103761 0.00102343
0 0.895196 0.0126787 0.209607 0.0253575 0.00102023
2 0.12049 0.979075 0.220973 0.041849 0.00101652
1 0.949523 0.157545 0.100954 0.141932 0.00101562
2 0.101632 0.968163 0.203264 0.0636744 0.00101483
2 0.93657 0.903164 0.125787 0.193672 0.00100653
2 0.941796 0.0785082 0.116408 0.157016 0.00100303
1 0.8487 0.932562 0.302451 0.134876 0.00100284
2 0.748786 0.0129296 0.232147 0.0258592 0.00100088
2 0.00954264 0.444302 0.0190853 0.606147 0.0010007
0 0.897235 0.233502 0.20553 0.2902 0.000998954
2 0.818163 0.0482894 0.359733 0.094576 0.000998517
2 0.0779682 0.886694 0.155936 0.208792 0.000995597
0 0.633067 0.95109 0.387857 0.0962036 0.000994299
2 0.646022 0.0688574 0.30113 0.133574 0.000991426
0 0.0798319 0.885576 0.159664 0.210411 0.000991188
2 0.104908 0.0142492 0.209816 0.0284984 0.000990961
1 0.0924585 0.929193 0.184917 0.138356 0.000989533
2 0.580223 0.147743 0.0493057 0.0402778 0.000987578
2 0.0927687 0.43898 0.185537 0.329567 0.000987312
2 0.959992 0.884346 0.0800167 0.231309 0.000985706
2 0.0224123 0.854921 0.0448245 0.290158 0.000985422
1 0.672521 0.940954 0.495376 0.118093 0.000984169
2 0.14949 0.982784 0.214734 0.034432 0.000983906
2 0.0880524 0.974456 0.161766 0.0510876 0.000982261
2 0.78967 0.0129496 0.231961 0.0258993 0.000980241
2 0.384048 0.0460801 0.464789 0.0917133 0.000980088
2 0.58786 0.0633288 0.221596 0.12307 0.000977675
2 0.327655 0.0710641 0.345769 0.141922 0.000974293
1 0.129657 0.128965 0.259315 0.256158 0.000973871
2 0.0802036 0.459308 0.160407 0.212744 0.000967196
0 0.477756 0.95367 0.385535 0.0926602 0.000966823
0 0.821203 0.0127119 0.230505 0.0254239 0.000966573
2 0.983463 0.838051 0.033074 0.323899 0.000957722
2 0.969686 0.368886 0.0606287 0.196148 0.000957341
0 0.976589 0.720927 0.0468213 0.0693738 0.000957082
0 0.917902 0.8566 0.161042 0.239319 0.000956933
2 0.081918 0.665938 0.163836 0.286824 0.000955844
2 0.984652 0.965461 0.0306956 0.0690785 0.000954476
1 0.48593 0.92452 0.310223 0.149558 0.000953715
2 0.0924967 0.935428 0.184993 0.126146 0.000952398
1 0.902571 0.931496 0.194859 0.133453 0.000952025
2 0.0114937 0.543043 0.0229873 0.607338 0.000950862
2 0.786677 0.595012 0.272883 0.213499 0.00095002
1 0.18611 0.933491 0.303329 0.130473 0.000949164
2 0.0808052 0.274527 0.16161 0.248682 0.00094823
0 0.954578 0.414433 0.0908433 0.303372 0.000946585
1 0.912927 0.0889885 0.174147 0.177977 0.000945542
2 0.0181339 0.841842 0.0362678 0.316315 0.000944476
2 0.744235 0.565691 0.327931 0.216333 0.000944008
2 0.471703 0.0296144 0.395958 0.0576463 0.000942615
2 0.320302 0.0130901 0.279687 0.0261803 0.000938994
2 0.0209074 0.761875 0.0418148 0.47625 0.000938504
0 0.0269709 0.904368 0.0539419 0.0789175 0.000936907
2 0.722047 0.593326 0.273395 0.200031 0.000934563
0 0.86257 0.829118 0.116408 0.0633966 0.000933292
2 0.778254 0.511102 0.421807 0.157914 0.000931606
0 0.687446 0.91673 0.460961 0.166541 0.00092975
2 0.0904736 0.354449 0.180947 0.333037 0.000927287
2 0.94715 0.922848 0.1057 0.152329 0.000926202
