1 0.618145 0.6398 0.401777 0.609796 0.97749
1 0.41812 0.636511 0.836239 0.632439 0.0126563
1 0.617099 0.813177 0.360859 0.239622 0.00751169
1 0.618718 0.535202 0.393964 0.410577 0.00576793
1 0.710222 0.674817 0.579555 0.585912 0.00565324
1 0.950729 0.564044 0.0975685 0.808804 0.00560479
2 0.412324 0.435462 0.806201 0.870925 0.00532957
1 0.566683 0.778353 0.23873 0.325895 0.004824
1 0.632475 0.738422 0.37213 0.451683 0.00476084
2 0.755075 0.0282932 0.338481 0.0565864 0.00458607
0 0.520954 0.449325 0.614851 0.898649 0.00458197
2 0.705951 0.0195938 0.357134 0.0391877 0.00455531
2 0.168643 0.0126704 0.337285 0.0253407 0.00443905
2 0.634818 0.0169125 0.379003 0.0338249 0.00423309
2 0.803361 0.0353322 0.314522 0.0706645 0.00421562
2 0.344334 0.430384 0.565575 0.854293 0.00415673
1 0.954692 0.663407 0.0896034 0.624498 0.0041177
1 0.829754 0.515328 0.335452 0.914018 0.00408974
2 0.244739 0.0194696 0.406379 0.0389393 0.00401042
1 0.784228 0.587737 0.427379 0.818623 0.00398066
1 0.551581 0.800934 0.201565 0.267237 0.00397338
2 0.844693 0.0436779 0.273909 0.0873558 0.00393281
2 0.299917 0.0256742 0.396116 0.0513484 0.00383623
2 0.19132 0.0569773 0.363408 0.113955 0.00382299
2 0.532981 0.0192599 0.370188 0.0385197 0.00378427
2 0.413921 0.0266893 0.371935 0.0533786 0.00376174
2 0.733811 0.059498 0.394114 0.118996 0.00376021
0 0.325844 0.0592038 0.408686 0.118408 0.00370275
2 0.470724 0.0235097 0.382028 0.0470195 0.0036992
0 0.923338 0.364191 0.151376 0.649407 0.00368026
0 0.226784 0.0576346 0.402235 0.115269 0.00363563
0 0.943332 0.47728 0.112957 0.84745 0.00362833
1 0.641319 0.607983 0.35401 0.474987 0.0036027
0 0.90301 0.279175 0.191119 0.552427 0.00360253
2 0.571689 0.475759 0.805351 0.90849 0.00359082
1 0.0438284 0.570005 0.0850867 0.768669 0.00358087
2 0.798276 0.0601938 0.357606 0.120388 0.00355898
2 0.616437 0.0600979 0.497982 0.120196 0.00353483
2 0.135423 0.0559167 0.270846 0.111833 0.00353306
1 0.955928 0.369753 0.0863731 0.663538 0.00349262
2 0.128571 0.892319 0.254078 0.215362 0.00343289
0 0.378642 0.543759 0.756803 0.8563 0.0033605
0 0.855009 0.474132 0.284995 0.914483 0.00334847
0 0.485946 0.198032 0.892769 0.396064 0.00332138
1 0.463446 0.516616 0.697867 0.789259 0.00332104
2 0.0486606 0.58784 0.0942318 0.768272 0.00330679
2 0.953591 0.2919 0.0905064 0.5838 0.00328501
2 0.166502 0.853574 0.313073 0.292853 0.00328495
0 0.94117 0.249132 0.11766 0.498263 0.00328049
2 0.592253 0.338738 0.795972 0.677475 0.00327044
2 0.71903 0.703103 0.561941 0.560469 0.00326975
0 0.876364 0.376339 0.244034 0.714188 0.00326236
0 0.515072 0.147623 0.907032 0.295245 0.00326188
0 0.518456 0.0610557 0.452835 0.122111 0.00323741
0 0.233558 0.123761 0.426524 0.247522 0.00323606
0 0.916699 0.162146 0.166603 0.324292 0.00322803
2 0.213789 0.984989 0.327622 0.0300218 0.00321842
0 0.86859 0.0870043 0.257739 0.174009 0.00321731
2 0.126895 0.0238625 0.25379 0.047725 0.00320648
0 0.376089 0.168231 0.570056 0.336462 0.00319715
2 0.122951 0.542527 0.244161 0.855762 0.00319445
0 0.431417 0.0609641 0.463352 0.121928 0.00318876
0 0.92535 0.0606784 0.149301 0.121357 0.00318062
0 0.870579 0.049605 0.233481 0.09921 0.0031802
0 0.179339 0.113288 0.351749 0.226576 0.00316353
2 0.207375 0.891013 0.351795 0.214848 0.00315974
2 0.128622 0.98373 0.251777 0.0325406 0.00315865
0 0.276794 0.150224 0.483518 0.300449 0.00315429
1 0.734054 0.979054 0.460788 0.0418912 0.00311842
0 0.851908 0.206182 0.296184 0.412364 0.00310544
1 0.823334 0.982318 0.32842 0.0353646 0.00310473
0 0.282601 0.573024 0.554493 0.793798 0.0030976
2 0.317676 0.273415 0.515354 0.54683 0.00307259
2 0.681657 0.615127 0.525701 0.665446 0.00303854
0 0.0840065 0.124683 0.167358 0.249365 0.00298199
0 0.0892743 0.0435825 0.178549 0.087165 0.00296376
0 0.1237 0.512529 0.247401 0.889992 0.00294659
2 0.554539 0.504925 0.571644 0.8486 0.00294336
0 0.691016 0.507471 0.617967 0.87337 0.00292423
2 0.651218 0.122629 0.687444 0.245258 0.00290632
0 0.781233 0.168031 0.437533 0.336062 0.00290331
2 0.252968 0.234982 0.45125 0.469965 0.00288672
0 0.143618 0.195915 0.287237 0.387844 0.00288621
0 0.955775 0.737119 0.0868634 0.525763 0.00287116
2 0.134275 0.776058 0.26855 0.447885 0.00286995
0 0.149356 0.626707 0.298712 0.720704 0.00286772
2 0.238281 0.358882 0.421248 0.666822 0.00286724
0 0.216451 0.594969 0.41545 0.740132 0.00286202
2 0.752288 0.267869 0.495425 0.529189 0.00286062
0 0.500944 0.677471 0.723831 0.579127 0.00285954
2 0.145922 0.705354 0.291845 0.589292 0.0028558
2 0.940042 0.963356 0.119915 0.0732873 0.00285326
0 0.224109 0.215951 0.408171 0.430098 0.00284016
1 0.135147 0.577251 0.270294 0.823343 0.00283629
0 0.699208 0.833753 0.5569 0.316518 0.0028271
0 0.0540012 0.0809809 0.108002 0.161962 0.00281512
2 0.0889435 0.838895 0.174378 0.32221 0.00280925
1 0.674776 0.973084 0.500029 0.0538312 0.00279992
1 0.876768 0.98398 0.246464 0.0320394 0.00279853
0 0.250083 0.473866 0.455434 0.900137 0.00279043
2 0.0489654 0.449369 0.0937907 0.726763 0.00278693
2 0.738188 0.581679 0.523624 0.752663 0.00278451
1 0.0852554 0.587199 0.165253 0.809377 0.00276971
0 0.745335 0.865745 0.506748 0.262239 0.00275885
0 0.531921 0.827266 0.238403 0.240727 0.00275733
0 0.173536 0.238962 0.347072 0.388558 0.00275467
0 0.216663 0.420437 0.393086 0.687678 0.00273606
0 0.177185 0.68942 0.342063 0.570654 0.00273377
0 0.0590225 0.194685 0.115632 0.378359 0.00273316
2 0.0502937 0.240936 0.0972971 0.396562 0.00271876
0 0.170445 0.353151 0.337567 0.52152 0.00271521
1 0.0702196 0.913661 0.140439 0.172678 0.00270855
0 0.0482371 0.232843 0.0964742 0.465686 0.00269769
0 0.0448209 0.30368 0.0896419 0.607359 0.00269613
2 0.0954023 0.97548 0.189073 0.0490398 0.00269379
0 0.904272 0.877791 0.187434 0.244419 0.00269155
2 0.953672 0.863253 0.0925388 0.273494 0.00269119
0 0.904001 0.981253 0.191546 0.0374939 0.00268312
0 0.939816 0.720247 0.120367 0.559507 0.00267182
0 0.0601856 0.637727 0.120371 0.714097 0.0026685
0 0.484493 0.869531 0.637527 0.260938 0.00263927
0 0.915765 0.811047 0.166202 0.36284 0.00262959
0 0.449497 0.958992 0.637813 0.0820161 0.00262566
2 0.304215 0.982629 0.401635 0.0347413 0.00261114
2 0.102961 0.720785 0.204802 0.558429 0.00260955
0 0.754795 0.616267 0.48874 0.681179 0.00260931
0 0.63864 0.771721 0.545262 0.432439 0.00256991
0 0.440434 0.829293 0.724466 0.320365 0.00256713
2 0.255645 0.839231 0.390056 0.308839 0.00255772
2 0.0543718 0.750125 0.108744 0.499749 0.0025478
2 0.64613 0.631941 0.388794 0.627372 0.00253058
2 0.0572109 0.856248 0.114319 0.287504 0.00251484
0 0.324816 0.870612 0.475942 0.251676 0.00250748
0 0.22661 0.725206 0.450032 0.547264 0.0024994
0 0.77639 0.743712 0.447221 0.488369 0.00249882
0 0.408 0.97706 0.575227 0.0458793 0.00249072
2 0.83454 0.873348 0.330919 0.251583 0.00248159
0 0.523562 0.778469 0.655546 0.409729 0.00247211
0 0.629077 0.969399 0.538059 0.0612022 0.00245882
0 0.283864 0.778742 0.463973 0.435946 0.00243934
2 0.456726 0.792618 0.675458 0.372419 0.00242558
0 0.221891 0.797138 0.412211 0.402217 0.00240018
0 0.539659 0.907494 0.578187 0.185012 0.00239856
0 0.410982 0.730273 0.631996 0.539454 0.00238243
2 0.649326 0.595493 0.339238 0.487646 0.00232904
0 0.574099 0.951528 0.533272 0.0969442 0.00224898
0 0.532885 0.802839 0.147565 0.254414 0.00191761
1 0.70151 0.598288 0.226169 0.336083 0.00171777
0 0.547456 0.609222 0.244936 0.51707 0.00153342
2 0.0378496 0.459459 0.074541 0.624716 0.00148612
2 0.029266 0.443679 0.0573963 0.253788 0.0013771
2 0.0713621 0.146667 0.142724 0.293334 0.00131265
0 0.732742 0.50304 0.166758 0.132605 0.00127019
0 0.969108 0.712346 0.0617844 0.184745 0.00126794
2 0.931712 0.00137493 0.136575 0.00274987 0.00120716
0 0.555658 0.740183 0.198261 0.399875 0.00120498
2 0.089415 0.289969 0.17883 0.209755 0.00119858
2 0.0334756 0.591548 0.0657712 0.735278 0.00119595
2 0.0336163 0.495213 0.0666651 0.36343 0.00119279
2 0.0510655 0.43783 0.102131 0.240975 0.00118501
2 0.972861 0.229846 0.0542777 0.227484 0.00118259
2 0.968972 0.953723 0.0620557 0.0874519 0.00115249
2 0.977356 0.582547 0.0452873 0.348293 0.00115079
2 0.0687008 0.282018 0.137402 0.26171 0.00114106
0 0.503494 0.444212 0.151802 0.213174 0.00113935
2 0.0668053 0.239312 0.132192 0.478624 0.00112973
0 0.96136 0.88898 0.077281 0.181545 0.00112712
2 0.971082 0.314428 0.0578356 0.370872 0.00111868
2 0.969737 0.178859 0.0605262 0.213255 0.00111327
2 0.0720626 0.226253 0.144125 0.452506 0.00111326
0 0.498973 0.403703 0.142712 0.132585 0.00111316
2 0.975295 0.567412 0.0494093 0.478074 0.00110594
0 0.468167 0.419747 0.0809513 0.164236 0.00110506
2 0.0363797 0.355762 0.0717272 0.402764 0.00110123
0 0.542058 0.505928 0.2331 0.332941 0.00110101
2 0.974464 0.452453 0.0510713 0.39995 0.00108554
0 0.506402 0.790064 0.141827 0.288639 0.00108501
2 0.0548722 0.503106 0.109744 0.34099 0.00108181
2 0.968156 0.773485 0.063689 0.295197 0.00107975
0 0.702849 0.103779 0.214713 0.200838 0.00107932
1 0.587988 0.59902 0.330198 0.442169 0.00107736
1 0.903144 0.0465242 0.193711 0.0930483 0.00107346
2 0.0606399 0.0887078 0.12128 0.177416 0.00107127
1 0.0727878 0.120249 0.144288 0.240498 0.00106821
2 0.954213 0.108554 0.091575 0.207722 0.00106094
1 0.652575 0.597206 0.301121 0.356451 0.00105959
2 0.966571 0.397693 0.0668577 0.502171 0.00105593
2 0.968352 0.695726 0.0632951 0.237203 0.00105096
0 0.493589 0.478226 0.13549 0.300117 0.00104953
2 0.965325 0.133362 0.0693508 0.224836 0.00104895
2 0.961034 0.868027 0.0779313 0.237105 0.00104635
1 0.125774 0.00379829 0.251549 0.00759657 0.0010409
2 0.0611418 0.318889 0.120675 0.637778 0.00103398
0 0.964018 0.723808 0.0711318 0.303584 0.00102976
1 0.920423 0.0378518 0.159153 0.0757036 0.00102931
2 0.97248 0.654714 0.0550404 0.438618 0.0010285
1 0.920323 0.0857076 0.157964 0.171415 0.00102729
0 0.290615 0.874939 0.135095 0.198365 0.00102684
0 0.741528 0.475909 0.15189 0.109709 0.00102501
2 0.0667366 0.383844 0.133473 0.359045 0.00102274
2 0.0370393 0.553952 0.0736753 0.369982 0.00101903
2 0.929541 0.0650945 0.140918 0.130189 0.00101885
0 0.535108 0.409562 0.153656 0.141705 0.00101674
2 0.0597592 0.283822 0.118434 0.443647 0.00101642
2 0.0797476 0.907831 0.159495 0.172937 0.00101581
2 0.963414 0.907927 0.0731725 0.158944 0.00101167
0 0.103153 0.699748 0.206307 0.379249 0.00100908
1 0.2152 0.00343224 0.4304 0.00686447 0.00100461
0 0.187841 0.00271481 0.375682 0.00542962 0.001004
2 0.956415 0.977707 0.0871702 0.0445859 0.000991732
2 0.939811 0.0857839 0.120379 0.158108 0.000989786
2 0.106218 0.288675 0.210486 0.281302 0.000988046
2 0.075265 0.629836 0.15053 0.356517 0.000987782
2 0.0494082 0.330813 0.097845 0.450008 0.000987328
2 0.0590519 0.573834 0.117301 0.325577 0.000985726
0 0.551775 0.679701 0.220074 0.451992 0.000982177
0 0.485371 0.51512 0.133624 0.407265 0.00098053
2 0.0906626 0.07413 0.181325 0.14826 0.000976731
0 0.263644 0.886747 0.190299 0.212059 0.00097632
0 0.517186 0.419974 0.183618 0.165514 0.00097524
2 0.965511 0.827684 0.0689783 0.344633 0.000974729
2 0.111439 0.167517 0.222877 0.335034 0.000971796
0 0.0248356 0.461826 0.0490705 0.204123 0.00096664
0 0.952515 0.871176 0.0935402 0.241379 0.000965884
2 0.145217 0.0029409 0.290433 0.0058818 0.000958985
2 0.0641978 0.788145 0.127223 0.42371 0.000958798
0 0.935771 0.882482 0.128458 0.212369 0.000958437
2 0.190324 0.479427 0.200759 0.230643 0.000958013
0 0.589681 0.844101 0.263095 0.222104 0.000955539
0 0.522878 0.64102 0.142828 0.401313 0.000952688
2 0.0779298 0.0507115 0.15586 0.101423 0.000950391
0 0.961264 0.794488 0.0767319 0.404869 0.000949436
2 0.106268 0.911233 0.160052 0.160715 0.000948349
0 0.522337 0.997847 0.273057 0.004305 0.000947671
0 0.560274 0.997409 0.254124 0.00518187 0.000946134
1 0.0822351 0.912178 0.16447 0.166182 0.000941066
0 0.594647 0.408517 0.157525 0.140834 0.000936386
1 0.941069 0.144421 0.1171 0.288843 0.000934747
0 0.735898 0.109813 0.297312 0.214055 0.000927377
1 0.878309 0.0779716 0.239953 0.150978 0.00092624
2 0.101933 0.353933 0.203867 0.32917 0.000924542
2 0.0560073 0.670981 0.111286 0.658038 0.000923142
2 0.112363 0.264854 0.224726 0.469265 0.000921719
2 0.251853 0.0765455 0.354828 0.14773 0.000917889
0 0.615483 0.394673 0.174511 0.156149 0.000917478
0 0.527689 0.458396 0.205292 0.241398 0.000917002
2 0.0892462 0.721909 0.178492 0.405131 0.000908838
1 0.922478 0 0.155044 0 0.000908228
0 0.495275 0.76079 0.158225 0.364168 0.000908034
0 0.621682 0.434055 0.187635 0.208989 0.000907872
2 0.0597609 0.106792 0.119522 0.213585 0.000907793
0 0.679455 0.136409 0.219286 0.272817 0.000906335
2 0.120251 0.498886 0.240503 0.325392 0.000903245
0 0.527223 0.724331 0.13947 0.333006 0.000900768
2 0.182774 0.453036 0.173599 0.202626 0.000900238
2 0.519335 0.0694211 0.283163 0.133392 0.000899791
2 0.114497 0.44727 0.228994 0.237015 0.000897952
0 0.157734 0.470094 0.176114 0.223117 0.000897739
1 0.543518 0.46471 0.240239 0.256732 0.00089598
2 0.851748 0.0709114 0.261269 0.137318 0.000892066
0 0.0723766 0.814749 0.143664 0.370503 0.000891977
2 0.799129 0.00213743 0.397648 0.00427485 0.000891509
1 0.945727 0.189742 0.10775 0.379485 0.000889454
0 0.600479 0.885868 0.414336 0.228265 0.000888386
0 0.702198 0.501952 0.218678 0.145244 0.000885611
0 0.494389 0.569337 0.138042 0.536035 0.000885342
0 0.480127 0.998607 0.229845 0.00278584 0.000884439
1 0.901375 0.0297531 0.197249 0.0595063 0.000882384
0 0.277097 0.832273 0.146229 0.231865 0.000880809
0 0.483489 0.402899 0.120156 0.205691 0.000876555
2 0.91559 0.505583 0.165648 0.244117 0.000874664
0 0.307701 0.887116 0.228896 0.212673 0.000873402
2 0.859253 0.0239231 0.256649 0.0478461 0.000872626
2 0.245829 0.609825 0.116727 0.160712 0.00087222
0 0.809281 0.00206959 0.381437 0.00413919 0.000870467
1 0.114901 0.0912457 0.229803 0.182491 0.000870133
0 0.116302 0.467464 0.232603 0.256384 0.000869237
2 0.256174 0.0341507 0.512349 0.0683014 0.000868941
2 0.650786 0.00316345 0.396225 0.0063269 0.000867852
0 0.324113 0.850471 0.208428 0.299057 0.000867379
0 0.242367 1 0.235884 0 0.000866315
2 0.951192 0.400925 0.0968725 0.513979 0.000865393
0 0.446172 0.999488 0.209176 0.00102498 0.000865025
0 0.161608 0.499147 0.184725 0.306591 0.000864284
0 0.344625 0.141608 0.169422 0.259197 0.000864177
2 0.126609 0.205944 0.253217 0.382031 0.000863573
2 0.0995445 0.110322 0.199089 0.220645 0.000863021
0 0.688654 1 0.211836 0 0.000862859
0 0.597865 0.998798 0.233205 0.00240466 0.000861485
2 0.32335 0.0771218 0.318511 0.150462 0.000860188
1 0.481561 0.138164 0.258214 0.262117 0.000859803
2 0.364455 0.00283727 0.491303 0.00567455 0.000858932
0 0.283075 1 0.226935 0 0.000856791
2 0.723781 0.0220225 0.385935 0.0440451 0.000854686
2 0.468215 0.140224 0.22178 0.276228 0.000854188
0 0.178841 0.894753 0.331327 0.209311 0.00085351
2 0.112834 0.419872 0.225667 0.430687 0.000852126
0 0.433389 0.877257 0.252684 0.245487 0.000850198
1 0.0754172 1 0.150004 0 0.000849902
0 0.659373 0.0753452 0.259941 0.145815 0.000849566
