1 0.598276 0.607685 0.803448 0.474428 0.989339
1 0.565834 0.691096 0.868332 0.617808 0.0364032
0 0.154549 0.277442 0.0550401 0.0520733 0.0339695
1 0.617088 0.740623 0.765823 0.501596 0.0273204
1 0.549571 0.696002 0.699142 0.305561 0.0164249
1 0.320271 0.45898 0.640542 0.917961 0.0123272
1 0.429689 0.669473 0.468535 0.351249 0.0123159
1 0.378312 0.621172 0.756625 0.757656 0.0111279
1 0.428423 0.763199 0.458212 0.169929 0.0106563
1 0.412881 0.720232 0.446584 0.255978 0.0104755
1 0.224499 0.440575 0.448999 0.881149 0.0103899
1 0.415167 0.608872 0.698799 0.544629 0.00928746
1 0.723111 0.747088 0.547762 0.505825 0.00816955
1 0.419907 0.611392 0.453449 0.486884 0.0079518
2 0.459917 0.388671 0.919835 0.777343 0.00793635
1 0.155426 0.464749 0.310852 0.929499 0.0078946
1 0.415815 0.389233 0.83163 0.778466 0.00737566
1 0.102666 0.432023 0.205333 0.848504 0.00640257
1 0.416779 0.693439 0.753302 0.613121 0.0060837
1 0.255743 0.568986 0.511487 0.861515 0.00583497
1 0.565549 0.433748 0.762823 0.787392 0.00557396
2 0.564772 0.428951 0.870456 0.857901 0.00536799
1 0.239433 0.036503 0.478866 0.073006 0.00487645
2 0.764953 0.058278 0.441962 0.116556 0.00409687
1 0.337001 0.0374344 0.65423 0.0748687 0.00401011
0 0.223528 0.0508261 0.447056 0.100308 0.00399056
1 0.154313 0.0469425 0.308626 0.0938849 0.00397696
0 0.62776 0.0547368 0.539115 0.109474 0.00394006
0 0.737546 0.0538433 0.524907 0.105364 0.00379493
2 0.710107 0.439584 0.579785 0.876564 0.00378394
0 0.388081 0.0515834 0.747357 0.101566 0.0037571
1 0.511062 0.534407 0.63021 0.496037 0.00362787
0 0.528719 0.0528549 0.623707 0.10571 0.00362053
1 0.16324 0.661068 0.32648 0.677864 0.00356734
0 0.818501 0.0546435 0.356042 0.109287 0.00354561
0 0.135454 0.0528144 0.270908 0.103474 0.00347263
1 0.780643 0.725529 0.438715 0.506808 0.00335742
1 0.0676601 0.42887 0.13532 0.78213 0.0033295
1 0.109091 0.606621 0.218181 0.786757 0.00331794
0 0.839418 0.442357 0.321164 0.746844 0.00329785
0 0.266692 0.0854678 0.533384 0.166185 0.00326611
0 0.0875798 0.0608508 0.17516 0.11682 0.00326442
1 0.121691 0.0567964 0.243382 0.112853 0.00325252
0 0.879946 0.0588359 0.240108 0.117672 0.00320847
1 0.411588 0.46338 0.634688 0.766464 0.00320618
0 0.437364 0.0947365 0.778415 0.184362 0.00315039
1 0.426679 0.492657 0.425263 0.598846 0.00311001
2 0.427477 0.684091 0.854954 0.631818 0.00307867
0 0.842712 0.06645 0.314576 0.131783 0.00307792
0 0.770677 0.146887 0.458647 0.289686 0.00307413
2 0.807101 0.191661 0.385798 0.363342 0.00302939
0 0.601975 0.0954356 0.786374 0.186306 0.00299622
2 0.936825 0.424981 0.12635 0.672473 0.00299097
0 0.697077 0.120725 0.605846 0.23709 0.00298157
2 0.48769 0.197858 0.804006 0.380352 0.00295677
2 0.515817 0.0880946 0.899406 0.172474 0.00294248
2 0.395547 0.353432 0.686547 0.676595 0.00294144
0 0.165709 0.101589 0.331418 0.200236 0.00293313
2 0.806598 0.316848 0.386804 0.596117 0.00290216
0 0.780136 0.640011 0.439727 0.352569 0.00286238
0 0.917746 0.182671 0.164507 0.365343 0.00285748
0 0.855146 0.206626 0.289034 0.379318 0.00284711
2 0.731235 0.188223 0.537529 0.360222 0.00283396
0 0.195415 0.396611 0.390831 0.774073 0.00282708
0 0.772614 0.626958 0.454772 0.508132 0.00281822
0 0.251104 0.173603 0.502209 0.316005 0.00279324
0 0.868369 0.328894 0.257624 0.551451 0.00278989
2 0.631697 0.334785 0.736606 0.642186 0.00278752
2 0.63264 0.183071 0.713254 0.351995 0.00278298
0 0.0953721 0.196674 0.190744 0.384528 0.00276752
2 0.758375 0.540117 0.483249 0.662705 0.00274926
2 0.545227 0.700159 0.909546 0.591992 0.00270023
0 0.949157 0.227048 0.101687 0.422096 0.0026985
2 0.808596 0.561778 0.382808 0.641321 0.00269452
2 0.373181 0.183561 0.69363 0.347011 0.00269217
0 0.952236 0.318309 0.0955284 0.512423 0.00266985
0 0.111132 0.24698 0.222263 0.472068 0.00266498
0 0.118888 0.703845 0.237776 0.59231 0.00258507
2 0.755672 0.613387 0.47156 0.400264 0.00257917
0 0.151826 0.180892 0.303652 0.336407 0.0025421
2 0.697764 0.632343 0.594358 0.50364 0.00253974
2 0.853551 0.918175 0.292899 0.163651 0.00245527
0 0.808911 0.788446 0.382178 0.423107 0.0024213
2 0.691713 0.49695 0.614743 0.640427 0.00238606
0 0.0847428 0.355805 0.169486 0.661996 0.00236621
0 0.095821 0.770841 0.191642 0.458318 0.00236047
2 0.201064 0.764213 0.402129 0.468573 0.002327
0 0.0747064 0.853351 0.149413 0.293298 0.00232058
0 0.0732494 0.940124 0.146499 0.119752 0.00231182
0 0.451823 0.778828 0.903646 0.442344 0.00228806
0 0.198471 0.203887 0.396943 0.3592 0.00228668
2 0.108991 0.839717 0.217982 0.320566 0.00226677
2 0.0685983 0.879117 0.137197 0.241765 0.00224048
0 0.27081 0.300101 0.515914 0.543477 0.00217606
0 0.39628 0.855383 0.79256 0.289233 0.00216422
0 0.745957 0.751843 0.508085 0.489037 0.00216006
2 0.145702 0.902135 0.291404 0.19205 0.0021461
1 0.810594 0.930158 0.378813 0.139684 0.00213038
0 0.323504 0.953878 0.647008 0.0922446 0.00203205
0 0.218701 0.960505 0.437401 0.078991 0.00198578
2 0.116933 0.960292 0.233866 0.079415 0.00197149
1 0.701454 0.67301 0.591159 0.340595 0.00187753
2 0.153735 0.969499 0.307469 0.0603191 0.00186125
0 0.117609 0.0137967 0.235217 0.0275935 0.00166351
1 0.858182 0.097217 0.283636 0.194434 0.00144019
2 0.808737 0.0705371 0.382526 0.141074 0.00138685
0 0.153147 0.284261 0.0628139 0.0630655 0.00132993
2 0.0322507 0.166436 0.0645015 0.332872 0.00132973
2 0.85501 0.0675378 0.277944 0.135076 0.00129771
1 0.240496 0.0991981 0.480992 0.195557 0.00127565
0 0.663066 0.450941 0.261159 0.130265 0.001264
1 0.891182 0.804681 0.217637 0.249667 0.00126099
2 0.817465 0.0522967 0.36143 0.103327 0.00124663
2 0.159343 0.279851 0.0704297 0.0592829 0.00123584
1 0.438196 0.927182 0.42187 0.144178 0.00123538
2 0.877877 0.0864598 0.244246 0.170733 0.00122118
0 0.672873 0.428605 0.251814 0.108971 0.00121217
2 0.176904 0.290344 0.118273 0.0803413 0.00119761
0 0.328077 0.500127 0.211909 0.259679 0.00119579
1 0.0967385 0.100681 0.193477 0.201362 0.00119344
2 0.543882 0.0686526 0.386547 0.137003 0.00116629
1 0.369301 0.943351 0.614751 0.113298 0.00115933
0 0.878334 0.814057 0.243332 0.297041 0.00114954
0 0.536037 0.424708 0.311482 0.104873 0.00114795
1 0.567499 0.083851 0.352596 0.163402 0.00113268
2 0.896939 0.166186 0.206122 0.332372 0.00111515
0 0.630929 0.0125065 0.26524 0.0250129 0.00111199
2 0.595188 0.053272 0.41782 0.10557 0.00111181
1 0.833992 0.0539994 0.332017 0.106845 0.00111099
2 0.632138 0.0767704 0.251332 0.149394 0.00110252
1 0.522476 0.490335 0.548965 0.223117 0.00109538
0 0.257165 0.292321 0.273196 0.114059 0.00108762
1 0.330514 0.0980128 0.339087 0.193199 0.00108689
0 0.33201 0.690351 0.270454 0.29977 0.00108252
1 0.22739 0.135017 0.454779 0.270035 0.0010803
2 0.50618 0.0511666 0.507889 0.101206 0.00108028
0 0.156327 0.304328 0.0699034 0.111055 0.00107972
1 0.530969 0.115994 0.441459 0.231988 0.00107095
0 0.611814 0.424853 0.358554 0.107534 0.00107042
0 0.2035 0.37345 0.173211 0.253549 0.00106829
0 0.0792452 0.0129906 0.15849 0.0259811 0.001066
1 0.550477 0.930967 0.431106 0.135583 0.00106574
2 0.692147 0.048912 0.450946 0.097824 0.00106547
2 0.0160531 0.150014 0.0321062 0.300028 0.00106165
2 0.937775 0.0236551 0.12445 0.0473101 0.00105871
2 0.771593 0.0133728 0.280096 0.0267457 0.00105491
0 0.157402 0.0140006 0.314804 0.0274903 0.00105112
2 0.850306 0.0137502 0.271351 0.0275003 0.00104777
1 0.795788 0.0943684 0.325957 0.188737 0.00104644
2 0.0767318 0.0791647 0.153464 0.158329 0.00104564
1 0.873091 0.0675263 0.252862 0.13448 0.00104337
0 0.683442 0.402279 0.223797 0.141281 0.00103568
2 0.095956 0.0660234 0.191912 0.132047 0.00102867
2 0.153399 0.0368694 0.306798 0.0737388 0.00102455
0 0.910743 0.403542 0.178514 0.169613 0.00102199
1 0.160428 0.107221 0.320857 0.214441 0.00102153
0 0.539426 0.39807 0.336264 0.135337 0.00102106
2 0.0767534 0.0446846 0.153507 0.0893693 0.00101997
0 0.280036 0.257514 0.323464 0.135811 0.00101708
0 0.256535 0.328128 0.277557 0.17036 0.0010155
0 0.396989 0.528788 0.358934 0.284631 0.00101547
1 0.426162 0.103582 0.523908 0.207163 0.0010147
1 0.872501 0.0125317 0.254998 0.0250634 0.00101124
0 0.399785 0.616753 0.362818 0.373482 0.00101077
1 0.400465 0.950981 0.4289 0.0980373 0.0010071
0 0.436923 0.0133557 0.318862 0.0267114 0.0010067
1 0.882901 0.127257 0.234198 0.254175 0.00100523
2 0.177704 0.0576513 0.355408 0.115303 0.000998967
2 0.891111 0.115505 0.217778 0.230178 0.000992957
1 0.483517 0.0884789 0.437863 0.175148 0.000992093
0 0.729846 0.0137391 0.259122 0.0274263 0.000989066
0 0.187122 0.34227 0.135006 0.194757 0.000988984
1 0.123948 0.903142 0.246232 0.191971 0.000987682
2 0.00650493 0.169958 0.0130099 0.339915 0.000986228
1 0.59472 0.467461 0.397811 0.17584 0.000982961
0 0.0871869 0.312077 0.174374 0.360305 0.000980163
0 0.252968 0.370747 0.274815 0.251185 0.000979485
0 0.319861 0.435281 0.179538 0.119704 0.000977171
0 0.289553 0.706924 0.369593 0.28015 0.000975714
2 0.982894 0.161709 0.0342124 0.323418 0.000975521
0 0.175522 0.0364378 0.351044 0.0728756 0.000973471
0 0.243798 0.0124453 0.388064 0.0247872 0.000966397
2 0.385527 0.039486 0.649565 0.0787209 0.000966051
0 0.57411 0.432719 0.311264 0.107493 0.000965329
0 0.35488 0.0124757 0.294298 0.0249514 0.000965303
2 0.971806 0.126754 0.0563884 0.253507 0.000965272
2 0.322353 0.0981598 0.303781 0.194589 0.000965073
1 0.645312 0.0990647 0.274371 0.198129 0.000963439
1 0.877785 0.817444 0.244431 0.365113 0.000962255
1 0.0954553 0.340053 0.190911 0.433512 0.000959507
0 0.9089 0.447175 0.1822 0.246151 0.000959114
1 0.893765 0.0490549 0.21247 0.0981098 0.000958372
0 0.563795 0.0121814 0.296017 0.0243627 0.000951123
1 0.237747 0.921244 0.475493 0.157511 0.000950079
1 0.0325523 0.0893356 0.0651045 0.178671 0.000949918
0 0.765694 0.495005 0.352714 0.221182 0.000948279
2 0.10834 0.120864 0.21668 0.241728 0.000946691
2 0.720214 0.0558147 0.302515 0.111629 0.000945569
0 0.87109 0.440536 0.25782 0.242986 0.00094364
0 0.603685 0.458546 0.38807 0.153276 0.000941587
0 0.387593 0.675921 0.341041 0.332448 0.00094026
0 0.349511 0.420991 0.238279 0.111425 0.000939426
2 0.449881 0.853727 0.583405 0.292545 0.000937492
1 0.172608 0.906229 0.340358 0.185961 0.000936211
2 0.0127779 0.238501 0.0255559 0.477002 0.000935912
2 0.104616 0.359943 0.209233 0.416328 0.000934883
1 0.476383 0.960248 0.409237 0.0795033 0.000932469
0 0.18128 0.306592 0.12777 0.117321 0.000931021
0 0.609312 0.399065 0.368942 0.152877 0.000926947
1 0.339402 0.0990054 0.489976 0.196185 0.00092575
0 0.857521 0.821307 0.284959 0.357387 0.00092082
1 0.908885 0.473949 0.182229 0.308559 0.000919708
1 0.118046 0.206542 0.236093 0.411633 0.000919454
2 0.941993 0.122999 0.116014 0.245999 0.00091688
2 0.10362 0.0435904 0.20724 0.0868589 0.000915773
2 0.838205 0.96482 0.323591 0.0703601 0.000915574
0 0.342095 0.575667 0.25603 0.35359 0.000915461
0 0.320609 0.302224 0.457153 0.302008 0.00091429
1 0.532476 0.902609 0.534098 0.194781 0.000911226
0 0.159713 0.277958 0.0715879 0.0598319 0.000907505
1 0.176853 0.261379 0.114228 0.0838267 0.000906848
2 0.378964 0.877456 0.489916 0.245088 0.000906617
2 0.910177 0.0669434 0.179646 0.133887 0.000906022
0 0.434115 0.795567 0.546441 0.32357 0.000899803
0 0.449338 0.430828 0.345044 0.120921 0.000896935
0 0.311742 0.752424 0.443521 0.271679 0.000896539
2 0.979521 0.213113 0.0409574 0.426225 0.000894538
1 0.901082 0.687135 0.184841 0.334804 0.000892632
0 0.468342 0.396164 0.309202 0.139272 0.000890454
1 0.371505 0.92235 0.392697 0.1553 0.000889766
2 0.662583 0.062555 0.265408 0.12511 0.000888913
0 0.323225 0.46302 0.193882 0.185521 0.000888537
0 0.0994066 0.900607 0.198813 0.198786 0.00088787
1 0.814409 0.933534 0.282315 0.130608 0.000886357
2 0.66557 0.0885724 0.2748 0.173633 0.000885048
1 0.163318 0.190849 0.326636 0.381698 0.000884105
0 0.222998 0.395596 0.216256 0.298544 0.000881931
2 0.62745 0.884251 0.44442 0.231498 0.000879337
2 0.812999 0.912503 0.29801 0.174994 0.000878217
1 0.723291 0.105323 0.327612 0.210647 0.000872323
2 0.00641756 0.536647 0.0128351 0.600585 0.000871984
0 0.279995 0.234536 0.339933 0.160286 0.000871356
2 0.114056 0.218879 0.228111 0.426653 0.000870122
1 0.445024 0.068361 0.529491 0.136305 0.000869807
2 0.498624 0.879479 0.705117 0.241042 0.000868862
2 0.241578 0.088485 0.483157 0.175312 0.000868662
0 0.309783 0.422316 0.18718 0.187414 0.000867087
2 0.988596 0.293904 0.0228079 0.41763 0.00086652
1 0.487413 0.945186 0.618888 0.108708 0.000865739
1 0.471879 0.889867 0.43933 0.220267 0.000865425
2 0.936036 0.239506 0.127927 0.462366 0.000863862
0 0.331313 0.248352 0.401964 0.217743 0.000862846
0 0.313934 0.613414 0.235589 0.403914 0.000862095
2 0.340169 0.893492 0.438951 0.213017 0.000860981
2 0.244911 0.0351966 0.489822 0.0703932 0.000858379
1 0.686678 0.929522 0.368796 0.139717 0.00085784
2 0.134821 0.95174 0.264536 0.0965204 0.000855782
2 0.138186 0.144029 0.276372 0.288058 0.000855501
0 0.645396 0.860244 0.556704 0.279511 0.000852333
1 0.265214 0.904774 0.530429 0.190451 0.000852204
0 0.0972929 0.838288 0.194586 0.240965 0.00085166
0 0.380388 0.743804 0.382167 0.322909 0.000850307
0 0.817266 0.503551 0.330921 0.221348 0.000850199
0 0.360258 0.441483 0.260938 0.136175 0.000849948
2 0.901126 0.970934 0.197749 0.058132 0.000849343
0 0.293081 0.325284 0.362717 0.256897 0.000849256
0 0.410365 0.722279 0.396894 0.228718 0.000849229
2 0.00779279 0.363894 0.0155856 0.595855 0.000849034
0 0.359624 0.20607 0.322773 0.248817 0.000848838
2 0.975859 0.969277 0.0482825 0.0614468 0.00084738
0 0.758689 0.844428 0.366308 0.311143 0.000847251
2 0.829819 0.123156 0.322043 0.246312 0.000846012
2 0.689354 0.881357 0.347785 0.237287 0.000845128
2 0.877247 0.750571 0.245506 0.498858 0.00084373
0 0.87904 0.875555 0.239012 0.248889 0.000842926
2 0.338949 0.85218 0.592622 0.29564 0.000842734
2 0.0126773 0.805975 0.0253546 0.38805 0.000842702
1 0.352099 0.0714256 0.525353 0.14231 0.000842296
1 0.73558 0.91368 0.309987 0.172641 0.000842165
2 0.192432 0.396469 0.205964 0.314962 0.000841417
0 0.873445 0.372857 0.253109 0.199756 0.000841406
2 0.016311 0.84559 0.0326221 0.30882 0.000838717
2 0.0976533 0.880727 0.195307 0.238545 0.000838503
1 0.130127 0.369161 0.260253 0.419605 0.000838388
2 0.0349834 0.870586 0.0699668 0.258828 0.000837579
2 0.0981879 0.931838 0.178813 0.136324 0.000836198
0 0.115439 0.624072 0.230879 0.301015 0.000835982
2 0.109014 0.167388 0.218028 0.334777 0.000835116
0 0.39374 0.393049 0.258303 0.127319 0.000834109
1 0.610912 0.913121 0.426927 0.173758 0.000833006
1 0.115501 0.655642 0.231003 0.329675 0.000832863
0 0.183375 0.546593 0.338932 0.339144 0.000832284
0 0.821125 0.435756 0.349008 0.252333 0.000830247
2 0.0972757 0.266204 0.194551 0.400009 0.000829873
0 0.841369 0.405668 0.317262 0.224932 0.000828153
1 0.872671 0.194324 0.254659 0.388647 0.00082671
0 0.461712 0.219854 0.342445 0.212995 0.000826511
0 0.76967 0.825107 0.455069 0.349786 0.000825152
1 0.224609 0.184469 0.449218 0.368938 0.000823447
2 0.555582 0.208489 0.255987 0.193102 0.000823213
