1 0.308956 0.529417 0.476957 0.941167 0.957935
1 0.230379 0.489203 0.460758 0.878081 0.0433318
1 0.18503 0.500598 0.37006 0.88459 0.0382403
1 0.639247 0.0616228 0.364629 0.123246 0.0270001
1 0.529422 0.513482 0.941155 0.973036 0.0246884
1 0.499893 0.0620019 0.612121 0.124004 0.0189737
1 0.220612 0.45517 0.356242 0.783513 0.0170644
1 0.154939 0.495237 0.309878 0.890519 0.0149464
1 0.434655 0.837931 0.175541 0.307845 0.0144992
1 0.221392 0.513255 0.442783 0.917769 0.0137789
0 0.628939 0.0572477 0.0461279 0.108147 0.0128002
1 0.177221 0.439288 0.354443 0.766507 0.0123381
1 0.441616 0.589311 0.747308 0.807831 0.012043
1 0.602445 0.0553584 0.0968774 0.110717 0.0103334
1 0.483837 0.0691424 0.944535 0.138285 0.00983806
1 0.583029 0.0560159 0.139483 0.112032 0.0097059
1 0.400328 0.843072 0.294336 0.313856 0.00960014
1 0.32455 0.834196 0.405236 0.331608 0.0085828
2 0.551727 0.0682695 0.679882 0.136539 0.00792419
2 0.731555 0.0748216 0.389911 0.149643 0.00755005
1 0.200011 0.526392 0.312726 0.547979 0.00750415
0 0.437769 0.841497 0.163865 0.293786 0.00732674
1 0.517308 0.07024 0.426115 0.14048 0.00709771
0 0.638327 0.0629949 0.0304752 0.0980227 0.00642314
1 0.283049 0.414455 0.507934 0.69045 0.00630732
1 0.296706 0.790143 0.458177 0.386959 0.00613213
2 0.930189 0.512215 0.138383 0.975569 0.00596877
1 0.480381 0.203343 0.960761 0.406686 0.00581888
2 0.959705 0.522179 0.0805894 0.918764 0.00563449
1 0.212973 0.715193 0.296822 0.198011 0.00562528
2 0.52006 0.488214 0.95988 0.976427 0.00554231
1 0.506064 0.312235 0.943797 0.624469 0.00550892
2 0.797222 0.077817 0.337792 0.155634 0.00543456
1 0.343299 0.667595 0.398181 0.647719 0.00535246
2 0.582511 0.0568589 0.140301 0.112979 0.00522632
2 0.893991 0.502102 0.212018 0.995796 0.00504177
1 0.441863 0.144865 0.883727 0.28973 0.00497281
1 0.485189 0.844217 0.622857 0.311566 0.00488914
2 0.637738 0.0608087 0.0315642 0.096221 0.00454915
1 0.211396 0.206241 0.147463 0.265397 0.00446905
1 0.651111 0.0558892 0.164358 0.111778 0.00438523
2 0.160003 0.0767102 0.315193 0.119695 0.00437965
2 0.689407 0.517643 0.621187 0.964713 0.00431468
1 0.623165 0.586664 0.738225 0.826672 0.00416846
2 0.221541 0.0372815 0.33042 0.074563 0.00412861
2 0.173379 0.0425647 0.311918 0.0851294 0.00411785
1 0.157893 0.0471373 0.309851 0.0942745 0.00407626
2 0.888122 0.822067 0.22031 0.355866 0.00394054
1 0.412598 0.0474546 0.404686 0.0949092 0.00393818
1 0.405494 0.0723677 0.666671 0.144735 0.00389172
1 0.382223 0.18801 0.72288 0.336169 0.00385351
1 0.493927 0.892641 0.841994 0.214717 0.00381386
1 0.441068 0.837386 0.852555 0.325227 0.00380018
1 0.114809 0.0622675 0.226282 0.124535 0.00372969
1 0.160578 0.0695644 0.321157 0.139129 0.00368675
1 0.134337 0.0801332 0.267974 0.160266 0.00364988
1 0.332599 0.316016 0.665198 0.592628 0.00364225
2 0.861579 0.084047 0.261238 0.168094 0.00362455
1 0.339844 0.0379071 0.374011 0.0758141 0.00361834
2 0.958085 0.372343 0.0820755 0.744686 0.00358661
2 0.540031 0.130018 0.914683 0.260036 0.00356288
2 0.672347 0.364225 0.646547 0.72845 0.00355612
2 0.855524 0.34281 0.288445 0.68562 0.00352825
1 0.229712 0.31992 0.459424 0.554634 0.00350503
2 0.908329 0.352232 0.182922 0.704463 0.0034765
1 0.0609712 0.295074 0.121942 0.590148 0.00345778
2 0.89878 0.874778 0.201209 0.250445 0.00344111
1 0.213037 0.25915 0.426073 0.417373 0.00343815
1 0.567375 0.91711 0.829963 0.16578 0.00342802
2 0.245546 0.0759368 0.439808 0.122435 0.00337456
1 0.0725888 0.0697821 0.145178 0.139564 0.00337303
0 0.181586 0.219312 0.326382 0.291714 0.00336782
1 0.288617 0.865482 0.50973 0.266664 0.00334264
2 0.92639 0.0939704 0.147219 0.187941 0.0033324
1 0.323774 0.070698 0.518249 0.141396 0.00328186
0 0.90104 0.237147 0.195596 0.474294 0.00324213
2 0.798927 0.523598 0.402146 0.952803 0.00323798
0 0.878764 0.292764 0.24116 0.585529 0.00323163
2 0.783817 0.263365 0.432366 0.52673 0.00323062
1 0.951447 0.543094 0.0971059 0.910143 0.00320682
1 0.30707 0.213762 0.536477 0.320222 0.00318721
0 0.936956 0.319822 0.123733 0.639645 0.00317745
2 0.936557 0.796192 0.126886 0.407616 0.00315043
2 0.666154 0.148354 0.657529 0.296708 0.00314189
0 0.851946 0.128855 0.293926 0.257711 0.00313712
0 0.484436 0.841011 0.430734 0.305885 0.00309356
2 0.885954 0.928828 0.225766 0.142344 0.00308067
1 0.186048 0.291683 0.274672 0.442238 0.00303705
0 0.298071 0.488518 0.52723 0.866244 0.00299896
0 0.809601 0.965945 0.0408219 0.0648471 0.00298424
0 0.26019 0.867719 0.498561 0.262865 0.00297054
1 0.776761 0.962708 0.440131 0.0745831 0.00294195
0 0.468647 0.49074 0.758682 0.94604 0.00290377
0 0.282815 0.820114 0.56563 0.356194 0.002852
1 0.230674 0.223196 0.403947 0.315089 0.00284656
1 0.382164 0.584958 0.32361 0.773578 0.00284385
2 0.612729 0.819789 0.760404 0.355286 0.00283613
1 0.685374 0.953305 0.607298 0.0933898 0.00278108
1 0.554897 0.0577309 0.203228 0.115462 0.00275682
1 0.297901 0.304583 0.496879 0.476777 0.00274783
0 0.21179 0.200504 0.148904 0.252198 0.00274617
1 0.875546 0.966011 0.24538 0.0679785 0.00272576
2 0.529215 0.782056 0.940284 0.435888 0.00272158
2 0.769112 0.819611 0.45447 0.360779 0.0026817
0 0.520829 0.667201 0.648288 0.651301 0.00265116
2 0.752194 0.598716 0.491373 0.79246 0.00264953
2 0.612862 0.64638 0.767214 0.689253 0.00263268
1 0.639827 0.0568697 0.0582832 0.107183 0.00262519
1 0.499703 0.784472 0.935265 0.431055 0.00262043
0 0.278728 0.94549 0.557456 0.10902 0.00258163
2 0.390407 0.549822 0.402062 0.873258 0.00257771
0 0.297374 0.921798 0.594748 0.156403 0.00257255
0 0.256967 0.616542 0.513933 0.758349 0.00256257
1 0.0562203 0.916725 0.112441 0.166549 0.00253454
0 0.284138 0.542616 0.568275 0.914769 0.00253327
1 0.771675 0.838388 0.450577 0.323224 0.00247954
0 0.166061 0.592253 0.332122 0.815494 0.00242344
0 0.165536 0.720604 0.331072 0.553769 0.00236988
0 0.19781 0.960647 0.39562 0.0787069 0.00235235
1 0.602305 0.840443 0.763825 0.319114 0.0023399
0 0.0437472 0.791825 0.0874944 0.41635 0.00227619
0 0.802697 0.975828 0.0279145 0.0467642 0.00222624
2 0.398969 0.079548 0.15825 0.159096 0.00218595
0 0.107813 0.972083 0.215626 0.0558344 0.00216595
2 0.0821885 0.968704 0.164377 0.0625916 0.00216204
0 0.0623687 0.867871 0.124737 0.264258 0.00212829
2 0.591279 0.0475533 0.157937 0.0951066 0.00203765
2 0.979318 0.564044 0.0413645 0.629258 0.00200967
0 0.436192 0.789345 0.155583 0.193716 0.00200878
0 0.0421198 0.850902 0.0842397 0.298195 0.00200112
1 0.172104 0.197771 0.199112 0.246906 0.00188306
2 0.362296 0.0838565 0.226086 0.167713 0.00184495
2 0.935322 0.508668 0.129129 0.650422 0.00184264
1 0.262222 0.0291304 0.106923 0.0582607 0.00182364
2 0.98026 0.453714 0.0394791 0.5934 0.00178599
1 0.933684 0.528513 0.132407 0.666285 0.00178043
1 0.645586 0.0460681 0.235307 0.0921362 0.00177012
1 0.38149 0.0911236 0.196683 0.182247 0.00174633
1 0.404204 0.0565116 0.149082 0.113023 0.00171112
0 0.416805 0.0553281 0.123235 0.110656 0.00167039
2 0.965524 0.826568 0.068953 0.233453 0.00160922
1 0.945197 0.463338 0.109203 0.614476 0.00160588
2 0.29939 0.0149778 0.0216747 0.0299555 0.00159869
1 0.234633 0.0376892 0.160951 0.0753784 0.00157977
0 0.208744 0.600236 0.194036 0.411457 0.00157151
0 0.299895 0.015819 0.0212832 0.031638 0.00155449
1 0.928784 0.383135 0.142431 0.423545 0.00153623
2 0.274696 0.496534 0.535428 0.845206 0.00151629
0 0.815775 0.959969 0.058976 0.0748169 0.00151591
1 0.125815 0.221036 0.24902 0.301342 0.00149101
0 0.844053 0.988929 0.126898 0.0221412 0.00146478
0 0.846259 0.953107 0.129141 0.084141 0.00143634
0 0.401754 0.333103 0.190578 0.259973 0.0013939
1 0.446764 0.0592517 0.171994 0.118503 0.00138412
2 0.819555 0.955047 0.0772902 0.089905 0.00137993
2 0.243881 0.0542397 0.144401 0.108479 0.00136555
2 0.970091 0.594993 0.0598187 0.731525 0.00136529
0 0.463574 0.379776 0.150872 0.33762 0.00135759
1 0.40855 0.0834097 0.141901 0.166819 0.00134678
0 0.150574 0.462806 0.138338 0.236368 0.00134022
2 0.943483 0.934095 0.113034 0.120865 0.00130701
1 0.137982 0.270023 0.270184 0.399612 0.00129524
1 0.207584 0.566166 0.264845 0.432378 0.00129166
2 0.976263 0.375896 0.0474744 0.466959 0.00128832
1 0.434792 0.748392 0.176562 0.467019 0.00128322
2 0.642927 0.107394 0.187758 0.206534 0.00127827
1 0.664024 0.056057 0.237671 0.112114 0.00127625
2 0.891144 0.0868191 0.217712 0.173638 0.00124033
0 0.38292 0.824914 0.19745 0.231643 0.00124014
2 0.322479 0.094022 0.262118 0.188044 0.00120064
2 0.953038 0.913105 0.0939249 0.154384 0.00119787
2 0.562297 0.0360176 0.198722 0.0720353 0.00119694
2 0.966348 0.701608 0.0673034 0.468084 0.00118986
0 0.353933 0.816227 0.205081 0.259496 0.00118859
2 0.506866 0.0750505 0.199131 0.150101 0.00118351
2 0.950212 0.319202 0.0995753 0.557068 0.00118007
0 0.646269 0.0627589 0.0549938 0.116062 0.00117988
2 0.0465662 0.00755526 0.0931324 0.0151105 0.00116377
1 0.660567 0.0343229 0.216368 0.0686459 0.00116153
2 0.668756 0.0867974 0.15287 0.171826 0.00115217
0 0.207324 0.113234 0.211539 0.226469 0.00115154
2 0.427309 0.00448425 0.202592 0.0089685 0.00114977
2 0.927353 0.287836 0.145295 0.302595 0.00114174
2 0.458276 0.0042608 0.211955 0.00852159 0.00114116
0 0.181698 0.153813 0.172429 0.157252 0.00113806
2 0.963988 0.838739 0.0710793 0.322522 0.00113713
2 0.356773 0.00993372 0.22895 0.0198674 0.00113365
2 0.0602044 0.100945 0.120409 0.201891 0.00113016
1 0.401178 0.369398 0.198267 0.332623 0.00112415
2 0.700046 0.156437 0.240819 0.312874 0.00112346
1 0.474064 0.0525779 0.146575 0.105156 0.00112125
0 0.828693 0.987089 0.10006 0.0258226 0.00112018
2 0.923072 0.142427 0.153856 0.284853 0.00111727
2 0.938188 0.00614815 0.123624 0.0122963 0.00111702
2 0.248648 0.0974301 0.148175 0.19486 0.00111451
1 0.541402 0.0975276 0.236888 0.195055 0.00110929
1 0.925695 0.0729736 0.14861 0.145947 0.00110434
2 0.887653 0.0289823 0.224695 0.0579646 0.00110374
2 0.386543 0.00465471 0.238836 0.00930941 0.00109871
0 0.202933 0.168595 0.152948 0.185543 0.001097
0 0.923146 0.431473 0.153709 0.344582 0.00109499
0 0.854953 0.988246 0.155222 0.0235084 0.00109263
2 0.0542634 0.0661672 0.108527 0.132334 0.00108484
2 0.923121 0.288094 0.153758 0.576189 0.00108212
2 0.865206 0.933767 0.171624 0.120741 0.00107382
1 0.398251 0.32267 0.187285 0.224736 0.00107342
0 0.965044 0.820958 0.0686315 0.31174 0.00107264
2 0.328062 0.0144387 0.190125 0.0288774 0.00107156
0 0.430069 0.984264 0.375405 0.0314725 0.00107138
1 0.913887 0.115921 0.170799 0.231843 0.0010649
2 0.771919 0.00588208 0.308279 0.0117642 0.00106418
0 0.963811 0.780531 0.0708726 0.438938 0.00106196
1 0.927799 0.51187 0.144402 0.4754 0.00105825
2 0.821493 0.00499017 0.345545 0.00998033 0.00105721
1 0.0425224 0.00709575 0.0850449 0.0141915 0.00105628
2 0.964213 0.773418 0.0715745 0.453165 0.00105052
1 0.679827 0.0414582 0.303951 0.0829163 0.00104888
1 0.279621 0.024154 0.0754859 0.048308 0.00104873
0 0.902377 0.496375 0.195245 0.426606 0.00103912
0 0.183733 0.539102 0.218851 0.434523 0.00103859
0 0.2922 0.787669 0.31831 0.381525 0.00103766
2 0.46421 0.0729773 0.148396 0.145955 0.00103715
2 0.639289 0.0590693 0.0435316 0.10048 0.0010334
0 0.849096 0.941341 0.141614 0.117319 0.00103331
2 0.0588828 0.0666376 0.117766 0.133275 0.00102995
1 0.33691 0.0592644 0.196148 0.118529 0.00102749
1 0.928072 0.331174 0.143856 0.299372 0.00102276
0 0.408064 0.730389 0.22011 0.448628 0.00102126
2 0.725172 0.0652925 0.286328 0.130585 0.0010201
0 0.825162 0.128544 0.18899 0.257088 0.00101885
2 0.0539013 0.266101 0.106558 0.532201 0.00101717
2 0.866058 0.00373226 0.241586 0.00746451 0.00101408
0 0.87615 0.521511 0.231168 0.395763 0.00101084
2 0.668796 0.0627928 0.326858 0.125586 0.00100706
2 0.936223 0.956942 0.127554 0.0861159 0.00100703
0 0.436053 0.351882 0.217148 0.27785 0.00100638
1 0.381004 0.41207 0.21853 0.41595 0.00100088
0 0.118785 0.143694 0.213483 0.258079 0.000999217
1 0.958018 0.848498 0.0834024 0.303004 0.000998436
0 0.39095 0.315479 0.171761 0.185274 0.000997177
0 0.127278 0.640898 0.254556 0.52677 0.000992653
0 0.395021 0.28713 0.171029 0.143581 0.000986464
2 0.551358 0.00552197 0.235648 0.0110439 0.000983044
2 0.644148 0.158264 0.29874 0.314021 0.000982773
0 0.925069 0.365664 0.149862 0.380446 0.000981783
2 0.674123 0.12669 0.175423 0.25338 0.000980186
0 0.666346 0.669421 0.189062 0.32753 0.000979674
0 0.181261 0.432251 0.20364 0.393613 0.00097939
0 0.317311 0.813247 0.255415 0.338628 0.000977971
2 0.0569013 0.141513 0.111973 0.283026 0.000977349
0 0.0965881 0.367384 0.193176 0.408143 0.000976485
2 0.137613 0.872408 0.26609 0.23324 0.000973913
0 0.639586 0.667769 0.196114 0.360034 0.000971928
2 0.677551 0.0106666 0.192753 0.0213333 0.0009687
2 0.90233 0.00375273 0.185812 0.00750546 0.000963116
0 0.227036 0.581699 0.257921 0.420473 0.000962815
0 0.273633 0.740092 0.291836 0.352717 0.000962233
0 0.0888523 0.868857 0.177705 0.229464 0.000958481
0 0.298895 0.821189 0.361507 0.357621 0.000957247
2 0.712213 0.0349493 0.265106 0.0698986 0.00095181
2 0.681265 0.107516 0.299425 0.215032 0.000951071
1 0.90494 0.0404567 0.189319 0.0809134 0.00094996
2 0.0393944 0.241203 0.0775019 0.209657 0.00094875
0 0.557647 0.996066 0.464884 0.00786707 0.000946449
0 0.698587 0.622544 0.225513 0.472344 0.000945966
2 0.777487 0.129173 0.195039 0.258345 0.000945613
0 0.179166 0.577921 0.158274 0.455554 0.00094187
0 0.156124 0.110556 0.312247 0.221113 0.000940055
2 0.08952 0.00438512 0.17904 0.00877024 0.000937738
1 0.426847 0.683062 0.198931 0.581332 0.000937093
1 0.862384 0.132535 0.210307 0.265071 0.000936726
2 0.0682943 0.245273 0.136588 0.453579 0.000935511
0 0.628949 0.619764 0.274593 0.451672 0.00093503
2 0.267741 0.0110147 0.138754 0.0220294 0.00093376
2 0.847332 0.00282716 0.305336 0.00565432 0.000932684
0 0.38221 0.667556 0.279963 0.588912 0.000931723
0 0.619889 0.808511 0.273828 0.382977 0.000930675
1 0.467542 0.387049 0.143802 0.350051 0.00093067
0 0.378815 0.18084 0.195265 0.361679 0.000929993
2 0.104083 0.159623 0.208166 0.282238 0.000928856
2 0.0725766 0.146989 0.145153 0.293977 0.000928228
0 0.409589 0.985552 0.185341 0.0288963 0.000927381
2 0.726418 0.193888 0.245927 0.387775 0.000926977
2 0.089075 0.10089 0.17815 0.20178 0.000925933
2 0.241017 0.0085161 0.148317 0.0170322 0.000923024
1 0.915827 0.234775 0.168087 0.469551 0.000922618
0 0.442405 0.995311 0.271589 0.00937714 0.000922588
2 0.0454432 0.769075 0.0899761 0.461851 0.000921431
0 0.693655 0.482708 0.185109 0.255568 0.000921194
0 0.688633 0.712055 0.198664 0.3735 0.000920702
2 0.712927 0.629839 0.208461 0.490684 0.00092011
0 0.839911 0.487886 0.180494 0.283774 0.000919858
1 0.105885 0.18733 0.210695 0.245481 0.000919577
1 0.407155 0.867423 0.366282 0.265155 0.000919358
2 0.445887 0.0896628 0.158924 0.179326 0.000919198
0 0.783834 0.983072 0.157641 0.033856 0.00091878
0 0.0940685 0.15526 0.187224 0.31052 0.000918031
1 0.590153 0.133053 0.16789 0.266106 0.000915978
2 0.905008 0.900863 0.18891 0.191891 0.000915505
2 0.220568 0.874642 0.337093 0.250716 0.000915022
