0 0.488529 0.496663 0.496884 0.265095 0.947191
0 0.438702 0.425396 0.212644 0.126857 0.0746779
0 0.0458496 0.137553 0.0764326 0.0439522 0.0740349
0 0.316637 0.551085 0.14683 0.151258 0.049875
0 0.632244 0.506425 0.202309 0.118516 0.0477251
0 0.388899 0.546488 0.290071 0.161302 0.0420792
0 0.48325 0.455856 0.480207 0.191082 0.0341856
0 0.597429 0.510137 0.277952 0.128214 0.0334003
0 0.474366 0.661141 0.506601 0.601612 0.0295539
0 0.349013 0.551128 0.212773 0.153583 0.0214924
0 0.405506 0.494851 0.324715 0.265524 0.0127056
0 0.573009 0.529422 0.338892 0.166914 0.0121102
0 0.498106 0.579815 0.522599 0.437118 0.0100422
0 0.694322 0.513302 0.0731297 0.0631586 0.00994395
0 0.045071 0.146889 0.0859037 0.0705137 0.00912543
0 0.0436879 0.184635 0.0853944 0.144946 0.00822295
0 0.0486794 0.153516 0.0973587 0.288717 0.0081666
0 0.434783 0.499864 0.68362 0.278399 0.00666441
0 0.112965 0.0820593 0.225931 0.159386 0.00564947
0 0.383184 0.671343 0.696889 0.624895 0.00557953
0 0.400015 0.41827 0.138962 0.0940377 0.00550397
0 0.290882 0.510433 0.0825595 0.0744981 0.00547207
0 0.381562 0.0525218 0.487975 0.105044 0.00475702
0 0.325502 0.0448695 0.487716 0.0897389 0.00475599
0 0.494016 0.353125 0.491003 0.365879 0.00466013
0 0.780629 0.0572477 0.438742 0.112811 0.00447255
0 0.0469481 0.224998 0.0938963 0.345555 0.00444788
0 0.187695 0.0586717 0.37539 0.114847 0.00441637
0 0.824596 0.0705539 0.339637 0.141108 0.00437865
0 0.613985 0.491379 0.666324 0.281959 0.00420961
0 0.272368 0.326742 0.544735 0.447308 0.00407598
0 0.536444 0.471163 0.403985 0.226159 0.00406521
0 0.205326 0.342285 0.410653 0.492496 0.00404313
0 0.455675 0.0530418 0.707588 0.104289 0.00404242
0 0.702197 0.0532116 0.595605 0.104913 0.00396477
0 0.600446 0.440427 0.651818 0.267463 0.00395888
0 0.266832 0.0524085 0.533664 0.104041 0.00394365
0 0.0697974 0.0837362 0.139595 0.167472 0.00391503
0 0.349626 0.152453 0.649628 0.302016 0.00388072
0 0.142034 0.129892 0.284068 0.259783 0.00387514
0 0.836213 0.192778 0.327573 0.383191 0.00386555
0 0.270419 0.425391 0.540838 0.540314 0.0038332
0 0.467664 0.14247 0.688843 0.280491 0.00378199
0 0.211481 0.697301 0.422962 0.561253 0.00372024
0 0.0627558 0.680223 0.125512 0.509956 0.00370325
0 0.520692 0.531724 0.293424 0.173157 0.0036801
0 0.0683741 0.310367 0.136748 0.433022 0.00366748
0 0.629684 0.0604428 0.537117 0.120886 0.00365911
0 0.0495458 0.301075 0.0990917 0.448743 0.0036578
0 0.0437217 0.131942 0.0874434 0.0829596 0.00363752
0 0.0940968 0.376031 0.188194 0.556961 0.0036233
0 0.321616 0.262298 0.577926 0.397011 0.00361866
0 0.868119 0.0740723 0.263761 0.148145 0.00360124
0 0.154087 0.720728 0.308174 0.506207 0.00359993
0 0.313909 0.412091 0.627818 0.443429 0.00357869
0 0.128592 0.421809 0.257185 0.578139 0.00357411
0 0.750294 0.154904 0.499412 0.305012 0.00356612
0 0.0543172 0.372401 0.108634 0.566273 0.00352906
0 0.379268 0.198649 0.658546 0.373546 0.0035191
0 0.0866051 0.745546 0.17321 0.416521 0.00351406
0 0.0694418 0.579555 0.138884 0.542083 0.00351331
2 0.447291 0.250375 0.597997 0.380776 0.00350706
0 0.853503 0.118788 0.292994 0.237576 0.00349729
0 0.526336 0.193267 0.604251 0.358619 0.00348441
0 0.0758485 0.480801 0.151697 0.571375 0.0034844
2 0.605993 0.192889 0.599628 0.353995 0.00343311
0 0.548316 0.553238 0.716042 0.365762 0.00342798
0 0.906725 0.716447 0.186549 0.496451 0.00341171
0 0.153143 0.213458 0.306286 0.348213 0.00341096
0 0.934873 0.772952 0.130254 0.424202 0.00340631
0 0.326827 0.488362 0.653654 0.492629 0.00339944
0 0.615265 0.143377 0.668322 0.28321 0.00339437
0 0.151499 0.473425 0.302998 0.525526 0.00335662
0 0.425818 0.435205 0.583469 0.335142 0.00334288
0 0.870273 0.227355 0.259454 0.405767 0.00332512
0 0.952001 0.707088 0.0959974 0.487216 0.0033208
0 0.689135 0.195471 0.568573 0.34909 0.00330692
0 0.529962 0.83237 0.589057 0.333133 0.0033057
0 0.21201 0.581943 0.42402 0.515763 0.00329998
0 0.312701 0.718272 0.625401 0.539204 0.00329347
0 0.41217 0.572687 0.82434 0.43215 0.00328529
0 0.942278 0.200768 0.115444 0.399461 0.0032683
0 0.599944 0.488767 0.12732 0.0785803 0.00326695
0 0.107245 0.780204 0.21449 0.415536 0.00326524
0 0.917458 0.588127 0.165084 0.44351 0.00323923
0 0.371138 0.465327 0.742277 0.396861 0.00322479
0 0.824317 0.766562 0.351366 0.416941 0.00321941
0 0.957654 0.585743 0.0846926 0.454832 0.00320221
0 0.919401 0.328413 0.161198 0.388874 0.0031996
0 0.933096 0.820159 0.133807 0.359683 0.00319227
0 0.26664 0.188786 0.533281 0.366941 0.00318564
0 0.953504 0.379116 0.0929911 0.457419 0.00317842
0 0.242606 0.753857 0.485212 0.421899 0.00317673
0 0.811564 0.308753 0.376871 0.380647 0.00316805
0 0.488701 0.488627 0.326751 0.255449 0.00314264
0 0.90468 0.275689 0.19064 0.385714 0.00313026
0 0.953448 0.486477 0.0931038 0.451125 0.00312704
0 0.487914 0.733633 0.597454 0.426847 0.00312362
0 0.960354 0.327019 0.0792925 0.434717 0.00310047
2 0.60171 0.79803 0.662029 0.375448 0.00308872
2 0.965859 0.279897 0.068281 0.404474 0.00307381
0 0.741475 0.709077 0.517051 0.507145 0.0030717
0 0.696834 0.395465 0.606331 0.354812 0.00306893
0 0.964248 0.234094 0.0715036 0.414532 0.00305459
2 0.682785 0.244921 0.558167 0.354263 0.00304126
0 0.175682 0.783868 0.351365 0.394978 0.00303195
0 0.91023 0.838166 0.17954 0.323667 0.00303014
2 0.534153 0.869593 0.574262 0.260814 0.00302708
2 0.463518 0.317538 0.570568 0.403396 0.00301568
0 0.464221 0.801568 0.644879 0.395694 0.00300905
0 0.922306 0.485382 0.155388 0.420695 0.00300666
0 0.742671 0.246169 0.514658 0.351025 0.00299937
2 0.605174 0.299223 0.522606 0.373716 0.00298653
0 0.267532 0.490059 0.03443 0.0267807 0.00297548
0 0.604096 0.683426 0.791809 0.509874 0.00296852
0 0.041921 0.207658 0.083842 0.197137 0.00295059
0 0.658398 0.735965 0.672905 0.368046 0.00294213
0 0.814079 0.904891 0.371841 0.190218 0.00292992
0 0.353024 0.749742 0.706048 0.426359 0.00291516
0 0.732663 0.748317 0.534674 0.389702 0.00291212
0 0.806861 0.406965 0.386277 0.38237 0.00290521
2 0.0670577 0.903321 0.134115 0.193358 0.00290356
0 0.750986 0.344267 0.498028 0.37487 0.0028945
0 0.695642 0.508632 0.608717 0.388337 0.00287989
0 0.623702 0.542053 0.752595 0.287287 0.00287313
0 0.0771727 0.856532 0.154345 0.286936 0.00285218
0 0.447263 0.887953 0.530336 0.221371 0.00282761
0 0.68374 0.831405 0.59735 0.324627 0.0028273
0 0.790381 0.836184 0.419238 0.325552 0.00282243
0 0.876803 0.883725 0.246393 0.23255 0.00281131
2 0.0668674 0.876935 0.133735 0.246131 0.00279927
0 0.909602 0.896261 0.180796 0.207478 0.00278839
2 0.893256 0.940805 0.213487 0.11839 0.00278709
0 0.396386 0.829207 0.568954 0.341587 0.00278524
0 0.286199 0.788102 0.572397 0.386144 0.00276878
0 0.536581 0.885135 0.525399 0.226591 0.00274964
0 0.847813 0.961988 0.304373 0.0760246 0.0027256
0 0.773245 0.965115 0.428303 0.0697704 0.00268688
2 0.352547 0.793468 0.660139 0.386502 0.00268241
0 0.744723 0.453892 0.510555 0.374144 0.00267217
0 0.707334 0.893303 0.482021 0.213393 0.00266912
0 0.0584017 0.142393 0.116605 0.0571326 0.00263959
2 0.38966 0.873751 0.523872 0.252498 0.00260295
0 0.690245 0.656839 0.619509 0.479846 0.00260208
2 0.119186 0.89803 0.238373 0.20394 0.00259638
2 0.131137 0.867012 0.262274 0.265976 0.00258854
2 0.313323 0.900418 0.451272 0.199164 0.00254254
2 0.379898 0.964564 0.4715 0.0708722 0.00253454
0 0.179392 0.873415 0.358783 0.251398 0.00252411
0 0.702323 0.964342 0.444673 0.0713158 0.0025034
0 0.332737 0.0155142 0.282722 0.0310285 0.00250307
2 0.167706 0.885588 0.335412 0.228764 0.00249466
0 0.388793 0.01318 0.24325 0.02636 0.00247272
2 0.910691 0.0526375 0.178252 0.104242 0.00244803
2 0.222631 0.948068 0.411008 0.103865 0.00244152
2 0.16922 0.926732 0.33844 0.146536 0.00243722
2 0.538048 0.962831 0.481917 0.0743377 0.00240216
2 0.621381 0.963755 0.454779 0.07249 0.00239913
0 0.852889 0.875951 0.0477908 0.0334231 0.00230889
0 0.681923 0.510557 0.100895 0.0720053 0.00229501
0 0.0591114 0.16789 0.118223 0.11325 0.00226891
2 0.958176 0.0665842 0.0836478 0.0798438 0.00223135
0 0.489357 0.406378 0.251705 0.0954847 0.00218187
0 0.321794 0.503089 0.145222 0.0737244 0.00201902
0 0.983189 0.0867773 0.0307626 0.0203714 0.00198831
0 0.480518 0.407358 0.130722 0.0923068 0.00195814
0 0.877125 0.880164 0.116524 0.0520094 0.00182199
2 0.831382 0.0519392 0.335752 0.103314 0.00179971
0 0.856006 0.882122 0.0672214 0.0500382 0.0017899
0 0.60526 0.507365 0.132292 0.121552 0.00174594
0 0.665976 0.51744 0.129626 0.084159 0.0017196
0 0.39963 0.406639 0.122685 0.0698125 0.00171511
0 0.777431 0.0129168 0.235817 0.0258337 0.00171158
2 0.848483 0.0173299 0.283432 0.0346597 0.00168579
0 0.401288 0.530332 0.396089 0.196697 0.00167291
2 0.81291 0.0148645 0.267968 0.029715 0.00163592
0 0.0584661 0.230879 0.116932 0.247227 0.0016212
2 0.870318 0.0365172 0.259158 0.0730343 0.00161207
0 0.325799 0.0255383 0.450839 0.0510766 0.00160914
0 0.899798 0.888394 0.162403 0.0788665 0.0016007
2 0.993609 0.0622751 0.0127816 0.12455 0.00153037
0 0.254434 0.0164229 0.270285 0.0328457 0.00150158
0 0.490352 0.394751 0.100867 0.0676034 0.0014991
0 0.341025 0.43204 0.304761 0.134612 0.00149144
2 0.0834198 0.2152 0.16684 0.212948 0.00147027
0 0.280727 0.492024 0.0595294 0.0336311 0.001456
1 0.292794 0.544055 0.187264 0.168035 0.00144943
2 0.987992 0.0544386 0.0240165 0.108877 0.00142997
0 0.715637 0.0119927 0.238434 0.0239855 0.00142763
0 0.485071 0.429905 0.367626 0.138215 0.00140955
0 0.0472244 0.0915013 0.0944489 0.183003 0.00140768
0 0.0750149 0.137733 0.14911 0.0619216 0.00140473
0 0.0411604 0.161231 0.0823209 0.147155 0.00140461
2 0.774728 0.0364303 0.370734 0.0728605 0.00137365
0 0.884255 0.899715 0.129767 0.0919827 0.00135721
2 0.956941 0.0929537 0.0861187 0.127919 0.00134948
0 0.0459698 0.180737 0.0919397 0.361474 0.0013449
2 0.971952 0.0512126 0.0560965 0.102425 0.00133376
0 0.367261 0.420979 0.0656337 0.0523687 0.00132654
2 0.965474 0.0428557 0.0690517 0.0857114 0.00130471
0 0.906027 0.852755 0.187945 0.2275 0.00127808
2 0.124088 0.212134 0.245988 0.208472 0.00127459
0 0.491342 0.981154 0.336436 0.0376915 0.0012638
0 0.722115 0.975744 0.340082 0.0485117 0.00126077
0 0.907624 0.879406 0.184752 0.131182 0.001249
2 0.992336 0.0892877 0.0153281 0.178575 0.00124615
0 0.0798342 0.245866 0.159668 0.257996 0.00123632
0 0.0494631 0.0894105 0.0989262 0.14606 0.00121532
0 0.200507 0.0148444 0.281482 0.0296888 0.0012141
0 0.462045 0.0131375 0.254821 0.026275 0.00121085
1 0.859992 0.0936435 0.280016 0.187287 0.00121039
2 0.991558 0.127586 0.0168846 0.255173 0.00119619
0 0.113784 0.145873 0.219453 0.0683032 0.0011953
0 0.982368 0.0819626 0.0351371 0.0346855 0.00119263
0 0.348696 0.473092 0.207408 0.225433 0.00118976
1 0.0616138 0.227117 0.123228 0.237291 0.0011872
2 0.9899 0.206499 0.0202 0.344097 0.00118532
2 0.896778 0.918051 0.180821 0.131405 0.00117553
0 0.909848 0.849284 0.180303 0.14752 0.0011651
0 0.905092 0.908508 0.176732 0.126495 0.0011606
0 0.555649 0.405457 0.278186 0.0969807 0.00115119
2 0.860601 0.977818 0.278798 0.0443638 0.00115032
2 0.951963 0.144357 0.0960748 0.192222 0.00113902
0 0.427784 0.98459 0.313496 0.0308207 0.00113381
0 0.816598 0.976347 0.352826 0.0473057 0.00113055
2 0.165395 0.204203 0.32339 0.209034 0.00112965
0 0.0466695 0.152263 0.0797076 0.102861 0.00112946
0 0.371484 0.44418 0.284193 0.165001 0.00112741
2 0.944487 0.24421 0.111027 0.393106 0.00112685
2 0.92346 0.918207 0.153081 0.161384 0.00112118
2 0.911471 0.176904 0.177058 0.214005 0.00109828
1 0.885642 0.0701589 0.228716 0.140318 0.00109387
0 0.559383 0.975413 0.411363 0.0491743 0.0010907
2 0.909088 0.218507 0.181825 0.290585 0.00108248
0 0.15419 0.0128936 0.298281 0.0257871 0.00107983
0 0.84891 0.876254 0.06011 0.0413113 0.00107451
2 0.974592 0.915906 0.0508156 0.165485 0.0010719
0 0.319522 0.457135 0.197384 0.240537 0.0010608
0 0.361753 0.983025 0.278768 0.0339497 0.00106045
0 0.376453 0.572548 0.277141 0.181497 0.00105633
0 0.583546 0.483677 0.0830951 0.0642559 0.00105583
2 0.0440591 0.133284 0.0881183 0.266567 0.00105503
0 0.306011 0.986929 0.227226 0.0261416 0.00105394
0 0.983567 0.0854203 0.0283215 0.0285296 0.00105238
2 0.0575352 0.0312519 0.11507 0.0625038 0.00105064
2 0.973393 0.969049 0.0532144 0.0619019 0.00105038
0 0.799886 0.894034 0.168879 0.0733311 0.00104824
0 0.158525 0.119372 0.317051 0.118604 0.00104597
2 0.913702 0.975093 0.172595 0.049813 0.00103536
0 0.463419 0.685642 0.0565699 0.0227412 0.00103412
0 0.279338 0.507219 0.0706738 0.0685264 0.00102862
1 0.913892 0.0928354 0.172216 0.135322 0.00102846
2 0.687128 0.0323457 0.417578 0.0638087 0.00102633
0 0.106276 0.162566 0.210641 0.106497 0.00102022
2 0.0643352 0.0837412 0.12867 0.167482 0.00101088
0 0.278923 0.516171 0.162626 0.130902 0.00100822
2 0.98424 0.257784 0.0315193 0.408557 0.00100752
0 0.382182 0.880631 0.283897 0.152006 0.00100438
0 0.869276 0.916889 0.190616 0.125312 0.00100273
2 0.291976 0.54838 0.19692 0.155685 0.00099694
0 0.0829557 0.2912 0.165911 0.218832 0.000995485
2 0.885436 0.173294 0.116141 0.139735 0.000990085
0 0.036666 0.0625979 0.0733319 0.125196 0.000990025
0 0.597987 0.478737 0.112033 0.0567177 0.000987876
0 0.64383 0.0117949 0.321296 0.0235898 0.000986656
2 0.0849181 0.0528053 0.169836 0.104494 0.000985466
2 0.0195844 0.828615 0.0391687 0.34277 0.000985299
2 0.991364 0.535661 0.0172723 0.211613 0.000984612
0 0.376483 0.0305949 0.514364 0.0611898 0.000983552
0 0.779296 0.912876 0.212275 0.116076 0.000983396
2 0.908673 0.865516 0.182654 0.268969 0.000982712
0 0.297309 0.538889 0.184181 0.14448 0.000982427
0 0.64073 0.970548 0.372629 0.0589032 0.000978953
0 0.960078 0.089937 0.0790037 0.0377742 0.000978934
2 0.0607627 0.242174 0.121525 0.219941 0.000974102
2 0.991656 0.406964 0.016688 0.200457 0.000971361
2 0.716794 0.0644673 0.298499 0.126676 0.000970619
2 0.431304 0.034623 0.561436 0.0692461 0.000969701
2 0.963339 0.866311 0.0733227 0.267379 0.000969386
2 0.67831 0.55112 0.294136 0.146834 0.000967436
0 0.435297 0.554087 0.414158 0.151563 0.000965384
2 0.0718611 0.0139289 0.143722 0.0278577 0.000963755
2 0.018555 0.873044 0.03711 0.253912 0.000962646
0 0.828053 0.940202 0.343893 0.118754 0.00096227
0 0.823958 0.926011 0.309342 0.147978 0.000957783
2 0.601923 0.0700643 0.39051 0.13844 0.000957356
0 0.699455 0.50796 0.0589723 0.0483597 0.000956683
2 0.131174 0.0578772 0.262348 0.115754 0.000955546
0 0.903937 0.0994033 0.191729 0.180345 0.000954449
0 0.784565 0.894652 0.198269 0.103634 0.000951482
2 0.992891 0.588014 0.0142178 0.184896 0.000951068
0 0.758626 0.943455 0.482747 0.112853 0.000950196
2 0.993468 0.632749 0.0130631 0.175496 0.000949498
2 0.0352834 0.811121 0.0705668 0.377759 0.000948366
2 0.9907 0.466895 0.0185995 0.209431 0.000947769
0 0.331379 0.898689 0.262255 0.124334 0.00094675
0 0.362022 0.584313 0.250553 0.0951296 0.000945698
2 0.167581 0.0434435 0.335162 0.0863281 0.000945207
2 0.591113 0.0378015 0.536547 0.0750715 0.000941406
2 0.976508 0.848918 0.0469841 0.302165 0.000941343
