1 0.570154 0.628735 0.597763 0.525131 0.964717
1 0.598608 0.727479 0.554639 0.312939 0.040252
1 0.442643 0.615302 0.885287 0.536667 0.0302593
1 0.471932 0.395961 0.758218 0.728901 0.0103404
1 0.423918 0.0694799 0.452303 0.13896 0.0100775
1 0.565386 0.439163 0.62313 0.792284 0.00921778
1 0.43587 0.551991 0.87174 0.769541 0.00796937
1 0.355499 0.455586 0.710999 0.851238 0.00787179
1 0.538143 0.774202 0.639458 0.22013 0.00567071
1 0.41555 0.496876 0.831101 0.893976 0.00558251
1 0.492376 0.0657195 0.650374 0.131439 0.00469485
1 0.534786 0.794458 0.68998 0.411084 0.00461055
0 0.316886 0.0621225 0.513417 0.122653 0.00451186
1 0.521889 0.688291 0.703804 0.383262 0.00448152
1 0.431829 0.568742 0.653071 0.571829 0.0043951
0 0.429627 0.0617323 0.640128 0.121772 0.00430912
2 0.41704 0.340803 0.83408 0.679698 0.00406368
2 0.765143 0.0541507 0.434917 0.108301 0.00399977
1 0.303128 0.0663471 0.606255 0.132257 0.00399469
1 0.5 0.464992 1 0.786803 0.00398897
0 0.104248 0.102005 0.0783848 0.0565842 0.00396698
0 0.384196 0.115152 0.768393 0.227993 0.00371095
2 0.571352 0.0600885 0.602436 0.120055 0.0035858
2 0.530577 0.470358 0.938845 0.793224 0.00355729
0 0.443795 0.137132 0.887589 0.271807 0.00350972
2 0.660777 0.788222 0.678447 0.422597 0.00339351
0 0.738042 0.0534689 0.520952 0.104561 0.00337686
1 0.2621 0.393856 0.524201 0.787713 0.00333773
1 0.188034 0.0573148 0.376068 0.11463 0.00332906
0 0.819215 0.0512096 0.349123 0.102419 0.00331258
2 0.798286 0.20101 0.403427 0.375307 0.00327989
2 0.626401 0.424347 0.747199 0.699725 0.00325349
0 0.611675 0.0538406 0.742361 0.105637 0.00325271
0 0.202548 0.0575588 0.405095 0.113093 0.00323743
0 0.29332 0.135974 0.58664 0.2697 0.00323536
0 0.835164 0.39143 0.329672 0.561531 0.00323397
0 0.673277 0.478838 0.653446 0.710983 0.00319102
0 0.469978 0.0887462 0.939957 0.173189 0.00315792
2 0.872632 0.0580514 0.254736 0.116103 0.00314557
2 0.570872 0.207456 0.858257 0.397012 0.00314121
2 0.466616 0.821246 0.933233 0.357508 0.00313029
0 0.0989677 0.0561005 0.197935 0.11213 0.00311705
2 0.771697 0.296268 0.456606 0.496935 0.00311656
2 0.501829 0.240146 0.979358 0.470784 0.0030908
0 0.819317 0.166269 0.361367 0.330592 0.00308063
2 0.604807 0.637217 0.523974 0.518396 0.00306491
0 0.851424 0.0678234 0.297152 0.135647 0.0030602
1 0.695839 0.781329 0.608322 0.403852 0.0030247
2 0.546529 0.335452 0.906941 0.59066 0.00300555
1 0.368785 0.0985641 0.0992666 0.0677731 0.00299679
1 0.335558 0.334643 0.671116 0.659726 0.0029855
0 0.758383 0.142025 0.483233 0.279882 0.00297664
2 0.953202 0.354818 0.0935965 0.483477 0.0029719
0 0.0870044 0.0786586 0.174009 0.150976 0.00296992
2 0.797755 0.824512 0.404489 0.33919 0.00294649
0 0.118714 0.528229 0.237427 0.770163 0.00294551
0 0.848337 0.226036 0.303088 0.415255 0.00291374
0 0.86699 0.293444 0.26602 0.457873 0.0029104
0 0.246119 0.311639 0.492238 0.615848 0.00290839
2 0.922529 0.443701 0.154942 0.600439 0.00290109
0 0.169927 0.134219 0.339854 0.268274 0.00288702
1 0.147411 0.462837 0.294822 0.86837 0.00288582
0 0.924551 0.175492 0.150899 0.350983 0.0028844
2 0.447641 0.724003 0.895282 0.541683 0.00286768
2 0.872884 0.944326 0.254232 0.111349 0.00283301
0 0.562562 0.10889 0.874876 0.212985 0.00283014
1 0.450427 0.757882 0.900854 0.484237 0.00280733
1 0.759364 0.789367 0.481272 0.387917 0.00280616
0 0.0914624 0.281508 0.182925 0.563015 0.0028053
2 0.95842 0.289009 0.0831595 0.437052 0.00279749
0 0.953503 0.228853 0.0929948 0.42168 0.00279135
2 0.940513 0.637969 0.118975 0.593826 0.00278233
0 0.711336 0.588344 0.577327 0.683524 0.00275992
0 0.859892 0.510348 0.280216 0.672913 0.00275215
0 0.0871665 0.407564 0.174333 0.771692 0.00274696
0 0.104438 0.612737 0.208875 0.684532 0.0027348
0 0.85385 0.882151 0.2923 0.235699 0.00273023
0 0.345093 0.66003 0.690185 0.67994 0.0026938
2 0.369335 0.102903 0.0832566 0.0577368 0.00267851
0 0.451368 0.815837 0.897044 0.36378 0.00267646
1 0.347362 0.0821944 0.135494 0.100697 0.00266258
0 0.11053 0.107014 0.0640759 0.0467212 0.00263893
0 0.109577 0.782664 0.219153 0.434671 0.00263473
2 0.0832706 0.849911 0.166541 0.300178 0.00262937
0 0.159941 0.226989 0.319881 0.447657 0.00261566
0 0.247553 0.209287 0.0584815 0.0331043 0.00260922
2 0.0951497 0.813552 0.190299 0.372896 0.0026048
1 0.367529 0.102692 0.0765381 0.056934 0.00259383
2 0.0745095 0.911873 0.149019 0.176253 0.0025917
0 0.605548 0.628017 0.558581 0.55792 0.00257049
2 0.723344 0.647258 0.553312 0.532333 0.00254928
0 0.079852 0.728037 0.159704 0.537262 0.00254311
2 0.1367 0.350123 0.273399 0.691008 0.0025346
2 0.721642 0.954028 0.556715 0.0919436 0.00253238
0 0.459261 0.879364 0.918521 0.241271 0.00252392
1 0.502945 0.802992 0.710911 0.166733 0.00252197
1 0.913468 0.720143 0.173065 0.468645 0.00251784
2 0.190627 0.360503 0.381254 0.718899 0.00248965
2 0.0762231 0.0649114 0.152446 0.129823 0.0024833
2 0.143431 0.769475 0.286863 0.454892 0.00248195
0 0.16077 0.527629 0.32154 0.866674 0.00248083
2 0.706734 0.855098 0.586532 0.28187 0.00246805
1 0.664043 0.897197 0.671914 0.205607 0.0023944
1 0.597278 0.873786 0.787922 0.252427 0.00238316
2 0.146883 0.862784 0.293766 0.267658 0.00236653
2 0.102705 0.875518 0.20541 0.246353 0.00235296
2 0.515054 0.772611 0.816074 0.447852 0.00233763
0 0.317791 0.0665167 0.210632 0.133033 0.00232941
0 0.142692 0.630521 0.285384 0.661598 0.00232527
0 0.270958 0.0652458 0.293357 0.130492 0.00230505
0 0.140784 0.748916 0.281243 0.494317 0.00230446
2 0.112393 0.92291 0.224787 0.15418 0.00229533
2 0.706092 0.731689 0.587817 0.383646 0.00222607
2 0.424419 0.909413 0.848839 0.176259 0.00220505
2 0.778775 0.0196243 0.244074 0.0392486 0.00219189
0 0.17491 0.793079 0.349819 0.403123 0.00218438
0 0.707324 0.696194 0.585352 0.442147 0.00217532
2 0.773775 0.0347108 0.306394 0.0694216 0.00216404
0 0.076839 0.0690767 0.145698 0.123637 0.00214891
2 0.159247 0.961033 0.318495 0.0779333 0.00213885
2 0.224152 0.867318 0.448305 0.263634 0.00212192
0 0.34818 0.961599 0.692372 0.0768025 0.00207881
2 0.180286 0.899021 0.360572 0.196151 0.00203385
2 0.114425 0.108051 0.0595671 0.0444956 0.0019831
2 0.739781 0.0170644 0.228585 0.0341288 0.0019474
2 0.830104 0.0627851 0.284744 0.12557 0.0019275
0 0.311761 0.0220467 0.214963 0.0440934 0.0019167
0 0.253949 0.210492 0.0467109 0.0269629 0.0018397
0 0.238564 0.197372 0.0791004 0.0567107 0.00179237
2 0.700497 0.0145275 0.232245 0.029055 0.00176638
2 0.406975 0.0789994 0.193656 0.114172 0.0016563
1 0.818974 0.0559752 0.263426 0.11195 0.00165077
1 0.362481 0.0660502 0.226824 0.1321 0.0016275
0 0.433271 0.798533 0.302202 0.154943 0.00159681
2 0.704899 0.0301423 0.374091 0.0602846 0.00158291
0 0.238298 0.208046 0.0809629 0.0410842 0.00156112
2 0.838637 0.0186848 0.273148 0.0373695 0.00153021
0 0.305976 0.0148215 0.191435 0.029643 0.0015083
1 0.412517 0.0677204 0.209138 0.129655 0.00150057
1 0.853132 0.101008 0.293736 0.201546 0.00148149
0 0.495901 0.657974 0.396422 0.325207 0.00146828
0 0.0546296 0.0127297 0.109259 0.0254594 0.0014422
0 0.314236 0.396936 0.180889 0.182607 0.00139921
2 0.0756436 0.09525 0.151287 0.147287 0.0013956
2 0.101972 0.0651283 0.203945 0.130257 0.00138944
0 0.407167 0.780471 0.290689 0.178695 0.00138605
2 0.106309 0.104112 0.0902122 0.0559748 0.00137865
1 0.468006 0.477985 0.340554 0.21407 0.0013753
1 0.113286 0.0661428 0.226573 0.132286 0.00135911
1 0.613788 0.741595 0.382088 0.279527 0.00131796
2 0.0721395 0.0125808 0.144279 0.0251617 0.00131086
0 0.245619 0.0133163 0.314973 0.0266327 0.00129614
0 0.328404 0.0669 0.368674 0.1338 0.00129358
0 0.307822 0.43088 0.166028 0.248922 0.00127329
0 0.487015 0.604181 0.375753 0.284366 0.00126761
0 0.147518 0.560286 0.295036 0.252227 0.00125325
1 0.220051 0.0772267 0.401343 0.153241 0.00125295
0 0.373488 0.10131 0.07904 0.0667346 0.00124933
2 0.61122 0.0304886 0.528471 0.0609773 0.00123492
2 0.387191 0.0635697 0.569138 0.127139 0.00121875
2 0.0987195 0.11483 0.103788 0.0920283 0.00121689
2 0.380532 0.126901 0.129052 0.112631 0.00121565
2 0.4881 0.122238 0.389672 0.189503 0.00121056
1 0.0821243 0.0739046 0.164249 0.146769 0.00120247
0 0.448896 0.019975 0.340507 0.0396813 0.00120022
0 0.0996826 0.517733 0.198241 0.186718 0.00119384
0 0.0871072 0.095948 0.118127 0.0677563 0.00119135
1 0.54649 0.578178 0.606178 0.348208 0.0011873
2 0.938497 0.14445 0.123006 0.288899 0.00118201
2 0.83275 0.105734 0.334076 0.211468 0.00118108
2 0.0862112 0.125833 0.172422 0.251665 0.0011788
1 0.0919431 0.0926225 0.12619 0.0790676 0.00116752
1 0.673524 0.059982 0.373868 0.119964 0.00116192
2 0.211097 0.0443725 0.422194 0.088745 0.00116093
2 0.937147 0.208063 0.125705 0.387543 0.00115153
0 0.401533 0.0385994 0.543913 0.0771988 0.00114385
0 0.39806 0.52917 0.197769 0.280944 0.00114342
2 0.648603 0.0762378 0.379313 0.152476 0.00113243
2 0.507962 0.102602 0.475807 0.203882 0.00111436
0 0.414678 0.335723 0.35786 0.0671466 0.00110965
0 0.476044 0.440139 0.207066 0.137292 0.00110843
2 0.0566106 0.126169 0.113221 0.252338 0.00110839
2 0.7378 0.237769 0.224698 0.193956 0.00110829
0 0.404538 0.76058 0.294023 0.251885 0.00110306
0 0.194367 0.0125069 0.315176 0.0250138 0.00110302
2 0.565514 0.0793158 0.452992 0.158632 0.0011017
0 0.404133 0.485591 0.200819 0.207868 0.00110135
2 0.974159 0.0143215 0.0516816 0.0286431 0.00109013
1 0.0353335 0.0169049 0.0706669 0.0338097 0.00108704
2 0.0132876 0.187042 0.0265752 0.374084 0.00108578
2 0.889127 0.11643 0.221747 0.231943 0.00108544
2 0.0318937 0.221276 0.0637873 0.442553 0.00108209
2 0.16595 0.0653419 0.331901 0.130684 0.00108047
1 0.86434 0.0174813 0.271319 0.0349626 0.00108023
0 0.456339 0.776344 0.334216 0.199451 0.00106796
0 0.457987 0.390945 0.471886 0.183285 0.00106644
2 0.894708 0.0212317 0.210583 0.0424634 0.00106465
2 0.0222814 0.161401 0.0445629 0.322802 0.00106373
0 0.386991 0.740245 0.271103 0.181803 0.00105647
0 0.394486 0.0618187 0.333965 0.12314 0.00105571
0 0.108187 0.547532 0.216374 0.238589 0.00105471
0 0.439958 0.427152 0.362968 0.127487 0.00105299
1 0.533219 0.899509 0.657344 0.200982 0.0010494
1 0.625374 0.0128006 0.298094 0.0256012 0.00103805
2 0.910812 0.152388 0.178375 0.304746 0.00103513
0 0.453701 0.33648 0.463346 0.098167 0.00103435
2 0.128861 0.144447 0.246188 0.169022 0.00103399
2 0.665732 0.0889849 0.246005 0.175629 0.00103392
2 0.234337 0.139245 0.390789 0.278491 0.00103204
0 0.442819 0.359609 0.443395 0.117321 0.0010309
2 0.212223 0.0968091 0.413525 0.191183 0.00103018
2 0.205048 0.0676211 0.410096 0.135242 0.00102937
1 0.531903 0.0792174 0.49141 0.158435 0.00102916
2 0.529445 0.0349692 0.577484 0.0699384 0.0010264
2 0.443901 0.125775 0.266816 0.131842 0.00102616
1 0.325214 0.076383 0.178472 0.11768 0.00102106
1 0.387214 0.14253 0.152213 0.145514 0.00101642
1 0.48131 0.104764 0.540958 0.209443 0.00101593
0 0.523224 0.699619 0.240977 0.32193 0.00100395
1 0.716234 0.717654 0.303797 0.239347 0.0010032
1 0.485829 0.443056 0.209101 0.145207 0.000996852
0 0.0856505 0.0128452 0.171301 0.0256905 0.000996025
2 0.219927 0.0826196 0.340307 0.147938 0.000994583
1 0.103052 0.934081 0.206103 0.131838 0.000994058
2 0.961042 0.058135 0.0779153 0.11627 0.000993016
2 0.322992 0.126644 0.233122 0.119996 0.00098326
2 0.582989 0.0135624 0.386879 0.0269067 0.000981591
0 0.379165 0.409731 0.306348 0.210725 0.000980836
2 0.0753511 0.18165 0.150702 0.230747 0.000979632
0 0.216267 0.134294 0.193955 0.206941 0.000978464
2 0.989492 0.106899 0.0210164 0.213797 0.000978075
0 0.0868267 0.221057 0.173653 0.324394 0.000976223
2 0.936683 0.52412 0.126635 0.339189 0.000968371
2 0.011962 0.839105 0.0239241 0.32179 0.000967788
2 0.391411 0.142668 0.156633 0.14076 0.000967371
0 0.396909 0.324085 0.320878 0.0933179 0.000966701
1 0.523666 0.92792 0.744894 0.14416 0.00096493
1 0.855545 0.147904 0.288911 0.295807 0.000962109
0 0.474127 0.355149 0.480592 0.167606 0.000958996
2 0.147111 0.171523 0.291 0.221072 0.000958466
0 0.212246 0.122899 0.424493 0.245797 0.000956308
0 0.53625 0.795188 0.246365 0.16501 0.000954747
2 0.107031 0.938033 0.214061 0.123935 0.000954677
2 0.046617 0.240131 0.093234 0.480261 0.000954121
2 0.510181 0.160418 0.440582 0.268916 0.000953541
0 0.359711 0.331249 0.240431 0.0686695 0.000948392
0 0.0895768 0.47132 0.179154 0.272697 0.000946716
0 0.249661 0.157874 0.299592 0.315748 0.000943065
0 0.539097 0.735614 0.205855 0.20676 0.000941413
0 0.0952885 0.282155 0.190577 0.261499 0.000939861
0 0.659663 0.903262 0.672315 0.193476 0.000938434
0 0.354369 0.45099 0.177674 0.254556 0.000938384
2 0.0285864 0.87139 0.0571727 0.257221 0.000935374
0 0.54547 0.907723 0.742096 0.184554 0.000929224
0 0.102008 0.595775 0.204016 0.324426 0.000928729
2 0.508515 0.88492 0.655031 0.23016 0.00092844
2 0.0863663 0.0987311 0.119843 0.063512 0.000927927
2 0.979452 0.471467 0.0410969 0.244343 0.000927926
0 0.555641 0.708773 0.251718 0.168145 0.000927652
2 0.983736 0.438951 0.0325281 0.203957 0.000926268
2 0.987584 0.181456 0.0248324 0.362913 0.000925968
1 0.285328 0.119874 0.315216 0.234984 0.000922948
2 0.0295866 0.287699 0.0591732 0.575397 0.000922122
2 0.109597 0.129887 0.100229 0.120336 0.000920987
2 0.903653 0.724562 0.187899 0.151275 0.00091925
1 0.437223 0.444665 0.269068 0.14849 0.000917545
2 0.983903 0.404007 0.0321948 0.201562 0.000917423
2 0.831164 0.258626 0.18901 0.112422 0.000917306
0 0.425304 0.694987 0.353696 0.349438 0.000916558
2 0.865294 0.259055 0.195783 0.118196 0.000916184
2 0.945223 0.455737 0.109553 0.31355 0.000915179
2 0.0203758 0.263633 0.0407516 0.527267 0.000909584
1 0.737118 0.688141 0.257085 0.188095 0.000908996
1 0.545422 0.639564 0.487577 0.352315 0.00090833
2 0.74543 0.281042 0.273258 0.233872 0.00090779
2 0.600042 0.980042 0.380786 0.0399165 0.000905609
1 0.489226 0.799203 0.394474 0.157213 0.0009049
1 0.627052 0.0920434 0.312293 0.182107 0.000904321
1 0.450534 0.915302 0.502994 0.168747 0.000904307
0 0.204677 0.583889 0.387237 0.296443 0.000903805
2 0.210809 0.571952 0.406468 0.294612 0.000902984
2 0.185138 0.213273 0.237652 0.191428 0.000900988
2 0.4517 0.975593 0.392951 0.0488135 0.000900565
2 0.989913 0.510452 0.0201741 0.240725 0.00090018
2 0.568637 0.120563 0.446202 0.239237 0.000898532
0 0.0689963 0.512744 0.13321 0.160383 0.000894167
0 0.482218 0.549314 0.375778 0.283736 0.000891583
1 0.573577 0.109662 0.427356 0.219325 0.000890308
2 0.209386 0.448611 0.335899 0.310871 0.00089023
1 0.520604 0.0186727 0.407855 0.0370231 0.00088985
2 0.710498 0.220147 0.198704 0.146896 0.000888181
2 0.0199396 0.764922 0.0398792 0.470155 0.000887468
2 0.579387 0.91967 0.722381 0.16066 0.000882717
2 0.887487 0.646225 0.225027 0.385102 0.000882633
2 0.992728 0.667943 0.0145443 0.296422 0.00088153
2 0.941442 0.676365 0.117115 0.401967 0.000878691
2 0.408749 0.864454 0.718168 0.271091 0.000878229
0 0.0956216 0.666385 0.191243 0.232903 0.000877656
1 0.330064 0.153487 0.282555 0.186664 0.000877391
0 0.397049 0.906785 0.629233 0.186429 0.000876934
