1 0.544754 0.648527 0.653969 0.702947 0.953918
1 0.531115 0.731678 0.599882 0.536068 0.217064
1 0.548569 0.535104 0.652164 0.594657 0.138903
0 0.198009 0.0233409 0.0844293 0.045503 0.0883395
1 0.554366 0.431515 0.658899 0.387166 0.0592913
0 0.189096 0.0260215 0.135964 0.0520429 0.0478809
0 0.157416 0.0247847 0.202403 0.0493753 0.0450692
0 0.129968 0.0264113 0.259935 0.0528226 0.0439673
1 0.560096 0.351472 0.659713 0.230367 0.0228702
1 0.173739 0.0253741 0.347479 0.0507482 0.0169985
0 0.721871 0.0953364 0.0666585 0.0265384 0.0139333
0 0.206245 0.0245481 0.412489 0.0490962 0.0133566
1 0.441336 0.639897 0.514938 0.673996 0.00937509
1 0.40796 0.457068 0.347692 0.430821 0.00917795
0 0.198115 0.0249448 0.209094 0.0496128 0.00869773
1 0.586991 0.695746 0.826019 0.605338 0.00754068
1 0.154284 0.0373009 0.308568 0.0735656 0.00747128
0 0.212997 0.0497063 0.425994 0.098389 0.00725248
1 0.510649 0.297461 0.741569 0.368445 0.00717741
1 0.423576 0.743062 0.674133 0.511467 0.00704807
1 0.375689 0.591618 0.295437 0.62122 0.00669657
1 0.56909 0.843306 0.700529 0.313388 0.00645677
1 0.143191 0.0491448 0.286382 0.0970024 0.0060368
1 0.419194 0.640987 0.838389 0.687245 0.00553877
1 0.420106 0.343894 0.824217 0.625017 0.00550866
2 0.206741 0.0236691 0.0859842 0.0458818 0.00524873
1 0.27223 0.0488692 0.544461 0.0977384 0.00503961
1 0.381895 0.638976 0.718367 0.707015 0.00448024
1 0.63909 0.368385 0.478375 0.279351 0.00440226
0 0.230525 0.0875817 0.46105 0.173479 0.00433267
2 0.452909 0.293472 0.905818 0.586944 0.00416665
1 0.696248 0.389013 0.607504 0.744835 0.00412289
2 0.775917 0.0595747 0.350676 0.119149 0.00411239
0 0.759231 0.0552529 0.458712 0.10685 0.00402315
1 0.678749 0.399352 0.472074 0.540528 0.00396926
0 0.449007 0.27144 0.898013 0.541212 0.00391994
0 0.136674 0.114841 0.273347 0.229543 0.00382714
2 0.211418 0.0221537 0.0583852 0.0443073 0.0038259
0 0.380043 0.0525019 0.760086 0.103964 0.0037729
0 0.244678 0.440025 0.489356 0.824327 0.00368242
0 0.827077 0.0588842 0.321573 0.117768 0.00362726
1 0.334376 0.0585313 0.617414 0.117063 0.00357975
1 0.478309 0.483808 0.494743 0.494105 0.00353348
0 0.396489 0.170904 0.792978 0.340299 0.00352795
1 0.780964 0.28253 0.438073 0.547661 0.0035144
0 0.765131 0.193823 0.469739 0.383876 0.0034728
2 0.649255 0.32727 0.543163 0.593112 0.00346507
1 0.601431 0.889335 0.75956 0.22133 0.00345647
0 0.89313 0.353314 0.213741 0.630333 0.00341214
2 0.670579 0.0552615 0.461371 0.110523 0.00339571
0 0.615047 0.0535163 0.621342 0.104866 0.00337508
2 0.66174 0.231853 0.600204 0.446895 0.00337288
0 0.851541 0.274218 0.296918 0.519893 0.00336516
0 0.164706 0.0380372 0.280192 0.0760743 0.00330699
1 0.642427 0.800767 0.715145 0.396974 0.00330286
1 0.897889 0.410751 0.204223 0.683572 0.00329484
0 0.718563 0.0991487 0.0787677 0.037103 0.00328706
0 0.136316 0.235215 0.272631 0.470429 0.00326943
0 0.711612 0.156663 0.576777 0.307801 0.00324991
0 0.289651 0.297957 0.579302 0.58672 0.00320782
0 0.630372 0.145942 0.709063 0.287214 0.00318561
0 0.894441 0.063565 0.211119 0.12713 0.00317888
2 0.475328 0.170524 0.950656 0.338241 0.00317533
0 0.940246 0.335767 0.119508 0.547492 0.00314735
1 0.121551 0.452219 0.243103 0.825081 0.00313053
1 0.31334 0.583458 0.626679 0.817907 0.00310905
2 0.159056 0.618854 0.318111 0.752592 0.00310339
0 0.882196 0.106877 0.235609 0.213753 0.00309457
0 0.941099 0.26039 0.117802 0.479186 0.0030842
1 0.628421 0.665797 0.50637 0.658458 0.0030824
1 0.915106 0.688704 0.169789 0.610506 0.00308122
0 0.211153 0.277323 0.422306 0.53931 0.00305119
2 0.910891 0.938516 0.178217 0.122969 0.00301901
2 0.0887828 0.906926 0.177566 0.186148 0.00300993
2 0.645672 0.716183 0.708657 0.567046 0.00300897
0 0.0990491 0.502322 0.198098 0.794829 0.00300323
0 0.322665 0.436982 0.645329 0.73569 0.00297287
0 0.928587 0.207652 0.142826 0.415305 0.00296533
0 0.156596 0.654853 0.313192 0.680618 0.00292592
2 0.121086 0.781343 0.242172 0.433513 0.0029258
0 0.10939 0.415936 0.21878 0.789925 0.00290861
0 0.103609 0.682071 0.207218 0.607135 0.00289268
2 0.939061 0.75274 0.121877 0.482684 0.00288887
0 0.115229 0.754961 0.230459 0.467296 0.00288583
0 0.839464 0.459881 0.321073 0.649184 0.00287262
1 0.948275 0.431368 0.10345 0.614889 0.00283284
2 0.100752 0.851739 0.201505 0.296522 0.00282735
1 0.372313 0.572552 0.57799 0.684981 0.00279795
0 0.924015 0.361151 0.0657469 0.0410877 0.00279749
0 0.146755 0.731228 0.288182 0.528647 0.0027956
2 0.121886 0.548208 0.243773 0.884971 0.00278371
2 0.657255 0.866332 0.68549 0.264071 0.00275966
2 0.129133 0.897899 0.258267 0.204203 0.00275705
0 0.304868 0.549953 0.609735 0.872561 0.00271492
2 0.114679 0.359379 0.229359 0.707021 0.002712
1 0.435101 0.929234 0.481437 0.140281 0.00271191
0 0.682423 0.76984 0.635154 0.449919 0.0026845
0 0.319122 0.692916 0.638245 0.612193 0.00268437
2 0.650788 0.638669 0.457065 0.578372 0.0026832
1 0.949837 0.654047 0.100325 0.645162 0.00268166
0 0.712474 0.86571 0.575051 0.266899 0.00267394
0 0.953841 0.472229 0.0923186 0.601115 0.00262128
2 0.959734 0.868219 0.0805311 0.263563 0.00261434
0 0.940642 0.892153 0.118715 0.215694 0.00261198
2 0.665024 0.485094 0.567257 0.523186 0.00260725
2 0.747881 0.945929 0.504238 0.108142 0.00260137
0 0.647252 0.514433 0.465596 0.547815 0.00257553
1 0.338236 0.539494 0.676471 0.664676 0.00256791
0 0.793729 0.636441 0.412541 0.628132 0.00255639
2 0.12492 0.872169 0.249839 0.255663 0.00254631
1 0.659379 0.911265 0.681243 0.177469 0.00252427
0 0.951495 0.607243 0.0970104 0.655812 0.00248725
2 0.231855 0.0246757 0.287278 0.0488966 0.00246341
0 0.163078 0.854108 0.326156 0.283546 0.00244954
0 0.812357 0.541121 0.375287 0.594688 0.00244249
0 0.160925 0.907975 0.321849 0.18405 0.0023119
1 0.607653 0.332288 0.270416 0.180372 0.00229429
2 0.156204 0.023692 0.312408 0.0473839 0.0022934
0 0.343884 0.808674 0.687768 0.379166 0.00225382
0 0.321238 0.895844 0.641012 0.208313 0.00219118
2 0.636506 0.457412 0.477344 0.427861 0.00218086
1 0.470936 0.946761 0.364823 0.106478 0.0019924
0 0.817296 0.0133323 0.192986 0.026599 0.00181399
1 0.56302 0.271807 0.161751 0.0615903 0.0018003
0 0.549927 0.172011 0.0970678 0.0739269 0.00172638
0 0.565887 0.293652 0.168978 0.108278 0.00169205
0 0.484336 0.81216 0.289409 0.258997 0.0016688
0 0.529101 0.149739 0.0379631 0.0245678 0.00162212
1 0.512658 0.910578 0.250378 0.177256 0.00158452
2 0.225894 0.0237609 0.137679 0.0458915 0.00148401
0 0.441875 0.792812 0.337939 0.290336 0.00145931
2 0.224839 0.0231745 0.397699 0.045753 0.00144178
2 0.792211 0.0396868 0.368958 0.0793736 0.00143059
0 0.494469 0.339604 0.343945 0.18843 0.00141939
2 0.488918 0.983507 0.341494 0.0329868 0.00139432
0 0.761446 0.0129642 0.226722 0.0259284 0.00139346
0 0.134956 0.0498595 0.269913 0.0997189 0.00138714
1 0.512303 0.950563 0.61671 0.0973187 0.00137449
1 0.464796 0.964272 0.353098 0.0714561 0.00136926
1 0.57659 0.319411 0.201079 0.15793 0.00136119
2 0.163713 0.0827481 0.327426 0.165496 0.00134729
1 0.555453 0.341737 0.297477 0.203136 0.00134475
0 0.573692 0.176995 0.151501 0.0855003 0.00133014
0 0.547734 0.157327 0.0871119 0.0419339 0.00132456
2 0.576164 0.980362 0.451499 0.0392759 0.00130229
1 0.477818 0.832469 0.329456 0.222263 0.00129761
0 0.740202 0.106066 0.123018 0.0558843 0.00129365
2 0.101673 0.122188 0.203346 0.243107 0.00127417
1 0.465674 0.904564 0.310495 0.190871 0.0012735
2 0.234329 0.0330207 0.468658 0.0660413 0.00122627
2 0.0546679 0.156683 0.109336 0.313366 0.00121737
2 0.137458 0.0670502 0.274915 0.1341 0.00121734
0 0.580105 0.273896 0.207317 0.105741 0.00121679
0 0.615023 0.32282 0.286705 0.165216 0.00121061
2 0.8398 0.0132068 0.223239 0.0262861 0.00120821
2 0.0887117 0.147033 0.177423 0.294066 0.00119758
0 0.435892 0.693828 0.351316 0.301244 0.00119709
0 0.351257 0.448732 0.207945 0.22766 0.00118871
2 0.213661 0.0757946 0.273544 0.151589 0.00118338
0 0.458517 0.352775 0.475339 0.221358 0.0011828
2 0.116717 0.153583 0.233434 0.307166 0.0011815
0 0.571076 0.321797 0.189195 0.159735 0.00117481
1 0.562138 0.297639 0.162067 0.112612 0.00117386
2 0.239755 0.0567323 0.460083 0.113465 0.00116095
2 0.8277 0.070558 0.335855 0.141116 0.00116091
2 0.85595 0.0913657 0.287489 0.181942 0.00115653
0 0.32169 0.395286 0.151967 0.135703 0.00115225
1 0.505695 0.848236 0.254052 0.182328 0.00114196
2 0.937089 0.510457 0.125823 0.391445 0.00113822
2 0.0700292 0.209113 0.140058 0.418226 0.00113603
1 0.699651 0.520673 0.366409 0.299287 0.00112901
2 0.926739 0.394689 0.0931583 0.11613 0.00112792
2 0.101088 0.203961 0.202177 0.407923 0.00111999
2 0.288429 0.0407449 0.576857 0.0814897 0.00111594
2 0.936121 0.155019 0.127759 0.310038 0.00111584
0 0.603805 0.170825 0.210267 0.0960021 0.00109269
0 0.562994 0.273515 0.17417 0.0675962 0.00109199
2 0.0103771 0.16943 0.0207541 0.338861 0.00108982
0 0.13785 0.0182675 0.226446 0.036535 0.00108649
1 0.0712746 0.0871404 0.142549 0.174281 0.00106969
2 0.932258 0.43047 0.126835 0.206419 0.00106886
2 0.628802 0.97491 0.446495 0.0501795 0.00106145
0 0.660487 0.0733316 0.207704 0.146446 0.00106051
2 0.0746507 0.0853914 0.149301 0.168849 0.00106003
1 0.632596 0.351004 0.343942 0.22168 0.00105974
1 0.905548 0.478903 0.188905 0.31315 0.0010541
2 0.878188 0.135809 0.243623 0.271618 0.00105393
0 0.559854 0.156422 0.117185 0.0456569 0.00104985
0 0.299079 0.413171 0.102572 0.152333 0.00104462
0 0.382615 0.687214 0.244279 0.275619 0.00103828
2 0.914561 0.14143 0.170878 0.282861 0.00102951
0 0.689959 0.0128952 0.281282 0.0257904 0.00102804
2 0.152193 0.18198 0.304386 0.363961 0.00102768
2 0.986962 0.115324 0.0260765 0.230649 0.00102495
2 0.889851 0.499973 0.220298 0.363945 0.0010099
2 0.996054 0.349105 0.00789148 0.259646 0.00100705
2 0.961445 0.0241135 0.0771091 0.048227 0.00100648
0 0.335908 0.485925 0.186619 0.339651 0.00100528
1 0.45692 0.876253 0.122192 0.122596 0.00100267
2 0.982935 0.176672 0.0341301 0.353344 0.000998532
2 0.725061 0.0965367 0.0620936 0.0243797 0.000997838
0 0.36395 0.63006 0.211064 0.339751 0.000995921
0 0.593882 0.186342 0.204359 0.109351 0.000993469
0 0.722075 0.0754072 0.137025 0.101113 0.000992206
2 0.712224 0.981894 0.309478 0.0362124 0.000986702
0 0.906453 0.379646 0.118068 0.0863543 0.000986198
2 0.970929 0.0703485 0.0581411 0.140697 0.000982679
0 0.624136 0.237339 0.29852 0.221424 0.000982481
0 0.925074 0.355113 0.0853463 0.0621948 0.000982473
0 0.643645 0.0142388 0.281643 0.0284776 0.000975293
2 0.152631 0.127676 0.305261 0.255351 0.00097464
1 0.605231 0.944561 0.583574 0.109363 0.000970909
2 0.214344 0.0993671 0.338134 0.198734 0.000967829
2 0.897749 0.0384831 0.204501 0.0769663 0.00096723
0 0.71843 0.23628 0.275465 0.203706 0.000966941
2 0.813153 0.986837 0.152625 0.0263253 0.000966659
2 0.578421 0.0500218 0.414551 0.0988375 0.000959759
0 0.615406 0.0552137 0.43376 0.109814 0.000959592
0 0.341612 0.0171625 0.378981 0.0336166 0.000957971
2 0.912395 0.551043 0.17521 0.443151 0.00095773
2 0.945187 0.194974 0.109626 0.314242 0.000954453
2 0.992622 0.302311 0.0147569 0.303806 0.000952741
0 0.563685 0.0155266 0.236687 0.0310533 0.000951137
2 0.325228 0.0654633 0.469736 0.130927 0.000950669
0 0.375664 0.903798 0.388193 0.192403 0.000950413
1 0.877461 0.931834 0.244255 0.132741 0.000948654
2 0.794031 0.739903 0.347689 0.255314 0.000945411
0 0.645562 0.261766 0.342385 0.129598 0.00094056
2 0.374019 0.0487256 0.611426 0.0974512 0.000936346
0 0.63845 0.30734 0.347359 0.13365 0.000935533
0 0.782849 0.0845576 0.192449 0.132077 0.000929964
2 0.866765 0.712454 0.26647 0.243879 0.000928076
0 0.783906 0.173833 0.227216 0.234443 0.000928073
2 0.976915 0.0941006 0.0461692 0.188201 0.000924542
0 0.352792 0.687131 0.220021 0.310131 0.000924406
1 0.721428 0.483592 0.319002 0.233473 0.000921861
2 0.988534 0.234606 0.0229324 0.298983 0.000921275
1 0.138202 0.118794 0.276404 0.237588 0.000920749
2 0.824046 0.765438 0.265495 0.17067 0.000919246
0 0.628209 0.196651 0.270782 0.138555 0.000919126
1 0.842838 0.113323 0.314325 0.226647 0.000917509
0 0.48764 0.0140481 0.257931 0.0280962 0.00091629
0 0.511139 0.907232 0.249715 0.1833 0.000912934
2 0.0175368 0.613824 0.0350737 0.568733 0.000911957
2 0.0939758 0.230305 0.187952 0.305677 0.000911275
0 0.62689 0.110273 0.287466 0.214125 0.000909652
2 0.9907 0.878626 0.0185992 0.22935 0.000909172
0 0.93278 0.38994 0.103972 0.105734 0.0009088
2 0.819628 0.668481 0.360745 0.357643 0.000907395
0 0.641607 0.353495 0.362387 0.224574 0.00090488
0 0.745423 0.211146 0.165725 0.102542 0.000903281
0 0.684523 0.300213 0.329145 0.151545 0.000902831
1 0.131574 0.901647 0.263147 0.19566 0.000900323
1 0.667242 0.924375 0.40821 0.146961 0.000898678
2 0.935899 0.329097 0.128201 0.26162 0.000896837
0 0.302266 0.233522 0.188328 0.153489 0.000896524
0 0.0925199 0.910365 0.18504 0.176468 0.000894764
0 0.808235 0.0163568 0.0859467 0.0319629 0.000894514
1 0.658236 0.432094 0.425109 0.375007 0.000893012
2 0.77974 0.701225 0.440519 0.416423 0.000892745
0 0.423485 0.0151077 0.336716 0.0302155 0.000891861
2 0.0212796 0.464929 0.0425592 0.580346 0.000891205
2 0.991483 0.823702 0.0170333 0.267825 0.000887409
0 0.310762 0.0989205 0.317292 0.194802 0.000884772
2 0.0821061 0.878086 0.164212 0.243829 0.000884723
2 0.0359623 0.805555 0.0719246 0.388891 0.000883834
0 0.820263 0.781748 0.251454 0.161299 0.000883707
2 0.973944 0.485839 0.0521115 0.391942 0.000881922
2 0.989896 0.671325 0.0202076 0.258884 0.000879314
0 0.578888 0.0871026 0.2668 0.174205 0.000878639
1 0.0745031 0.964564 0.147166 0.0708727 0.000878619
2 0.095789 0.561747 0.191578 0.28698 0.000876247
0 0.305763 0.915669 0.353191 0.165342 0.000876046
1 0.732541 0.926206 0.325435 0.1442 0.000875854
2 0.335792 0.099291 0.384436 0.198582 0.000874484
1 0.0906682 0.91601 0.181336 0.164351 0.00087142
2 0.752793 0.219337 0.146841 0.123033 0.000871004
0 0.769627 0.0724367 0.329999 0.132499 0.000867548
2 0.0188418 0.820687 0.0376837 0.358627 0.000867258
0 0.329046 0.343573 0.183915 0.173052 0.000866488
2 0.0922044 0.344255 0.184409 0.263766 0.000866335
2 0.0246234 0.36497 0.0492469 0.563664 0.000864925
2 0.0918356 0.433462 0.183671 0.250707 0.000864249
0 0.451952 0.877216 0.178051 0.11522 0.000862974
2 0.743673 0.783678 0.413592 0.174168 0.000861391
0 0.659621 0.0883868 0.202947 0.0680756 0.000861058
1 0.457294 0.790999 0.392837 0.328977 0.000860717
0 0.363642 0.138635 0.437801 0.277271 0.000859377
1 0.730619 0.442671 0.295366 0.157109 0.00085937
2 0.0805069 0.438671 0.161014 0.189967 0.000859349
2 0.994247 0.377952 0.0115063 0.330291 0.000858899
2 0.983078 0.536391 0.033844 0.378128 0.000858671
0 0.433081 0.913085 0.489971 0.173829 0.000858254
0 0.351663 0.539739 0.211023 0.354538 0.000857704
0 0.593472 0.065961 0.268423 0.129352 0.000857613
1 0.0853712 0.974391 0.141501 0.0512172 0.000856207
0 0.414977 0.745692 0.29994 0.266339 0.000854854
2 0.0584323 0.870637 0.116865 0.258727 0.000854288
2 0.0800079 0.258007 0.160016 0.245328 0.000853671
0 0.738293 0.584256 0.275648 0.357301 0.000853563
