2 0.495562 0.539444 0.300104 0.529083 0.938196
2 0.532085 0.39793 0.205323 0.241863 0.0228909
1 0.496862 0.561313 0.299564 0.580275 0.0111039
2 0.389009 0.449657 0.730858 0.899314 0.00780597
2 0.135736 0.0264788 0.271472 0.0529575 0.00631696
1 0.109501 0.0386665 0.215548 0.0773329 0.00575276
2 0.841293 0.0459183 0.294319 0.0918366 0.00499617
1 0.0753619 0.0560486 0.150724 0.112097 0.00494027
2 0.538592 0.624389 0.403449 0.717857 0.00486057
2 0.767113 0.0395499 0.383078 0.0790998 0.00483953
2 0.495578 0.423377 0.298075 0.296868 0.00471588
2 0.704654 0.0446355 0.449319 0.089271 0.00470039
0 0.399405 0.511747 0.72253 0.89195 0.0046975
2 0.555439 0.438865 0.882719 0.877731 0.00467525
2 0.613363 0.0529999 0.398031 0.106 0.0046716
2 0.396356 0.0375 0.415322 0.0749999 0.00465776
2 0.551155 0.045421 0.381722 0.0908419 0.0045891
2 0.210224 0.0222714 0.383934 0.0445429 0.00456241
2 0.499792 0.0375159 0.400882 0.0750318 0.00450386
2 0.455998 0.6222 0.393418 0.704143 0.00422179
2 0.386261 0.318898 0.733268 0.637796 0.00421699
2 0.379749 0.557904 0.536027 0.570425 0.00421623
2 0.127361 0.065375 0.248865 0.13075 0.00419552
1 0.0563736 0.0841045 0.112747 0.168209 0.00415133
2 0.299653 0.0283825 0.434827 0.056765 0.00412968
2 0.310202 0.520599 0.586674 0.904293 0.00411409
1 0.962105 0.549891 0.075502 0.784579 0.00408692
2 0.598274 0.325403 0.783929 0.650805 0.00407452
2 0.614194 0.542754 0.742565 0.865213 0.00406555
2 0.398758 0.210992 0.785803 0.421984 0.00403552
2 0.779559 0.0691799 0.414275 0.13836 0.00381246
2 0.941647 0.547528 0.116706 0.801136 0.00375482
2 0.510496 0.0733937 0.673568 0.146787 0.00371178
2 0.677646 0.0698193 0.558754 0.139639 0.00369379
0 0.39345 0.253913 0.747125 0.507826 0.00362753
2 0.350569 0.0707022 0.597525 0.141404 0.00362712
2 0.601134 0.547954 0.508005 0.563394 0.00362254
2 0.960281 0.456198 0.076873 0.79446 0.00362252
2 0.824575 0.306663 0.35085 0.60456 0.0036179
2 0.778943 0.548733 0.442114 0.821174 0.0036178
0 0.304759 0.0678907 0.508824 0.135781 0.00360282
2 0.682104 0.268528 0.635792 0.527966 0.0035945
2 0.228266 0.546259 0.428267 0.873661 0.00354273
0 0.600156 0.524322 0.795404 0.928452 0.00354264
2 0.908113 0.0607587 0.183774 0.121517 0.00350593
2 0.519338 0.64842 0.604189 0.70316 0.00348858
0 0.454479 0.213195 0.908959 0.42639 0.00348473
2 0.827537 0.450377 0.344926 0.791535 0.0034568
2 0.667551 0.434042 0.664898 0.754027 0.00343761
0 0.503752 0.286823 0.946876 0.573646 0.00342766
2 0.556056 0.724573 0.881506 0.506528 0.00341112
2 0.494145 0.27351 0.952568 0.54702 0.00339635
2 0.921475 0.468707 0.155865 0.792913 0.00330341
2 0.387865 0.635591 0.763714 0.728817 0.0032965
2 0.544257 0.159605 0.889595 0.319209 0.00327346
2 0.104738 0.816129 0.207452 0.348649 0.0032538
2 0.0376994 0.770907 0.073956 0.458187 0.00324092
2 0.618299 0.666539 0.739504 0.577711 0.00323991
2 0.0690558 0.800447 0.134048 0.399107 0.00322735
1 0.578483 0.519696 0.571264 0.875848 0.00322176
2 0.200947 0.0657101 0.389795 0.13142 0.00321464
2 0.226763 0.384328 0.419913 0.694101 0.00319773
2 0.11325 0.86258 0.22131 0.271404 0.00314873
0 0.492044 0.603385 0.565446 0.678796 0.00314542
0 0.854167 0.0721091 0.285999 0.144218 0.00312146
2 0.896377 0.35054 0.20394 0.680886 0.00311955
0 0.903543 0.121862 0.192914 0.243724 0.00311881
0 0.178453 0.574785 0.329467 0.846249 0.00311217
2 0.632059 0.584252 0.602078 0.733483 0.0030994
2 0.241123 0.274191 0.46024 0.548382 0.00309538
2 0.811715 0.201389 0.376569 0.402777 0.00307542
0 0.869463 0.250401 0.258879 0.500802 0.00304893
2 0.0316053 0.715543 0.0632106 0.568914 0.00304252
0 0.94784 0.288931 0.10432 0.577863 0.00302811
1 0.931719 0.941044 0.136562 0.117913 0.00302312
0 0.09829 0.148102 0.194961 0.296203 0.00293864
1 0.639736 0.591246 0.719077 0.764552 0.00293202
2 0.708785 0.164592 0.582431 0.329184 0.00291661
1 0.5732 0.670422 0.142459 0.251804 0.0029098
2 0.0609587 0.864748 0.121917 0.270503 0.0028958
2 0.723598 0.772559 0.541684 0.42309 0.00289227
0 0.188039 0.253806 0.370799 0.507612 0.00285536
2 0.0921077 0.943488 0.184215 0.113024 0.00285168
0 0.196423 0.1607 0.382155 0.3214 0.00283615
0 0.265321 0.183092 0.506306 0.366184 0.00282293
2 0.183489 0.315159 0.360517 0.556494 0.00281936
2 0.12639 0.972328 0.247111 0.0553433 0.00277957
0 0.0489968 0.304232 0.0979936 0.608464 0.00277066
0 0.0457849 0.408565 0.0915699 0.817129 0.00275152
2 0.950635 0.846591 0.0975254 0.306818 0.00273748
2 0.057616 0.743838 0.112843 0.509174 0.00273333
1 0.808631 0.958556 0.370097 0.0828887 0.00271971
1 0.551411 0.913383 0.711756 0.173234 0.0027156
0 0.219561 0.627274 0.41792 0.713116 0.00271538
2 0.48355 0.90553 0.657105 0.188939 0.00269632
2 0.151118 0.225325 0.302237 0.45065 0.00269401
0 0.424988 0.810165 0.765868 0.365132 0.00267174
0 0.0413568 0.569502 0.0827136 0.841844 0.00266886
2 0.151356 0.809416 0.282613 0.348456 0.00266578
1 0.515728 0.600463 0.268219 0.429893 0.0026636
2 0.0631235 0.00769088 0.126247 0.0153818 0.00264977
2 0.161605 0.511994 0.322556 0.932399 0.00264129
1 0.894398 0.970315 0.210047 0.0593705 0.00263521
2 0.115585 0.731284 0.23117 0.497068 0.00260503
0 0.0821271 0.216078 0.16159 0.432155 0.00260046
1 0.84831 0.970743 0.302845 0.0585135 0.00259717
0 0.305776 0.64474 0.608641 0.678355 0.00258917
2 0.961691 0.66516 0.0766174 0.662895 0.00258773
0 0.380164 0.858516 0.716954 0.268486 0.00257599
2 0.928122 0.693975 0.142857 0.598519 0.00255452
2 0.0675246 0.681602 0.134918 0.623811 0.00254956
2 0.405197 0.748683 0.78234 0.481013 0.0025487
2 0.960866 0.771565 0.0776441 0.440599 0.00252925
0 0.646019 0.594295 0.68413 0.752686 0.00252244
2 0.477388 0.825192 0.778728 0.340088 0.00250845
1 0.417156 0.554453 0.140997 0.127077 0.00249105
1 0.713644 0.943254 0.519178 0.113492 0.00249052
2 0.902805 0.792189 0.193943 0.400281 0.00249041
2 0.79857 0.785425 0.40286 0.402464 0.00247986
2 0.0939595 0.661031 0.175843 0.647555 0.00247933
2 0.42792 0.581595 0.163667 0.181471 0.00247425
2 0.970612 0.453872 0.0587769 0.250336 0.00245531
2 0.0841381 0.289188 0.168276 0.518407 0.00240472
2 0.204635 0.974464 0.360904 0.0510711 0.0023923
0 0.435328 0.90865 0.635807 0.1827 0.00238814
2 0.291534 0.700789 0.554897 0.53325 0.00238524
2 0.363752 0.925283 0.542317 0.149433 0.00238487
0 0.0637528 0.639383 0.119533 0.721233 0.00238446
2 0.0829754 0.547376 0.162628 0.849924 0.00236878
0 0.297001 0.959679 0.518277 0.0806418 0.00232276
0 0.334805 0.944692 0.548632 0.110616 0.00232106
2 0.22322 0.723165 0.424028 0.474474 0.00228475
2 0.283772 0.779604 0.531736 0.394994 0.00228399
2 0.0587976 0.0833003 0.117595 0.166601 0.00227033
0 0.165861 0.721284 0.319985 0.503452 0.00225518
2 0.778095 0.845004 0.435366 0.298391 0.00225049
0 0.196399 0.867522 0.368018 0.252557 0.00225031
2 0.893883 0.854064 0.210536 0.281398 0.00222907
2 0.644705 0.819289 0.670755 0.350337 0.00222217
2 0.519238 0.592902 0.253493 0.429065 0.0021949
1 0.466242 0.603001 0.242086 0.214898 0.00216062
1 0.07547 0.00876742 0.150327 0.0175348 0.00211691
2 0.532024 0.50609 0.228743 0.471733 0.00207708
2 0.961943 0.478995 0.0749897 0.419404 0.00200199
1 0.4246 0.594917 0.159819 0.193418 0.00196346
2 0.083488 0.0376776 0.166976 0.0753553 0.00194157
2 0.970415 0.532159 0.0591692 0.442067 0.00186772
2 0.0577951 0.0345975 0.11493 0.069195 0.00185518
2 0.0964927 0.00640577 0.192985 0.0128115 0.00179547
2 0.972364 0.463188 0.0552712 0.405447 0.00173966
1 0.106135 0.129747 0.21227 0.259493 0.00170888
1 0.957775 0.44249 0.0834797 0.566238 0.00166018
2 0.973339 0.598173 0.0533223 0.523824 0.00165079
1 0.0832053 0.110218 0.166411 0.220436 0.00156948
2 0.45697 0.557511 0.219057 0.255246 0.0015523
0 0.536461 0.382972 0.181673 0.208343 0.00153584
2 0.0978726 0.088184 0.195745 0.176368 0.00148064
2 0.975736 0.397558 0.0485272 0.460439 0.00146819
2 0.978366 0.655315 0.0432678 0.4508 0.00145925
2 0.512784 0.361529 0.149334 0.168343 0.00143377
2 0.0446251 0.0925596 0.0875279 0.185119 0.0014259
2 0.976158 0.287315 0.0476833 0.262706 0.00142536
1 0.12521 0.00432674 0.250419 0.00865347 0.00137608
1 0.144383 0.168777 0.288765 0.337553 0.00136729
1 0.492799 0.626759 0.300157 0.27203 0.00133481
2 0.0519523 0.101742 0.10161 0.203485 0.00133118
1 0.979896 0.678203 0.0402079 0.481923 0.00130882
2 0.107105 0.0309 0.214211 0.0618 0.00126924
1 0.953744 0.642802 0.0916948 0.653367 0.00126014
2 0.973881 0.301691 0.0522371 0.369211 0.00125498
2 0.981273 0.734477 0.0374543 0.310393 0.00124761
2 0.981443 0.675329 0.0371135 0.360251 0.00121648
2 0.929478 0.00384895 0.141044 0.00769791 0.00118318
1 0.98138 0.852941 0.0372402 0.181454 0.00117966
2 0.288853 0.556246 0.12933 0.207355 0.00115325
1 0.953948 0.328391 0.0910076 0.460734 0.00114315
1 0.941508 0.470576 0.116985 0.380354 0.00114098
2 0.556267 0.39117 0.144193 0.228114 0.00112256
2 0.972888 0.232681 0.0542239 0.311779 0.00111888
2 0.11575 0.162293 0.231499 0.324587 0.00111862
2 0.315038 0.572352 0.184273 0.241668 0.00111732
2 0.979647 0.809002 0.0407066 0.214268 0.00111354
2 0.964715 0.933572 0.0705703 0.124287 0.00111279
1 0.509476 0.714229 0.334059 0.450217 0.00111208
1 0.946799 0.764054 0.105479 0.471891 0.00111165
2 0.059881 0.192741 0.117799 0.385482 0.00110926
1 0.920847 0.000683473 0.157723 0.00136695 0.00110904
1 0.909024 0.00310219 0.173818 0.00620437 0.0011081
1 0.0546784 0.119756 0.107612 0.239513 0.00110595
1 0.942045 0.828374 0.114975 0.332475 0.00110559
2 0.971031 0.901826 0.0579378 0.16565 0.00110199
1 0.979522 0.888532 0.0409556 0.173278 0.00109955
1 0.884595 0.0424379 0.23081 0.0848758 0.00108922
0 0.554456 0.346548 0.161283 0.136811 0.00108402
0 0.508157 0.352805 0.124186 0.157913 0.00107022
1 0.393988 0.595888 0.177813 0.240098 0.0010683
1 0.206286 0.00338404 0.369526 0.00676809 0.00106501
2 0.781764 0.916234 0.16752 0.152084 0.0010613
1 0.768131 0.918968 0.145435 0.145351 0.00104928
2 0.0358581 0.334347 0.0704593 0.668694 0.00104894
1 0.87096 0.00457757 0.258081 0.00915514 0.00103328
2 0.145204 0.100056 0.290407 0.200111 0.0010331
1 0.946934 0.283418 0.105088 0.566836 0.00103202
2 0.413651 0.551835 0.134827 0.120601 0.00102571
1 0.834484 0.00327839 0.331032 0.00655678 0.00102431
0 0.77432 0.916171 0.158001 0.146094 0.0010215
2 0.0176584 0.659433 0.03459 0.681133 0.00101071
1 0.58861 0.696709 0.117026 0.201526 0.00101042
2 0.11401 0.222467 0.228019 0.32957 0.0010063
2 0.419673 0.490237 0.146203 0.271901 0.00100587
1 0.909123 0.0347075 0.181754 0.0694149 0.00100179
2 0.332955 0.608249 0.206679 0.327101 0.000993898
1 0.498472 0.399313 0.143612 0.242103 0.000993513
1 0.94466 0.875785 0.109382 0.22069 0.000992257
1 0.11786 0.0265671 0.235719 0.0531343 0.000991947
0 0.676262 0.136137 0.210457 0.272275 0.000988672
0 0.746489 0.135432 0.170219 0.270863 0.000988657
1 0.905735 0.0913424 0.185775 0.182685 0.000988418
1 0.473825 0.904566 0.180261 0.180035 0.000988341
1 0.821395 0.0254704 0.35721 0.0509408 0.000983179
2 0.0649086 0.23795 0.128809 0.4759 0.000981606
2 0.0444323 0.380806 0.0880732 0.761611 0.000979298
2 0.627902 0.815105 0.197107 0.204556 0.00097174
0 0.57814 0.358239 0.168011 0.171302 0.000968056
2 0.944846 0.39714 0.109973 0.360795 0.000967374
1 0.815663 0.996508 0.179345 0.00698401 0.000966083
2 0.940693 0.751658 0.118325 0.257259 0.000963965
2 0.923936 0.089612 0.152127 0.179224 0.000963725
2 0.944279 0.89675 0.110414 0.1839 0.000962034
0 0.601391 0.102659 0.318734 0.205318 0.000951377
1 0.935889 0.538623 0.128222 0.381503 0.000947669
1 0.921094 0.990748 0.157811 0.0185043 0.000942817
2 0.366518 0.0963373 0.214885 0.192675 0.000942608
2 0.954272 0.210003 0.0914566 0.374759 0.000939422
1 0.417042 0.500836 0.139623 0.230913 0.000939096
2 0.445379 0.00252259 0.351846 0.00504518 0.000936742
1 0.828633 0.0255265 0.267602 0.051053 0.000935233
1 0.331733 0.0290142 0.351064 0.0580284 0.000933061
2 0.0491048 0.184682 0.0975782 0.369365 0.000932838
2 0.808651 0.283002 0.12601 0.21691 0.000929803
2 0.152374 0.296884 0.186434 0.320722 0.000929133
1 0.466036 0.00198003 0.341084 0.00396007 0.000926685
1 0.732407 0.908079 0.254164 0.183843 0.000926114
1 0.675769 0.00215097 0.373831 0.00430193 0.000923427
2 0.946678 0.294301 0.106643 0.354714 0.000921099
1 0.0651369 0.99844 0.129912 0.00311963 0.000919983
2 0.705397 0.357152 0.156264 0.19475 0.000919326
1 0.910504 0.138342 0.177737 0.276684 0.000914314
1 0.939031 0.715673 0.121531 0.272411 0.00091326
2 0.669876 0.812139 0.104043 0.129328 0.000911405
1 0.393736 0.143494 0.163306 0.286988 0.000911049
0 0.72325 0.151573 0.201911 0.303145 0.000910603
2 0.593465 0.835932 0.289361 0.328136 0.000910556
0 0.53347 0.371468 0.100705 0.18018 0.000910014
2 0.500382 0.908648 0.205147 0.171695 0.000909072
2 0.0705721 0.366124 0.140671 0.495531 0.000908988
0 0.49433 0.374294 0.136635 0.203857 0.000907372
2 0.936944 0.687708 0.126099 0.310567 0.000906939
1 0.423397 0.667652 0.284836 0.367228 0.000904368
2 0.0258203 0.706741 0.050563 0.586517 0.000902735
2 0.945893 0.238001 0.108029 0.289539 0.000901678
1 0.802832 0.911101 0.193393 0.166539 0.000897581
1 0.920704 0.465086 0.154553 0.252398 0.000897507
1 0.866 0.0727473 0.259981 0.145495 0.000897015
2 0.13033 0.372097 0.206359 0.371582 0.000896675
2 0.0640092 0.714687 0.126999 0.264793 0.000896311
1 0.955377 0.960666 0.0892454 0.0786686 0.000895874
2 0.12051 0.310131 0.223769 0.402366 0.000895525
2 0.45133 0.0947142 0.259473 0.18904 0.000894132
2 0.560889 0.842373 0.319209 0.29925 0.000891287
2 0.785326 0.256828 0.107193 0.199975 0.000891149
2 0.198195 0.324036 0.187684 0.320156 0.000889014
1 0.938594 0.610156 0.122811 0.312824 0.000887188
2 0.756809 0.432382 0.153642 0.228857 0.000885658
2 0.820276 0.312832 0.157797 0.247495 0.000882329
2 0.829238 0.377958 0.184614 0.352263 0.000882055
2 0.857916 0.528238 0.0885173 0.181466 0.00088114
2 0.769369 0.248171 0.138556 0.241757 0.000881093
2 0.583307 0.699885 0.286559 0.194735 0.000880421
2 0.736295 0.383347 0.150185 0.233482 0.000876904
1 0.612906 0.885901 0.406334 0.228197 0.000876114
2 0.643128 0.00270824 0.360631 0.00541648 0.000874637
1 0.930127 0.971744 0.139746 0.0565125 0.000874516
2 0.691843 0.38435 0.211587 0.227665 0.000874442
2 0.540209 0.75324 0.322668 0.335059 0.000874243
1 0.0945709 0.998304 0.189142 0.0033916 0.000872672
1 0.861607 0.996566 0.16933 0.00686841 0.000872032
2 0.0269171 0.479537 0.0532402 0.906025 0.000871289
0 0.679902 0.361768 0.159704 0.185217 0.000871287
2 0.569108 0.00226765 0.375673 0.00453531 0.000871255
1 0.247533 0.996893 0.190566 0.00621454 0.000870663
1 0.286123 0.00299362 0.543571 0.00598724 0.000869421
1 0.874482 0.0257827 0.250845 0.0515655 0.00086816
2 0.806909 0.00371442 0.386183 0.00742883 0.000867351
2 0.6076 0.78062 0.253917 0.128859 0.000865765
2 0.676073 0.4547 0.262336 0.272836 0.000864495
2 0.316962 0.0941262 0.31168 0.188252 0.000864455
1 0.768011 0.995588 0.163195 0.00882343 0.000864367
1 0.526191 0.00296663 0.339954 0.00593325 0.000863901
1 0.371158 0.00375987 0.481592 0.00751974 0.000862826
