2 0.619131 0.357941 0.6206 0.408196 0.996922
0 0.918763 0.777583 0.126294 0.0875027 0.759633
0 0.573646 0.739787 0.230415 0.145926 0.438608
0 0.829527 0.653795 0.0527867 0.0668875 0.158242
2 0.574862 0.740794 0.238427 0.153609 0.0909145
0 0.869085 0.132985 0.0452657 0.0347431 0.0343762
0 0.824012 0.650559 0.0725641 0.0682165 0.0341003
2 0.616169 0.430979 0.601736 0.267376 0.030555
0 0.921305 0.744022 0.140401 0.29636 0.0145452
0 0.861244 0.131614 0.0608027 0.0447025 0.0144309
0 0.909104 0.78258 0.0944376 0.0767421 0.0118461
0 0.638302 0.734445 0.414694 0.16751 0.0117066
0 0.580361 0.717578 0.255121 0.211642 0.011572
0 0.0190323 0.981693 0.03763 0.0357296 0.0107472
0 0.441537 0.971892 0.0353056 0.0327641 0.00877752
0 0.882518 0.783572 0.0427871 0.041467 0.00852426
2 0.44903 0.185165 0.898059 0.370331 0.00790089
2 0.525164 0.22482 0.786344 0.222794 0.00727822
0 0.951332 0.768486 0.065333 0.0639351 0.00727624
0 0.922673 0.813165 0.138471 0.227958 0.00719183
0 0.574868 0.781722 0.238205 0.230277 0.007056
0 0.120711 0.86667 0.240167 0.26666 0.00678881
2 0.456293 0.247066 0.912586 0.494132 0.00678547
2 0.596823 0.238049 0.650759 0.172269 0.00622856
0 0.458384 0.976732 0.11738 0.0460539 0.00600714
2 0.615188 0.493214 0.612269 0.320119 0.00596997
0 0.575426 0.71617 0.228106 0.115184 0.0058861
0 0.165625 0.929088 0.33125 0.141823 0.00584102
0 0.828242 0.670943 0.0400695 0.031602 0.00565772
0 0.600995 0.596586 0.720678 0.4393 0.00548322
0 0.94509 0.759298 0.0661214 0.0497259 0.00544637
0 0.660284 0.747584 0.679431 0.303493 0.0052476
2 0.690414 0.337383 0.451924 0.364837 0.00500752
0 0.581165 0.83093 0.287197 0.335464 0.0049251
2 0.632568 0.211139 0.630888 0.233039 0.00488349
0 0.536853 0.54462 0.800719 0.549387 0.00484607
0 0.106157 0.888126 0.212314 0.223748 0.00479367
1 0.0952308 0.839056 0.187114 0.321887 0.00478666
0 0.829342 0.63775 0.0375327 0.0353878 0.00470432
2 0.169039 0.96615 0.338078 0.0677002 0.00468124
0 0.805172 0.757721 0.389657 0.340038 0.00440282
0 0.180309 0.868842 0.360618 0.262317 0.0043806
2 0.453741 0.130974 0.907483 0.256894 0.00432512
2 0.682879 0.192515 0.634243 0.283735 0.00421508
0 0.674758 0.816687 0.650484 0.328847 0.00409441
1 0.0619332 0.0643215 0.123866 0.128643 0.00402777
2 0.553533 0.542405 0.751435 0.676659 0.0040232
2 0.49309 0.323556 0.986181 0.499873 0.00397647
2 0.680257 0.264507 0.635461 0.284458 0.00396403
2 0.558547 0.0576589 0.524647 0.115318 0.00392698
2 0.393855 0.0568267 0.78771 0.111246 0.0039196
0 0.545845 0.723483 0.167092 0.116023 0.00390773
0 0.922157 0.727035 0.126177 0.191719 0.00387912
0 0.746497 0.741589 0.507006 0.394441 0.00386501
2 0.695996 0.0610277 0.457603 0.122055 0.00385476
2 0.385804 0.0562514 0.553935 0.111474 0.00385328
0 0.930372 0.704702 0.133976 0.355104 0.00383698
2 0.653819 0.141043 0.692362 0.282085 0.00372347
0 0.648691 0.0580179 0.664369 0.114374 0.00370196
0 0.880494 0.774947 0.21826 0.100619 0.0036667
0 0.699252 0.13459 0.601496 0.264271 0.00366409
2 0.637163 0.478326 0.635308 0.189402 0.00362933
2 0.283762 0.965648 0.567523 0.0687039 0.00361837
0 0.919674 0.865713 0.148486 0.268574 0.00361744
1 0.061521 0.132699 0.123042 0.258625 0.00361327
2 0.486797 0.629377 0.973594 0.706916 0.00361161
0 0.199984 0.819829 0.399969 0.360343 0.00357652
0 0.0889082 0.95988 0.177816 0.0802408 0.00354478
2 0.546672 0.0559905 0.750268 0.110452 0.00349125
0 0.562451 0.816949 0.604656 0.366102 0.00348294
2 0.134271 0.0573201 0.268543 0.11464 0.00343147
0 0.492867 0.758211 0.751595 0.365957 0.00343079
2 0.0926655 0.0619574 0.185331 0.123614 0.00341735
2 0.118554 0.824444 0.237108 0.351111 0.00341489
0 0.274584 0.886557 0.549167 0.226886 0.00337687
2 0.471401 0.527385 0.942803 0.855399 0.00337296
2 0.719892 0.385501 0.392134 0.342758 0.00331747
0 0.485803 0.531237 0.971605 0.770378 0.00329644
2 0.302735 0.861734 0.587151 0.276533 0.00328494
2 0.605841 0.818336 0.707217 0.363329 0.00327671
0 0.0434574 0.978314 0.0842125 0.043372 0.00326313
2 0.414649 0.367105 0.829298 0.486085 0.00325579
0 0.329933 0.967059 0.640256 0.065881 0.00324129
2 0.759999 0.20719 0.480002 0.350019 0.00321564
0 0.789867 0.071584 0.420266 0.137312 0.00321365
0 0.819563 0.0599332 0.360874 0.119866 0.00317378
0 0.206301 0.0574474 0.412602 0.114323 0.00314421
2 0.0758372 0.790638 0.151674 0.418724 0.00313753
2 0.207768 0.796188 0.415537 0.403414 0.00311997
0 0.774407 0.156877 0.451186 0.294301 0.00310426
0 0.90971 0.0602099 0.18058 0.12042 0.00308737
2 0.360128 0.791427 0.667501 0.40018 0.00305985
0 0.582266 0.394455 0.711747 0.469554 0.0030435
0 0.846859 0.689113 0.304437 0.518196 0.00302955
0 0.915041 0.0975732 0.169918 0.195146 0.00302689
2 0.699932 0.84456 0.600137 0.310879 0.00300524
0 0.377558 0.466355 0.755116 0.725864 0.00299969
1 0.432313 0.733125 0.814353 0.473641 0.0029935
1 0.0518828 0.539101 0.103766 0.722719 0.00297748
2 0.741097 0.293594 0.517806 0.416229 0.00297274
0 0.0991786 0.0570597 0.194137 0.109499 0.0029715
2 0.736686 0.868205 0.526627 0.26359 0.00296432
2 0.50238 0.825446 0.799839 0.339546 0.0029615
0 0.484973 0.97604 0.158828 0.0474052 0.00296087
0 0.933239 0.686103 0.133522 0.488031 0.00294657
0 0.926154 0.170424 0.147692 0.316715 0.00294603
0 0.351009 0.591833 0.702018 0.7028 0.00293872
0 0.391656 0.975115 0.594339 0.0497709 0.00293459
0 0.0715354 0.14733 0.143071 0.29466 0.0029329
2 0.370178 0.407368 0.740357 0.63227 0.00292976
0 0.421899 0.820991 0.800128 0.346622 0.0029248
2 0.938237 0.222584 0.123526 0.394624 0.00291899
0 0.379086 0.0563152 0.758173 0.108433 0.00291227
2 0.131026 0.762718 0.256983 0.421067 0.00290131
0 0.376262 0.878124 0.657963 0.243753 0.00290068
2 0.94908 0.274716 0.101841 0.426636 0.00288741
1 0.052237 0.278559 0.104474 0.557119 0.00287835
0 0.0576583 0.221387 0.115317 0.436087 0.00286737
0 0.396821 0.258453 0.793641 0.516905 0.00286655
0 0.71842 0.668371 0.563159 0.463952 0.00286192
0 0.368022 0.358257 0.736044 0.636483 0.00285086
0 0.272024 0.700142 0.528691 0.565466 0.00285038
2 0.943283 0.566072 0.113434 0.534733 0.00284918
0 0.409923 0.174801 0.819846 0.349601 0.00284261
0 0.194758 0.699749 0.389515 0.550688 0.00284037
0 0.924393 0.796819 0.138921 0.137397 0.00283647
0 0.766699 0.621054 0.466601 0.575098 0.0028283
2 0.95638 0.321589 0.0872399 0.428085 0.00282579
0 0.814725 0.645078 0.102861 0.0794936 0.00282359
0 0.262612 0.756787 0.444877 0.403382 0.00281132
1 0.0490627 0.394724 0.0981253 0.69342 0.00279205
0 0.394815 0.759493 0.698479 0.436993 0.00279063
0 0.222026 0.580118 0.444051 0.720228 0.00278772
2 0.685326 0.896492 0.48525 0.207016 0.00277116
2 0.0824758 0.688213 0.164952 0.57003 0.00276911
2 0.0634491 0.736547 0.126898 0.525983 0.00276446
0 0.496473 0.867812 0.529908 0.263303 0.00275562
0 0.0997882 0.949538 0.199576 0.0997098 0.00273903
2 0.766055 0.891706 0.452786 0.216588 0.0027012
1 0.507389 0.975506 0.42065 0.048988 0.00269756
0 0.270186 0.472086 0.540372 0.799404 0.00268382
1 0.0613671 0.619388 0.122734 0.693974 0.00268256
0 0.0628933 0.919253 0.123888 0.158259 0.00266735
0 0.937427 0.628698 0.125146 0.522212 0.00266267
2 0.555372 0.243818 0.146977 0.18056 0.00266205
1 0.555734 0.969961 0.464382 0.0600779 0.00266148
2 0.612719 0.930339 0.501778 0.139322 0.00265819
2 0.619804 0.864706 0.590045 0.270589 0.00264747
0 0.432106 0.726214 0.864213 0.530174 0.00263733
2 0.148437 0.665698 0.296873 0.577931 0.00262995
2 0.915401 0.89595 0.169198 0.2081 0.00260634
2 0.654509 0.527977 0.554833 0.534933 0.00258467
0 0.602632 0.776564 0.0740084 0.0733927 0.00257574
0 0.720394 0.560994 0.559211 0.618873 0.00257268
0 0.738938 0.360185 0.522125 0.424551 0.0025632
0 0.928424 0.758818 0.0931745 0.0511323 0.00256222
0 0.215996 0.244272 0.431992 0.488544 0.00255207
0 0.866225 0.866435 0.24936 0.26713 0.00253903
2 0.952891 0.422657 0.0942187 0.467055 0.00253566
0 0.440857 0.976292 0.0524384 0.0430836 0.00252143
0 0.0811917 0.589931 0.162383 0.70268 0.00251767
2 0.944101 0.460387 0.111798 0.470157 0.00249735
0 0.112263 0.622021 0.224526 0.649527 0.00249149
0 0.801302 0.656567 0.114984 0.0827495 0.00248809
0 0.560007 0.246924 0.157576 0.18662 0.00248015
0 0.220107 0.392574 0.440215 0.733685 0.00246925
0 0.943778 0.750318 0.0415609 0.0315516 0.00245789
0 0.735151 0.484828 0.529698 0.509578 0.00244692
0 0.0627507 0.452322 0.125501 0.713504 0.00241948
0 0.847722 0.653424 0.11015 0.0711958 0.00241347
0 0.0616658 0.30592 0.123332 0.545601 0.0024091
1 0.544816 0.22589 0.136254 0.139551 0.00238554
2 0.0660734 0.495996 0.132147 0.723756 0.00238553
2 0.823837 0.887174 0.352325 0.225652 0.00235619
0 0.464415 0.97513 0.218453 0.0497391 0.00230778
0 0.860477 0.140031 0.0657372 0.0655024 0.00230143
2 0.866746 0.901293 0.266508 0.197415 0.0022828
0 0.451884 0.976612 0.0672511 0.0447891 0.00228187
0 0.884915 0.776834 0.0457169 0.0301015 0.00217629
0 0.873629 0.644736 0.197194 0.0805985 0.00215221
0 0.795461 0.620239 0.143384 0.131615 0.00211372
0 0.913257 0.767539 0.0999507 0.0621591 0.00209428
2 0.587861 0.251961 0.221315 0.196077 0.00208373
0 0.814474 0.654799 0.0780095 0.0679568 0.00206074
0 0.830716 0.646388 0.0432577 0.0521031 0.00192871
0 0.518783 0.72419 0.111964 0.10106 0.00192698
0 0.0278925 0.979934 0.0515303 0.0401331 0.00191732
0 0.87349 0.129642 0.0456767 0.0417408 0.0018808
0 0.514391 0.68914 0.0527117 0.0363405 0.00185319
2 0.651087 0.270205 0.374369 0.219793 0.00182096
0 0.381505 0.975932 0.21187 0.0481363 0.00173833
0 0.82648 0.660794 0.0446131 0.0543753 0.00168729
0 0.565744 0.213382 0.0936401 0.114004 0.001686
0 0.14002 0.961651 0.280041 0.0766976 0.00158401
0 0.0648245 0.861429 0.128636 0.277141 0.00156698
2 0.540419 0.219922 0.140758 0.126271 0.00151702
0 0.589399 0.723733 0.15884 0.108591 0.00151413
1 0.613419 0.785531 0.0497625 0.056017 0.00150028
0 0.878608 0.136713 0.105436 0.0550977 0.00149482
1 0.575036 0.404252 0.471055 0.317708 0.00149192
0 0.536017 0.217469 0.147196 0.116623 0.00148698
0 0.903515 0.790021 0.080624 0.0587141 0.00147036
0 0.606192 0.747239 0.165425 0.140013 0.00144984
1 0.470186 0.404608 0.296472 0.155938 0.00143872
2 0.56259 0.700103 0.15099 0.0588739 0.00141314
0 0.611597 0.782624 0.0520841 0.0605386 0.00138855
1 0.62485 0.452841 0.36 0.21938 0.00137452
2 0.0553581 0.0134161 0.110716 0.0268323 0.00136309
0 0.130422 0.942323 0.260845 0.114983 0.00134138
0 0.52307 0.695563 0.0707072 0.0497669 0.00132608
0 0.0339234 0.983584 0.0678469 0.0317859 0.00130674
0 0.558742 0.702827 0.145402 0.0638393 0.00130607
0 0.771976 0.638549 0.178556 0.0973989 0.00129929
2 0.0537689 0.0535043 0.107538 0.107009 0.00129353
0 0.878339 0.646418 0.158221 0.11709 0.00128692
0 0.428589 0.97626 0.0811615 0.0440887 0.00128377
1 0.624821 0.253471 0.302296 0.197455 0.00128337
0 0.596197 0.697827 0.069064 0.0538518 0.00128303
0 0.868883 0.169453 0.197026 0.133655 0.001281
2 0.446688 0.390788 0.247428 0.13046 0.00128005
2 0.703621 0.264715 0.286574 0.191548 0.00127373
0 0.193396 0.950283 0.386792 0.0993919 0.00126971
2 0.566049 0.492852 0.393205 0.141961 0.00126704
0 0.490292 0.216535 0.22088 0.11992 0.0012542
0 0.838322 0.130718 0.105364 0.0538654 0.0012441
2 0.637599 0.489742 0.46232 0.139354 0.00122787
0 0.893799 0.63812 0.212403 0.0925928 0.00122718
1 0.922761 0.865917 0.152803 0.268167 0.00122461
0 0.790369 0.65205 0.147135 0.0711838 0.0012246
1 0.497185 0.237756 0.237159 0.169892 0.00122253
0 0.441709 0.199153 0.135628 0.110853 0.00121514
0 0.381544 0.96631 0.222042 0.0673807 0.00121007
1 0.0439365 0.0128638 0.087873 0.0257277 0.00121002
0 0.874864 0.680704 0.207517 0.140523 0.00120855
0 0.956711 0.778068 0.0537068 0.0289182 0.00120144
0 0.887172 0.127839 0.123184 0.0584055 0.00119167
2 0.92199 0.043805 0.15602 0.0848344 0.00118391
0 0.592668 0.209398 0.162065 0.107836 0.0011781
2 0.62217 0.793531 0.10098 0.0562387 0.00117765
1 0.91905 0.70004 0.145168 0.262092 0.00117608
0 0.620969 0.720891 0.132635 0.101343 0.00116925
0 0.845722 0.675556 0.192511 0.13112 0.0011677
2 0.0902111 0.0353261 0.180422 0.0703013 0.00115251
2 0.927216 0.0587772 0.145567 0.110254 0.0011491
0 0.881854 0.174206 0.122019 0.143843 0.00114817
2 0.892579 0.0526811 0.214843 0.105362 0.00114056
2 0.937287 0.0164919 0.125426 0.0329838 0.00114001
0 0.589571 0.891503 0.0804796 0.0669316 0.00113756
2 0.0451329 0.137393 0.0899805 0.274786 0.00113105
2 0.630981 0.447725 0.340357 0.228999 0.00112606
2 0.0561325 0.0698575 0.112265 0.139409 0.00112251
0 0.592274 0.2203 0.19639 0.125364 0.00112133
0 0.902007 0.600783 0.195986 0.210177 0.0011209
0 0.565364 0.887146 0.133892 0.0778477 0.00111896
0 0.405632 0.395734 0.155302 0.112934 0.00111347
0 0.714219 0.230072 0.209413 0.115521 0.00111328
2 0.506204 0.488897 0.298905 0.13529 0.00111128
2 0.0747985 0.0120654 0.149597 0.0241309 0.00111038
0 0.510463 0.744941 0.0857502 0.0532767 0.00110803
0 0.634399 0.707506 0.104488 0.0766875 0.0010996
1 0.498071 0.26477 0.259919 0.230561 0.00109434
2 0.0661231 0.0477554 0.132246 0.0955107 0.001094
2 0.948644 0.917518 0.102711 0.135414 0.00109378
2 0.557309 0.750668 0.186749 0.136603 0.00107763
2 0.755362 0.526965 0.176744 0.105649 0.00107666
2 0.584741 0.537485 0.438405 0.209613 0.00107474
0 0.585886 0.489693 0.333885 0.138531 0.00107161
0 0.961274 0.779846 0.0447688 0.0232242 0.00106749
0 0.40164 0.33637 0.160517 0.18805 0.00106648
0 0.443364 0.156283 0.242344 0.176809 0.00106603
1 0.561761 0.461436 0.433404 0.201683 0.00106374
0 0.441466 0.188514 0.181901 0.112665 0.00106255
0 0.591211 0.701403 0.087339 0.0589985 0.00106158
0 0.849 0.0791883 0.165534 0.152253 0.00106096
2 0.890144 0.0127831 0.195064 0.0255662 0.00105625
1 0.552643 0.764093 0.186044 0.117008 0.00103889
2 0.0341404 0.20004 0.0668847 0.400079 0.00103802
1 0.889831 0.138368 0.128233 0.116223 0.00103428
2 0.853595 0.0113489 0.199048 0.0226979 0.00103297
2 0.0186489 0.41929 0.0372978 0.571354 0.00103245
2 0.907078 0.465465 0.185426 0.214219 0.00103009
0 0.165036 0.969455 0.330072 0.0610898 0.00102695
0 0.905772 0.079054 0.188457 0.158108 0.00102429
0 0.62076 0.203918 0.222423 0.134392 0.0010239
2 0.522454 0.513174 0.381941 0.178039 0.00102231
2 0.905477 0.0793829 0.188185 0.157612 0.00102124
2 0.93731 0.0867243 0.125381 0.159724 0.00101799
2 0.0199931 0.320897 0.0393137 0.55991 0.00101687
0 0.406567 0.0106484 0.215973 0.0212968 0.00101618
0 0.657909 0.229955 0.209167 0.124643 0.00101519
0 0.381201 0.262258 0.251987 0.207796 0.00101379
2 0.491059 0.485105 0.352571 0.165688 0.00101261
0 0.819477 0.138765 0.150431 0.073574 0.00101247
2 0.907933 0.0154236 0.184135 0.0308471 0.00101214
2 0.580024 0.51716 0.304985 0.160395 0.00100958
2 0.972169 0.509918 0.0556623 0.128453 0.001009
0 0.822407 0.0105716 0.202008 0.0211431 0.00100648
0 0.89937 0.651975 0.201261 0.142359 0.00100464
2 0.0828417 0.113208 0.164233 0.184044 0.0010039
0 0.599961 0.892372 0.0682668 0.0770401 0.00100126
