2 0.451388 0.484276 0.458871 0.678655 0.993382
2 0.459478 0.63071 0.383199 0.381193 0.0186695
2 0.472192 0.559897 0.377306 0.505196 0.014477
2 0.45557 0.290201 0.464928 0.307057 0.0102671
2 0.143843 0.0245083 0.287686 0.0490166 0.00746329
2 0.482181 0.415087 0.403353 0.548889 0.00737928
0 0.174293 0.925118 0.0392374 0.126677 0.00639285
2 0.204397 0.0258006 0.384312 0.0516012 0.00637956
2 0.496142 0.390163 0.532244 0.43634 0.0062656
2 0.214424 0.0697226 0.427277 0.139445 0.00575989
2 0.448565 0.253724 0.672837 0.450069 0.0054794
2 0.611537 0.0682287 0.348843 0.136457 0.00532327
2 0.230225 0.0478397 0.428725 0.0956794 0.0052723
2 0.14907 0.0664929 0.296937 0.132986 0.00521181
2 0.556389 0.0603272 0.352268 0.120654 0.00520496
2 0.401856 0.0680522 0.464198 0.136104 0.00504189
2 0.365709 0.503604 0.635967 0.626144 0.00497241
2 0.299708 0.27492 0.592518 0.54984 0.00495579
2 0.460719 0.0597773 0.385586 0.119555 0.00492436
2 0.457287 0.0782758 0.478548 0.156552 0.00483896
2 0.130956 0.0375332 0.260353 0.0750665 0.00474345
0 0.19273 0.926484 0.081429 0.132889 0.00470556
2 0.707336 0.0802666 0.353071 0.160533 0.00465183
2 0.312591 0.512637 0.625182 0.843948 0.00453964
2 0.415562 0.671264 0.453647 0.339659 0.00448318
2 0.28803 0.0694535 0.47491 0.138907 0.00437981
0 0.244925 0.7099 0.0340781 0.0743008 0.0042786
0 0.175008 0.926831 0.10975 0.135487 0.00426642
2 0.37647 0.0766794 0.708528 0.153359 0.00412182
0 0.643775 0.0828086 0.496472 0.165617 0.00408823
2 0.800513 0.0847883 0.33046 0.169577 0.00406103
2 0.488231 0.242636 0.669779 0.311645 0.0040335
0 0.728396 0.0784028 0.417236 0.156806 0.00398031
0 0.680828 0.207454 0.614734 0.414909 0.0038833
1 0.0997063 0.0554401 0.199413 0.11088 0.00373838
2 0.109928 0.0636576 0.219856 0.127315 0.0037016
2 0.522867 0.747416 0.883059 0.495985 0.00369187
2 0.477496 0.702438 0.631549 0.595123 0.00364649
0 0.554912 0.215033 0.780553 0.428127 0.00361604
0 0.788144 0.214632 0.423712 0.429264 0.00351139
0 0.798971 0.0754638 0.368474 0.150928 0.00350696
2 0.433013 0.495598 0.40371 0.42017 0.00347772
0 0.765652 0.62234 0.456901 0.640762 0.00346076
2 0.284426 0.19694 0.566987 0.393879 0.00345862
2 0.116356 0.870948 0.231055 0.258103 0.003449
0 0.152202 0.936884 0.295546 0.126231 0.00339449
2 0.12514 0.927568 0.250281 0.144864 0.00334253
2 0.586451 0.278032 0.777882 0.556064 0.00334061
0 0.875473 0.582328 0.249053 0.635185 0.00333992
2 0.442055 0.373985 0.425664 0.335263 0.003317
0 0.131625 0.881598 0.253823 0.235126 0.00330504
0 0.843796 0.223268 0.312409 0.446537 0.00328788
0 0.246881 0.699134 0.0314957 0.0459383 0.00328323
0 0.613398 0.591512 0.713802 0.698966 0.00327113
0 0.579858 0.272674 0.672731 0.46445 0.00325976
0 0.307565 0.475324 0.61513 0.950647 0.00324948
0 0.781949 0.522258 0.436101 0.658939 0.0031973
0 0.853849 0.377883 0.292303 0.54728 0.00318328
2 0.17717 0.925945 0.0360035 0.128063 0.00317943
2 0.349128 0.714813 0.621731 0.570374 0.00317894
1 0.0586221 0.0911941 0.117244 0.182388 0.00315188
0 0.515515 0.819547 0.863099 0.345784 0.00313897
2 0.834848 0.828588 0.325469 0.342823 0.00312313
0 0.886265 0.667254 0.22747 0.548967 0.00312273
0 0.792753 0.361931 0.414495 0.530187 0.00311508
0 0.888326 0.290596 0.223348 0.51303 0.00310043
2 0.587185 0.623556 0.825629 0.737115 0.00309727
2 0.203577 0.94891 0.359582 0.102179 0.00309692
0 0.863492 0.104042 0.273015 0.208084 0.00309506
2 0.919262 0.0771147 0.161476 0.154229 0.00309355
0 0.861788 0.0765399 0.252442 0.15308 0.003071
0 0.687157 0.340922 0.585559 0.572876 0.00306912
0 0.913249 0.169005 0.173502 0.338009 0.00304277
2 0.333496 0.402519 0.529533 0.701306 0.00303949
1 0.573745 0.973701 0.502004 0.0525981 0.00302909
0 0.631936 0.977163 0.504367 0.045673 0.00302026
0 0.92959 0.503383 0.140235 0.616126 0.00301715
0 0.90824 0.396614 0.18352 0.5579 0.00301644
0 0.658909 0.501042 0.645337 0.728309 0.00300954
1 0.82954 0.980609 0.31162 0.038781 0.00300808
2 0.586959 0.381809 0.492265 0.488732 0.00298384
0 0.93842 0.262952 0.12316 0.525905 0.00298134
2 0.952679 0.324298 0.0946427 0.594072 0.00297788
0 0.710583 0.979431 0.431511 0.041139 0.00297787
2 0.186548 0.122524 0.373097 0.245047 0.00297717
0 0.588292 0.294103 0.543895 0.400689 0.00297518
2 0.105707 0.898769 0.211413 0.202462 0.00296079
2 0.861247 0.862808 0.277506 0.274383 0.00295456
0 0.958408 0.505632 0.0807755 0.706439 0.00294096
2 0.957963 0.419784 0.0829006 0.652536 0.00293577
2 0.673063 0.664285 0.641496 0.6068 0.00293339
2 0.138064 0.834122 0.266666 0.331354 0.00293132
0 0.811285 0.699467 0.377429 0.568476 0.00292967
2 0.633138 0.467998 0.646586 0.669802 0.0029229
0 0.789804 0.980731 0.344914 0.0385384 0.00291945
2 0.866887 0.979502 0.265393 0.0409958 0.00287505
0 0.0997018 0.124888 0.197771 0.249776 0.00287257
0 0.780372 0.849943 0.399903 0.298241 0.0028629
0 0.623281 0.833937 0.690411 0.320772 0.00285213
0 0.183632 0.905802 0.292421 0.185567 0.00284965
2 0.10464 0.808776 0.206157 0.382448 0.00284721
2 0.497127 0.770796 0.649167 0.436992 0.00284396
0 0.94237 0.617915 0.113801 0.607251 0.00283655
2 0.370416 0.6254 0.708181 0.646211 0.00283075
0 0.853141 0.723765 0.293718 0.526463 0.00281627
0 0.585379 0.368751 0.470962 0.480193 0.00281575
2 0.917278 0.95936 0.165443 0.0812808 0.00278548
0 0.458944 0.970594 0.501755 0.0588131 0.00277435
0 0.376318 0.778361 0.634023 0.424024 0.00277275
2 0.73752 0.73764 0.507317 0.492574 0.00275772
0 0.0498946 0.288828 0.0997892 0.577656 0.00273156
0 0.850692 0.795571 0.298617 0.408858 0.00271966
2 0.0647063 0.880334 0.129413 0.239333 0.00269934
0 0.164512 0.716895 0.32226 0.563959 0.00267707
0 0.133947 0.501051 0.266783 0.997899 0.00267634
2 0.141108 0.233109 0.282216 0.466219 0.00265458
0 0.891438 0.880766 0.212568 0.238468 0.00265232
2 0.119521 0.745472 0.237753 0.505817 0.00263341
0 0.436791 0.734402 0.640607 0.509454 0.00262519
0 0.361859 0.838129 0.621482 0.31983 0.00260581
2 0.0550265 0.788391 0.110053 0.423217 0.00259927
0 0.0485414 0.44 0.0966614 0.868828 0.0025931
2 0.93548 0.881133 0.129041 0.237735 0.0025838
0 0.360294 0.968752 0.512111 0.0624966 0.0025834
0 0.244348 0.962144 0.409973 0.0757117 0.00257893
2 0.245953 0.826869 0.466101 0.344953 0.00257173
0 0.24435 0.870157 0.365697 0.25599 0.002554
0 0.959239 0.637977 0.0796187 0.617237 0.00254503
0 0.0900037 0.204638 0.175834 0.406001 0.00253813
0 0.0558102 0.580379 0.10931 0.792573 0.00252218
0 0.894426 0.830147 0.210604 0.339706 0.00251818
2 0.952987 0.819395 0.0940255 0.361209 0.00249922
0 0.120239 0.267738 0.240477 0.535475 0.00247807
0 0.351411 0.615948 0.685475 0.768104 0.00247382
0 0.923933 0.718098 0.152135 0.542977 0.00246418
2 0.956421 0.743949 0.0871576 0.512103 0.00238568
0 0.159541 0.926769 0.14544 0.146462 0.00237767
2 0.108527 0.577254 0.212087 0.80895 0.00237479
0 0.0787107 0.511932 0.153345 0.844862 0.00237271
0 0.0845818 0.274586 0.166138 0.48255 0.00237086
0 0.0679274 0.661446 0.135855 0.677108 0.00234659
0 0.717267 0.798504 0.0456661 0.0656046 0.00187116
0 0.341497 0.602263 0.114933 0.268794 0.00182242
0 0.714639 0.792153 0.0533713 0.0854487 0.00178808
0 0.558224 0.237725 0.204763 0.165356 0.0016629
0 0.33513 0.631071 0.102625 0.200061 0.00150143
0 0.343176 0.312167 0.224745 0.176841 0.00147762
0 0.348669 0.383769 0.23748 0.302085 0.00146042
0 0.117432 0.909259 0.234864 0.171165 0.00139948
0 0.564878 0.266988 0.236338 0.220651 0.001347
0 0.24377 0.701827 0.0403549 0.0913098 0.00134155
0 0.293888 0.363436 0.118121 0.221042 0.00133224
1 0.0638174 0.00904736 0.12738 0.0180947 0.00128281
2 0.192176 0.927405 0.0674032 0.137365 0.00127718
0 0.161356 0.901762 0.157882 0.187111 0.00127653
0 0.539669 0.216522 0.194551 0.124759 0.00127083
2 0.437425 0.302799 0.324948 0.294298 0.00115662
2 0.566095 0.295933 0.242557 0.28258 0.00115642
0 0.295881 0.30684 0.122701 0.168911 0.00115468
2 0.0612512 0.0626596 0.122175 0.125319 0.00115178
0 0.226394 0.900635 0.221805 0.187785 0.00114727
0 0.370772 0.569861 0.182034 0.336694 0.00114347
0 0.54022 0.841981 0.179731 0.221682 0.00113455
1 0.196662 0.988277 0.21763 0.0234465 0.00113006
2 0.561818 0.347823 0.249025 0.39517 0.00112888
1 0.0505021 0.006761 0.101004 0.013522 0.00112858
0 0.337525 0.518923 0.136194 0.44187 0.00112119
0 0.189782 0.908799 0.152654 0.171888 0.00111916
2 0.96569 0.514787 0.0686191 0.252595 0.00111493
0 0.342453 0.452962 0.225206 0.47149 0.00111091
2 0.965051 0.418591 0.0698986 0.469122 0.00109422
0 0.294809 0.608708 0.176197 0.266357 0.00109264
0 0.328752 0.354693 0.192601 0.271976 0.00108988
0 0.170801 0.991859 0.204905 0.0162825 0.00108817
2 0.0606982 0.0881075 0.121396 0.176215 0.00108312
0 0.487918 0.198582 0.184404 0.0920044 0.00108213
2 0.935524 0.00385547 0.128951 0.00771095 0.00107786
0 0.357641 0.335095 0.273268 0.210071 0.00107355
0 0.603432 0.246343 0.181451 0.18523 0.0010698
2 0.965433 0.579239 0.0691348 0.344315 0.00106719
0 0.446085 0.270447 0.282387 0.234163 0.00106553
2 0.0898208 0.256967 0.179642 0.509987 0.00106445
1 0.127268 0.166183 0.254536 0.332366 0.00106379
1 0.0667405 0.865248 0.132488 0.246051 0.00106344
0 0.718716 0.765988 0.0655638 0.138253 0.00106261
0 0.43171 0.644601 0.323108 0.18508 0.00105851
2 0.365964 0.636795 0.175845 0.204115 0.00105098
0 0.518466 0.184376 0.133358 0.0590375 0.00104991
0 0.539713 0.888459 0.179991 0.199368 0.00104496
0 0.452342 0.238435 0.266493 0.168041 0.00103832
0 0.303149 0.695863 0.166577 0.0910372 0.00103348
0 0.477354 0.23722 0.17991 0.168342 0.00102479
2 0.964021 0.6892 0.0719582 0.505602 0.00102246
0 0.502941 0.102835 0.493947 0.20567 0.00102229
2 0.063621 0.240952 0.126171 0.481904 0.00102225
2 0.956236 0.942403 0.0875269 0.110461 0.00101925
0 0.923325 0.82635 0.152773 0.34391 0.00101585
2 0.56867 0.863254 0.169803 0.206758 0.00101384
2 0.964748 0.282224 0.0705034 0.332928 0.00101372
0 0.596532 0.856243 0.219904 0.220459 0.00101354
0 0.734734 0.72694 0.111899 0.219363 0.00100698
1 0.22417 0.994382 0.239914 0.0112357 0.00100464
0 0.742843 0.789335 0.105995 0.121005 0.00100394
0 0.242268 0.714132 0.0456158 0.0923809 0.00100335
2 0.593555 0.791507 0.288588 0.322762 0.00100267
2 0.0822811 0.04872 0.164562 0.0974401 0.00100021
2 0.0684423 0.821593 0.136885 0.356814 0.000999686
2 0.770339 0.0936789 0.188689 0.187358 0.000991496
2 0.869745 0.086517 0.166927 0.173034 0.000990263
0 0.0892114 0.867976 0.178423 0.246288 0.000987216
2 0.0621711 0.112366 0.122725 0.224731 0.0009849
0 0.505397 0.724324 0.139467 0.18223 0.000982429
0 0.602612 0.893511 0.182102 0.195013 0.000980923
0 0.235135 0.684816 0.074467 0.131181 0.000979099
0 0.853375 0.862179 0.219584 0.259412 0.000977558
0 0.503722 0.711304 0.274948 0.208879 0.000976871
0 0.782316 0.741338 0.181073 0.22206 0.000972931
2 0.0550004 0.646646 0.109675 0.706707 0.000969111
2 0.558224 0.725204 0.176584 0.188779 0.000968963
0 0.540599 0.755055 0.0949142 0.117931 0.000968823
2 0.0721806 0.478702 0.144361 0.288877 0.000968432
2 0.0629414 0.73925 0.125883 0.521501 0.000967133
0 0.0720653 0.405969 0.143032 0.439178 0.00096688
2 0.478859 0.792497 0.45562 0.37895 0.000957781
2 0.586568 0.805392 0.239775 0.145613 0.000954151
1 0.125 0.0963392 0.25 0.192678 0.00095129
1 0.404781 0.693234 0.335462 0.258458 0.000951202
2 0.359988 0.806818 0.349953 0.350346 0.000949104
0 0.957489 0.861057 0.0850229 0.233052 0.000948673
2 0.962267 0.767545 0.0754652 0.438343 0.00094611
2 0.959302 0.215992 0.0813967 0.304422 0.000944923
1 0.256916 0.996753 0.252363 0.00649335 0.000944637
0 0.30676 0.511757 0.16928 0.499025 0.000944618
1 0.399275 0.299045 0.383769 0.288321 0.00094151
2 0.0623661 0.447441 0.124732 0.782563 0.000941088
0 0.246919 0.727383 0.0456173 0.126778 0.000937487
0 0.947026 0.973096 0.105949 0.053809 0.000935832
2 0.346623 0.717194 0.255059 0.116254 0.00093498
0 0.632374 0.836519 0.220145 0.251605 0.000932488
0 0.26469 0.643164 0.159919 0.211996 0.000931702
0 0.916821 0.860293 0.164207 0.252347 0.000928027
0 0.857313 0.997439 0.207071 0.0051228 0.000926155
2 0.317236 0.826533 0.254359 0.346934 0.000925443
0 0.545317 0.877883 0.272776 0.244235 0.000923643
0 0.6092 0.799782 0.269652 0.318869 0.000923318
0 0.775814 0.996925 0.280433 0.00614984 0.000922598
0 0.667394 0.176607 0.13731 0.130559 0.00092123
2 0.0820736 0.165065 0.164147 0.33013 0.000918924
0 0.76864 0.762703 0.170885 0.159592 0.000918633
0 0.520062 0.739256 0.120439 0.15063 0.000915164
2 0.960381 0.840789 0.0792389 0.284783 0.000914829
0 0.458277 0.785943 0.415626 0.361948 0.000912099
2 0.823375 0.0926225 0.192715 0.185245 0.000910869
2 0.960923 0.531669 0.0774257 0.544362 0.000910565
0 0.232347 0.841098 0.269383 0.312527 0.000908863
0 0.511692 0.997139 0.290478 0.0057226 0.000907017
0 0.0637105 0.630122 0.126065 0.346517 0.0009042
2 0.287411 0.797244 0.168118 0.27497 0.000903221
0 0.305177 0.416372 0.146104 0.369924 0.000901068
2 0.508406 0.834627 0.417218 0.330746 0.000900382
0 0.716376 0.0900068 0.193278 0.180014 0.000899403
2 0.0434405 0.612374 0.0858628 0.767259 0.000898446
0 0.825973 0.903827 0.182881 0.174995 0.000897318
1 0.144476 0.996704 0.238964 0.00659235 0.000895393
0 0.52553 0.837871 0.235216 0.272268 0.00089502
2 0.0767448 0.226119 0.152315 0.452237 0.00089477
0 0.411737 0.105178 0.239634 0.210356 0.000893892
0 0.674595 0.789152 0.133993 0.100422 0.000891108
0 0.257161 0.592354 0.178185 0.317932 0.00089059
0 0.0547324 0.591379 0.108453 0.312772 0.000888079
0 0.655833 0.996598 0.299983 0.00680347 0.000887731
2 0.930921 0.427489 0.138159 0.374138 0.000886056
0 0.835687 0.997162 0.260297 0.00567554 0.000885512
0 0.276492 0.834669 0.307036 0.330662 0.000882478
2 0.0810366 0.00470717 0.162073 0.00941435 0.000882077
1 0.286827 0.997491 0.263561 0.00501794 0.000881503
0 0.90227 0.792392 0.155055 0.23929 0.000881454
2 0.642114 0.736057 0.226437 0.318783 0.000880436
2 0.0724171 0.761756 0.143618 0.38984 0.000880248
0 0.896717 0.997295 0.180707 0.00540967 0.000879383
0 0.340791 0.997356 0.257855 0.00528729 0.000878915
0 0.742349 0.127608 0.18408 0.255216 0.000875358
2 0.580082 0.718369 0.268276 0.233197 0.000875062
1 0.753155 0.863044 0.148707 0.250291 0.000874459
2 0.51898 0.841686 0.309729 0.316629 0.000874417
0 0.0967962 0.394814 0.193592 0.433572 0.000873464
0 0.726804 0.830581 0.0817284 0.199614 0.000873226
0 0.362316 0.112194 0.244456 0.224387 0.000872841
2 0.433476 0.824477 0.329661 0.351045 0.000872659
2 0.613987 0.0899835 0.235853 0.179967 0.000872415
2 0.68697 0.0889807 0.196281 0.177961 0.000872112
2 0.255121 0.761481 0.155737 0.203008 0.000871707
0 0.0926723 0.810382 0.185345 0.379236 0.000871035
0 0.658508 0.749019 0.182892 0.247155 0.000869942
2 0.102259 0.339998 0.20394 0.410729 0.000869767
0 0.73077 0.996792 0.286359 0.00641608 0.000868433
0 0.396619 0.097104 0.531818 0.194208 0.000868351
0 0.35441 0.851261 0.215591 0.287481 0.000868217
0 0.643094 0.132393 0.196735 0.264786 0.000867724
2 0.638006 0.64753 0.212772 0.307992 0.000866998
