0 0.544421 0.391441 0.678831 0.450406 0.595432
0 0.551403 0.749031 0.406569 0.399179 0.495197
0 0.552562 0.308092 0.690837 0.285137 0.485858
0 0.529162 0.883874 0.246019 0.123144 0.425281
0 0.921426 0.873396 0.154605 0.144473 0.384591
0 0.586938 0.70053 0.479428 0.52911 0.262521
0 0.540824 0.546143 0.67289 0.763423 0.253555
0 0.473519 0.32289 0.524384 0.317075 0.195349
0 0.382267 0.24107 0.351243 0.138913 0.100507
0 0.618862 0.582828 0.518004 0.668701 0.0971211
0 0.57177 0.583205 0.348749 0.226517 0.0855811
0 0.382176 0.280702 0.367897 0.222872 0.0544021
0 0.727213 0.399831 0.290444 0.154731 0.0439903
0 0.675312 0.972198 0.226443 0.0551895 0.0342551
0 0.552095 0.747462 0.398286 0.241408 0.0278118
0 0.920822 0.853187 0.158357 0.240351 0.0226685
0 0.921776 0.851994 0.14976 0.10136 0.0195869
0 0.625066 0.231563 0.172381 0.110022 0.0164385
0 0.470233 0.262182 0.515868 0.208749 0.0154905
0 0.550331 0.884005 0.363694 0.134944 0.0137293
0 0.562171 0.838229 0.399636 0.230103 0.0132493
0 0.581466 0.316865 0.314823 0.259469 0.0111563
0 0.681482 0.852231 0.637035 0.259167 0.010863
0 0.604702 0.48059 0.296617 0.106937 0.00995286
0 0.593178 0.870204 0.804706 0.227855 0.00968107
0 0.446124 0.559034 0.892249 0.827021 0.00965173
0 0.682996 0.900572 0.634007 0.192765 0.0090619
0 0.642794 0.380135 0.460955 0.413428 0.00833615
0 0.671028 0.789361 0.657945 0.365844 0.0076447
0 0.612421 0.64799 0.626306 0.661992 0.00721235
0 0.595888 0.554426 0.317048 0.251196 0.00719834
0 0.501866 0.909723 0.667981 0.180554 0.00614528
0 0.57046 0.231787 0.290284 0.11267 0.00610501
0 0.721714 0.97312 0.102138 0.0537592 0.00604497
0 0.769019 0.398383 0.205009 0.157438 0.00598614
0 0.921833 0.786242 0.156333 0.356707 0.00582963
0 0.640918 0.476212 0.222829 0.0978852 0.00562543
0 0.567104 0.234964 0.678961 0.193744 0.00538011
0 0.719765 0.972912 0.315185 0.0532137 0.00533693
0 0.872873 0.900859 0.254253 0.198283 0.00501353
0 0.45153 0.757629 0.90306 0.400859 0.00480793
0 0.662386 0.376315 0.41684 0.246998 0.00449832
0 0.436964 0.908813 0.817014 0.182375 0.0044749
0 0.730467 0.395508 0.136687 0.131927 0.00426185
0 0.421229 0.706477 0.0859077 0.0641702 0.00421963
0 0.52382 0.731538 0.330132 0.196748 0.00414535
0 0.587064 0.972956 0.405273 0.0540886 0.0040879
2 0.46572 0.568843 0.93144 0.84593 0.00404928
0 0.494574 0.17612 0.600644 0.348176 0.00404548
0 0.559463 0.708257 0.385949 0.187676 0.00400601
0 0.751306 0.0590261 0.497388 0.115102 0.00400134
0 0.418837 0.70184 0.0767435 0.0490295 0.00398579
2 0.549866 0.0633144 0.551512 0.126629 0.00395697
0 0.300098 0.0606639 0.600196 0.119279 0.00393118
0 0.695693 0.0641667 0.443609 0.128333 0.0038205
0 0.403517 0.685886 0.807033 0.621005 0.0037933
0 0.432791 0.063708 0.535508 0.127416 0.00378135
0 0.622784 0.724574 0.754433 0.526181 0.00373605
0 0.586775 0.0573716 0.654229 0.112526 0.00371574
0 0.442764 0.740961 0.180817 0.167532 0.00369373
0 0.719074 0.21039 0.561852 0.411525 0.00362943
0 0.495756 0.881779 0.175451 0.126834 0.00362106
0 0.224782 0.704522 0.449565 0.58927 0.00360092
0 0.668073 0.324755 0.663854 0.409468 0.00354886
2 0.223478 0.584112 0.446955 0.820988 0.00353655
0 0.869879 0.771903 0.260242 0.438902 0.00352608
0 0.620515 0.224548 0.133861 0.0971413 0.00349145
0 0.615442 0.147835 0.769116 0.293884 0.00348597
0 0.883972 0.874746 0.224908 0.150864 0.00348473
0 0.211169 0.0621595 0.422338 0.124319 0.00347847
0 0.869696 0.228512 0.260608 0.429514 0.00347417
0 0.825412 0.0651588 0.338421 0.130318 0.00346818
0 0.814267 0.0942534 0.371465 0.185128 0.0034657
2 0.377201 0.206434 0.754401 0.412868 0.00346412
0 0.847418 0.186143 0.305163 0.372286 0.00345791
0 0.638377 0.525512 0.475787 0.440956 0.00340216
0 0.158631 0.0623763 0.317263 0.124753 0.00339359
0 0.927883 0.777069 0.144235 0.426422 0.00337565
0 0.0680216 0.0628129 0.136043 0.125626 0.00337316
0 0.368981 0.215639 0.737961 0.427953 0.00333955
0 0.0990198 0.0631526 0.19804 0.126305 0.00330208
0 0.909708 0.144819 0.180584 0.289638 0.00329711
2 0.627655 0.238582 0.162407 0.116139 0.00329556
0 0.245119 0.764384 0.490239 0.46179 0.00329146
0 0.917524 0.071263 0.164952 0.142526 0.00324996
0 0.951917 0.228946 0.096167 0.415444 0.00323208
2 0.168709 0.610231 0.337417 0.753907 0.00322649
0 0.939593 0.192579 0.120814 0.378808 0.00321551
1 0.453522 0.550766 0.907045 0.780691 0.00321543
0 0.198635 0.564956 0.39727 0.836804 0.00320922
0 0.78925 0.320504 0.4215 0.450064 0.00317061
0 0.133255 0.690384 0.26651 0.579065 0.00310936
2 0.108416 0.910241 0.216833 0.179518 0.00310811
2 0.451194 0.19839 0.564809 0.394138 0.00310705
2 0.151072 0.903473 0.302143 0.193055 0.0030642
0 0.753424 0.739636 0.493152 0.501293 0.00305944
0 0.396497 0.807691 0.792995 0.290467 0.00305434
0 0.105812 0.611541 0.211623 0.727132 0.0030475
0 0.398052 0.395347 0.796105 0.671772 0.00303055
0 0.939547 0.710344 0.120906 0.5253 0.00302714
0 0.234013 0.171119 0.468025 0.342238 0.00302625
2 0.430196 0.27734 0.757703 0.411685 0.00296582
0 0.0909973 0.226206 0.181995 0.452413 0.00292193
0 0.0690889 0.375432 0.138178 0.659443 0.00291552
2 0.175174 0.78486 0.350348 0.423002 0.00289743
0 0.952408 0.316293 0.0951838 0.428726 0.00289521
2 0.118015 0.59368 0.236031 0.794473 0.00282308
0 0.448336 0.885846 0.896673 0.164928 0.00281351
0 0.916974 0.885695 0.166051 0.171416 0.00280009
0 0.107178 0.72623 0.214356 0.515171 0.00279758
0 0.0833977 0.547747 0.166795 0.733758 0.00279709
0 0.151512 0.739491 0.303024 0.509759 0.00278655
0 0.329488 0.524943 0.658976 0.781878 0.00278499
0 0.957375 0.441847 0.085249 0.463573 0.00278362
2 0.0863459 0.881771 0.172692 0.236459 0.00276148
0 0.287175 0.797081 0.574351 0.402159 0.00273171
0 0.695171 0.572547 0.609658 0.559971 0.00270649
2 0.170551 0.844581 0.341103 0.299663 0.00268022
0 0.0705461 0.84564 0.141092 0.30872 0.00267284
0 0.217139 0.305727 0.434279 0.591402 0.00266881
0 0.16528 0.401839 0.33056 0.730164 0.00266386
2 0.126402 0.775799 0.252804 0.435233 0.00266263
0 0.463585 0.844539 0.92717 0.281455 0.00263944
2 0.121726 0.84945 0.243452 0.293058 0.0026383
0 0.711503 0.422907 0.328164 0.20501 0.00262894
0 0.0897529 0.803653 0.179506 0.392695 0.0026274
0 0.941734 0.592623 0.116532 0.527223 0.00261818
0 0.736954 0.434073 0.526093 0.430728 0.00258184
0 0.130648 0.46746 0.261297 0.744847 0.00255151
2 0.42163 0.838739 0.843259 0.322522 0.00251199
2 0.162796 0.880263 0.325592 0.235472 0.00251074
0 0.621958 0.260771 0.209973 0.172409 0.00247421
0 0.38199 0.878628 0.76398 0.242744 0.00243224
2 0.196322 0.908098 0.392643 0.183805 0.00243206
0 0.527832 0.807432 0.334476 0.292418 0.0023825
0 0.609654 0.745869 0.280396 0.234651 0.00237111
2 0.342537 0.897164 0.685073 0.205672 0.00232369
0 0.292603 0.24479 0.156849 0.11582 0.00201867
0 0.523998 0.706293 0.318049 0.140835 0.00193131
0 0.510413 0.240086 0.415385 0.135152 0.00187847
0 0.723232 0.950083 0.252602 0.0998337 0.00184873
0 0.687647 0.972317 0.153911 0.0546764 0.00183965
0 0.456399 0.716289 0.179504 0.107948 0.0017802
0 0.40226 0.297036 0.483948 0.252956 0.00174602
0 0.568216 0.971525 0.580384 0.0569505 0.00168307
0 0.699452 0.379867 0.344641 0.195534 0.00164301
2 0.763663 0.969776 0.472674 0.0592096 0.0016116
0 0.42795 0.718797 0.103917 0.0835645 0.0016094
0 0.776187 0.952672 0.358771 0.0946563 0.00156658
0 0.539307 0.564673 0.255587 0.182427 0.00154772
0 0.663352 0.0113965 0.199573 0.0227931 0.00150163
0 0.604981 0.504582 0.30314 0.168835 0.00149422
0 0.482392 0.988402 0.363039 0.023196 0.00147807
0 0.897903 0.869785 0.0892794 0.0357224 0.0014703
0 0.640729 0.252844 0.159198 0.156053 0.00146941
0 0.63384 0.943712 0.33962 0.112576 0.00145813
0 0.692581 0.0506805 0.238773 0.0999943 0.00144916
0 0.497264 0.585736 0.177447 0.224456 0.00144404
0 0.735156 0.385127 0.113642 0.1007 0.00144298
0 0.512793 0.860817 0.186053 0.0715985 0.00141978
0 0.92335 0.956804 0.121739 0.0580612 0.00141812
2 0.910376 0.069846 0.179247 0.139374 0.00140346
0 0.650333 0.24212 0.121686 0.101972 0.00139514
0 0.419041 0.989505 0.134588 0.0208175 0.00137165
0 0.673968 0.231484 0.256867 0.111736 0.00134877
0 0.451781 0.988976 0.257207 0.0220459 0.00134717
2 0.691052 0.0569568 0.205009 0.113914 0.00133804
0 0.675017 0.460688 0.254498 0.13015 0.00133687
0 0.571241 0.647171 0.362394 0.3427 0.00133193
2 0.924693 0.0879165 0.150614 0.175833 0.00132349
0 0.711724 0.365488 0.0320447 0.0242021 0.00132081
2 0.933158 0.139819 0.133685 0.279637 0.00131909
0 0.70327 0.0114196 0.214215 0.0228392 0.0013121
0 0.636195 0.211817 0.0937366 0.0687762 0.00130933
0 0.509674 0.228795 0.301431 0.117898 0.00129478
0 0.510705 0.389358 0.123851 0.105594 0.00129338
0 0.496564 0.62308 0.177001 0.154966 0.00128988
0 0.610407 0.0115453 0.246575 0.0230906 0.00126914
0 0.357683 0.228664 0.292209 0.110467 0.00125089
0 0.541907 0.985574 0.477413 0.0288512 0.00124772
0 0.699185 0.973235 0.0745948 0.0535309 0.00124352
2 0.0508206 0.146408 0.101641 0.292815 0.00123445
0 0.542084 0.374767 0.200046 0.13168 0.0012285
2 0.0570653 0.0281441 0.114131 0.0562881 0.00122482
2 0.0860663 0.0836357 0.172133 0.163661 0.00122456
2 0.903278 0.0108741 0.182648 0.0217481 0.00122052
2 0.892503 0.0534947 0.209919 0.104365 0.00121221
0 0.452899 0.225908 0.26074 0.116309 0.00120751
0 0.304993 0.0124246 0.221139 0.0248492 0.00120745
0 0.614352 0.299697 0.230182 0.247166 0.00119626
0 0.916492 0.790658 0.152522 0.209646 0.00119615
0 0.776441 0.930074 0.371528 0.139852 0.00118269
2 0.0224955 0.173299 0.0449911 0.346597 0.00118209
0 0.480528 0.569873 0.146784 0.0996214 0.00118075
2 0.457517 0.238718 0.511792 0.139526 0.00117214
2 0.0797616 0.0666675 0.159523 0.133335 0.00115533
2 0.0932107 0.113343 0.186421 0.225449 0.00114412
0 0.738364 0.359373 0.090095 0.0736251 0.00114387
0 0.299468 0.22712 0.175998 0.129099 0.00114298
2 0.345734 0.0456612 0.313503 0.0906961 0.00112977
0 0.403601 0.0116189 0.253557 0.0232378 0.00112756
0 0.35596 0.98844 0.193692 0.0231201 0.00112156
2 0.93447 0.216837 0.131061 0.384325 0.00111756
2 0.96527 0.0187473 0.0694605 0.0374946 0.00111509
2 0.991526 0.125214 0.0169484 0.250427 0.00111118
1 0.574262 0.937324 0.447956 0.125352 0.00110674
0 0.493057 0.430565 0.0820721 0.0305642 0.00110671
0 0.463537 0.864167 0.205017 0.172133 0.00110512
0 0.36315 0.0127251 0.2539 0.0254502 0.00110291
0 0.458426 0.811879 0.201502 0.0577154 0.00110223
2 0.944402 0.672956 0.111197 0.0891737 0.00110109
0 0.947083 0.890158 0.105833 0.102955 0.00109754
0 0.511973 0.849191 0.0891013 0.0497044 0.00109555
2 0.751375 0.0496629 0.441809 0.0978279 0.00109542
0 0.414176 0.220934 0.252046 0.106256 0.00109282
2 0.992948 0.0939222 0.0141036 0.187844 0.00109061
0 0.54813 0.501161 0.178257 0.108922 0.00108649
0 0.607649 0.35416 0.317638 0.24108 0.00108235
2 0.0374697 0.0662757 0.0749393 0.132551 0.00108004
0 0.740385 0.973196 0.51923 0.0536086 0.00107513
0 0.386028 0.337383 0.354319 0.241755 0.00107297
0 0.924094 0.81055 0.151813 0.162121 0.00107217
0 0.907296 0.822782 0.185408 0.306153 0.00107178
0 0.929731 0.887129 0.140539 0.115044 0.00107144
0 0.336585 0.983442 0.179515 0.0331166 0.0010676
0 0.608088 0.0485769 0.364728 0.0945382 0.00106297
2 0.922946 0.464498 0.154107 0.199541 0.00105945
2 0.00923016 0.187666 0.0184603 0.375332 0.00105762
2 0.743218 0.0667291 0.296187 0.132757 0.00105757
0 0.717623 0.0765104 0.231655 0.151926 0.00105381
0 0.115757 0.98158 0.187068 0.0368394 0.00105378
0 0.48163 0.0110441 0.248318 0.0220881 0.00104963
2 0.948942 0.689365 0.0993822 0.128271 0.00104296
2 0.978675 0.0519724 0.04265 0.103945 0.0010393
2 0.17085 0.0495508 0.3417 0.0966192 0.00103818
0 0.868663 0.927022 0.262673 0.130751 0.00103649
0 0.235319 0.01227 0.248968 0.02454 0.00103437
0 0.748183 0.957931 0.503634 0.0772419 0.00103221
0 0.150592 0.0123438 0.261699 0.0246876 0.00102841
2 0.989177 0.172254 0.021647 0.344508 0.00102286
0 0.822881 0.0114118 0.250701 0.0228236 0.00102083
0 0.469728 0.68964 0.180969 0.130114 0.00101877
0 0.591106 0.464699 0.275584 0.121325 0.00101821
2 0.996269 0.683523 0.00746167 0.214271 0.00101613
2 0.0339281 0.219419 0.0678562 0.438838 0.00101559
2 0.822202 0.0684137 0.268722 0.132832 0.00101494
2 0.981852 0.0766044 0.036296 0.153209 0.00101396
2 0.0738446 0.0151324 0.147689 0.0302649 0.00101169
0 0.19067 0.89239 0.374556 0.215219 0.00101107
2 0.331288 0.241808 0.230345 0.12691 0.00101026
2 0.133071 0.128429 0.266143 0.252643 0.00100994
2 0.852822 0.889191 0.204404 0.137025 0.00100928
2 0.135432 0.0532911 0.270864 0.105189 0.00100393
2 0.438702 0.0399403 0.373706 0.0779403 0.00100116
0 0.919193 0.976818 0.161614 0.0459924 0.000996516
0 0.91524 0.425492 0.162713 0.131965 0.000992495
2 0.569052 0.0456664 0.42572 0.0887224 0.000990448
0 0.688712 0.422454 0.288687 0.132257 0.000988511
0 0.391223 0.707691 0.268328 0.248069 0.00098768
0 0.463002 0.669858 0.191721 0.205143 0.000986933
0 0.875053 0.896543 0.249893 0.181915 0.000985735
0 0.775351 0.0112425 0.257484 0.0224851 0.000983715
0 0.305587 0.292329 0.181785 0.117787 0.000983044
0 0.289167 0.977284 0.156418 0.0454325 0.000982731
2 0.983142 0.44349 0.0337154 0.211954 0.000982103
2 0.914277 0.438386 0.163208 0.12644 0.00098179
0 0.53393 0.854206 0.143794 0.0633612 0.000981272
0 0.51439 0.860835 0.368605 0.177052 0.000972294
2 0.904598 0.498239 0.190805 0.174857 0.000967015
2 0.287784 0.0484321 0.309253 0.0948089 0.000964578
0 0.628433 0.360407 0.214797 0.250511 0.000964389
2 0.99443 0.162767 0.011141 0.291921 0.000963798
0 0.752608 0.213659 0.27356 0.109154 0.000963088
0 0.714156 0.365552 0.0372288 0.0301284 0.00096178
0 0.244802 0.883689 0.423256 0.232622 0.000961121
2 0.693689 0.724818 0.105362 0.0613577 0.000960123
2 0.347959 0.0576676 0.217351 0.110984 0.000956824
2 0.995888 0.71627 0.00822406 0.165343 0.00095348
2 0.942073 0.222657 0.115855 0.241216 0.000952125
2 0.908884 0.456524 0.182233 0.158043 0.000950088
0 0.334159 0.360077 0.290359 0.198735 0.000949808
1 0.911624 0.10017 0.176751 0.200119 0.00094874
0 0.431121 0.753291 0.146636 0.140497 0.000942969
2 0.439386 0.915027 0.376801 0.169946 0.000942814
2 0.913768 0.118109 0.172463 0.227536 0.000942569
0 0.127987 0.895266 0.255974 0.209467 0.000938687
2 0.940749 0.659938 0.118503 0.194108 0.000938114
2 0.0155548 0.291913 0.0311095 0.575043 0.000936381
2 0.995458 0.242205 0.00908496 0.214759 0.000931745
2 0.994758 0.290876 0.0104841 0.188532 0.000930809
2 0.991163 0.471685 0.0176743 0.163148 0.000929492
2 0.935048 0.209765 0.129905 0.11456 0.000927098
2 0.147752 0.0650279 0.295504 0.124585 0.000927097
0 0.595638 0.0768588 0.225693 0.153718 0.000925133
2 0.91649 0.494247 0.16702 0.236033 0.000924937
0 0.917015 0.934641 0.160557 0.10405 0.000921877
2 0.85942 0.528934 0.279551 0.164434 0.000921426
2 0.987959 0.408789 0.0240823 0.246639 0.000919226
2 0.0318995 0.542802 0.063799 0.57174 0.000917479
0 0.622 0.593645 0.230142 0.111741 0.000916832
