1 0.556739 0.770167 0.596685 0.375607 0.975329
0 0.416504 0.213507 0.049092 0.0282293 0.0818765
1 0.635315 0.80132 0.729371 0.385745 0.0362975
1 0.685885 0.842633 0.628229 0.314734 0.021662
1 0.932645 0.970725 0.13471 0.0571903 0.0194048
1 0.889159 0.970586 0.221681 0.0588282 0.0185491
0 0.875401 0.161139 0.0992608 0.0710137 0.0126834
1 0.581762 0.809131 0.653298 0.381739 0.0116964
2 0.872496 0.163675 0.106842 0.0757497 0.0109517
1 0.780201 0.923854 0.439598 0.150529 0.0103295
0 0.859937 0.182758 0.139313 0.118008 0.0101464
0 0.417124 0.212457 0.0608937 0.0332263 0.00987045
1 0.763127 0.852465 0.472394 0.294087 0.00973753
1 0.571717 0.710997 0.551565 0.566986 0.00720209
1 0.763367 0.967225 0.473265 0.0644998 0.00558717
1 0.449239 0.767748 0.89466 0.421969 0.00485877
1 0.791238 0.890945 0.417525 0.21811 0.00456672
2 0.481093 0.575801 0.962185 0.778795 0.00427423
0 0.867377 0.169338 0.126208 0.0900298 0.00418065
0 0.479178 0.619465 0.746445 0.724662 0.00412023
1 0.933937 0.940961 0.132126 0.116285 0.00402243
1 0.905688 0.92639 0.188624 0.145253 0.00390813
0 0.26334 0.0514872 0.440755 0.102383 0.00386625
0 0.207636 0.047841 0.415272 0.0952569 0.00384767
2 0.444571 0.222669 0.779681 0.443577 0.00378561
0 0.339076 0.0550639 0.611507 0.106309 0.0037405
0 0.286565 0.705855 0.57313 0.580857 0.00373912
2 0.45306 0.519772 0.790441 0.713517 0.00373315
0 0.551328 0.894976 0.55728 0.136502 0.00367649
0 0.405584 0.703249 0.811168 0.56896 0.00362622
0 0.87505 0.303613 0.2499 0.548528 0.00358779
0 0.422938 0.560495 0.845877 0.832909 0.00357957
0 0.459312 0.177566 0.833444 0.350913 0.00357564
0 0.80011 0.404987 0.399781 0.750085 0.00355176
0 0.368903 0.754125 0.737806 0.480751 0.00352277
2 0.620172 0.48241 0.759656 0.812693 0.00349689
0 0.0844221 0.92514 0.16687 0.144217 0.00346688
1 0.48104 0.594707 0.96208 0.787536 0.00346384
0 0.889797 0.294105 0.220406 0.559794 0.00342131
0 0.839015 0.0678931 0.321969 0.135786 0.00341096
1 0.956347 0.770753 0.0873063 0.458495 0.00338887
0 0.76941 0.090963 0.461181 0.179294 0.00338773
0 0.339157 0.149439 0.678314 0.293145 0.00338672
0 0.720685 0.42371 0.55863 0.790992 0.00337563
0 0.680672 0.0637763 0.638655 0.126177 0.00332337
2 0.495645 0.180081 0.949922 0.356303 0.00329835
2 0.495759 0.37169 0.83705 0.473334 0.00329765
0 0.910639 0.196762 0.178721 0.373807 0.00329412
1 0.902204 0.78446 0.195591 0.423108 0.00328651
0 0.508284 0.894874 0.767519 0.210251 0.00326045
0 0.873371 0.159426 0.251207 0.304951 0.00324626
0 0.534403 0.0586078 0.816104 0.115058 0.00324052
1 0.455834 0.74836 0.911669 0.490946 0.00323472
0 0.840586 0.116193 0.318829 0.228026 0.00322326
0 0.775097 0.315889 0.449806 0.586346 0.00318104
2 0.344918 0.507423 0.653212 0.63731 0.0031806
1 0.430735 0.69371 0.861469 0.561988 0.00316978
2 0.296832 0.186224 0.593664 0.354264 0.00316933
0 0.423795 0.0609918 0.621564 0.121984 0.00314313
0 0.788608 0.159218 0.422784 0.318435 0.00314191
2 0.515557 0.0611585 0.563531 0.122317 0.00314143
0 0.886039 0.135326 0.227921 0.270651 0.00313966
0 0.890868 0.194064 0.211753 0.341426 0.00313235
0 0.25945 0.607938 0.5189 0.718265 0.00312244
0 0.522489 0.601595 0.955022 0.784641 0.00310136
0 0.124614 0.0527579 0.249228 0.105358 0.00309906
0 0.193252 0.150432 0.386503 0.298908 0.0030978
0 0.905057 0.0762146 0.189886 0.152429 0.0030789
0 0.894867 0.139648 0.19719 0.218751 0.00306097
2 0.328484 0.368042 0.574857 0.4277 0.00305089
0 0.083916 0.0560117 0.167832 0.112023 0.0030486
2 0.514404 0.264032 0.849043 0.342456 0.0030463
0 0.165498 0.760701 0.330996 0.464421 0.00304121
2 0.181296 0.770597 0.362591 0.457741 0.00303275
1 0.726035 0.788131 0.547929 0.418889 0.00302141
2 0.338971 0.279216 0.612725 0.400774 0.00299691
0 0.680201 0.160574 0.639597 0.321148 0.00299664
0 0.850766 0.425421 0.298469 0.733159 0.0029909
2 0.0503626 0.404136 0.100725 0.519162 0.00298361
1 0.606913 0.71165 0.786174 0.5767 0.0029779
2 0.213151 0.219053 0.426303 0.367423 0.00297736
1 0.140245 0.791199 0.28049 0.411586 0.00297402
0 0.113583 0.755458 0.227165 0.471798 0.00297348
0 0.088394 0.728771 0.176788 0.533168 0.00296806
0 0.168179 0.705197 0.336359 0.582297 0.00296207
0 0.891507 0.658076 0.216987 0.654768 0.0029568
0 0.0963173 0.695455 0.192635 0.579806 0.00295355
2 0.606195 0.226372 0.787609 0.37817 0.00295031
0 0.10656 0.841082 0.213119 0.317837 0.00293515
0 0.175929 0.184438 0.351859 0.357461 0.00290505
0 0.109072 0.212646 0.218144 0.425292 0.00289877
1 0.930405 0.709988 0.139191 0.554963 0.00289141
0 0.571865 0.81966 0.662347 0.36068 0.00289056
0 0.878323 0.607544 0.243353 0.738786 0.00289001
0 0.0787131 0.117018 0.157426 0.227457 0.00288198
2 0.0889551 0.246587 0.17791 0.44687 0.00286751
0 0.252312 0.277727 0.504625 0.388384 0.00286578
2 0.0643533 0.610845 0.128707 0.68328 0.00285507
0 0.207321 0.485285 0.414641 0.550226 0.00285215
2 0.0652747 0.329861 0.130549 0.500008 0.00284497
2 0.865173 0.478557 0.269653 0.796427 0.00283664
0 0.255702 0.365246 0.511405 0.451975 0.00283502
2 0.805096 0.226077 0.389808 0.4129 0.00282954
2 0.64148 0.278941 0.71704 0.456661 0.00282929
2 0.0535965 0.52827 0.107193 0.589848 0.00282439
2 0.247738 0.453034 0.495477 0.541861 0.0028135
0 0.419773 0.202629 0.0704913 0.0486086 0.00280559
1 0.954509 0.972806 0.0909828 0.0543873 0.00279192
0 0.0950398 0.87733 0.19008 0.24534 0.00277418
0 0.204992 0.393279 0.409984 0.49958 0.00275248
0 0.20146 0.298024 0.40292 0.411254 0.00275175
2 0.147882 0.445059 0.295764 0.509009 0.00274217
1 0.678019 0.711994 0.643963 0.571638 0.00273869
0 0.662898 0.779552 0.674204 0.440087 0.00272617
2 0.134662 0.381367 0.269323 0.483845 0.00271857
0 0.0995219 0.903489 0.199044 0.193023 0.00268624
0 0.148448 0.485099 0.296895 0.510992 0.00267737
0 0.462741 0.917781 0.76826 0.164438 0.00267548
0 0.603744 0.697484 0.792512 0.605033 0.00267207
2 0.13487 0.286673 0.26974 0.404451 0.00267172
2 0.0983621 0.853353 0.196724 0.293293 0.00266469
0 0.439907 0.894358 0.879815 0.210107 0.00262567
0 0.138081 0.609427 0.276161 0.688722 0.00262042
2 0.112115 0.903829 0.22423 0.192342 0.00246353
1 0.913965 0.957696 0.172071 0.0807965 0.00242017
0 0.117836 0.89529 0.235672 0.20606 0.00241962
0 0.462715 0.830407 0.925429 0.332132 0.00241329
2 0.954353 0.972091 0.0912944 0.0558188 0.00236827
1 0.653441 0.821032 0.390631 0.283603 0.00230287
0 0.229413 0.856079 0.458827 0.287842 0.00228649
2 0.147083 0.911886 0.294166 0.176228 0.00226501
0 0.874815 0.149801 0.107309 0.0474725 0.00203514
0 0.432286 0.195501 0.0971884 0.067416 0.00196015
0 0.434521 0.622122 0.161039 0.0693394 0.00183246
0 0.434626 0.643101 0.15496 0.111226 0.00174957
1 0.832592 0.93252 0.334817 0.132816 0.00168556
2 0.955072 0.979972 0.0898564 0.0392639 0.00165962
0 0.439761 0.669427 0.172845 0.168331 0.0016109
2 0.865949 0.179648 0.125677 0.105673 0.0015847
0 0.35192 0.907986 0.1546 0.073439 0.00157981
0 0.419173 0.22343 0.0645153 0.0783318 0.00154706
0 0.874496 0.175566 0.0991161 0.104012 0.00153995
1 0.43558 0.669196 0.174054 0.166347 0.0015122
0 0.356026 0.873757 0.158399 0.153949 0.00145702
0 0.442272 0.221872 0.107203 0.0489189 0.00144034
0 0.447569 0.251337 0.13563 0.122865 0.00142795
2 0.0879675 0.9327 0.174024 0.132681 0.00136494
1 0.671353 0.957802 0.657295 0.0842011 0.0013646
0 0.233196 0.0541536 0.275505 0.105151 0.00134787
2 0.42232 0.213857 0.067149 0.0325288 0.00133401
0 0.893079 0.188004 0.207402 0.170895 0.00132882
1 0.936963 0.925547 0.126073 0.148906 0.00131575
2 0.876485 0.154324 0.0971855 0.0508225 0.00130006
0 0.892007 0.250812 0.211785 0.312921 0.00129906
2 0.873931 0.0441465 0.25145 0.0857962 0.00124378
0 0.902337 0.130461 0.194167 0.156849 0.00121866
0 0.543718 0.968347 0.654445 0.0633049 0.00121376
0 0.901177 0.930313 0.197646 0.138519 0.00118203
0 0.426963 0.701854 0.205481 0.24318 0.00117623
0 0.49278 0.960166 0.580627 0.0796687 0.00116356
2 0.0901571 0.0608793 0.180314 0.121759 0.00116028
2 0.97027 0.0131173 0.0594608 0.0262346 0.00116009
0 0.501261 0.97302 0.850261 0.0539591 0.00115638
1 0.456907 0.221338 0.149214 0.126439 0.00114811
0 0.505063 0.204988 0.253877 0.0689774 0.00114222
0 0.830216 0.0120576 0.243456 0.0241152 0.00113567
2 0.0214004 0.137074 0.0428008 0.274147 0.0011319
2 0.00869591 0.162896 0.0173918 0.325793 0.00112759
0 0.444534 0.629528 0.164781 0.091035 0.00112296
2 0.869451 0.013392 0.226858 0.026784 0.0011201
0 0.350975 0.846953 0.177487 0.237315 0.00111393
2 0.897029 0.0717221 0.205941 0.143444 0.00110899
2 0.112488 0.0414101 0.224975 0.0819933 0.00109842
0 0.425171 0.759799 0.198273 0.204221 0.0010929
0 0.54502 0.375859 0.342388 0.246326 0.00108798
1 0.547091 0.227817 0.339112 0.168407 0.00108551
0 0.0928745 0.945721 0.184727 0.108558 0.00108329
2 0.0710405 0.0159722 0.142081 0.0319445 0.00108241
0 0.533727 0.217539 0.302439 0.153654 0.00107815
0 0.422827 0.801603 0.196162 0.195462 0.00107421
2 0.661671 0.353684 0.108307 0.047754 0.0010682
0 0.479669 0.978175 0.461055 0.0436506 0.00106806
2 0.905029 0.100453 0.189943 0.200906 0.00106565
0 0.437449 0.914779 0.31819 0.0906659 0.00106231
0 0.858441 0.145958 0.0720011 0.0354168 0.00105771
1 0.581702 0.819282 0.484375 0.292684 0.00105504
1 0.423022 0.235627 0.212581 0.140513 0.001049
2 0.137881 0.0612173 0.275763 0.122435 0.00104761
2 0.896842 0.160298 0.203479 0.267328 0.00104651
2 0.418273 0.0471885 0.536036 0.0929558 0.00104091
2 0.0799688 0.0114641 0.159938 0.0229282 0.00103864
0 0.264539 0.0702199 0.377961 0.14044 0.00103334
0 0.377224 0.865412 0.209825 0.174802 0.00102495
0 0.795257 0.923032 0.409487 0.153935 0.00102124
2 0.956851 0.0496548 0.0862982 0.0993096 0.00102019
1 0.606078 0.744954 0.457337 0.151136 0.00101878
2 0.928462 0.0106111 0.143077 0.0212221 0.00101761
2 0.550227 0.24162 0.382556 0.222733 0.0010176
0 0.600758 0.188837 0.202439 0.117024 0.00101284
0 0.122161 0.0107909 0.244323 0.0215819 0.0010066
0 0.024226 0.841744 0.048452 0.316513 0.00100268
0 0.375125 0.206468 0.146527 0.0426935 0.00100186
1 0.0284025 0.0325474 0.0568049 0.0650948 0.00100034
0 0.758645 0.0122488 0.232455 0.0244975 0.000999536
0 0.731524 0.71926 0.21812 0.0547996 0.000992893
0 0.524635 0.668077 0.386888 0.154317 0.00099221
0 0.559864 0.969936 0.880271 0.0601278 0.000991687
0 0.716024 0.0119801 0.22613 0.0239603 0.000991327
0 0.644465 0.0119038 0.250797 0.0238076 0.000991155
0 0.491978 0.0120108 0.286754 0.0240216 0.000981715
2 0.386192 0.0669107 0.454386 0.132458 0.000981433
0 0.517301 0.240341 0.269218 0.179312 0.000981321
2 0.0447999 0.203926 0.0895998 0.407851 0.000980977
0 0.221211 0.0855367 0.257225 0.167948 0.000980353
0 0.276164 0.52845 0.286582 0.253735 0.000979859
0 0.184398 0.351885 0.368795 0.305871 0.000968853
1 0.505751 0.903744 0.544167 0.112482 0.000966031
0 0.257257 0.504636 0.354628 0.284913 0.000963952
0 0.256059 0.311867 0.478157 0.247844 0.000963636
1 0.47665 0.688087 0.267761 0.213851 0.000962261
1 0.450846 0.153122 0.225598 0.159578 0.000957528
0 0.58762 0.207732 0.219203 0.140715 0.000956092
2 0.813862 0.0391201 0.353567 0.075461 0.000954559
0 0.115342 0.967977 0.230685 0.0640464 0.000952442
0 0.0148072 0.823386 0.0296145 0.353228 0.000952077
0 0.529023 0.355606 0.45898 0.324201 0.000951741
0 0.411168 0.884467 0.273448 0.14533 0.000948843
1 0.737606 0.82111 0.224284 0.261776 0.000947941
0 0.282592 0.070177 0.547283 0.140354 0.000943653
2 0.769259 0.229102 0.393674 0.214836 0.000943429
0 0.571844 0.34284 0.329665 0.357435 0.000940375
0 0.567782 0.0117116 0.247923 0.0234233 0.00093733
2 0.510156 0.0479529 0.43894 0.0941094 0.000935327
0 0.900329 0.0951272 0.199343 0.190254 0.000935127
0 0.197802 0.887878 0.395604 0.224245 0.000934283
2 0.612407 0.96057 0.775187 0.0788603 0.000933808
2 0.60337 0.0435121 0.332974 0.083132 0.000932669
0 0.210629 0.481055 0.338836 0.313467 0.000928169
0 0.368171 0.20962 0.284467 0.123033 0.000921409
0 0.555314 0.3136 0.430667 0.333584 0.000919991
0 0.427394 0.850556 0.305944 0.204829 0.00091916
0 0.24227 0.321743 0.345794 0.223423 0.000917229
2 0.0982782 0.0899587 0.196556 0.179917 0.000917213
2 0.0154789 0.61733 0.0309578 0.517009 0.000916577
0 0.481139 0.630671 0.254595 0.102538 0.000915698
0 0.588212 0.642976 0.412225 0.178785 0.000915601
0 0.728459 0.81393 0.233928 0.24493 0.000915233
0 0.569993 0.683469 0.39808 0.20021 0.000914761
2 0.977805 0.119926 0.0443903 0.219571 0.000914028
0 0.641175 0.187302 0.194785 0.115712 0.000913688
0 0.296645 0.271645 0.479911 0.280701 0.000912905
0 0.153306 0.0456387 0.306612 0.0908017 0.000912116
0 0.491972 0.0784453 0.287309 0.156891 0.000911404
0 0.526625 0.0672556 0.292189 0.134511 0.000910959
0 0.654455 0.0421951 0.358923 0.0804972 0.000910834
2 0.319181 0.0484344 0.638361 0.0968687 0.000906747
2 0.0299044 0.881086 0.0598087 0.237829 0.00090634
2 0.488621 0.0693251 0.349774 0.13865 0.000906207
1 0.474404 0.163961 0.215055 0.130803 0.000904419
1 0.451171 0.862482 0.355814 0.185876 0.000903828
0 0.59883 0.964905 0.802339 0.0701899 0.000903454
0 0.390135 0.360394 0.281695 0.224646 0.000903164
0 0.336973 0.820416 0.201325 0.30464 0.000901363
0 0.184351 0.244584 0.368701 0.266038 0.000901306
2 0.954308 0.0715032 0.0913831 0.143006 0.000901078
2 0.72785 0.0398756 0.410734 0.0762223 0.000900711
1 0.296472 0.27295 0.381546 0.297834 0.000899707
2 0.142764 0.0912034 0.285528 0.182407 0.000899667
1 0.31383 0.489282 0.429263 0.315226 0.000898861
2 0.917521 0.52446 0.164958 0.191163 0.000897556
2 0.0255823 0.752593 0.0511645 0.494814 0.000896735
0 0.33112 0.3633 0.286732 0.159373 0.000894588
0 0.611341 0.0636168 0.205115 0.122181 0.000893233
0 0.102375 0.322502 0.204749 0.181484 0.000892468
0 0.333001 0.0116087 0.337438 0.0232174 0.000892225
2 0.0213871 0.798567 0.0427742 0.402865 0.000889683
2 0.773146 0.0659936 0.291514 0.131725 0.00088954
2 0.77811 0.206821 0.327569 0.186081 0.000885819
2 0.0188137 0.54077 0.0376274 0.531889 0.000885724
0 0.190528 0.436791 0.381056 0.319798 0.000885649
0 0.780597 0.334116 0.352854 0.158175 0.000884124
1 0.384796 0.148159 0.284043 0.179946 0.000884088
0 0.16731 0.159244 0.329848 0.249531 0.000882861
0 0.40892 0.0117508 0.274831 0.0235017 0.000880321
2 0.937287 0.920237 0.125427 0.159526 0.000880311
0 0.165404 0.201937 0.330808 0.25489 0.000878686
0 0.745299 0.0771043 0.258209 0.154209 0.0008785
0 0.113593 0.368638 0.227185 0.221686 0.000878101
0 0.348359 0.355137 0.295665 0.206195 0.000877676
1 0.693678 0.886317 0.299234 0.146468 0.000877475
0 0.337379 0.384002 0.267011 0.12845 0.000875992
2 0.817934 0.0627818 0.278644 0.125564 0.000873247
0 0.550259 0.0755452 0.227949 0.15109 0.000871943
0 0.748723 0.727325 0.208507 0.0708808 0.000871341
0 0.343682 0.301987 0.448231 0.281054 0.000871183
0 0.117687 0.272021 0.235374 0.237523 0.00087036
2 0.987892 0.302146 0.0242161 0.155696 0.000868749
0 0.41905 0.39599 0.10239 0.0981982 0.000868521
0 0.575936 0.0653558 0.234792 0.126646 0.000868247
0 0.379429 0.389449 0.188545 0.116631 0.000868191
