2 0.50945 0.564882 0.974751 0.747604 0.98962
2 0.528323 0.710152 0.91984 0.479999 0.0628856
2 0.512929 0.788108 0.919342 0.402085 0.0460013
1 0.057744 0.893461 0.115488 0.211548 0.0286347
0 0.344932 0.115451 0.0755783 0.0465626 0.0270479
1 0.0594663 0.861223 0.118933 0.277553 0.0154113
2 0.521127 0.391049 0.957747 0.709125 0.0149738
2 0.5 0.835466 1 0.32743 0.0144193
1 0.559217 0.370532 0.852079 0.684435 0.0134362
1 0.586639 0.101791 0.121785 0.0827828 0.0116695
0 0.588773 0.102653 0.124917 0.0842905 0.00911487
1 0.328667 0.674977 0.657333 0.603741 0.00908553
1 0.18608 0.703642 0.372159 0.57606 0.00908495
2 0.587538 0.101032 0.126665 0.087167 0.00879624
2 0.482944 0.880491 0.965888 0.239018 0.00862726
0 0.810117 0.921314 0.0606113 0.0420727 0.00851679
2 0.462994 0.941053 0.925988 0.117894 0.00751112
0 0.0535131 0.844726 0.107026 0.102251 0.00693822
2 0.675594 0.455971 0.647146 0.512717 0.006439
1 0.0568926 0.754857 0.113785 0.485328 0.00608951
1 0.176303 0.891801 0.352607 0.214578 0.0060757
1 0.514699 0.373858 0.970603 0.485477 0.00581651
2 0.426049 0.64371 0.837777 0.558341 0.00578132
1 0.724853 0.216744 0.5433 0.347796 0.00563023
1 0.107261 0.712527 0.214522 0.570258 0.00559574
1 0.658143 0.0729669 0.378742 0.145934 0.00545867
1 0.722212 0.160874 0.489632 0.222106 0.00545759
2 0.714695 0.325226 0.57061 0.557909 0.00543872
2 0.705093 0.398199 0.579676 0.393471 0.00542434
0 0.0245029 0.0217111 0.0490058 0.0415847 0.00536364
1 0.553251 0.0753709 0.546338 0.150742 0.00500936
1 0.746309 0.168526 0.507382 0.30202 0.00493829
1 0.719195 0.101872 0.471482 0.1795 0.00490039
1 0.497128 0.208399 0.994256 0.379331 0.00460054
1 0.279232 0.410487 0.558463 0.805994 0.00457852
1 0.466195 0.109171 0.9225 0.214749 0.00456292
2 0.584859 0.0704281 0.532105 0.13547 0.00454584
1 0.581363 0.182291 0.792105 0.277003 0.00454046
2 0.266228 0.62367 0.50312 0.509056 0.00443309
2 0.424027 0.96931 0.848053 0.0607704 0.00437537
2 0.747079 0.583881 0.493597 0.712779 0.00435281
1 0.482953 0.310394 0.965905 0.620789 0.00434093
1 0.645531 0.147972 0.59189 0.186689 0.0043069
1 0.0382507 0.898821 0.0765013 0.201532 0.00416688
2 0.16977 0.696701 0.327521 0.580818 0.00414633
2 0.293741 0.7059 0.58035 0.443236 0.0040099
0 0.0746022 0.0475624 0.149204 0.0943535 0.00398561
2 0.274561 0.501205 0.508581 0.408571 0.00398473
2 0.0556413 0.896278 0.111283 0.207444 0.00394427
1 0.444523 0.15829 0.889046 0.314558 0.00393755
1 0.441511 0.0660679 0.756318 0.1307 0.00392359
2 0.10574 0.0431298 0.211479 0.0855526 0.00391396
1 0.734517 0.0676723 0.45398 0.135345 0.00385968
2 0.78947 0.830945 0.40832 0.33811 0.00385654
2 0.0372426 0.84396 0.0744851 0.0965784 0.00380839
2 0.668605 0.793946 0.65881 0.412109 0.00380814
1 0.75311 0.249519 0.493781 0.476951 0.00371423
2 0.337647 0.406924 0.675295 0.729087 0.00354238
2 0.751862 0.414374 0.495555 0.54945 0.00346918
2 0.385683 0.895277 0.771366 0.209446 0.00345418
2 0.196155 0.608284 0.34779 0.621536 0.00343486
0 0.0644534 0.0645815 0.128907 0.125157 0.00340612
2 0.224027 0.540844 0.416096 0.494523 0.00339732
0 0.389085 0.298851 0.778171 0.597702 0.00336234
2 0.782683 0.740068 0.433329 0.519864 0.00335988
0 0.754565 0.153989 0.490869 0.304311 0.00330454
1 0.0581751 0.814041 0.11635 0.320302 0.00327265
0 0.400072 0.0596093 0.779637 0.117607 0.00326859
2 0.40776 0.86016 0.569564 0.147089 0.00321687
0 0.13956 0.0454091 0.279119 0.0904907 0.00318887
1 0.228823 0.347913 0.457647 0.695826 0.0031633
2 0.510079 0.910732 0.869229 0.178535 0.0031093
2 0.796165 0.772163 0.407671 0.449796 0.00309678
0 0.323695 0.469675 0.615054 0.627384 0.00309384
0 0.788566 0.0637529 0.403409 0.127506 0.00308834
2 0.380978 0.322727 0.761956 0.562263 0.00303541
0 0.900707 0.194419 0.198587 0.388838 0.00302862
2 0.692504 0.717081 0.593327 0.513802 0.00300356
0 0.171209 0.638505 0.342418 0.710338 0.00299674
0 0.226568 0.0517968 0.453136 0.10291 0.00297293
1 0.309002 0.770324 0.618004 0.459351 0.00296998
2 0.441941 0.82081 0.853505 0.200329 0.00296814
0 0.913928 0.0685005 0.172143 0.137001 0.0029532
0 0.80633 0.941288 0.092535 0.0898971 0.00294664
2 0.948748 0.264303 0.102504 0.511043 0.00293479
0 0.0698421 0.177846 0.139684 0.355479 0.00293333
2 0.18647 0.896054 0.372941 0.207892 0.0029194
0 0.798158 0.145332 0.113579 0.102171 0.00291471
2 0.756983 0.481805 0.486034 0.589016 0.0029053
2 0.810663 0.906027 0.378107 0.185723 0.00289158
2 0.580125 0.85958 0.839751 0.280786 0.00287999
1 0.200316 0.485242 0.400631 0.79043 0.00286148
0 0.159963 0.448249 0.319926 0.80015 0.00285288
1 0.241055 0.510839 0.441123 0.584212 0.0028324
2 0.804776 0.941683 0.390447 0.116633 0.00282951
0 0.759628 0.589295 0.480744 0.703016 0.00280806
0 0.0812348 0.281533 0.16247 0.563066 0.00278435
2 0.780544 0.648534 0.438913 0.620849 0.00278079
0 0.109318 0.408331 0.218635 0.779879 0.00277102
0 0.257355 0.168066 0.514709 0.335866 0.00275507
2 0.0245333 0.0206403 0.0480231 0.0383778 0.00274618
0 0.787867 0.119461 0.0564979 0.0483167 0.00274294
0 0.150058 0.113491 0.300115 0.226983 0.00274049
2 0.633775 0.626811 0.717739 0.522749 0.00273386
0 0.765424 0.4385 0.469153 0.514984 0.00271345
0 0.250338 0.940354 0.500675 0.117534 0.0027088
1 0.587299 0.954328 0.824837 0.0913439 0.00270681
0 0.0326858 0.895701 0.0653715 0.208597 0.00270512
2 0.316914 0.411083 0.58724 0.315634 0.00269309
2 0.165191 0.363442 0.330382 0.726885 0.00268691
0 0.306287 0.78231 0.612574 0.27486 0.00266869
2 0.845774 0.379572 0.308452 0.653726 0.00259411
2 0.0543535 0.845669 0.108707 0.102456 0.00257681
2 0.256288 0.855209 0.456187 0.148198 0.00252686
0 0.801755 0.925695 0.092765 0.0537655 0.0024656
2 0.812319 0.96583 0.375362 0.0675693 0.00238991
0 0.62725 0.13882 0.208741 0.16612 0.002364
0 0.790232 0.115699 0.0445767 0.0364092 0.00229339
1 0.708652 0.96313 0.582696 0.0737397 0.00225062
0 0.0543215 0.817162 0.108643 0.161372 0.00218578
2 0.307627 0.85846 0.615254 0.28308 0.00209188
2 0.0371357 0.891365 0.0742713 0.21727 0.0020423
0 0.361471 0.328515 0.0956597 0.0596165 0.00198545
0 0.295548 0.378726 0.257189 0.162874 0.00196016
0 0.742558 0.983593 0.226426 0.0328147 0.00192413
1 0.0381518 0.947835 0.0763036 0.104329 0.00191498
0 0.356504 0.341581 0.114325 0.0884508 0.00189767
0 0.701434 0.309094 0.266519 0.225064 0.00189141
2 0.34777 0.117565 0.0730253 0.045582 0.00186952
0 0.34434 0.122693 0.0852714 0.0632348 0.00185225
2 0.607142 0.104892 0.162896 0.0992799 0.00184707
1 0.479894 0.0780726 0.342432 0.150365 0.00180786
0 0.0632178 0.824175 0.0854238 0.0491789 0.00180658
0 0.774945 0.966976 0.243602 0.0660483 0.00180522
0 0.810046 0.15302 0.142442 0.117 0.00178829
1 0.711012 0.949102 0.331405 0.0994794 0.00175456
1 0.362261 0.32933 0.104056 0.0616289 0.00174393
0 0.657311 0.0744198 0.294398 0.142772 0.00173944
0 0.788432 0.130686 0.064713 0.0730932 0.00170242
0 0.834378 0.148236 0.201517 0.10733 0.00161056
1 0.752755 0.948031 0.194515 0.103075 0.00159348
2 0.634535 0.0967512 0.222692 0.100623 0.00157302
2 0.360027 0.331379 0.100004 0.066294 0.00155315
0 0.479792 0.0775813 0.358084 0.154508 0.00155251
2 0.0848162 0.0221876 0.169632 0.0443084 0.00152516
0 0.366143 0.155908 0.139514 0.132761 0.00151662
0 0.785475 0.989156 0.071141 0.0208725 0.00147453
2 0.890752 0.0698174 0.218496 0.137825 0.00146876
0 0.409659 0.0559395 0.318063 0.110779 0.0014509
0 0.821069 0.94684 0.124959 0.103647 0.00144718
0 0.0926588 0.65217 0.185318 0.323107 0.00144427
2 0.62395 0.128743 0.202829 0.140802 0.00143321
0 0.684442 0.148895 0.402143 0.144988 0.00142875
0 0.662227 0.321948 0.301931 0.239241 0.00142425
0 0.597452 0.127369 0.172507 0.151337 0.0014195
0 0.394795 0.182662 0.205345 0.193944 0.00141103
0 0.0246651 0.84493 0.0493303 0.0971748 0.00139308
2 0.0253602 0.870184 0.0507204 0.164852 0.00138932
2 0.91188 0.0930803 0.176191 0.184871 0.00138611
0 0.296569 0.348413 0.242508 0.108829 0.00138241
0 0.605567 0.0150582 0.100569 0.0283149 0.00136795
2 0.869776 0.055856 0.260448 0.109876 0.00136561
0 0.364545 0.119098 0.124847 0.0594392 0.00135847
2 0.0950478 0.183308 0.190096 0.240634 0.00135177
0 0.20926 0.638845 0.391178 0.327261 0.0013467
2 0.806107 0.948946 0.263798 0.100703 0.00134603
0 0.809885 0.932573 0.0646188 0.0596624 0.0013331
0 0.387583 0.16027 0.179604 0.152396 0.00133162
0 0.660411 0.172191 0.281055 0.227347 0.00132384
0 0.404101 0.0506749 0.243926 0.100454 0.00131606
1 0.501259 0.1206 0.345096 0.154329 0.00131386
0 0.817487 0.166985 0.174559 0.14966 0.00131248
2 0.70265 0.316127 0.268447 0.235882 0.00131177
0 0.597796 0.312183 0.430567 0.230521 0.00131123
2 0.223628 0.0447184 0.447256 0.0890848 0.00130646
0 0.428224 0.0978678 0.258045 0.0967843 0.00130544
2 0.036087 0.0537565 0.0721741 0.107513 0.00130377
0 0.365662 0.139285 0.129072 0.0981156 0.00129333
2 0.0391568 0.921536 0.0783135 0.155535 0.00129047
0 0.661381 0.128727 0.378219 0.133089 0.00128908
2 0.0989804 0.137794 0.197961 0.275588 0.00128146
1 0.287238 0.947617 0.574477 0.104767 0.00127736
2 0.0436089 0.950363 0.0872178 0.098929 0.00127364
0 0.338361 0.771617 0.288891 0.269241 0.00127094
2 0.0349579 0.0194185 0.0699158 0.0388369 0.0012673
1 0.716462 0.983007 0.230924 0.0339869 0.00125531
0 0.816477 0.948767 0.301421 0.102467 0.00123996
0 0.417601 0.0716848 0.246589 0.14337 0.00123827
2 0.0265473 0.101163 0.0530946 0.202326 0.00122941
0 0.688802 0.0921836 0.382203 0.170995 0.00122657
2 0.054318 0.0216623 0.108636 0.0432187 0.0012262
2 0.175859 0.972763 0.351719 0.0544748 0.0012224
2 0.923181 0.146996 0.153638 0.293991 0.00120829
2 0.936485 0.919908 0.12703 0.157314 0.00119862
0 0.773916 0.252688 0.331842 0.125731 0.00119847
1 0.294695 0.361545 0.23733 0.129213 0.0011949
2 0.0632791 0.0723529 0.126558 0.144706 0.00118593
0 0.656318 0.0155587 0.275942 0.0311175 0.00118265
2 0.668281 0.152856 0.338523 0.179229 0.00118158
2 0.0261583 0.842609 0.0523165 0.0955877 0.00118141
0 0.313645 0.0265393 0.350144 0.0530787 0.0011804
0 0.832384 0.206352 0.242249 0.227995 0.00117939
2 0.848391 0.940886 0.303217 0.115098 0.00117914
2 0.154268 0.964343 0.308537 0.0713137 0.0011779
1 0.325547 0.401186 0.32483 0.210062 0.00117675
0 0.41344 0.0187265 0.260597 0.037453 0.00117561
2 0.583715 0.0958024 0.109906 0.0694936 0.00117108
1 0.624544 0.0736676 0.211026 0.142965 0.00116984
2 0.271964 0.954802 0.543928 0.0903957 0.00116612
2 0.183537 0.663783 0.366277 0.329038 0.00115322
0 0.248525 0.0208355 0.33681 0.0416709 0.00114248
1 0.85763 0.915899 0.28474 0.163221 0.00114139
0 0.802775 0.0923984 0.250308 0.184797 0.00113313
0 0.0637926 0.763937 0.127585 0.30794 0.00113251
0 0.305539 0.0534789 0.45046 0.106839 0.00113147
0 0.608178 0.0156725 0.176223 0.0311347 0.00112975
0 0.460841 0.0141754 0.307959 0.0283508 0.00112958
1 0.87911 0.937874 0.240918 0.121398 0.00112939
0 0.0592356 0.892234 0.118471 0.215533 0.00112819
2 0.240687 0.964019 0.481373 0.0719622 0.00112486
0 0.383796 0.0267047 0.254794 0.0534094 0.00112314
2 0.072418 0.0996289 0.144836 0.199258 0.00111913
2 0.0532331 0.048458 0.106246 0.096916 0.00111657
0 0.747095 0.947447 0.199153 0.103518 0.00111616
0 0.821276 0.727525 0.274287 0.204121 0.00110399
0 0.832312 0.015551 0.240277 0.031102 0.00110211
1 0.529634 0.151713 0.332293 0.209109 0.00110038
2 0.654335 0.0749022 0.387132 0.149804 0.00110003
2 0.179223 0.0211416 0.358446 0.0422832 0.00109878
0 0.667557 0.05403 0.45213 0.107375 0.00109309
2 0.210677 0.0700468 0.421354 0.139038 0.00108266
0 0.445939 0.346305 0.543291 0.190199 0.00108226
2 0.929757 0.216879 0.140487 0.428287 0.00107569
0 0.543476 0.0139925 0.218948 0.027985 0.00107278
0 0.883009 0.10779 0.233982 0.21558 0.00107186
2 0.117865 0.196855 0.23573 0.195149 0.00106918
2 0.13665 0.893696 0.273299 0.212607 0.00106465
2 0.863876 0.0180879 0.229186 0.0361759 0.00106153
0 0.407669 0.351269 0.465686 0.14659 0.00105916
0 0.496898 0.180592 0.404457 0.202862 0.0010587
1 0.0361365 0.845527 0.072273 0.102007 0.00105835
2 0.881508 0.0252799 0.236984 0.0505598 0.00105707
0 0.69974 0.0166618 0.284984 0.0333235 0.00105369
0 0.285327 0.365897 0.213184 0.13687 0.00105266
2 0.00944728 0.610926 0.0188946 0.512058 0.00105232
2 0.10162 0.693755 0.20324 0.381697 0.0010511
2 0.989783 0.109313 0.0204333 0.218627 0.00104861
0 0.100922 0.187799 0.201844 0.256835 0.00104853
1 0.611517 0.847223 0.212626 0.0958206 0.00104594
0 0.683304 0.2817 0.299584 0.163494 0.00104292
2 0.692854 0.18934 0.363129 0.257094 0.00104263
0 0.0914692 0.599855 0.18028 0.30902 0.00104166
2 0.97982 0.0883259 0.0403596 0.176652 0.00104054
0 0.746997 0.0160565 0.288928 0.0321131 0.00103952
0 0.386373 0.0826885 0.191434 0.165377 0.00103865
0 0.709906 0.27289 0.267519 0.13503 0.00103647
2 0.0997816 0.0727376 0.199563 0.145475 0.00103606
1 0.635628 0.165577 0.294898 0.225603 0.00103289
0 0.73 0.25625 0.309309 0.114906 0.00103151
2 0.973514 0.0616626 0.0529717 0.123325 0.00103119
2 0.793906 0.0148205 0.271021 0.029641 0.0010247
1 0.904204 0.165282 0.191593 0.330564 0.0010222
2 0.99009 0.157464 0.0198193 0.314928 0.00102022
2 0.0244129 0.635032 0.0488258 0.507321 0.00101966
2 0.0254353 0.180937 0.0508706 0.361874 0.001018
0 0.492661 0.132887 0.378543 0.12418 0.00101797
0 0.274262 0.831971 0.14926 0.141875 0.00101583
0 0.509455 0.323807 0.561923 0.241986 0.00101364
0 0.154227 0.840752 0.308453 0.177118 0.00101148
2 0.781476 0.0427965 0.410542 0.0843337 0.0010088
0 0.937468 0.892829 0.125064 0.214342 0.000999788
1 0.464712 0.84263 0.508051 0.108649 0.000998811
2 0.957179 0.0296977 0.0856428 0.0593954 0.000997246
0 0.0690019 0.390429 0.138004 0.256358 0.000996853
2 0.0419307 0.194482 0.0838614 0.388964 0.000996698
0 0.231427 0.795318 0.320014 0.214529 0.000995921
0 0.272723 0.848933 0.144836 0.100831 0.000993289
1 0.566492 0.906228 0.452333 0.187545 0.000990049
0 0.85476 0.0947556 0.251993 0.163876 0.000989608
1 0.301021 0.945635 0.602042 0.10873 0.000988095
0 0.867273 0.154628 0.265453 0.15165 0.000987615
0 0.0341226 0.0217703 0.0682452 0.0410785 0.000987457
1 0.216421 0.948137 0.432842 0.103727 0.000986778
0 0.596517 0.0175907 0.0296703 0.0214731 0.000986425
2 0.92068 0.870217 0.15864 0.259565 0.000980735
0 0.775859 0.987644 0.0705441 0.0239151 0.000980305
0 0.0687623 0.738147 0.137525 0.41602 0.000979515
2 0.0787879 0.347715 0.157576 0.263277 0.00097915
0 0.334899 0.392203 0.345185 0.189901 0.000975186
0 0.352004 0.714016 0.308969 0.32631 0.000969888
2 0.607753 0.17932 0.387477 0.251891 0.000969491
2 0.120348 0.171242 0.240696 0.279051 0.000968333
0 0.688479 0.228797 0.294447 0.156254 0.000966568
0 0.106772 0.524128 0.171425 0.147341 0.000966496
0 0.245453 0.676589 0.41746 0.377772 0.000966188
2 0.329971 0.968209 0.52949 0.0635824 0.000964465
0 0.804903 0.270809 0.262728 0.128275 0.000963401
0 0.37419 0.371151 0.567969 0.18056 0.000963309
1 0.834537 0.735656 0.271413 0.207226 0.000962503
0 0.119069 0.408121 0.238138 0.295045 0.000958269
