1 0.357364 0.828787 0.43763 0.341535 0.875814
1 0.530065 0.62433 0.843516 0.751341 0.81283
1 0.894535 0.237775 0.114877 0.088833 0.190502
1 0.567124 0.524579 0.744206 0.50241 0.170732
1 0.317873 0.826448 0.635746 0.347104 0.0619809
1 0.545143 0.468037 0.671838 0.383086 0.044634
0 0.851815 0.0601432 0.237293 0.117263 0.0372107
1 0.864841 0.0667799 0.269624 0.133403 0.0293486
0 0.894622 0.237924 0.118014 0.0820078 0.0248751
1 0.851833 0.171321 0.249298 0.339367 0.0229127
1 0.843698 0.235915 0.240366 0.471829 0.0189811
1 0.524874 0.343551 0.937378 0.687103 0.0154012
1 0.852659 0.23738 0.212764 0.0897654 0.014758
1 0.691841 0.0712256 0.616318 0.142451 0.0145479
1 0.414036 0.878713 0.576494 0.240928 0.0134394
1 0.706201 0.590281 0.446557 0.362325 0.013041
1 0.309892 0.633327 0.619784 0.733345 0.0109957
1 0.368674 0.696227 0.44916 0.607384 0.0109663
2 0.895926 0.236494 0.114567 0.081436 0.00970039
1 0.512204 0.419727 0.625476 0.305617 0.00792665
1 0.859521 0.151401 0.280959 0.302802 0.00762015
1 0.450281 0.422014 0.675133 0.42966 0.00711319
1 0.558635 0.73721 0.88273 0.525581 0.0070707
1 0.582808 0.0658486 0.834385 0.131697 0.00652655
1 0.719618 0.377907 0.480233 0.755813 0.0065073
1 0.588876 0.145132 0.822248 0.289269 0.00635618
2 0.5 0.321002 1 0.641202 0.00620002
1 0.425712 0.0479552 0.590059 0.0959103 0.00616833
1 0.217394 0.562433 0.434789 0.875133 0.0060055
0 0.861253 0.0738849 0.270717 0.147353 0.00571908
1 0.834624 0.369393 0.244682 0.738787 0.00545235
1 0.368171 0.410911 0.736343 0.601184 0.00537743
1 0.343216 0.454536 0.686432 0.828696 0.00527871
0 0.799493 0.0532194 0.401014 0.106335 0.00516351
1 0.847157 0.213208 0.305686 0.423417 0.00511302
1 0.225147 0.688834 0.450293 0.618693 0.00506417
1 0.353559 0.581068 0.707117 0.837865 0.00476019
1 0.118003 0.666425 0.236007 0.661433 0.00455911
1 0.10833 0.477269 0.21666 0.788889 0.00454584
1 0.457557 0.934552 0.32352 0.129003 0.00451501
2 0.332681 0.317387 0.659778 0.622899 0.0044852
1 0.874117 0.228493 0.156036 0.10599 0.00434892
1 0.718249 0.681024 0.447379 0.593576 0.00432564
1 0.48908 0.908501 0.74361 0.182998 0.00423098
1 0.310703 0.733884 0.621406 0.528617 0.00408801
1 0.465239 0.850193 0.68206 0.299614 0.00403437
2 0.583659 0.853337 0.832682 0.293327 0.00402918
1 0.217901 0.367 0.435803 0.700169 0.00400132
1 0.0668606 0.547861 0.133721 0.774685 0.00393121
0 0.339864 0.285502 0.676654 0.565346 0.00392268
1 0.0909782 0.610774 0.181956 0.778452 0.00391357
0 0.128148 0.0591126 0.256296 0.118225 0.00388528
1 0.439071 0.961979 0.294775 0.0760418 0.00386448
1 0.5 0.114573 1 0.229147 0.0038604
2 0.551164 0.685312 0.897672 0.62555 0.00383681
0 0.515047 0.0543294 0.952104 0.108512 0.0038282
0 0.304151 0.0529434 0.606409 0.105529 0.00381061
0 0.110489 0.0885455 0.220977 0.172899 0.00376064
1 0.550801 0.826203 0.861719 0.347594 0.00373045
1 0.296742 0.0514668 0.593483 0.102934 0.00372381
1 0.511708 0.939612 0.442073 0.118621 0.00372144
2 0.408948 0.0160774 0.281348 0.0320843 0.00364844
0 0.175499 0.0488337 0.350998 0.0975238 0.00362804
1 0.630285 0.421318 0.661095 0.842637 0.00361033
0 0.323925 0.467043 0.206731 0.177384 0.00346489
0 0.5 0.120211 1 0.238861 0.00344383
2 0.0700843 0.309132 0.140169 0.585339 0.00342296
0 0.370363 0.108542 0.740725 0.213956 0.00341582
2 0.0817574 0.23657 0.161083 0.444081 0.00338994
1 0.799033 0.424207 0.401933 0.848413 0.00338408
0 0.125576 0.123458 0.251153 0.246916 0.00334275
1 0.100858 0.337267 0.196927 0.612345 0.00328979
1 0.0739413 0.438256 0.147883 0.725408 0.0032883
1 0.24863 0.802771 0.49726 0.394459 0.00328379
0 0.0851052 0.158049 0.17021 0.311381 0.00326429
1 0.0155382 0.433243 0.0310765 0.040942 0.00325279
0 0.46461 0.0141175 0.25199 0.028235 0.00317491
1 0.831876 0.337714 0.336247 0.675427 0.00315947
0 0.24335 0.110513 0.486699 0.218372 0.00310205
1 0.21135 0.260278 0.422701 0.513311 0.00309187
1 0.38724 0.921847 0.411884 0.15446 0.00306365
1 0.12753 0.821531 0.25506 0.351479 0.00295836
1 0.71507 0.697668 0.569861 0.604665 0.00281323
2 0.648821 0.89992 0.702358 0.200129 0.0028012
1 0.709358 0.486211 0.581284 0.85559 0.00276749
2 0.804889 0.864872 0.390222 0.270256 0.0027246
2 0.0160747 0.430962 0.0321495 0.0460483 0.0027074
2 0.771646 0.9442 0.456708 0.111601 0.00270455
2 0.726254 0.709145 0.547491 0.581711 0.00268987
0 0.102577 0.887464 0.205154 0.225073 0.00265145
0 0.861815 0.541182 0.27637 0.81181 0.00260624
2 0.865643 0.223575 0.186827 0.117853 0.00260546
2 0.778776 0.905552 0.442448 0.188896 0.00259948
0 0.408621 0.0164238 0.396902 0.032566 0.00259656
0 0.0764643 0.83377 0.152929 0.33246 0.00259634
1 0.473537 0.971209 0.278123 0.0575817 0.00255319
2 0.67732 0.570829 0.49788 0.566504 0.00254405
0 0.684438 0.488958 0.597949 0.804778 0.00253948
0 0.909261 0.607958 0.181477 0.685167 0.0024682
0 0.718808 0.613679 0.547589 0.635373 0.00244495
1 0.754068 0.66748 0.491865 0.56305 0.0024243
2 0.843438 0.64717 0.313124 0.573504 0.00238621
2 0.658588 0.95412 0.682823 0.0917592 0.00236898
1 0.523324 0.383722 0.39502 0.204094 0.00230071
2 0.905413 0.214243 0.159289 0.168546 0.00225487
0 0.639723 0.489586 0.60954 0.48854 0.00223917
2 0.0248004 0.433955 0.0496008 0.0414483 0.00213623
1 0.912405 0.346168 0.17519 0.306818 0.00207063
1 0.873861 0.220186 0.0586915 0.0441679 0.00203491
0 0.416894 0.0290226 0.453071 0.0580452 0.00201175
0 0.303279 0.727466 0.310961 0.13999 0.00200307
2 0.903367 0.266531 0.165464 0.198388 0.00197386
2 0.357027 0.0278953 0.474248 0.0557906 0.00187254
2 0.442557 0.0313364 0.49021 0.0626727 0.00176458
0 0.286439 0.470157 0.129665 0.175821 0.00165052
0 0.0592546 0.20174 0.118509 0.22508 0.00164813
0 0.0655851 0.124267 0.13117 0.242785 0.00164622
1 0.0227688 0.474408 0.0455376 0.153629 0.00163973
0 0.22403 0.718055 0.148783 0.118086 0.00162291
0 0.930804 0.044371 0.0978358 0.0874598 0.00162007
1 0.910433 0.290459 0.163762 0.189004 0.00159639
0 0.534194 0.0132837 0.276519 0.0265675 0.00158324
1 0.864108 0.108058 0.271784 0.209617 0.00157551
0 0.255151 0.738518 0.209198 0.169448 0.00157062
0 0.231358 0.703531 0.166211 0.0945358 0.00155469
2 0.840621 0.195279 0.233232 0.177204 0.0015375
0 0.338704 0.437466 0.245277 0.240752 0.00152834
0 0.0450572 0.183652 0.0901144 0.235495 0.00151365
1 0.0214848 0.473287 0.0429697 0.275937 0.0015066
1 0.872948 0.291109 0.219605 0.193609 0.00150135
2 0.0251873 0.48203 0.0503745 0.242421 0.00148703
0 0.104156 0.0391568 0.208312 0.0783136 0.00148212
2 0.0164855 0.428683 0.032971 0.0821968 0.00147836
1 0.0200878 0.447601 0.0401755 0.0862543 0.0014644
2 0.530497 0.97772 0.477892 0.0445603 0.00145436
2 0.492766 0.969031 0.412052 0.0619385 0.00143868
2 0.873289 0.218153 0.0570803 0.0388586 0.00140349
0 0.895262 0.0533986 0.209475 0.106451 0.00138977
2 0.886982 0.255368 0.0513664 0.0514687 0.00138347
0 0.0946722 0.291039 0.189344 0.263842 0.00136877
2 0.0973502 0.0953964 0.1947 0.190793 0.00136746
0 0.071488 0.242308 0.142976 0.254449 0.0013662
0 0.299173 0.425717 0.160073 0.110329 0.00136193
2 0.905961 0.189693 0.188079 0.200693 0.00135901
2 0.269145 0.7356 0.230613 0.159642 0.00135865
0 0.623506 0.0171768 0.280522 0.0343536 0.00135859
2 0.100192 0.0386709 0.200385 0.0773418 0.00135718
2 0.304178 0.774856 0.345094 0.237965 0.00134457
1 0.0268173 0.490785 0.0536347 0.183677 0.00133981
2 0.0319376 0.590332 0.0638752 0.469249 0.00133606
0 0.365772 0.849555 0.360217 0.300891 0.00132301
0 0.320471 0.633171 0.346324 0.334404 0.00131898
0 0.82512 0.0343622 0.206712 0.0686424 0.0013172
0 0.0907525 0.820861 0.181505 0.207929 0.00131715
1 0.507716 0.360278 0.335957 0.143918 0.00130727
1 0.499862 0.929242 0.247242 0.138423 0.00130053
0 0.529984 0.325409 0.374342 0.0962004 0.00128027
2 0.64651 0.978835 0.285238 0.0423305 0.00126698
0 0.509403 0.345452 0.404107 0.131472 0.00126669
0 0.863543 0.143206 0.272914 0.286413 0.00125935
0 0.582022 0.328964 0.286708 0.101264 0.00125483
1 0.989627 0.204459 0.0207456 0.332397 0.00124542
0 0.0922861 0.350642 0.184572 0.259479 0.00123769
0 0.0917957 0.112719 0.183591 0.225437 0.00123732
0 0.856939 0.109063 0.252327 0.218127 0.00122205
2 0.910082 0.406398 0.179836 0.379106 0.00121608
0 0.861235 0.236495 0.166574 0.0878605 0.00120002
2 0.111445 0.0603333 0.22289 0.120667 0.00119392
2 0.0663671 0.226717 0.132734 0.248128 0.00119356
0 0.705595 0.90243 0.0523572 0.0395872 0.00119242
0 0.777291 0.0138552 0.251331 0.0277105 0.00118621
2 0.0554379 0.192051 0.110876 0.203555 0.00118584
2 0.974895 0.266473 0.0502096 0.387771 0.00118041
2 0.0989183 0.497715 0.197837 0.201463 0.00118013
0 0.198466 0.90349 0.349143 0.192981 0.00117941
0 0.0682882 0.783223 0.136576 0.132378 0.0011789
2 0.0854237 0.315075 0.170847 0.299183 0.0011573
1 0.0180475 0.484782 0.036095 0.398856 0.00115131
0 0.712474 0.012284 0.335618 0.024568 0.00113813
0 0.645893 0.039545 0.47163 0.0788245 0.00113665
2 0.489873 0.0513283 0.407472 0.102657 0.00113231
0 0.743114 0.0559968 0.340514 0.111994 0.00113205
0 0.685952 0.878519 0.0811715 0.0831318 0.00112497
0 0.90276 0.325567 0.19448 0.265243 0.00112189
0 0.200932 0.700286 0.0964148 0.0812076 0.00111862
1 0.779195 0.596629 0.300687 0.320638 0.0011172
2 0.0556508 0.487115 0.111302 0.174653 0.00110642
2 0.844199 0.0838515 0.218383 0.167703 0.00110322
2 0.346503 0.0326821 0.615231 0.0653642 0.0011019
0 0.138476 0.858178 0.276951 0.2814 0.0011016
0 0.287435 0.0150968 0.364544 0.0301937 0.00110004
0 0.0788123 0.787979 0.157625 0.19532 0.00109785
2 0.935641 0.44715 0.128718 0.376752 0.00109316
2 0.0694852 0.786254 0.13897 0.13356 0.00109275
0 0.808656 0.835853 0.273217 0.202968 0.00109037
1 0.132338 0.108135 0.264676 0.214934 0.00108771
0 0.578966 0.0360616 0.486216 0.0721231 0.00108767
0 0.381711 0.520615 0.332188 0.275352 0.00108368
2 0.0799328 0.262514 0.159866 0.291656 0.00108044
1 0.309969 0.792708 0.346303 0.271073 0.00107938
0 0.310772 0.77355 0.341959 0.239054 0.00107618
1 0.814777 0.30653 0.271488 0.24175 0.00107606
0 0.261292 0.478422 0.242433 0.202511 0.00107282
2 0.588464 0.943948 0.633623 0.112104 0.00107232
2 0.135662 0.54481 0.271324 0.297579 0.00106574
2 0.0856927 0.844969 0.171385 0.246773 0.00106189
1 0.42026 0.0578453 0.475197 0.115691 0.00105058
0 0.424977 0.327047 0.164012 0.0660716 0.00104279
1 0.3857 0.893242 0.379571 0.212971 0.00104061
0 0.519871 0.583605 0.0931068 0.0975323 0.00103914
1 0.473787 0.909837 0.218333 0.176033 0.00103761
2 0.857686 0.128928 0.284627 0.257856 0.00103391
0 0.0547533 0.137879 0.109507 0.194671 0.00103067
2 0.0294331 0.0926879 0.0588663 0.185376 0.00102916
0 0.788416 0.849326 0.178465 0.151918 0.00102838
2 0.959994 0.306685 0.0800129 0.466192 0.0010263
2 0.253474 0.0610509 0.506948 0.122102 0.00102613
1 0.511496 0.409968 0.445649 0.265874 0.00102542
1 0.688786 0.944008 0.586425 0.111715 0.00102392
0 0.692258 0.967359 0.329762 0.0652821 0.00102321
0 0.821723 0.161276 0.261314 0.260713 0.00102295
2 0.0414481 0.153755 0.0828962 0.30751 0.00102227
2 0.143655 0.112274 0.287311 0.224547 0.00101747
1 0.410717 0.584998 0.329397 0.157916 0.00100736
0 0.0225805 0.450695 0.0451609 0.0973873 0.00100701
2 0.205809 0.730736 0.106402 0.147311 0.00100652
0 0.692231 0.0506436 0.468627 0.0998731 0.00100328
0 0.265241 0.827305 0.269925 0.345391 0.00100253
2 0.527488 0.0338045 0.549698 0.067609 0.00100224
0 0.193892 0.861886 0.359149 0.276229 0.00100091
0 0.316882 0.412691 0.190998 0.157708 0.00100071
2 0.990051 0.186721 0.0198976 0.371668 0.00100013
2 0.177037 0.133425 0.354073 0.26685 0.000995757
2 0.874754 0.735987 0.177072 0.0816125 0.000995507
0 0.0149893 0.100912 0.0299787 0.0418357 0.000995281
2 0.110497 0.860924 0.220995 0.278152 0.000993216
0 0.279513 0.44323 0.167715 0.132753 0.000985652
2 0.0537159 0.214421 0.107432 0.428842 0.000984273
0 0.611638 0.0400782 0.262781 0.0800565 0.000983443
0 0.0820251 0.195626 0.16405 0.221446 0.000978139
0 0.764233 0.820936 0.245401 0.198167 0.000975008
0 0.196197 0.015333 0.323276 0.0304538 0.00097384
2 0.901962 0.345133 0.196076 0.484927 0.000972917
1 0.0156563 0.453444 0.0313126 0.557935 0.00097151
2 0.0300358 0.205811 0.0600716 0.411621 0.000967084
1 0.921593 0.382374 0.156813 0.470076 0.000965837
2 0.166962 0.518358 0.333924 0.252761 0.000962126
0 0.829775 0.825228 0.340451 0.289445 0.000958931
1 0.352658 0.0680061 0.493086 0.136012 0.000956128
2 0.134429 0.0164068 0.268857 0.0328136 0.000955875
2 0.736326 0.0659189 0.247721 0.131838 0.000955698
2 0.0820426 0.48094 0.156423 0.18941 0.000954098
0 0.0152786 0.107313 0.0305573 0.0312886 0.000952198
2 0.0270682 0.775728 0.0541365 0.448545 0.000951023
2 0.189657 0.268691 0.172695 0.137625 0.000949743
2 0.0131583 0.792994 0.0263165 0.414012 0.000949289
2 0.424264 0.102493 0.363357 0.204444 0.000948905
0 0.314143 0.83874 0.245517 0.322519 0.000947125
2 0.0142664 0.200374 0.0285328 0.400747 0.000937621
2 0.0398481 0.76053 0.0796962 0.47894 0.000936346
0 0.408575 0.622671 0.38904 0.428964 0.000936002
2 0.409837 0.0661353 0.585015 0.132271 0.000935929
0 0.882909 0.263733 0.0392615 0.0320206 0.000935153
1 0.0388027 0.472835 0.0776054 0.150572 0.000930732
1 0.26707 0.483796 0.292855 0.214675 0.000929818
2 0.536694 0.12127 0.348868 0.24254 0.000925828
0 0.668835 0.856821 0.243202 0.145368 0.000924627
1 0.722457 0.95606 0.38653 0.0878805 0.00092377
2 0.892833 0.197927 0.214335 0.395854 0.00092306
2 0.965871 0.188102 0.0682574 0.376203 0.00092253
2 0.473059 0.116209 0.377486 0.231903 0.000922163
2 0.9713 0.711769 0.0574007 0.176876 0.000921262
2 0.00933206 0.199427 0.0186641 0.398853 0.000917766
2 0.0504938 0.356123 0.100988 0.465456 0.000917357
1 0.449513 0.6727 0.518837 0.405003 0.00091718
0 0.405122 0.572519 0.393484 0.297069 0.000916608
2 0.460337 0.167831 0.304554 0.236696 0.000913986
0 0.0954423 0.858367 0.190885 0.283266 0.000913127
2 0.136451 0.0601254 0.272903 0.12001 0.00091201
1 0.606 0.927694 0.600574 0.144611 0.000911755
2 0.798803 0.934174 0.402393 0.131651 0.000910237
0 0.924149 0.0369881 0.078442 0.0730932 0.000909592
0 0.433703 0.207253 0.302944 0.246856 0.000904941
1 0.220423 0.506387 0.321743 0.288869 0.000904418
2 0.949315 0.481774 0.10137 0.323011 0.000904015
2 0.977813 0.371572 0.0443749 0.387532 0.000903829
0 0.744948 0.843629 0.164292 0.172805 0.000903306
2 0.911476 0.0199224 0.177049 0.0398447 0.000901482
2 0.103567 0.611925 0.207135 0.40701 0.000900887
2 0.99024 0.503031 0.0195201 0.219635 0.000900562
0 0.316506 0.879184 0.22893 0.24064 0.00089757
2 0.967473 0.790645 0.0650533 0.0685745 0.000896996
1 0.102544 0.306893 0.205089 0.332009 0.000896873
1 0.390149 0.423372 0.351066 0.266435 0.000895441
2 0.769555 0.118443 0.349553 0.234039 0.000894621
0 0.846996 0.856687 0.306008 0.286626 0.000894119
0 0.590243 0.733687 0.549509 0.271119 0.000891712
0 0.0896392 0.413558 0.179278 0.136085 0.000890879
0 0.397734 0.567672 0.362783 0.198211 0.000890586
0 0.408964 0.175029 0.291262 0.182296 0.000888331
