2 0.309153 0.396188 0.245691 0.375523 0.558844
2 0.688446 0.274896 0.534446 0.549791 0.548203
2 0.550344 0.495534 0.866792 0.991067 0.532279
2 0.852722 0.854083 0.195637 0.291835 0.336471
2 0.315881 0.515612 0.259637 0.605108 0.26692
2 0.759355 0.374248 0.173248 0.228908 0.205581
2 0.579294 0.250113 0.832242 0.500226 0.162831
2 0.769212 0.725183 0.351432 0.549633 0.155429
2 0.338469 0.583943 0.287029 0.493587 0.152083
2 0.448176 0.524066 0.516827 0.63252 0.12045
2 0.510095 0.632193 0.637086 0.670581 0.113635
2 0.364556 0.567566 0.359547 0.71147 0.111269
2 0.549102 0.658543 0.889362 0.672168 0.108754
2 0.519969 0.883594 0.202946 0.213377 0.0818282
2 0.329091 0.633838 0.268052 0.362379 0.0596575
2 0.656383 0.899586 0.209588 0.200828 0.0430559
2 0.577023 0.714442 0.743942 0.571116 0.0419115
2 0.846721 0.72718 0.20695 0.545641 0.0383074
2 0.367932 0.404987 0.369565 0.40111 0.0349699
2 0.559653 0.824548 0.812306 0.350903 0.034724
2 0.53718 0.150218 0.882424 0.300436 0.0291521
2 0.805179 0.638276 0.271334 0.3524 0.0281067
2 0.212787 0.04661 0.104295 0.09322 0.0258434
0 0.1777 0.758201 0.0447811 0.0461143 0.0218982
2 0.694934 0.904376 0.129312 0.191247 0.0209164
2 0.186557 0.0479083 0.1562 0.0958166 0.019594
0 0.196264 0.937323 0.0690487 0.120295 0.0171781
2 0.652661 0.640811 0.580333 0.718377 0.0165132
0 0.0337977 0.18793 0.0664529 0.265 0.0159489
2 0.694332 0.713986 0.505924 0.572027 0.015381
2 0.291932 0.350525 0.203763 0.261837 0.0150645
2 0.674894 0.759661 0.157288 0.195323 0.0142856
2 0.13619 0.054789 0.262663 0.109578 0.01421
0 0.711157 0.739382 0.0837885 0.141849 0.01407
2 0.710421 0.349912 0.500643 0.346918 0.0139228
2 0.156878 0.0461549 0.220837 0.0923099 0.0131607
2 0.726721 0.38408 0.289002 0.266196 0.0131539
2 0.503067 0.326947 0.8807 0.653895 0.0128436
2 0.570789 0.884493 0.742083 0.231015 0.0125691
2 0.583252 0.104649 0.619619 0.209298 0.011386
2 0.709986 0.739901 0.084922 0.144678 0.0113759
2 0.782226 0.366122 0.124213 0.189842 0.0107693
2 0.41633 0.461707 0.0995048 0.174219 0.0107477
0 0.230166 0.0419106 0.0676863 0.0838213 0.0106912
1 0.771438 0.944774 0.052093 0.110452 0.0101582
2 0.510499 0.499759 0.158719 0.192851 0.0101297
2 0.750708 0.906188 0.100464 0.187624 0.0101095
2 0.689546 0.840229 0.525694 0.319542 0.00973782
2 0.612815 0.580705 0.136352 0.203586 0.00900704
2 0.508103 0.548234 0.17269 0.283241 0.00892751
0 0.190529 0.780098 0.0793523 0.10552 0.00880625
2 0.696911 0.75293 0.112283 0.178295 0.00875617
2 0.786505 0.379252 0.420964 0.291298 0.00869213
2 0.452309 0.477938 0.166765 0.203797 0.00867242
1 0.777131 0.951986 0.0380903 0.0960276 0.00857749
0 0.210357 0.0481029 0.109705 0.0962058 0.008512
2 0.740582 0.0908438 0.352208 0.181688 0.00848891
2 0.431858 0.685177 0.729013 0.629645 0.00831551
0 0.303447 0.211676 0.0309641 0.0460193 0.00820362
2 0.484827 0.487632 0.122186 0.199698 0.00815388
2 0.0408004 0.023994 0.0655809 0.0479879 0.00729918
2 0.418717 0.870265 0.150383 0.248971 0.00705949
2 0.367132 0.643824 0.366547 0.497429 0.00705279
2 0.41607 0.442351 0.0921821 0.131453 0.00688899
0 0.0443538 0.175079 0.0880871 0.350158 0.00684522
0 0.136579 0.0585444 0.266902 0.117089 0.00678739
2 0.282588 0.142394 0.564712 0.284788 0.00674962
2 0.279669 0.299549 0.559338 0.599098 0.00668384
0 0.0299303 0.195596 0.0589906 0.203793 0.00658984
2 0.0970225 0.137254 0.192061 0.274508 0.0063716
0 0.124059 0.765021 0.0234775 0.0406989 0.00634955
2 0.25126 0.338583 0.459462 0.44919 0.00618155
0 0.0289631 0.161551 0.0573402 0.159429 0.00614896
2 0.468454 0.0928434 0.499433 0.185687 0.00612153
2 0.466971 0.790445 0.678767 0.41911 0.00590896
2 0.187918 0.174154 0.37221 0.348309 0.00587759
2 0.754798 0.643418 0.490404 0.713163 0.0058763
1 0.697993 0.912287 0.129416 0.175427 0.00585
2 0.838728 0.800542 0.235733 0.398916 0.00566764
0 0.211271 0.0222011 0.0350556 0.0444022 0.0056199
0 0.11553 0.934817 0.23106 0.124739 0.00546991
2 0.779426 0.275588 0.441147 0.506665 0.0054409
0 0.12217 0.128732 0.244341 0.257465 0.00540852
0 0.20337 0.919168 0.0536665 0.0692596 0.00534879
2 0.408715 0.363163 0.121506 0.199038 0.005338
0 0.146171 0.168996 0.287617 0.337993 0.00529334
0 0.300317 0.212626 0.0446709 0.0568017 0.00525091
2 0.417071 0.0753281 0.56502 0.150656 0.00523836
1 0.0383856 0.0247878 0.0625496 0.0495757 0.00518982
2 0.562231 0.898003 0.342787 0.203994 0.00512997
2 0.39623 0.424734 0.0873482 0.166078 0.0051169
2 0.216037 0.0604972 0.413831 0.120994 0.00504901
2 0.058553 0.951426 0.0996917 0.097149 0.00499001
2 0.299576 0.45094 0.598997 0.896227 0.00496717
2 0.382503 0.363001 0.0727812 0.190204 0.00495652
2 0.640171 0.43918 0.100259 0.143843 0.00492578
2 0.723068 0.0827727 0.518198 0.165545 0.00492409
1 0.746087 0.937781 0.108999 0.124438 0.00487204
2 0.83037 0.0852988 0.296393 0.170598 0.00484345
2 0.590861 0.162909 0.276301 0.325818 0.00483981
0 0.16324 0.586875 0.0319768 0.0915358 0.00481218
0 0.507426 0.778547 0.0933687 0.155055 0.00479917
2 0.436162 0.078155 0.796291 0.15631 0.00474239
2 0.821244 0.891455 0.157793 0.209536 0.0047398
0 0.145502 0.444097 0.0312447 0.0364958 0.0047307
2 0.759904 0.377022 0.0861154 0.189802 0.00467556
2 0.750738 0.520265 0.498524 0.785059 0.00461767
2 0.423246 0.907243 0.148785 0.185513 0.00461447
2 0.382298 0.342174 0.110525 0.173136 0.00455452
2 0.527565 0.840956 0.191075 0.296969 0.00454771
2 0.31816 0.0591206 0.636321 0.118241 0.00450391
2 0.733519 0.209188 0.532962 0.418376 0.00444558
2 0.899537 0.965784 0.0593479 0.0684313 0.00444555
0 0.0421322 0.314723 0.0838885 0.629445 0.00437469
2 0.603815 0.599557 0.101426 0.171377 0.00431409
2 0.494504 0.904122 0.217568 0.191086 0.00419513
2 0.503581 0.746743 0.126382 0.212806 0.00406153
2 0.0565527 0.902707 0.113105 0.178974 0.00405569
2 0.453194 0.877304 0.230046 0.23331 0.00401655
0 0.298576 0.5 0.597152 1 0.00399804
2 0.410388 0.224092 0.794803 0.448185 0.00398674
0 0.168266 0.566257 0.0230184 0.0278257 0.0039809
2 0.211232 0.545784 0.0358512 0.0589781 0.00393248
0 0.272174 0.328708 0.544212 0.657415 0.00390383
0 0.0570089 0.932464 0.114018 0.1213 0.00387086
2 0.0868292 0.0409929 0.160815 0.0819857 0.00386923
2 0.838373 0.847534 0.323255 0.304933 0.00385839
2 0.273482 0.366768 0.1598 0.225371 0.00385537
1 0.210682 0.543665 0.031336 0.0411651 0.003819
1 0.568993 0.0425196 0.14521 0.0850391 0.00376461
2 0.938787 0.67831 0.122425 0.614518 0.00374249
0 0.0588044 0.29525 0.116938 0.590499 0.00366158
2 0.962222 0.654411 0.0755554 0.645674 0.00363106
0 0.0592044 0.18429 0.118409 0.262564 0.00359869
1 0.74177 0.386897 0.20644 0.252255 0.00357317
2 0.911659 0.560096 0.176683 0.814915 0.00355589
2 0.592714 0.0371623 0.0977893 0.0743245 0.00352205
2 0.855158 0.712993 0.289684 0.574014 0.00351419
2 0.438196 0.873173 0.798318 0.253654 0.00351361
2 0.0805856 0.79284 0.158767 0.414319 0.00349727
2 0.192684 0.806593 0.384848 0.378346 0.00349125
1 0.0499843 0.814114 0.0999259 0.371772 0.00346532
2 0.949652 0.63191 0.100697 0.736179 0.0034054
2 0.949088 0.280504 0.101825 0.561009 0.00340169
2 0.950714 0.470853 0.098572 0.785484 0.00338043
0 0.0388831 0.164009 0.0732399 0.328019 0.00337946
1 0.879004 0.95237 0.100487 0.0952595 0.00335336
2 0.931752 0.0722361 0.136496 0.144472 0.00334491
2 0.641187 0.786325 0.0981619 0.183092 0.00333677
2 0.117266 0.928323 0.229169 0.143355 0.00331232
2 0.355939 0.686169 0.222931 0.320122 0.00329944
0 0.075838 0.412708 0.151676 0.825415 0.00329522
2 0.719961 0.903783 0.131786 0.188342 0.00323631
1 0.0556408 0.862233 0.111282 0.275534 0.00323155
2 0.491027 0.51561 0.0967709 0.162848 0.00322847
0 0.113164 0.5 0.226327 1 0.00320261
2 0.360313 0.912924 0.226355 0.174152 0.00319174
2 0.885397 0.930463 0.101263 0.139073 0.00318686
2 0.1444 0.02757 0.272931 0.0551401 0.00315313
2 0.30161 0.581 0.603221 0.766403 0.00315225
2 0.638226 0.764439 0.114965 0.196893 0.00315066
0 0.0440798 0.484527 0.0856477 0.969055 0.00314566
2 0.532141 0.544253 0.137803 0.266373 0.00312385
2 0.304196 0.714615 0.60372 0.56547 0.00311825
2 0.553804 0.566802 0.194187 0.247768 0.00311755
2 0.081332 0.876367 0.162664 0.247266 0.00309747
2 0.113307 0.895873 0.224736 0.208253 0.00307348
2 0.495381 0.93794 0.216355 0.124119 0.00307337
2 0.379895 0.450801 0.0871581 0.180569 0.0030414
2 0.805734 0.402002 0.0838904 0.0975066 0.00303407
2 0.382316 0.392027 0.0775565 0.25803 0.00303322
2 0.908209 0.107775 0.183582 0.21555 0.00300433
2 0.604097 0.0424735 0.0804357 0.0849471 0.00298398
2 0.357238 0.394534 0.129135 0.356151 0.00298222
2 0.291823 0.79915 0.583513 0.39262 0.00296311
1 0.789771 0.951829 0.0805077 0.0963428 0.00293878
2 0.278156 0.929279 0.54531 0.141443 0.00290623
1 0.384917 0.458256 0.0988331 0.189599 0.0029059
2 0.938439 0.227006 0.123122 0.454011 0.00289403
0 0.206522 0.514502 0.413043 0.93849 0.00288396
1 0.723604 0.962531 0.150131 0.0749385 0.00287963
2 0.420259 0.939747 0.102332 0.120506 0.00286371
2 0.0513893 0.0245029 0.0859224 0.0490057 0.00285433
1 0.0506484 0.709256 0.100148 0.581488 0.00283752
0 0.0405517 0.106594 0.0748859 0.213189 0.00283007
2 0.411468 0.328809 0.120133 0.142332 0.00281023
2 0.086132 0.716082 0.172264 0.567835 0.00280647
2 0.532842 0.738193 0.196211 0.215442 0.00276682
2 0.514463 0.793119 0.138411 0.272453 0.00275775
2 0.575448 0.0302425 0.134646 0.0604851 0.00273814
2 0.41129 0.910935 0.7548 0.17813 0.00273319
2 0.47961 0.535559 0.197719 0.304049 0.00272439
0 0.0417176 0.0226411 0.0546345 0.0452821 0.00269764
0 0.131362 0.896659 0.256417 0.198271 0.00269397
2 0.575414 0.369502 0.250801 0.271648 0.00268898
0 0.178795 0.761918 0.0505986 0.0659637 0.00268551
1 0.701158 0.38104 0.22031 0.254014 0.00268166
2 0.0659214 0.836491 0.128106 0.327017 0.00267621
1 0.674143 0.777203 0.163003 0.219522 0.00266364
0 0.0602338 0.574385 0.120271 0.833217 0.00265161
1 0.612817 0.579813 0.139845 0.211504 0.00261912
0 0.300074 0.672375 0.600148 0.642079 0.00261587
2 0.797281 0.372785 0.0971512 0.168549 0.00261234
2 0.169063 0.0328849 0.211898 0.0657697 0.00260516
0 0.186342 0.399395 0.0194949 0.0239155 0.00260065
0 0.0352806 0.139209 0.0705611 0.150171 0.00259199
0 0.918755 0.978125 0.0252724 0.0437172 0.00259052
2 0.795553 0.950417 0.0864535 0.0991664 0.00257821
2 0.0728588 0.943137 0.119041 0.113727 0.00255977
2 0.507846 0.779369 0.100077 0.148844 0.0025536
0 0.165609 0.581653 0.0304104 0.0711237 0.00252928
2 0.210397 0.542999 0.0300348 0.0416342 0.00251679
2 0.190991 0.648001 0.381981 0.703997 0.00251494
2 0.623948 0.550602 0.154213 0.264435 0.00251151
0 0.235476 0.631673 0.468048 0.730326 0.00250751
2 0.74979 0.892732 0.138868 0.211671 0.00250389
2 0.745468 0.354861 0.137806 0.197596 0.00241199
2 0.0412218 0.0225047 0.0636297 0.0450093 0.00240706
0 0.241311 0.0413989 0.0476964 0.0827978 0.00240631
2 0.914894 0.972588 0.0576418 0.0548231 0.00240327
2 0.722987 0.779638 0.113687 0.232268 0.00239388
2 0.519939 0.893631 0.143505 0.207264 0.00238999
0 0.293645 0.893944 0.57493 0.210869 0.00237784
0 0.201666 0.933774 0.0563192 0.0847413 0.00237684
2 0.340564 0.345378 0.15752 0.248079 0.00237638
2 0.549526 0.0635568 0.178259 0.127114 0.00235358
0 0.634178 0.934761 0.0982439 0.130479 0.00233449
2 0.880264 0.856401 0.129945 0.281146 0.00232864
2 0.27502 0.408491 0.16971 0.349248 0.00232167
0 0.179014 0.929788 0.103887 0.132959 0.00230825
2 0.563553 0.402728 0.178786 0.196081 0.00227524
1 0.182272 0.571962 0.0962233 0.110026 0.00227269
0 0.303615 0.208163 0.055732 0.065531 0.00223488
2 0.495662 0.719536 0.123255 0.234189 0.00223395
0 0.128218 0.763782 0.0348824 0.0503526 0.0022313
2 0.560208 0.436898 0.15691 0.224768 0.00223031
1 0.0379645 0.110878 0.0673484 0.221755 0.00222959
2 0.78959 0.356853 0.185872 0.208534 0.00222442
2 0.527182 0.917222 0.197153 0.165556 0.00221898
0 0.329153 0.275555 0.115486 0.179855 0.00221121
2 0.847794 0.634643 0.183146 0.344269 0.00219052
2 0.641291 0.0375272 0.167127 0.0750544 0.0021774
2 0.406852 0.431089 0.0625512 0.11083 0.00217339
0 0.0560752 0.598064 0.0267692 0.0352197 0.00217146
2 0.516735 0.467684 0.148549 0.233143 0.00217084
0 0.345609 0.918752 0.680744 0.162496 0.0021655
2 0.142232 0.0712382 0.198794 0.142476 0.00216235
2 0.0376803 0.111498 0.0685198 0.222997 0.00215703
2 0.755657 0.329598 0.0685796 0.104153 0.00215016
0 0.693196 0.937316 0.116597 0.125367 0.00214101
0 0.145447 0.446063 0.039024 0.0459023 0.00213746
2 0.454313 0.443739 0.143845 0.16972 0.00212527
0 0.160491 0.611385 0.0294551 0.0435216 0.002105
2 0.566347 0.128014 0.217161 0.256028 0.0021008
2 0.5196 0.657932 0.190494 0.335711 0.00209612
0 0.0435821 0.174969 0.0833822 0.349939 0.00208364
2 0.540622 0.0938679 0.189154 0.187736 0.00207099
0 0.0810563 0.15788 0.161677 0.31576 0.00206162
2 0.700516 0.380415 0.212318 0.253132 0.00201448
2 0.397265 0.730234 0.11317 0.223425 0.00199637
2 0.234963 0.376366 0.0818671 0.198534 0.00198883
2 0.20421 0.0623977 0.127216 0.124795 0.0019882
2 0.425536 0.939394 0.057186 0.120563 0.00197726
2 0.271634 0.742673 0.245803 0.176942 0.00196432
0 0.150704 0.90306 0.166559 0.184593 0.00195436
1 0.369296 0.895708 0.228482 0.20338 0.00195355
0 0.542043 0.484847 0.0895647 0.14141 0.00195071
2 0.631915 0.913037 0.107198 0.173926 0.00193217
0 0.21254 0.0165481 0.0305369 0.0330962 0.0019303
2 0.637103 0.424668 0.12219 0.160074 0.00192886
2 0.376401 0.643397 0.194352 0.373396 0.00191906
1 0.129545 0.99473 0.212796 0.0105403 0.00190912
2 0.24211 0.591862 0.0926466 0.169305 0.00190082
2 0.0443928 0.0219051 0.0480562 0.0438103 0.00189544
0 0.211554 0.543522 0.0379357 0.0538076 0.00185655
1 0.605482 0.637912 0.149914 0.31241 0.00185556
0 0.208456 0.993789 0.150251 0.0124217 0.00185355
2 0.437495 0.389323 0.159727 0.213721 0.0018475
2 0.376808 0.306543 0.0483479 0.0720013 0.00183505
1 0.904809 0.959739 0.0679533 0.0805223 0.00183448
2 0.176322 0.0669279 0.16504 0.133856 0.00182826
0 0.0305723 0.227255 0.0611446 0.167481 0.00181202
0 0.561574 0.726917 0.0785559 0.131777 0.00180938
2 0.323938 0.325098 0.197862 0.236855 0.00180589
0 0.0845496 0.0502852 0.162301 0.10057 0.00179002
2 0.915817 0.853056 0.127601 0.275448 0.00178661
0 0.0175109 0.905405 0.0346942 0.189189 0.00178516
2 0.366217 0.867314 0.225057 0.260649 0.0017787
2 0.498959 0.103157 0.221945 0.206314 0.00177562
2 0.275615 0.0510189 0.24847 0.102038 0.00176092
2 0.594005 0.753245 0.143944 0.22904 0.00175381
1 0.48665 0.548686 0.157962 0.288198 0.00174461
2 0.575717 0.299124 0.244142 0.395842 0.00174102
2 0.357643 0.471813 0.134275 0.218249 0.00172631
2 0.54873 0.493481 0.132158 0.221336 0.00172616
2 0.250433 0.543492 0.117998 0.0616753 0.0017211
2 0.703216 0.136529 0.16622 0.273057 0.00170929
2 0.67628 0.014943 0.221339 0.0298859 0.00170827
2 0.905546 0.834728 0.0944733 0.254449 0.00170306
2 0.05025 0.214124 0.1005 0.273066 0.00169473
