1 0.181672 0.879682 0.118761 0.172045 0.408305
2 0.199975 0.231486 0.0657716 0.0888794 0.198483
0 0.202138 0.233549 0.0691343 0.0929904 0.182823
2 0.40469 0.0255337 0.0874769 0.0510675 0.0903454
1 0.399421 0.0269453 0.0742545 0.0538906 0.0693693
2 0.183358 0.879096 0.118953 0.172746 0.0473551
0 0.817198 0.561228 0.0269844 0.0502448 0.0418476
0 0.058871 0.450104 0.0578448 0.0773453 0.0385407
0 0.765086 0.691215 0.0271887 0.0358058 0.0339593
0 0.323483 0.219206 0.059087 0.0693609 0.0331398
0 0.157016 0.606866 0.0224808 0.0394272 0.031836
2 0.33973 0.5 0.67946 1 0.0306949
2 0.0171886 0.211324 0.0335366 0.0756021 0.0301872
2 0.519118 0.380329 0.0568087 0.0929198 0.0284537
2 0.323572 0.218902 0.0581858 0.0708959 0.0275096
0 0.675675 0.944314 0.0341477 0.0293138 0.0248069
1 0.0168702 0.203985 0.0332978 0.0880161 0.0241393
0 0.482617 0.258426 0.0336828 0.0629107 0.0226977
1 0.391378 0.027725 0.117168 0.0554501 0.0211017
0 0.197264 0.237878 0.0581247 0.0707763 0.0201589
1 0.278541 0.280834 0.556499 0.561668 0.0182761
0 0.765054 0.720779 0.0334356 0.103564 0.0178678
2 0.0590412 0.450738 0.0587187 0.078464 0.016635
1 0.270593 0.5 0.538849 1 0.0164921
0 0.0966202 0.277778 0.0329004 0.0326684 0.0154098
0 0.110296 0.344592 0.0438084 0.0692961 0.0153104
1 0.247112 0.17491 0.491921 0.34982 0.0133706
1 0.382949 0.0282821 0.171096 0.0565643 0.0128676
0 0.518838 0.379278 0.0573414 0.0910798 0.0128242
1 0.24806 0.378549 0.495518 0.757097 0.0121641
2 0.929323 0.957107 0.136193 0.0840174 0.0119531
0 0.230767 0.5 0.459521 1 0.011811
2 0.93036 0.919991 0.138087 0.157241 0.0111454
1 0.446929 0.212216 0.364564 0.421993 0.010902
0 0.354389 0.218633 0.12232 0.0855285 0.0102548
0 0.337591 0.50306 0.672404 0.990147 0.010119
1 0.420225 0.041213 0.308936 0.0820607 0.0100089
1 0.376495 0.19155 0.443164 0.3831 0.00979153
2 0.206499 0.226916 0.0490703 0.0749453 0.00973681
1 0.121163 0.811032 0.242327 0.355588 0.00973606
1 0.39305 0.052497 0.369734 0.104725 0.00955474
1 0.928984 0.913852 0.140349 0.171275 0.00951101
1 0.127501 0.869771 0.247382 0.260459 0.00910493
2 0.428422 0.0292167 0.182959 0.0582848 0.00868229
0 0.780207 0.411675 0.0221053 0.0279441 0.00865741
0 0.841297 0.564476 0.0887375 0.0715251 0.00834102
2 0.0168048 0.229573 0.033074 0.298404 0.00801109
0 0.371139 0.198361 0.15716 0.207803 0.00786538
1 0.386458 0.136831 0.538234 0.271199 0.00782332
1 0.147786 0.884758 0.198784 0.230485 0.00774562
0 0.792505 0.467821 0.0334266 0.0308907 0.00771271
0 0.968662 0.981894 0.0617462 0.0362126 0.00765221
0 0.190003 0.500039 0.0382378 0.0711289 0.00745306
1 0.180659 0.838395 0.11955 0.290133 0.00730474
1 0.121112 0.298641 0.242224 0.597283 0.00727616
2 0.218792 0.22474 0.106339 0.110991 0.00723856
1 0.370532 0.193359 0.155673 0.212362 0.00707547
1 0.116209 0.445974 0.232418 0.891949 0.00688089
0 0.12671 0.494512 0.253419 0.989024 0.00683811
0 0.016767 0.545482 0.0312218 0.0589371 0.00670737
0 0.959234 0.979984 0.0815323 0.0400317 0.00656937
0 0.0614818 0.436776 0.0599678 0.104658 0.00649707
1 0.518147 0.379172 0.061288 0.092304 0.00623503
1 0.389249 0.0264333 0.0471454 0.051603 0.00620493
0 0.929212 0.963361 0.137281 0.072908 0.00590428
0 0.390603 0.269362 0.0515216 0.0513761 0.00581289
1 0.122578 0.730022 0.245155 0.530354 0.00581283
1 0.435754 0.0310629 0.23006 0.0621258 0.00576131
0 0.183245 0.23923 0.0324705 0.0621676 0.00568452
1 0.808857 0.66863 0.131582 0.220423 0.00563575
1 0.836522 0.700466 0.103799 0.146325 0.00555992
0 0.783628 0.410945 0.0261781 0.0332161 0.00551068
1 0.19085 0.859689 0.13109 0.217758 0.00525198
1 0.83595 0.659647 0.105973 0.230851 0.00510135
2 0.36962 0.214024 0.15171 0.100799 0.00508302
1 0.377052 0.0687104 0.219213 0.137421 0.00506144
1 0.236004 0.881777 0.228125 0.236445 0.00504592
0 0.938063 0.948465 0.122446 0.103069 0.00502261
1 0.203565 0.239953 0.0693742 0.089432 0.00496401
1 0.0170732 0.360442 0.0341464 0.429072 0.00487304
1 0.113583 0.201048 0.227166 0.402096 0.00476194
0 0.749817 0.532873 0.0236786 0.0268897 0.00475377
2 0.841014 0.589014 0.0820898 0.117929 0.00466899
0 0.0160802 0.585169 0.031912 0.364504 0.00460258
1 0.13344 0.87903 0.2207 0.182322 0.00460218
0 0.435269 0.243725 0.353612 0.482899 0.00457698
1 0.445055 0.103161 0.491095 0.206321 0.0045504
2 0.0722638 0.407037 0.114156 0.169784 0.00444396
2 0.389132 0.263745 0.0570669 0.058593 0.00443686
0 0.104374 0.312074 0.0573187 0.100073 0.00437526
2 0.836228 0.706869 0.101757 0.131036 0.0043581
0 0.155382 0.609668 0.026766 0.0478843 0.00433057
0 0.0462715 0.507061 0.0912238 0.249513 0.00432825
1 0.0217073 0.383664 0.0434147 0.48704 0.00428751
2 0.106507 0.31762 0.04848 0.113899 0.00427894
0 0.987157 0.88763 0.0250521 0.0768124 0.004264
0 0.688999 0.427141 0.622002 0.842706 0.00420886
2 0.108621 0.339868 0.039109 0.0506529 0.00417304
0 0.505596 0.382887 0.0393169 0.0858064 0.00414712
0 0.105733 0.340091 0.0340808 0.0455594 0.00405553
2 0.829759 0.481966 0.339815 0.95379 0.0040079
0 0.932319 0.894479 0.135362 0.211041 0.00398525
0 0.754358 0.458586 0.484564 0.875307 0.00394507
1 0.0712774 0.354811 0.141305 0.278738 0.00385053
1 0.0698612 0.338708 0.139722 0.408574 0.00381952
1 0.402851 0.820857 0.619922 0.354573 0.00380863
0 0.936154 0.846937 0.127691 0.306126 0.00380621
2 0.209963 0.235504 0.0536141 0.0978998 0.00376841
0 0.817832 0.717897 0.143068 0.114199 0.0037643
1 0.357746 0.867102 0.597465 0.265796 0.00375913
1 0.317347 0.854077 0.452975 0.291846 0.00373833
2 0.16156 0.236865 0.149864 0.0969801 0.00368128
2 0.397625 0.0267493 0.167388 0.0534986 0.00367867
2 0.425268 0.757722 0.828225 0.477573 0.00366259
2 0.0977242 0.279476 0.0405452 0.0461129 0.00365406
0 0.791579 0.443824 0.037533 0.0823862 0.00365363
0 0.0152302 0.459815 0.0304604 0.33372 0.00363772
0 0.723036 0.346131 0.550404 0.675215 0.00362871
0 0.536331 0.251533 0.571471 0.499322 0.00356165
1 0.159469 0.892257 0.255969 0.215487 0.00353585
2 0.0282948 0.800917 0.0459311 0.108414 0.00349739
2 0.898072 0.961348 0.0630203 0.0676078 0.00349412
0 0.640785 0.325442 0.71843 0.640198 0.00348018
0 0.429101 0.776773 0.722003 0.437624 0.00347793
0 0.438398 0.499847 0.37686 0.864966 0.00346819
0 0.254765 0.63372 0.508683 0.690052 0.00345754
0 0.322099 0.359853 0.611241 0.678148 0.00344024
0 0.388225 0.275316 0.0581099 0.0349363 0.00342309
2 0.0173497 0.219373 0.0340818 0.0514304 0.00341131
2 0.0621659 0.376948 0.124332 0.270835 0.00340046
0 0.898958 0.947706 0.202084 0.103458 0.00339295
1 0.789964 0.639468 0.199852 0.284339 0.00338193
0 0.783877 0.612389 0.393918 0.352732 0.00335106
2 0.953889 0.500988 0.091536 0.869601 0.00334085
2 0.0172691 0.193255 0.0345382 0.141558 0.00333466
2 0.179781 0.780282 0.117762 0.172794 0.0032854
0 0.708062 0.259174 0.50817 0.508659 0.00326402
1 0.171579 0.626037 0.343158 0.703469 0.00325352
1 0.405745 0.0216849 0.0781441 0.0433697 0.00324962
1 0.392014 0.113286 0.19783 0.22626 0.00324335
0 0.868046 0.513096 0.263791 0.931153 0.00323928
0 0.791053 0.945372 0.416518 0.107061 0.00323109
0 0.396146 0.308826 0.364916 0.48532 0.00322612
0 0.893626 0.832051 0.212747 0.332472 0.00319986
2 0.969818 0.971724 0.0596728 0.0560098 0.00318277
2 0.825197 0.68254 0.349607 0.530566 0.00317627
0 0.700251 0.736833 0.535428 0.526335 0.00317104
1 0.0165321 0.166989 0.0326452 0.333429 0.00314042
0 0.838307 0.373797 0.314807 0.677781 0.00312794
0 0.713931 0.639714 0.412242 0.364805 0.00312669
2 0.960016 0.399276 0.0787453 0.652021 0.0031171
0 0.952504 0.522263 0.0943504 0.859355 0.00307598
2 0.0522911 0.41684 0.0730454 0.147981 0.00306778
2 0.508648 0.379482 0.0791901 0.0984062 0.00304323
2 0.157954 0.6041 0.0218145 0.048424 0.0030387
0 0.623853 0.516592 0.618542 0.674668 0.0030255
0 0.209049 0.208879 0.0276155 0.0415198 0.00300374
0 0.70704 0.556644 0.462053 0.479054 0.00300304
0 0.738958 0.826024 0.502507 0.346077 0.0029925
1 0.503521 0.37921 0.0881704 0.0938352 0.00298076
0 0.341449 0.818414 0.499443 0.33814 0.00297112
0 0.612509 0.666385 0.612386 0.579903 0.00296641
0 0.0224063 0.42512 0.0448125 0.484471 0.00296498
0 0.635422 0.49376 0.695172 0.98752 0.00294908
0 0.838459 0.592217 0.0954834 0.128854 0.00294106
2 0.740378 0.717992 0.501054 0.564015 0.002941
0 0.904728 0.522652 0.189688 0.798315 0.00293858
0 0.823685 0.496475 0.352631 0.743715 0.00292321
0 0.954337 0.150093 0.0913269 0.300185 0.0029133
0 0.0277298 0.442126 0.0554595 0.40513 0.00290745
1 0.509551 0.125748 0.509389 0.251495 0.00290507
0 0.745874 0.690549 0.399046 0.36526 0.0029002
0 0.948239 0.741473 0.103522 0.517054 0.00289583
2 0.791375 0.782087 0.414635 0.435827 0.00286302
0 0.535459 0.598013 0.810615 0.793302 0.00285615
0 0.105468 0.351835 0.0371125 0.0698817 0.00281767
0 0.4841 0.510088 0.429 0.979824 0.00281573
0 0.450204 0.5 0.900409 1 0.00280092
0 0.632713 0.942171 0.567994 0.115657 0.00277503
0 0.76267 0.943439 0.0911764 0.109306 0.00277267
0 0.457207 0.442987 0.346541 0.589747 0.00275826
0 0.821784 0.608821 0.356431 0.487081 0.00275015
1 0.336901 0.0402981 0.276601 0.0805962 0.00274523
0 0.899051 0.965602 0.0719925 0.0677887 0.00273122
0 0.180741 0.779606 0.115795 0.170777 0.00272893
2 0.390996 0.274435 0.0544855 0.0375503 0.00272299
2 0.384108 0.819946 0.768216 0.351864 0.00272181
0 0.146441 0.607984 0.0403393 0.0449439 0.00272035
2 0.954623 0.709997 0.0904884 0.580006 0.00271258
0 0.86737 0.769163 0.265261 0.460348 0.00270924
2 0.538802 0.657044 0.797243 0.685911 0.00270299
1 0.887127 0.728465 0.225746 0.540525 0.00268904
0 0.453279 0.71252 0.906558 0.55931 0.00267312
0 0.0160404 0.662704 0.0318832 0.358909 0.00267296
0 0.613919 0.839885 0.648834 0.309152 0.0026382
1 0.358062 0.213173 0.132298 0.167585 0.00260862
1 0.169423 0.221709 0.135444 0.122237 0.00260451
0 0.142273 0.813822 0.284546 0.332811 0.00260153
0 0.960531 0.27333 0.0779351 0.530905 0.00259415
0 0.707884 0.188714 0.4099 0.374798 0.00259368
0 0.728435 0.129132 0.341759 0.258265 0.00258299
0 0.779729 0.235958 0.42511 0.462465 0.00257876
1 0.37266 0.141096 0.194734 0.282191 0.00257599
0 0.520126 0.504245 0.660392 0.991509 0.00256091
1 0.523646 0.196373 0.495375 0.391888 0.00254974
2 0.355142 0.906033 0.710284 0.187935 0.00254953
0 0.0327802 0.768222 0.0374607 0.0435651 0.00252276
2 0.954869 0.968709 0.0902625 0.0615274 0.00251007
0 0.51087 0.416966 0.422516 0.452723 0.00250739
0 0.553926 0.779952 0.732362 0.43906 0.00247384
0 0.203789 0.717062 0.407578 0.525195 0.00246359
0 0.917038 0.352379 0.165924 0.61477 0.00243008
0 0.81011 0.189581 0.0229584 0.0360252 0.0024179
1 0.861472 0.961935 0.277056 0.0752349 0.00241332
0 0.909386 0.121902 0.180173 0.243804 0.00240759
1 0.508107 0.381425 0.0316775 0.087948 0.00240393
1 0.136364 0.257839 0.211955 0.308015 0.00239538
0 0.331496 0.682078 0.662992 0.556906 0.00233619
2 0.18039 0.753357 0.110782 0.108645 0.00233405
0 0.388955 0.257832 0.0563824 0.0693854 0.00230506
1 0.782964 0.951472 0.395231 0.0969196 0.00229977
0 0.834726 0.652284 0.106634 0.249945 0.00229096
1 0.149126 0.283199 0.190947 0.237561 0.00228819
1 0.129523 0.892176 0.259047 0.215648 0.00227483
1 0.401424 0.122228 0.104008 0.232005 0.00227324
0 0.988575 0.880036 0.0227802 0.101095 0.00226408
1 0.0620926 0.317937 0.124185 0.248335 0.00225224
0 0.821673 0.131063 0.340296 0.262126 0.00220982
0 0.370903 0.934074 0.732916 0.131852 0.00220285
1 0.0877066 0.162011 0.175413 0.324021 0.00219213
1 0.450588 0.119044 0.348408 0.237245 0.00219185
0 0.910587 0.266179 0.177666 0.521699 0.00219183
2 0.776283 0.0804992 0.0841723 0.0834369 0.00218316
2 0.0256025 0.771891 0.0506276 0.257627 0.00217029
0 0.308704 0.746292 0.617407 0.460659 0.00215293
0 0.891571 0.963394 0.0490288 0.0709594 0.00215222
2 0.932059 0.876222 0.134511 0.247556 0.00213185
0 0.848067 0.240118 0.298044 0.472953 0.0021298
0 0.454269 0.810513 0.908538 0.35679 0.00212231
1 0.195096 0.893218 0.286138 0.19976 0.00212224
2 0.377972 0.207353 0.150272 0.17848 0.00211232
0 0.675668 0.963203 0.0406664 0.0662175 0.00209305
2 0.441757 0.0179891 0.151646 0.0359783 0.0020901
0 0.452257 0.943796 0.685618 0.112407 0.00208853
0 0.314919 0.220239 0.0392019 0.0712946 0.00208302
0 0.396886 0.8471 0.793772 0.287698 0.00208265
2 0.0253011 0.816483 0.0501438 0.196925 0.00208158
0 0.216099 0.244675 0.0417997 0.0796766 0.00207727
2 0.735024 0.56342 0.0700947 0.0653343 0.00205887
1 0.389765 0.169122 0.114909 0.168441 0.00204732
0 0.385781 0.22385 0.195158 0.152371 0.00198816
1 0.790446 0.100496 0.0577289 0.0448805 0.00197462
2 0.110901 0.34332 0.0461605 0.0708134 0.00197294
1 0.503464 0.0369447 0.38615 0.0738893 0.00196261
2 0.808447 0.64432 0.161478 0.281161 0.0019554
0 0.838845 0.577234 0.0748998 0.0851559 0.00195468
1 0.247588 0.894324 0.393858 0.209671 0.00194858
1 0.0701749 0.396112 0.124499 0.198242 0.00194273
1 0.789089 0.935304 0.421823 0.129213 0.00193854
2 0.0163541 0.157687 0.0326431 0.233469 0.00193259
0 0.673828 0.0263046 0.0747587 0.0526092 0.00192874
0 0.108836 0.331382 0.049768 0.0549354 0.00192836
0 0.182645 0.498242 0.0589741 0.0679197 0.00192668
1 0.311481 0.206504 0.0314152 0.040665 0.0019262
1 0.805777 0.961621 0.352939 0.076757 0.00192187
0 0.775783 0.409767 0.0371429 0.0358911 0.00190989
0 0.787516 0.561566 0.0929077 0.0790517 0.00189524
0 0.739007 0.958585 0.286373 0.0828304 0.00189163
2 0.0262563 0.783552 0.0519032 0.387215 0.00188124
2 0.67548 0.0244145 0.0889372 0.048829 0.00188099
2 0.027758 0.242781 0.0554404 0.388158 0.00187461
1 0.404136 0.153552 0.086887 0.137548 0.00186747
1 0.104507 0.228682 0.209013 0.270878 0.00185514
2 0.782163 0.0722072 0.103146 0.101989 0.00185139
0 0.767912 0.691366 0.0371347 0.0434911 0.00184627
0 0.768683 0.940435 0.306119 0.11906 0.00184451
0 0.029786 0.788869 0.0454341 0.0825262 0.00183274
0 0.788676 0.628805 0.19779 0.294214 0.00182648
1 0.814017 0.706457 0.151016 0.13749 0.0018223
2 0.677707 0.928671 0.0382224 0.0668691 0.00180113
0 0.937194 0.981895 0.125613 0.0359638 0.0017968
1 0.0967929 0.336189 0.0670681 0.0925583 0.00178865
0 0.978443 0.983768 0.0426693 0.0324631 0.00177555
2 0.0728989 0.427782 0.0294612 0.0341816 0.00177231
2 0.0236279 0.82353 0.0457458 0.13628 0.00175658
0 0.820229 0.571525 0.0346045 0.0748632 0.00175363
1 0.529179 0.0485606 0.443324 0.0971211 0.00175349
1 0.257845 0.196316 0.203147 0.165499 0.00174838
0 0.182676 0.714229 0.0301306 0.0349215 0.00172675
1 0.0343742 0.195938 0.0687483 0.36071 0.00171719
0 0.730997 0.910877 0.0276569 0.0280858 0.00171561
1 0.351781 0.0303072 0.259799 0.0604537 0.00168904
1 0.1417 0.821317 0.203264 0.299346 0.00168544
0 0.636541 0.963281 0.304774 0.0713751 0.00167773
1 0.027145 0.819987 0.0527714 0.180402 0.00166706
2 0.78431 0.105147 0.0808409 0.0571308 0.00163446
1 0.184626 0.900591 0.113516 0.114938 0.0016301
2 0.771069 0.0632477 0.0969212 0.121473 0.00163006
2 0.0626068 0.267683 0.125208 0.398053 0.00162975
1 0.417873 0.131245 0.258527 0.262491 0.00162615
