1 0.578333 0.689719 0.777856 0.614891 0.603661
2 0.574137 0.679954 0.779921 0.609444 0.478787
0 0.659282 0.0994789 0.304763 0.186918 0.166909
1 0.462447 0.667416 0.535335 0.561323 0.153975
0 0.12292 0.103764 0.245227 0.207102 0.111575
2 0.118723 0.10435 0.237445 0.207132 0.0824088
0 0.570472 0.068315 0.110047 0.0960761 0.0722718
1 0.531687 0.545861 0.675949 0.324301 0.0576317
1 0.457115 0.525594 0.522038 0.282632 0.056596
0 0.612678 0.0758858 0.21339 0.127898 0.0532845
0 0.623458 0.100164 0.414648 0.200327 0.0385925
0 0.571063 0.0779752 0.127964 0.121473 0.0293644
1 0.944658 0.749053 0.110683 0.37508 0.0239855
0 0.647952 0.0671902 0.308108 0.125007 0.0184814
2 0.474375 0.626118 0.939915 0.738813 0.0169545
2 0.597827 0.604689 0.747327 0.446875 0.0162843
0 0.13474 0.216903 0.268529 0.43369 0.0162338
1 0.873425 0.731616 0.252338 0.350708 0.0152856
2 0.496643 0.244285 0.993285 0.488571 0.014651
2 0.0186835 0.779224 0.037367 0.126418 0.0134926
2 0.496462 0.119737 0.992924 0.239474 0.0133705
0 0.0210674 0.848156 0.0421348 0.283883 0.0128874
0 0.295365 0.104197 0.590731 0.207653 0.0121687
0 0.521601 0.103173 0.661617 0.204795 0.0119984
2 0.461062 0.174817 0.922125 0.347837 0.0114456
1 0.192083 0.847128 0.382853 0.305311 0.0110463
0 0.673221 0.101805 0.648059 0.203604 0.0103965
1 0.45463 0.484202 0.53008 0.192493 0.0102113
2 0.516468 0.771912 0.938819 0.452178 0.00964934
0 0.582299 0.0651728 0.165671 0.104136 0.00964835
0 0.988401 0.616227 0.0230656 0.0681828 0.00945958
1 0.118938 0.810906 0.237865 0.378188 0.00921443
0 0.695021 0.104518 0.221794 0.201075 0.00871822
2 0.502918 0.839016 0.878265 0.321968 0.00799637
0 0.984318 0.618865 0.0310465 0.0798464 0.00777547
0 0.507128 0.371036 0.985745 0.737249 0.00752919
2 0.0193115 0.756214 0.0386229 0.110378 0.00723857
0 0.504128 0.166947 0.695926 0.332683 0.00721707
2 0.472564 0.894039 0.840292 0.210979 0.0071734
0 0.244105 0.266394 0.485641 0.53012 0.00655749
1 0.589998 0.306849 0.643727 0.610021 0.00642238
0 0.462347 0.136806 0.924694 0.271284 0.00632587
1 0.887115 0.688383 0.224932 0.525366 0.00626661
0 0.177702 0.105511 0.355405 0.210926 0.0057936
1 0.257805 0.814706 0.515522 0.368219 0.00578013
0 0.370795 0.376235 0.739388 0.75247 0.00575779
2 0.401504 0.934261 0.532744 0.130543 0.00575567
0 0.560248 0.255286 0.56753 0.501272 0.00568265
1 0.938214 0.666752 0.123572 0.472368 0.00564391
1 0.766109 0.736853 0.465917 0.42775 0.00552426
1 0.945052 0.74778 0.108659 0.267466 0.0054682
0 0.276396 0.164088 0.552791 0.327804 0.00541477
1 0.340621 0.949117 0.543055 0.101192 0.00535758
0 0.485053 0.196198 0.970106 0.392395 0.00533199
2 0.947051 0.833769 0.103725 0.0904999 0.00514605
2 0.0211684 0.786858 0.0418298 0.290745 0.00512928
1 0.880225 0.754751 0.238271 0.250395 0.00506254
2 0.550509 0.374206 0.892659 0.748411 0.00501559
2 0.271529 0.899935 0.539158 0.198925 0.00485998
2 0.691673 0.101449 0.608818 0.199269 0.00477523
2 0.329022 0.603856 0.654239 0.792287 0.00474368
0 0.708067 0.0462605 0.251267 0.0917308 0.00466825
1 0.934304 0.82607 0.131393 0.347859 0.00461859
2 0.275073 0.84994 0.544772 0.30012 0.00457204
2 0.392343 0.844189 0.575389 0.311622 0.00448169
0 0.152621 0.368202 0.305242 0.736404 0.00439048
0 0.931327 0.0986921 0.137347 0.196419 0.00421785
0 0.781199 0.04823 0.431837 0.0964599 0.00421624
0 0.867496 0.63901 0.263533 0.538604 0.00415083
0 0.0467533 0.855014 0.0935067 0.289972 0.00414695
0 0.0733063 0.106556 0.146613 0.213111 0.00412874
0 0.0293077 0.0314793 0.0584088 0.0629409 0.004108
0 0.933478 0.178039 0.133044 0.356078 0.0040756
0 0.986799 0.598301 0.0259836 0.104373 0.00407118
1 0.926898 0.727189 0.146023 0.333614 0.00405179
1 0.366115 0.475469 0.724741 0.230212 0.00402123
0 0.946666 0.621363 0.106668 0.488205 0.00398399
0 0.234648 0.419117 0.469297 0.838234 0.00396167
0 0.0711563 0.853454 0.142313 0.293093 0.00393785
2 0.719396 0.102865 0.217817 0.20218 0.00386333
0 0.961287 0.652842 0.0774255 0.327986 0.00379539
1 0.138567 0.745712 0.276469 0.508123 0.00378575
0 0.366837 0.590206 0.732193 0.819589 0.00376651
0 0.561233 0.616257 0.811097 0.477666 0.00374436
0 0.219633 0.579135 0.439266 0.841731 0.00370092
2 0.778778 0.34614 0.442444 0.682512 0.00369599
1 0.367607 0.924749 0.473122 0.148854 0.00368986
0 0.164247 0.154834 0.13184 0.0944677 0.00367072
0 0.946687 0.250094 0.106627 0.475676 0.00364478
1 0.0218259 0.780298 0.0436517 0.371313 0.00364394
0 0.983344 0.566826 0.0333126 0.184946 0.00362659
0 0.943387 0.3274 0.112824 0.537389 0.00362481
0 0.983307 0.602325 0.0331419 0.152039 0.00362228
0 0.500246 0.654492 0.841006 0.691017 0.00355409
0 0.925449 0.897344 0.149103 0.205312 0.00355273
0 0.539696 0.509952 0.848857 0.594842 0.00350693
0 0.0656919 0.0667599 0.131384 0.13352 0.00348206
0 0.551832 0.061155 0.129728 0.106688 0.00348
1 0.78227 0.144582 0.432102 0.288154 0.0034384
0 0.0331337 0.86515 0.0662674 0.269699 0.00330248
2 0.504813 0.944806 0.89868 0.109431 0.00327971
0 0.0781176 0.041957 0.156235 0.0822209 0.00326354
0 0.75515 0.396457 0.4897 0.792915 0.00323295
0 0.873074 0.823856 0.253852 0.347986 0.00323221
2 0.712537 0.589985 0.56097 0.475436 0.00322236
1 0.893982 0.284481 0.211362 0.564411 0.0032087
1 0.172841 0.943065 0.34521 0.112634 0.0031866
0 0.888782 0.354844 0.222334 0.649754 0.00317369
2 0.947286 0.855965 0.104732 0.208386 0.00316136
2 0.167478 0.152096 0.126984 0.0893921 0.00315856
2 0.392927 0.726356 0.734261 0.535197 0.00313872
1 0.727175 0.22677 0.545649 0.450953 0.00312756
0 0.742733 0.102474 0.193829 0.202225 0.00312343
0 0.123638 0.149008 0.210867 0.11253 0.00311903
2 0.381243 0.817272 0.359987 0.25063 0.00308078
0 0.945963 0.46061 0.107506 0.546833 0.0030782
0 0.0552185 0.032033 0.110437 0.064046 0.00303993
0 0.955605 0.692307 0.0887905 0.320082 0.00303728
1 0.850895 0.681621 0.280218 0.175458 0.00303581
0 0.160338 0.659507 0.320676 0.640831 0.00300395
0 0.87728 0.909619 0.24544 0.180762 0.002985
0 0.990013 0.626797 0.0199735 0.102095 0.00298216
2 0.946241 0.777612 0.106337 0.223269 0.0029729
2 0.0330859 0.847501 0.0661277 0.299681 0.00292026
0 0.502203 0.516935 0.671976 0.251716 0.0029146
0 0.722805 0.592832 0.543828 0.56891 0.00290016
0 0.632732 0.0614377 0.414932 0.121018 0.00284971
1 0.272933 0.735264 0.543595 0.523933 0.00283511
1 0.312734 0.969238 0.446306 0.0615246 0.00280205
2 0.0218517 0.79925 0.043137 0.107451 0.00278952
0 0.785317 0.101174 0.39311 0.20166 0.00277734
0 0.947746 0.839035 0.102502 0.0726089 0.00275632
0 0.9476 0.817792 0.104799 0.176908 0.00274092
2 0.315975 0.820257 0.63195 0.359486 0.0027351
0 0.758631 0.929679 0.482633 0.13846 0.00273266
1 0.173909 0.951632 0.282525 0.0943707 0.00269304
0 0.764355 0.0432664 0.308958 0.0865327 0.00267352
2 0.615416 0.722153 0.755084 0.369257 0.00265151
0 0.0474052 0.0408918 0.0945937 0.0734688 0.0026413
2 0.764569 0.12876 0.0733953 0.141293 0.00262836
0 0.21532 0.848332 0.0753924 0.0743866 0.00261814
0 0.760107 0.822449 0.479465 0.349979 0.00256084
0 0.456171 0.412382 0.912342 0.401907 0.00256067
0 0.944923 0.889948 0.110154 0.220104 0.00255508
0 0.547601 0.964022 0.873392 0.070245 0.00255465
0 0.88881 0.561808 0.22183 0.630972 0.00254231
2 0.0782078 0.0586699 0.156416 0.11734 0.00250938
1 0.326972 0.932268 0.35087 0.133494 0.00246242
0 0.514421 0.0626816 0.417754 0.114771 0.00245248
0 0.54064 0.850211 0.897528 0.296875 0.00244305
0 0.449762 0.643814 0.355977 0.203692 0.00239869
0 0.0284366 0.189049 0.0568733 0.378098 0.00238528
0 0.199601 0.0336352 0.399203 0.0672703 0.00237507
0 0.958652 0.607229 0.081912 0.204474 0.00230597
1 0.365518 0.818793 0.389613 0.248118 0.00230298
1 0.147207 0.959988 0.294413 0.080025 0.00227209
0 0.166448 0.958788 0.326744 0.0821648 0.00224441
0 0.605152 0.882831 0.779024 0.228899 0.00223095
0 0.0257842 0.515705 0.0512667 0.370112 0.00217164
0 0.727736 0.152283 0.1721 0.096941 0.00216207
2 0.203616 0.955371 0.266802 0.0872368 0.00214435
0 0.437963 0.688997 0.373789 0.297045 0.00213785
2 0.167917 0.916026 0.325156 0.167296 0.00211692
1 0.206272 0.912247 0.412543 0.173495 0.00210115
0 0.148102 0.139286 0.213146 0.135835 0.00206533
2 0.0186956 0.735139 0.0370563 0.159443 0.00205101
1 0.786462 0.0400478 0.427075 0.0800956 0.00203678
0 0.0310528 0.464116 0.0617373 0.364545 0.0020008
0 0.0930276 0.857456 0.185667 0.285088 0.00199893
1 0.45165 0.552142 0.403131 0.313973 0.00198813
0 0.113391 0.169134 0.226782 0.338268 0.00197919
2 0.20928 0.92843 0.264024 0.141911 0.00196596
0 0.675107 0.043731 0.40697 0.0870381 0.0019658
1 0.296372 0.951809 0.354084 0.094169 0.00196127
1 0.650091 0.0967048 0.338954 0.166371 0.00192716
2 0.950351 0.803826 0.099298 0.163086 0.00192105
0 0.14944 0.0442901 0.29888 0.0882009 0.00190071
0 0.765579 0.146958 0.0687925 0.106512 0.00188559
1 0.103654 0.830114 0.207308 0.264895 0.00188071
0 0.958525 0.583701 0.082951 0.401671 0.00187082
0 0.703604 0.149245 0.268799 0.102709 0.00186589
1 0.0531381 0.770774 0.106084 0.329952 0.0018561
0 0.0299157 0.581798 0.0596032 0.39775 0.0018391
0 0.0742353 0.883432 0.148471 0.233135 0.00182262
0 0.0639304 0.0207499 0.127642 0.0414997 0.00181613
1 0.328529 0.905384 0.35705 0.189231 0.00180109
1 0.836222 0.74063 0.251628 0.265714 0.00179814
0 0.941627 0.716603 0.116746 0.33528 0.00178619
0 0.947778 0.655094 0.103948 0.251528 0.00178305
1 0.295001 0.942674 0.274084 0.111509 0.00178117
0 0.0309545 0.727536 0.061909 0.385504 0.00177682
2 0.809435 0.0552449 0.38113 0.110463 0.0017222
0 0.50166 0.514995 0.435356 0.242194 0.00170798
0 0.0421816 0.296051 0.0843101 0.362975 0.00169719
2 0.0324642 0.787576 0.0648712 0.311578 0.00168502
1 0.668803 0.681897 0.500989 0.188921 0.00168427
0 0.948567 0.150777 0.102866 0.301554 0.00168136
1 0.688989 0.625279 0.49448 0.362022 0.00168078
1 0.129975 0.917966 0.25995 0.162698 0.00167331
1 0.280334 0.916512 0.239273 0.166911 0.00166934
2 0.0676662 0.0301701 0.111853 0.0567125 0.00166323
0 0.737561 0.032137 0.186793 0.0638623 0.00165319
2 0.84754 0.076155 0.302121 0.15231 0.00164709
2 0.746639 0.106515 0.155614 0.18849 0.00164696
0 0.0346025 0.407585 0.0688261 0.380243 0.00161265
1 0.289742 0.873915 0.256153 0.25217 0.00160185
1 0.790258 0.945861 0.419483 0.107448 0.00158896
0 0.0231725 0.0225906 0.0463451 0.0451812 0.00158299
0 0.454739 0.609098 0.366982 0.220387 0.00156794
1 0.891767 0.91623 0.213437 0.16754 0.00155886
0 0.861024 0.0486764 0.272986 0.0970254 0.00155833
0 0.548207 0.0973747 0.36561 0.160548 0.0015558
2 0.829138 0.681522 0.242959 0.151347 0.00155243
1 0.446796 0.680864 0.35354 0.368967 0.00154133
2 0.188032 0.033959 0.376063 0.067918 0.00153414
0 0.714483 0.032717 0.26686 0.0650032 0.00153322
0 0.918239 0.0768771 0.162417 0.153754 0.00151738
0 0.125813 0.917067 0.25137 0.165866 0.00150977
1 0.943336 0.892589 0.112852 0.211903 0.00150225
0 0.724621 0.972522 0.481038 0.0549566 0.00150218
2 0.756409 0.143793 0.143167 0.113701 0.00148966
0 0.46547 0.472602 0.576268 0.163591 0.00148604
0 0.11628 0.142367 0.23256 0.155964 0.00146874
1 0.72185 0.669481 0.445239 0.266596 0.00146485
0 0.951646 0.853659 0.0961851 0.0906706 0.00146471
0 0.0345711 0.652644 0.0691293 0.378362 0.00145575
1 0.0877641 0.749863 0.175365 0.3415 0.00145338
0 0.944638 0.452756 0.110724 0.385005 0.00143974
1 0.377731 0.546368 0.365658 0.323409 0.00142874
1 0.231099 0.961372 0.462198 0.0771645 0.00141408
1 0.402386 0.462309 0.40436 0.145206 0.00141384
2 0.349791 0.971562 0.458723 0.0568752 0.00141163
0 0.488684 0.538884 0.457875 0.345156 0.00140777
0 0.37085 0.820623 0.383859 0.244872 0.00140322
0 0.0427999 0.0507248 0.0848513 0.10145 0.00139868
0 0.910795 0.932744 0.177129 0.134513 0.0013808
1 0.259341 0.949174 0.202885 0.0997559 0.00137977
2 0.949749 0.537143 0.100501 0.429306 0.00137455
2 0.0243104 0.809775 0.0485655 0.142672 0.00137368
0 0.655061 0.975606 0.522451 0.0487871 0.00137068
2 0.244467 0.948884 0.206564 0.100954 0.00136949
1 0.921231 0.859541 0.155219 0.142747 0.00136696
0 0.622991 0.147677 0.375021 0.110777 0.00136626
1 0.201421 0.0310978 0.402841 0.0621955 0.00136301
0 0.859096 0.0919931 0.279673 0.183986 0.00133977
2 0.0695508 0.262166 0.139102 0.330828 0.00132851
0 0.0779143 0.937166 0.155829 0.125667 0.00132315
0 0.387306 0.531014 0.362167 0.290897 0.00131652
0 0.949872 0.557407 0.0996201 0.223882 0.00130687
1 0.62957 0.573146 0.461492 0.421198 0.00128529
2 0.945427 0.545441 0.108514 0.267513 0.00128297
0 0.260735 0.317403 0.155282 0.130974 0.0012802
2 0.758958 0.143193 0.0777287 0.109127 0.00125886
2 0.851616 0.946048 0.294502 0.107 0.00125454
1 0.569459 0.108319 0.524615 0.182345 0.00124978
2 0.0732547 0.0267618 0.146509 0.0535236 0.00124149
0 0.851361 0.751619 0.297279 0.272503 0.00123972
0 0.295204 0.452433 0.164359 0.112009 0.00123286
1 0.349979 0.875573 0.425911 0.248855 0.00122381
0 0.449308 0.445256 0.586671 0.112884 0.00120853
2 0.17852 0.152 0.193917 0.110171 0.00120319
1 0.734203 0.954587 0.531594 0.0899263 0.00119733
1 0.944609 0.520245 0.110192 0.296273 0.00119498
0 0.870153 0.672263 0.259536 0.240927 0.00119142
2 0.383207 0.490421 0.353565 0.208384 0.00118876
0 0.28786 0.0276933 0.545983 0.0553865 0.00118391
1 0.446696 0.949727 0.665252 0.100125 0.00116885
0 0.795764 0.967837 0.408473 0.0643269 0.00116783
1 0.825287 0.104084 0.349426 0.208168 0.00116753
0 0.0787961 0.509963 0.156991 0.374793 0.00115616
2 0.800792 0.102296 0.368321 0.204593 0.00115595
0 0.72632 0.14858 0.354735 0.115409 0.00114754
0 0.910501 0.955874 0.178998 0.0882522 0.00114282
1 0.554794 0.565875 0.43091 0.412194 0.0011336
1 0.865795 0.9448 0.263945 0.1104 0.00113061
0 0.322847 0.448161 0.228081 0.118037 0.00112962
1 0.500404 0.0612105 0.576993 0.122421 0.00112564
1 0.847964 0.780359 0.304071 0.213165 0.00112147
1 0.620901 0.67346 0.613584 0.225392 0.00112012
0 0.942591 0.384946 0.113854 0.229563 0.00111275
1 0.320352 0.844759 0.317693 0.310481 0.00110894
0 0.0785529 0.296811 0.15702 0.331901 0.00110701
1 0.614579 0.628819 0.563257 0.317249 0.00110367
0 0.0186122 0.805715 0.0368719 0.116137 0.00109813
0 0.317291 0.0349562 0.634583 0.0699124 0.00109768
1 0.897506 0.075921 0.204987 0.151842 0.00108889
0 0.0708726 0.433734 0.141314 0.365908 0.00108648
0 0.0681953 0.0322489 0.103415 0.0571971 0.00108424
0 0.195352 0.16477 0.21471 0.135619 0.00107653
0 0.0981158 0.345364 0.195669 0.411499 0.00107548
0 0.902489 0.0952693 0.195023 0.190539 0.00107147
0 0.379415 0.972669 0.484502 0.0546624 0.00106718
0 0.875474 0.959152 0.248307 0.0816963 0.00106615
1 0.347497 0.463245 0.278719 0.154985 0.00106036
0 0.0767497 0.576577 0.152947 0.40043 0.00105817
0 0.637123 0.133393 0.386594 0.152577 0.00105806
0 0.465954 0.295587 0.181708 0.189257 0.00105312
1 0.942149 0.444679 0.115184 0.251103 0.00104672
0 0.510103 0.0306938 0.545901 0.0613875 0.00104614
0 0.948001 0.108544 0.103297 0.196139 0.00103867
