2 0.626588 0.612925 0.521852 0.38714 0.834328
2 0.246461 0.526466 0.0875706 0.0809837 0.572906
0 0.245734 0.527184 0.0927712 0.081781 0.432313
2 0.123663 0.638067 0.0896838 0.0521012 0.249369
1 0.123253 0.640314 0.0900962 0.0490856 0.0954427
0 0.124185 0.640185 0.0863272 0.0493599 0.0810368
2 0.681707 0.571119 0.404146 0.312142 0.0670958
0 0.55326 0.869273 0.0658176 0.0323189 0.0354134
0 0.394211 0.890492 0.0450384 0.0359692 0.0286084
1 0.244508 0.526906 0.0859446 0.0811076 0.0271119
0 0.404691 0.891296 0.0689384 0.0420139 0.021278
0 0.270544 0.974927 0.119465 0.0501464 0.0152201
2 0.206222 0.529396 0.168632 0.0860695 0.0139554
0 0.625958 0.563305 0.512183 0.296391 0.0125903
2 0.47574 0.432258 0.951479 0.617339 0.0124632
2 0.247599 0.513695 0.0838882 0.0548928 0.0115735
0 0.230362 0.536421 0.0582381 0.0627857 0.00986575
2 0.721063 0.547087 0.321948 0.25244 0.00908757
0 0.269206 0.983523 0.123701 0.0329531 0.00818469
2 0.13536 0.633301 0.116563 0.06635 0.00816763
0 0.411967 0.895484 0.0847216 0.0498463 0.00621341
0 0.499006 0.675751 0.782626 0.504545 0.00605641
1 0.121981 0.6565 0.094909 0.0939843 0.00582407
1 0.173387 0.566651 0.240616 0.165757 0.00577159
2 0.499254 0.317234 0.998508 0.610734 0.00562873
1 0.64414 0.580803 0.491873 0.295588 0.00561134
1 0.603447 0.688666 0.570748 0.557541 0.00543586
0 0.386254 0.948165 0.730455 0.102215 0.00494409
2 0.625579 0.360616 0.729364 0.718338 0.00487497
0 0.328293 0.968629 0.591926 0.0613781 0.00474633
2 0.735703 0.732647 0.118462 0.141305 0.00468561
2 0.552097 0.867763 0.0684627 0.0329705 0.00466527
0 0.398722 0.885432 0.795427 0.227975 0.00465795
0 0.713894 0.547242 0.341148 0.256377 0.00464521
0 0.439502 0.912541 0.783738 0.173802 0.00459044
0 0.5 0.22001 1 0.429097 0.00441769
0 0.444706 0.583607 0.854575 0.307055 0.00431
2 0.451102 0.691261 0.881873 0.591457 0.00427501
0 0.57804 0.49274 0.628688 0.384874 0.00420993
0 0.571476 0.241729 0.77052 0.481225 0.00410834
2 0.673618 0.771138 0.643221 0.457725 0.00409099
1 0.450612 0.69948 0.901224 0.540178 0.00401488
0 0.279855 0.987939 0.100436 0.0241225 0.00397128
2 0.55839 0.854371 0.0746273 0.0610203 0.00394404
0 0.468029 0.857207 0.813723 0.283808 0.00392034
2 0.668276 0.22486 0.643737 0.448318 0.0038997
0 0.300603 0.985955 0.053311 0.0280909 0.00386675
2 0.179119 0.6128 0.210594 0.107353 0.00384587
1 0.664723 0.675767 0.574074 0.448079 0.00383245
0 0.477686 0.458374 0.955371 0.422489 0.0037785
0 0.754118 0.552305 0.491765 0.285848 0.00373699
0 0.452572 0.79583 0.876392 0.405823 0.00364323
0 0.694117 0.335562 0.598046 0.659081 0.00362595
0 0.208103 0.720994 0.416206 0.531537 0.00359517
2 0.568074 0.849981 0.0978881 0.0765297 0.00359033
1 0.731922 0.714872 0.536157 0.570257 0.0035507
0 0.255495 0.54894 0.115221 0.130175 0.0035373
0 0.723177 0.616781 0.553645 0.39924 0.00353464
0 0.853159 0.0551814 0.293682 0.110363 0.00352884
0 0.281757 0.890566 0.563515 0.218868 0.00351187
1 0.566525 0.585553 0.385902 0.289264 0.00347678
0 0.532282 0.356262 0.823639 0.65849 0.00343489
0 0.79253 0.0666149 0.414939 0.13323 0.00342067
0 0.161465 0.575514 0.244923 0.19318 0.00341161
0 0.167976 0.674853 0.275205 0.375935 0.0034071
0 0.921467 0.0803267 0.157067 0.160653 0.00340438
2 0.738111 0.703512 0.119674 0.202337 0.00339165
0 0.548154 0.163557 0.789862 0.323983 0.00338897
0 0.227202 0.954221 0.45344 0.08956 0.0033861
0 0.226473 0.601027 0.382425 0.242905 0.00338589
0 0.730183 0.208101 0.524011 0.416026 0.00338294
2 0.762217 0.552845 0.230514 0.244979 0.00337849
1 0.0830373 0.597441 0.166075 0.150009 0.00336881
0 0.280029 0.716801 0.554763 0.48234 0.00335323
0 0.353166 0.668929 0.664723 0.375627 0.00334757
0 0.238449 0.979002 0.197971 0.0419963 0.00333687
0 0.204062 0.560952 0.333312 0.207964 0.00329693
2 0.662018 0.107385 0.584928 0.214207 0.00329567
0 0.755644 0.300517 0.484537 0.578953 0.00325956
0 0.453535 0.531517 0.907071 0.269548 0.00324485
0 0.128894 0.689535 0.257787 0.437208 0.00324005
0 0.902894 0.515327 0.194212 0.311222 0.00321683
0 0.399181 0.708165 0.798361 0.565974 0.00320955
0 0.907832 0.150479 0.184335 0.300957 0.00320689
0 0.846601 0.130677 0.306799 0.261273 0.00320578
0 0.761961 0.0921764 0.474351 0.184353 0.00319546
0 0.778971 0.531032 0.442059 0.231173 0.00318996
0 0.47107 0.63252 0.911702 0.340425 0.00318788
0 0.148835 0.539346 0.278314 0.301734 0.00318214
0 0.868584 0.375569 0.248082 0.364538 0.00315555
0 0.765962 0.630969 0.468075 0.438746 0.00315478
0 0.945519 0.365434 0.108961 0.361975 0.00315331
2 0.627866 0.708608 0.665258 0.582783 0.0031313
0 0.932819 0.467792 0.134362 0.301075 0.00313013
2 0.733383 0.164951 0.522087 0.327393 0.0031245
0 0.925111 0.179169 0.149779 0.357439 0.003112
1 0.727837 0.822329 0.524758 0.355152 0.00310676
0 0.808461 0.631039 0.383077 0.455149 0.00309132
0 0.79425 0.241026 0.402524 0.475098 0.00308877
0 0.786135 0.138572 0.415311 0.277144 0.00308282
0 0.124308 0.539478 0.248616 0.342945 0.00308148
0 0.703187 0.493982 0.505353 0.269788 0.00307232
0 0.107955 0.60681 0.215909 0.340113 0.00305554
1 0.69456 0.906938 0.606347 0.186076 0.00303572
1 0.0843321 0.637771 0.168664 0.244096 0.00303407
1 0.580774 0.915526 0.810918 0.168771 0.00303257
0 0.866116 0.216164 0.267769 0.394532 0.00302681
0 0.937889 0.215125 0.124221 0.39453 0.00301306
1 0.786604 0.917811 0.422594 0.161696 0.00300681
0 0.874734 0.560652 0.250531 0.336298 0.00299523
2 0.109596 0.583532 0.155949 0.170168 0.0029517
0 0.132523 0.89121 0.265046 0.217579 0.00294298
2 0.233684 0.958902 0.213265 0.0804298 0.00294095
0 0.87085 0.277105 0.250696 0.3424 0.00292484
0 0.183891 0.914388 0.367782 0.171224 0.00291685
0 0.131871 0.469713 0.263742 0.429983 0.00291214
1 0.147713 0.557795 0.295427 0.196325 0.00291035
0 0.136526 0.223193 0.273052 0.394067 0.00290466
0 0.125197 0.0931501 0.250394 0.1863 0.00289992
0 0.56994 0.102927 0.847975 0.204669 0.00288636
0 0.792115 0.471288 0.413282 0.245775 0.00286841
0 0.585096 0.813617 0.816411 0.37253 0.00286824
0 0.733798 0.75849 0.118339 0.0885407 0.00285873
0 0.5 0.331793 1 0.397609 0.00285391
0 0.891752 0.868253 0.216495 0.263494 0.00283644
0 0.258979 0.987545 0.156407 0.0246112 0.00282091
0 0.19651 0.207625 0.39302 0.399842 0.0028108
0 0.904053 0.900632 0.191894 0.198736 0.00280675
0 0.126995 0.801966 0.25399 0.386672 0.00279753
0 0.182344 0.987009 0.11724 0.0259818 0.00277499
1 0.872616 0.913361 0.254768 0.173228 0.00275444
0 0.866504 0.664758 0.266991 0.517479 0.00274877
0 0.263178 0.235116 0.526357 0.446154 0.00274611
0 0.681704 0.603115 0.397013 0.385578 0.00274581
0 0.133266 0.32251 0.266533 0.413011 0.00273878
0 0.880439 0.827373 0.239122 0.345254 0.00271875
0 0.135944 0.15437 0.271887 0.308739 0.00271633
0 0.1248 0.853889 0.2496 0.292222 0.00270986
0 0.405136 0.0980084 0.775299 0.195283 0.00266328
0 0.320034 0.164272 0.640067 0.320448 0.00265733
0 0.148639 0.0959333 0.297278 0.191867 0.0026459
0 0.904987 0.747467 0.190026 0.505066 0.00263749
0 0.399597 0.905548 0.0577349 0.0643162 0.00263031
0 0.178415 0.482236 0.356831 0.429704 0.00260585
1 0.742479 0.622152 0.291324 0.382897 0.00259997
0 0.354778 0.505489 0.709556 0.337777 0.00259825
0 0.221629 0.0917066 0.426204 0.183413 0.00259383
0 0.172865 0.989838 0.0896334 0.0203246 0.00258108
1 0.851288 0.788335 0.297425 0.415035 0.00255491
0 0.2624 0.783479 0.5248 0.428743 0.00255182
0 0.0872879 0.667229 0.165286 0.14692 0.00254967
0 0.168921 0.983812 0.0831513 0.0323753 0.00254638
0 0.431231 0.135289 0.846995 0.268844 0.00251252
1 0.833431 0.734321 0.333139 0.531357 0.00249472
0 0.175509 0.871647 0.351018 0.255098 0.00247474
1 0.196046 0.945937 0.289288 0.106359 0.00246106
0 0.227419 0.843454 0.454839 0.313092 0.00243303
0 0.250153 0.134321 0.500306 0.267363 0.00243042
2 0.43885 0.8617 0.138686 0.0988602 0.00237013
0 0.320492 0.436409 0.640984 0.498778 0.00234781
0 0.291517 0.317627 0.583033 0.533448 0.00232986
0 0.109779 0.657281 0.135819 0.112735 0.00231794
2 0.60206 0.844583 0.169662 0.0871124 0.00229314
1 0.147868 0.495818 0.295736 0.177754 0.00227436
1 0.776256 0.653873 0.20675 0.308243 0.00222597
0 0.548901 0.856964 0.0714919 0.0605618 0.00220845
0 0.410381 0.905256 0.0839691 0.069009 0.00219464
1 0.527737 0.617013 0.296931 0.219491 0.00218814
1 0.639932 0.593478 0.363292 0.268726 0.00215772
2 0.592819 0.50161 0.193771 0.141428 0.00212775
1 0.552953 0.504876 0.133914 0.137343 0.0020941
0 0.435304 0.865398 0.131483 0.101721 0.0020714
2 0.23596 0.942811 0.23171 0.113469 0.00206868
2 0.444044 0.853665 0.0766987 0.0678315 0.00205634
2 0.173552 0.920827 0.341383 0.158346 0.00202821
0 0.164981 0.638105 0.186404 0.0899381 0.00201569
2 0.678721 0.532523 0.412879 0.217491 0.00200454
0 0.595073 0.504166 0.216069 0.142978 0.00200325
1 0.313118 0.533658 0.23361 0.117501 0.00196888
0 0.448158 0.837723 0.0517473 0.0337544 0.00195907
0 0.866086 0.028522 0.260197 0.0570439 0.00195372
0 0.484963 0.854449 0.201067 0.0745539 0.00189406
2 0.728885 0.644882 0.231191 0.325259 0.00189119
2 0.242458 0.977458 0.411989 0.045085 0.00187667
0 0.227729 0.546524 0.0495036 0.04233 0.00185424
1 0.657866 0.871189 0.28978 0.155058 0.00184288
2 0.408166 0.891045 0.0819244 0.0419549 0.0018406
1 0.167972 0.905253 0.335943 0.188675 0.00179215
1 0.489798 0.555249 0.227565 0.228052 0.00178949
0 0.895858 0.0286487 0.208284 0.0572974 0.00178199
0 0.635858 0.859885 0.239574 0.134039 0.00176655
1 0.848765 0.931872 0.292918 0.13547 0.0017611
2 0.606058 0.869983 0.164018 0.143798 0.0017601
0 0.52921 0.475444 0.15001 0.0551595 0.00175348
1 0.594454 0.518286 0.245777 0.172674 0.00174869
0 0.303702 0.574577 0.334962 0.19559 0.00174366
2 0.268988 0.501709 0.137359 0.145139 0.00174113
0 0.438576 0.142839 0.0478768 0.0246276 0.00174022
2 0.249485 0.473069 0.128081 0.198 0.00173761
0 0.433735 0.131148 0.123006 0.0910825 0.00171058
0 0.7694 0.568115 0.220827 0.247495 0.0017073
0 0.438159 0.136414 0.0694613 0.0381965 0.00169853
0 0.441469 0.126942 0.0883298 0.0573207 0.00167672
2 0.086622 0.94172 0.173244 0.115637 0.00167569
1 0.574183 0.90518 0.456834 0.189639 0.00167317
0 0.0783466 0.327027 0.156693 0.155286 0.00166782
1 0.343268 0.564494 0.375632 0.196967 0.00166741
0 0.0488584 0.166171 0.0977167 0.115132 0.00164438
0 0.423599 0.898637 0.111964 0.074646 0.00163326
0 0.231864 0.924465 0.141832 0.0676538 0.00160624
1 0.475582 0.863466 0.212942 0.102772 0.00160262
2 0.470019 0.863582 0.206832 0.0949707 0.00160246
2 0.528501 0.507142 0.152528 0.129137 0.00158973
0 0.903136 0.00770711 0.167207 0.0154142 0.00158387
1 0.736895 0.705899 0.124278 0.197783 0.00157236
1 0.288385 0.939011 0.57677 0.121481 0.00156457
0 0.399968 0.899782 0.106891 0.0607696 0.0015641
0 0.857482 0.00774931 0.191491 0.0154986 0.00154909
2 0.789149 0.486474 0.178054 0.139982 0.00154401
1 0.167682 0.9762 0.310684 0.0475999 0.00150495
1 0.518603 0.508183 0.185985 0.139312 0.00149096
0 0.821218 0.0240519 0.344708 0.048081 0.00149025
0 0.197613 0.69212 0.332126 0.216881 0.00148932
0 0.52675 0.630395 0.294384 0.189462 0.00148485
0 0.0631972 0.174633 0.126394 0.135906 0.00147584
1 0.545693 0.951113 0.511813 0.0975958 0.00146937
0 0.876216 0.719604 0.0750956 0.0441986 0.00144938
2 0.781099 0.507427 0.195253 0.176704 0.00143509
2 0.775236 0.0333833 0.449528 0.0660471 0.00142465
2 0.553949 0.484801 0.20615 0.0886406 0.00141774
1 0.840614 0.949904 0.318773 0.100192 0.0014054
1 0.273894 0.978688 0.527571 0.0426249 0.00139879
0 0.791122 0.48349 0.172116 0.129073 0.00139809
2 0.832158 0.035654 0.298953 0.0700914 0.00139375
0 0.0782664 0.971615 0.155428 0.0567698 0.00138317
0 0.125937 0.699157 0.251874 0.232926 0.00138166
0 0.638008 0.459324 0.0505626 0.051616 0.00138074
1 0.464678 0.956087 0.600287 0.087825 0.00136304
2 0.0784301 0.312199 0.15686 0.134582 0.00135
1 0.21489 0.576165 0.286418 0.192659 0.00134716
0 0.411343 0.862531 0.147916 0.105234 0.00134633
0 0.459944 0.147742 0.227685 0.155931 0.00134535
1 0.497188 0.898818 0.262861 0.202363 0.00134041
0 0.582676 0.892361 0.372019 0.144526 0.00134034
0 0.471312 0.126612 0.29693 0.194336 0.00133868
0 0.0627303 0.120138 0.125461 0.17161 0.0013209
1 0.253191 0.66033 0.472968 0.199352 0.00131652
1 0.611738 0.941274 0.593382 0.117453 0.00130665
1 0.0873324 0.568838 0.174665 0.200002 0.00130456
2 0.52487 0.853236 0.116832 0.0673166 0.00130222
1 0.911159 0.926709 0.172914 0.146583 0.00129115
0 0.708691 0.268191 0.229982 0.1757 0.00128782
2 0.590809 0.97675 0.359238 0.0465004 0.00128706
0 0.665641 0.857869 0.301034 0.178761 0.00128456
1 0.575973 0.975668 0.443919 0.0486648 0.00127871
1 0.409288 0.937877 0.692781 0.124245 0.00127739
1 0.756807 0.94372 0.239576 0.110857 0.00127534
0 0.0898995 0.368278 0.179799 0.233031 0.00127477
2 0.524941 0.63119 0.293544 0.188281 0.00127201
0 0.236696 0.986806 0.229863 0.0260216 0.00126573
0 0.504875 0.665695 0.255807 0.117748 0.00125986
1 0.793685 0.956397 0.399943 0.0872068 0.0012561
2 0.0475387 0.542764 0.0950774 0.155968 0.00125274
2 0.0427267 0.428912 0.0854534 0.137348 0.00125147
0 0.801796 0.0304543 0.396408 0.0609087 0.00124498
0 0.778275 0.970702 0.0840543 0.058597 0.00124364
0 0.764892 0.990496 0.0577521 0.0190088 0.00124086
1 0.203082 0.60631 0.254619 0.125835 0.00123949
2 0.0721132 0.57398 0.144226 0.180809 0.00123934
1 0.664586 0.837827 0.317043 0.220789 0.00123742
2 0.40663 0.916074 0.123255 0.088142 0.00123436
0 0.745501 0.0239991 0.338373 0.0479983 0.00123136
0 0.277986 0.900431 0.30555 0.199137 0.00122685
2 0.659597 0.700111 0.280757 0.211424 0.00122206
0 0.114043 0.643728 0.066933 0.0545851 0.00121604
0 0.202529 0.84255 0.131454 0.0673168 0.00120823
0 0.6447 0.89495 0.28266 0.195346 0.00120561
0 0.868996 0.72784 0.102092 0.0592867 0.00120397
0 0.418636 0.147585 0.162241 0.135655 0.00119256
2 0.0755917 0.189393 0.151183 0.161798 0.00119221
0 0.878517 0.709125 0.13038 0.101269 0.00118739
1 0.289263 0.925817 0.370791 0.148365 0.00118309
0 0.0894981 0.69913 0.178996 0.217108 0.00118081
2 0.642885 0.486355 0.296741 0.114993 0.00117953
0 0.716272 0.0220039 0.244639 0.0438175 0.00117923
2 0.0472729 0.461545 0.0945458 0.132832 0.00116788
0 0.759138 0.269793 0.131836 0.134272 0.00116609
0 0.231756 0.865905 0.223697 0.121487 0.00116316
0 0.775317 0.990067 0.0843976 0.0198668 0.00115757
2 0.048736 0.496758 0.0974721 0.141569 0.00115132
2 0.134088 0.96713 0.263945 0.065741 0.00114831
2 0.903909 0.686719 0.174855 0.127542 0.00114478
2 0.156394 0.93866 0.312788 0.121158 0.0011436
0 0.0817163 0.297306 0.163433 0.180308 0.00114224
0 0.24936 0.91466 0.223069 0.17068 0.00113742
2 0.454242 0.620811 0.150743 0.14618 0.00113659
0 0.562496 0.986934 0.0635037 0.0261327 0.00113334
1 0.538548 0.981259 0.280854 0.0374435 0.00113276
2 0.964976 0.62622 0.070047 0.0774108 0.00112919
0 0.203895 0.860323 0.144189 0.104542 0.0011195
