1 0.570517 0.564731 0.694655 0.442266 0.895738
1 0.572121 0.469318 0.694026 0.64842 0.714965
1 0.516326 0.161213 0.806471 0.321047 0.231481
1 0.442562 0.118576 0.885124 0.237132 0.0739509
1 0.521388 0.227621 0.804882 0.454352 0.0512986
1 0.530927 0.073905 0.703249 0.14781 0.0490875
1 0.509891 0.402381 0.848463 0.804762 0.0324611
0 0.761086 0.882321 0.111421 0.0602573 0.0323611
1 0.564236 0.632758 0.726773 0.290053 0.0321548
1 0.484929 0.0463009 0.850676 0.0926018 0.0314907
1 0.49507 0.681701 0.880646 0.636598 0.0168526
1 0.568842 0.305968 0.774334 0.611935 0.0166413
1 0.412198 0.121479 0.340118 0.241437 0.0156004
1 0.602064 0.0388254 0.566081 0.0774831 0.0148871
1 0.463793 0.159648 0.480076 0.319296 0.0148749
1 0.451008 0.672158 0.82304 0.242998 0.0138655
0 0.723386 0.0178371 0.44498 0.0354632 0.0137968
1 0.583214 0.0577562 0.779855 0.114831 0.0137611
1 0.367286 0.708539 0.734572 0.582922 0.0124636
1 0.639477 0.185917 0.706811 0.369633 0.0115655
1 0.4561 0.14025 0.300599 0.280501 0.0114514
1 0.573124 0.678564 0.738753 0.466657 0.011311
1 0.572882 0.0385048 0.848553 0.0770095 0.0112722
2 0.634483 0.0304394 0.488769 0.0608787 0.0112579
1 0.724835 0.0174283 0.359432 0.0340859 0.0103834
1 0.719584 0.0293547 0.507244 0.0581024 0.00898625
2 0.762203 0.0169744 0.242263 0.0339488 0.00874893
1 0.443517 0.660439 0.417317 0.240708 0.00864039
2 0.442429 0.086236 0.875411 0.170426 0.00697264
2 0.761452 0.881288 0.110254 0.0602985 0.0068684
1 0.41938 0.576101 0.498068 0.426407 0.00624572
1 0.566765 0.0496644 0.60337 0.0993288 0.0055158
1 0.475718 0.791644 0.884135 0.415393 0.00533946
1 0.738307 0.0174104 0.209415 0.0348208 0.00523633
1 0.776006 0.1814 0.430926 0.36064 0.00518957
1 0.642041 0.674123 0.621509 0.643122 0.00478772
1 0.71932 0.0562673 0.56136 0.112277 0.00464539
1 0.498169 0.159305 0.299989 0.31861 0.0046184
0 0.471435 0.40939 0.942869 0.81878 0.00447426
1 0.666673 0.968518 0.666654 0.0628704 0.00430513
1 0.630352 0.503512 0.557998 0.30051 0.00426447
1 0.495195 0.124805 0.366891 0.24961 0.00419299
0 0.465201 0.976778 0.7322 0.0455819 0.00405143
1 0.532779 0.733096 0.852685 0.479047 0.00387151
2 0.476693 0.413489 0.953386 0.826977 0.00379865
2 0.380335 0.122007 0.396403 0.243781 0.00368906
1 0.363754 0.164043 0.644593 0.324417 0.00367402
1 0.704631 0.0392588 0.590738 0.0771747 0.00359499
0 0.482133 0.85279 0.831227 0.29442 0.00343247
1 0.868097 0.0407389 0.263806 0.0814778 0.00341413
1 0.76153 0.0337126 0.476941 0.0674253 0.0034008
1 0.779433 0.923239 0.441133 0.153027 0.00338208
0 0.382697 0.355274 0.757909 0.710548 0.00337544
1 0.633041 0.432955 0.553199 0.302263 0.00337189
1 0.731535 0.700296 0.468222 0.599409 0.00326806
1 0.48127 0.613644 0.470614 0.345599 0.00322801
1 0.567166 0.0949804 0.554593 0.187562 0.00317499
0 0.621733 0.386778 0.628625 0.710332 0.00313464
1 0.710379 0.958732 0.579242 0.0824565 0.00313015
0 0.940434 0.559716 0.119132 0.527358 0.00303251
0 0.444476 0.936296 0.801878 0.125205 0.00300502
0 0.959899 0.223421 0.0802021 0.42032 0.00297501
0 0.958713 0.33517 0.0825734 0.432568 0.00296325
0 0.949079 0.506157 0.101842 0.486228 0.00295306
0 0.916769 0.655771 0.166462 0.610414 0.00294917
2 0.556229 0.347874 0.766413 0.666618 0.00294661
0 0.365752 0.975463 0.526639 0.0475365 0.00293925
1 0.817894 0.685649 0.305641 0.615035 0.00293341
0 0.703029 0.564337 0.593943 0.454094 0.0029313
2 0.505987 0.794717 0.881348 0.403887 0.00291872
1 0.874727 0.192249 0.250546 0.383112 0.00291574
1 0.914556 0.13439 0.170888 0.268781 0.00290675
1 0.687475 0.0730713 0.62505 0.134843 0.0029015
0 0.922452 0.950812 0.155097 0.0983765 0.00289214
0 0.859985 0.391503 0.257624 0.466475 0.00288072
0 0.819897 0.455225 0.357525 0.568276 0.00286329
0 0.784725 0.596195 0.383705 0.530672 0.00285002
1 0.626748 0.38222 0.571522 0.518453 0.00281992
1 0.659224 0.732564 0.619612 0.449058 0.00279133
0 0.95397 0.426539 0.0920596 0.455525 0.0027907
0 0.739344 0.385428 0.464855 0.610986 0.00278389
1 0.691599 0.976955 0.576377 0.0460904 0.00273058
0 0.883588 0.240905 0.232825 0.422787 0.00272014
0 0.884042 0.308569 0.219678 0.394321 0.00271084
2 0.104343 0.062916 0.208686 0.125832 0.00268205
0 0.947662 0.18974 0.104677 0.37948 0.00267957
0 0.102617 0.269986 0.205234 0.471585 0.00265961
0 0.366751 0.777304 0.705468 0.445393 0.00263951
0 0.732034 0.456521 0.535932 0.631917 0.00263081
0 0.923728 0.88393 0.152544 0.226776 0.002629
1 0.496272 0.595209 0.586389 0.404688 0.00262068
2 0.232942 0.064493 0.465884 0.128688 0.00261079
0 0.086879 0.621907 0.173758 0.544504 0.00261045
0 0.112649 0.901856 0.225298 0.196288 0.00260943
0 0.353626 0.217419 0.558845 0.43141 0.00260396
0 0.65931 0.435241 0.524823 0.318822 0.00259352
1 0.815935 0.22217 0.360388 0.429369 0.00257215
0 0.654732 0.499372 0.527685 0.313065 0.00256849
0 0.103371 0.396028 0.206741 0.561498 0.00254392
0 0.79678 0.282611 0.378225 0.46121 0.00254334
2 0.527141 0.97703 0.866276 0.0446201 0.00252615
0 0.858402 0.96821 0.283196 0.0619515 0.00250247
0 0.0875521 0.527384 0.175104 0.501132 0.00250007
0 0.3291 0.571644 0.501032 0.45801 0.00248786
0 0.238007 0.336245 0.476014 0.662275 0.0024712
2 0.782947 0.0339348 0.434105 0.0678696 0.00246523
0 0.726786 0.906367 0.205588 0.11395 0.00244973
1 0.335358 0.0888982 0.472144 0.177796 0.00244936
0 0.502211 0.319662 0.304311 0.210271 0.00244845
2 0.931651 0.745908 0.136699 0.508184 0.00244421
0 0.0552973 0.78679 0.110595 0.388601 0.00244377
0 0.606062 0.319503 0.519111 0.203375 0.00242449
0 0.35546 0.940207 0.608086 0.113993 0.00242443
0 0.26986 0.973735 0.481238 0.0500894 0.00241785
0 0.0539824 0.855989 0.107965 0.287476 0.00241372
0 0.120097 0.189834 0.240195 0.368049 0.00240896
2 0.75916 0.97412 0.481681 0.0499398 0.00240461
0 0.073955 0.736001 0.14791 0.440185 0.00239232
2 0.709893 0.0161397 0.369466 0.0322795 0.00238057
0 0.32847 0.609923 0.656941 0.609441 0.00233217
0 0.0973022 0.109719 0.194604 0.219438 0.00232103
2 0.928686 0.80736 0.142628 0.37568 0.0023117
0 0.205356 0.642663 0.410712 0.674332 0.0022615
2 0.397256 0.135346 0.794512 0.269847 0.00225825
0 0.266865 0.773587 0.53373 0.451535 0.00224408
0 0.427173 0.529303 0.482992 0.420389 0.00224267
1 0.671017 0.104629 0.642949 0.209257 0.00222536
0 0.198205 0.249475 0.39641 0.472341 0.00221361
2 0.205056 0.666128 0.410113 0.64055 0.00218385
0 0.432634 0.519402 0.865268 0.65598 0.00217882
0 0.204857 0.96971 0.409714 0.0581039 0.00217584
1 0.28849 0.667443 0.576981 0.651462 0.0021742
0 0.854569 0.891553 0.27615 0.209791 0.00213146
1 0.76789 0.753435 0.40465 0.420599 0.00212925
0 0.170839 0.93899 0.341678 0.12202 0.00212472
0 0.580451 0.39021 0.11572 0.0471569 0.00212077
0 0.836276 0.841868 0.303144 0.286284 0.00211574
1 0.455062 0.692573 0.358684 0.175176 0.00210826
0 0.258301 0.53228 0.516602 0.738096 0.00210449
0 0.510074 0.898566 0.889749 0.199725 0.0020538
1 0.804064 0.0408524 0.391872 0.0813687 0.00203924
0 0.249665 0.905042 0.486846 0.185842 0.00202934
2 0.74014 0.832131 0.476925 0.28686 0.00200589
0 0.779042 0.916513 0.22631 0.13423 0.00199182
1 0.312605 0.0716388 0.578971 0.142553 0.00197345
0 0.631394 0.804919 0.703379 0.324227 0.00196472
0 0.722971 0.877289 0.186988 0.0723312 0.00194836
0 0.757059 0.89479 0.448269 0.206032 0.00190951
1 0.597605 0.596928 0.496696 0.382105 0.00187969
0 0.22218 0.811191 0.444359 0.37735 0.00184787
0 0.31304 0.166493 0.626081 0.32766 0.00183315
1 0.414843 0.955251 0.829687 0.0889542 0.00182373
0 0.14961 0.868493 0.299221 0.25789 0.00181441
1 0.582747 0.962492 0.834506 0.0749702 0.0018097
0 0.161686 0.828017 0.323372 0.341583 0.00180248
1 0.356606 0.054344 0.449361 0.108688 0.00180177
2 0.436344 0.114145 0.315126 0.226323 0.0017985
2 0.42794 0.0471469 0.29145 0.0934756 0.00179626
1 0.799416 0.852244 0.198385 0.123065 0.0017922
2 0.720134 0.881287 0.18852 0.0650758 0.00178537
1 0.522239 0.143853 0.404677 0.287706 0.0017704
0 0.82242 0.872228 0.250916 0.0936584 0.00176472
0 0.144002 0.140325 0.288005 0.278551 0.00174834
0 0.896094 0.742427 0.0675067 0.0466265 0.0017438
2 0.705122 0.430997 0.404205 0.172968 0.00171698
1 0.708462 0.124087 0.553057 0.248174 0.0017113
0 0.698052 0.0280981 0.470663 0.0561962 0.00168307
2 0.733363 0.0853121 0.533275 0.167079 0.00168125
1 0.687113 0.924984 0.508407 0.150032 0.00166185
0 0.669731 0.887758 0.325777 0.0831756 0.00164102
1 0.561039 0.976545 0.670878 0.0469096 0.00158369
1 0.619833 0.322136 0.634439 0.195845 0.00157237
0 0.807033 0.90824 0.385935 0.18352 0.0015697
1 0.51665 0.525574 0.70053 0.320341 0.00155503
2 0.810911 0.0172199 0.378177 0.0344398 0.00152663
0 0.90239 0.736337 0.0779617 0.0603641 0.00152514
2 0.254515 0.0445137 0.509029 0.0882064 0.0015078
1 0.303653 0.0486546 0.607307 0.0973092 0.0014912
0 0.679803 0.445702 0.449409 0.201352 0.00148935
0 0.769679 0.861902 0.13643 0.104639 0.00144664
0 0.901946 0.726772 0.0867762 0.0803032 0.00141162
1 0.554005 0.640051 0.369374 0.283285 0.00140905
2 0.830003 0.850232 0.26731 0.125876 0.00137683
2 0.891223 0.711157 0.116186 0.112103 0.00137124
1 0.588781 0.416362 0.755053 0.135152 0.00135896
0 0.354475 0.72537 0.487708 0.105021 0.00132859
1 0.566953 0.475829 0.767014 0.234644 0.00132787
1 0.813308 0.799279 0.249841 0.24167 0.0013161
1 0.611778 0.621807 0.385733 0.324571 0.00130662
0 0.56124 0.373216 0.688767 0.0992962 0.00130301
0 0.665626 0.548637 0.483563 0.327353 0.0012993
0 0.409632 0.91531 0.0330611 0.0230953 0.00129218
2 0.211342 0.0905631 0.422683 0.181126 0.00128862
1 0.668529 0.137767 0.537479 0.275534 0.00127657
1 0.728726 0.759098 0.384151 0.327641 0.00127315
0 0.471821 0.262204 0.247522 0.194329 0.0012719
0 0.468599 0.931821 0.249379 0.0918775 0.0012695
1 0.837584 0.881606 0.306552 0.157951 0.00126692
1 0.687226 0.874402 0.266 0.0794401 0.00125039
0 0.276222 0.976428 0.552444 0.0471445 0.00124959
1 0.75934 0.948731 0.48132 0.101346 0.00124611
0 0.79235 0.979438 0.302217 0.0411244 0.00123804
1 0.60111 0.576047 0.616899 0.314222 0.001238
0 0.768916 0.9717 0.462169 0.0565996 0.00123169
1 0.856396 0.0565714 0.287208 0.113143 0.00122687
1 0.70399 0.767159 0.530642 0.310579 0.00122303
0 0.713674 0.867208 0.205576 0.0989056 0.00121609
1 0.617966 0.670287 0.423142 0.225678 0.00120416
1 0.415204 0.706063 0.431445 0.144034 0.00120003
0 0.696129 0.507751 0.430942 0.422277 0.00119912
0 0.653945 0.911505 0.677639 0.174931 0.00119144
2 0.470805 0.209032 0.241371 0.183329 0.00119088
1 0.709807 0.0273536 0.326688 0.0526244 0.00118994
1 0.613418 0.83824 0.627065 0.300655 0.00118808
0 0.744014 0.128959 0.511971 0.257918 0.00118206
1 0.482551 0.0540721 0.385405 0.108144 0.00118042
0 0.543121 0.156062 0.460301 0.312124 0.00117838
0 0.744471 0.884222 0.0723827 0.055764 0.00117026
2 0.257077 0.976322 0.514153 0.0473561 0.00116973
1 0.586679 0.379073 0.67389 0.0831351 0.00116491
2 0.528995 0.940731 0.715626 0.117651 0.00115757
0 0.582904 0.865477 0.507954 0.110814 0.00114899
0 0.585776 0.385145 0.566314 0.0847347 0.00114826
1 0.600937 0.934046 0.798126 0.13129 0.00113758
0 0.768883 0.42776 0.257073 0.158846 0.00112746
0 0.715686 0.146648 0.509084 0.293296 0.00112375
1 0.640131 0.848963 0.370726 0.136581 0.00112244
0 0.205047 0.118072 0.410094 0.233887 0.00111937
2 0.8215 0.671428 0.252828 0.195251 0.00111863
1 0.841842 0.844194 0.293463 0.143831 0.00111195
1 0.594334 0.841897 0.469426 0.159202 0.00111138
1 0.456927 0.472913 0.457283 0.199772 0.00110588
1 0.475297 0.195162 0.229854 0.229369 0.00110493
1 0.686204 0.0143508 0.426358 0.0287015 0.00110003
0 0.621413 0.888246 0.635381 0.165809 0.0010973
0 0.772055 0.40715 0.240088 0.115238 0.00109547
1 0.455046 0.534889 0.466679 0.331564 0.00108893
1 0.838564 0.932107 0.322872 0.135546 0.00108562
0 0.516591 0.923412 0.422094 0.152665 0.00104609
0 0.465285 0.302834 0.288485 0.223751 0.00104383
1 0.261426 0.0314065 0.522853 0.0628129 0.00104119
1 0.668605 0.715847 0.662791 0.218621 0.0010394
1 0.735097 0.799516 0.34467 0.241006 0.00103222
0 0.62019 0.888179 0.436264 0.10199 0.00103192
0 0.589256 0.808121 0.478405 0.234812 0.00103145
2 0.181196 0.976545 0.362393 0.0469107 0.00102312
1 0.605471 0.119158 0.642264 0.238316 0.00102206
0 0.551878 0.402699 0.746873 0.102319 0.00102182
1 0.595748 0.8933 0.599437 0.203607 0.00101767
1 0.624729 0.696175 0.641499 0.192322 0.00101355
2 0.387574 0.740961 0.537605 0.12849 0.00101306
1 0.324755 0.951339 0.64951 0.0961632 0.0010113
1 0.422386 0.575852 0.360629 0.404708 0.00100961
0 0.293717 0.0381411 0.587433 0.0756293 0.00100875
0 0.466345 0.227416 0.253534 0.158989 0.00100713
2 0.792499 0.0783135 0.415002 0.151551 0.00100636
0 0.766896 0.256051 0.301319 0.174621 0.0010018
1 0.631606 0.744108 0.698284 0.256358 0.000997206
0 0.430766 0.27268 0.332371 0.215088 0.000995842
2 0.917593 0.71901 0.143438 0.0988089 0.000992967
0 0.370456 0.741297 0.608069 0.132947 0.000992003
0 0.527245 0.460049 0.740467 0.191723 0.000991029
0 0.452035 0.193285 0.283163 0.211056 0.000990197
2 0.935594 0.112881 0.128811 0.225763 0.000987972
0 0.632474 0.872188 0.379819 0.0839022 0.000986762
0 0.596913 0.131911 0.568821 0.263822 0.000982969
1 0.702242 0.679102 0.516703 0.181456 0.000981073
2 0.469037 0.750777 0.535079 0.123196 0.000980767
1 0.897032 0.923955 0.205936 0.15209 0.000978124
1 0.458212 0.78101 0.491386 0.198872 0.000971676
0 0.237097 0.221828 0.417946 0.246811 0.000966968
0 0.747373 0.277385 0.404414 0.166099 0.000960798
0 0.222933 0.254148 0.35376 0.217384 0.000960464
0 0.719156 0.253229 0.420246 0.153978 0.000958369
2 0.951743 0.135892 0.0965131 0.271784 0.000956024
0 0.389003 0.784629 0.504477 0.202103 0.000950058
0 0.236901 0.0346102 0.473802 0.0692204 0.000944024
0 0.223124 0.166462 0.409023 0.283854 0.000943923
1 0.794376 0.971671 0.411248 0.0566587 0.000943215
1 0.442445 0.505692 0.398349 0.27066 0.000942131
1 0.910673 0.0894156 0.178655 0.178831 0.000941372
0 0.443148 0.452221 0.421239 0.167711 0.000940981
0 0.34013 0.923506 0.318796 0.152599 0.000940887
0 0.598235 0.17164 0.506479 0.236696 0.000940838
0 0.425881 0.922161 0.465296 0.154375 0.000940654
1 0.43463 0.938337 0.668323 0.122479 0.000936415
0 0.784347 0.232351 0.241447 0.171972 0.000935869
0 0.351671 0.327843 0.450486 0.178796 0.00093081
0 0.315701 0.305711 0.36605 0.185128 0.000928548
0 0.494231 0.83428 0.420693 0.324084 0.000928051
0 0.35979 0.718456 0.59772 0.129551 0.000926223
0 0.82829 0.261605 0.322053 0.209823 0.00092514
0 0.810586 0.160575 0.370664 0.32115 0.000922808
0 0.255382 0.280803 0.319206 0.198969 0.00092232
2 0.409802 0.935532 0.61329 0.127391 0.00092185
2 0.890074 0.0757151 0.219851 0.15143 0.000921554
0 0.42327 0.827024 0.498731 0.299269 0.000919101
0 0.731317 0.232343 0.360416 0.160744 0.000917249
0 0.635005 0.213634 0.560011 0.190855 0.000910081
0 0.761613 0.163829 0.396288 0.294025 0.000907332
