0 0.867416 0.390111 0.13045 0.0935045 0.873371
0 0.360577 0.165544 0.123633 0.161519 0.868293
0 0.836149 0.257511 0.112724 0.163991 0.759921
0 0.672697 0.781825 0.0840879 0.0616936 0.712252
1 0.18596 0.571883 0.160552 0.130212 0.612856
0 0.368714 0.522096 0.0924655 0.0690375 0.479551
0 0.369061 0.12163 0.0957661 0.0712853 0.41436
0 0.358549 0.690641 0.0502065 0.038412 0.351527
2 0.186498 0.573779 0.162002 0.129082 0.348604
0 0.648893 0.415824 0.150918 0.12077 0.343271
0 0.864768 0.312134 0.136312 0.253458 0.320997
0 0.981089 0.658182 0.0360463 0.0268635 0.283875
0 0.840557 0.235482 0.105579 0.123372 0.213956
0 0.364636 0.202975 0.122183 0.0887251 0.157191
0 0.866278 0.360778 0.137326 0.158352 0.125465
2 0.672656 0.781739 0.078575 0.0619871 0.102812
0 0.198626 0.715951 0.0425091 0.0256511 0.0810815
0 0.657838 0.78365 0.0560874 0.0623602 0.0788031
0 0.226275 0.255736 0.0228858 0.0185916 0.078795
2 0.367574 0.520943 0.0882414 0.0725635 0.0785103
0 0.365605 0.510409 0.072326 0.0478866 0.076248
0 0.845645 0.249723 0.0963023 0.0766091 0.0729216
0 0.531733 0.417248 0.0344633 0.0190074 0.057467
0 0.828398 0.300969 0.0897153 0.0819124 0.056784
0 0.894142 0.629176 0.0264148 0.0191163 0.0511801
0 0.847017 0.221594 0.0970019 0.0934197 0.0472761
0 0.361583 0.133122 0.114865 0.100269 0.0443153
0 0.840143 0.209156 0.0758961 0.0671383 0.0437967
0 0.61099 0.419834 0.232797 0.135828 0.0411198
0 0.824138 0.309617 0.207286 0.264941 0.0328621
0 0.873845 0.307276 0.18701 0.269122 0.0310872
0 0.846474 0.191896 0.0538128 0.0308583 0.0300912
0 0.836758 0.274643 0.100405 0.10323 0.0297201
0 0.846556 0.198306 0.0712257 0.0452729 0.0274789
0 0.860203 0.378079 0.105121 0.0664448 0.0233042
0 0.387132 0.109798 0.0592712 0.0486264 0.0221023
0 0.225637 0.256888 0.0323028 0.0197367 0.0219214
0 0.849956 0.269683 0.14359 0.195953 0.0214588
2 0.366672 0.203202 0.116874 0.0880626 0.0210681
0 0.379594 0.206419 0.0912653 0.0803831 0.0189873
0 0.2416 0.848829 0.0532069 0.0351839 0.0188203
0 0.421231 0.163094 0.233157 0.165802 0.0171522
1 0.18609 0.606166 0.164 0.200669 0.0153761
0 0.874655 0.370201 0.0897339 0.0503447 0.0149354
0 0.649926 0.797413 0.0390976 0.0352915 0.0144401
2 0.361582 0.683668 0.0532368 0.0523278 0.0143474
0 0.381796 0.219904 0.0867044 0.0536519 0.0130333
0 0.889207 0.628754 0.0355006 0.0216669 0.012649
0 0.726999 0.317816 0.412568 0.279886 0.0123454
0 0.762455 0.300147 0.321739 0.256573 0.0121817
0 0.242805 0.851124 0.045323 0.028532 0.0120731
0 0.888881 0.314143 0.222238 0.296591 0.0117348
0 0.395871 0.105837 0.0404545 0.0380426 0.0113208
0 0.720326 0.37067 0.417429 0.36706 0.0113127
1 0.173476 0.709591 0.19898 0.416231 0.010646
0 0.662175 0.42477 0.13136 0.100287 0.0105584
0 0.631041 0.504326 0.272297 0.30489 0.0104344
0 0.63987 0.557157 0.308865 0.413148 0.0103647
0 0.822258 0.380881 0.286984 0.388183 0.0100964
0 0.88534 0.389982 0.0937841 0.0892187 0.0100675
0 0.699103 0.588255 0.418089 0.47556 0.0100218
0 0.70652 0.508455 0.42207 0.313889 0.00953755
0 0.612081 0.588748 0.45169 0.467412 0.00940178
0 0.221947 0.255339 0.0325759 0.0199577 0.00921822
1 0.139934 0.721998 0.272673 0.448828 0.00915591
0 0.972183 0.657509 0.0505361 0.0302915 0.00851741
0 0.852842 0.370332 0.0655409 0.0488956 0.00837763
0 0.65005 0.779882 0.124517 0.071133 0.00805
0 0.498727 0.175499 0.400998 0.196903 0.0077981
0 0.622936 0.781221 0.178718 0.0680371 0.0076388
0 0.275531 0.53093 0.304197 0.0978896 0.00756347
0 0.840786 0.378687 0.0647082 0.0681561 0.0075138
0 0.303279 0.163247 0.268487 0.172403 0.00744459
1 0.136085 0.562844 0.260843 0.192915 0.00744095
0 0.383875 0.121692 0.0633247 0.0626714 0.00741544
0 0.712074 0.363739 0.45204 0.242454 0.0071906
0 0.869741 0.250354 0.260518 0.275787 0.00700015
0 0.773626 0.26756 0.288683 0.190821 0.00697438
0 0.174327 0.976403 0.347817 0.0471941 0.00686905
0 0.659637 0.664777 0.401342 0.294958 0.00683093
0 0.980502 0.662323 0.0384272 0.0460515 0.00680586
0 0.888201 0.379976 0.0833572 0.0685357 0.00662126
0 0.858689 0.240479 0.178059 0.247532 0.00654867
0 0.98436 0.666059 0.0303441 0.0510965 0.00651636
0 0.414431 0.503426 0.325971 0.126518 0.00641414
0 0.68444 0.751197 0.0970861 0.127642 0.00637975
0 0.888141 0.397562 0.223718 0.410381 0.00632442
0 0.895745 0.378215 0.182754 0.146559 0.00613276
2 0.348248 0.52296 0.129293 0.0718613 0.00611616
0 0.815356 0.505821 0.340113 0.436779 0.0060374
0 0.614015 0.4669 0.272948 0.234513 0.00600851
0 0.516176 0.586441 0.501245 0.472875 0.00587859
0 0.674722 0.761515 0.0849451 0.107892 0.00586876
0 0.349148 0.490003 0.223302 0.175147 0.00582914
0 0.259799 0.565762 0.314757 0.14728 0.0058274
0 0.227974 0.261571 0.0377504 0.0316477 0.00577679
2 0.17708 0.559086 0.143677 0.102711 0.0057614
0 0.134278 0.901151 0.268556 0.197697 0.00575467
0 0.773544 0.565806 0.0396629 0.0287271 0.00562139
0 0.329054 0.186058 0.0484531 0.0488455 0.00549733
0 0.370428 0.223534 0.0585426 0.0445029 0.00547681
1 0.187119 0.670968 0.173497 0.33011 0.00541879
0 0.664549 0.569438 0.299336 0.136017 0.00532892
0 0.852532 0.3961 0.173836 0.102729 0.00531726
0 0.899045 0.422459 0.190111 0.171109 0.0053008
0 0.830868 0.383397 0.208337 0.107933 0.00528181
0 0.783831 0.558939 0.432339 0.458023 0.00508483
0 0.402991 0.477786 0.389743 0.193102 0.00506957
0 0.548584 0.609796 0.636317 0.406205 0.00501418
0 0.514928 0.507832 0.458425 0.317208 0.00499362
1 0.263543 0.571994 0.322736 0.145885 0.00498767
0 0.361864 0.13127 0.217733 0.234131 0.00497666
0 0.829149 0.237523 0.0624885 0.0583384 0.00495232
0 0.700911 0.724686 0.387009 0.176034 0.00493617
0 0.127279 0.951124 0.254559 0.0977513 0.00493491
0 0.273539 0.976478 0.491399 0.047044 0.0049233
0 0.381242 0.134775 0.41723 0.238945 0.00473793
0 0.892642 0.49905 0.214717 0.464621 0.00472977
0 0.524843 0.422012 0.433388 0.173809 0.00472487
0 0.834628 0.290183 0.0987905 0.075324 0.00468554
0 0.690334 0.693744 0.389614 0.241011 0.00466743
0 0.210391 0.922028 0.415972 0.155943 0.0045459
0 0.529703 0.42323 0.0397237 0.0265524 0.00451364
0 0.849582 0.241946 0.0885877 0.0567982 0.00448941
0 0.228371 0.252917 0.032413 0.0243181 0.0044739
0 0.119433 0.84376 0.238867 0.31248 0.00446891
0 0.456918 0.628239 0.705723 0.364979 0.00442327
1 0.136506 0.517718 0.254271 0.263352 0.00440093
0 0.269243 0.596943 0.315954 0.217175 0.00434223
0 0.284274 0.282461 0.324414 0.427992 0.00427372
0 0.195403 0.719231 0.0480806 0.028027 0.00426001
0 0.228059 0.170988 0.443915 0.18838 0.00423207
0 0.322322 0.973526 0.570018 0.0529482 0.0041953
0 0.851654 0.177508 0.296692 0.29626 0.00415155
0 0.670827 0.278155 0.505145 0.233833 0.00414351
0 0.910404 0.177188 0.179192 0.324637 0.00411184
0 0.261172 0.525617 0.346296 0.227654 0.00410421
1 0.138473 0.639258 0.269803 0.392309 0.0041039
0 0.398544 0.291349 0.303024 0.412042 0.00409943
0 0.673551 0.801325 0.0955101 0.103922 0.00405339
2 0.366246 0.190876 0.113929 0.0628866 0.00397533
0 0.584219 0.342413 0.520696 0.279136 0.00395902
0 0.678686 0.637124 0.336923 0.272338 0.00391574
0 0.489443 0.458759 0.503843 0.248413 0.00391358
0 0.723357 0.231551 0.402704 0.242788 0.00384144
0 0.507262 0.339137 0.501254 0.300061 0.00377403
0 0.225279 0.253731 0.0323382 0.0430484 0.00376946
0 0.930962 0.586624 0.138076 0.381362 0.00375152
0 0.136584 0.747399 0.273168 0.505202 0.00373356
0 0.389226 0.97102 0.589715 0.05796 0.00372964
0 0.699865 0.580352 0.212072 0.105017 0.0037115
0 0.462936 0.135623 0.383367 0.248816 0.00370558
0 0.50838 0.304241 0.488074 0.458958 0.00369629
0 0.631349 0.727376 0.39227 0.166647 0.00368008
0 0.927107 0.087183 0.145787 0.174366 0.00366956
0 0.88963 0.624363 0.0345632 0.0310754 0.00365584
0 0.457891 0.416836 0.560341 0.289346 0.00362359
0 0.411864 0.108504 0.461627 0.217007 0.00360445
0 0.275383 0.915692 0.542699 0.168617 0.00359898
0 0.395911 0.458584 0.57278 0.221314 0.00359114
0 0.132829 0.981528 0.23014 0.0369435 0.00355446
0 0.587214 0.209073 0.593784 0.298063 0.00354727
0 0.821656 0.312832 0.0725271 0.0569857 0.00354147
0 0.880929 0.0796625 0.238142 0.159325 0.00354059
0 0.774733 0.639088 0.450534 0.476907 0.00353094
0 0.867096 0.139061 0.265807 0.273939 0.00350383
0 0.929881 0.9475 0.140238 0.105 0.00350362
0 0.865237 0.254318 0.185945 0.175831 0.00350077
0 0.346413 0.520925 0.157122 0.0772429 0.00348654
0 0.215606 0.26268 0.0476258 0.0337393 0.00348058
0 0.939829 0.637059 0.120342 0.333678 0.00347445
0 0.710084 0.663254 0.428109 0.412265 0.00346202
0 0.790419 0.703261 0.419161 0.420164 0.00345727
0 0.945724 0.695077 0.108552 0.337581 0.00341566
0 0.85926 0.966967 0.281481 0.0660664 0.00338197
0 0.246373 0.125593 0.473336 0.251186 0.00337965
0 0.457951 0.651655 0.526467 0.329007 0.0033576
0 0.400981 0.316919 0.584984 0.414888 0.00333053
0 0.50086 0.106334 0.500322 0.212667 0.0033171
0 0.384946 0.172895 0.161946 0.160195 0.00331131
0 0.981685 0.65432 0.0366298 0.0449507 0.00331043
0 0.348156 0.690704 0.0755623 0.045805 0.00328996
0 0.301835 0.103055 0.575289 0.20611 0.00327114
0 0.723567 0.592101 0.163701 0.0804838 0.00325928
0 0.845707 0.229428 0.109673 0.195467 0.00325363
0 0.317523 0.609496 0.412899 0.232741 0.00322486
0 0.570848 0.714338 0.558804 0.193405 0.00322276
0 0.207305 0.26029 0.0671382 0.0371404 0.00321896
0 0.53962 0.968592 0.523006 0.0628154 0.00321835
0 0.650157 0.83166 0.461235 0.332981 0.00321387
0 0.378514 0.904253 0.736867 0.191493 0.00321326
0 0.800106 0.967209 0.399788 0.0655826 0.00320543
0 0.741272 0.727362 0.517456 0.508539 0.00320525
0 0.940273 0.907123 0.119453 0.185754 0.00320307
0 0.110529 0.385735 0.221058 0.477079 0.00318733
0 0.105681 0.0777114 0.211363 0.155423 0.00318301
1 0.135334 0.484784 0.269577 0.399484 0.00317337
0 0.914665 0.394439 0.0318964 0.0217415 0.00315479
0 0.396618 0.390113 0.61837 0.360638 0.00315069
0 0.607908 0.435322 0.208238 0.0944164 0.00313831
0 0.118477 0.202862 0.236953 0.40171 0.00313373
0 0.107647 0.281239 0.215293 0.405571 0.00312579
0 0.176392 0.477223 0.237352 0.327757 0.00310478
0 0.803134 0.0886552 0.393732 0.17731 0.00310473
0 0.369968 0.217441 0.145629 0.130415 0.00309253
0 0.10627 0.122312 0.21254 0.244625 0.00306889
0 0.272063 0.317513 0.519064 0.452135 0.00305618
0 0.147187 0.0952642 0.294374 0.190528 0.00305527
0 0.378978 0.235237 0.0431151 0.0278802 0.00304471
0 0.947357 0.869634 0.105286 0.260732 0.00302567
0 0.595737 0.0911556 0.560463 0.182311 0.00301583
0 0.67398 0.967916 0.484182 0.0641682 0.00299202
1 0.132049 0.570424 0.258291 0.130178 0.00299112
0 0.577787 0.26912 0.590439 0.296794 0.00298693
0 0.217178 0.872678 0.431186 0.254643 0.00298351
0 0.330818 0.463192 0.661636 0.295578 0.00298179
0 0.64514 0.531684 0.320934 0.243889 0.00296484
0 0.948013 0.811645 0.103973 0.373568 0.00296372
0 0.15804 0.459454 0.303293 0.421709 0.00296133
0 0.138436 0.319599 0.273346 0.490446 0.00295204
0 0.277241 0.432546 0.550333 0.572871 0.00294158
0 0.697742 0.782292 0.495196 0.435416 0.00292992
0 0.232345 0.3019 0.457002 0.351333 0.00292356
0 0.186764 0.204554 0.373528 0.339513 0.00290985
0 0.78575 0.140024 0.428501 0.280048 0.00290983
0 0.361833 0.182578 0.113137 0.0401007 0.00290949
0 0.811634 0.923042 0.372042 0.153916 0.00289556
0 0.724366 0.179368 0.539155 0.333877 0.00288013
0 0.552547 0.834062 0.472258 0.331876 0.00285151
0 0.363687 0.364832 0.727375 0.480274 0.00284207
0 0.13762 0.251722 0.275239 0.318238 0.00283875
0 0.88777 0.408005 0.084227 0.0518969 0.00283361
0 0.972827 0.650276 0.0524417 0.054876 0.00283298
0 0.280213 0.637974 0.357138 0.272278 0.00282803
0 0.854213 0.260865 0.0734661 0.0900502 0.00282643
0 0.222308 0.205143 0.444616 0.406133 0.00282149
0 0.964208 0.696816 0.071584 0.111798 0.00281479
0 0.587913 0.132901 0.613743 0.258584 0.00280233
0 0.785507 0.761237 0.428986 0.477527 0.00279681
0 0.559839 0.705945 0.709583 0.29943 0.00278887
0 0.786772 0.838172 0.423197 0.323656 0.00276884
0 0.827041 0.397018 0.0468558 0.0324915 0.00276127
0 0.189715 0.392872 0.379429 0.505112 0.00275355
0 0.520316 0.89162 0.609015 0.21676 0.00274374
0 0.241673 0.733109 0.483346 0.533782 0.00271719
0 0.896829 0.374182 0.0540668 0.0564839 0.00271388
0 0.7674 0.566245 0.034273 0.028047 0.00270168
0 0.469813 0.831651 0.889017 0.336699 0.00269819
0 0.764976 0.884258 0.46985 0.231485 0.00269082
0 0.600922 0.751011 0.277046 0.1322 0.00267428
0 0.280459 0.180521 0.560919 0.346267 0.00267224
0 0.497452 0.767357 0.743109 0.40547 0.00266114
0 0.893297 0.627156 0.032715 0.0224759 0.00265548
0 0.299299 0.721147 0.451232 0.348829 0.00263328
0 0.152836 0.984344 0.101657 0.0313126 0.0025919
0 0.360826 0.687779 0.0572767 0.0488481 0.00259003
0 0.632927 0.88126 0.480925 0.237479 0.00258853
0 0.665773 0.589768 0.319453 0.183684 0.00258616
0 0.710278 0.742866 0.161728 0.14319 0.00258081
0 0.523184 0.866272 0.583259 0.267457 0.00258056
0 0.248127 0.713324 0.369535 0.425202 0.00256361
0 0.319941 0.865313 0.639882 0.269373 0.00256291
0 0.725105 0.596146 0.0915824 0.068264 0.00256212
0 0.6466 0.890218 0.544154 0.219564 0.00254943
0 0.181713 0.722522 0.0718045 0.0445397 0.00253931
0 0.131456 0.988098 0.163094 0.0238049 0.00249613
1 0.262036 0.531963 0.306147 0.0988844 0.00249559
0 0.645434 0.794309 0.0468461 0.042551 0.00237748
0 0.798526 0.255221 0.200034 0.160718 0.0023338
2 0.194347 0.623824 0.0605466 0.217512 0.00232717
2 0.379228 0.198018 0.0899033 0.0759547 0.00231003
0 0.311238 0.68545 0.145449 0.067896 0.00229643
0 0.327339 0.181312 0.0434694 0.0322996 0.00227877
0 0.873024 0.41503 0.0820847 0.0384901 0.00227863
0 0.22795 0.257399 0.0577228 0.0268897 0.00225099
2 0.154394 0.972521 0.27307 0.0540245 0.00224263
0 0.358805 0.753742 0.71761 0.492516 0.0022393
0 0.219648 0.253576 0.0385943 0.0244943 0.00223529
0 0.538007 0.112053 0.069522 0.0361251 0.00221982
0 0.874019 0.446809 0.161246 0.20621 0.002193
0 0.827637 0.204869 0.0849538 0.0550184 0.00219014
0 0.662103 0.451077 0.101108 0.0515856 0.00213989
1 0.231206 0.556142 0.304427 0.145603 0.00213564
0 0.712905 0.780727 0.173248 0.0733232 0.00210657
0 0.973904 0.669296 0.0521912 0.0539544 0.00209884
0 0.337303 0.164854 0.181394 0.161884 0.00208078
0 0.165768 0.990598 0.123339 0.018805 0.0020759
1 0.111532 0.966372 0.223063 0.0664555 0.00203441
0 0.890698 0.355707 0.0350126 0.0280452 0.00202063
0 0.890471 0.633071 0.034714 0.0271859 0.00196698
0 0.941339 0.699827 0.116492 0.141877 0.00193945
0 0.181038 0.715717 0.0797943 0.0261848 0.00186144
0 0.919501 0.629109 0.109498 0.0301859 0.00184901
0 0.0283343 0.437874 0.0561386 0.277485 0.001832
0 0.393014 0.494483 0.132747 0.120709 0.0018219
0 0.710952 0.668272 0.238461 0.309583 0.00177665
1 0.182565 0.973446 0.36513 0.0528555 0.00176449
2 0.171045 0.636563 0.110358 0.202463 0.00174676
0 0.948447 0.721445 0.103107 0.199327 0.00173362
0 0.89218 0.639172 0.0424594 0.0408673 0.00172872
