1 0.688135 0.312473 0.41411 0.221218 0.656007
1 0.3606 0.757199 0.327957 0.455998 0.543515
1 0.319756 0.579566 0.516445 0.790569 0.506548
1 0.270849 0.366353 0.353722 0.350404 0.348619
1 0.380831 0.365113 0.574845 0.348963 0.296873
1 0.292136 0.756501 0.469938 0.466055 0.292897
1 0.958215 0.474822 0.0831257 0.163781 0.107904
1 0.731972 0.581974 0.521345 0.793849 0.0858703
1 0.426768 0.579229 0.805068 0.783104 0.0621681
1 0.420559 0.34795 0.795 0.311763 0.0581604
0 0.478503 0.857459 0.0245642 0.0662792 0.0570184
1 0.798728 0.322485 0.191559 0.179302 0.0566235
1 0.483011 0.75804 0.710943 0.474247 0.0452337
1 0.238569 0.558486 0.471309 0.785613 0.0418906
1 0.611652 0.584572 0.776696 0.792396 0.0396957
1 0.958853 0.407769 0.0822935 0.363823 0.0391371
1 0.757408 0.380836 0.483015 0.3685 0.0379926
1 0.924259 0.40386 0.150948 0.365111 0.034785
1 0.868371 0.392327 0.262707 0.361418 0.0345125
1 0.643724 0.56004 0.555555 0.763549 0.0332063
1 0.957952 0.565579 0.0840959 0.627561 0.0293349
1 0.237942 0.45693 0.340333 0.628083 0.0280516
1 0.945733 0.499221 0.107039 0.544339 0.0260572
1 0.838508 0.604517 0.322984 0.790967 0.0255122
1 0.44568 0.304314 0.887392 0.359924 0.0239527
1 0.928083 0.61202 0.142901 0.775961 0.0232461
1 0.6069 0.306131 0.598881 0.213808 0.0231863
1 0.87258 0.528953 0.25484 0.644199 0.0224378
0 0.675441 0.838212 0.125073 0.113696 0.0204585
2 0.587354 0.294726 0.194639 0.172363 0.0191324
1 0.824442 0.345466 0.350333 0.462493 0.0168804
1 0.948057 0.627119 0.103886 0.745761 0.015804
1 0.687347 0.22994 0.414215 0.422269 0.0157872
1 0.120148 0.568807 0.239608 0.794817 0.0154173
1 0.313506 0.852723 0.238202 0.276324 0.0135956
1 0.474786 0.239841 0.93408 0.467948 0.0132007
2 0.675099 0.835669 0.125593 0.112302 0.0122136
1 0.214331 0.306313 0.403018 0.582028 0.0116834
2 0.796663 0.323692 0.189726 0.181154 0.0115099
1 0.209084 0.649468 0.416589 0.701063 0.0104985
1 0.564115 0.721951 0.871769 0.485712 0.0101555
1 0.115838 0.381664 0.231565 0.763327 0.009898
1 0.951461 0.500854 0.0956637 0.239515 0.00959578
1 0.538316 0.386443 0.753659 0.492402 0.00933202
1 0.740288 0.277238 0.519136 0.518372 0.00914591
1 0.515399 0.318115 0.888993 0.227278 0.00897245
1 0.959761 0.305057 0.0804775 0.549932 0.00800493
1 0.225289 0.43144 0.447972 0.86288 0.00774987
1 0.261336 0.817247 0.51278 0.349197 0.0077014
1 0.587092 0.294304 0.198216 0.178439 0.00700823
1 0.902198 0.428971 0.195604 0.262864 0.00670218
1 0.221891 0.29989 0.348452 0.211724 0.00659843
1 0.21215 0.443806 0.230633 0.184932 0.00629631
2 0.397631 0.720733 0.251013 0.391055 0.00606037
1 0.23571 0.390263 0.287162 0.301627 0.00534418
0 0.587 0.290611 0.194295 0.177642 0.00495675
1 0.156741 0.440528 0.118701 0.184863 0.00467991
1 0.957351 0.553351 0.0852987 0.344915 0.00427119
0 0.673478 0.849865 0.115451 0.0748233 0.00402732
0 0.596112 0.64952 0.807776 0.692103 0.00398211
1 0.306295 0.294797 0.159837 0.204423 0.00391823
0 0.599154 0.788377 0.797632 0.419081 0.00385366
1 0.535276 0.907972 0.812698 0.184056 0.00374347
1 0.113297 0.675445 0.226594 0.649109 0.00367072
1 0.787626 0.669898 0.422554 0.660204 0.003661
1 0.633157 0.293635 0.303455 0.177695 0.00364727
1 0.487349 0.172797 0.934907 0.338179 0.00360175
1 0.364054 0.28217 0.699773 0.544101 0.00358497
0 0.691686 0.70315 0.610341 0.5937 0.00356272
2 0.545377 0.68197 0.909247 0.387236 0.00352171
1 0.230128 0.911908 0.459911 0.176184 0.0035004
1 0.294668 0.336607 0.585425 0.662637 0.00330088
0 0.602957 0.852978 0.768328 0.28673 0.00316932
0 0.992127 0.913909 0.0157465 0.0471983 0.00316705
0 0.955102 0.145305 0.0897957 0.29061 0.00306054
2 0.962425 0.454933 0.0748714 0.136664 0.0029842
1 0.938 0.545554 0.122463 0.340849 0.00294656
1 0.100212 0.256594 0.200424 0.513187 0.00294078
0 0.619924 0.930297 0.692 0.139406 0.0029124
1 0.393056 0.146883 0.766833 0.28803 0.00287226
1 0.727294 0.203838 0.510911 0.407676 0.00285281
1 0.102441 0.817151 0.204882 0.365698 0.00283418
1 0.0617791 0.0789141 0.123558 0.157828 0.00276529
1 0.277688 0.898037 0.290893 0.191781 0.00276524
0 0.891761 0.12333 0.214456 0.24666 0.00275165
0 0.428794 0.131854 0.668318 0.263708 0.00272599
1 0.570347 0.264541 0.688305 0.529083 0.00270418
1 0.0652517 0.144242 0.129982 0.288485 0.00263862
1 0.167407 0.824878 0.332868 0.350244 0.00262608
1 0.899508 0.538845 0.200984 0.347849 0.00261982
1 0.854402 0.244105 0.287246 0.48821 0.00261557
0 0.733841 0.839189 0.517059 0.316934 0.00260479
0 0.717794 0.142593 0.417905 0.285187 0.00259476
0 0.942006 0.903013 0.115989 0.193973 0.00258753
0 0.828776 0.133196 0.334964 0.266391 0.00253872
0 0.57138 0.129872 0.652596 0.259744 0.00248063
0 0.728345 0.912615 0.513402 0.17477 0.00247855
1 0.29391 0.11595 0.567018 0.231901 0.002445
0 0.942556 0.797423 0.113691 0.394977 0.00243792
0 0.152727 0.909126 0.305455 0.181749 0.00241038
2 0.969504 0.442176 0.0603571 0.100874 0.00239331
1 0.15818 0.256937 0.31636 0.513874 0.00235622
0 0.535167 0.0532348 0.07792 0.0956252 0.00234893
1 0.10858 0.100522 0.210261 0.201044 0.00232568
2 0.958656 0.476157 0.0826887 0.171642 0.00232164
1 0.242627 0.183587 0.482363 0.367174 0.00219386
1 0.227655 0.0937767 0.434047 0.187553 0.00218545
0 0.378609 0.08125 0.168127 0.160675 0.0021501
1 0.350636 0.841153 0.304538 0.300329 0.00208438
2 0.0308881 0.889553 0.0611662 0.205027 0.00206443
0 0.839559 0.94002 0.315516 0.11996 0.002059
2 0.162534 0.0848129 0.31345 0.169626 0.00204636
1 0.117855 0.490756 0.215586 0.301145 0.00204442
2 0.688152 0.887399 0.151178 0.19633 0.00201467
0 0.78247 0.92789 0.435061 0.14422 0.00200236
0 0.816012 0.812299 0.365405 0.360206 0.00196197
1 0.95301 0.585061 0.0939798 0.457978 0.00193937
2 0.903773 0.944599 0.081826 0.103091 0.00193809
0 0.167233 0.531905 0.183788 0.404218 0.00193079
0 0.0442983 0.913686 0.0882813 0.160986 0.00192925
0 0.339918 0.616556 0.0274574 0.0357768 0.00189978
0 0.991688 0.921211 0.0164829 0.0845209 0.00189111
0 0.560363 0.292564 0.13923 0.122341 0.0018888
2 0.307293 0.286847 0.154658 0.191718 0.00184855
0 0.0524206 0.0508359 0.104841 0.101672 0.00184149
1 0.37336 0.666024 0.310734 0.276234 0.00183423
1 0.222611 0.442126 0.382215 0.218461 0.00181349
0 0.989852 0.91405 0.020203 0.0768748 0.00178242
2 0.149676 0.434213 0.143308 0.184352 0.001719
2 0.738315 0.908782 0.121417 0.164912 0.00170546
2 0.673963 0.823675 0.130809 0.17718 0.00170286
1 0.286938 0.91028 0.205101 0.165999 0.00167693
1 0.112967 0.442646 0.225933 0.214968 0.00167454
2 0.707303 0.89553 0.131892 0.174774 0.00167444
0 0.903833 0.94314 0.0875229 0.112129 0.00166022
0 0.586749 0.337116 0.197571 0.286052 0.00164674
2 0.878848 0.940574 0.111066 0.111706 0.00164582
1 0.298436 0.924554 0.346868 0.145306 0.00161986
2 0.045838 0.891022 0.0914052 0.198674 0.00159661
1 0.0514549 0.0356935 0.10291 0.0713869 0.00158542
1 0.884883 0.455088 0.230233 0.215542 0.00157814
0 0.307916 0.297643 0.150736 0.205919 0.00155049
2 0.0531586 0.0454284 0.106317 0.0908568 0.00153325
1 0.802021 0.369292 0.23501 0.282942 0.00151655
0 0.468654 0.857113 0.118756 0.0842679 0.00149957
2 0.0272699 0.838689 0.0543252 0.322621 0.00149644
1 0.641005 0.816929 0.202624 0.15439 0.00148897
1 0.746567 0.384538 0.296273 0.36338 0.00148599
1 0.168824 0.532571 0.208871 0.39158 0.00148555
0 0.557722 0.351701 0.218266 0.267236 0.00147505
2 0.055141 0.0505786 0.110282 0.101157 0.001474
2 0.464402 0.783479 0.131445 0.219323 0.0014534
0 0.949292 0.856968 0.0205418 0.0325814 0.0014527
2 0.783756 0.910612 0.247246 0.169159 0.00144331
0 0.0544298 0.0753571 0.10886 0.150714 0.00143179
1 0.822591 0.322334 0.137615 0.168464 0.00143001
2 0.90193 0.91376 0.120365 0.164018 0.00142132
2 0.711083 0.888518 0.217495 0.212586 0.00140874
0 0.479051 0.85267 0.0424569 0.0751444 0.00140139
1 0.85422 0.323954 0.0732281 0.166905 0.00138834
0 0.841964 0.0540198 0.113896 0.10804 0.00138068
1 0.082043 0.0372604 0.164086 0.0745208 0.00137438
0 0.236349 0.285742 0.311305 0.182248 0.00136124
0 0.501949 0.063221 0.141205 0.122927 0.0013552
0 0.715116 0.872649 0.224627 0.254703 0.00133937
0 0.553696 0.370369 0.132983 0.226318 0.00133878
2 0.736455 0.935132 0.120222 0.121352 0.00133445
2 0.0233099 0.317807 0.046571 0.526011 0.00132727
0 0.0228911 0.607433 0.0457398 0.502155 0.00132405
1 0.832153 0.397155 0.335694 0.336912 0.00132083
2 0.411358 0.66192 0.219238 0.270732 0.00132072
1 0.202273 0.0375153 0.211213 0.0722889 0.00131491
0 0.139189 0.514506 0.134931 0.371678 0.00131482
1 0.389573 0.735505 0.273242 0.34708 0.00131345
2 0.562933 0.291297 0.142958 0.121842 0.00131336
2 0.864363 0.892277 0.191761 0.212392 0.00129996
1 0.0230004 0.289053 0.0459674 0.578106 0.00129763
1 0.593055 0.325002 0.238953 0.252473 0.00129273
0 0.991773 0.886388 0.0162292 0.10071 0.0012889
1 0.833972 0.880781 0.263739 0.237537 0.0012852
1 0.370007 0.795173 0.300898 0.253213 0.00127812
0 0.969933 0.19274 0.0600336 0.284451 0.00126954
1 0.0944939 0.869823 0.188988 0.253482 0.00126725
1 0.251125 0.0394236 0.21794 0.0776629 0.00125807
2 0.384425 0.0846971 0.218704 0.163934 0.00125008
0 0.527727 0.047901 0.134894 0.0865382 0.00124752
1 0.287964 0.0431546 0.201584 0.0845796 0.00123989
2 0.859535 0.927605 0.153805 0.137148 0.00121922
2 0.762704 0.932236 0.270426 0.134699 0.00121889
1 0.106634 0.0391017 0.213268 0.0782034 0.00121743
1 0.0277374 0.380089 0.0554492 0.455184 0.00121593
0 0.679599 0.872378 0.137696 0.162307 0.00121498
1 0.14579 0.506671 0.186922 0.336791 0.00121297
1 0.204026 0.517851 0.321103 0.399393 0.00120687
0 0.587231 0.0944848 0.227793 0.177017 0.0012052
1 0.505619 0.849059 0.0724308 0.0907943 0.00119669
1 0.624286 0.777637 0.241678 0.252721 0.00119636
1 0.950733 0.0616644 0.0960972 0.123329 0.00119587
2 0.323084 0.0746385 0.188458 0.145225 0.00119379
2 0.0250201 0.798816 0.0498765 0.402369 0.00118665
2 0.936165 0.931804 0.126837 0.136391 0.00118539
2 0.955425 0.939779 0.0891501 0.120112 0.00118341
2 0.0820689 0.0480969 0.164138 0.0961938 0.00116974
2 0.111196 0.915452 0.144388 0.158337 0.00116432
0 0.350271 0.0787909 0.247579 0.151858 0.00116406
2 0.265877 0.942559 0.266715 0.114882 0.00116365
1 0.102364 0.489337 0.204727 0.433225 0.00116336
1 0.199556 0.061989 0.245921 0.116842 0.00116274
0 0.268548 0.267604 0.238553 0.15431 0.00116206
2 0.981567 0.936338 0.0368655 0.122511 0.00115908
2 0.672873 0.849958 0.112016 0.0812582 0.0011566
1 0.0310199 0.496862 0.061887 0.50299 0.00115334
0 0.960404 0.474755 0.079191 0.16737 0.00115018
1 0.0790928 0.052247 0.158186 0.104494 0.00114974
1 0.320367 0.0488318 0.174335 0.0957218 0.00114922
1 0.248792 0.0716948 0.283311 0.138379 0.00114894
1 0.509147 0.338825 0.348971 0.246363 0.00114608
0 0.645566 0.562987 0.0813032 0.108072 0.00114481
2 0.95988 0.160094 0.0801838 0.320187 0.00114259
0 0.39015 0.857195 0.309447 0.0968119 0.00114162
1 0.16016 0.0390351 0.189848 0.0756357 0.00113681
0 0.510872 0.40155 0.19322 0.162438 0.00113442
1 0.0562792 0.843328 0.112393 0.306362 0.00113402
0 0.0357042 0.536039 0.0713776 0.554138 0.00112996
2 0.0731711 0.993207 0.146342 0.0135869 0.00112907
1 0.115187 0.0252742 0.230374 0.0505485 0.00112879
2 0.481084 0.372602 0.333338 0.22371 0.00112711
0 0.403326 0.0516615 0.178105 0.103323 0.0011266
1 0.271046 0.420557 0.3909 0.320342 0.00112402
1 0.423194 0.718634 0.217089 0.359376 0.00112025
2 0.077488 0.902455 0.15314 0.179867 0.00111657
0 0.868535 0.0633169 0.16638 0.126634 0.00111631
2 0.305634 0.952347 0.298645 0.0953058 0.00111524
1 0.0642012 0.321579 0.128402 0.444515 0.00111476
2 0.104028 0.889164 0.197648 0.215964 0.0011122
1 0.0891092 0.89436 0.165322 0.201 0.00111105
2 0.740208 0.891702 0.307508 0.214302 0.00110351
1 0.12702 0.00502535 0.25404 0.0100507 0.00110142
1 0.0740808 0.409542 0.148162 0.367297 0.00109857
0 0.443951 0.612656 0.141436 0.168944 0.00109508
2 0.974205 0.913773 0.0515902 0.172454 0.00109069
1 0.244743 0.0018624 0.298924 0.0037248 0.00109065
1 0.930505 0.345709 0.138523 0.442452 0.00108889
2 0.16047 0.912863 0.194836 0.163782 0.00108806
2 0.541009 0.34883 0.161154 0.270252 0.00108711
1 0.46318 0.0484688 0.190884 0.0944182 0.00108686
2 0.2899 0.86264 0.178657 0.250261 0.00108122
1 0.935305 0.0499387 0.120824 0.0998773 0.00108082
1 0.687581 0.385931 0.393894 0.354803 0.00107957
0 0.989237 0.924391 0.0213276 0.151217 0.00107816
1 0.347424 0.06317 0.155456 0.125248 0.00107791
1 0.791703 0.11542 0.227947 0.23084 0.00107635
2 0.841569 0.06325 0.111608 0.1265 0.00107347
0 0.409082 0.610597 0.222425 0.160403 0.00107345
0 0.641184 0.88144 0.301777 0.181773 0.00107341
0 0.383628 0.113776 0.287633 0.222724 0.0010713
0 0.645602 0.851293 0.0599093 0.0754183 0.00107008
1 0.572697 0.834045 0.19426 0.225726 0.00106992
1 0.0901866 0.0502131 0.180373 0.100426 0.00106674
0 0.614033 0.845353 0.194791 0.129087 0.00106647
2 0.812938 0.882671 0.367586 0.234659 0.00106305
2 0.248212 0.965786 0.264994 0.0684285 0.00106235
2 0.321146 0.964742 0.34969 0.0705154 0.00105756
2 0.161103 0.0581239 0.185961 0.107501 0.00105572
0 0.369944 0.581942 0.304337 0.138361 0.00105472
0 0.968358 0.128079 0.0609375 0.227705 0.00105338
1 0.780618 0.243275 0.234657 0.388844 0.00105203
2 0.622987 0.569144 0.118011 0.134055 0.0010506
2 0.123292 0.0556091 0.216098 0.103451 0.00104756
1 0.0477297 0.2239 0.0954594 0.4478 0.00104315
1 0.430714 0.0465383 0.19811 0.0922875 0.00104159
1 0.0658472 0.115625 0.131694 0.23125 0.00104072
2 0.17702 0.556602 0.236274 0.392296 0.00104054
0 0.45146 0.0698785 0.231637 0.138891 0.00103906
2 0.0713646 0.930003 0.141152 0.131532 0.00103744
1 0.954664 0.0962423 0.0906724 0.192485 0.00103646
0 0.0234252 0.701987 0.0468503 0.508346 0.00103591
1 0.965191 0.272539 0.0696176 0.442608 0.00103582
1 0.36267 0.0787167 0.356994 0.15232 0.00103562
2 0.426255 0.0753472 0.225218 0.150505 0.00103327
1 0.492909 0.0499318 0.155736 0.0964634 0.00103325
1 0.804127 0.408783 0.327069 0.39308 0.00103238
0 0.253659 0.331463 0.316241 0.261743 0.00102984
2 0.712937 0.837249 0.224825 0.265301 0.00102847
1 0.817414 0.849921 0.300501 0.300158 0.00102823
0 0.524174 0.0804807 0.13367 0.149307 0.00102756
1 0.105918 0.402964 0.211837 0.280196 0.00102709
2 0.881621 0.115309 0.209804 0.230617 0.00102679
2 0.429262 0.388718 0.356575 0.185791 0.00102552
1 0.316821 0.00205177 0.305813 0.00410353 0.0010242
2 0.707059 0.93413 0.174016 0.126238 0.00102152
1 0.1955 0.00170131 0.325095 0.00340263 0.00102049
1 0.426879 0.346154 0.375084 0.279035 0.00101947
0 0.383537 0.62906 0.286689 0.198669 0.00101592
2 0.716471 0.993697 0.22468 0.0126055 0.00101589
2 0.742005 0.991213 0.278802 0.017575 0.00101369
2 0.636628 0.56149 0.0943428 0.115198 0.00101365
2 0.332165 0.980069 0.338571 0.0398615 0.00101348
1 0.768426 0.0606099 0.17325 0.12122 0.00101192
2 0.606895 0.103992 0.25507 0.201607 0.00101178
