1 0.306905 0.517973 0.486733 0.899417 0.836934
0 0.629349 0.058316 0.054233 0.0996526 0.302521
2 0.630019 0.0577786 0.0542856 0.100162 0.0757982
0 0.424691 0.0524506 0.105477 0.104901 0.0741188
1 0.317155 0.691967 0.473587 0.606048 0.0584187
1 0.310525 0.307891 0.470174 0.460911 0.0552821
1 0.564002 0.59792 0.871995 0.80416 0.0505298
0 0.633643 0.0606317 0.0385662 0.101937 0.0388227
1 0.424657 0.53862 0.748269 0.835151 0.0366238
1 0.245138 0.486102 0.335522 0.814717 0.0348951
1 0.301719 0.390337 0.496811 0.624094 0.0316265
0 0.450625 0.0529542 0.150212 0.105908 0.0312286
0 0.615312 0.0583199 0.0802555 0.100601 0.0287467
0 0.264345 0.0360397 0.096935 0.0720794 0.0192388
1 0.408811 0.739795 0.228665 0.409933 0.0166415
0 0.453419 0.958476 0.0451741 0.0525438 0.0161978
1 0.200477 0.369052 0.251599 0.613306 0.0150825
1 0.587598 0.48452 0.824804 0.96904 0.01487
2 0.668468 0.489968 0.658909 0.979936 0.0128337
2 0.251526 0.0414807 0.121517 0.0829614 0.0124252
2 0.792018 0.481301 0.413293 0.962601 0.0122219
1 0.225143 0.448918 0.447282 0.821238 0.0117151
0 0.247885 0.0404613 0.130797 0.0809227 0.0114476
2 0.402582 0.0609524 0.148645 0.121905 0.0113561
1 0.323049 0.810893 0.43118 0.360596 0.0108744
2 0.403584 0.0933334 0.150802 0.186667 0.0103768
1 0.550536 0.712792 0.860975 0.562519 0.00937735
2 0.628897 0.627312 0.734825 0.740903 0.00932394
2 0.618245 0.0584531 0.118074 0.103535 0.00927475
1 0.419849 0.806138 0.197592 0.269261 0.00918463
1 0.155855 0.410906 0.311709 0.821812 0.00868836
1 0.237766 0.30255 0.299097 0.454435 0.00786602
0 0.298865 0.0182086 0.0258413 0.0364172 0.00773679
2 0.454145 0.0495125 0.15478 0.0990249 0.0073774
0 0.41597 0.103052 0.128124 0.206104 0.0070279
0 0.954063 0.501513 0.0917743 0.826945 0.00689107
2 0.744318 0.584558 0.506058 0.776853 0.00679223
1 0.242194 0.649615 0.482079 0.700771 0.00673779
0 0.906329 0.486436 0.187253 0.941532 0.00669524
1 0.446434 0.788984 0.716412 0.399198 0.00658172
2 0.204537 0.179016 0.143427 0.201186 0.00641255
0 0.442031 0.121868 0.212243 0.243736 0.00635513
0 0.221967 0.0414737 0.180499 0.0829474 0.0061102
1 0.440632 0.838625 0.158677 0.301386 0.00589111
1 0.569068 0.816111 0.801079 0.356696 0.00557671
1 0.534538 0.402435 0.930924 0.79466 0.00557323
1 0.14044 0.643478 0.28088 0.713044 0.00530824
1 0.267739 0.830103 0.535479 0.339793 0.0051786
0 0.438765 0.0254378 0.0472536 0.0508756 0.00515962
0 0.334106 0.122326 0.39928 0.234052 0.00507842
1 0.242501 0.591551 0.329456 0.448693 0.00497633
1 0.13746 0.302375 0.274921 0.604751 0.00496738
1 0.178127 0.587942 0.356254 0.783797 0.00486741
0 0.639834 0.0836002 0.0236261 0.0518178 0.00474425
1 0.380148 0.771097 0.263686 0.344392 0.00465233
1 0.423628 0.366066 0.731124 0.497854 0.00456099
0 0.410019 0.122718 0.329209 0.245436 0.00436863
2 0.242683 0.0427915 0.146337 0.085583 0.00429032
0 0.844305 0.550686 0.310963 0.836221 0.00428
1 0.348123 0.726373 0.365903 0.442153 0.0042304
0 0.96044 0.409326 0.0791196 0.755078 0.00407635
1 0.333573 0.243598 0.569889 0.453723 0.00404202
1 0.518099 0.302277 0.95186 0.55277 0.00398217
1 0.258477 0.886041 0.506483 0.227918 0.00397957
1 0.205525 0.183508 0.143205 0.214581 0.00396233
0 0.44468 0.0364264 0.0586973 0.0728528 0.0039093
0 0.637781 0.0569262 0.0272673 0.0939588 0.00382879
1 0.216204 0.0418145 0.176277 0.0812518 0.00381665
1 0.56541 0.865928 0.777434 0.268145 0.00380981
2 0.58954 0.0598077 0.124944 0.115809 0.00379072
2 0.373911 0.102816 0.211366 0.205633 0.00377215
0 0.389336 0.125845 0.557998 0.250997 0.00374795
0 0.0185371 0.0552737 0.0369977 0.110547 0.00372281
1 0.120072 0.234983 0.240143 0.469965 0.00362728
1 0.711118 0.481054 0.570593 0.948357 0.00360527
0 0.958779 0.637842 0.0824413 0.658377 0.00356632
2 0.438803 0.0496132 0.215197 0.0992264 0.00347482
2 0.821399 0.594983 0.357202 0.754048 0.00343528
0 0.6058 0.0595532 0.137259 0.104619 0.0033818
1 0.304931 0.198789 0.456688 0.397579 0.003349
0 0.472122 0.179265 0.852789 0.345524 0.0033194
0 0.475592 0.121526 0.413598 0.243052 0.00325322
0 0.530177 0.243283 0.931768 0.481084 0.00322174
0 0.55322 0.114097 0.389845 0.228195 0.00318315
1 0.110469 0.705473 0.220939 0.589055 0.00315048
1 0.36991 0.425594 0.356364 0.437533 0.00312111
0 0.956041 0.193519 0.0879183 0.387038 0.00307063
1 0.0779127 0.14956 0.155027 0.29912 0.00306406
0 0.956456 0.268878 0.0870886 0.537757 0.00299433
0 0.443 0.922375 0.105611 0.131829 0.00298366
0 0.331408 0.141293 0.570096 0.282586 0.00296083
0 0.620004 0.114499 0.367911 0.228997 0.00295772
0 0.918837 0.337477 0.160611 0.666264 0.00294371
2 0.677102 0.711111 0.635224 0.577778 0.00291052
0 0.207242 0.129434 0.408898 0.258868 0.00289559
0 0.631286 0.729848 0.724769 0.540305 0.00286108
0 0.435128 0.0219244 0.0304844 0.0438489 0.00284568
0 0.0187786 0.0943463 0.0375571 0.188693 0.00282947
1 0.607577 0.917397 0.742859 0.165205 0.00281708
1 0.0987491 0.19059 0.197498 0.38118 0.0028086
0 0.0992813 0.788877 0.198563 0.422247 0.00279637
0 0.901298 0.155611 0.193964 0.311222 0.00276918
1 0.216327 0.0832854 0.184504 0.166571 0.00274707
0 0.309866 0.210605 0.496878 0.42121 0.00274013
0 0.95609 0.743643 0.0878206 0.469209 0.00270858
0 0.413511 0.0326051 0.0783851 0.0652102 0.00270839
0 0.947086 0.900568 0.105827 0.198864 0.00270756
1 0.10957 0.141251 0.213176 0.282502 0.002705
0 0.640078 0.0583147 0.0404849 0.100362 0.00269728
1 0.193743 0.258441 0.352358 0.487583 0.00267077
0 0.452014 0.95245 0.0501673 0.0684857 0.00263604
1 0.545786 0.0607632 0.213206 0.119097 0.00259683
0 0.296112 0.0233238 0.0292378 0.0466475 0.00259522
0 0.715028 0.132281 0.423587 0.264561 0.00259315
0 0.184164 0.199208 0.368328 0.398416 0.00255896
0 0.0208993 0.800809 0.0323801 0.0503342 0.00255546
0 0.143495 0.139107 0.284652 0.278215 0.00255449
0 0.442073 0.0471251 0.0662615 0.0942501 0.00254352
0 0.848565 0.251127 0.302359 0.498495 0.00254352
0 0.829304 0.145779 0.335071 0.291557 0.00254077
0 0.905911 0.261905 0.184401 0.523809 0.00251825
0 0.951289 0.837161 0.0968388 0.300769 0.00251472
0 0.600183 0.835736 0.790428 0.326451 0.00250715
0 0.551668 0.0661375 0.206716 0.12048 0.0025064
0 0.598704 0.149622 0.147948 0.290133 0.00249297
0 0.7105 0.251135 0.56668 0.484982 0.00248153
1 0.392166 0.69653 0.271349 0.531266 0.00246424
1 0.208261 0.139325 0.149866 0.244598 0.00246173
0 0.167092 0.845707 0.334184 0.308586 0.00245461
1 0.436892 0.884058 0.154773 0.208258 0.00240947
1 0.180651 0.194895 0.200423 0.232749 0.00236549
0 0.638053 0.933092 0.693198 0.133815 0.00235626
0 0.656121 0.14041 0.446504 0.272574 0.00232463
0 0.85196 0.676815 0.296079 0.573368 0.00231255
0 0.687988 0.791835 0.614388 0.416331 0.00229878
1 0.219029 0.59583 0.205949 0.428128 0.00228639
1 0.365209 0.0751797 0.223234 0.150359 0.00227779
0 0.86441 0.961295 0.258848 0.0774093 0.00226757
1 0.322435 0.103614 0.304701 0.207228 0.00226166
1 0.439248 0.656441 0.237371 0.61811 0.00225116
0 0.770331 0.960696 0.452518 0.078609 0.00221972
0 0.719213 0.944726 0.551164 0.110547 0.00220215
0 0.708066 0.173021 0.505584 0.346041 0.00216685
0 0.79751 0.79732 0.39639 0.393625 0.00213807
0 0.83834 0.812558 0.319758 0.329422 0.00213195
0 0.842923 0.745119 0.312989 0.41765 0.00212865
1 0.326055 0.0861444 0.228041 0.172289 0.00211391
2 0.627355 0.0575406 0.252806 0.115081 0.00209183
2 0.862026 0.91762 0.174773 0.155227 0.00202602
0 0.8762 0.871045 0.237532 0.234434 0.00202596
0 0.661942 0.0599012 0.173251 0.105843 0.00202209
1 0.357396 0.488326 0.418167 0.389281 0.00195833
1 0.199587 0.278512 0.243632 0.408791 0.00195147
1 0.333219 0.822034 0.3043 0.335569 0.00194706
0 0.0676463 0.11791 0.135293 0.23582 0.0019435
1 0.329031 0.414744 0.492112 0.411738 0.00193302
1 0.453681 0.898594 0.207909 0.182992 0.00190813
0 0.0168564 0.815837 0.0333304 0.327741 0.00189392
1 0.204666 0.112585 0.192267 0.22517 0.0018749
0 0.294142 0.0313308 0.0362116 0.0626615 0.00186534
2 0.652393 0.0592407 0.205514 0.109449 0.00186062
0 0.0290089 0.148946 0.0580178 0.297893 0.00184592
0 0.0608864 0.072311 0.121773 0.144622 0.00182603
2 0.887657 0.906112 0.217974 0.178234 0.00182213
1 0.213216 0.0368945 0.220484 0.0737889 0.00179032
2 0.842106 0.929289 0.129914 0.132391 0.00176033
2 0.0688005 0.144804 0.137601 0.289608 0.00174221
1 0.358062 0.519852 0.387387 0.605628 0.00174092
0 0.837381 0.136053 0.138179 0.272105 0.00173257
1 0.39449 0.613308 0.315594 0.682033 0.00172428
2 0.95966 0.382232 0.0806806 0.54642 0.00169488
1 0.247464 0.347373 0.385122 0.509799 0.00169205
2 0.455417 0.0367304 0.171534 0.0734609 0.00167616
0 0.249049 0.538307 0.361717 0.445717 0.00163142
0 0.822121 0.947671 0.100167 0.104658 0.00163056
1 0.0681228 0.114107 0.136225 0.228214 0.00161462
1 0.305635 0.353841 0.482351 0.319244 0.00157935
2 0.392951 0.0226216 0.257454 0.0452433 0.00157478
0 0.852668 0.942026 0.149379 0.11338 0.00156663
1 0.421327 0.923739 0.123432 0.133593 0.00156019
2 0.641806 0.057019 0.0399378 0.0993382 0.00155678
1 0.325931 0.923297 0.338775 0.14476 0.00155199
1 0.534378 0.109226 0.263262 0.211692 0.00153801
1 0.316198 0.336236 0.444761 0.241038 0.00152854
2 0.30365 0.0303159 0.253304 0.0606318 0.00152191
2 0.50035 0.123235 0.271502 0.244493 0.00151606
2 0.884754 0.856966 0.230492 0.273478 0.00151343
1 0.68392 0.0746063 0.309078 0.136792 0.00148176
0 0.0228571 0.0396058 0.0443858 0.0792115 0.00147865
0 0.95784 0.805524 0.0843203 0.388952 0.00147284
0 0.866066 0.929506 0.214572 0.136424 0.00146924
2 0.175475 0.152759 0.196225 0.197197 0.00145809
2 0.746301 0.0315799 0.0926934 0.0598098 0.00144323
0 0.0187378 0.871664 0.0373769 0.256672 0.00144182
1 0.411844 0.38972 0.271268 0.362927 0.00142438
0 0.325378 0.8518 0.287049 0.291732 0.00141494
1 0.176356 0.225754 0.227423 0.294634 0.00139706
2 0.516378 0.0546591 0.233796 0.109318 0.00139235
2 0.292156 0.0894724 0.231291 0.178945 0.00138876
2 0.958518 0.349228 0.082457 0.344949 0.00137637
1 0.292298 0.838803 0.317054 0.322394 0.00137256
2 0.729481 0.0608891 0.162418 0.118355 0.00137072
1 0.0692276 0.189577 0.138455 0.379154 0.00136866
1 0.682998 0.0556018 0.18505 0.105484 0.00136601
0 0.662889 0.290758 0.0493604 0.0865502 0.00136394
1 0.0444727 0.187628 0.0889455 0.375256 0.00135993
1 0.420701 0.924212 0.287165 0.134896 0.00135792
2 0.514552 0.0196705 0.280456 0.039341 0.00134738
0 0.0209245 0.251849 0.0417548 0.503699 0.00134434
2 0.66227 0.906853 0.16886 0.168706 0.00133755
1 0.197921 0.0138896 0.237323 0.0277792 0.00133662
2 0.515834 0.0679574 0.266181 0.135915 0.00133543
1 0.24613 0.624696 0.257801 0.338632 0.00133286
0 0.0192856 0.812679 0.0361782 0.0830389 0.00133133
2 0.587259 0.0503148 0.24133 0.10063 0.00132702
0 0.871086 0.40401 0.144845 0.190851 0.00131394
1 0.173771 0.0417065 0.20366 0.0789614 0.00129549
0 0.0405998 0.207875 0.081184 0.415751 0.00129305
0 0.877808 0.484873 0.23574 0.343733 0.00128778
0 0.769793 0.535034 0.26991 0.304983 0.00127112
2 0.63945 0.86792 0.223668 0.246771 0.00126765
1 0.311858 0.731726 0.488843 0.393604 0.0012479
2 0.759718 0.0458568 0.109524 0.0917136 0.00124081
0 0.036955 0.322015 0.0739101 0.588828 0.00123885
1 0.633687 0.86478 0.353176 0.253724 0.00123032
0 0.843391 0.481928 0.184654 0.306671 0.00123023
0 0.065832 0.066603 0.131664 0.133206 0.00122503
1 0.557749 0.0108451 0.245771 0.0216902 0.00122463
1 0.209993 0.656677 0.179343 0.295356 0.00122225
1 0.377456 0.0152273 0.275744 0.0304545 0.00121659
1 0.253601 0.50602 0.382945 0.351021 0.00121586
1 0.28591 0.259469 0.361236 0.374709 0.00121099
2 0.732527 0.916743 0.266896 0.153269 0.00120892
0 0.958075 0.527022 0.0833526 0.348139 0.00120842
2 0.0669234 0.105462 0.133847 0.210924 0.00120676
0 0.813044 0.460367 0.247517 0.254823 0.0012058
0 0.652169 0.16186 0.235034 0.32372 0.0011993
2 0.420838 0.0490074 0.09421 0.0980149 0.00119631
0 0.805094 0.962431 0.0476747 0.0721664 0.00118631
2 0.957662 0.288782 0.0838731 0.321932 0.001185
0 0.434677 0.952765 0.0874812 0.0722926 0.00118218
1 0.305226 0.296907 0.482068 0.228432 0.00118197
2 0.444614 0.0423874 0.0609942 0.0847748 0.00117121
0 0.580675 0.133807 0.111285 0.234157 0.00117108
0 0.342027 0.877653 0.22055 0.242049 0.0011704
0 0.344473 0.937068 0.239736 0.125864 0.0011682
1 0.479388 0.840465 0.288764 0.300876 0.0011649
2 0.631395 0.864264 0.401063 0.255295 0.00116228
0 0.954146 0.887349 0.0913269 0.213519 0.00116046
1 0.426582 0.599594 0.282694 0.476645 0.00115919
0 0.202823 0.160137 0.159623 0.20774 0.00115909
2 0.0244643 0.0413976 0.0478165 0.0827953 0.001159
1 0.664006 0.0513744 0.283169 0.102749 0.00115514
0 0.89641 0.373174 0.109908 0.179333 0.00115302
2 0.658743 0.902533 0.349119 0.179278 0.00115138
1 0.386435 0.34044 0.246683 0.248256 0.00114929
1 0.0702378 0.273367 0.140413 0.495921 0.00114401
0 0.862765 0.181256 0.191004 0.362512 0.00114351
0 0.958513 0.437108 0.082366 0.350349 0.00112802
0 0.0173228 0.749445 0.0342386 0.45156 0.00112471
0 0.771707 0.487033 0.196754 0.20072 0.00112093
0 0.820588 0.963297 0.23779 0.0734058 0.00111915
1 0.250847 0.445703 0.410963 0.356867 0.00111877
1 0.522095 0.89827 0.481559 0.192539 0.00111623
0 0.812666 0.486398 0.309551 0.218462 0.00111588
2 0.84552 0.971818 0.254576 0.0563636 0.00111492
2 0.585701 0.936188 0.414792 0.117703 0.00111172
0 0.770891 0.0501706 0.130355 0.100341 0.00111058
1 0.852058 0.929235 0.254127 0.136846 0.00110979
0 0.785165 0.970888 0.263586 0.0582241 0.00109909
1 0.175787 0.00679497 0.265424 0.0135899 0.00109447
2 0.738031 0.00253076 0.225266 0.00506152 0.00109407
0 0.0595405 0.547299 0.119081 0.681082 0.00108833
0 0.571859 0.139244 0.185228 0.274157 0.00108415
0 0.237847 0.0819342 0.244593 0.162666 0.00108351
2 0.354386 0.0160621 0.299804 0.0321243 0.00108195
1 0.318452 0.651119 0.453521 0.318763 0.00107979
2 0.657547 0.995166 0.321915 0.00966724 0.00107942
2 0.270978 0.0405953 0.083513 0.0811907 0.00107863
0 0.841527 0.445139 0.316947 0.252314 0.00107278
1 0.0767019 0.188095 0.153404 0.266972 0.00106631
2 0.0583156 0.87859 0.116103 0.236883 0.00106541
2 0.453214 0.974158 0.336826 0.0516842 0.00106245
0 0.316592 0.980676 0.351874 0.0386474 0.00106207
0 0.4955 0.13115 0.242323 0.2623 0.0010612
0 0.956857 0.592414 0.0857716 0.391556 0.00105969
1 0.299677 0.60424 0.395378 0.390984 0.00105686
0 0.439224 0.25679 0.0998046 0.0799566 0.00105661
0 0.304462 0.0937953 0.326107 0.187591 0.00105592
1 0.339869 0.658381 0.439975 0.460881 0.00105542
0 0.735304 0.606113 0.39782 0.358488 0.00105488
2 0.161132 0.116455 0.228771 0.23291 0.00105409
0 0.0505907 0.87935 0.101181 0.241301 0.00105332
0 0.820358 0.959487 0.0771412 0.0789439 0.00105297
0 0.778111 0.0712942 0.134967 0.142588 0.00105094
0 0.955335 0.924489 0.0888178 0.142968 0.001049
1 0.571119 0.934949 0.451787 0.123593 0.00104848
2 0.811495 0.111823 0.162254 0.223646 0.00104538
0 0.813029 0.514686 0.360472 0.268227 0.00104446
0 0.0203718 0.413827 0.0406337 0.60627 0.00104146
