0 0.280973 0.724858 0.105957 0.127425 0.930954
0 0.727795 0.405002 0.0638756 0.090031 0.89558
0 0.64896 0.667452 0.181273 0.270856 0.815006
0 0.450901 0.36945 0.134687 0.279461 0.649928
0 0.433903 0.629437 0.120383 0.34324 0.646552
0 0.546746 0.532305 0.0386833 0.0761136 0.49258
0 0.456069 0.513794 0.164211 0.567093 0.407897
2 0.281362 0.723283 0.10494 0.135417 0.29974
0 0.0739092 0.869561 0.0344493 0.0681028 0.288266
0 0.451398 0.326616 0.133097 0.191631 0.226551
2 0.727089 0.403463 0.0612817 0.0949365 0.224855
0 0.782479 0.339958 0.0267035 0.0365139 0.220402
0 0.553039 0.5129 0.360749 0.572113 0.206045
0 0.475687 0.292436 0.0894715 0.118078 0.20465
0 0.629483 0.647377 0.14354 0.221372 0.168905
0 0.619939 0.596169 0.237418 0.401958 0.163246
0 0.430797 0.707855 0.114532 0.169667 0.15298
0 0.452301 0.456007 0.133827 0.455746 0.132009
0 0.733801 0.381547 0.075321 0.138921 0.125818
0 0.693968 0.748988 0.087904 0.100679 0.113005
0 0.454663 0.295658 0.126355 0.131942 0.0876466
0 0.553445 0.613689 0.372319 0.37367 0.0795693
0 0.673601 0.744016 0.129378 0.112491 0.0665855
0 0.78516 0.336896 0.032806 0.0383455 0.0649037
0 0.747658 0.378721 0.10642 0.14585 0.054977
0 0.479574 0.485546 0.201497 0.37753 0.049523
0 0.369049 0.615524 0.275095 0.360802 0.0451989
0 0.612482 0.628135 0.185041 0.258492 0.0403001
0 0.368543 0.535846 0.270298 0.528035 0.0382749
0 0.674565 0.656901 0.247437 0.28946 0.0376888
2 0.432018 0.700655 0.112556 0.15893 0.0374564
0 0.453066 0.583484 0.173903 0.333243 0.0366676
0 0.367155 0.705024 0.276226 0.174475 0.0332366
0 0.450699 0.60254 0.0873413 0.151292 0.0329112
0 0.439173 0.481167 0.120805 0.330589 0.0325764
0 0.441113 0.557437 0.121942 0.324952 0.0298806
0 0.18012 0.983168 0.0768609 0.0316918 0.0296468
0 0.478588 0.51798 0.208851 0.242531 0.0294093
0 0.467149 0.498357 0.200819 0.160803 0.0292947
0 0.286942 0.711827 0.122742 0.157449 0.0281606
0 0.449055 0.528246 0.106014 0.161212 0.0272402
0 0.342977 0.720081 0.231605 0.153166 0.0269981
0 0.419416 0.516015 0.181522 0.567476 0.0269898
0 0.560216 0.841105 0.0265164 0.0412325 0.0267427
0 0.49043 0.425426 0.234004 0.393932 0.0264543
0 0.806543 0.380241 0.245487 0.180902 0.0258412
2 0.437822 0.627969 0.122563 0.350586 0.0241729
0 0.443498 0.408215 0.116384 0.174554 0.0241053
0 0.19153 0.983676 0.0513569 0.030377 0.0231208
0 0.838426 0.496719 0.31961 0.494211 0.021204
0 0.646924 0.758137 0.183442 0.475836 0.0187627
0 0.239135 0.723696 0.195495 0.137566 0.0179577
0 0.733773 0.38887 0.218512 0.181982 0.0174896
0 0.173619 0.97596 0.0903258 0.04808 0.0170059
0 0.612256 0.533289 0.484571 0.622799 0.0167265
0 0.621461 0.612212 0.161745 0.191182 0.016083
0 0.433806 0.391417 0.174809 0.330505 0.0145903
0 0.0742011 0.874579 0.0504598 0.0821211 0.0142157
0 0.769723 0.688211 0.446865 0.464878 0.0139718
0 0.784594 0.579128 0.427443 0.681677 0.0133805
0 0.823545 0.358375 0.283185 0.231492 0.0133691
0 0.471546 0.400388 0.17784 0.343577 0.0128353
0 0.433478 0.615696 0.123013 0.168169 0.0125634
0 0.739781 0.58372 0.38534 0.452616 0.0124674
0 0.692306 0.404153 0.134678 0.101708 0.0121998
2 0.450302 0.58892 0.0949377 0.161279 0.0118343
0 0.69969 0.538199 0.319686 0.508604 0.0112035
0 0.607146 0.537719 0.167661 0.09098 0.0109941
0 0.171849 0.720953 0.343699 0.154286 0.0101283
0 0.547928 0.51866 0.0401634 0.0971748 0.00986993
2 0.476416 0.288549 0.0893444 0.11991 0.0097334
0 0.841558 0.406599 0.315417 0.398698 0.00911545
0 0.744214 0.356091 0.290038 0.232414 0.00906469
0 0.558658 0.687612 0.366945 0.621923 0.00903082
0 0.754143 0.464701 0.154202 0.224829 0.00889502
0 0.605463 0.588826 0.21632 0.254885 0.00876007
0 0.176049 0.749681 0.348945 0.25443 0.00875834
0 0.196363 0.983927 0.0366726 0.0280106 0.00869372
0 0.293137 0.635767 0.262312 0.313893 0.00861212
0 0.28055 0.817257 0.146736 0.335709 0.0082014
2 0.44861 0.54228 0.102002 0.158366 0.00809756
0 0.518234 0.381405 0.300912 0.371443 0.00788924
0 0.283205 0.705079 0.100405 0.0897414 0.00786596
0 0.624646 0.408537 0.459983 0.322684 0.00781391
0 0.876056 0.628816 0.247888 0.605107 0.00749526
0 0.961601 0.541619 0.0767979 0.57513 0.00730661
0 0.450802 0.57531 0.0973302 0.159994 0.0071439
0 0.360041 0.724071 0.29463 0.549994 0.00706823
0 0.959737 0.675703 0.0805254 0.535474 0.00704161
0 0.903963 0.687211 0.192074 0.549559 0.00674066
0 0.682505 0.763072 0.0607563 0.0763767 0.00666988
2 0.179433 0.969817 0.101597 0.0603657 0.00648163
0 0.446014 0.711032 0.474382 0.574243 0.00634961
0 0.282325 0.539383 0.476642 0.511617 0.00632567
0 0.884343 0.761323 0.231314 0.428556 0.00622221
0 0.883552 0.328774 0.0893093 0.115671 0.00611702
0 0.745635 0.424397 0.0265297 0.0507181 0.00585318
0 0.180329 0.815794 0.359998 0.351389 0.00580155
0 0.956958 0.75243 0.0860846 0.452316 0.00578933
0 0.668518 0.771346 0.0321188 0.0511089 0.00578153
0 0.722058 0.447149 0.0783066 0.190668 0.00577775
2 0.178986 0.945085 0.0971535 0.0997676 0.00553721
0 0.962665 0.416239 0.0746311 0.562957 0.00552684
0 0.802279 0.754662 0.394136 0.482825 0.00552234
0 0.310796 0.766157 0.401429 0.462128 0.00539156
0 0.215446 0.645729 0.430892 0.307871 0.00527668
0 0.449708 0.425637 0.10883 0.13535 0.00523095
0 0.801824 0.27788 0.389836 0.485316 0.00521777
0 0.809583 0.724886 0.0739658 0.120452 0.00516605
0 0.616625 0.736399 0.248304 0.527203 0.00512153
0 0.169354 0.98188 0.103809 0.0362397 0.005121
0 0.182902 0.919435 0.356194 0.153085 0.00508028
0 0.489824 0.292859 0.0582191 0.115315 0.00500078
0 0.250128 0.808787 0.203525 0.31641 0.00498004
0 0.671944 0.369722 0.5647 0.321426 0.00495668
0 0.342718 0.683396 0.227865 0.228367 0.00494361
0 0.637891 0.353023 0.53281 0.429754 0.00487496
0 0.553866 0.572635 0.362558 0.183459 0.00479431
0 0.320003 0.802317 0.195027 0.306802 0.00476723
0 0.160564 0.766128 0.32043 0.467745 0.00474637
0 0.180998 0.965775 0.348047 0.0684492 0.00451432
0 0.959615 0.821485 0.0801544 0.345438 0.00444276
0 0.433433 0.653114 0.117334 0.219859 0.00443268
0 0.714264 0.514004 0.0187748 0.0312563 0.00440401
0 0.983405 0.479938 0.0318451 0.0760707 0.00436295
0 0.162224 0.882397 0.322786 0.235207 0.00436106
0 0.405059 0.759521 0.0503419 0.0845266 0.00435257
0 0.413373 0.76358 0.0378096 0.0749611 0.00428127
0 0.846668 0.350386 0.306664 0.617508 0.00426796
0 0.438583 0.705062 0.10546 0.133213 0.00424315
0 0.695338 0.752252 0.331617 0.493851 0.00423551
0 0.704929 0.384805 0.116843 0.15119 0.0041554
0 0.638282 0.624826 0.125838 0.170917 0.00410466
0 0.253227 0.965384 0.495239 0.0692311 0.00399006
0 0.304748 0.427154 0.581016 0.434801 0.00396943
0 0.142503 0.840882 0.284594 0.317889 0.00394346
0 0.0394132 0.11341 0.0242703 0.0354786 0.00392906
0 0.797119 0.362745 0.070784 0.16248 0.00391998
0 0.303699 0.824192 0.529208 0.350878 0.00386813
0 0.901348 0.85929 0.197026 0.260004 0.00386435
0 0.0767353 0.735707 0.153026 0.512199 0.00386294
0 0.701597 0.269117 0.575398 0.439904 0.00384555
0 0.468004 0.591333 0.228733 0.394753 0.00379087
0 0.283413 0.765588 0.0347444 0.0453103 0.00378671
0 0.264985 0.874824 0.515851 0.246771 0.00377312
2 0.739559 0.401323 0.0884111 0.112061 0.00368605
0 0.327245 0.301768 0.503042 0.457145 0.00364115
0 0.796282 0.694171 0.0332039 0.0486073 0.00361769
0 0.786669 0.308744 0.0431305 0.0929474 0.00360301
0 0.84757 0.846873 0.300922 0.285259 0.00358702
0 0.164183 0.66059 0.327651 0.648544 0.00357722
0 0.960517 0.277881 0.0785 0.541399 0.00357615
0 0.0466578 0.817678 0.0933156 0.294555 0.00354843
0 0.150412 0.981334 0.141052 0.0373325 0.00349032
0 0.125601 0.957118 0.251202 0.0857637 0.00344019
0 0.276364 0.762369 0.0483475 0.0513896 0.00337455
0 0.298779 0.583724 0.597406 0.473626 0.00336392
0 0.619569 0.273498 0.546329 0.47322 0.00336109
0 0.941665 0.759722 0.115729 0.25353 0.00335483
0 0.651324 0.755802 0.174901 0.179881 0.00334955
0 0.511799 0.938927 0.506442 0.122146 0.00334333
0 0.472777 0.623885 0.0394993 0.057222 0.00332618
0 0.531273 0.823751 0.0858677 0.0841268 0.00331962
0 0.906818 0.297532 0.186221 0.569396 0.00331893
0 0.98405 0.465264 0.0291152 0.0482569 0.00329119
0 0.0681819 0.635968 0.135443 0.627153 0.00328698
0 0.767627 0.835324 0.449488 0.317091 0.0032799
0 0.845306 0.329014 0.172716 0.174518 0.00327844
0 0.472218 0.290169 0.282981 0.478745 0.00327056
0 0.944359 0.890574 0.111282 0.218851 0.00326993
0 0.345236 0.951268 0.556554 0.0974636 0.00324799
0 0.891408 0.325711 0.115175 0.157545 0.00324015
0 0.466886 0.730805 0.0448405 0.0615975 0.00323917
0 0.454432 0.484972 0.0701145 0.0988392 0.00321068
0 0.0855385 0.883547 0.171077 0.232906 0.0031305
0 0.472708 0.276757 0.0838739 0.0938011 0.00312762
0 0.597567 0.940847 0.427915 0.118306 0.00312722
0 0.954307 0.161771 0.0913857 0.323542 0.00312524
0 0.897888 0.952448 0.199198 0.0951036 0.00306666
0 0.350935 0.133938 0.430948 0.267876 0.00300924
0 0.535335 0.129495 0.398174 0.25899 0.00300808
0 0.0264911 0.109114 0.0519235 0.165186 0.00300425
2 0.122279 0.920644 0.228195 0.148922 0.00299222
0 0.462187 0.71844 0.0549385 0.0933537 0.0029859
0 0.812296 0.708355 0.0682218 0.0827875 0.0029824
0 0.423815 0.286486 0.737946 0.537672 0.00297597
0 0.723527 0.936614 0.454498 0.126773 0.00296661
0 0.204146 0.981887 0.177195 0.0362268 0.00295371
0 0.834121 0.945572 0.331758 0.108857 0.00295326
0 0.0766643 0.514704 0.153329 0.68523 0.00294161
0 0.192003 0.975343 0.0518049 0.0477479 0.00293919
0 0.748776 0.381203 0.0960865 0.112828 0.00291793
0 0.441711 0.12941 0.380279 0.258819 0.00290311
0 0.615582 0.159873 0.55128 0.302273 0.00290284
0 0.799335 0.696895 0.0401413 0.0606329 0.00289306
0 0.0864365 0.125211 0.172873 0.250421 0.00288827
0 0.125309 0.912839 0.231519 0.163803 0.00287244
0 0.638279 0.133635 0.443893 0.267269 0.00285009
0 0.940677 0.701855 0.117488 0.228139 0.00283892
0 0.379481 0.178413 0.566175 0.340821 0.0028339
0 0.557186 0.837957 0.0327872 0.048618 0.002828
0 0.799738 0.468822 0.218151 0.291001 0.00281734
0 0.448226 0.749197 0.24369 0.332454 0.00281366
0 0.0928464 0.401543 0.185693 0.796351 0.00280129
0 0.788175 0.339936 0.0461855 0.0401395 0.00280114
0 0.268708 0.594238 0.536597 0.673873 0.00278319
0 0.906125 0.150373 0.181896 0.300746 0.00278284
0 0.924612 0.84486 0.149662 0.29797 0.00274852
0 0.201975 0.572527 0.403949 0.774781 0.00274465
0 0.781545 0.3604 0.033048 0.0768022 0.00273085
0 0.149585 0.123596 0.279883 0.247193 0.00272287
0 0.104089 0.141395 0.208178 0.282789 0.00271694
0 0.0895367 0.204223 0.179073 0.408446 0.00270644
0 0.56002 0.832521 0.0289366 0.0540364 0.00269788
0 0.440589 0.383348 0.107732 0.129426 0.00267384
0 0.205439 0.127494 0.369418 0.254987 0.00266034
0 0.677741 0.211659 0.520092 0.418661 0.00265239
0 0.55628 0.470218 0.0730547 0.207234 0.00264323
2 0.444718 0.370488 0.13943 0.277466 0.00264097
0 0.732412 0.140777 0.384769 0.281555 0.00263563
0 0.643021 0.604937 0.19026 0.265248 0.00262615
0 0.423097 0.730417 0.146822 0.25497 0.00261466
0 0.957722 0.549463 0.0841323 0.339899 0.00260355
0 0.113335 0.859143 0.155203 0.163094 0.00257557
0 0.628151 0.568795 0.0357676 0.0676445 0.00257271
0 0.373153 0.660482 0.248762 0.286003 0.00256325
0 0.366892 0.238983 0.721464 0.428019 0.00255577
0 0.843751 0.148876 0.300885 0.297752 0.00255157
0 0.748049 0.355313 0.124827 0.200575 0.00251125
0 0.537416 0.533945 0.0600381 0.0862795 0.00249223
0 0.163955 0.47613 0.32791 0.95226 0.0024896
0 0.839534 0.227297 0.311954 0.452715 0.0024766
2 0.453452 0.475401 0.0722483 0.0888697 0.002476
0 0.117048 0.260379 0.233919 0.496131 0.00242787
0 0.773598 0.485017 0.178066 0.335813 0.00242588
0 0.130876 0.430024 0.261752 0.81452 0.00241826
0 0.775413 0.31171 0.0490992 0.099775 0.002406
0 0.432723 0.395991 0.144864 0.261532 0.00239193
0 0.216643 0.496169 0.427867 0.521524 0.00238959
0 0.12397 0.985252 0.193307 0.0294962 0.00236449
0 0.0490168 0.773618 0.0980336 0.408681 0.0023388
0 0.624091 0.610373 0.133713 0.14252 0.00233046
0 0.233669 0.14822 0.425087 0.273222 0.00231703
0 0.675981 0.39156 0.172504 0.14242 0.00231119
0 0.536637 0.440196 0.0880447 0.269163 0.00228858
0 0.686412 0.707925 0.109946 0.194696 0.00228843
0 0.298526 0.730421 0.0681978 0.116051 0.00228756
0 0.733755 0.518885 0.101354 0.330943 0.00228562
0 0.540199 0.827696 0.0669123 0.0751622 0.00226074
0 0.61736 0.563659 0.17537 0.155354 0.00223949
0 0.984878 0.476624 0.0299877 0.140132 0.0022362
0 0.190598 0.214211 0.365114 0.37154 0.00222407
0 0.269078 0.743791 0.0755957 0.0854639 0.00221653
0 0.183635 0.335421 0.364346 0.615631 0.00220507
0 0.738631 0.401008 0.0874496 0.102127 0.00220421
0 0.435095 0.678734 0.111631 0.112209 0.00220124
0 0.248571 0.316829 0.483096 0.483344 0.00219417
0 0.468845 0.815414 0.0397545 0.0500679 0.00217167
0 0.21934 0.403057 0.430638 0.480478 0.00216663
0 0.252153 0.709284 0.0436793 0.0807283 0.00209789
0 0.646888 0.65051 0.114497 0.168897 0.00208406
0 0.570008 0.839504 0.0463333 0.0466304 0.00208168
0 0.818873 0.313639 0.118824 0.13153 0.00206284
0 0.549071 0.823057 0.04876 0.0833381 0.00205608
0 0.289721 0.767711 0.0215992 0.0402915 0.00205499
1 0.115931 0.92327 0.220119 0.152187 0.00202897
2 0.215697 0.937829 0.154852 0.112571 0.00202287
0 0.0274778 0.126992 0.0549555 0.253985 0.00201164
0 0.409495 0.713444 0.0649305 0.160952 0.00200981
0 0.466663 0.823924 0.0449813 0.0576087 0.00200647
0 0.683592 0.745841 0.123728 0.208023 0.00199136
0 0.459107 0.601246 0.0737425 0.124082 0.00197613
0 0.0189491 0.680629 0.0375613 0.409378 0.00197228
0 0.605324 0.498138 0.168662 0.157811 0.00196837
0 0.713077 0.509668 0.0220457 0.0309166 0.0019605
0 0.436567 0.729479 0.108086 0.133911 0.00195478
0 0.679901 0.494034 0.165783 0.299154 0.00195389
2 0.0778587 0.811466 0.151898 0.199116 0.0019368
0 0.717885 0.396501 0.0466837 0.0834733 0.00192734
0 0.407427 0.726156 0.216827 0.241859 0.00192407
0 0.465089 0.840232 0.0560692 0.120245 0.00192095
0 0.27694 0.661575 0.118296 0.261921 0.00191956
0 0.905631 0.340205 0.147633 0.208438 0.00191369
0 0.466506 0.84071 0.0502543 0.0904427 0.00190514
0 0.814882 0.716864 0.0941219 0.149358 0.00189735
0 0.931604 0.660281 0.135682 0.359812 0.00188686
0 0.79552 0.351207 0.0611287 0.0625005 0.00188212
0 0.626664 0.575204 0.0423887 0.0815738 0.00186516
0 0.43119 0.422686 0.0880193 0.0533377 0.00186486
0 0.825651 0.33896 0.229692 0.2008 0.00185442
0 0.399194 0.712529 0.0449313 0.138219 0.00185071
0 0.079524 0.828923 0.126689 0.179863 0.00184524
0 0.460116 0.529322 0.0803095 0.137274 0.00183777
0 0.491623 0.789274 0.161801 0.239249 0.00182767
0 0.955972 0.615997 0.087862 0.399278 0.00182449
0 0.64111 0.727159 0.209128 0.26286 0.00182107
0 0.426343 0.458112 0.158511 0.343281 0.00181378
0 0.214748 0.954602 0.175759 0.0887707 0.00181169
0 0.503842 0.833258 0.141519 0.15032 0.00180157
0 0.704919 0.527248 0.0921254 0.301618 0.00179457
