1 0.533251 0.540979 0.641079 0.827885 0.842387
0 0.934071 0.806077 0.129979 0.200757 0.587071
2 0.032075 0.072218 0.0641501 0.144436 0.0717969
2 0.542135 0.528719 0.623401 0.804876 0.0582015
2 0.0325395 0.178433 0.0649461 0.356866 0.0436119
1 0.442266 0.57244 0.43993 0.759578 0.040537
0 0.031091 0.0691476 0.0614981 0.138295 0.0359467
1 0.542069 0.633898 0.607632 0.604209 0.0344484
0 0.848668 0.970054 0.0420696 0.0533923 0.0298994
0 0.0325615 0.134434 0.065123 0.268867 0.0248619
1 0.033861 0.425661 0.067722 0.851323 0.0185985
1 0.030868 0.256997 0.061736 0.513995 0.0180908
0 0.0346346 0.233546 0.0692476 0.467092 0.0161578
0 0.852532 0.709524 0.294515 0.40771 0.0153767
2 0.0457465 0.0697706 0.091493 0.139541 0.0146949
0 0.847764 0.764039 0.303631 0.290607 0.0144449
0 0.934332 0.851594 0.131337 0.296811 0.0137829
1 0.260292 0.489422 0.518957 0.978845 0.0134714
0 0.929613 0.726149 0.140774 0.387823 0.0129501
1 0.508924 0.428932 0.568654 0.584517 0.0127416
1 0.0303938 0.0676418 0.0607875 0.135284 0.00896724
1 0.0589922 0.478734 0.117984 0.957468 0.00879983
1 0.0425191 0.250182 0.0849309 0.500365 0.00778288
1 0.121808 0.327211 0.243527 0.654421 0.00755289
0 0.797332 0.700297 0.405336 0.42969 0.0071874
2 0.579749 0.245583 0.197095 0.216387 0.00702982
2 0.0667254 0.138998 0.133451 0.276262 0.00686692
1 0.311648 0.570971 0.526655 0.757978 0.00631061
1 0.0860987 0.263434 0.172197 0.526867 0.00628399
0 0.941532 0.627698 0.116937 0.642546 0.00595072
0 0.867891 0.84145 0.264218 0.295653 0.00567843
1 0.398306 0.477073 0.353509 0.541343 0.00557121
1 0.0320579 0.177152 0.0641159 0.354304 0.00553126
1 0.362153 0.566355 0.719172 0.803203 0.00540058
2 0.638516 0.492195 0.445219 0.742245 0.00534153
1 0.508891 0.316348 0.623564 0.396977 0.0052396
2 0.0813549 0.101395 0.16271 0.202789 0.00515798
0 0.956903 0.542395 0.0861933 0.781448 0.0049869
0 0.858049 0.611015 0.283901 0.634189 0.00478757
1 0.417341 0.751172 0.276075 0.376706 0.00474528
2 0.60461 0.605126 0.504042 0.397013 0.00468347
1 0.273158 0.251909 0.546317 0.49631 0.00458357
2 0.64049 0.569414 0.712844 0.532997 0.00438535
1 0.369371 0.545651 0.343282 0.675342 0.0043644
1 0.54448 0.721901 0.663349 0.477048 0.0042297
0 0.615721 0.510307 0.508297 0.780962 0.00421112
0 0.643871 0.47758 0.700207 0.95516 0.00420774
0 0.792138 0.823896 0.414672 0.335102 0.00415703
0 0.91615 0.494617 0.167606 0.922646 0.00411264
1 0.0766296 0.0689927 0.149751 0.133987 0.00405538
0 0.0131102 0.0803879 0.0262204 0.146877 0.00401809
2 0.555452 0.634803 0.604157 0.485525 0.00398829
2 0.794066 0.488203 0.411868 0.886274 0.00390264
2 0.602995 0.382766 0.500239 0.4931 0.00388871
0 0.664668 0.732805 0.665156 0.425897 0.00387588
1 0.0828972 0.17841 0.160375 0.356819 0.00381447
0 0.536679 0.744811 0.658617 0.424135 0.00377819
0 0.452588 0.704628 0.457793 0.485706 0.00370245
2 0.615752 0.422235 0.755019 0.84447 0.00367045
2 0.059053 0.101671 0.118106 0.203341 0.00365308
0 0.663501 0.631588 0.668157 0.532296 0.00365138
1 0.414996 0.393304 0.430771 0.389975 0.00363963
2 0.634167 0.694673 0.727637 0.567636 0.00363795
1 0.472236 0.232061 0.853961 0.417176 0.00359098
2 0.818602 0.563336 0.362795 0.700892 0.00356928
1 0.373578 0.353845 0.74299 0.674325 0.00353059
2 0.671466 0.514115 0.657069 0.802442 0.00352585
0 0.874526 0.914489 0.250948 0.171023 0.00352463
0 0.773349 0.89699 0.453301 0.20602 0.00352072
1 0.0556934 0.287598 0.111257 0.575196 0.00344101
2 0.584283 0.315852 0.814426 0.605856 0.00343463
0 0.794806 0.480517 0.410389 0.961034 0.00338637
2 0.468655 0.164219 0.893443 0.304335 0.00334104
0 0.960876 0.387372 0.0782476 0.719537 0.00332329
2 0.463819 0.324708 0.700767 0.374022 0.00323532
1 0.113597 0.173261 0.227195 0.34283 0.00322104
0 0.888283 0.96299 0.140519 0.0740201 0.00318146
2 0.488009 0.224769 0.87598 0.394103 0.00315697
0 0.858189 0.96994 0.193071 0.0601198 0.00315501
0 0.0241793 0.326114 0.0483586 0.652228 0.00315148
2 0.613142 0.146421 0.716733 0.292841 0.00312361
0 0.541497 0.320421 0.667255 0.467426 0.00312285
2 0.642355 0.82456 0.709811 0.335163 0.003051
0 0.953766 0.151178 0.0924687 0.302357 0.00303971
0 0.3667 0.690646 0.340475 0.517568 0.00301861
1 0.556439 0.837613 0.825866 0.297379 0.00297931
1 0.449762 0.170123 0.857808 0.324105 0.00297682
0 0.683185 0.834278 0.628 0.315471 0.0029644
2 0.365897 0.450538 0.294796 0.48759 0.00294324
0 0.905191 0.942256 0.185659 0.115489 0.00293648
0 0.955253 0.231305 0.0894944 0.46261 0.00291653
2 0.629456 0.926942 0.729215 0.146117 0.0028869
1 0.391678 0.292812 0.75846 0.472194 0.00288525
2 0.356336 0.386714 0.397411 0.40481 0.00282546
1 0.22835 0.596001 0.453987 0.794785 0.00281293
2 0.468701 0.137117 0.753648 0.274234 0.0028102
0 0.556995 0.218553 0.858016 0.403851 0.0027835
2 0.289249 0.452721 0.564697 0.650475 0.00278189
0 0.676121 0.906684 0.641215 0.186632 0.00278108
2 0.573452 0.945821 0.795146 0.108358 0.00277601
0 0.527349 0.107159 0.82588 0.214319 0.0027526
2 0.377557 0.284268 0.74398 0.492944 0.00273879
1 0.287902 0.727192 0.57377 0.519887 0.00272977
2 0.0763407 0.0670689 0.152681 0.133533 0.0027223
0 0.531786 0.842269 0.822931 0.283323 0.0027099
0 0.886999 0.0980881 0.220582 0.196176 0.00270104
2 0.901165 0.945854 0.166072 0.10103 0.00269474
0 0.515987 0.181024 0.846431 0.2635 0.0026857
0 0.38233 0.762417 0.372251 0.372507 0.00266004
0 0.814842 0.969236 0.153497 0.061528 0.0026542
0 0.0637662 0.558167 0.127532 0.828383 0.00264403
2 0.311716 0.369316 0.171686 0.325049 0.00264076
0 0.280032 0.760718 0.54071 0.393127 0.00262138
2 0.873983 0.953035 0.0918747 0.0872632 0.00261946
0 0.5616 0.1379 0.875964 0.256625 0.00260824
0 0.817631 0.416462 0.364582 0.779925 0.00260109
0 0.517917 0.959451 0.851133 0.0810972 0.00258429
0 0.0723093 0.820061 0.144619 0.359877 0.00255015
0 0.956571 0.668783 0.0868577 0.601964 0.00253094
0 0.111898 0.13891 0.213432 0.27782 0.00252326
0 0.254138 0.956582 0.485249 0.0868351 0.00244691
0 0.916252 0.273001 0.165774 0.525492 0.00244359
1 0.266874 0.147189 0.523316 0.283142 0.00244343
2 0.739507 0.14151 0.510296 0.28302 0.00243618
0 0.178057 0.578214 0.356114 0.830005 0.00242187
1 0.366862 0.130886 0.701775 0.261771 0.00240117
0 0.0578498 0.769768 0.1157 0.460465 0.00239477
2 0.663927 0.268208 0.661185 0.523102 0.00239306
0 0.826902 0.10785 0.333648 0.215701 0.00238708
0 0.899142 0.876431 0.201716 0.247137 0.00237133
1 0.499033 0.271307 0.407729 0.266685 0.00235661
0 0.893783 0.217527 0.20616 0.430308 0.00234537
0 0.294692 0.96362 0.579009 0.0727607 0.00233911
2 0.36906 0.970659 0.627075 0.0586812 0.00232252
0 0.053775 0.6636 0.10755 0.634218 0.0022783
0 0.171456 0.946529 0.331546 0.106943 0.00227279
0 0.294845 0.818498 0.587473 0.305704 0.00226843
0 0.69103 0.599529 0.322756 0.414417 0.00223646
0 0.835303 0.239685 0.324544 0.464189 0.00218611
1 0.541779 0.253426 0.279959 0.22848 0.00216067
0 0.109935 0.948603 0.21987 0.102793 0.00215926
1 0.591463 0.578871 0.496318 0.452926 0.00215058
0 0.208894 0.842493 0.408356 0.284363 0.00214919
2 0.0305114 0.0497977 0.0610229 0.0995955 0.00213496
0 0.218868 0.117254 0.424046 0.234508 0.00212767
0 0.204901 0.770154 0.406972 0.441484 0.00211837
1 0.313124 0.376124 0.177105 0.334361 0.00208916
0 0.579854 0.227412 0.196971 0.176367 0.00206661
0 0.147427 0.695626 0.294578 0.594259 0.00204897
1 0.516222 0.69603 0.458585 0.461405 0.00204705
1 0.36812 0.427017 0.281586 0.456869 0.00193064
0 0.124779 0.81216 0.247759 0.362049 0.0019018
0 0.0214717 0.760139 0.0424555 0.479723 0.00190132
0 0.548696 0.251828 0.261801 0.225687 0.00187522
0 0.866373 0.805701 0.267254 0.210921 0.00186763
0 0.884057 0.96754 0.229191 0.0649199 0.00183277
1 0.545667 0.630989 0.512018 0.482304 0.00180416
1 0.48276 0.751554 0.44299 0.342276 0.00175835
0 0.0276302 0.607445 0.0552604 0.692074 0.00175624
1 0.415192 0.799356 0.267039 0.265875 0.0017329
2 0.103093 0.0744906 0.206185 0.137108 0.00170534
0 0.0252179 0.715224 0.0503165 0.569552 0.00170271
1 0.657025 0.594201 0.357297 0.432797 0.00166821
0 0.0635333 0.316289 0.126768 0.632577 0.00160912
1 0.453909 0.783687 0.306029 0.290148 0.00158996
0 0.896761 0.971131 0.206479 0.057737 0.00158805
1 0.513596 0.328184 0.431253 0.401576 0.00157013
0 0.0250621 0.450465 0.0501243 0.719741 0.00152345
0 0.320646 0.386705 0.186365 0.356969 0.00150047
0 0.544845 0.381428 0.38683 0.534206 0.00148945
2 0.871814 0.892861 0.256373 0.205445 0.00148905
0 0.0108858 0.114221 0.0215536 0.203736 0.00143187
0 0.818586 0.961816 0.108106 0.0763684 0.00141637
2 0.0881069 0.0791526 0.176214 0.158305 0.0014151
1 0.102972 0.055654 0.205944 0.105293 0.00138111
0 0.0277337 0.814245 0.0551561 0.365219 0.00134574
0 0.412808 0.795384 0.25914 0.292621 0.00134151
0 0.776967 0.969839 0.241878 0.0603221 0.00129737
1 0.57906 0.633667 0.369742 0.440011 0.00127248
0 0.959147 0.627713 0.0813743 0.416256 0.00126216
1 0.533732 0.533532 0.543475 0.265265 0.00123545
1 0.532221 0.454412 0.526985 0.272546 0.00123313
0 0.813181 0.858457 0.373637 0.277985 0.00123254
2 0.141993 0.0751518 0.283986 0.134523 0.00122223
0 0.31043 0.281602 0.160956 0.146524 0.00121517
1 0.628512 0.610552 0.258129 0.395909 0.00121015
1 0.493474 0.293548 0.5198 0.309249 0.00120971
1 0.573329 0.388983 0.414017 0.646062 0.00120467
0 0.961823 0.530087 0.0763535 0.618112 0.00120389
1 0.57974 0.493892 0.485234 0.547367 0.00120365
1 0.57449 0.35756 0.367024 0.468042 0.00118275
2 0.108781 0.147064 0.217562 0.28498 0.00117975
1 0.529646 0.720928 0.324173 0.402712 0.00115623
0 0.0513196 0.823543 0.102374 0.348036 0.0011556
1 0.0659444 0.72129 0.131474 0.55742 0.00114445
1 0.0670113 0.354615 0.133773 0.70923 0.00109968
0 0.829678 0.808747 0.340645 0.229319 0.0010964
2 0.221687 0.0860333 0.443374 0.156734 0.00108968
2 0.900324 0.97232 0.199353 0.0553592 0.0010877
2 0.344287 0.84616 0.115419 0.176541 0.00108482
1 0.0680717 0.54569 0.135902 0.61631 0.00108226
0 0.0382587 0.0428361 0.0465982 0.0851578 0.00108123
0 0.519285 0.0447192 0.234791 0.0833882 0.00107536
0 0.0298713 0.0969585 0.0597426 0.188066 0.00107175
2 0.828576 0.947499 0.161521 0.0998404 0.00106769
2 0.206424 0.917755 0.412848 0.147162 0.00104992
1 0.358284 0.0410026 0.160047 0.0819735 0.00104952
1 0.52742 0.38347 0.493558 0.427111 0.00104895
2 0.337707 0.997499 0.307057 0.00500275 0.00104677
2 0.109543 0.994863 0.219086 0.0102735 0.00104557
0 0.404029 0.717474 0.257866 0.494964 0.00104141
1 0.389252 0.0401204 0.183438 0.0801175 0.00103683
0 0.520562 0.0734586 0.252663 0.134324 0.00103618
0 0.349796 0.627588 0.238314 0.519631 0.00102059
2 0.421941 0.899272 0.401972 0.167629 0.00101334
0 0.498596 0.522303 0.538346 0.234496 0.00101144
0 0.155174 0.937604 0.310347 0.111686 0.00101122
1 0.480559 0.00215786 0.296525 0.00431572 0.00101035
0 0.338919 0.858095 0.107055 0.146799 0.00100953
0 0.551059 0.0859592 0.269734 0.162075 0.00100857
0 0.347031 0.793534 0.122101 0.284727 0.00100294
1 0.120255 0.00595403 0.24051 0.0119081 0.00100231
1 0.791144 0.927114 0.408872 0.136797 0.00100152
1 0.483654 0.035507 0.223501 0.0690817 0.000998409
0 0.707363 0.70672 0.329123 0.185778 0.000997519
1 0.418707 0.00311818 0.255335 0.00623636 0.000995964
0 0.400989 0.838996 0.25649 0.193922 0.000995195
0 0.112452 0.936973 0.21673 0.109124 0.000994361
1 0.402934 0.660375 0.267495 0.561798 0.000993429
1 0.519596 0.00194735 0.3317 0.0038947 0.000992641
2 0.15481 0.142579 0.309619 0.272218 0.00098737
1 0.17064 0.00212991 0.307741 0.00425983 0.00098402
1 0.353737 0.00180509 0.231338 0.00361018 0.000981202
0 0.565871 0.0573219 0.221031 0.108827 0.000980562
2 0.339768 0.0700641 0.181786 0.133249 0.000980044
0 0.70057 0.865249 0.253107 0.269502 0.000977112
0 0.95894 0.419729 0.0816108 0.301287 0.000975387
2 0.143956 0.994079 0.287912 0.0118422 0.000972591
0 0.483858 0.855886 0.40045 0.273739 0.000967047
2 0.381868 0.0614771 0.214729 0.116026 0.000966554
1 0.711127 0.954379 0.374497 0.0912419 0.000965973
1 0.441737 0.0359418 0.189715 0.0718836 0.00096591
0 0.406699 0.863924 0.320191 0.200551 0.000963168
0 0.100168 0.923212 0.200336 0.137297 0.000962352
0 0.497639 0.483226 0.527601 0.198266 0.000961877
0 0.439581 0.863131 0.355972 0.23975 0.000961089
0 0.598985 0.868134 0.369903 0.2581 0.000958939
0 0.77755 0.738854 0.444901 0.314164 0.000956499
0 0.481624 0.251804 0.410748 0.220962 0.000951272
0 0.392781 0.873124 0.354554 0.145844 0.000947412
0 0.950881 0.106279 0.0982375 0.212557 0.000945148
2 0.229036 0.132118 0.458072 0.252107 0.000943436
1 0.157225 0.0539428 0.239052 0.10085 0.000943388
0 0.858189 0.974776 0.0740988 0.0504482 0.000942799
2 0.179235 0.0706233 0.269195 0.131 0.00094121
2 0.0797499 0.993654 0.1595 0.0126916 0.000941016
1 0.212719 0.884762 0.425437 0.217167 0.000939458
0 0.411775 0.933745 0.403098 0.116337 0.00093315
0 0.0235796 0.76795 0.0470601 0.343714 0.000930226
2 0.162672 0.910838 0.261442 0.159591 0.000928777
1 0.31912 0.0382344 0.188843 0.0732273 0.00092704
0 0.565527 0.0934595 0.381369 0.17852 0.000926106
0 0.0652176 0.905976 0.130435 0.169654 0.000922307
0 0.673129 0.719276 0.37348 0.152102 0.000921978
0 0.944283 0.110604 0.111434 0.221208 0.000918571
2 0.376082 0.931413 0.42828 0.127186 0.000917474
2 0.358818 0.0788212 0.230862 0.148621 0.00091483
0 0.233012 0.884267 0.407248 0.226395 0.000905994
0 0.718115 0.83346 0.346408 0.333079 0.00090533
0 0.364354 0.927451 0.460743 0.138852 0.000903745
0 0.407711 0.995739 0.337949 0.00852271 0.000902754
1 0.580193 0.00241668 0.334858 0.00483335 0.000900738
0 0.92132 0.902894 0.157361 0.194211 0.000900001
0 0.378022 0.567925 0.297572 0.471634 0.00089999
2 0.749223 0.991494 0.347087 0.0170118 0.000898618
2 0.310681 0.280126 0.16278 0.144387 0.000898164
2 0.580434 0.909524 0.427015 0.162652 0.000897572
2 0.478613 0.0758042 0.473752 0.146794 0.000893617
1 0.289558 0.0424404 0.183018 0.0807346 0.00089351
0 0.620135 0.390255 0.353613 0.537495 0.00089292
2 0.707966 0.995644 0.361874 0.0087121 0.000892089
1 0.474525 0.366274 0.550304 0.274816 0.000891457
0 0.956776 0.243442 0.0861237 0.338759 0.000889273
2 0.126878 0.908855 0.182351 0.161331 0.000889231
0 0.706484 0.331109 0.366894 0.265602 0.000887057
2 0.499415 0.888031 0.471656 0.204754 0.000886216
0 0.64846 0.214239 0.323287 0.29264 0.000886053
2 0.27431 0.996775 0.339165 0.00645056 0.000885057
1 0.240278 0.00209432 0.375793 0.00418864 0.000882722
0 0.618091 0.239722 0.243353 0.23416 0.000882295
2 0.760246 0.900119 0.467927 0.190469 0.000882151
2 0.313083 0.31606 0.167323 0.220237 0.000881151
2 0.957937 0.375245 0.0837307 0.350733 0.000881041
0 0.237341 0.147827 0.474682 0.263409 0.000880604
0 0.500112 0.426547 0.495598 0.287468 0.000880306
0 0.180608 0.162119 0.361216 0.295685 0.000879729
2 0.466833 0.99435 0.337383 0.011299 0.000879474
0 0.148244 0.885406 0.289416 0.212008 0.00087912
0 0.495085 0.994295 0.33531 0.0114102 0.000879022
2 0.726493 0.909648 0.245524 0.164253 0.000878963
