2 0.443002 0.509922 0.518035 0.810588 0.980203
2 0.435134 0.618811 0.505777 0.544625 0.0330123
2 0.517318 0.485857 0.36776 0.721825 0.0181854
2 0.573954 0.493091 0.797508 0.905857 0.0148923
2 0.374185 0.276567 0.627789 0.318777 0.0132102
2 0.449244 0.690356 0.494439 0.384258 0.00652262
2 0.355609 0.199885 0.668771 0.166092 0.00621691
2 0.490019 0.242 0.883562 0.267477 0.00588182
2 0.700443 0.488317 0.593275 0.95681 0.00562014
2 0.54419 0.369641 0.91162 0.547813 0.00518923
2 0.498289 0.174176 0.928329 0.168486 0.00498501
0 0.951829 0.531737 0.0963416 0.814414 0.00475035
2 0.435048 0.742207 0.65818 0.37532 0.00467725
2 0.954515 0.557188 0.0909701 0.789166 0.00458074
2 0.0649862 0.465563 0.129972 0.931126 0.00438025
1 0.062598 0.504066 0.125196 0.870008 0.00431593
0 0.920463 0.530294 0.157916 0.890497 0.00430167
2 0.430711 0.102233 0.791202 0.175452 0.00429069
2 0.3958 0.368801 0.596026 0.49821 0.00409582
2 0.381624 0.660931 0.446553 0.461683 0.00406784
2 0.433823 0.660163 0.619649 0.358804 0.00386419
2 0.535584 0.84603 0.813239 0.27877 0.00383627
2 0.854533 0.487374 0.290934 0.974748 0.00382555
2 0.399951 0.478075 0.778066 0.865422 0.00380724
2 0.547384 0.512192 0.740732 0.659902 0.00376329
2 0.440925 0.0799894 0.678744 0.159979 0.00372888
2 0.354106 0.530722 0.66498 0.563789 0.0036528
0 0.191081 0.479251 0.380141 0.958502 0.00344919
2 0.554938 0.762837 0.792853 0.408649 0.00339616
2 0.175906 0.479613 0.350829 0.959226 0.00339265
2 0.384051 0.155689 0.763972 0.211978 0.00338651
2 0.55414 0.134306 0.878238 0.222371 0.00334759
0 0.953255 0.309609 0.093491 0.614514 0.00330004
2 0.600303 0.298627 0.790167 0.572772 0.00329611
2 0.514723 0.952124 0.771633 0.0957516 0.00326067
0 0.950533 0.157761 0.0989346 0.315522 0.00323921
0 0.876929 0.49215 0.246141 0.914575 0.00321217
2 0.284513 0.483478 0.564603 0.944442 0.00320686
0 0.941932 0.248789 0.116135 0.497577 0.00320463
0 0.0976561 0.465233 0.195312 0.930467 0.00317008
2 0.93263 0.566637 0.133985 0.808416 0.0031388
2 0.53346 0.0901672 0.82909 0.159521 0.00311289
2 0.956648 0.682329 0.0865868 0.579986 0.00307187
2 0.334708 0.629813 0.609542 0.519676 0.00306664
2 0.525536 0.0669068 0.683752 0.133814 0.00306648
2 0.430978 0.958571 0.757087 0.0828584 0.00296532
2 0.399616 0.460225 0.749028 0.624408 0.00293282
1 0.4022 0.514043 0.36552 0.677819 0.00292557
0 0.892347 0.0850497 0.211426 0.170099 0.00292531
2 0.448803 0.893432 0.712894 0.194887 0.00289243
0 0.467757 0.0916851 0.741277 0.18337 0.00288577
1 0.159888 0.516602 0.319161 0.910882 0.00288074
2 0.538806 0.640162 0.780245 0.392039 0.00285751
0 0.075793 0.0971055 0.151586 0.194211 0.00284779
0 0.568802 0.0701628 0.701381 0.140326 0.00284385
2 0.394631 0.121131 0.730177 0.242262 0.00278833
0 0.918702 0.285192 0.160941 0.559152 0.0027593
2 0.357452 0.244452 0.158774 0.256627 0.00274524
0 0.827851 0.455346 0.344298 0.884628 0.00272549
2 0.617125 0.0756233 0.71317 0.151247 0.00272415
2 0.405782 0.756699 0.5384 0.275261 0.00265302
0 0.0766161 0.157091 0.153232 0.314181 0.00262523
0 0.901088 0.18256 0.192926 0.357782 0.00261867
0 0.339234 0.95744 0.678467 0.0851205 0.00255668
0 0.953738 0.886457 0.0925234 0.227086 0.00255395
0 0.0706596 0.825931 0.141319 0.348138 0.00253783
0 0.102672 0.129172 0.205344 0.258344 0.00253272
2 0.398621 0.296996 0.783069 0.443348 0.0025297
0 0.0876985 0.227859 0.175397 0.455719 0.00252949
0 0.395584 0.531119 0.413389 0.561889 0.00252898
0 0.8161 0.0685168 0.359558 0.137034 0.00249753
0 0.317181 0.111045 0.612511 0.222089 0.00249236
2 0.0723335 0.609049 0.144559 0.704532 0.00248443
2 0.377277 0.62931 0.7441 0.618519 0.00248351
2 0.365203 0.773796 0.726963 0.308029 0.00246654
0 0.958225 0.762787 0.0835501 0.452365 0.00245327
0 0.815596 0.260909 0.366714 0.510277 0.00243863
2 0.40469 0.921237 0.701966 0.157526 0.0024217
2 0.349647 0.698432 0.692291 0.459205 0.00241825
0 0.0690931 0.658266 0.138179 0.642614 0.00241057
0 0.180119 0.101194 0.332549 0.202388 0.00240435
0 0.958585 0.826224 0.0814115 0.32518 0.00239705
0 0.0532461 0.767874 0.106492 0.464253 0.00237379
2 0.591773 0.669076 0.771886 0.510529 0.00235061
0 0.211595 0.960868 0.409574 0.0782639 0.00232023
2 0.61899 0.613439 0.748189 0.699233 0.00231608
2 0.545464 0.351595 0.218915 0.285384 0.00228521
0 0.105963 0.182191 0.211927 0.364382 0.00225463
0 0.159814 0.952959 0.308479 0.094082 0.0022406
0 0.267778 0.445406 0.531259 0.832442 0.00223381
0 0.498817 0.361671 0.319363 0.297878 0.00221953
0 0.368606 0.545928 0.386014 0.414527 0.00221338
0 0.0265956 0.701353 0.0530172 0.597294 0.00221145
2 0.615421 0.945925 0.697745 0.108149 0.00219952
0 0.11695 0.272249 0.233899 0.528211 0.00218308
2 0.118513 0.0830568 0.236274 0.160415 0.00215893
2 0.486186 0.354929 0.346481 0.296057 0.00215148
0 0.811108 0.150296 0.367528 0.295537 0.00214336
0 0.115123 0.952569 0.230246 0.0948619 0.00213852
2 0.812895 0.534134 0.37245 0.819759 0.00208929
0 0.330023 0.903549 0.650761 0.175404 0.00208824
0 0.142233 0.22873 0.281757 0.420544 0.00204309
0 0.355473 0.159826 0.702536 0.256356 0.00204111
2 0.928438 0.694548 0.141308 0.526118 0.00203103
0 0.883709 0.962458 0.221653 0.0750845 0.00200111
0 0.344931 0.580925 0.337686 0.263404 0.00193903
0 0.226011 0.898647 0.442829 0.183485 0.00192837
0 0.14611 0.684247 0.29182 0.619765 0.0019117
0 0.652944 0.947379 0.653996 0.105242 0.00187581
0 0.755622 0.959758 0.469391 0.0804832 0.00186995
0 0.222406 0.781899 0.439919 0.423148 0.00183698
0 0.131326 0.814719 0.261077 0.370563 0.00183582
0 0.910702 0.754999 0.175038 0.445771 0.0017916
2 0.788738 0.690625 0.411996 0.546751 0.00178756
0 0.91866 0.856583 0.156173 0.255372 0.00177602
0 0.543326 0.682643 0.290043 0.338506 0.00176385
2 0.230986 0.637344 0.458298 0.691908 0.00172568
0 0.63058 0.819319 0.708663 0.327784 0.00171244
0 0.300222 0.572977 0.238871 0.242157 0.00168933
1 0.0302577 0.597525 0.0605154 0.731737 0.00166298
0 0.0206651 0.291557 0.0411913 0.583115 0.00166146
0 0.925513 0.283853 0.148975 0.249249 0.00165366
0 0.420173 0.189495 0.325394 0.153602 0.00164568
0 0.911581 0.311911 0.176839 0.29931 0.0016264
0 0.767224 0.741401 0.451156 0.470293 0.00162547
0 0.387186 0.438071 0.410291 0.56881 0.00160199
2 0.922947 0.300972 0.152104 0.279694 0.0015964
0 0.536779 0.0581268 0.309244 0.116254 0.00159129
0 0.655757 0.752728 0.677933 0.453299 0.00159026
1 0.455766 0.46569 0.401386 0.586625 0.00159
0 0.250999 0.598746 0.124579 0.162438 0.00158512
0 0.0219038 0.382137 0.0436697 0.674448 0.00155815
0 0.75297 0.835098 0.448617 0.293964 0.00155568
0 0.325664 0.0855411 0.203009 0.161737 0.00154881
0 0.856593 0.103851 0.286814 0.207702 0.00154212
1 0.512161 0.496682 0.260913 0.73205 0.00152915
0 0.456473 0.174388 0.428888 0.148855 0.00152694
1 0.397115 0.641036 0.281971 0.509322 0.00151263
0 0.121233 0.130711 0.242466 0.198843 0.00150488
0 0.571735 0.0371829 0.226958 0.0743659 0.00148467
0 0.503689 0.606507 0.344611 0.512646 0.00147455
0 0.925374 0.0880685 0.144958 0.176137 0.00146882
0 0.369088 0.213196 0.185282 0.19253 0.00144863
0 0.526562 0.110524 0.53294 0.207044 0.00141079
0 0.534762 0.158363 0.519352 0.208297 0.00140582
0 0.0230815 0.526629 0.0460965 0.602944 0.00139497
0 0.165394 0.029144 0.140188 0.0582879 0.00136858
0 0.434643 0.115542 0.358663 0.200191 0.00135384
2 0.415085 0.244764 0.301254 0.248142 0.00133592
0 0.354352 0.628829 0.358509 0.374248 0.00132857
0 0.414235 0.695808 0.217596 0.397785 0.00132201
0 0.382957 0.169163 0.208422 0.199435 0.00130721
0 0.0515968 0.900416 0.102977 0.199168 0.00130076
0 0.0526101 0.854935 0.104772 0.284061 0.00130053
0 0.471931 0.391895 0.39186 0.377414 0.00129862
1 0.475373 0.57338 0.326724 0.606226 0.00129785
0 0.369825 0.0927505 0.329153 0.178794 0.00129225
0 0.58629 0.052754 0.218372 0.105508 0.00128346
0 0.109956 0.935948 0.196872 0.12142 0.00128274
0 0.824179 0.0475579 0.291425 0.0938823 0.00127617
0 0.427385 0.744405 0.198174 0.30121 0.00126655
0 0.947768 0.11235 0.104463 0.2247 0.00126133
0 0.126672 0.0337417 0.194931 0.0674833 0.00124704
0 0.304836 0.629247 0.245025 0.314694 0.00124703
0 0.355158 0.200852 0.150696 0.162891 0.00124633
0 0.329 0.0581666 0.2067 0.110862 0.00124294
0 0.529213 0.193399 0.470499 0.194911 0.001233
0 0.454206 0.0976444 0.476101 0.187439 0.00122754
2 0.0201181 0.109053 0.0402361 0.218107 0.00122318
0 0.0580716 0.93058 0.115561 0.135588 0.00121814
0 0.310387 0.725129 0.253855 0.338651 0.00121382
0 0.517446 0.0736094 0.42166 0.1458 0.0012093
0 0.122036 0.0805729 0.222398 0.158751 0.0012088
2 0.109974 0.909913 0.190981 0.168317 0.0012051
0 0.486629 0.437729 0.345462 0.497258 0.00119906
0 0.422866 0.240325 0.319963 0.24606 0.00119612
2 0.956076 0.801338 0.0878473 0.395492 0.00118982
0 0.335893 0.402861 0.319121 0.561285 0.00118826
2 0.112934 0.0471997 0.215873 0.0943995 0.00118663
0 0.225701 0.595487 0.192607 0.194082 0.00118633
1 0.553044 0.50864 0.231394 0.739243 0.00117498
0 0.384784 0.791872 0.267808 0.200505 0.00117137
2 0.400165 0.285012 0.29816 0.321908 0.00116558
0 0.552604 0.792226 0.320475 0.290294 0.00115965
0 0.0207964 0.178599 0.0415928 0.357197 0.00115313
1 0.466208 0.398798 0.436765 0.399571 0.00115205
0 0.304683 0.0669964 0.159283 0.124413 0.00114554
0 0.362122 0.0394516 0.278482 0.0761029 0.00114427
1 0.0689272 0.702055 0.137525 0.595889 0.00114341
0 0.79832 0.0384812 0.325757 0.0765957 0.00113924
2 0.59286 0.0401558 0.20282 0.0803116 0.00113766
0 0.111231 0.893986 0.216501 0.196855 0.00113608
0 0.362475 0.804074 0.140168 0.164191 0.00113592
0 0.150141 0.941305 0.300282 0.113668 0.00113549
2 0.122505 0.128752 0.238502 0.182757 0.00113419
0 0.281917 0.874725 0.409698 0.234654 0.00113169
0 0.397723 0.848999 0.337888 0.290718 0.00112662
2 0.956662 0.894738 0.0864743 0.201141 0.00111691
0 0.0633393 0.721991 0.1264 0.556018 0.00111525
0 0.27339 0.576066 0.171647 0.233135 0.00111296
2 0.175152 0.922412 0.298537 0.143645 0.00111278
0 0.638233 0.0625969 0.35198 0.122289 0.00110927
2 0.159409 0.993714 0.318819 0.0125718 0.00110755
0 0.506918 0.288557 0.305356 0.17037 0.00110728
0 0.877529 0.217595 0.244942 0.43519 0.00110522
0 0.499554 0.221887 0.387884 0.203241 0.00110451
0 0.9588 0.422429 0.0823992 0.70519 0.00110388
0 0.359133 0.683506 0.273495 0.430574 0.00110259
0 0.548579 0.835331 0.388859 0.318834 0.00109269
1 0.604384 0.0388546 0.264319 0.0777092 0.00109177
2 0.116609 0.991145 0.233218 0.0177107 0.00108918
1 0.637877 0.00331575 0.374377 0.0066315 0.00108797
0 0.196039 0.942836 0.392079 0.106355 0.00108721
0 0.481595 0.755528 0.399104 0.197604 0.0010858
0 0.27753 0.819452 0.248451 0.135997 0.00108438
0 0.345554 0.295847 0.257304 0.345678 0.00106977
0 0.326284 0.820028 0.160755 0.132553 0.00106913
0 0.185992 0.0361877 0.223554 0.0706435 0.00106897
0 0.292517 0.0536457 0.160381 0.100315 0.00105936
1 0.708264 0.00296963 0.398888 0.00593926 0.00105925
0 0.379456 0.785774 0.156401 0.201972 0.00105548
0 0.547226 0.747054 0.314571 0.195323 0.00105547
0 0.927038 0.243256 0.144502 0.424416 0.0010551
0 0.509156 0.473837 0.302378 0.639307 0.0010545
1 0.564651 0.00283184 0.323476 0.00566369 0.00105286
0 0.439674 0.715433 0.241903 0.310399 0.00105283
0 0.41112 0.0713282 0.403457 0.139804 0.0010517
0 0.164158 0.886311 0.328316 0.21103 0.00104949
1 0.486003 0.0374648 0.286659 0.0749295 0.00104726
1 0.659818 0.0382981 0.317486 0.0765963 0.00104668
2 0.191666 0.995759 0.344706 0.00848151 0.00104489
0 0.85733 0.330723 0.222665 0.339578 0.0010445
0 0.171653 0.835068 0.343306 0.327343 0.00104391
0 0.399181 0.938073 0.494204 0.118951 0.00104107
2 0.207662 0.917444 0.415325 0.154958 0.00103822
0 0.497526 0.670162 0.361096 0.368299 0.00103596
0 0.214659 0.99578 0.351745 0.00844 0.0010307
2 0.331927 0.895824 0.479875 0.19031 0.00102424
2 0.0857543 0.981851 0.171509 0.036298 0.00102376
2 0.271736 0.994587 0.36124 0.010827 0.00102306
0 0.599131 0.659293 0.18708 0.258692 0.00102196
0 0.301486 0.995493 0.353775 0.00901306 0.00102054
0 0.2039 0.871247 0.4078 0.241957 0.00102053
0 0.48886 0.940618 0.516763 0.101478 0.00102012
0 0.662251 0.85023 0.371732 0.29954 0.0010142
2 0.0635725 0.934316 0.12494 0.127092 0.00101202
0 0.952357 0.210983 0.0952861 0.417342 0.00100414
0 0.892497 0.385971 0.215005 0.465059 0.00100274
0 0.576224 0.645028 0.233837 0.388288 0.00100057
0 0.27407 0.944221 0.441734 0.104156 0.000998194
2 0.287091 0.903381 0.354452 0.175233 0.000996916
0 0.474785 0.863435 0.430331 0.258892 0.000996673
2 0.0608892 0.885677 0.121275 0.212867 0.000995848
0 0.803202 0.88172 0.393596 0.221124 0.000993755
2 0.559571 0.741098 0.282777 0.217202 0.000993073
1 0.570517 0.568532 0.210261 0.574276 0.000993065
0 0.384237 0.99632 0.393095 0.0073598 0.000992342
1 0.0695219 0.551067 0.139044 0.585851 0.000982324
2 0.935547 0.937315 0.128905 0.12537 0.000981905
2 0.46146 0.997112 0.390139 0.00577625 0.000981854
1 0.226532 0.00730787 0.380678 0.0146157 0.000979453
0 0.554032 0.711297 0.281724 0.160915 0.000977296
0 0.584656 0.102792 0.375762 0.205584 0.0009757
2 0.532284 0.905066 0.522296 0.167104 0.000974966
0 0.262726 0.823794 0.363555 0.158197 0.000973802
0 0.276178 0.680999 0.207884 0.303948 0.000969333
0 0.591831 0.792719 0.29673 0.32664 0.000969168
0 0.650035 0.0715516 0.485659 0.139917 0.000966544
0 0.936382 0.117734 0.127236 0.235469 0.000966543
1 0.957465 0.673347 0.0850706 0.653306 0.000966179
2 0.88168 0.989203 0.236639 0.0215934 0.000965922
1 0.78293 0.00209991 0.40031 0.00419983 0.000963028
1 0.345862 0.305111 0.210014 0.3736 0.000958653
2 0.422969 0.894412 0.466693 0.197377 0.000955286
0 0.398379 0.76318 0.139531 0.260413 0.000951878
0 0.650051 0.456605 0.348413 0.485049 0.000951503
0 0.34817 0.256769 0.207703 0.282426 0.000948679
1 0.517812 0.00222183 0.389901 0.00444366 0.000948264
0 0.0611208 0.0887291 0.122242 0.177458 0.000946856
0 0.700342 0.93985 0.441132 0.100939 0.000946507
0 0.769551 0.26901 0.456954 0.226526 0.000943715
0 0.630799 0.8154 0.34237 0.363136 0.000943237
1 0.956548 0.628697 0.0867741 0.507437 0.00094275
0 0.8596 0.00572031 0.280801 0.0114406 0.000942191
1 0.600433 0.496523 0.196381 0.648574 0.000940435
0 0.712496 0.875296 0.374635 0.239966 0.000939617
0 0.671427 0.114119 0.492039 0.228237 0.000937866
0 0.85193 0.880227 0.223821 0.220161 0.000937509
2 0.681397 0.996411 0.346037 0.00717712 0.000936845
2 0.348134 0.307253 0.219139 0.380464 0.000935533
0 0.213999 0.301786 0.300972 0.239235 0.000933832
0 0.586305 0.0688364 0.351242 0.13683 0.000933666
2 0.356041 0.2107 0.147201 0.193177 0.000933039
1 0.154056 0.00412498 0.294832 0.00824996 0.000932994
0 0.245505 0.0489861 0.324776 0.091122 0.000931536
0 0.795295 0.164197 0.40941 0.316012 0.00093142
0 0.743073 0.528836 0.465907 0.189653 0.000929181
0 0.335382 0.357383 0.282835 0.366764 0.0009268
2 0.564579 0.996436 0.351001 0.00712756 0.0009256
0 0.731565 0.47993 0.489132 0.238081 0.000925586
