0 0.249019 0.694468 0.194228 0.270891 0.882661
0 0.271092 0.294115 0.141197 0.255876 0.876862
0 0.725164 0.620565 0.212779 0.252721 0.803439
0 0.485988 0.456468 0.423916 0.543407 0.780419
0 0.589884 0.459513 0.483459 0.549859 0.343546
0 0.628815 0.277966 0.112358 0.170778 0.194203
0 0.565584 0.978249 0.041567 0.043501 0.161776
0 0.267426 0.23999 0.128244 0.14626 0.157828
0 0.563268 0.431485 0.246053 0.484051 0.0962274
0 0.591463 0.283402 0.185968 0.181322 0.0852873
0 0.721203 0.528023 0.216832 0.426954 0.0843922
0 0.317141 0.692967 0.341802 0.274495 0.0825757
0 0.195508 0.76428 0.0813645 0.131151 0.0776075
0 0.437711 0.45258 0.563813 0.593007 0.0766019
0 0.299189 0.298191 0.205148 0.274486 0.0759631
0 0.622307 0.304558 0.123355 0.223422 0.0752526
0 0.57981 0.323137 0.209802 0.261656 0.0712079
0 0.636631 0.620245 0.386219 0.244788 0.0703268
0 0.400827 0.524283 0.240787 0.421106 0.0690336
0 0.386908 0.477275 0.387937 0.627902 0.0671423
0 0.773594 0.142606 0.0417117 0.0594015 0.0575844
0 0.340754 0.661236 0.387594 0.347513 0.0497142
0 0.244612 0.235281 0.0803406 0.132662 0.0475211
0 0.211277 0.733637 0.116852 0.200412 0.0462602
0 0.287606 0.486723 0.178392 0.645537 0.0387605
0 0.273856 0.652589 0.143195 0.178204 0.0377046
0 0.771653 0.136209 0.0369827 0.0413612 0.0373428
0 0.911495 0.451226 0.050956 0.094691 0.0351342
0 0.76223 0.0611965 0.0268999 0.04078 0.0303876
0 0.772575 0.177516 0.0482266 0.132443 0.0264147
0 0.530168 0.62756 0.102587 0.128174 0.0261454
0 0.495897 0.34432 0.380387 0.313736 0.0261384
0 0.556767 0.285527 0.260391 0.182995 0.0250603
0 0.369928 0.565592 0.442817 0.518547 0.0242337
0 0.963972 0.254623 0.0712838 0.260463 0.0219976
0 0.282854 0.544063 0.267926 0.602875 0.020856
0 0.782102 0.207447 0.0294767 0.0472692 0.0201005
0 0.988335 0.407223 0.0226681 0.0504566 0.0199974
0 0.981024 0.961615 0.0372879 0.0738175 0.0199698
0 0.498893 0.336855 0.120347 0.130952 0.0195165
0 0.609716 0.42726 0.302436 0.469647 0.0189771
0 0.759761 0.180219 0.0822016 0.122976 0.0173515
0 0.245548 0.767226 0.197954 0.430164 0.01696
0 0.765805 0.609932 0.125915 0.222054 0.0168491
0 0.39735 0.316759 0.410572 0.308051 0.0165847
0 0.565458 0.555821 0.536744 0.360559 0.0165412
0 0.753505 0.607541 0.275267 0.288601 0.0161437
0 0.567681 0.962763 0.0527057 0.0744745 0.0150217
0 0.728838 0.0554651 0.119896 0.0968672 0.0143685
0 0.909434 0.462342 0.0573445 0.122881 0.0143494
0 0.608644 0.26519 0.153694 0.146479 0.014076
0 0.923965 0.363526 0.152071 0.59203 0.0133527
0 0.447594 0.357305 0.490848 0.372098 0.0131604
0 0.946654 0.533301 0.106692 0.520851 0.0129502
0 0.723024 0.727777 0.215279 0.509185 0.0127886
0 0.95664 0.388863 0.086719 0.567383 0.0127679
0 0.466011 0.565052 0.230921 0.274501 0.0122705
0 0.911417 0.503931 0.177166 0.4756 0.012214
0 0.916062 0.46487 0.0629539 0.159407 0.0120792
0 0.954809 0.595502 0.090382 0.476829 0.0117224
0 0.75934 0.0611865 0.021741 0.0350621 0.0114549
0 0.96353 0.208897 0.0722027 0.367803 0.0108262
0 0.88563 0.578489 0.22874 0.46189 0.0106647
0 0.555591 0.451439 0.289828 0.370516 0.0105836
0 0.28336 0.347369 0.118623 0.149623 0.0105647
0 0.357748 0.268411 0.0182848 0.0290477 0.0104958
0 0.961299 0.290575 0.077401 0.518883 0.0104274
0 0.978423 0.948929 0.0404146 0.0966757 0.01034
0 0.2692 0.246054 0.162265 0.353673 0.0102138
0 0.244851 0.207536 0.0635041 0.0804015 0.00970807
0 0.619077 0.325279 0.314545 0.318644 0.00965179
0 0.80589 0.653016 0.388219 0.585704 0.00958936
0 0.958595 0.676058 0.0828091 0.489102 0.00924587
0 0.651102 0.741828 0.365109 0.516344 0.0091649
0 0.958967 0.659107 0.0816025 0.256237 0.00902183
0 0.562848 0.971507 0.0513443 0.0569868 0.00901379
0 0.732197 0.146555 0.126618 0.230983 0.00894621
0 0.759175 0.0980001 0.0724051 0.139619 0.00874911
0 0.428768 0.343953 0.284202 0.147883 0.00874708
0 0.962837 0.305578 0.0737507 0.323353 0.00851697
0 0.472225 0.511156 0.250844 0.3763 0.00843352
0 0.309211 0.249901 0.25382 0.370653 0.00836296
0 0.912208 0.451026 0.0469796 0.0684146 0.00820975
0 0.228788 0.513989 0.246154 0.654044 0.00765901
0 0.988438 0.43241 0.0231238 0.162757 0.00756321
0 0.914437 0.240587 0.170391 0.454729 0.00739865
0 0.816532 0.408656 0.366936 0.742958 0.00730413
0 0.989991 0.412637 0.0198093 0.0684319 0.00726018
0 0.183831 0.314992 0.355989 0.302331 0.00719669
0 0.675329 0.453592 0.480239 0.622494 0.00717882
0 0.28622 0.0117499 0.023529 0.0234997 0.00708757
0 0.391432 0.458532 0.216386 0.276931 0.00704947
0 0.80582 0.504527 0.388359 0.535215 0.00675588
0 0.577864 0.977467 0.0762607 0.0450665 0.00660434
0 0.24313 0.223386 0.0637218 0.11249 0.00659712
0 0.170078 0.719147 0.340156 0.329894 0.00637065
0 0.532819 0.64553 0.0873073 0.0936177 0.00632822
0 0.543388 0.369437 0.259155 0.199922 0.00627674
0 0.717239 0.70743 0.355291 0.585139 0.0061868
0 0.183906 0.515165 0.35206 0.696602 0.00617628
0 0.721405 0.436388 0.543117 0.746934 0.00612404
0 0.546682 0.586385 0.16177 0.21514 0.00609628
0 0.705974 0.0489527 0.121779 0.0904062 0.00598735
0 0.837001 0.241409 0.32422 0.452399 0.00597621
0 0.483881 0.58965 0.196081 0.21196 0.00595209
0 0.225084 0.241014 0.244379 0.363345 0.0058993
0 0.944931 0.474191 0.109802 0.363822 0.00582702
0 0.955453 0.789728 0.0890942 0.396242 0.00576474
0 0.739691 0.175994 0.115196 0.167616 0.00564597
2 0.580393 0.955678 0.067514 0.082056 0.0055679
2 0.530778 0.627622 0.100819 0.132136 0.00551364
0 0.902084 0.493124 0.0720194 0.189129 0.00550928
0 0.96457 0.432029 0.0700846 0.332897 0.00546506
0 0.465129 0.385479 0.348232 0.23403 0.00541457
0 0.439721 0.729773 0.610871 0.478547 0.00539873
0 0.565815 0.978031 0.0508782 0.0439373 0.00538744
0 0.802615 0.30571 0.386292 0.56951 0.00538586
0 0.933031 0.499843 0.115019 0.257721 0.00534167
0 0.558377 0.247405 0.33221 0.411078 0.00523814
0 0.670267 0.905325 0.397758 0.189136 0.00523634
0 0.57028 0.35221 0.291875 0.176379 0.00519993
0 0.569759 0.972738 0.0599956 0.0545244 0.00513864
0 0.67875 0.308111 0.449262 0.455944 0.00513382
0 0.989471 0.378452 0.0208202 0.119867 0.00510129
0 0.448398 0.506485 0.314575 0.451813 0.00509197
0 0.786554 0.646796 0.0829721 0.117839 0.005065
0 0.409708 0.25965 0.442263 0.389587 0.00492704
0 0.646295 0.964495 0.344099 0.0710098 0.00491719
0 0.561294 0.691526 0.546056 0.616949 0.00490684
0 0.556348 0.334866 0.26953 0.299083 0.00488505
0 0.570223 0.96372 0.429941 0.0725608 0.00485416
0 0.442737 0.179584 0.0307151 0.0430138 0.00482164
0 0.360497 0.263528 0.019565 0.0317157 0.00480526
0 0.610921 0.914049 0.468673 0.171902 0.0047559
0 0.648 0.230109 0.415403 0.391943 0.00465468
0 0.258315 0.0255997 0.0951463 0.0511995 0.00461658
0 0.742603 0.206415 0.49953 0.367836 0.00458572
0 0.0704535 0.440707 0.140907 0.59452 0.00453498
0 0.0210111 0.394229 0.041971 0.521178 0.00451579
0 0.737126 0.862504 0.437238 0.274992 0.00441955
0 0.980385 0.531238 0.0392301 0.474384 0.00441776
0 0.178265 0.656457 0.356529 0.374843 0.00439021
0 0.464792 0.617 0.244857 0.155292 0.0043644
0 0.0777162 0.307793 0.155432 0.574572 0.00433201
0 0.508166 0.483695 0.275747 0.435338 0.00418805
0 0.666481 0.629882 0.100108 0.23587 0.00411513
0 0.555617 0.963461 0.0664649 0.0730776 0.00408001
0 0.023831 0.318847 0.0475693 0.487532 0.00406805
0 0.498003 0.964652 0.472825 0.0706962 0.00405623
0 0.146641 0.759095 0.285422 0.444332 0.00403782
0 0.0706689 0.18916 0.141338 0.37832 0.00402693
0 0.295454 0.789315 0.305053 0.404436 0.00396143
0 0.14685 0.431892 0.293574 0.786874 0.00395793
0 0.892486 0.503544 0.100784 0.214291 0.00395781
0 0.973948 0.919379 0.0518634 0.150017 0.00388381
0 0.172165 0.380408 0.34433 0.487533 0.00387512
0 0.848963 0.839009 0.301107 0.312829 0.00386723
0 0.210042 0.695621 0.110019 0.283728 0.00385935
0 0.0688481 0.775792 0.137696 0.415256 0.00385509
0 0.0716035 0.568564 0.143207 0.567602 0.003826
0 0.938298 0.427593 0.123404 0.23238 0.00380546
0 0.741452 0.155253 0.438383 0.288927 0.00379701
0 0.447008 0.185647 0.0238701 0.0378694 0.0037916
0 0.119497 0.349339 0.238993 0.674835 0.00379104
0 0.808529 0.170071 0.358011 0.320178 0.00377343
0 0.0208659 0.499041 0.0416041 0.471558 0.00370745
0 0.959629 0.176137 0.080741 0.352273 0.0037015
0 0.988005 0.393595 0.023777 0.0923586 0.00368908
0 0.372705 0.558672 0.177438 0.343639 0.00368529
0 0.0625775 0.15218 0.125155 0.304359 0.00368209
0 0.328481 0.387888 0.243301 0.334518 0.00368149
0 0.246081 0.63555 0.197111 0.152441 0.00361925
0 0.706972 0.582379 0.173253 0.183386 0.00359922
0 0.221674 0.80303 0.236191 0.368302 0.0035924
0 0.777114 0.0974246 0.0957034 0.17395 0.00358605
0 0.932662 0.282265 0.134261 0.280403 0.00357608
0 0.306144 0.194086 0.29696 0.388171 0.0035697
0 0.249478 0.202391 0.217053 0.404782 0.00356065
0 0.728914 0.0446026 0.096063 0.0723709 0.00355232
0 0.528726 0.337295 0.186485 0.162715 0.00354831
0 0.888053 0.159978 0.2215 0.319956 0.00353329
0 0.944557 0.896144 0.110886 0.207713 0.00351129
0 0.0703815 0.131201 0.140763 0.262403 0.0035003
0 0.58389 0.970552 0.0929632 0.058896 0.00349652
0 0.659421 0.14748 0.375621 0.276364 0.00349014
0 0.629884 0.326915 0.170057 0.290201 0.00348305
0 0.797037 0.807337 0.399636 0.38008 0.00347121
0 0.927505 0.551807 0.14499 0.418346 0.00341272
0 0.492623 0.90894 0.643087 0.173902 0.00340728
0 0.287047 0.263945 0.171772 0.203626 0.00335821
0 0.418629 0.794296 0.578184 0.39881 0.0033498
0 0.0876189 0.148688 0.175238 0.297376 0.00333464
0 0.734472 0.9555 0.461632 0.0890005 0.00333424
0 0.508124 0.774676 0.769069 0.441222 0.00331009
0 0.341149 0.489713 0.113042 0.104727 0.0033083
0 0.184993 0.238133 0.365757 0.426476 0.00329285
0 0.944217 0.662042 0.110817 0.196387 0.00327325
0 0.0885458 0.842711 0.173647 0.293074 0.00325119
0 0.303371 0.125626 0.348411 0.251252 0.00324962
0 0.413586 0.962071 0.531141 0.075859 0.00324734
0 0.637663 0.276728 0.154518 0.201463 0.00324533
0 0.233441 0.120664 0.32054 0.241329 0.00322702
0 0.518177 0.669075 0.0259726 0.0451072 0.00322548
0 0.868288 0.956153 0.261587 0.0876934 0.00321356
0 0.322778 0.576468 0.259187 0.321467 0.00320858
0 0.552667 0.135762 0.425271 0.271524 0.00319456
0 0.177393 0.123143 0.354786 0.246286 0.00318683
0 0.399496 0.188707 0.472089 0.377414 0.00316313
0 0.754735 0.141254 0.0981407 0.255193 0.00316221
0 0.0801542 0.921847 0.160308 0.156306 0.00315555
0 0.246866 0.197145 0.055268 0.0650071 0.003153
0 0.466125 0.879371 0.658449 0.227279 0.00314944
0 0.966092 0.839934 0.0678154 0.312812 0.00314764
0 0.328106 0.959671 0.445768 0.0806581 0.00312487
0 0.245266 0.960738 0.337546 0.0785246 0.00310887
0 0.534181 0.527278 0.197763 0.340727 0.0030996
0 0.306589 0.723239 0.080641 0.176021 0.00308293
0 0.790719 0.204209 0.197644 0.228361 0.00305419
0 0.974307 0.692427 0.0513868 0.208721 0.00305244
2 0.976511 0.90936 0.0459182 0.173785 0.00304894
0 0.495261 0.13049 0.488687 0.260979 0.0030428
0 0.754865 0.230464 0.117281 0.270971 0.00304054
0 0.172061 0.970192 0.320908 0.0596168 0.00303889
0 0.669506 0.667953 0.10579 0.153037 0.00298773
0 0.209633 0.968963 0.339261 0.0620734 0.00297353
0 0.367863 0.432904 0.171063 0.226723 0.00296042
0 0.100143 0.963532 0.200286 0.0729352 0.00292988
0 0.300654 0.688368 0.0938055 0.193082 0.00290823
0 0.796553 0.948629 0.406893 0.102743 0.00288755
0 0.11943 0.968618 0.235597 0.062764 0.00288062
0 0.104898 0.17761 0.209797 0.351814 0.00287171
0 0.19546 0.783626 0.0703855 0.0920193 0.00286158
0 0.227832 0.22452 0.0465714 0.0980169 0.00285967
0 0.480619 0.16871 0.511514 0.337419 0.00284817
2 0.592988 0.948002 0.106675 0.0946014 0.00284498
0 0.782006 0.630808 0.0857632 0.157289 0.00281135
0 0.521963 0.967335 0.142573 0.0653309 0.00278624
0 0.242783 0.296843 0.191383 0.261219 0.0027755
0 0.57159 0.477154 0.203116 0.454652 0.00277278
0 0.0153141 0.823481 0.0306283 0.342781 0.00271589
0 0.610449 0.96016 0.13574 0.0790573 0.00269596
0 0.0537081 0.418312 0.107416 0.50047 0.0026801
0 0.281732 0.691636 0.143752 0.205868 0.00267524
0 0.523958 0.668282 0.0368024 0.044579 0.00262973
0 0.33977 0.467057 0.109386 0.15135 0.00254264
0 0.275776 0.361202 0.103401 0.110234 0.00254084
0 0.679389 0.0577386 0.101557 0.109055 0.00251854
0 0.240541 0.726581 0.221546 0.214073 0.0025181
0 0.0230006 0.220753 0.0460013 0.441506 0.00248186
0 0.788368 0.163625 0.203002 0.234728 0.00243182
0 0.516674 0.662905 0.0623056 0.0593668 0.00242571
0 0.442981 0.422619 0.322856 0.317147 0.00242172
0 0.77076 0.13042 0.0408236 0.04699 0.00241866
0 0.0201389 0.113518 0.0402777 0.227036 0.00241118
0 0.0584211 0.490004 0.116842 0.476485 0.00239054
0 0.942309 0.619232 0.114636 0.247347 0.00236503
0 0.431428 0.17373 0.0533121 0.0588323 0.00231327
0 0.281871 0.0139428 0.0383372 0.0278856 0.00229041
0 0.99089 0.436077 0.0179516 0.133743 0.00228959
2 0.25068 0.0117272 0.130013 0.0234544 0.00225562
0 0.629688 0.242142 0.061372 0.092439 0.00217601
0 0.0451113 0.34773 0.0902011 0.50715 0.00216341
0 0.246352 0.0395538 0.11205 0.0791075 0.00212453
0 0.304121 0.243675 0.226918 0.163399 0.00212216
0 0.775058 0.15211 0.0476761 0.0750695 0.00211969
0 0.658565 0.681324 0.0840288 0.124151 0.0021176
0 0.0192872 0.0832529 0.0385743 0.166506 0.00211699
0 0.576607 0.968788 0.0750796 0.0624241 0.00211595
0 0.973478 0.701847 0.0526577 0.149471 0.00205416
0 0.0176789 0.872987 0.0353578 0.252923 0.00204609
0 0.709196 0.0631101 0.037248 0.0400507 0.00204357
0 0.40312 0.669102 0.0674434 0.11263 0.00204145
0 0.284438 0.764142 0.0406336 0.087203 0.00203256
0 0.358641 0.262469 0.0195583 0.0416188 0.00200697
0 0.627892 0.261852 0.0871925 0.126084 0.00200317
0 0.0227935 0.599283 0.0455871 0.53939 0.0019984
0 0.285117 0.0300834 0.0313172 0.0601668 0.00199031
0 0.188514 0.800385 0.0362932 0.0629781 0.00197795
0 0.945652 0.684902 0.106834 0.10592 0.0019566
0 0.3405 0.421524 0.165346 0.226578 0.00194997
0 0.69019 0.616332 0.118994 0.239794 0.00193083
0 0.921508 0.841605 0.156031 0.311644 0.00192947
0 0.278246 0.205543 0.150575 0.26091 0.00192676
0 0.902601 0.452083 0.0658152 0.14834 0.00192485
0 0.0231297 0.74564 0.0462594 0.488304 0.0019117
0 0.712802 0.119713 0.179129 0.225991 0.00190398
0 0.0454048 0.124422 0.0908097 0.248844 0.00188525
0 0.341981 0.337572 0.304829 0.348956 0.00187968
0 0.747144 0.46491 0.0169398 0.0257501 0.00187032
0 0.921665 0.717762 0.155972 0.320523 0.00185983
0 0.353416 0.591416 0.193785 0.280512 0.00185279
0 0.235219 0.656679 0.171581 0.195983 0.00181258
0 0.411012 0.569187 0.221855 0.317267 0.00181246
0 0.298391 0.0433222 0.178832 0.0866445 0.00180507
0 0.361513 0.270343 0.027173 0.0355553 0.00180418
0 0.827361 0.918103 0.11882 0.152594 0.00180288
0 0.538481 0.772787 0.0186943 0.0286292 0.00180263
0 0.23896 0.260725 0.16025 0.204298 0.00178792
0 0.778346 0.672543 0.0746601 0.0688911 0.00177057
0 0.671158 0.200443 0.264657 0.219649 0.0017684
