2 0.617663 0.389302 0.427642 0.293203 0.987142
0 0.264726 0.283074 0.201341 0.144982 0.301853
0 0.93292 0.767126 0.129945 0.115053 0.160757
0 0.934175 0.793844 0.131525 0.180504 0.0489691
2 0.934654 0.76703 0.129062 0.112416 0.0462345
0 0.41953 0.311622 0.0277472 0.02527 0.0412132
0 0.931893 0.803984 0.136214 0.313214 0.0367492
0 0.922949 0.742763 0.110865 0.0646303 0.0231997
0 0.905833 0.740391 0.0724274 0.0600592 0.0177013
0 0.931173 0.744861 0.135233 0.250225 0.0172186
0 0.934445 0.745552 0.131109 0.181506 0.0171478
0 0.903006 0.733819 0.0628232 0.0481303 0.0129872
0 0.29803 0.242925 0.0527532 0.0643745 0.0119166
0 0.215199 0.285825 0.302927 0.145583 0.0118523
2 0.933339 0.728712 0.131703 0.197659 0.011678
0 0.273394 0.259268 0.176468 0.0955971 0.0101611
2 0.616203 0.460815 0.437344 0.441853 0.00930631
0 0.619624 0.389429 0.436679 0.288498 0.00781025
0 0.180224 0.26152 0.360447 0.200986 0.00770371
2 0.706331 0.233717 0.573695 0.464444 0.00714673
0 0.915866 0.838396 0.168269 0.320448 0.0070416
0 0.368079 0.289441 0.430082 0.15952 0.00696537
1 0.615574 0.400756 0.415496 0.271625 0.00684533
0 0.747506 0.0326957 0.0306337 0.02154 0.00660057
0 0.183132 0.366617 0.366264 0.325569 0.00647133
0 0.8604 0.792077 0.27516 0.308553 0.00604908
0 0.182725 0.211908 0.365451 0.294212 0.00603431
0 0.425302 0.312879 0.0385398 0.0314923 0.00586602
2 0.502231 0.812234 0.995538 0.374434 0.00558813
0 0.773079 0.821156 0.453842 0.357688 0.00541416
2 0.529195 0.16311 0.919111 0.324108 0.00533149
0 0.663325 0.25203 0.646685 0.501496 0.00523173
0 0.224746 0.18796 0.438312 0.347842 0.00516205
0 0.192171 0.427628 0.383331 0.542084 0.00509172
1 0.199725 0.366599 0.339486 0.328644 0.00495443
0 0.272586 0.219346 0.545173 0.435597 0.00474927
0 0.485368 0.197944 0.83764 0.377401 0.00464177
0 0.554288 0.232908 0.891425 0.461122 0.00442788
0 0.940496 0.709716 0.117725 0.393727 0.00440793
2 0.608399 0.209196 0.783201 0.414625 0.00439034
2 0.263993 0.264356 0.189095 0.108693 0.00438445
2 0.687008 0.57518 0.605665 0.693231 0.00431207
2 0.923395 0.742332 0.111361 0.0646519 0.00422306
0 0.923045 0.89758 0.153789 0.20484 0.00421684
0 0.551701 0.389049 0.309272 0.298844 0.0042133
0 0.48591 0.256032 0.71492 0.311968 0.00419637
2 0.500728 0.383576 0.322329 0.29909 0.00413371
0 0.878427 0.955591 0.243147 0.0888187 0.00413362
2 0.568585 0.549998 0.533523 0.631862 0.00407807
0 0.151645 0.187549 0.30329 0.375099 0.00403945
0 0.194051 0.970051 0.378411 0.0584904 0.00393937
0 0.290234 0.28545 0.146157 0.131715 0.00392771
0 0.504051 0.361624 0.628978 0.306894 0.00389071
0 0.315835 0.373758 0.396015 0.337492 0.00386615
0 0.183767 0.269108 0.365023 0.463857 0.0038572
0 0.694968 0.496304 0.610064 0.556218 0.00378536
0 0.474782 0.309812 0.667538 0.274371 0.00375635
0 0.110621 0.779366 0.0313877 0.0256872 0.00370978
0 0.263251 0.328024 0.0691795 0.0535075 0.00370795
0 0.420107 0.309044 0.0315765 0.0340951 0.00366595
2 0.546451 0.0969212 0.742002 0.192786 0.00363902
0 0.212301 0.500172 0.424602 0.76682 0.00361578
0 0.12623 0.402712 0.252461 0.541995 0.00359889
0 0.729634 0.022463 0.0709996 0.0415969 0.0035978
0 0.796048 0.967118 0.407904 0.0645397 0.00357548
0 0.161704 0.96418 0.322276 0.0716396 0.00356746
0 0.266786 0.973557 0.507121 0.0519222 0.00355183
0 0.443215 0.434402 0.717559 0.404969 0.00350298
0 0.129081 0.90652 0.258162 0.186961 0.003472
1 0.348273 0.3724 0.686965 0.415541 0.00345244
2 0.715933 0.11096 0.530683 0.221112 0.00343068
0 0.326208 0.422672 0.65003 0.60519 0.00341561
2 0.0232761 0.508825 0.0460674 0.249732 0.00338656
2 0.749295 0.175522 0.49016 0.349186 0.00333331
0 0.121382 0.839867 0.242763 0.320266 0.00332044
0 0.402225 0.140499 0.803201 0.280998 0.00330602
0 0.281049 0.150839 0.562099 0.301509 0.00327078
0 0.179202 0.886049 0.358404 0.227901 0.00322694
0 0.708174 0.372046 0.583652 0.382294 0.00322307
0 0.816977 0.731397 0.365197 0.384842 0.00321619
0 0.388881 0.380218 0.720845 0.351705 0.00317971
0 0.312143 0.815417 0.616278 0.369166 0.00317779
2 0.351519 0.794508 0.695415 0.410893 0.00317535
0 0.227558 0.931584 0.451239 0.133749 0.0031724
0 0.93027 0.131055 0.139461 0.26211 0.00315938
0 0.115039 0.122829 0.229964 0.245658 0.0031183
0 0.391807 0.97389 0.545741 0.0510456 0.0031102
2 0.43171 0.542507 0.826528 0.659838 0.00310671
0 0.762504 0.256329 0.474992 0.507998 0.00310118
0 0.1207 0.768513 0.241401 0.444654 0.00306114
0 0.296254 0.227895 0.0476768 0.0325252 0.00305925
0 0.258069 0.855147 0.512126 0.289511 0.00305077
0 0.947009 0.448104 0.104881 0.428663 0.00304429
0 0.113222 0.0821717 0.226444 0.164343 0.0030243
0 0.676932 0.969417 0.580728 0.0605181 0.00299483
0 0.771227 0.39459 0.457052 0.381007 0.0029845
0 0.926441 0.189111 0.147119 0.378221 0.00297437
0 0.0917225 0.468755 0.183445 0.482873 0.00297064
0 0.946654 0.245098 0.105697 0.469597 0.00295934
0 0.948227 0.339111 0.102231 0.415446 0.00295832
0 0.581014 0.971806 0.563115 0.0559568 0.00295247
0 0.187938 0.804471 0.375584 0.391059 0.00295023
2 0.283551 0.277204 0.16429 0.12172 0.00294803
0 0.617562 0.525182 0.448036 0.632072 0.00294499
0 0.426962 0.847737 0.853923 0.303318 0.00293794
2 0.29852 0.248519 0.0646677 0.0738297 0.0029257
0 0.751478 0.457572 0.497043 0.439786 0.00291072
0 0.0389639 0.506789 0.02777 0.0224034 0.00289315
0 0.500723 0.794925 0.988331 0.378284 0.00286889
0 0.944641 0.57945 0.109683 0.530275 0.00286605
0 0.715853 0.886882 0.560947 0.224133 0.00285965
2 0.01614 0.467925 0.0316573 0.0641502 0.00285285
0 0.748837 0.023442 0.0331234 0.0392849 0.00283589
0 0.296675 0.925019 0.585033 0.148635 0.00282688
0 0.335094 0.104977 0.660178 0.209741 0.00280337
0 0.187881 0.106656 0.372568 0.213312 0.0028029
0 0.854217 0.260346 0.291565 0.493569 0.00278935
2 0.793275 0.228878 0.411832 0.454974 0.00278598
0 0.865964 0.110041 0.268072 0.220081 0.00276209
1 0.566402 0.442797 0.327907 0.185918 0.00270695
0 0.101195 0.570547 0.20239 0.465415 0.00270553
0 0.480845 0.58912 0.736958 0.763651 0.00270048
0 0.113169 0.643076 0.226337 0.536418 0.00269978
0 0.759404 0.616953 0.481193 0.666087 0.00268776
0 0.9418 0.927089 0.115504 0.145822 0.0026594
0 0.846444 0.627689 0.307111 0.60789 0.00265763
0 0.641738 0.914762 0.65355 0.166314 0.00264727
0 0.032421 0.50733 0.0427394 0.025012 0.00263647
2 0.695914 0.408058 0.274201 0.25607 0.00255312
0 0.45766 0.738849 0.904054 0.316472 0.00250353
0 0.527296 0.918859 0.633375 0.154773 0.00249992
0 0.651021 0.861804 0.672621 0.274582 0.00247007
0 0.804775 0.110241 0.389508 0.220481 0.00247002
0 0.48943 0.62764 0.963387 0.620557 0.00246492
0 0.417977 0.921202 0.580245 0.150375 0.00245292
0 0.220245 0.690235 0.440491 0.601093 0.00244853
0 0.471386 0.67158 0.937726 0.430707 0.0024435
0 0.0231439 0.214961 0.0459232 0.224263 0.00243965
1 0.691859 0.413835 0.289828 0.240595 0.00243375
0 0.449188 0.471893 0.886208 0.573991 0.00240343
0 0.479361 0.872388 0.709704 0.250873 0.00237712
1 0.931583 0.799094 0.135097 0.192429 0.00236869
2 0.30593 0.252047 0.0849137 0.0747018 0.00235402
0 0.0124292 0.462811 0.0248583 0.0673122 0.00235054
0 0.624087 0.561235 0.580594 0.765678 0.00234766
0 0.589697 0.804358 0.604012 0.347642 0.00233951
0 0.367424 0.703661 0.734848 0.528067 0.0023161
0 0.795502 0.184755 0.403494 0.368268 0.00230534
0 0.730222 0.721948 0.539557 0.365921 0.00227303
2 0.0201479 0.468376 0.0399482 0.276735 0.00226162
0 0.0117961 0.452822 0.0235921 0.0361878 0.00219207
0 0.313128 0.248529 0.0967115 0.0772528 0.00214387
0 0.694893 0.793456 0.555814 0.326056 0.00213247
0 0.574058 0.746903 0.701921 0.354949 0.00211642
0 0.936269 0.948792 0.125505 0.102416 0.00209803
0 0.0242049 0.253807 0.0481692 0.244041 0.00201681
0 0.0274694 0.522728 0.052558 0.0804308 0.00199589
0 0.487041 0.432476 0.147802 0.0750775 0.00194057
0 0.649489 0.481143 0.117138 0.102873 0.00192765
2 0.943631 0.919674 0.111855 0.159837 0.00192595
2 0.0199249 0.472517 0.039199 0.0872663 0.00192118
0 0.430275 0.323246 0.055645 0.0630336 0.0019185
2 0.421868 0.304417 0.0324608 0.0451698 0.00175651
2 0.728421 0.0258421 0.154814 0.0498689 0.00175027
1 0.934258 0.841387 0.131208 0.317225 0.00174684
0 0.938089 0.833966 0.123823 0.332069 0.00172579
0 0.886367 0.765889 0.227266 0.120957 0.00167648
2 0.651344 0.462404 0.13119 0.141558 0.00166448
2 0.903196 0.921446 0.191321 0.156426 0.00164467
2 0.296419 0.258905 0.135021 0.0779083 0.00163336
0 0.408078 0.310567 0.0646825 0.0347748 0.00162707
2 0.0125413 0.458229 0.0250627 0.102684 0.00160113
0 0.232564 0.253642 0.129492 0.0730025 0.00159489
0 0.697025 0.0233791 0.15127 0.0467583 0.00159377
0 0.250082 0.255375 0.170111 0.0805821 0.00158531
0 0.564599 0.59161 0.0207374 0.0199156 0.00156544
0 0.6236 0.475322 0.169271 0.114888 0.0015639
1 0.869844 0.813059 0.260312 0.212742 0.00155383
0 0.263934 0.23226 0.182842 0.154125 0.00154993
0 0.960272 0.976171 0.0785012 0.047659 0.00152636
1 0.663243 0.466977 0.138063 0.132475 0.00152149
1 0.545871 0.380434 0.279694 0.271901 0.0015199
2 0.487743 0.431291 0.148358 0.0754219 0.0015157
2 0.705796 0.454451 0.257595 0.160058 0.00149592
0 0.0239402 0.194037 0.0473655 0.315837 0.00149527
0 0.4382 0.340713 0.17562 0.0936204 0.00149091
0 0.825906 0.954613 0.348188 0.0907748 0.0014648
2 0.0293266 0.87128 0.0578428 0.25744 0.00146405
2 0.572041 0.410815 0.321893 0.242364 0.00145274
1 0.862059 0.947863 0.270254 0.10299 0.00144852
0 0.905209 0.941057 0.187297 0.11599 0.00144286
2 0.0362597 0.493478 0.0724223 0.243541 0.00141381
2 0.613177 0.460779 0.19835 0.143984 0.0014071
2 0.0702237 0.900445 0.140366 0.199109 0.00140451
0 0.945573 0.866613 0.108854 0.266774 0.00138972
2 0.704814 0.0266609 0.232461 0.0532192 0.00138685
2 0.892355 0.757806 0.215289 0.117767 0.00137664
2 0.019373 0.447607 0.0385195 0.117329 0.0013764
2 0.0266409 0.570808 0.053094 0.344744 0.00137424
1 0.876995 0.924678 0.240653 0.150644 0.0013669
0 0.0380556 0.800549 0.0759866 0.398902 0.0013664
2 0.934592 0.717053 0.130816 0.301588 0.00136631
1 0.0284108 0.734753 0.0563757 0.384163 0.00134884
0 0.239625 0.32782 0.277094 0.255087 0.00134023
1 0.80095 0.050699 0.398101 0.101398 0.00129139
2 0.0218264 0.418447 0.0434663 0.307534 0.00127821
1 0.678937 0.0354222 0.289911 0.0708444 0.00126795
1 0.0872314 0.731651 0.174027 0.351838 0.00125454
1 0.2047 0.276596 0.298618 0.149683 0.00125212
1 0.79945 0.0446877 0.347064 0.0893755 0.00125185
0 0.571903 0.442327 0.322812 0.182197 0.00124968
1 0.0277305 0.589706 0.055461 0.397563 0.00124227
2 0.751677 0.372072 0.154737 0.159041 0.00124036
1 0.694961 0.459069 0.289158 0.154204 0.00122734
1 0.0296935 0.669236 0.0593138 0.388724 0.00122516
2 0.489144 0.414577 0.153686 0.15545 0.00122494
1 0.0416741 0.784756 0.0833481 0.414362 0.00122328
0 0.0432719 0.50194 0.0399789 0.0319393 0.0012176
1 0.87724 0.768376 0.245519 0.132287 0.00120887
1 0.810483 0.950011 0.379033 0.0991211 0.00120875
0 0.0373378 0.526217 0.0746757 0.256028 0.00120432
1 0.0522493 0.477213 0.104374 0.257759 0.00120227
0 0.58321 0.296526 0.135029 0.100144 0.00120005
1 0.636319 0.0326891 0.274312 0.0651625 0.00118966
2 0.0300858 0.505063 0.0573804 0.0406704 0.00118943
0 0.0308612 0.838705 0.061334 0.322591 0.00118897
1 0.906476 0.84508 0.187048 0.304437 0.00118849
0 0.89474 0.743167 0.210521 0.118424 0.0011847
0 0.491209 0.417095 0.156521 0.111444 0.00117871
0 0.02988 0.16713 0.0594008 0.33426 0.00116596
1 0.0918447 0.810848 0.183284 0.378305 0.00115713
1 0.453912 0.0496046 0.299704 0.0988079 0.00113894
2 0.480855 0.0472888 0.250898 0.0939462 0.00113184
2 0.0948396 0.972601 0.189679 0.0547981 0.00113079
2 0.0297255 0.471165 0.0584376 0.109305 0.00112274
0 0.385927 0.302106 0.102766 0.0926655 0.00111941
0 0.742747 0.0325967 0.0430978 0.0273132 0.00110185
2 0.499491 0.973197 0.45675 0.0536062 0.00110044
0 0.0749062 0.941857 0.149812 0.116286 0.00109031
0 0.632365 0.299656 0.225957 0.10474 0.00108626
2 0.769675 0.0344531 0.270262 0.0667573 0.00107779
0 0.988957 0.967828 0.021389 0.0614353 0.00107359
2 0.024164 0.366204 0.0481851 0.333127 0.00107208
0 0.379456 0.348257 0.176099 0.165238 0.00106747
1 0.228403 0.323793 0.28907 0.25939 0.00105957
2 0.533118 0.0578762 0.360782 0.115752 0.00105953
1 0.0878481 0.587073 0.175696 0.36392 0.001059
1 0.0722932 0.460333 0.144117 0.288065 0.00105872
2 0.756149 0.972513 0.463176 0.0549746 0.00105303
0 0.0209934 0.215803 0.041551 0.0876343 0.00105257
1 0.0279905 0.313521 0.055981 0.356875 0.00105139
1 0.871076 0.0548707 0.245336 0.10938 0.00104813
1 0.933405 0.680265 0.13313 0.261201 0.00104557
1 0.0785636 0.263903 0.157127 0.25207 0.00104412
0 0.0130551 0.19382 0.0261102 0.0833561 0.00104062
2 0.586863 0.0470508 0.447967 0.0940926 0.00103854
2 0.636725 0.350047 0.345014 0.207249 0.00102483
0 0.290339 0.295828 0.21239 0.173262 0.00102059
2 0.431263 0.302457 0.0561119 0.067762 0.00101842
1 0.0890757 0.66764 0.178097 0.352512 0.0010144
2 0.093012 0.930268 0.186024 0.138162 0.00100875
0 0.0745953 0.24406 0.149191 0.254759 0.00100762
1 0.179975 0.942061 0.359951 0.114316 0.00100658
0 0.26151 0.315331 0.0665751 0.0387437 0.00100488
0 0.736637 0.365372 0.19036 0.15164 0.0010045
1 0.23986 0.024373 0.313031 0.0487459 0.00100394
2 0.0337809 0.121721 0.0675618 0.243442 0.000999619
1 0.313975 0.026029 0.319695 0.052058 0.000999402
1 0.641284 0.0468559 0.497876 0.0937118 0.000999381
2 0.0843011 0.958707 0.168602 0.0825863 0.000997668
0 0.213966 0.251325 0.0880366 0.0654669 0.000994096
0 0.763662 0.0221198 0.197096 0.0442396 0.000987338
1 0.348491 0.0306594 0.345747 0.0613187 0.000985759
1 0.534059 0.325964 0.272507 0.16908 0.000984496
2 0.0115032 0.429241 0.0227798 0.0897097 0.000979719
1 0.0695575 0.376066 0.139115 0.270093 0.000978461
0 0.0383841 0.141467 0.0767683 0.282933 0.000978308
1 0.0814196 0.325342 0.162839 0.302616 0.000978205
1 0.943227 0.163845 0.113547 0.327689 0.000971832
2 0.135176 0.973958 0.270351 0.0520835 0.000971417
0 0.311291 0.250141 0.165181 0.0996022 0.000967886
1 0.558919 0.948779 0.496259 0.10147 0.000967647
1 0.0879745 0.89389 0.175461 0.21222 0.000967461
0 0.567903 0.30514 0.149802 0.116987 0.000963245
0 0.554638 0.589257 0.0306957 0.019598 0.000959437
0 0.766993 0.409036 0.121878 0.0988799 0.000958585
1 0.942414 0.418218 0.115172 0.387643 0.000952278
1 0.917782 0.0773764 0.164274 0.154753 0.000950913
0 0.0260005 0.47887 0.0513424 0.129389 0.000941449
0 0.954864 0.267219 0.0902725 0.339194 0.000938778
2 0.682614 0.974252 0.483235 0.0514965 0.000936247
2 0.0773106 0.0930924 0.154621 0.186185 0.000936214
2 0.453902 0.392813 0.234291 0.152708 0.000935712
1 0.131062 0.087429 0.262124 0.174858 0.000933069
1 0.533519 0.952504 0.358934 0.0934464 0.000929534
1 0.497844 0.365613 0.175652 0.218382 0.000925787
2 0.688667 0.481932 0.295714 0.139504 0.000925679
1 0.189247 0.0338583 0.358571 0.0674856 0.000922885
1 0.121954 0.935084 0.243907 0.128147 0.000922399
2 0.0128295 0.206213 0.025659 0.0869132 0.000920707
