0 0.490778 0.505197 0.535956 0.490867 0.52007
0 0.491451 0.581339 0.5346 0.339649 0.505904
0 0.4264 0.331921 0.393332 0.205004 0.354185
0 0.406084 0.686305 0.291254 0.119285 0.229671
0 0.498394 0.532503 0.50039 0.231796 0.119265
0 0.389121 0.268773 0.308032 0.0801523 0.0415061
0 0.317238 0.267993 0.168097 0.0775197 0.0385759
0 0.430341 0.543795 0.422248 0.198172 0.0354746
0 0.683984 0.586537 0.134629 0.0612276 0.0301847
0 0.413535 0.636795 0.338597 0.221465 0.0269557
0 0.466427 0.486625 0.564341 0.136488 0.0254034
0 0.485531 0.648124 0.55514 0.488041 0.0212102
0 0.579677 0.527606 0.356291 0.220483 0.0194904
0 0.674091 0.571034 0.163366 0.0967409 0.018156
0 0.483137 0.371748 0.522282 0.300401 0.0173525
0 0.432005 0.45617 0.414697 0.457935 0.0149361
0 0.402622 0.594633 0.35001 0.308129 0.0133653
0 0.659671 0.554836 0.190033 0.132124 0.0126436
0 0.427561 0.281605 0.409099 0.108584 0.00938551
0 0.500632 0.975249 0.631913 0.0489979 0.00906581
0 0.424142 0.288202 0.391211 0.245144 0.00832935
0 0.679694 0.596915 0.117313 0.0379705 0.00775164
0 0.37737 0.972868 0.626765 0.0535588 0.00764384
0 0.394859 0.312781 0.325864 0.173165 0.00741633
0 0.528719 0.696225 0.714146 0.601706 0.00694477
0 0.672802 0.600891 0.0880823 0.0303232 0.00652275
0 0.437 0.470435 0.509196 0.105293 0.00650314
0 0.645783 0.974921 0.588648 0.0492168 0.00643322
0 0.471779 0.930538 0.689893 0.138923 0.00631792
0 0.647643 0.603754 0.03841 0.0242705 0.00627505
0 0.494652 0.23818 0.542873 0.377889 0.00621397
0 0.449531 0.311028 0.333798 0.154693 0.00610643
0 0.539596 0.483802 0.677352 0.626898 0.00570153
0 0.402109 0.74729 0.356616 0.494259 0.00522162
0 0.610597 0.286983 0.778807 0.299546 0.00514477
0 0.270848 0.969845 0.511095 0.0588028 0.00508271
2 0.680021 0.550522 0.147779 0.13783 0.0050615
0 0.598696 0.217488 0.754413 0.371675 0.00496031
0 0.628347 0.917198 0.597313 0.165254 0.00461103
0 0.3757 0.245787 0.536706 0.368462 0.0045456
0 0.322386 0.940034 0.644773 0.119932 0.00453825
0 0.502267 0.826804 0.834616 0.344908 0.00447692
0 0.349699 0.29773 0.231745 0.141003 0.0044712
0 0.580081 0.388377 0.759435 0.462876 0.00446067
0 0.32356 0.62101 0.550525 0.328493 0.00402485
0 0.525169 0.333646 0.180567 0.153057 0.00400656
0 0.66967 0.591283 0.125109 0.0497699 0.00390383
0 0.634768 0.640701 0.730464 0.705272 0.00381136
0 0.426729 0.38193 0.393204 0.253083 0.00371883
0 0.571583 0.955179 0.654007 0.0886562 0.00368594
0 0.760814 0.972144 0.478372 0.0548022 0.00366407
0 0.880582 0.702901 0.226619 0.459981 0.00348114
0 0.946348 0.645498 0.107304 0.397849 0.0034651
0 0.858034 0.970428 0.283931 0.059145 0.00344285
0 0.94915 0.320602 0.101699 0.305511 0.00342312
0 0.309479 0.262403 0.618957 0.266875 0.0033926
0 0.232976 0.974656 0.465953 0.0504647 0.00338566
0 0.953772 0.37339 0.0924552 0.323466 0.0033775
0 0.600944 0.869499 0.698233 0.258424 0.00337317
0 0.463005 0.75226 0.869564 0.490296 0.0033496
0 0.53703 0.56281 0.448962 0.156771 0.00334133
0 0.574568 0.172519 0.850864 0.334099 0.00333869
0 0.176858 0.958403 0.353716 0.0831932 0.003336
0 0.91925 0.958062 0.161499 0.0838766 0.00330152
0 0.956946 0.721263 0.0861083 0.393371 0.00329636
0 0.936811 0.0997663 0.126378 0.199533 0.00327029
0 0.416094 0.697219 0.242451 0.107225 0.0032487
0 0.947322 0.221472 0.105357 0.339572 0.00324507
0 0.942525 0.177921 0.11495 0.334336 0.00324231
0 0.451139 0.0800564 0.589174 0.160113 0.00324206
0 0.955808 0.53624 0.0883848 0.345864 0.00322239
0 0.360577 0.687141 0.202463 0.0765501 0.00321586
0 0.956318 0.472071 0.0873643 0.327296 0.0032085
0 0.63232 0.452087 0.73536 0.668413 0.00320409
0 0.124474 0.915201 0.248949 0.169599 0.003184
0 0.874771 0.229498 0.250457 0.339998 0.00316617
0 0.882946 0.33069 0.234108 0.291414 0.00316039
0 0.879979 0.28269 0.240041 0.280979 0.0031432
0 0.367087 0.548522 0.284834 0.170523 0.0031341
0 0.0780233 0.341891 0.156047 0.316151 0.00313023
0 0.0815119 0.441297 0.163024 0.336267 0.00311883
0 0.883726 0.389581 0.232549 0.328201 0.00311288
0 0.93162 0.915688 0.13676 0.168624 0.00310966
0 0.0991299 0.875649 0.19826 0.248703 0.00309971
0 0.528651 0.356914 0.171746 0.112607 0.00308215
0 0.566441 0.0896039 0.588302 0.179208 0.00307741
0 0.121334 0.0932732 0.242669 0.186546 0.00307667
0 0.516058 0.123854 0.852147 0.243629 0.00306558
0 0.0764678 0.538299 0.152936 0.327913 0.00306088
0 0.865856 0.779254 0.253859 0.37981 0.00305789
0 0.944161 0.876586 0.111677 0.244955 0.00304712
0 0.0828623 0.597223 0.165725 0.358223 0.00303158
0 0.0994269 0.249674 0.198854 0.32215 0.00302727
0 0.876989 0.441233 0.246023 0.338346 0.0030259
0 0.870365 0.626795 0.259271 0.421973 0.00302301
0 0.955776 0.842629 0.0884481 0.278726 0.00302097
0 0.649867 0.937054 0.505389 0.124543 0.00302056
0 0.733709 0.917442 0.490242 0.161975 0.00301992
0 0.868235 0.0959476 0.26353 0.191895 0.00301901
0 0.341407 0.0902849 0.662132 0.18057 0.00301873
0 0.327275 0.731476 0.654549 0.454181 0.00301282
0 0.121606 0.206583 0.243211 0.334227 0.00300005
0 0.960316 0.810692 0.079368 0.318233 0.00299462
0 0.849317 0.926858 0.29872 0.136289 0.00299208
0 0.189399 0.904504 0.378798 0.18956 0.00297427
0 0.0931194 0.687488 0.186239 0.355771 0.00295306
0 0.868596 0.493861 0.262808 0.343759 0.00294625
0 0.423008 0.66832 0.29132 0.154544 0.00294351
0 0.33392 0.223257 0.667839 0.369734 0.00293337
0 0.715715 0.232639 0.56857 0.428647 0.00292766
0 0.614211 0.537529 0.26778 0.175377 0.00292689
0 0.85606 0.571165 0.287881 0.397068 0.00292369
0 0.673426 0.386769 0.653147 0.415587 0.00292189
0 0.102383 0.820049 0.204766 0.325556 0.0029191
0 0.817971 0.878602 0.361323 0.222498 0.00291166
2 0.592924 0.707974 0.747724 0.584052 0.00290165
0 0.462431 0.182287 0.924863 0.353178 0.00290079
0 0.725791 0.701482 0.548418 0.571266 0.00288619
0 0.367873 0.815272 0.735745 0.369456 0.00288509
0 0.127772 0.157377 0.255544 0.314753 0.00286732
0 0.159883 0.0952284 0.319765 0.190457 0.00285714
0 0.86048 0.152464 0.27904 0.301527 0.00284759
0 0.292816 0.268362 0.117735 0.0763066 0.00283483
0 0.36581 0.515333 0.282398 0.10641 0.00281792
0 0.78392 0.190035 0.432161 0.375182 0.00281071
0 0.682378 0.0957631 0.509597 0.191526 0.00280357
0 0.286667 0.538726 0.573335 0.333607 0.00279763
0 0.841776 0.843444 0.316447 0.249894 0.00279398
0 0.586218 0.784092 0.747465 0.430925 0.00277255
0 0.270174 0.316919 0.540348 0.217375 0.00276301
0 0.257817 0.601952 0.515635 0.343803 0.00274749
0 0.160194 0.861925 0.320388 0.275158 0.00274748
0 0.451346 0.417473 0.419873 0.229908 0.00271481
0 0.728101 0.873324 0.525227 0.24553 0.00269979
0 0.800709 0.277092 0.398582 0.342091 0.00269825
0 0.804644 0.0999989 0.390712 0.199998 0.00268551
0 0.568623 0.4847 0.327114 0.129341 0.00267806
0 0.156894 0.313283 0.313789 0.39954 0.00266881
0 0.738273 0.439588 0.523453 0.405571 0.00266838
0 0.285461 0.432803 0.570923 0.40676 0.00266405
0 0.677008 0.135662 0.556202 0.267201 0.0026561
0 0.703035 0.583074 0.593929 0.685708 0.00265362
0 0.157979 0.420124 0.315958 0.477837 0.0026423
0 0.316329 0.498496 0.632657 0.465883 0.00263757
0 0.237564 0.991723 0.138625 0.0165533 0.00261265
0 0.430715 0.499101 0.413153 0.0983879 0.00260991
0 0.763023 0.388119 0.473953 0.368593 0.00259806
0 0.413127 0.130314 0.826254 0.256911 0.00258287
0 0.191767 0.274643 0.383535 0.412812 0.00258232
0 0.78913 0.335435 0.421739 0.328818 0.00258
0 0.156238 0.545599 0.312477 0.505331 0.00257724
0 0.241855 0.835029 0.483709 0.329146 0.00257636
0 0.313286 0.953008 0.469214 0.0922751 0.00253889
0 0.25696 0.131183 0.513921 0.262366 0.00252007
0 0.294809 0.253533 0.106847 0.0497668 0.00250878
0 0.159145 0.634202 0.318291 0.545119 0.00250709
0 0.773946 0.797649 0.452109 0.39654 0.00250687
1 0.690715 0.590431 0.123337 0.0528767 0.00247573
0 0.310217 0.663829 0.620434 0.399062 0.00247388
0 0.150729 0.79586 0.301457 0.404236 0.00241751
0 0.494708 0.328815 0.246598 0.159374 0.00237399
0 0.161006 0.732259 0.322011 0.461131 0.00233029
0 0.311495 0.523803 0.168155 0.0906126 0.00231902
0 0.430945 0.358607 0.328267 0.144625 0.00230374
0 0.313126 0.946338 0.325023 0.105877 0.00228624
0 0.447808 0.698541 0.197496 0.0904369 0.00216524
0 0.499566 0.456253 0.465431 0.161929 0.00212135
1 0.47962 0.955655 0.770562 0.0881996 0.00203445
0 0.407334 0.730604 0.30222 0.197365 0.00199278
0 0.169954 0.979447 0.337813 0.0411051 0.00198738
0 0.373285 0.678017 0.232175 0.105628 0.00197564
0 0.393178 0.956011 0.720858 0.0875231 0.00197473
0 0.325972 0.554119 0.190019 0.16042 0.00186168
0 0.515348 0.37254 0.19699 0.17122 0.00185109
0 0.682094 0.988619 0.218869 0.0227083 0.00184178
1 0.259489 0.952289 0.518978 0.0946458 0.00184123
0 0.0905444 0.983745 0.181089 0.0325106 0.00183721
0 0.0719839 0.986224 0.143968 0.0274788 0.00182959
0 0.157445 0.801782 0.0591183 0.0368584 0.00181215
0 0.58199 0.91074 0.339878 0.178519 0.00170582
0 0.713958 0.943886 0.572084 0.112057 0.00167831
0 0.414829 0.948184 0.48316 0.10268 0.00167327
0 0.682324 0.54696 0.142669 0.146754 0.00164978
0 0.497516 0.990884 0.199905 0.0181496 0.00163262
0 0.275958 0.991286 0.210139 0.0174281 0.00163008
0 0.632543 0.990069 0.202942 0.0198625 0.00161789
0 0.233497 0.987148 0.137721 0.0257048 0.00158927
0 0.644032 0.984742 0.26356 0.0305167 0.00158749
1 0.675543 0.950272 0.648914 0.0986122 0.00158114
0 0.7802 0.94289 0.387898 0.11422 0.00157079
0 0.641641 0.597662 0.0620075 0.0360824 0.00153954
0 0.41072 0.680438 0.223939 0.0972387 0.00151085
0 0.699408 0.487024 0.0764586 0.0958259 0.00150286
0 0.35779 0.608796 0.233382 0.25975 0.00149677
0 0.56055 0.593655 0.407929 0.154788 0.00148882
1 0.207133 0.956354 0.414266 0.086116 0.00147343
0 0.204632 0.987173 0.16969 0.025655 0.0014564
0 0.375886 0.985355 0.23637 0.0292904 0.00145616
0 0.725772 0.989103 0.193678 0.0217943 0.00144465
0 0.194861 0.990442 0.201125 0.0191156 0.00143474
0 0.270219 0.244953 0.0538 0.0334116 0.00141264
2 0.832285 0.937868 0.311113 0.124265 0.00141103
0 0.031633 0.980465 0.063266 0.0385251 0.00140799
0 0.371489 0.989445 0.196186 0.0211102 0.00137621
0 0.569978 0.987127 0.24845 0.0257466 0.00136907
0 0.356244 0.25271 0.245163 0.124209 0.00136788
2 0.0894651 0.944206 0.17893 0.11137 0.00136704
1 0.254667 0.937326 0.509335 0.124902 0.00136592
0 0.390048 0.704427 0.333588 0.139063 0.00135824
0 0.852033 0.561756 0.121782 0.0582287 0.00134408
0 0.863053 0.9913 0.198591 0.0173994 0.0013242
0 0.652709 0.537153 0.171245 0.189109 0.00131782
2 0.0905666 0.961849 0.181133 0.0741173 0.00131707
0 0.0678944 0.485907 0.135789 0.140447 0.00128379
1 0.159484 0.928743 0.318969 0.142515 0.00128065
0 0.320156 0.311447 0.162252 0.17057 0.00127569
0 0.269822 0.986252 0.210981 0.0274967 0.00127234
0 0.2224 0.858507 0.0381914 0.0237743 0.00126916
0 0.0746621 0.141569 0.149324 0.18063 0.00126043
0 0.538737 0.46229 0.137907 0.0783972 0.00125159
0 0.820192 0.568833 0.041092 0.0360269 0.00125111
0 0.809914 0.953936 0.375192 0.0910267 0.00124985
0 0.985135 0.881455 0.0297297 0.237091 0.00124773
0 0.700055 0.98603 0.222661 0.0279404 0.00124714
0 0.950387 0.903975 0.0992257 0.110727 0.00124169
2 0.97982 0.892799 0.0403607 0.214402 0.00124118
0 0.370537 0.743197 0.200214 0.164913 0.00123401
0 0.464747 0.708205 0.150071 0.0701868 0.0012331
0 0.430657 0.471539 0.426574 0.158571 0.00123014
0 0.485864 0.278927 0.283979 0.1405 0.0012295
0 0.0655387 0.989982 0.131077 0.019815 0.001217
0 0.52052 0.919683 0.28211 0.155808 0.00121557
0 0.816054 0.975805 0.367893 0.0483904 0.00121449
0 0.506845 0.622048 0.497738 0.248816 0.00121424
1 0.103771 0.943564 0.207542 0.112873 0.00120661
0 0.341305 0.331245 0.214765 0.186037 0.00119377
0 0.0680566 0.149568 0.136113 0.138912 0.00119029
0 0.931757 0.894096 0.123745 0.0788749 0.00118355
0 0.591651 0.985179 0.337943 0.0296424 0.00118011
2 0.943312 0.925431 0.113376 0.141672 0.00117762
0 0.630768 0.082579 0.0866426 0.0747044 0.0011743
0 0.146754 0.950111 0.293508 0.0979889 0.00117341
0 0.530642 0.596947 0.101968 0.0927214 0.00116347
0 0.595724 0.602942 0.323052 0.211134 0.00116168
0 0.555666 0.433711 0.37807 0.236428 0.00114859
0 0.340804 0.141748 0.0728813 0.0455328 0.00114753
0 0.781405 0.992107 0.187809 0.01575 0.0011464
2 0.956175 0.906838 0.0876507 0.186324 0.00114328
0 0.300661 0.55964 0.133674 0.152469 0.0011424
0 0.80626 0.915318 0.299918 0.169364 0.0011409
0 0.344512 0.7694 0.143683 0.109748 0.00113188
2 0.0598389 0.619178 0.119678 0.117796 0.0011245
1 0.854364 0.928564 0.27929 0.14287 0.00111438
0 0.929463 0.877863 0.0745119 0.0371803 0.00111049
0 0.0645444 0.516207 0.129089 0.161777 0.0011097
0 0.240469 0.269427 0.215595 0.0877184 0.0011055
0 0.375198 0.368955 0.231149 0.131202 0.00110268
2 0.0679058 0.365825 0.135812 0.139065 0.0010984
2 0.986075 0.852758 0.0278493 0.294485 0.00109795
0 0.00735172 0.165066 0.0147034 0.330132 0.00109712
1 0.926382 0.931033 0.147237 0.137935 0.00109674
0 0.138515 0.988701 0.213472 0.0225989 0.00109202
2 0.0716647 0.461972 0.143329 0.18903 0.00108644
0 0.0496274 0.987057 0.0992548 0.0258865 0.00108556
0 0.405857 0.236571 0.348836 0.162813 0.00108448
1 0.873713 0.945798 0.252574 0.10722 0.00108113
0 0.628995 0.0937309 0.110834 0.0910156 0.00107555
0 0.275895 0.91222 0.308571 0.17556 0.00107176
0 0.160774 0.809776 0.0750573 0.0525764 0.00106981
2 0.0574691 0.640349 0.114938 0.125407 0.00106833
0 0.274776 0.249306 0.06578 0.036885 0.00106566
0 0.644736 0.507214 0.182857 0.175235 0.0010624
0 0.491951 0.472689 0.04342 0.0383616 0.00105863
1 0.89864 0.928663 0.20272 0.142674 0.00105336
0 0.262516 0.246504 0.0406666 0.0302697 0.00104901
0 0.00467318 0.604278 0.00934636 0.341938 0.00103744
0 0.275227 0.984707 0.289466 0.0305854 0.00103655
0 0.811015 0.991718 0.172435 0.0165645 0.00103646
0 0.06391 0.326175 0.12782 0.201253 0.0010352
2 0.87674 0.973794 0.24652 0.0524126 0.00102882
2 0.952072 0.867739 0.0958566 0.145259 0.00102875
0 0.00519531 0.894286 0.0103906 0.211429 0.00102536
0 0.00441223 0.485969 0.00882446 0.365392 0.0010251
2 0.0494978 0.772916 0.0989956 0.136452 0.0010229
0 0.711517 0.525006 0.222037 0.205241 0.00102113
0 0.925865 0.870969 0.135998 0.113289 0.00101948
0 0.0645543 0.981885 0.129109 0.0362303 0.00101938
0 0.00481461 0.355872 0.00962922 0.364582 0.0010152
0 0.491909 0.98571 0.282467 0.0285809 0.00101197
0 0.490331 0.247985 0.341362 0.153502 0.00101175
2 0.958734 0.146355 0.0825328 0.292711 0.00101041
0 0.347621 0.35605 0.19615 0.153509 0.00101035
0 0.322434 0.927894 0.31012 0.144213 0.00100504
0 0.0063288 0.276901 0.0126576 0.367016 0.00100438
0 0.0704772 0.39332 0.140954 0.161064 0.0010025
0 0.0708138 0.551651 0.141628 0.201044 0.00099884
0 0.473988 0.686342 0.144034 0.0788892 0.000998664
2 0.0653799 0.823181 0.13076 0.160513 0.00099743
0 0.425114 0.727118 0.0506187 0.0318014 0.000996683
0 0.00899395 0.215703 0.0179879 0.355025 0.00099298
