2 0.460007 0.400812 0.212252 0.167592 0.964571
0 0.0415596 0.100423 0.0831192 0.0987378 0.732511
0 0.0409208 0.0780648 0.0818355 0.143211 0.275716
0 0.65664 0.276921 0.050789 0.0489023 0.25142
2 0.0415437 0.0948768 0.0829346 0.116256 0.196409
1 0.459244 0.401693 0.216289 0.157847 0.196325
2 0.657215 0.276652 0.0485527 0.0525925 0.147979
0 0.976496 0.628619 0.0470085 0.0807853 0.142575
0 0.662146 0.359962 0.0410775 0.0490057 0.104461
0 0.973502 0.640774 0.0529965 0.10795 0.102199
2 0.662401 0.358744 0.0424014 0.0509182 0.0818872
2 0.659897 0.317929 0.0602026 0.142674 0.0605734
0 0.0408496 0.122966 0.0801136 0.16273 0.0570772
0 0.661425 0.273845 0.0389112 0.0505264 0.0329003
0 0.0408482 0.131401 0.0816964 0.244924 0.029318
0 0.575707 0.638279 0.0333532 0.032165 0.0291761
0 0.980171 0.618994 0.0391843 0.054472 0.0279246
1 0.657221 0.28334 0.0437654 0.0370601 0.0232566
0 0.0383337 0.112663 0.0766673 0.0783448 0.0182864
1 0.662936 0.360078 0.0428839 0.0501827 0.0173392
0 0.107477 0.182856 0.214922 0.341963 0.0167473
0 0.577907 0.629512 0.0367701 0.0507833 0.0165598
0 0.0415028 0.205489 0.0830056 0.366482 0.0157635
0 0.113672 0.123329 0.226999 0.239582 0.0156215
0 0.968063 0.6487 0.0636544 0.210619 0.0154294
0 0.96006 0.713175 0.0798805 0.272131 0.0139932
0 0.0415798 0.0862547 0.0831596 0.172509 0.0136933
0 0.655803 0.282075 0.0422879 0.038635 0.0135351
0 0.89944 0.666246 0.20112 0.1748 0.0125704
0 0.90832 0.704172 0.182349 0.23903 0.0115311
0 0.219381 0.915111 0.0291992 0.0234123 0.0112609
2 0.0456161 0.0826538 0.0912323 0.165308 0.0106774
1 0.463322 0.502722 0.223201 0.37839 0.0103331
0 0.0458548 0.0969739 0.0917096 0.193948 0.00992783
0 0.136405 0.25992 0.271238 0.482095 0.00920898
0 0.125737 0.0909765 0.246292 0.181953 0.008644
2 0.45339 0.381311 0.201259 0.12181 0.00795535
0 0.947299 0.778706 0.105403 0.382096 0.00794786
2 0.973712 0.645077 0.0525766 0.134743 0.00770156
0 0.910561 0.781929 0.178428 0.390588 0.00754537
0 0.643372 0.278768 0.0803109 0.0525653 0.00730224
1 0.424144 0.41218 0.293533 0.190776 0.007181
0 0.540454 0.620558 0.105792 0.0663135 0.0070848
0 0.895759 0.647427 0.208482 0.261841 0.00696955
2 0.654216 0.284852 0.0402005 0.0353391 0.00681696
2 0.64785 0.357301 0.0749384 0.0591947 0.00671953
0 0.964884 0.686069 0.0702318 0.213197 0.00657185
2 0.972425 0.624084 0.0540931 0.109731 0.00642613
0 0.519341 0.404642 0.342172 0.169671 0.00618684
2 0.658402 0.264161 0.0498461 0.0829495 0.00612579
0 0.358633 0.366865 0.715783 0.684738 0.00612564
0 0.0398026 0.0868981 0.0788793 0.0574016 0.00607815
0 0.50242 0.358816 0.0435827 0.0387798 0.00593476
2 0.645102 0.276327 0.0717499 0.0590314 0.00593073
0 0.661483 0.330014 0.0460284 0.114845 0.00588757
0 0.0553505 0.295898 0.110701 0.526253 0.00580883
0 0.981269 0.635793 0.0374615 0.0908617 0.00564765
1 0.41092 0.527219 0.339556 0.440276 0.00543634
0 0.959731 0.5832 0.0789788 0.331436 0.00521318
2 0.442925 0.394018 0.163822 0.147417 0.00509354
1 0.335149 0.561814 0.499019 0.504376 0.00497594
0 0.863265 0.712386 0.273022 0.282875 0.0048246
0 0.183721 0.126507 0.364505 0.250382 0.00481614
0 0.245349 0.973627 0.453952 0.0527451 0.00480828
0 0.839763 0.675946 0.316102 0.285901 0.00479123
0 0.852633 0.782075 0.294734 0.394843 0.00461536
2 0.645143 0.320009 0.0885267 0.135471 0.00460134
1 0.497887 0.478437 0.292817 0.323299 0.00459388
0 0.354261 0.175294 0.708521 0.336545 0.00456514
0 0.799952 0.792923 0.400096 0.414154 0.00437876
0 0.576444 0.622997 0.0427264 0.0585863 0.00434468
0 0.34615 0.971974 0.623865 0.056052 0.00428088
0 0.162957 0.969977 0.325094 0.0600464 0.00413545
2 0.444765 0.354311 0.24298 0.270113 0.00404352
0 0.29493 0.396902 0.542523 0.197265 0.00401819
0 0.537687 0.388314 0.379928 0.23164 0.00400322
0 0.464414 0.96947 0.684863 0.0610598 0.00397045
0 0.428412 0.229407 0.855605 0.434309 0.0039701
0 0.0481733 0.112833 0.0633577 0.0685325 0.00393081
0 0.0868924 0.314955 0.173785 0.608078 0.00381782
0 0.127063 0.947515 0.254127 0.104971 0.00380646
0 0.244949 0.932438 0.47518 0.135124 0.00375775
0 0.444124 0.907718 0.8119 0.184564 0.00370688
0 0.503256 0.282863 0.939369 0.453598 0.00369736
0 0.219307 0.912145 0.0336157 0.0244846 0.00366281
0 0.569886 0.970784 0.607583 0.0584313 0.00365572
1 0.392311 0.402576 0.120716 0.157155 0.00365046
0 0.953625 0.535345 0.0915403 0.363887 0.00365031
2 0.666944 0.262205 0.0729218 0.092291 0.00364123
0 0.66073 0.9713 0.552599 0.0574008 0.00362077
0 0.474626 0.541951 0.249779 0.457562 0.00361559
0 0.195443 0.912475 0.38883 0.17505 0.00358932
0 0.435227 0.320799 0.590694 0.349959 0.00358805
0 0.0463418 0.13167 0.0552234 0.0369747 0.00355615
2 0.496628 0.401996 0.138666 0.134353 0.00353607
0 0.779526 0.970869 0.440948 0.0582615 0.00351236
0 0.922792 0.952372 0.154417 0.0952555 0.00349691
0 0.846876 0.970468 0.306247 0.0590636 0.00347379
0 0.793083 0.661777 0.412998 0.384647 0.00347003
0 0.29824 0.589718 0.569417 0.555644 0.00346354
0 0.932999 0.864002 0.133109 0.271997 0.00344814
0 0.115315 0.853051 0.23063 0.293898 0.00344429
0 0.721835 0.800981 0.549946 0.398037 0.00343639
0 0.601985 0.256233 0.796031 0.472448 0.00343553
0 0.649003 0.302248 0.538343 0.204048 0.00337468
0 0.160718 0.893206 0.319003 0.213587 0.00335743
0 0.519839 0.870599 0.960322 0.258803 0.00335729
0 0.367145 0.522685 0.454707 0.443518 0.00335125
0 0.557832 0.325259 0.489032 0.283572 0.00333835
0 0.0588053 0.151082 0.117611 0.21897 0.00331009
0 0.0604327 0.130258 0.0342833 0.0326641 0.00328415
0 0.545684 0.34239 0.405848 0.185112 0.00326691
0 0.930099 0.113265 0.139802 0.226529 0.00326305
0 0.639608 0.908014 0.62534 0.183973 0.00324131
0 0.324161 0.305392 0.599771 0.394695 0.00323986
0 0.800617 0.870505 0.398766 0.255509 0.00323837
0 0.557811 0.431669 0.435381 0.247352 0.00322745
0 0.632369 0.246511 0.673057 0.31913 0.00322397
0 0.929885 0.911192 0.139586 0.177616 0.00320342
0 0.497093 0.176376 0.926024 0.346266 0.00320044
0 0.887568 0.575437 0.223408 0.415009 0.00317158
0 0.945792 0.434193 0.106965 0.386721 0.00316244
0 0.318839 0.500695 0.510792 0.370072 0.00315032
0 0.705386 0.859029 0.575135 0.281941 0.00314929
0 0.543636 0.818682 0.912728 0.362636 0.00313379
0 0.925284 0.17035 0.149432 0.3407 0.00312229
0 0.943803 0.331972 0.110744 0.382356 0.00309628
0 0.289125 0.403178 0.575375 0.319662 0.00305458
0 0.944866 0.227575 0.10927 0.406864 0.00304391
0 0.762487 0.90964 0.467594 0.18072 0.00301976
0 0.625533 0.323727 0.469165 0.164537 0.00298607
0 0.820196 0.929917 0.35686 0.136911 0.00297282
0 0.701213 0.709046 0.597573 0.327091 0.00295369
0 0.659611 0.756904 0.680778 0.443079 0.00291655
0 0.329517 0.883016 0.65218 0.233967 0.00290968
0 0.71794 0.25484 0.551245 0.492146 0.00288392
0 0.12025 0.310367 0.240499 0.620735 0.00287799
0 0.87918 0.102313 0.24164 0.204626 0.00285666
0 0.424074 0.655398 0.330567 0.197243 0.00285186
0 0.614541 0.457632 0.547691 0.337803 0.00283761
0 0.938147 0.637982 0.123705 0.0975545 0.0028364
0 0.749941 0.292062 0.479494 0.352498 0.0028303
0 0.331385 0.0923178 0.659589 0.184636 0.00281688
0 0.661363 0.519778 0.677273 0.595329 0.00281029
0 0.889534 0.247295 0.220932 0.442491 0.00278689
0 0.500749 0.611737 0.185219 0.0873019 0.00278125
0 0.871858 0.46385 0.254591 0.414621 0.00274016
0 0.782659 0.330888 0.434683 0.445986 0.00272711
0 0.856415 0.411295 0.285238 0.411953 0.00271928
0 0.361775 0.636065 0.54719 0.434628 0.00271561
0 0.117971 0.605441 0.235943 0.512527 0.00271411
0 0.689193 0.567383 0.621613 0.603386 0.00271232
0 0.477581 0.101352 0.73149 0.202704 0.0027079
0 0.47372 0.691244 0.285845 0.285616 0.00268951
0 0.11838 0.783966 0.236759 0.428774 0.00268525
0 0.192677 0.839326 0.381709 0.321348 0.00267734
0 0.782645 0.575627 0.43471 0.531889 0.00267148
0 0.525973 0.765754 0.694583 0.394743 0.00265573
0 0.599303 0.143134 0.725611 0.283642 0.00265362
0 0.417928 0.132621 0.831745 0.262736 0.00264165
0 0.119452 0.50971 0.238904 0.500673 0.0026383
0 0.587483 0.0977038 0.583956 0.195408 0.0026124
0 0.877457 0.162271 0.244249 0.323717 0.00258028
0 0.501347 0.739322 0.917074 0.449957 0.00255625
0 0.80329 0.199069 0.393419 0.394144 0.00254783
0 0.791716 0.447806 0.416568 0.478486 0.00254613
0 0.420663 0.857902 0.833414 0.281639 0.00253891
0 0.632352 0.698659 0.735296 0.46463 0.00252662
0 0.321178 0.466623 0.642356 0.46966 0.0024974
1 0.699274 0.317845 0.146475 0.141761 0.0024953
0 0.0282677 0.0838601 0.0565354 0.0674204 0.00248055
0 0.423308 0.639943 0.837886 0.506771 0.00246991
0 0.712503 0.495636 0.564432 0.525029 0.00246809
0 0.812708 0.105441 0.374584 0.210882 0.00243123
0 0.724716 0.100588 0.446056 0.201176 0.00240555
0 0.250761 0.800186 0.500143 0.399629 0.00239801
1 0.647344 0.359982 0.0727623 0.0523743 0.0023907
1 0.501959 0.359212 0.0456209 0.0408558 0.00238696
2 0.501539 0.357799 0.0464456 0.0376083 0.00237025
1 0.441439 0.443501 0.271084 0.220018 0.00233282
0 0.720905 0.141945 0.526379 0.280808 0.00228834
0 0.314912 0.448553 0.629825 0.671665 0.00227677
0 0.328117 0.695368 0.656233 0.538832 0.00226082
1 0.408853 0.452474 0.0604676 0.0485321 0.00224691
2 0.407735 0.453806 0.0646015 0.0474655 0.00215225
0 0.393344 0.788272 0.786688 0.415584 0.00214219
0 0.0795309 0.098419 0.159062 0.113507 0.00212217
0 0.0238343 0.0894753 0.0470895 0.0825982 0.00211666
0 0.0323212 0.238432 0.0646424 0.408583 0.0020421
0 0.095113 0.0778212 0.190226 0.155642 0.00203719
0 0.460562 0.386785 0.208808 0.125763 0.0019781
0 0.968229 0.599484 0.0635411 0.226902 0.00193358
0 0.980819 0.603911 0.0379525 0.0960276 0.00191054
0 0.061091 0.20549 0.122079 0.344401 0.00190148
0 0.0632466 0.0906794 0.126493 0.181359 0.00189553
2 0.419691 0.385776 0.184314 0.135505 0.00186969
0 0.665166 0.259762 0.0328769 0.0374215 0.00176808
2 0.667553 0.274559 0.0668976 0.0562547 0.00176598
2 0.68669 0.320513 0.117681 0.143477 0.00172824
2 0.103289 0.088847 0.206577 0.177694 0.00171833
2 0.468555 0.400771 0.20653 0.116177 0.00167297
0 0.0460035 0.0972171 0.0720281 0.0577234 0.00166531
0 0.514281 0.628262 0.159187 0.123372 0.00160315
2 0.640005 0.285747 0.0768361 0.0370787 0.00160044
0 0.630575 0.260912 0.101909 0.0916916 0.00158603
2 0.670547 0.358779 0.0547152 0.0520627 0.00158119
0 0.0708502 0.172518 0.1417 0.259536 0.00158117
0 0.659013 0.365319 0.0592615 0.0640006 0.00156866
2 0.683216 0.276629 0.110765 0.076832 0.0015517
1 0.685894 0.36138 0.0897644 0.0555576 0.00154573
2 0.418803 0.384514 0.116103 0.141342 0.00152478
1 0.606012 0.279918 0.154179 0.0653333 0.00150827
0 0.0257555 0.26987 0.0515109 0.411535 0.00148616
0 0.933548 0.609188 0.132905 0.113692 0.00146219
0 0.982686 0.594443 0.0341445 0.132283 0.00145474
0 0.656949 0.294576 0.0479279 0.0552106 0.00145079
2 0.0330315 0.139085 0.0657115 0.128115 0.00144657
0 0.224288 0.913617 0.0418112 0.0287057 0.00144429
2 0.127613 0.980141 0.255226 0.0397183 0.00142447
2 0.158682 0.978795 0.317363 0.0424108 0.00141556
2 0.455983 0.384612 0.176044 0.0949795 0.00140884
0 0.0251612 0.550127 0.0501158 0.313351 0.00140617
2 0.0920519 0.980728 0.184104 0.0385443 0.00140154
0 0.0782465 0.979651 0.156493 0.0406971 0.00139563
2 0.0764302 0.9288 0.15286 0.142399 0.00137095
1 0.603998 0.318161 0.182128 0.137439 0.00135954
0 0.0260198 0.406454 0.0519472 0.331756 0.00135856
0 0.432827 0.569492 0.0226176 0.0241571 0.00134234
0 0.0244931 0.351222 0.0489862 0.339655 0.00132774
1 0.177773 0.960711 0.355547 0.0773127 0.00132689
2 0.0276959 0.886306 0.0549979 0.227387 0.00130861
0 0.496724 0.366921 0.0605128 0.0578119 0.00130856
1 0.606763 0.353379 0.157084 0.06743 0.00130796
2 0.459302 0.374207 0.13941 0.0734758 0.00130756
1 0.628998 0.369458 0.104099 0.0774177 0.00130202
0 0.0307079 0.701431 0.0611733 0.313784 0.00129489
1 0.0885056 0.950505 0.177011 0.0989904 0.00129179
1 0.716355 0.409663 0.227885 0.172074 0.00128681
2 0.0412535 0.901197 0.0825071 0.197605 0.00128663
0 0.494448 0.629151 0.198292 0.156327 0.00128568
1 0.147188 0.964722 0.294377 0.0705569 0.00128021
0 0.0280965 0.454464 0.0560921 0.330728 0.00125237
2 0.0282626 0.720164 0.0563543 0.297901 0.00125171
0 0.534147 0.642708 0.124622 0.100925 0.00124553
0 0.436494 0.567136 0.0252595 0.0184149 0.00123981
0 0.459327 0.335205 0.183721 0.144712 0.0012255
0 0.0735429 0.958047 0.147086 0.083906 0.00121913
2 0.651977 0.320147 0.0574618 0.117654 0.00121416
0 0.0277917 0.601826 0.0555163 0.321589 0.00121287
0 0.585929 0.629063 0.0812914 0.063072 0.00120662
1 0.213264 0.952985 0.426528 0.0926471 0.00119329
0 0.118867 0.0710469 0.237733 0.142094 0.00117655
2 0.452711 0.355646 0.180623 0.116466 0.00117117
0 0.413988 0.346114 0.0595277 0.0516997 0.00116729
0 0.517521 0.317559 0.296396 0.175833 0.00116646
0 0.946461 0.701559 0.107077 0.245389 0.00116365
1 0.487006 0.626479 0.211885 0.151318 0.00116114
2 0.0918021 0.915569 0.183604 0.168861 0.0011356
1 0.914046 0.677119 0.171909 0.195277 0.00112716
0 0.52676 0.358364 0.343953 0.0991109 0.0011251
0 0.665628 0.274239 0.0613594 0.0544079 0.00111164
2 0.0175768 0.126548 0.0351537 0.129186 0.00111033
0 0.0206136 0.0755251 0.0410238 0.131664 0.00107369
2 0.206267 0.976247 0.412535 0.0475053 0.00107246
0 0.990409 0.652392 0.0191818 0.120461 0.00106694
2 0.0275173 0.776907 0.0550346 0.307999 0.00104873
0 0.0206128 0.12555 0.0403892 0.157945 0.00104384
2 0.677882 0.980356 0.306857 0.0392872 0.00103401
0 0.969021 0.638585 0.0526828 0.0795505 0.00103247
1 0.104997 0.932071 0.209994 0.135857 0.00103066
1 0.195222 0.932913 0.30052 0.134174 0.00101054
2 0.0291688 0.838463 0.0583376 0.323075 0.00100779
0 0.06109 0.990472 0.12218 0.0190414 0.00100711
0 0.585488 0.349647 0.201745 0.080855 0.00100292
0 0.558344 0.62374 0.0754388 0.0641186 0.000993464
0 0.241444 0.949102 0.285699 0.0994346 0.000989438
0 0.604592 0.260471 0.156003 0.0981004 0.000976498
0 0.0732571 0.986264 0.146514 0.0274727 0.000976497
0 0.552454 0.614987 0.106242 0.0846937 0.000974243
0 0.204746 0.909817 0.10672 0.0593517 0.000968416
1 0.0843104 0.900125 0.168621 0.199751 0.000957562
2 0.427574 0.449428 0.112456 0.0541341 0.000953627
0 0.0281074 0.138571 0.0557128 0.135969 0.000952385
0 0.467526 0.309464 0.142966 0.126571 0.00094807
2 0.480369 0.380332 0.107282 0.0833132 0.000944427
1 0.417428 0.475719 0.263409 0.20806 0.000938223
0 0.955096 0.555884 0.0891466 0.222028 0.000934845
0 0.711701 0.256326 0.171205 0.110647 0.00093177
0 0.621272 0.237417 0.111875 0.118349 0.000926802
2 0.258464 0.978453 0.436149 0.0430936 0.000922451
0 0.942045 0.15291 0.11591 0.305819 0.000916873
2 0.617572 0.978891 0.313564 0.0422182 0.000915102
1 0.65645 0.414218 0.0739298 0.165312 0.00091006
2 0.651683 0.233826 0.117464 0.146699 0.00090409
2 0.737907 0.977136 0.394578 0.0457271 0.000899337
0 0.941267 0.898636 0.117467 0.202728 0.000897875
0 0.086149 0.199404 0.172298 0.261351 0.000897747
0 0.46154 0.587594 0.0857922 0.0649952 0.00089767
1 0.362647 0.401339 0.180577 0.158965 0.000897617
0 0.41993 0.362563 0.210991 0.0905479 0.000896116
