1 0.483497 0.616511 0.925676 0.698072 0.778001
0 0.439043 0.0327885 0.09598 0.0624885 0.728145
2 0.517152 0.601811 0.962591 0.658217 0.676639
0 0.527607 0.214207 0.138332 0.0906494 0.640025
0 0.250484 0.083605 0.500967 0.166068 0.466177
2 0.529925 0.212704 0.132205 0.0915655 0.465954
0 0.289688 0.122542 0.142939 0.0702973 0.399848
2 0.8554 0.975775 0.2892 0.0484503 0.362386
0 0.136064 0.0842828 0.272128 0.165796 0.187527
0 0.526376 0.0791783 0.0469119 0.032639 0.186339
1 0.855958 0.974769 0.288085 0.050462 0.133859
0 0.363683 0.0328543 0.246535 0.0631133 0.12015
1 0.465773 0.48857 0.840571 0.418158 0.107899
0 0.418577 0.0765815 0.705745 0.153163 0.107468
2 0.797068 0.974301 0.146342 0.050241 0.104784
2 0.436873 0.0314045 0.0960155 0.062809 0.103285
0 0.744646 0.0325583 0.109462 0.0609018 0.0970648
0 0.321914 0.124856 0.0733263 0.0628361 0.0778337
0 0.341644 0.0785494 0.312317 0.157099 0.0760537
0 0.413633 0.15491 0.047388 0.0263197 0.0706242
0 0.45985 0.0581527 0.741246 0.116305 0.0680261
0 0.433449 0.0501112 0.239554 0.0972985 0.0632216
0 0.4169 0.150621 0.0445555 0.0329654 0.0617191
0 0.132941 0.0465815 0.265882 0.0920174 0.05901
1 0.720399 0.974615 0.48784 0.05077 0.0565892
0 0.242922 0.0997199 0.0444902 0.0292605 0.0515226
0 0.134822 0.122634 0.129668 0.0831219 0.0507684
0 0.292144 0.0801628 0.154519 0.152136 0.0465485
0 0.510651 0.0327529 0.283394 0.0645714 0.0454371
0 0.708268 0.118273 0.0313027 0.025318 0.0437316
0 0.243994 0.105077 0.0478726 0.040797 0.0420739
0 0.936393 0.0588796 0.0481808 0.0219624 0.0406929
1 0.572316 0.403582 0.437033 0.249503 0.0393348
0 0.512029 0.215183 0.0999352 0.081472 0.0370031
1 0.44114 0.426584 0.709826 0.296278 0.0360406
0 0.181809 0.104546 0.363619 0.118094 0.0357724
0 0.937717 0.0408699 0.0709345 0.0620804 0.0350796
0 0.427842 0.0346316 0.256839 0.068982 0.0339209
0 0.44861 0.0416001 0.881285 0.0832002 0.031882
0 0.525231 0.976044 0.818102 0.0475111 0.0311556
1 0.467718 0.614447 0.907323 0.476505 0.0310835
2 0.555565 0.975242 0.785553 0.0489322 0.0296808
2 0.856071 0.955813 0.287858 0.0868624 0.0293188
2 0.834839 0.975064 0.181698 0.0486794 0.0275406
0 0.321012 0.130829 0.0593349 0.0509171 0.0248965
0 0.0995355 0.100726 0.198222 0.130836 0.0242654
0 0.529225 0.976633 0.539913 0.0467346 0.0239717
1 0.371761 0.566638 0.724935 0.407428 0.0236693
0 0.745643 0.0410046 0.0977981 0.0437145 0.0234053
0 0.374273 0.0593713 0.342962 0.118743 0.0232188
0 0.244651 0.112465 0.0506649 0.0531704 0.0227232
0 0.325805 0.122426 0.217298 0.0847381 0.02206
2 0.602068 0.37246 0.330443 0.179782 0.0217579
0 0.969694 0.98322 0.0606111 0.0334118 0.0206362
0 0.468775 0.0500844 0.164171 0.0984308 0.0198117
0 0.33935 0.0363986 0.317049 0.0721848 0.0197248
0 0.715343 0.0397171 0.0324952 0.0219507 0.0196025
2 0.36729 0.0352833 0.24054 0.0705667 0.0187402
0 0.80476 0.974227 0.163398 0.0515453 0.0176615
0 0.516434 0.114179 0.668373 0.228358 0.0176479
0 0.823522 0.975703 0.352955 0.0485933 0.0174332
2 0.879208 0.975379 0.161885 0.0492424 0.0171666
0 0.198968 0.121989 0.33203 0.0805846 0.0170751
0 0.751298 0.0341009 0.15465 0.0650651 0.0164193
0 0.768249 0.0223079 0.0411258 0.0226685 0.0158653
0 0.433603 0.976959 0.550923 0.0460824 0.0157213
0 0.786249 0.0341003 0.293681 0.0670996 0.0149648
2 0.842055 0.937152 0.31589 0.124966 0.0149007
2 0.697706 0.975042 0.604588 0.0491391 0.0148597
0 0.741341 0.0332847 0.234208 0.0664943 0.0148029
0 0.406919 0.0451027 0.062701 0.0387426 0.0144724
0 0.512085 0.884555 0.867985 0.23089 0.0131252
0 0.132041 0.0312576 0.264082 0.0625153 0.0123898
2 0.879132 0.975423 0.0886279 0.0470077 0.0122858
0 0.0630474 0.0300322 0.126095 0.0599823 0.0118927
0 0.543117 0.0370676 0.404373 0.0734471 0.0117447
0 0.591767 0.0639275 0.746897 0.127104 0.0115725
0 0.462572 0.190716 0.154522 0.108871 0.0113486
1 0.5336 0.369779 0.304415 0.176293 0.0110837
1 0.444907 0.494041 0.861806 0.575245 0.0109456
2 0.680602 0.672013 0.638795 0.532611 0.0107736
0 0.905209 0.981603 0.189583 0.0367934 0.0107141
0 0.912297 0.97524 0.175406 0.049244 0.0105842
0 0.597696 0.982854 0.134486 0.0342915 0.0101767
0 0.668529 0.0337806 0.42792 0.0673436 0.010128
2 0.550938 0.369342 0.243674 0.17354 0.00999924
0 0.930554 0.0375055 0.11097 0.0746651 0.00987582
1 0.417244 0.376955 0.834488 0.44206 0.00980695
1 0.634189 0.975159 0.72225 0.0496829 0.00965427
0 0.766668 0.034261 0.0869854 0.0611458 0.0092059
0 0.667453 0.0398273 0.616185 0.0796547 0.00914803
0 0.589038 0.264806 0.279676 0.189288 0.00897846
0 0.467814 0.191299 0.277382 0.135679 0.00840327
0 0.270096 0.201268 0.540192 0.402536 0.00837735
0 0.427984 0.987098 0.174021 0.0258051 0.00814089
2 0.974427 0.978635 0.0511466 0.0412502 0.0079705
1 0.855339 0.934911 0.289323 0.129686 0.00783546
2 0.684386 0.539851 0.631228 0.531444 0.00776785
0 0.568841 0.0224297 0.365696 0.0448593 0.00762468
0 0.783565 0.0312454 0.123077 0.0624907 0.0074541
2 0.587641 0.937681 0.772899 0.124639 0.00730478
0 0.433378 0.982437 0.180869 0.0351261 0.00716735
0 0.29286 0.977558 0.58572 0.0448844 0.00713883
0 0.923701 0.160118 0.054582 0.0275831 0.00706566
0 0.622848 0.982435 0.190552 0.0351306 0.00701243
2 0.497765 0.807481 0.891898 0.381492 0.00692966
2 0.742346 0.920877 0.504347 0.158247 0.00684002
1 0.485293 0.714407 0.927908 0.347423 0.0067699
0 0.821396 0.936797 0.357207 0.125969 0.00671849
2 0.302556 0.0795121 0.445644 0.157896 0.00660912
1 0.451507 0.373854 0.902831 0.735284 0.00651485
0 0.506297 0.233134 0.0864776 0.0449151 0.00632343
1 0.34095 0.691532 0.655294 0.289249 0.00627894
0 0.117711 0.134946 0.108728 0.0586411 0.00619423
0 0.521719 0.133253 0.419703 0.260312 0.00611353
2 0.499521 0.718823 0.900412 0.37052 0.0061129
0 0.244496 0.189446 0.0285358 0.019943 0.00608137
0 0.166491 0.196869 0.332983 0.393738 0.00603517
0 0.926455 0.98696 0.147089 0.0259304 0.00585354
0 0.382597 0.14126 0.669275 0.28069 0.0057317
0 0.466044 0.92581 0.932088 0.14838 0.00571431
0 0.675385 0.940192 0.64923 0.119615 0.00570943
1 0.311309 0.677907 0.473365 0.30316 0.00569248
1 0.50519 0.232673 0.0906285 0.046504 0.0056507
0 0.528412 0.0545302 0.0712575 0.0934491 0.00560771
0 0.15323 0.128229 0.0960795 0.071798 0.00559234
1 0.472216 0.379108 0.64767 0.286135 0.00555053
0 0.58204 0.167993 0.767324 0.335095 0.00553747
1 0.706159 0.237488 0.561451 0.474472 0.00549875
0 0.527061 0.0651582 0.0534868 0.0650418 0.0054937
0 0.761503 0.0440236 0.476994 0.0880471 0.00538353
0 0.785261 0.973791 0.114772 0.052417 0.00527457
0 0.37768 0.0489685 0.0384746 0.0327303 0.00525459
0 0.567314 0.00604625 0.0878135 0.0120925 0.00524527
1 0.385436 0.497857 0.693109 0.210773 0.00524362
1 0.648804 0.501104 0.702392 0.44745 0.00515442
0 0.718059 0.118796 0.0479623 0.030519 0.00515436
0 0.525825 0.0493025 0.432426 0.0968895 0.00507707
0 0.889936 0.913513 0.220129 0.17155 0.0049571
2 0.289108 0.119255 0.146129 0.0705782 0.00488441
0 0.92746 0.0440859 0.0874271 0.0532238 0.00487277
0 0.0973154 0.131122 0.0554811 0.0451969 0.00478584
0 0.57457 0.254438 0.4828 0.264411 0.00468405
1 0.66288 0.411552 0.67424 0.291799 0.004643
0 0.61455 0.224408 0.708315 0.448816 0.00456234
2 0.772008 0.973195 0.0875859 0.0512682 0.00455849
0 0.552597 0.00653773 0.05711 0.0130038 0.00453633
2 0.720448 0.613715 0.549024 0.376829 0.00453434
0 0.826366 0.0673385 0.337388 0.134677 0.00449203
1 0.725227 0.173037 0.503573 0.344789 0.00447788
0 0.106516 0.122207 0.188299 0.0878415 0.00446902
0 0.815854 0.0381677 0.368292 0.0759834 0.00446882
2 0.555758 0.805577 0.826485 0.238454 0.00443188
2 0.536946 0.194117 0.118309 0.0562473 0.00441061
2 0.587524 0.316546 0.115713 0.074072 0.00437873
0 0.525149 0.0872349 0.0529041 0.0527299 0.00435521
0 0.589619 0.329368 0.476607 0.352035 0.00426809
0 0.4923 0.0341323 0.206452 0.0682647 0.00417749
0 0.732263 0.042946 0.0730679 0.0339733 0.00412795
0 0.407271 0.989467 0.126011 0.0210665 0.00412698
0 0.516878 0.0802065 0.0651142 0.0379363 0.00411945
2 0.480482 0.0291423 0.168816 0.0549607 0.00411511
0 0.730783 0.11191 0.0875193 0.0637225 0.00407001
0 0.510535 0.11213 0.258039 0.105375 0.00404755
2 0.926939 0.978094 0.146122 0.0438114 0.00400893
2 0.0835522 0.681176 0.167104 0.459121 0.00400273
0 0.789286 0.850406 0.421429 0.272573 0.00399194
0 0.316414 0.0512225 0.0567854 0.0406738 0.00391369
2 0.0801168 0.0274035 0.160234 0.054807 0.00391065
0 0.902517 0.0377912 0.158444 0.0735415 0.0039074
0 0.877018 0.244338 0.230867 0.47617 0.00386005
0 0.389084 0.987385 0.0758538 0.0252295 0.0038379
0 0.929318 0.0595841 0.0622661 0.0262773 0.00380561
0 0.764309 0.973621 0.0719247 0.0526886 0.00379411
0 0.444488 0.979566 0.227036 0.0408679 0.00378418
0 0.886098 0.0611401 0.227804 0.12228 0.00373254
0 0.887877 0.836231 0.224247 0.319449 0.00372683
0 0.509236 0.306109 0.57728 0.370482 0.00372291
0 0.887883 0.120195 0.224234 0.240391 0.00370109
0 0.567865 0.31598 0.154807 0.0771424 0.00369259
1 0.309354 0.600839 0.585616 0.203143 0.00367821
1 0.367542 0.711021 0.331625 0.229246 0.0036645
0 0.483699 0.985958 0.234734 0.0280834 0.00361693
1 0.675689 0.299499 0.632268 0.598997 0.00358754
2 0.169686 0.0303036 0.175324 0.0598555 0.0035866
0 0.514497 0.188328 0.0783289 0.0440318 0.00357927
0 0.858981 0.179879 0.262822 0.359366 0.00356349
0 0.736868 0.0691564 0.131441 0.136847 0.00355918
0 0.800076 0.578055 0.399849 0.341766 0.00351844
2 0.282443 0.0370734 0.501651 0.0741467 0.00351348
0 0.834599 0.547538 0.330803 0.520096 0.00348457
0 0.925569 0.223438 0.148862 0.432144 0.00347915
0 0.392359 0.251148 0.784719 0.413146 0.00346926
0 0.870356 0.338915 0.234341 0.487599 0.00345545
0 0.106346 0.2323 0.212691 0.464155 0.00343855
0 0.941856 0.31482 0.116287 0.447831 0.00343253
0 0.408642 0.0427116 0.154447 0.0482694 0.00341628
0 0.924626 0.614426 0.150749 0.490022 0.0034135
0 0.947427 0.372158 0.105146 0.425651 0.00340275
0 0.779837 0.0516138 0.0325473 0.0230032 0.00340171
0 0.434754 0.352282 0.869508 0.567624 0.00339041
0 0.102093 0.134853 0.0819972 0.0515416 0.00338146
2 0.72544 0.488621 0.539132 0.425488 0.00336491
0 0.871719 0.438099 0.253561 0.458099 0.0033625
0 0.437742 0.327342 0.734208 0.473122 0.00334131
0 0.941711 0.480648 0.116578 0.419385 0.00333338
0 0.647263 0.819342 0.698661 0.284062 0.00331903
0 0.514789 0.0266434 0.225478 0.0532867 0.00331148
1 0.33064 0.522677 0.647469 0.170294 0.00330293
1 0.394196 0.739222 0.772331 0.503688 0.00326863
2 0.0860664 0.571548 0.172133 0.515277 0.003252
0 0.0546022 0.0899385 0.109204 0.0718199 0.00324011
0 0.627918 0.981031 0.0449202 0.0333814 0.00323386
0 0.779633 0.642696 0.440733 0.412476 0.00322892
0 0.228168 0.330076 0.456336 0.660151 0.00320391
0 0.479889 0.211649 0.249061 0.0963677 0.00320261
0 0.616929 0.00836058 0.221176 0.0167212 0.0031956
0 0.702937 0.542587 0.586287 0.554468 0.00314607
1 0.188385 0.731354 0.37677 0.531353 0.00313775
2 0.901678 0.0382579 0.17174 0.0761413 0.0031163
0 0.0657764 0.101353 0.131553 0.0929044 0.0031151
0 0.337921 0.0506273 0.101454 0.0438628 0.00311192
1 0.524733 0.427275 0.435793 0.305049 0.00309336
1 0.318629 0.620497 0.61777 0.422502 0.00308584
1 0.437597 0.542359 0.722455 0.300624 0.00305368
0 0.0917225 0.286551 0.183445 0.486598 0.00304635
0 0.692562 0.0283116 0.206952 0.0562114 0.00303078
0 0.68535 0.455592 0.622769 0.507484 0.00302557
0 0.90855 0.801934 0.1829 0.385134 0.00294116
0 0.587409 0.317414 0.112243 0.0707698 0.00293545
0 0.606873 0.816476 0.756531 0.212712 0.00293104
0 0.727865 0.113673 0.0742547 0.0364324 0.00291624
1 0.329088 0.965466 0.658176 0.0690678 0.00291087
0 0.691901 0.367656 0.593683 0.581978 0.00289658
0 0.590565 0.0253925 0.174418 0.050785 0.00289627
1 0.839718 0.958793 0.320564 0.0824135 0.00288789
2 0.20778 0.0234823 0.110163 0.0469647 0.002884
0 0.467481 0.376483 0.934963 0.752966 0.00286194
0 0.100595 0.476989 0.201189 0.533243 0.00285198
0 0.910181 0.706669 0.179638 0.503283 0.00283025
0 0.489459 0.245231 0.373304 0.155844 0.00282443
0 0.864054 0.0381274 0.24525 0.0762548 0.00281336
1 0.35287 0.974373 0.705739 0.0512545 0.00280861
0 0.384531 0.989503 0.0963966 0.0209931 0.00280463
0 0.667656 0.98211 0.229738 0.0357794 0.0028013
1 0.251741 0.97861 0.503482 0.0427794 0.00279627
0 0.190594 0.604567 0.378684 0.620817 0.00279074
0 0.105395 0.353708 0.21079 0.499429 0.0027886
0 0.737328 0.064768 0.0952629 0.129536 0.00278203
0 0.081459 0.793213 0.162918 0.403535 0.00277835
0 0.691955 0.117519 0.0751622 0.0369004 0.0027604
0 0.417958 0.117534 0.295159 0.235069 0.00275649
0 0.118399 0.896833 0.236797 0.206335 0.00274528
0 0.410902 0.192282 0.457513 0.117825 0.00274173
0 0.394712 0.0864614 0.375367 0.172923 0.0027395
0 0.250239 0.182937 0.0517681 0.0354474 0.00273364
1 0.683463 0.928708 0.633074 0.142585 0.0027161
1 0.191977 0.0304729 0.133848 0.0606894 0.00270088
0 0.342 0.372515 0.684001 0.745029 0.00268773
0 0.174115 0.0313031 0.168036 0.0614431 0.00268454
2 0.171992 0.747357 0.343985 0.501494 0.00268391
0 0.0734608 0.849122 0.146922 0.301755 0.002672
0 0.244025 0.67441 0.488051 0.345343 0.00264099
0 0.507016 0.223959 0.0848944 0.0588693 0.00263181
0 0.365411 0.525722 0.730823 0.699481 0.00262668
0 0.498612 0.186443 0.0453655 0.0400048 0.00260324
0 0.759089 0.974664 0.204713 0.0500214 0.00259012
0 0.251312 0.190049 0.0435461 0.0248872 0.00259001
0 0.320413 0.178473 0.267029 0.198279 0.00257707
0 0.706459 0.669519 0.587081 0.451698 0.00256081
0 0.459219 0.491293 0.918437 0.792605 0.00256034
0 0.68333 0.122569 0.0916935 0.0448307 0.00254117
0 0.776162 0.794015 0.447677 0.311582 0.00253945
0 0.219728 0.491949 0.432137 0.651548 0.002527
0 0.529785 0.951109 0.768436 0.0977823 0.00252238
0 0.652425 0.00686588 0.0347245 0.0137318 0.00251959
0 0.214754 0.969076 0.429484 0.0602074 0.00250674
0 0.503801 0.983049 0.158826 0.0339016 0.00247879
0 0.926091 0.146589 0.0962178 0.0584042 0.00246388
0 0.290596 0.538109 0.562071 0.398137 0.00245239
0 0.532363 0.145449 0.160083 0.238763 0.00245201
0 0.523256 0.986172 0.173737 0.0275675 0.00244802
0 0.320889 0.139544 0.055429 0.0363062 0.00243941
1 0.299566 0.63139 0.584189 0.16549 0.00242581
2 0.561076 0.749129 0.814795 0.297599 0.00241866
0 0.814544 0.00694017 0.055806 0.0138803 0.00239705
0 0.17331 0.926257 0.34662 0.147486 0.00239055
1 0.293671 0.569633 0.587341 0.123787 0.00235255
0 0.437278 0.800043 0.874557 0.394859 0.00232963
1 0.318707 0.716557 0.287741 0.217881 0.0023173
0 0.6019 0.00934441 0.156735 0.0186888 0.00229744
0 0.48325 0.148544 0.238456 0.229605 0.00229353
2 0.158128 0.0304753 0.273021 0.0609506 0.0022864
0 0.298441 0.856981 0.583567 0.284348 0.00225588
0 0.371457 0.986569 0.182244 0.0268625 0.00223686
0 0.358369 0.32875 0.049864 0.038621 0.0022129
0 0.159828 0.77594 0.319655 0.447716 0.00221211
0 0.453273 0.0363661 0.0584099 0.0531565 0.00220524
0 0.717421 0.759557 0.565158 0.39328 0.00218363
0 0.647359 0.0181585 0.222051 0.0363171 0.00216212
