1 0.493489 0.537608 0.304485 0.529128 0.923375
1 0.533365 0.550282 0.23012 0.487149 0.0522997
2 0.26412 0.501609 0.526192 0.996782 0.0294551
1 0.566842 0.604738 0.159939 0.374401 0.0241951
1 0.477161 0.625836 0.348435 0.748327 0.0213351
1 0.339925 0.62482 0.622064 0.750361 0.0121099
1 0.503877 0.464074 0.258911 0.379721 0.0118698
1 0.576787 0.664453 0.139834 0.260803 0.0108086
2 0.109915 0.5 0.21983 1 0.010102
2 0.524043 0.403102 0.202233 0.255943 0.00967391
1 0.689257 0.516125 0.621487 0.561372 0.0092524
1 0.674309 0.428963 0.651381 0.857926 0.0083769
2 0.397564 0.493 0.795127 0.974898 0.00770463
0 0.184228 0.508457 0.366131 0.983087 0.00755193
2 0.350945 0.630503 0.70189 0.738993 0.00729392
0 0.27411 0.512196 0.543223 0.975608 0.00659979
0 0.102973 0.48748 0.205945 0.97496 0.00619318
1 0.542921 0.627425 0.211802 0.338442 0.00610596
2 0.727427 0.442514 0.540873 0.885027 0.0057609
2 0.957998 0.521702 0.0839382 0.828075 0.00548782
1 0.516077 0.481611 0.360243 0.420788 0.00544116
1 0.644571 0.563416 0.710857 0.747402 0.00522827
2 0.831821 0.490476 0.336359 0.980952 0.00502221
2 0.186281 0.50283 0.371654 0.988226 0.004915
2 0.909855 0.510585 0.180172 0.93959 0.00473235
1 0.656373 0.447724 0.687255 0.70589 0.00466991
1 0.457061 0.41461 0.750696 0.776607 0.00458362
1 0.405524 0.416141 0.546631 0.534112 0.00447275
1 0.465721 0.448728 0.406678 0.663962 0.00444756
2 0.577186 0.671291 0.136876 0.24249 0.00433109
1 0.679476 0.661664 0.641047 0.676671 0.00429696
0 0.0971481 0.363972 0.194296 0.727944 0.00416523
1 0.961817 0.442893 0.0763663 0.719878 0.0041401
1 0.913637 0.517147 0.171979 0.884058 0.0040994
1 0.41722 0.516475 0.138343 0.203717 0.00382019
1 0.457892 0.559613 0.447955 0.599131 0.00373096
2 0.414697 0.555629 0.139388 0.110061 0.00347127
0 0.919728 0.502309 0.159595 0.804618 0.00336872
2 0.868768 0.459814 0.262465 0.870558 0.0032819
2 0.685009 0.683715 0.622294 0.63257 0.00326483
0 0.961835 0.396552 0.0762215 0.740802 0.00321643
1 0.605974 0.36345 0.772713 0.726169 0.00320108
0 0.0933235 0.222074 0.186537 0.444148 0.00313489
2 0.953063 0.683861 0.0938739 0.632278 0.00311738
0 0.100314 0.66746 0.200223 0.660656 0.00297852
0 0.953953 0.183304 0.0920933 0.366609 0.00296207
0 0.104622 0.778539 0.209244 0.442922 0.00294303
2 0.946064 0.751053 0.107872 0.494754 0.00294142
1 0.38965 0.493357 0.779301 0.975451 0.00287444
0 0.512143 0.292014 0.930097 0.574177 0.00286014
0 0.10029 0.830805 0.200579 0.33839 0.00284548
0 0.369793 0.473593 0.726889 0.931942 0.00282905
2 0.342042 0.726041 0.684084 0.547918 0.00282359
0 0.161194 0.602466 0.321758 0.795067 0.00281306
0 0.945365 0.795688 0.10927 0.403418 0.0027905
0 0.955542 0.276083 0.0887783 0.552166 0.0027765
0 0.190206 0.242031 0.380412 0.484061 0.00277513
2 0.826602 0.646067 0.346796 0.701434 0.00276998
0 0.940827 0.871319 0.118346 0.257361 0.00276215
0 0.140869 0.726112 0.280578 0.547776 0.00275542
0 0.133096 0.255218 0.266193 0.510435 0.00274464
0 0.0859513 0.135202 0.171903 0.270405 0.00273769
1 0.494051 0.532039 0.303958 0.217063 0.00270703
1 0.65731 0.792358 0.68538 0.414028 0.00267728
2 0.962975 0.481205 0.07405 0.628978 0.00266611
0 0.327103 0.745423 0.654207 0.509154 0.0026604
2 0.959911 0.451687 0.0794723 0.425397 0.00265534
1 0.414741 0.553914 0.139832 0.120503 0.00264122
0 0.58264 0.673844 0.812258 0.651374 0.00262075
2 0.895352 0.694241 0.209007 0.599443 0.00261682
0 0.904011 0.146634 0.187731 0.293268 0.00259905
0 0.341925 0.141803 0.450689 0.283606 0.00258277
0 0.559688 0.134024 0.532507 0.268047 0.00257363
0 0.73246 0.766274 0.528322 0.467452 0.00256573
1 0.370984 0.761724 0.609437 0.470927 0.00255144
0 0.292348 0.95252 0.584695 0.0949589 0.00254506
0 0.14274 0.820967 0.28381 0.358066 0.0025446
0 0.471157 0.135888 0.479634 0.271776 0.00253716
0 0.688897 0.828349 0.612608 0.341123 0.00253645
0 0.917629 0.352755 0.163434 0.700615 0.00252915
0 0.336715 0.842787 0.673429 0.30773 0.0025249
0 0.236064 0.628932 0.470095 0.742137 0.00252031
0 0.202254 0.779615 0.403808 0.440771 0.00250893
0 0.713407 0.146433 0.44122 0.292866 0.00249847
1 0.458013 0.67784 0.668198 0.637285 0.00249841
0 0.141744 0.151437 0.269736 0.302874 0.00249025
0 0.526268 0.158149 0.707965 0.315676 0.00248724
2 0.777757 0.305559 0.434053 0.605528 0.00246237
0 0.126118 0.942608 0.252237 0.114784 0.00246149
0 0.160371 0.93323 0.313479 0.133539 0.00245747
2 0.953926 0.898956 0.0913265 0.195045 0.0024547
2 0.872634 0.761668 0.253841 0.461281 0.00244811
0 0.216215 0.147359 0.40608 0.294718 0.00244601
0 0.197363 0.9518 0.394725 0.0964007 0.00244242
0 0.629443 0.919975 0.606727 0.160049 0.00241469
0 0.204958 0.839139 0.404988 0.313185 0.00241232
0 0.83801 0.144416 0.315999 0.288832 0.00238248
1 0.958586 0.488003 0.0822912 0.440527 0.00236281
0 0.552459 0.224588 0.813642 0.449176 0.00233685
0 0.840341 0.798826 0.318276 0.397786 0.00231734
1 0.843637 0.940313 0.309456 0.119374 0.00229316
0 0.361978 0.255007 0.707467 0.510015 0.00228933
1 0.525285 0.40825 0.214163 0.265769 0.00228819
0 0.340015 0.167367 0.574996 0.334735 0.00227028
2 0.292268 0.660628 0.584537 0.673854 0.00225479
0 0.765966 0.917249 0.462892 0.165502 0.00221899
0 0.844345 0.31392 0.308295 0.62784 0.00221798
0 0.806225 0.932519 0.38755 0.134961 0.00221693
2 0.777236 0.22259 0.416582 0.445181 0.00220275
0 0.535382 0.947191 0.689033 0.105619 0.00219272
0 0.367317 0.94285 0.60764 0.114301 0.00218696
1 0.931774 0.830879 0.135128 0.337628 0.00214609
2 0.703795 0.254937 0.547173 0.509873 0.00211864
2 0.202438 0.655056 0.403459 0.689887 0.00203408
1 0.573436 0.700686 0.1394 0.186537 0.00201718
2 0.96038 0.364008 0.0787048 0.405905 0.00200586
0 0.932569 0.736666 0.133456 0.2993 0.00199077
2 0.788833 0.928648 0.137581 0.132853 0.00197243
1 0.936218 0.466618 0.126454 0.340867 0.00191264
2 0.938706 0.882562 0.120507 0.227317 0.00186894
1 0.54504 0.489527 0.179023 0.440951 0.00179021
1 0.945731 0.806837 0.108221 0.386327 0.00177782
2 0.769161 0.935017 0.112338 0.120203 0.00167106
0 0.955166 0.767788 0.0896685 0.464425 0.00162542
2 0.95068 0.85506 0.0983214 0.287967 0.0016067
0 0.958951 0.920071 0.0814324 0.159593 0.00159769
1 0.938872 0.920722 0.119647 0.144971 0.00156226
1 0.462572 0.492644 0.235262 0.298442 0.00155938
1 0.959241 0.574683 0.0815189 0.67195 0.00152607
2 0.963417 0.36083 0.0731668 0.72166 0.00149063
0 0.9546 0.852656 0.0908003 0.294689 0.00148537
1 0.932337 0.370379 0.134329 0.382201 0.001476
0 0.784514 0.928834 0.143272 0.136371 0.00147397
0 0.40899 0.553083 0.165841 0.111508 0.00146932
1 0.959224 0.351603 0.081282 0.476046 0.00138085
0 0.982579 0.399017 0.0348166 0.342331 0.00138076
0 0.804727 0.921669 0.147685 0.148255 0.00138012
2 0.936543 0.919206 0.120687 0.148379 0.00138007
1 0.962231 0.341569 0.0755388 0.683138 0.00136409
1 0.957351 0.561413 0.0847957 0.389848 0.00134956
1 0.492858 0.628423 0.304001 0.33322 0.00128351
1 0.954998 0.718502 0.0893322 0.406354 0.00127732
1 0.397471 0.575207 0.189844 0.161413 0.00126293
0 0.0340782 0.84463 0.0681564 0.303047 0.00125699
1 0.0185713 0.685506 0.0369373 0.628989 0.0012493
1 0.41213 0.626425 0.160587 0.283926 0.00123517
0 0.827552 0.920847 0.0997899 0.144382 0.00122118
2 0.0173054 0.711578 0.0342504 0.576845 0.00121889
2 0.0367415 0.861583 0.0730597 0.265226 0.00118748
0 0.991308 0.396843 0.0172318 0.266299 0.00118512
0 0.01987 0.789914 0.0395272 0.420172 0.00116807
1 0.93115 0.676482 0.136511 0.396747 0.00116512
0 0.0165788 0.739299 0.0328071 0.521401 0.00114848
0 0.0483648 0.914928 0.0966584 0.166588 0.00112812
2 0.827607 0.922465 0.10502 0.139609 0.00111964
2 0.570253 0.691852 0.231342 0.204802 0.00110724
0 0.891206 0.893611 0.217588 0.203218 0.00110527
1 0.926658 0.491089 0.144418 0.266896 0.00110163
1 0.908027 0.700002 0.183027 0.303087 0.00109152
1 0.957837 0.271262 0.0841972 0.484162 0.00107627
2 0.932777 0.567086 0.133232 0.311135 0.00105982
1 0.546145 0.698657 0.19898 0.202338 0.00105845
1 0.357837 0.619078 0.276049 0.270505 0.00105349
1 0.506457 0.682204 0.269574 0.250916 0.00105327
1 0.0221126 0.445573 0.044052 0.690318 0.00103925
1 0.558218 0.792003 0.197457 0.414469 0.00103562
1 0.380156 0.651593 0.226506 0.341029 0.0010298
1 0.0215189 0.58782 0.0429918 0.684607 0.001024
0 0.446835 0.696159 0.279308 0.454596 0.00101781
0 0.896438 0.768842 0.207123 0.286479 0.0010161
1 0.9187 0.543139 0.159528 0.300704 0.0010143
2 0.0235762 0.371428 0.0470884 0.663405 0.00100612
0 0.87706 0.91903 0.207464 0.15439 0.000989105
1 0.900347 0.90935 0.196918 0.168311 0.00097836
1 0.0671042 0.679119 0.133772 0.617519 0.000975348
1 0.887091 0.840738 0.225818 0.318525 0.000970805
0 0.947207 0.94809 0.105586 0.103821 0.000970637
2 0.470923 0.922116 0.128016 0.145961 0.000963786
0 0.440789 0.651402 0.197898 0.340088 0.000962544
1 0.936623 0.299506 0.125681 0.38731 0.000957052
0 0.500841 0.781213 0.269777 0.361225 0.000951452
1 0.417074 0.572409 0.13752 0.177601 0.00094947
0 0.0209639 0.248944 0.04178 0.497889 0.000948552
0 0.10203 0.883573 0.198756 0.223658 0.000944319
1 0.0232381 0.318489 0.0463923 0.636979 0.00094409
2 0.144554 0.923207 0.117889 0.143273 0.000935305
2 0.615098 0.900912 0.164093 0.190298 0.000931591
2 0.92013 0.981191 0.159741 0.0376186 0.000930691
2 0.0262731 0.168015 0.0525463 0.336031 0.000929776
2 0.074148 0.993606 0.148296 0.012788 0.000927265
0 0.118166 0.935646 0.139447 0.127268 0.000924634
2 0.374507 0.928719 0.127954 0.132814 0.000923233
1 0.0752741 0.837578 0.150417 0.322219 0.000920367
1 0.947613 0.113149 0.103569 0.226298 0.000912898
0 0.889966 0.827035 0.220068 0.345931 0.000912119
2 0.11537 0.917359 0.141573 0.155445 0.000910711
2 0.393626 0.933308 0.119655 0.122414 0.000907047
0 0.583795 0.829358 0.153305 0.341285 0.000905058
0 0.607524 0.851037 0.155381 0.297926 0.00090272
1 0.571798 0.526444 0.167271 0.47813 0.000900955
2 0.880918 0.914835 0.210714 0.156875 0.000899619
2 0.102158 0.994626 0.200071 0.0107484 0.000896934
2 0.0528902 0.974772 0.10578 0.0504565 0.000896044
2 0.168396 0.922404 0.131675 0.144334 0.000892158
0 0.559408 0.363998 0.125571 0.178268 0.000891933
1 0.405427 0.696154 0.239542 0.45424 0.000891223
2 0.514705 0.91753 0.1331 0.152398 0.000890044
2 0.0930163 0.895482 0.174582 0.198973 0.000889449
1 0.903912 0.0110244 0.188063 0.0220487 0.000886028
2 0.863192 0.484141 0.159239 0.231976 0.000884724
2 0.571764 0.7903 0.208751 0.4194 0.000882939
1 0.588109 0.0777926 0.178842 0.155585 0.000882185
2 0.345821 0.92438 0.144381 0.142286 0.000880623
2 0.906499 0.994696 0.182838 0.0106082 0.000880062
2 0.936242 0.959986 0.127516 0.0800286 0.000878645
0 0.48647 0.723374 0.212479 0.553253 0.000876023
2 0.781479 0.991611 0.190356 0.0167783 0.000875615
0 0.544052 0.799531 0.199261 0.400938 0.000874971
1 0.920922 0.0576897 0.154282 0.115379 0.000871687
1 0.0698375 0.23746 0.139271 0.474919 0.000868834
2 0.658721 0.0827234 0.141025 0.165447 0.000865576
2 0.0622077 0.129754 0.124415 0.259508 0.000861523
1 0.56458 0.458591 0.164413 0.361451 0.000860694
2 0.450901 0.9276 0.133677 0.131516 0.000859626
2 0.492199 0.931771 0.132196 0.13307 0.000856551
2 0.818251 0.92716 0.176218 0.136132 0.000855348
2 0.839281 0.671459 0.125051 0.236126 0.000855114
2 0.407425 0.105997 0.135039 0.211399 0.000854842
0 0.505447 0.357384 0.13966 0.163616 0.000854381
2 0.0172417 0.741022 0.0344834 0.32552 0.00085159
2 0.481315 0.994843 0.191073 0.0103148 0.000850741
2 0.897836 0.469707 0.164536 0.25771 0.000850716
2 0.434715 0.992997 0.196266 0.0140063 0.000850101
1 0.918423 0.330784 0.161268 0.320377 0.000849518
1 0.0674866 0.786662 0.134882 0.426677 0.000848067
2 0.0619063 0.985303 0.123813 0.0293947 0.000847704
1 0.0667765 0.362481 0.133033 0.647557 0.000846853
2 0.761619 0.985182 0.190739 0.0296353 0.000845181
1 0.0700604 0.145154 0.140121 0.290307 0.000844306
1 0.0850663 0.882506 0.170133 0.226195 0.000843745
0 0.893886 0.702983 0.212227 0.311002 0.000842097
2 0.563259 0.355642 0.122351 0.157044 0.000840411
2 0.804104 0.994454 0.207783 0.011092 0.000839818
2 0.0934858 0.93267 0.161772 0.134574 0.000839753
0 0.121523 0.902849 0.196899 0.185063 0.000839031
2 0.737653 0.941312 0.150971 0.111028 0.000838672
0 0.554077 0.853277 0.178274 0.293445 0.000835133
1 0.951889 0.171712 0.0962214 0.343424 0.000834441
2 0.838377 0.472127 0.137228 0.226571 0.000832577
2 0.295155 0.931273 0.123423 0.122306 0.00083102
1 0.0655999 0.530753 0.130593 0.590042 0.000828289
2 0.0675019 0.88893 0.135004 0.206449 0.000828214
1 0.94031 0.242368 0.118224 0.347639 0.000826106
2 0.528654 0.798287 0.241025 0.403426 0.000819441
2 0.583283 0.706364 0.291056 0.21601 0.000818663
0 0.488748 0.712079 0.279267 0.477717 0.000816958
0 0.340255 0.90315 0.214159 0.1937 0.000816859
2 0.144198 0.995553 0.230429 0.00889325 0.000816604
0 0.793336 0.877992 0.17626 0.244016 0.000813636
1 0.149206 0.00328321 0.284609 0.00656643 0.000812918
0 0.552326 0.409799 0.141958 0.268729 0.00080963
2 0.317719 0.928989 0.133138 0.131013 0.000807184
2 0.632747 0.861548 0.199286 0.276905 0.00080692
2 0.828127 0.639692 0.166456 0.324618 0.000805786
2 0.0808817 0.119213 0.161763 0.238425 0.000803527
2 0.854576 0.996744 0.229799 0.00651251 0.000803485
2 0.541831 0.908352 0.144182 0.172567 0.000803127
1 0.635783 0.0756258 0.170901 0.151252 0.000799294
1 0.89203 0.00490631 0.215941 0.00981263 0.000799243
2 0.741421 0.989839 0.182775 0.0203228 0.000799059
2 0.758766 0.564374 0.115819 0.177634 0.000797861
1 0.638432 0.0171057 0.298711 0.0342114 0.000797132
2 0.891448 0.494696 0.139865 0.225673 0.000793132
1 0.904427 0.626668 0.189384 0.322085 0.000792713
1 0.887196 0.996516 0.202138 0.00696802 0.000792093
1 0.900064 0.424782 0.199871 0.365773 0.000790489
2 0.814803 0.489007 0.133209 0.232207 0.000787027
2 0.563354 0.0749732 0.180091 0.147432 0.000785404
2 0.271378 0.933656 0.0964914 0.112505 0.000785291
1 0.936453 0.179133 0.125482 0.356496 0.000783358
2 0.523399 0.996285 0.191884 0.00743079 0.000783281
1 0.625596 0.672869 0.273253 0.27031 0.000783063
0 0.714908 0.194587 0.207419 0.358113 0.00078208
0 0.289928 0.518704 0.0727478 0.116092 0.000780097
1 0.906703 0.101014 0.179058 0.202028 0.000780049
1 0.531025 0.0147498 0.277443 0.0294995 0.000778292
2 0.607863 0.996858 0.158036 0.00628436 0.000778153
2 0.189782 0.915734 0.157685 0.157113 0.000778099
0 0.734707 0.878575 0.237712 0.24285 0.0007775
2 0.254149 0.995132 0.197084 0.0097359 0.000776736
0 0.465843 0.898409 0.154894 0.203182 0.00077554
2 0.577429 0.996776 0.17379 0.00644757 0.000774771
2 0.227755 0.995491 0.199562 0.00901892 0.00077435
1 0.496632 0.07093 0.130687 0.140047 0.000772687
2 0.480947 0.905615 0.145206 0.188769 0.000770984
0 0.467529 0.808152 0.182948 0.383697 0.000770749
0 0.369085 0.502154 0.252297 0.247161 0.000770671
0 0.420811 0.0900793 0.173785 0.180159 0.000770419
0 0.345843 0.93383 0.145887 0.131465 0.000770374
0 0.17876 0.88827 0.207504 0.223461 0.000769518
