1 0.516337 0.500604 0.885753 0.707986 0.755019
0 0.726324 0.924577 0.0689635 0.0577058 0.427185
1 0.528959 0.384382 0.833104 0.76411 0.294518
1 0.605285 0.473651 0.764461 0.592519 0.230156
1 0.709508 0.169612 0.413655 0.336505 0.222831
2 0.725447 0.923899 0.0700052 0.0581905 0.196387
1 0.616087 0.238064 0.607641 0.476057 0.166556
1 0.648304 0.181353 0.554391 0.361089 0.117817
1 0.525954 0.266596 0.801067 0.533193 0.113868
1 0.535408 0.614094 0.888624 0.636635 0.0970506
1 0.555213 0.165065 0.747576 0.329549 0.0880497
1 0.59949 0.0862921 0.652567 0.172294 0.0502883
1 0.661541 0.0634406 0.508399 0.126881 0.0502649
0 0.751215 0.803993 0.0468186 0.0468678 0.0344475
2 0.97342 0.079993 0.0531607 0.0903818 0.0299749
1 0.694833 0.305575 0.45289 0.61115 0.029632
1 0.605825 0.570346 0.764628 0.445965 0.0289769
1 0.52318 0.680875 0.856941 0.459033 0.0267209
1 0.695396 0.113118 0.438476 0.226237 0.0239264
1 0.972493 0.0885147 0.0550147 0.0729272 0.0230599
1 0.414864 0.623056 0.602474 0.57968 0.0212541
0 0.693078 0.924256 0.140396 0.0616577 0.018495
1 0.640401 0.337423 0.650606 0.65919 0.0184271
1 0.71108 0.594688 0.549706 0.352358 0.0175336
1 0.547821 0.0728912 0.904359 0.144869 0.0163492
0 0.787494 0.713487 0.15556 0.105068 0.0157284
1 0.362122 0.684775 0.443328 0.441644 0.0156701
1 0.60598 0.654934 0.76511 0.372207 0.0147989
1 0.640169 0.629839 0.695114 0.270325 0.0140184
1 0.786999 0.643986 0.396342 0.248352 0.0122064
1 0.368652 0.711561 0.353799 0.38057 0.0120187
1 0.70697 0.0436486 0.430389 0.0872971 0.0113534
0 0.97247 0.0853179 0.0550601 0.0785567 0.0113046
2 0.971419 0.0949164 0.0533132 0.0596823 0.0105798
2 0.734873 0.917394 0.085385 0.0734953 0.0100944
1 0.492911 0.296587 0.90645 0.404145 0.00949956
1 0.319687 0.752194 0.427604 0.303244 0.00930053
0 0.740846 0.946132 0.518309 0.103861 0.00925372
1 0.493539 0.764096 0.941001 0.45668 0.00911273
2 0.688095 0.92416 0.148212 0.0625953 0.00907021
1 0.79708 0.568622 0.385319 0.4065 0.00774872
1 0.718521 0.730088 0.53703 0.52706 0.00759415
1 0.465352 0.83697 0.907761 0.324577 0.00740803
1 0.365008 0.772924 0.330777 0.257855 0.00729996
1 0.465614 0.498048 0.931228 0.921115 0.00729116
2 0.468965 0.921207 0.841852 0.156668 0.00696363
1 0.710137 0.500682 0.557128 0.56963 0.00692165
0 0.805393 0.710423 0.183132 0.128827 0.00681158
0 0.782216 0.945447 0.326231 0.105645 0.00671684
0 0.540713 0.947439 0.799153 0.10409 0.00663065
1 0.444536 0.950238 0.831934 0.0983945 0.00658014
1 0.682448 0.0960604 0.635104 0.190204 0.00637452
2 0.702833 0.0902835 0.429244 0.180567 0.00623384
2 0.786508 0.707874 0.154779 0.103231 0.00616477
0 0.645923 0.952194 0.54048 0.0956125 0.00604179
1 0.81604 0.72947 0.348969 0.538492 0.00579203
2 0.970176 0.0750007 0.0596472 0.150001 0.00577357
2 0.965938 0.0635164 0.0681237 0.127033 0.00570352
2 0.484969 0.945306 0.861145 0.10808 0.00563742
1 0.376182 0.920723 0.752364 0.157727 0.00560429
1 0.711747 0.377883 0.576505 0.755767 0.00554368
0 0.492242 0.848078 0.883604 0.303845 0.00545314
0 0.815058 0.954086 0.369884 0.0912832 0.00526423
1 0.424654 0.96644 0.783469 0.0659154 0.00522721
0 0.844543 0.676374 0.293432 0.195644 0.00509213
1 0.288982 0.451336 0.577963 0.836076 0.00506767
1 0.656018 0.925505 0.216117 0.0714271 0.00498423
0 0.809844 0.734911 0.206068 0.143718 0.00490552
1 0.225768 0.363137 0.451537 0.694318 0.00473061
0 0.608001 0.785266 0.762421 0.417715 0.004555
1 0.285158 0.73811 0.544672 0.342987 0.00438418
0 0.844191 0.703282 0.26021 0.159726 0.00418645
1 0.432387 0.13483 0.823605 0.269565 0.00412824
1 0.87429 0.0716011 0.251421 0.143202 0.00410727
0 0.865264 0.757451 0.0835464 0.0559717 0.00406526
0 0.707452 0.819285 0.556725 0.354013 0.00403741
0 0.974553 0.113169 0.0507089 0.0248077 0.00397037
0 0.911292 0.950039 0.177416 0.099922 0.00396917
1 0.134778 0.29956 0.269555 0.562333 0.00391565
1 0.297374 0.923211 0.508013 0.151232 0.0039128
1 0.325516 0.967922 0.480995 0.0633389 0.00383992
1 0.363664 0.589134 0.727327 0.734286 0.00383154
1 0.883399 0.661463 0.233202 0.415004 0.00380843
0 0.915106 0.925811 0.169788 0.145839 0.0037232
0 0.838046 0.727703 0.148201 0.114635 0.0036982
1 0.830499 0.618032 0.339002 0.465954 0.00369532
0 0.791438 0.847059 0.410672 0.296675 0.00365172
1 0.905358 0.0804761 0.189285 0.160952 0.00359914
1 0.883187 0.29937 0.233626 0.59874 0.00356577
0 0.863936 0.761488 0.0691288 0.0464002 0.00351143
0 0.71709 0.92803 0.0554907 0.067767 0.00347016
0 0.726081 0.935982 0.0788253 0.0774749 0.00346885
0 0.768391 0.521154 0.463218 0.565132 0.00340895
0 0.832397 0.580393 0.335206 0.503493 0.00340764
2 0.342402 0.839168 0.372837 0.116439 0.00340464
1 0.364109 0.828294 0.31927 0.143589 0.0033996
0 0.78261 0.919502 0.196246 0.0697738 0.00335657
1 0.872721 0.233466 0.254558 0.466932 0.00334905
1 0.123724 0.457792 0.247448 0.793726 0.00330121
1 0.468852 0.196135 0.937705 0.36083 0.00327657
0 0.902731 0.860861 0.194538 0.277298 0.003259
1 0.899685 0.728016 0.200631 0.543967 0.00324805
1 0.970465 0.09727 0.0516097 0.0566673 0.00324574
2 0.969281 0.109123 0.0614375 0.203174 0.00321112
2 0.669096 0.914925 0.21677 0.081681 0.0031644
0 0.853023 0.375313 0.293953 0.700259 0.00309056
1 0.233088 0.554727 0.466176 0.823645 0.00308607
0 0.688479 0.967476 0.542524 0.0650478 0.00306207
0 0.771198 0.417926 0.457604 0.706753 0.00306005
0 0.901433 0.763139 0.197134 0.473722 0.00305411
0 0.126753 0.500806 0.253505 0.834476 0.00303343
1 0.564526 0.945733 0.696471 0.105564 0.00296366
0 0.315602 0.845824 0.432317 0.103596 0.00293021
0 0.701295 0.0371908 0.405003 0.0743817 0.00292886
0 0.104931 0.579793 0.209862 0.66938 0.0029159
0 0.731519 0.802475 0.0874979 0.0532922 0.00289605
1 0.784759 0.938975 0.430481 0.122049 0.00287383
0 0.123916 0.0876718 0.247833 0.175344 0.00286943
0 0.180778 0.205585 0.0965931 0.111284 0.00285074
1 0.62859 0.316453 0.486259 0.282042 0.00284628
2 0.0981189 0.616255 0.196238 0.543511 0.0028383
1 0.420582 0.0296944 0.518905 0.0593888 0.00278268
1 0.732205 0.650304 0.297391 0.231728 0.00277719
0 0.217249 0.589289 0.434497 0.747456 0.00274093
0 0.125288 0.133037 0.250575 0.266074 0.00273112
0 0.284879 0.963924 0.519959 0.070015 0.00269844
0 0.127044 0.182281 0.254087 0.360695 0.00267971
1 0.736243 0.946074 0.527515 0.106935 0.00265479
0 0.281227 0.134696 0.562454 0.269392 0.0026413
0 0.108183 0.892758 0.216365 0.214484 0.00262531
2 0.0845831 0.714908 0.169166 0.442338 0.00259288
0 0.770295 0.761715 0.0997487 0.133959 0.00257836
2 0.996306 0.073264 0.00738812 0.133014 0.00257211
0 0.15041 0.107243 0.300819 0.214486 0.00255542
1 0.277187 0.676706 0.554374 0.52769 0.00252899
1 0.540021 0.031905 0.378445 0.0635153 0.00251158
0 0.0541728 0.847122 0.108346 0.305255 0.00245087
0 0.264082 0.947232 0.523592 0.103589 0.00242011
0 0.144524 0.230356 0.289047 0.430088 0.0024192
2 0.965045 0.0896407 0.0699106 0.075032 0.00240559
1 0.277456 0.860255 0.545621 0.277515 0.00235452
1 0.72127 0.0863219 0.432246 0.172644 0.00235092
0 0.222207 0.241908 0.438046 0.454578 0.00230741
0 0.347811 0.201456 0.641417 0.352664 0.00226764
2 0.195822 0.691987 0.391643 0.552116 0.00225828
2 0.693356 0.278468 0.354074 0.212106 0.00225825
0 0.930582 0.257727 0.0329147 0.0294339 0.00222631
0 0.183581 0.916893 0.367161 0.166213 0.00222542
0 0.313608 0.296161 0.626115 0.563904 0.00222188
0 0.787492 0.748648 0.25738 0.151443 0.00221314
0 0.750804 0.686622 0.23444 0.155468 0.00218835
2 0.914936 0.0663273 0.170128 0.132655 0.00216699
1 0.579785 0.295647 0.611918 0.241428 0.00215777
2 0.365046 0.803872 0.326787 0.186212 0.00213753
0 0.272347 0.796141 0.544694 0.384966 0.002121
1 0.675588 0.288095 0.390316 0.228904 0.0020643
1 0.488892 0.607022 0.580298 0.182486 0.00205541
0 0.76047 0.742435 0.342458 0.169053 0.00204345
0 0.467216 0.258702 0.9139 0.458505 0.00202025
1 0.601 0.909071 0.344651 0.0981991 0.00197666
1 0.304462 0.894059 0.608924 0.211881 0.00194603
0 0.189812 0.843601 0.379625 0.307682 0.00191697
1 0.553477 0.615854 0.612087 0.219333 0.00191398
1 0.716436 0.972752 0.567128 0.0544969 0.00190015
1 0.90797 0.065567 0.18406 0.131134 0.00187719
1 0.526937 0.931568 0.741006 0.136614 0.00184924
1 0.439635 0.0316689 0.75215 0.0633378 0.00184685
1 0.550274 0.896221 0.454982 0.151127 0.0018207
0 0.84794 0.745024 0.119544 0.0832892 0.00181676
0 0.738899 0.697149 0.306007 0.141077 0.00181118
0 0.814319 0.635308 0.356703 0.27516 0.00179627
0 0.805356 0.91077 0.240644 0.0939587 0.00178442
2 0.990702 0.0710658 0.0185955 0.142132 0.0017228
1 0.773792 0.0565452 0.452417 0.11309 0.00171966
1 0.371713 0.712453 0.281086 0.466063 0.00171198
1 0.83828 0.909873 0.305282 0.161456 0.00168545
0 0.699112 0.249248 0.361961 0.208927 0.0016576
0 0.710502 0.0931041 0.409748 0.186208 0.00164652
2 0.955167 0.0658051 0.0896661 0.13161 0.00164439
0 0.212842 0.203155 0.160277 0.120182 0.00162719
1 0.676409 0.594067 0.633662 0.247153 0.00159452
1 0.62251 0.0464073 0.357344 0.0928146 0.00159357
1 0.479193 0.568818 0.541177 0.249203 0.00156925
1 0.438373 0.0407686 0.593311 0.0815371 0.00154637
1 0.634245 0.507563 0.60659 0.383275 0.00152919
2 0.175224 0.200741 0.106077 0.12025 0.00152885
1 0.665493 0.0415155 0.308536 0.0819221 0.00152208
1 0.287223 0.953887 0.574446 0.0905004 0.00151029
1 0.316341 0.876991 0.497444 0.188931 0.00150018
1 0.94242 0.0963486 0.115161 0.16172 0.00147131
1 0.702349 0.619853 0.449303 0.247268 0.00146797
1 0.623418 0.548273 0.753164 0.285303 0.00143794
1 0.360295 0.0265236 0.655661 0.0530472 0.00143233
1 0.486738 0.527164 0.581425 0.33631 0.00142553
0 0.514141 0.969698 0.662247 0.0606034 0.00142314
0 0.291525 0.884616 0.505507 0.211371 0.00141937
2 0.654709 0.0317064 0.375979 0.0633384 0.00138742
1 0.619242 0.452937 0.761516 0.297785 0.00137528
1 0.525109 0.90925 0.672727 0.172801 0.00136738
0 0.921231 0.272771 0.0526837 0.0642179 0.00136056
1 0.304395 0.0298765 0.608791 0.059753 0.00134587
1 0.241939 0.978294 0.483878 0.0434113 0.00133612
1 0.465414 0.973233 0.651779 0.0535344 0.0013332
1 0.321536 0.976935 0.601422 0.0461306 0.001329
2 0.671811 0.0258703 0.315071 0.0517407 0.00132896
1 0.612055 0.625189 0.390107 0.276668 0.00131586
2 0.287852 0.0415283 0.575705 0.0830567 0.00129403
0 0.24953 0.186714 0.235859 0.154651 0.00127839
2 0.761915 0.971649 0.476169 0.0567022 0.0012584
2 0.965186 0.127959 0.0696278 0.250354 0.0012552
0 0.739916 0.8054 0.0638094 0.0506039 0.00125302
1 0.468976 0.889872 0.748739 0.218305 0.00123684
1 0.540344 0.477405 0.737245 0.285082 0.00123314
0 0.786703 0.653226 0.263405 0.228686 0.00122549
0 0.285111 0.184751 0.330229 0.159313 0.00122536
2 0.268678 0.0564507 0.537355 0.110778 0.00122147
2 0.750536 0.0442705 0.225516 0.0885142 0.0012139
1 0.391496 0.636598 0.477483 0.319939 0.00121366
1 0.604456 0.266672 0.539598 0.184749 0.00121018
0 0.789661 0.860678 0.241329 0.188063 0.00120641
1 0.428213 0.601611 0.406545 0.186307 0.00119557
1 0.912096 0.932989 0.175808 0.13356 0.00118401
2 0.139806 0.172435 0.20827 0.182491 0.00118266
0 0.75003 0.040471 0.292688 0.0804892 0.0011773
0 0.178126 0.201883 0.0679735 0.101957 0.00117269
0 0.70268 0.219568 0.361229 0.298926 0.00117167
1 0.829714 0.108203 0.340572 0.216407 0.00116995
0 0.358968 0.836338 0.321667 0.119556 0.00116638
0 0.778681 0.859636 0.343184 0.175587 0.00115435
1 0.393093 0.86401 0.562694 0.124221 0.00115109
1 0.774437 0.057217 0.286835 0.113896 0.00113966
2 0.999053 0.0890447 0.00189398 0.157943 0.00113509
1 0.812307 0.0690595 0.375387 0.138119 0.00112432
0 0.543021 0.427729 0.770482 0.16639 0.00112283
2 0.747562 0.862135 0.171132 0.182478 0.00112095
2 0.673405 0.0169478 0.38126 0.0338956 0.00111445
1 0.357775 0.84464 0.332203 0.101432 0.00111322
1 0.64678 0.464703 0.536165 0.310468 0.00111193
1 0.112978 0.204428 0.225957 0.188753 0.0011105
0 0.631989 0.69733 0.511159 0.149269 0.00110933
2 0.181363 0.978084 0.362726 0.0438326 0.00110717
1 0.112372 0.251356 0.224745 0.291688 0.00110111
1 0.214744 0.281402 0.422069 0.290542 0.00109047
0 0.689511 0.858872 0.221796 0.187327 0.0010878
1 0.804564 0.769342 0.245155 0.174374 0.00106527
2 0.621621 0.0265462 0.218906 0.0530923 0.00106268
0 0.511399 0.415024 0.637333 0.120816 0.0010626
1 0.376617 0.0457938 0.753235 0.0902839 0.00105312
0 0.930639 0.259242 0.0456256 0.0370949 0.00105222
2 0.353301 0.0491351 0.706601 0.0971067 0.00105028
1 0.414384 0.531386 0.378473 0.346853 0.00104407
0 0.383883 0.284914 0.646955 0.203397 0.00104387
1 0.251714 0.162951 0.251286 0.209045 0.00104325
0 0.259264 0.202356 0.341464 0.123352 0.00101865
0 0.309511 0.221277 0.558208 0.14301 0.00101642
1 0.343634 0.228651 0.560584 0.141822 0.0010146
0 0.337554 0.256387 0.578432 0.185781 0.00100871
1 0.376868 0.250773 0.603224 0.16695 0.00100574
1 0.339197 0.697724 0.215488 0.387311 0.00100456
0 0.66678 0.680866 0.407423 0.16993 0.00100307
1 0.263792 0.0428978 0.527583 0.0857956 0.00100223
1 0.590476 0.672017 0.581686 0.195781 0.00100214
0 0.61385 0.744281 0.62582 0.210082 0.00100068
1 0.440518 0.733171 0.437434 0.400156 0.000996992
0 0.160185 0.202866 0.141654 0.111123 0.000992238
1 0.433949 0.62193 0.586084 0.230959 0.000989482
0 0.678512 0.792375 0.204329 0.0904125 0.00098799
1 0.613089 0.385637 0.773822 0.156092 0.000977758
2 0.0811723 0.803709 0.162345 0.372179 0.000977292
0 0.32927 0.184893 0.479472 0.164244 0.000977105
1 0.450283 0.0798146 0.570079 0.159433 0.000975828
2 0.964569 0.888072 0.0708616 0.223855 0.000974847
1 0.59411 0.643327 0.503488 0.264417 0.000974739
0 0.546444 0.399683 0.77228 0.131781 0.000968351
1 0.320629 0.310443 0.560087 0.298681 0.00096577
0 0.83932 0.763262 0.312277 0.177645 0.000963698
2 0.936832 0.903249 0.126336 0.193503 0.00095923
2 0.216121 0.0726723 0.432243 0.142875 0.000958254
0 0.911273 0.293461 0.0284722 0.0237983 0.000957045
0 0.207359 0.117547 0.414718 0.235094 0.000954763
2 0.978383 0.178253 0.0432335 0.343318 0.000952477
1 0.563108 0.346871 0.659313 0.284965 0.000943041
0 0.443845 0.110383 0.535031 0.220766 0.000940506
0 0.973953 0.156534 0.0520949 0.313068 0.000940351
1 0.277835 0.260994 0.552221 0.251921 0.000939835
2 0.5084 0.644902 0.726807 0.224416 0.000936175
2 0.928612 0.91644 0.142775 0.164353 0.000935142
0 0.263859 0.156613 0.283092 0.222332 0.000932053
0 0.405627 0.315993 0.668475 0.21206 0.000932016
1 0.115624 0.160902 0.231248 0.22122 0.000931346
0 0.435949 0.088548 0.654814 0.176368 0.000931064
0 0.634673 0.215753 0.21136 0.172625 0.000928403
2 0.968451 0.843138 0.0630984 0.313725 0.000928147
1 0.323907 0.198766 0.524589 0.135631 0.000927191
2 0.773316 0.0885051 0.257861 0.17701 0.000921929
0 0.486244 0.709651 0.588029 0.328288 0.00091944
1 0.202609 0.134718 0.405217 0.269436 0.000917542
2 0.0978421 0.216697 0.195684 0.333194 0.000917325
1 0.182381 0.211291 0.364762 0.14076 0.000914789
0 0.575802 0.690971 0.736049 0.179065 0.000913966
