1 0.495381 0.579638 0.738394 0.723097 0.921574
1 0.505871 0.481856 0.763149 0.511011 0.0909379
0 0.596004 0.977821 0.0795945 0.0443577 0.0754216
1 0.511779 0.389761 0.800183 0.351589 0.0278576
2 0.483743 0.977012 0.732046 0.0449185 0.0252584
0 0.576214 0.977304 0.123856 0.0450684 0.01882
0 0.503083 0.976534 0.596522 0.0469325 0.016745
1 0.406443 0.97485 0.697503 0.0503002 0.0156855
1 0.508753 0.692552 0.737224 0.446683 0.0141444
1 0.49963 0.369995 0.842279 0.735905 0.0134968
1 0.530952 0.340908 0.819519 0.485013 0.0109683
1 0.68994 0.388505 0.611071 0.775501 0.0109136
1 0.486216 0.935777 0.750421 0.128428 0.00898694
1 0.532326 0.179881 0.865222 0.35799 0.00780075
0 0.524764 0.977656 0.359921 0.0446877 0.0070863
2 0.50511 0.918147 0.771584 0.163706 0.00690911
1 0.867076 0.386158 0.252102 0.735777 0.00654917
1 0.578459 0.974078 0.731205 0.0518449 0.00619667
1 0.585901 0.264346 0.817366 0.528691 0.00591012
1 0.494777 0.817181 0.770177 0.357694 0.00588927
1 0.732709 0.307063 0.52055 0.596802 0.00578792
1 0.582029 0.0811425 0.769924 0.161959 0.00571451
1 0.588242 0.142117 0.821603 0.282352 0.00556297
2 0.508526 0.879377 0.853688 0.240958 0.00554626
2 0.597434 0.0689652 0.794473 0.137369 0.00542342
1 0.622808 0.745515 0.493307 0.322817 0.00493323
0 0.825801 0.115977 0.346002 0.230376 0.00487037
1 0.552746 0.740453 0.651166 0.355768 0.00463549
1 0.475509 0.233859 0.951017 0.465106 0.00445338
2 0.100174 0.558609 0.200349 0.800907 0.00430965
1 0.667395 0.960187 0.665211 0.0795349 0.0043044
0 0.37801 0.976776 0.599584 0.0458935 0.00423124
0 0.430411 0.942325 0.834416 0.11535 0.00422289
2 0.716914 0.0482034 0.562351 0.0964067 0.00411833
1 0.673159 0.207632 0.647254 0.415049 0.00403539
1 0.823892 0.443411 0.34219 0.877038 0.00376598
0 0.849346 0.0419024 0.301308 0.0837482 0.0037202
1 0.710056 0.128077 0.570883 0.255505 0.00371971
1 0.385348 0.963605 0.770696 0.0727908 0.00360834
2 0.166136 0.55583 0.332272 0.855543 0.00358351
2 0.0777867 0.476708 0.155573 0.800596 0.00346859
1 0.913359 0.353294 0.173283 0.672887 0.00344631
0 0.916547 0.0752676 0.166906 0.150535 0.00344248
0 0.923594 0.386822 0.152812 0.762937 0.00343662
0 0.625841 0.976367 0.61151 0.047266 0.0034111
0 0.911412 0.245794 0.177176 0.484036 0.00338679
0 0.891233 0.149737 0.217534 0.299474 0.0033514
0 0.854871 0.0967676 0.290257 0.193463 0.00334948
2 0.0771381 0.611359 0.154276 0.596548 0.00334471
2 0.695316 0.975267 0.592956 0.0494656 0.00322898
1 0.565314 0.782071 0.367029 0.279617 0.00322133
2 0.588625 0.972287 0.813191 0.0535177 0.0031972
2 0.508132 0.711184 0.813056 0.482736 0.00317973
1 0.491821 0.0679273 0.847211 0.134981 0.00313697
1 0.628766 0.470876 0.742467 0.930267 0.00313138
1 0.487728 0.420119 0.573618 0.468199 0.00310216
2 0.776871 0.106977 0.435934 0.213676 0.00309209
1 0.586143 0.929635 0.699911 0.140729 0.00309045
2 0.542304 0.711128 0.915392 0.577743 0.00305663
1 0.529359 0.742539 0.911664 0.464213 0.00304392
0 0.866621 0.244433 0.262811 0.475929 0.00303096
2 0.356855 0.55405 0.71371 0.871656 0.00299535
0 0.485752 0.389323 0.971505 0.756245 0.00297028
1 0.602054 0.655543 0.477005 0.412412 0.00296985
0 0.0910023 0.313864 0.182005 0.549631 0.00296326
2 0.441358 0.828196 0.882717 0.338598 0.00288752
0 0.920957 0.94408 0.158086 0.11184 0.0028718
0 0.117428 0.0802904 0.234857 0.160581 0.00286058
1 0.499467 0.539561 0.729507 0.285758 0.00284775
1 0.326231 0.956515 0.652462 0.0867684 0.00283324
1 0.309353 0.976943 0.618705 0.0461142 0.00278137
1 0.48554 0.121837 0.869457 0.242316 0.00277564
2 0.951496 0.747319 0.0970073 0.493176 0.002697
0 0.26702 0.976807 0.534041 0.0463857 0.00269251
0 0.118537 0.223174 0.237075 0.397625 0.0026869
0 0.258663 0.395348 0.517327 0.782577 0.00268293
0 0.939496 0.505429 0.121009 0.670131 0.00265256
0 0.952651 0.636945 0.0946984 0.584784 0.00264396
0 0.116495 0.904858 0.232991 0.190285 0.00263957
0 0.778072 0.153995 0.431799 0.303596 0.00262399
0 0.955931 0.733587 0.0881382 0.482966 0.00259481
0 0.117875 0.125006 0.235751 0.250011 0.00258366
2 0.925932 0.77258 0.148136 0.428968 0.00257249
0 0.727725 0.608071 0.54455 0.690682 0.00256209
0 0.921723 0.876343 0.156555 0.240181 0.00256143
2 0.684208 0.725327 0.631584 0.549345 0.00253731
0 0.917525 0.825572 0.16495 0.322686 0.00248783
1 0.721962 0.92899 0.556077 0.141448 0.00248255
0 0.0636694 0.72271 0.127339 0.446024 0.00246042
2 0.537327 0.58695 0.747839 0.69706 0.00244237
0 0.0534741 0.774204 0.106948 0.404225 0.0024231
0 0.228993 0.254364 0.457986 0.491083 0.0024199
0 0.0512057 0.850376 0.102411 0.299248 0.00241286
0 0.216623 0.971698 0.432842 0.0543964 0.00241279
0 0.435648 0.204765 0.863741 0.385946 0.00240988
0 0.768068 0.539699 0.453662 0.745138 0.00240914
1 0.536276 0.588745 0.71422 0.314213 0.00240815
0 0.62277 0.508124 0.75446 0.863002 0.00240602
0 0.193105 0.439774 0.386209 0.860165 0.00238751
0 0.704515 0.964251 0.590969 0.0692078 0.00238261
1 0.460448 0.558847 0.920897 0.837166 0.00238118
0 0.693457 0.70994 0.613086 0.563627 0.00236459
0 0.3204 0.525797 0.6408 0.913096 0.00233167
1 0.468258 0.675956 0.890613 0.558343 0.00231689
0 0.18377 0.208457 0.367541 0.393815 0.00229744
1 0.488995 0.383594 0.663223 0.291668 0.00228081
0 0.139494 0.072468 0.278988 0.144936 0.0022803
0 0.175938 0.96334 0.351877 0.0733207 0.00225496
2 0.2569 0.0615148 0.50339 0.122498 0.00221499
0 0.461204 0.542892 0.918163 0.863263 0.00220853
1 0.583175 0.841677 0.763573 0.315408 0.00216811
0 0.565755 0.978018 0.212139 0.0439644 0.00212303
0 0.302266 0.936218 0.5886 0.126769 0.00212167
0 0.410716 0.838318 0.821433 0.322055 0.00209599
1 0.515166 0.489932 0.659111 0.4062 0.00205165
0 0.299969 0.1642 0.599938 0.320588 0.00199254
0 0.716544 0.825085 0.543965 0.332928 0.0019868
0 0.732478 0.974186 0.535044 0.0516278 0.0019517
0 0.785888 0.867808 0.396718 0.259109 0.00194697
0 0.254487 0.129541 0.508973 0.258231 0.00188326
1 0.341529 0.929938 0.683058 0.138454 0.00186901
0 0.156272 0.693809 0.312545 0.575296 0.00186633
0 0.163478 0.864398 0.326956 0.26824 0.0017994
1 0.534693 0.798982 0.297352 0.221386 0.00174221
0 0.168164 0.779265 0.336327 0.431639 0.00172268
2 0.266335 0.698609 0.53267 0.579487 0.00164393
0 0.219282 0.835131 0.438563 0.326892 0.00161455
0 0.499995 0.373145 0.582975 0.300447 0.00160443
0 0.312797 0.786619 0.583037 0.424686 0.00159831
2 0.361943 0.744204 0.689844 0.506113 0.00159055
1 0.463486 0.466632 0.730109 0.2988 0.00158984
2 0.190747 0.97894 0.381494 0.0421208 0.00153391
1 0.434235 0.510989 0.682759 0.248159 0.00151239
0 0.250699 0.751461 0.495642 0.486152 0.00150868
0 0.80202 0.0373871 0.39596 0.0739431 0.00147924
1 0.515579 0.755292 0.340475 0.317841 0.00146663
1 0.416859 0.574665 0.571278 0.291422 0.00142629
2 0.235928 0.0956898 0.471856 0.19138 0.00142287
1 0.741921 0.94618 0.516157 0.106568 0.0014153
0 0.523451 0.901693 0.510184 0.196613 0.00139747
1 0.238989 0.95338 0.477977 0.0910862 0.00136657
1 0.61784 0.799771 0.471707 0.224425 0.00135149
0 0.389648 0.548551 0.538036 0.269942 0.00133834
1 0.601954 0.58846 0.513409 0.41324 0.00133073
0 0.46433 0.403392 0.711832 0.265551 0.00132578
0 0.642401 0.979882 0.313283 0.040237 0.00131814
2 0.274469 0.0411115 0.548937 0.0822229 0.00130459
0 0.405339 0.0369986 0.71228 0.0739972 0.00130191
0 0.652803 0.975016 0.373756 0.0499678 0.00126408
0 0.427218 0.475089 0.692916 0.179968 0.00126157
0 0.392181 0.509039 0.586048 0.195187 0.00124606
0 0.505182 0.983372 0.388534 0.0332554 0.00124422
0 0.627331 0.0359963 0.603621 0.0711411 0.00124152
0 0.34729 0.51564 0.420005 0.194876 0.00121862
1 0.505345 0.626465 0.578808 0.429143 0.00121062
0 0.7589 0.107819 0.482201 0.215638 0.00119131
0 0.748298 0.077537 0.477941 0.155074 0.00118747
1 0.508698 0.670918 0.441853 0.383464 0.00118506
0 0.391988 0.468404 0.59268 0.144457 0.00118489
0 0.373905 0.55603 0.483546 0.184345 0.00117823
0 0.809191 0.0283095 0.330808 0.0561974 0.00117038
2 0.878604 0.121543 0.242792 0.243085 0.00116875
0 0.712329 0.0332505 0.421987 0.0656086 0.00115861
0 0.886723 0.0485515 0.226554 0.0956424 0.00115833
2 0.285142 0.93014 0.570285 0.138592 0.00113888
0 0.515609 0.843423 0.342147 0.132358 0.00112761
2 0.734869 0.910669 0.530262 0.178661 0.00112542
0 0.497567 0.125807 0.483812 0.251613 0.00112527
1 0.494994 0.319403 0.650407 0.187245 0.00111318
1 0.590149 0.0237195 0.509441 0.047439 0.00111292
2 0.392186 0.0478464 0.721079 0.0941873 0.00111285
1 0.412514 0.0268965 0.613883 0.0537929 0.00110966
1 0.277186 0.0277097 0.554373 0.0554195 0.0011005
0 0.644293 0.892918 0.639555 0.214164 0.00109826
0 0.430851 0.440769 0.686549 0.138049 0.00108688
0 0.198768 0.106751 0.364637 0.210696 0.00108211
2 0.0910642 0.0829035 0.182128 0.165558 0.00107963
0 0.431603 0.0209741 0.574706 0.0419483 0.00107523
0 0.662772 0.0711924 0.333399 0.141793 0.00106132
0 0.431628 0.0318664 0.565315 0.063584 0.00105486
0 0.293048 0.609411 0.422746 0.220392 0.00104924
2 0.853676 0.931559 0.292648 0.136882 0.00104255
0 0.46543 0.113973 0.634608 0.227945 0.00104233
0 0.277596 0.58101 0.339069 0.197562 0.00103675
0 0.519381 0.0203826 0.445793 0.0407653 0.00103607
2 0.124171 0.0885671 0.248341 0.17476 0.00103197
0 0.313351 0.551873 0.338868 0.162022 0.00103135
0 0.654094 0.0483612 0.522657 0.0964564 0.00103046
0 0.416527 0.620962 0.529542 0.247283 0.0010245
0 0.546557 0.318579 0.469518 0.183576 0.00102231
0 0.550679 0.27332 0.280999 0.0972861 0.00101896
0 0.823605 0.0803198 0.349254 0.16064 0.0010112
0 0.700095 0.044809 0.599809 0.0884972 0.00101075
0 0.891019 0.0906522 0.217962 0.181304 0.00100449
0 0.695246 0.0942262 0.400045 0.188452 0.00100273
0 0.0811171 0.234075 0.162234 0.304262 0.000994237
0 0.268242 0.63742 0.480608 0.244159 0.000993696
2 0.552128 0.0332629 0.589224 0.0659838 0.000991423
0 0.459211 0.0461895 0.762195 0.091589 0.000986284
0 0.557066 0.148127 0.353981 0.266894 0.000975913
0 0.417634 0.0873071 0.661925 0.174614 0.000975456
2 0.161075 0.112157 0.32215 0.224314 0.000970107
0 0.288319 0.536205 0.280635 0.161556 0.000961329
2 0.754966 0.945107 0.490069 0.108668 0.000958758
1 0.54108 0.401491 0.488065 0.385402 0.000955411
1 0.64736 0.857681 0.536705 0.277714 0.000950796
2 0.114175 0.0588151 0.228351 0.11763 0.000949107
0 0.286957 0.503784 0.276901 0.177914 0.000946337
0 0.40445 0.910962 0.753424 0.175751 0.000938201
0 0.0856242 0.123445 0.171248 0.222969 0.000934704
1 0.747014 0.854525 0.505971 0.283514 0.000933768
0 0.709014 0.134634 0.427583 0.25724 0.00093327
0 0.4382 0.393223 0.683808 0.187634 0.000928045
0 0.244277 0.503501 0.215085 0.159238 0.000924804
1 0.428369 0.0474811 0.726136 0.0940921 0.000923356
2 0.0758855 0.206997 0.151771 0.307423 0.000922339
0 0.335189 0.590562 0.391565 0.191303 0.000921588
0 0.292027 0.90939 0.584055 0.179991 0.000915794
2 0.982007 0.854127 0.0359863 0.291745 0.000904804
0 0.877692 0.124669 0.243941 0.249338 0.000904472
0 0.47509 0.154662 0.457422 0.204507 0.000896295
1 0.223442 0.0540096 0.446883 0.108019 0.000894514
0 0.900375 0.0579822 0.199249 0.115964 0.00089333
2 0.974779 0.826764 0.0504411 0.346472 0.000893231
0 0.189215 0.51652 0.37843 0.184875 0.000890593
0 0.528519 0.804682 0.30373 0.211061 0.000888971
1 0.47381 0.711314 0.374539 0.362853 0.000888613
0 0.230342 0.597121 0.460683 0.299431 0.00088588
0 0.146771 0.125729 0.293265 0.222173 0.000884895
2 0.511402 0.0424545 0.655928 0.0842266 0.000879488
0 0.581541 0.183768 0.31908 0.240563 0.000874568
2 0.143936 0.971917 0.287871 0.0561659 0.000872568
0 0.409626 0.162465 0.382745 0.193772 0.00087251
0 0.587389 0.175283 0.42045 0.184962 0.000872244
1 0.273412 0.910665 0.524204 0.178114 0.000867907
0 0.235231 0.282685 0.290306 0.166336 0.000865054
0 0.674049 0.818818 0.485993 0.214891 0.000860492
0 0.168987 0.596105 0.337974 0.292685 0.000859139
0 0.796469 0.908725 0.399992 0.182549 0.000859054
0 0.78551 0.217712 0.411222 0.257207 0.000858403
2 0.500395 0.804045 0.27793 0.209339 0.000856821
1 0.0406359 0.0523385 0.0812719 0.104677 0.000855392
0 0.386355 0.65149 0.453513 0.242891 0.000853197
2 0.963166 0.888711 0.0736683 0.222579 0.000852919
1 0.582413 0.459624 0.481988 0.484509 0.000852848
0 0.241283 0.811497 0.378994 0.187394 0.000848869
0 0.333659 0.105724 0.607379 0.210496 0.000848805
2 0.0926836 0.259558 0.185367 0.283402 0.000847417
0 0.269951 0.297913 0.416347 0.146862 0.000846862
2 0.989608 0.210235 0.0207846 0.301004 0.000844089
2 0.791259 0.972911 0.417482 0.0541782 0.000842612
2 0.88169 0.911488 0.230112 0.175532 0.000842057
0 0.18846 0.743275 0.220079 0.164821 0.000840454
2 0.0837124 0.417932 0.167425 0.492842 0.00084029
0 0.296181 0.213838 0.218462 0.173057 0.00084022
1 0.585759 0.827522 0.402998 0.172592 0.000839516
1 0.738277 0.813526 0.523445 0.222018 0.000838181
0 0.0849367 0.292082 0.169873 0.396057 0.000832931
0 0.227169 0.656037 0.388605 0.299266 0.000829225
0 0.404625 0.852356 0.564159 0.120261 0.000827013
0 0.0786654 0.1517 0.157331 0.3034 0.000826683
0 0.00643891 0.128587 0.0128778 0.257175 0.000824095
2 0.236547 0.950125 0.473095 0.0980942 0.000822763
0 0.0968991 0.95945 0.193798 0.0811003 0.000822073
2 0.0964938 0.73308 0.192988 0.311144 0.000821955
0 0.232952 0.839412 0.339993 0.168768 0.000821592
0 0.185344 0.777143 0.321783 0.179671 0.00082051
2 0.734868 0.793414 0.530264 0.211609 0.000819382
0 0.162735 0.221288 0.325469 0.217223 0.000819247
2 0.00411023 0.0913049 0.00822046 0.18261 0.000819137
2 0.960929 0.727073 0.0781415 0.418247 0.000817189
0 0.69471 0.176297 0.391168 0.235577 0.000817143
0 0.721061 0.22834 0.440347 0.194109 0.000817061
0 0.285071 0.238139 0.320624 0.195292 0.000816172
0 0.447046 0.809035 0.262873 0.198542 0.000815978
0 0.402282 0.129454 0.430826 0.192625 0.00081528
0 0.248385 0.706822 0.384669 0.232438 0.000813562
0 0.240318 0.892438 0.480636 0.180171 0.000812526
0 0.351325 0.677339 0.54388 0.22649 0.000812148
0 0.0119198 0.639907 0.0238395 0.433835 0.000810515
2 0.011653 0.618363 0.023306 0.429446 0.000809896
0 0.44019 0.684475 0.418812 0.304139 0.000809632
0 0.0103276 0.710899 0.0206553 0.473323 0.000808098
1 0.832688 0.955562 0.334625 0.0888767 0.000807979
0 0.277968 0.285572 0.249679 0.156383 0.000807701
0 0.268555 0.217161 0.256832 0.202302 0.000807274
2 0.984585 0.247688 0.03083 0.366561 0.000807157
0 0.0430648 0.928248 0.0861296 0.143503 0.000807038
0 0.0316338 0.889864 0.0632675 0.220271 0.000806735
2 0.187293 0.0558582 0.374585 0.111716 0.000806658
2 0.0836784 0.716179 0.167357 0.434473 0.000806169
0 0.195165 0.28816 0.39033 0.200096 0.000803794
0 0.378471 0.438912 0.514661 0.121951 0.000803186
0 0.229839 0.310547 0.459678 0.181582 0.000802954
0 0.0159458 0.806093 0.0318916 0.387815 0.000801936
0 0.142949 0.168048 0.28468 0.230299 0.000801344
0 0.546591 0.248709 0.288154 0.127839 0.000801069
0 0.62924 0.137662 0.47498 0.214021 0.000796185
0 0.00690914 0.416647 0.0138183 0.482642 0.000796152
0 0.0043388 0.252526 0.0086776 0.425024 0.000795703
