1 0.380919 0.599565 0.24539 0.392701 0.514189
0 0.915907 0.469068 0.127085 0.162615 0.149654
1 0.380954 0.714493 0.252607 0.571013 0.114124
2 0.977699 0.0535512 0.042984 0.107102 0.0808212
2 0.522135 0.481596 0.955731 0.963192 0.0701371
1 0.257657 0.698605 0.505412 0.602791 0.0638342
0 0.915795 0.446846 0.121842 0.121492 0.0562453
2 0.976137 0.0949101 0.046327 0.18982 0.0451518
1 0.517233 0.479441 0.963682 0.958881 0.0348765
0 0.777592 0.380108 0.0478317 0.0923838 0.0311955
1 0.262132 0.506959 0.510613 0.580015 0.0288762
0 0.91202 0.636765 0.174945 0.544468 0.0278772
0 0.779623 0.377472 0.0571556 0.12888 0.0254568
0 0.984634 0.559932 0.030249 0.113593 0.0251609
1 0.481341 0.538221 0.757099 0.526018 0.024582
0 0.984133 0.565127 0.0317331 0.15624 0.0245038
0 0.934394 0.44557 0.084951 0.0946492 0.0194468
0 0.821533 0.598186 0.355501 0.516462 0.0186752
0 0.899397 0.562357 0.200117 0.465234 0.0183944
1 0.489761 0.589223 0.633058 0.423238 0.0182978
1 0.298629 0.488855 0.593258 0.95393 0.0182432
0 0.926853 0.430539 0.108585 0.140846 0.0177615
0 0.477144 0.471146 0.954288 0.942291 0.0166289
0 0.82231 0.503847 0.349499 0.401768 0.0161629
0 0.979604 0.0453977 0.0407909 0.0907953 0.0160834
0 0.750235 0.553236 0.485275 0.730954 0.0158614
2 0.973211 0.0757447 0.0512327 0.151489 0.0157514
1 0.41907 0.446175 0.787858 0.773748 0.0155385
0 0.942476 0.684305 0.115048 0.598248 0.0149785
0 0.785176 0.538196 0.421966 0.499689 0.0148093
1 0.463813 0.707996 0.761872 0.584008 0.0141614
0 0.850058 0.671092 0.299884 0.596087 0.0137813
0 0.778023 0.662924 0.441048 0.628932 0.0136389
0 0.976119 0.101432 0.0477617 0.202863 0.0136318
0 0.27632 0.458272 0.0812029 0.151807 0.0132978
0 0.925456 0.485006 0.145818 0.221699 0.0124635
0 0.929056 0.586273 0.140928 0.562635 0.0120345
0 0.248826 0.494937 0.494648 0.989875 0.0114595
2 0.776749 0.691324 0.442341 0.617352 0.0113946
0 0.759191 0.41192 0.466772 0.823841 0.0111313
0 0.654081 0.480434 0.691838 0.960868 0.0108471
0 0.831524 0.37782 0.334398 0.715686 0.0102485
0 0.805181 0.555268 0.0608093 0.120799 0.0100824
0 0.877565 0.477021 0.0424846 0.0810316 0.0100576
0 0.952393 0.866726 0.0950489 0.261362 0.009983
0 0.884989 0.471189 0.0606533 0.0930046 0.00969293
0 0.89147 0.485369 0.216998 0.802209 0.00964951
0 0.95511 0.207046 0.089781 0.414093 0.00964496
0 0.970874 0.145368 0.0582058 0.290737 0.00941811
0 0.976569 0.669952 0.0468626 0.385635 0.00934246
0 0.989057 0.543302 0.0218861 0.0815922 0.00912857
0 0.905764 0.153299 0.185505 0.306598 0.00895655
0 0.963516 0.451913 0.025177 0.0471187 0.00889178
0 0.776853 0.360617 0.048644 0.0833152 0.00852298
0 0.906825 0.465704 0.104551 0.105546 0.00851134
0 0.605088 0.623778 0.789825 0.680123 0.00838439
0 0.804452 0.536103 0.0486785 0.0837452 0.00831073
1 0.550087 0.644851 0.899827 0.542843 0.00827435
0 0.925648 0.896294 0.14696 0.202487 0.00824187
0 0.950854 0.906416 0.0967629 0.187168 0.00820019
0 0.97705 0.544556 0.0445568 0.309022 0.0081634
0 0.118805 0.398067 0.237611 0.796133 0.0077498
0 0.92894 0.515993 0.139824 0.362433 0.00754563
0 0.925521 0.244518 0.147889 0.489037 0.00750313
0 0.883438 0.486646 0.228024 0.203872 0.00749057
0 0.93063 0.46281 0.137048 0.765258 0.00747243
0 0.303205 0.457688 0.135833 0.155014 0.00736763
0 0.778083 0.376524 0.0446056 0.0475149 0.00720956
0 0.951529 0.353228 0.0969424 0.706456 0.00719897
1 0.37434 0.631091 0.226739 0.297172 0.00715118
0 0.951629 0.821865 0.0967413 0.35627 0.00699709
0 0.962095 0.132263 0.0758107 0.264527 0.00677287
1 0.978294 0.0495584 0.043412 0.0991167 0.00663374
2 0.944268 0.0530846 0.109349 0.106169 0.00605697
2 0.588107 0.689692 0.823785 0.620616 0.006016
0 0.706627 0.689908 0.579792 0.620185 0.00589086
0 0.0971229 0.288752 0.194246 0.577504 0.0057422
2 0.964894 0.109071 0.0692921 0.218142 0.00571651
0 0.884303 0.359222 0.231393 0.718444 0.00559649
0 0.928403 0.383651 0.133551 0.276348 0.00545303
0 0.973583 0.736331 0.0528346 0.527339 0.00535673
0 0.962998 0.774576 0.0740048 0.450848 0.00526521
0 0.853688 0.168161 0.288638 0.336321 0.00520321
0 0.893332 0.434885 0.177424 0.198059 0.00511854
0 0.967892 0.60978 0.0642166 0.412729 0.00505404
0 0.306495 0.330767 0.611538 0.641147 0.00501725
0 0.707712 0.649148 0.0662902 0.09885 0.00500053
1 0.484857 0.804918 0.808937 0.390164 0.00499923
1 0.229034 0.83392 0.455893 0.3262 0.00499103
0 0.875534 0.239687 0.248933 0.479375 0.00495621
0 0.484235 0.345668 0.968469 0.688331 0.00483752
0 0.0172523 0.23107 0.0342557 0.390614 0.00464515
2 0.919736 0.0569172 0.160238 0.113834 0.00461043
0 0.963295 0.709763 0.0728577 0.458827 0.00450148
0 0.991014 0.576668 0.0179714 0.166609 0.00443926
0 0.89002 0.832745 0.219959 0.334509 0.00432753
0 0.79454 0.367821 0.0989812 0.182602 0.00413547
0 0.36305 0.445755 0.7261 0.865454 0.00411409
0 0.959636 0.776924 0.0798801 0.373881 0.00405445
1 0.389113 0.88599 0.684596 0.22802 0.00399828
0 0.943858 0.438842 0.065686 0.0834817 0.00386993
0 0.985748 0.68485 0.0285038 0.252076 0.00386711
0 0.774981 0.394877 0.0484023 0.0982541 0.00385243
0 0.0875969 0.223074 0.175194 0.446148 0.00384169
0 0.924884 0.828103 0.148423 0.343795 0.00381772
0 0.92434 0.436185 0.0975868 0.0863613 0.00380481
0 0.575099 0.729106 0.849801 0.541788 0.00379155
0 0.514541 0.236726 0.925147 0.465708 0.00376004
0 0.90197 0.905598 0.191635 0.188805 0.00370781
1 0.294301 0.89807 0.574926 0.20386 0.00365861
2 0.904539 0.902423 0.186215 0.194508 0.0035753
2 0.837 0.181933 0.316561 0.363865 0.00355972
0 0.0181294 0.343268 0.0362587 0.495475 0.0035584
2 0.766894 0.258139 0.460068 0.512959 0.00353546
0 0.160135 0.251396 0.319441 0.486852 0.00349381
0 0.73526 0.836624 0.51673 0.326752 0.00339525
0 0.808014 0.824414 0.381324 0.351172 0.00338444
0 0.990491 0.729856 0.0188631 0.150371 0.00338337
0 0.957399 0.452465 0.03652 0.055919 0.00336416
0 0.856638 0.949801 0.0968151 0.100398 0.00331357
0 0.688886 0.285257 0.619845 0.568877 0.00329476
2 0.85805 0.0701981 0.194434 0.140396 0.00328512
0 0.866283 0.500567 0.247199 0.254798 0.00312034
0 0.410169 0.156691 0.767219 0.313381 0.00309972
2 0.821992 0.0502056 0.130367 0.100411 0.00309217
0 0.844233 0.967768 0.0699274 0.0610116 0.00308146
0 0.347301 0.429045 0.0487369 0.068158 0.00308116
0 0.471551 0.141341 0.5336 0.273121 0.00305251
0 0.276647 0.244557 0.553295 0.473548 0.00304547
0 0.761995 0.142382 0.453075 0.284765 0.00304399
1 0.219027 0.927313 0.435396 0.145373 0.00302432
0 0.876258 0.491362 0.0394661 0.0842074 0.00301095
0 0.522645 0.125379 0.380376 0.250758 0.00301025
0 0.0832212 0.140851 0.166442 0.281702 0.00298207
0 0.945573 0.15466 0.108423 0.30932 0.00294517
0 0.990121 0.0923805 0.0196953 0.184761 0.0029368
0 0.799299 0.336044 0.114976 0.259503 0.00293317
0 0.57724 0.134146 0.526668 0.258947 0.0029028
0 0.220557 0.813726 0.439721 0.372547 0.00286764
0 0.1003 0.811506 0.200599 0.376988 0.0028613
0 0.347892 0.42647 0.0403464 0.0538586 0.00285722
2 0.942429 0.0883977 0.114001 0.176795 0.00280807
0 0.110673 0.548908 0.221346 0.782109 0.00278833
0 0.158379 0.764046 0.31554 0.471908 0.0027832
0 0.682736 0.134571 0.563569 0.269142 0.002717
0 0.62967 0.218296 0.715588 0.436593 0.00271001
0 0.210271 0.886114 0.414484 0.227771 0.00269819
0 0.102742 0.718513 0.205408 0.562974 0.00269561
0 0.840198 0.433952 0.213627 0.300872 0.00268239
0 0.795876 0.905154 0.408247 0.189692 0.00265851
0 0.126965 0.135301 0.236977 0.270603 0.00265198
0 0.744727 0.926174 0.503932 0.147653 0.00264928
0 0.390087 0.134297 0.6182 0.268595 0.00264758
1 0.513771 0.894602 0.704609 0.210796 0.00263658
0 0.143544 0.892056 0.287088 0.215889 0.00262303
0 0.242676 0.460335 0.131365 0.157065 0.00258816
0 0.978726 0.567515 0.042548 0.138092 0.00258325
0 0.169907 0.13168 0.333976 0.26336 0.0025729
0 0.244119 0.133874 0.475121 0.267747 0.00255415
0 0.593444 0.834769 0.796619 0.330462 0.0025338
0 0.822622 0.043186 0.105257 0.0863721 0.00253
0 0.894366 0.492733 0.0805046 0.127402 0.00249952
1 0.898973 0.0515309 0.196217 0.103062 0.00249382
0 0.713801 0.548805 0.273245 0.34572 0.00246912
1 0.177264 0.710366 0.353719 0.579267 0.00246082
2 0.862948 0.133568 0.268035 0.267135 0.0024506
0 0.224801 0.627744 0.448424 0.729599 0.00241383
0 0.670045 0.948568 0.100319 0.102863 0.00240135
0 0.856114 0.460191 0.254048 0.24239 0.00239176
0 0.94381 0.494493 0.11238 0.470119 0.00234162
0 0.0226868 0.182348 0.0450962 0.364696 0.00233662
2 0.843345 0.0435361 0.167423 0.0870723 0.00232887
0 0.0189863 0.819299 0.0377483 0.361402 0.00232253
0 0.618885 0.919957 0.680326 0.160087 0.0023077
0 0.788368 0.463496 0.109243 0.325665 0.00224071
0 0.304854 0.46555 0.22611 0.168865 0.00222053
0 0.734124 0.459481 0.180441 0.306402 0.00215865
0 0.727481 0.593024 0.187459 0.237928 0.00210552
1 0.977489 0.0847717 0.0449409 0.169543 0.00209128
0 0.719776 0.376438 0.182645 0.162491 0.00207519
0 0.924059 0.726181 0.151216 0.331347 0.002072
0 0.990732 0.702424 0.0183914 0.144897 0.00206693
0 0.631913 0.0597754 0.147595 0.119551 0.00204062
0 0.609977 0.182556 0.228881 0.365111 0.00203391
2 0.802281 0.0447934 0.122326 0.0895868 0.00203204
0 0.848275 0.971707 0.0578941 0.0510638 0.00203133
0 0.335711 0.50934 0.215638 0.270093 0.00202854
0 0.658247 0.0513516 0.100455 0.0917652 0.00199305
2 0.722906 0.916685 0.196835 0.162224 0.0019728
0 0.0255181 0.854887 0.0510338 0.278207 0.00197212
1 0.326988 0.64122 0.130875 0.247452 0.00196918
0 0.608222 0.0664048 0.194375 0.13281 0.00195963
0 0.681202 0.573089 0.213331 0.276575 0.00190813
0 0.814724 0.644435 0.168005 0.307008 0.0019017
0 0.973847 0.466709 0.0452097 0.0752353 0.00189353
2 0.686417 0.92167 0.129671 0.153009 0.00187552
0 0.0578576 0.292697 0.115715 0.464314 0.00185881
0 0.83706 0.577133 0.199989 0.237365 0.00185524
0 0.885081 0.117535 0.229316 0.235071 0.00184027
2 0.0198112 0.215642 0.0393767 0.126756 0.00182705
0 0.616901 0.610316 0.0777599 0.125189 0.00181498
0 0.681522 0.933839 0.11147 0.132322 0.00180876
0 0.309343 0.493037 0.152151 0.233636 0.0018017
0 0.606277 0.132069 0.218432 0.257685 0.00179256
0 0.016392 0.44931 0.0326643 0.57178 0.00179208
2 0.853992 0.938763 0.123237 0.118791 0.00178585
0 0.0295762 0.15376 0.0591525 0.30752 0.00178396
0 0.934237 0.364149 0.126743 0.37413 0.00178159
0 0.982615 0.0936487 0.03477 0.187297 0.00178087
1 0.328851 0.552477 0.190589 0.369276 0.00177934
0 0.947455 0.252602 0.105089 0.505205 0.00177254
0 0.743076 0.607085 0.141949 0.199593 0.00175389
0 0.77728 0.333116 0.0818944 0.240087 0.00174841
2 0.18202 0.0875113 0.164954 0.167237 0.00173941
0 0.906449 0.781654 0.186559 0.322209 0.00171204
2 0.769413 0.919946 0.270925 0.155546 0.0017117
0 0.654243 0.613365 0.157345 0.199707 0.00171038
0 0.858774 0.964034 0.209334 0.0719314 0.00170582
0 0.268889 0.453984 0.0610067 0.135027 0.00170451
2 0.925624 0.109012 0.147699 0.218024 0.00168999
1 0.889268 0.103566 0.217937 0.207131 0.00168809
0 0.94458 0.909583 0.11084 0.180835 0.00168522
2 0.0122287 0.214871 0.0244574 0.117593 0.00166838
0 0.701755 0.511212 0.180353 0.398772 0.00165125
0 0.96229 0.883252 0.0738678 0.140665 0.00164853
0 0.268558 0.502614 0.233604 0.242357 0.00164057
0 0.898283 0.71748 0.203435 0.355249 0.00163897
2 0.0452139 0.881275 0.0901712 0.223327 0.00163057
1 0.3473 0.426141 0.040261 0.0542635 0.00162546
2 0.980613 0.095539 0.0387749 0.191078 0.00158614
0 0.68747 0.448287 0.1102 0.263222 0.00157877
0 0.756806 0.641615 0.178178 0.301145 0.00157458
0 0.922927 0.124921 0.152704 0.249843 0.00156444
0 0.809549 0.498466 0.13825 0.371973 0.00154173
2 0.789605 0.0617709 0.125209 0.123542 0.00153833
1 0.885076 0.584902 0.225491 0.411909 0.00153393
0 0.0318759 0.0945072 0.0637517 0.189014 0.00153178
0 0.858741 0.712779 0.101877 0.143296 0.00153074
0 0.0175872 0.223707 0.0346359 0.10482 0.00150758
0 0.500509 0.444015 0.144388 0.285776 0.00150309
0 0.0559374 0.150144 0.111875 0.300288 0.00149102
0 0.701797 0.786272 0.11803 0.137675 0.0014728
0 0.679862 0.398728 0.0840292 0.145003 0.00147228
0 0.967102 0.873507 0.0633647 0.111009 0.00146488
2 0.740907 0.939536 0.218903 0.120928 0.00145958
1 0.0744674 0.380359 0.148737 0.611985 0.00145604
0 0.0512588 0.913234 0.102518 0.167201 0.00145381
0 0.0201636 0.757578 0.0403273 0.484845 0.0014499
0 0.73924 0.513753 0.218745 0.425316 0.00144987
0 0.0727231 0.356663 0.145317 0.568183 0.00144901
2 0.899126 0.116186 0.201748 0.232371 0.00144892
0 0.0608285 0.218284 0.121657 0.436568 0.00144387
2 0.0203626 0.689672 0.0405296 0.56677 0.00144259
0 0.192975 0.499231 0.0468367 0.067197 0.00143799
0 0.984878 0.534144 0.0302433 0.125999 0.00143703
0 0.845393 0.63406 0.226521 0.33196 0.00143385
2 0.302886 0.926714 0.145559 0.142254 0.00142381
0 0.934055 0.312563 0.124908 0.200027 0.00142146
2 0.881839 0.932592 0.235906 0.134816 0.00141623
0 0.967723 0.890428 0.0645539 0.186077 0.00140753
0 0.326696 0.632238 0.128708 0.222214 0.00140471
0 0.688665 0.917314 0.135946 0.160264 0.0013727
0 0.888779 0.921297 0.222443 0.157407 0.00136021
2 0.218048 0.0770449 0.173438 0.147535 0.00135767
0 0.824925 0.970364 0.205105 0.0592718 0.0013559
2 0.0687974 0.858678 0.137483 0.269513 0.00133791
0 0.26398 0.439359 0.184925 0.200495 0.00133522
1 0.785293 0.0488834 0.126836 0.0977669 0.00133315
0 0.887661 0.669277 0.224679 0.410256 0.00132845
0 0.767133 0.867998 0.297066 0.264004 0.00132674
0 0.19234 0.505554 0.0528816 0.0897697 0.00132369
2 0.898854 0.868854 0.202291 0.262293 0.00132176
0 0.866138 0.396811 0.242017 0.370107 0.00132123
0 0.933538 0.313293 0.121791 0.140385 0.00131631
0 0.83817 0.345113 0.212279 0.306327 0.00130779
0 0.291779 0.934479 0.113654 0.131042 0.00129939
1 0.0771857 0.853537 0.154371 0.288602 0.00129621
0 0.492859 0.411043 0.130412 0.198634 0.00129424
0 0.911536 0.907518 0.176928 0.184965 0.00128594
2 0.650423 0.904447 0.200483 0.186335 0.00128412
0 0.0558753 0.0887939 0.111751 0.176961 0.00128141
0 0.618871 0.625981 0.1021 0.178676 0.0012785
1 0.0201983 0.548502 0.0403807 0.640174 0.00127687
2 0.716496 0.985501 0.255316 0.0289974 0.00127345
1 0.777416 0.922165 0.317091 0.150125 0.0012704
0 0.991649 0.645897 0.0165102 0.248863 0.00126246
0 0.969538 0.936255 0.0606681 0.127489 0.00126199
0 0.713245 0.901461 0.18304 0.193022 0.00125897
0 0.937739 0.365208 0.124523 0.558689 0.00125573
2 0.825568 0.946958 0.12377 0.101309 0.0012527
0 0.658794 0.931636 0.124912 0.136727 0.00125187
0 0.0211526 0.590438 0.042297 0.663688 0.00125099
2 0.587763 0.91328 0.0976387 0.163657 0.001249
0 0.01927 0.210792 0.03854 0.14694 0.00124857
1 0.334708 0.610271 0.152106 0.318125 0.00124691
1 0.0791296 0.384641 0.158259 0.433535 0.00123579
2 0.390809 0.0649983 0.159725 0.129997 0.00123445
1 0.810221 0.936263 0.277858 0.120614 0.00122775
0 0.897192 0.156208 0.191046 0.165668 0.0012216
0 0.312588 0.931905 0.129031 0.136189 0.00121958
