1 0.746979 0.41963 0.32415 0.291316 0.858038
2 0.960376 0.122181 0.0792482 0.0712651 0.206177
1 0.745633 0.501842 0.323906 0.461067 0.138645
0 0.959963 0.123781 0.080075 0.0703816 0.122023
1 0.747521 0.596865 0.336148 0.658931 0.0891718
0 0.978103 0.718533 0.0371019 0.0388113 0.0595396
1 0.957316 0.132355 0.0727459 0.0524815 0.0592675
0 0.931111 0.301916 0.0349604 0.0268164 0.038212
2 0.960713 0.106945 0.0781709 0.108562 0.0336021
0 0.961118 0.10536 0.0692933 0.0440946 0.0329556
1 0.790879 0.428984 0.418242 0.319399 0.0319915
1 0.696719 0.630673 0.456001 0.738654 0.031591
0 0.581259 0.147009 0.0435782 0.0218987 0.0298613
1 0.497623 0.625781 0.860897 0.748439 0.0259587
1 0.788872 0.546697 0.422256 0.556189 0.024228
2 0.468568 0.619448 0.90797 0.749397 0.0176813
2 0.955924 0.133511 0.0721835 0.052665 0.0164453
1 0.710105 0.454742 0.242865 0.216755 0.0158229
2 0.958619 0.115899 0.0827621 0.088197 0.0146369
2 0.957741 0.145872 0.0845172 0.131106 0.0101477
0 0.691723 0.959087 0.490028 0.0817738 0.00995487
1 0.741826 0.324443 0.350898 0.470105 0.00935306
0 0.630052 0.445627 0.0708499 0.0473486 0.00892863
2 0.958173 0.0890661 0.083655 0.15324 0.00828306
2 0.477008 0.759767 0.954016 0.476341 0.00807855
0 0.764787 0.944242 0.243953 0.110592 0.00792302
1 0.694027 0.465094 0.450867 0.429817 0.00723252
1 0.559753 0.412273 0.799831 0.735805 0.00701804
0 0.674256 0.944267 0.523635 0.111466 0.00674057
1 0.789173 0.489865 0.421653 0.491376 0.00656019
0 0.949823 0.134389 0.061617 0.0523995 0.00649331
1 0.782171 0.625468 0.425555 0.743743 0.00647737
0 0.57182 0.960353 0.609558 0.0792948 0.006221
1 0.7566 0.377566 0.304453 0.212343 0.00618079
0 0.788041 0.958544 0.418603 0.0828988 0.00538561
0 0.502013 0.917668 0.794027 0.164664 0.00531467
1 0.615072 0.311187 0.67774 0.597974 0.00518518
2 0.628628 0.446273 0.0714762 0.0458708 0.00510084
0 0.244595 0.634097 0.146392 0.0786455 0.00505523
1 0.708343 0.486618 0.241516 0.149262 0.00502344
2 0.95908 0.136863 0.0818405 0.110957 0.00492767
0 0.514503 0.323726 0.907069 0.641351 0.0047828
1 0.500457 0.51817 0.935562 0.720106 0.00471573
0 0.460749 0.884158 0.895997 0.230881 0.00459643
0 0.464368 0.842522 0.928736 0.3111 0.0045392
0 0.392522 0.867153 0.0330179 0.0237702 0.00453397
0 0.966712 0.109575 0.0594439 0.064887 0.00449827
1 0.776751 0.368356 0.379909 0.420493 0.0044371
2 0.979816 0.707565 0.0403671 0.065186 0.00434496
0 0.417279 0.965398 0.824993 0.0684976 0.00432616
0 0.917504 0.479875 0.0321098 0.0214277 0.00431988
0 0.57939 0.143712 0.0472126 0.0315479 0.00407411
0 0.95615 0.0846712 0.0876995 0.169342 0.00404121
0 0.743006 0.939158 0.45373 0.120551 0.00401501
0 0.338298 0.968835 0.644772 0.0610803 0.0040094
0 0.473657 0.623817 0.947315 0.736591 0.00400727
0 0.960648 0.0926389 0.0787047 0.185278 0.00399601
0 0.854959 0.957319 0.290082 0.0853619 0.00391965
0 0.863557 0.0827261 0.272886 0.165452 0.00379596
1 0.79196 0.363001 0.416079 0.433671 0.00378919
0 0.350142 0.906601 0.700284 0.185129 0.00378232
0 0.209765 0.965263 0.41953 0.0679993 0.0037328
1 0.947049 0.144343 0.104096 0.121646 0.00371329
0 0.961282 0.13912 0.0774354 0.278241 0.00357362
0 0.822774 0.586761 0.354453 0.692582 0.00349171
0 0.252873 0.633589 0.127591 0.0613787 0.00348017
0 0.917889 0.942259 0.164222 0.115482 0.00347186
0 0.628778 0.864258 0.652408 0.271433 0.00346266
0 0.977635 0.716828 0.0443763 0.0472078 0.00340281
0 0.175491 0.932724 0.350983 0.134551 0.00334458
0 0.678567 0.288362 0.614572 0.562154 0.00333603
0 0.5 0.253787 1 0.489016 0.00329004
0 0.839619 0.923718 0.30557 0.143235 0.00328872
0 0.287231 0.869345 0.574463 0.261309 0.00328356
0 0.914174 0.301979 0.086609 0.0404386 0.00327612
0 0.198991 0.885778 0.397982 0.22817 0.00325786
0 0.919744 0.900524 0.160512 0.198952 0.00324163
0 0.48472 0.496616 0.969441 0.674301 0.00321121
0 0.128874 0.903438 0.257748 0.193123 0.00318884
0 0.827257 0.318576 0.345485 0.48764 0.0031824
0 0.794463 0.348804 0.411074 0.430997 0.0031684
2 0.592849 0.647089 0.770856 0.705821 0.00316649
0 0.389869 0.2298 0.779738 0.44006 0.00316506
0 0.957115 0.221788 0.085771 0.443577 0.00315101
0 0.793489 0.615094 0.395012 0.719425 0.00312179
0 0.932003 0.268807 0.135994 0.471166 0.00311876
0 0.844683 0.282239 0.310634 0.416993 0.00309368
0 0.924787 0.592865 0.150426 0.644344 0.00306189
0 0.125931 0.866604 0.251861 0.266793 0.00305151
0 0.766599 0.289144 0.466802 0.531055 0.00304692
0 0.585631 0.181225 0.736578 0.35958 0.00304095
2 0.918915 0.124654 0.159789 0.0755301 0.00300376
0 0.918861 0.859569 0.162278 0.280862 0.00300151
0 0.98045 0.726462 0.0391003 0.0578659 0.00300029
0 0.946355 0.828004 0.107289 0.317613 0.00299549
0 0.869956 0.14562 0.260088 0.279361 0.00299368
0 0.796807 0.078708 0.406385 0.157416 0.00298866
0 0.877342 0.224763 0.245317 0.389419 0.0029854
0 0.128219 0.796438 0.256439 0.384946 0.00296083
0 0.199462 0.232343 0.398924 0.442417 0.00296078
0 0.228525 0.296307 0.45705 0.562541 0.00295885
0 0.168729 0.842403 0.337459 0.315193 0.00294549
0 0.129348 0.718578 0.258697 0.424258 0.00292849
0 0.597296 0.0982647 0.576108 0.195641 0.00291727
0 0.136485 0.192237 0.272969 0.358065 0.00291314
0 0.134751 0.286823 0.269502 0.481281 0.00290869
0 0.487634 0.740579 0.975267 0.379717 0.00290721
0 0.124172 0.091895 0.248343 0.18379 0.00289569
1 0.682972 0.4653 0.182953 0.089297 0.00288536
0 0.129658 0.629699 0.259315 0.549563 0.00288326
0 0.822949 0.867929 0.334517 0.236585 0.00287735
0 0.69767 0.467406 0.213498 0.0871319 0.00286986
0 0.327157 0.169753 0.654314 0.333504 0.00284025
0 0.727158 0.861573 0.491817 0.264929 0.00281761
0 0.95868 0.795558 0.0826406 0.340418 0.00279998
0 0.595834 0.139824 0.663559 0.279057 0.00278921
0 0.959521 0.681184 0.080959 0.42429 0.00278502
0 0.578603 0.1002 0.829223 0.198841 0.00277414
0 0.876827 0.810601 0.115619 0.103994 0.00276632
0 0.172048 0.766531 0.344096 0.427306 0.00274692
0 0.842922 0.827725 0.286213 0.258761 0.00274334
0 0.726896 0.943041 0.187377 0.111342 0.00274208
0 0.184245 0.174655 0.368491 0.343696 0.00271009
0 0.233805 0.826335 0.46761 0.34377 0.00270995
0 0.424289 0.101396 0.771697 0.201138 0.00270975
0 0.139947 0.366694 0.279895 0.516082 0.00268713
0 0.127198 0.13182 0.254395 0.263639 0.00266146
0 0.832701 0.656764 0.310634 0.621141 0.00265097
0 0.170224 0.651694 0.340448 0.615458 0.00263921
0 0.151791 0.0988334 0.303583 0.197667 0.00263706
0 0.229186 0.098906 0.4372 0.197531 0.0026369
1 0.695068 0.0980628 0.533964 0.196126 0.00263665
0 0.459639 0.140895 0.898402 0.281311 0.00263078
0 0.821213 0.217972 0.357575 0.396126 0.00262841
0 0.79473 0.113529 0.405546 0.226524 0.00262416
0 0.139206 0.513466 0.278412 0.489454 0.00261659
2 0.985526 0.741267 0.0289482 0.138998 0.00257851
0 0.840141 0.776673 0.292234 0.332418 0.00253606
0 0.950409 0.326389 0.0881381 0.0947561 0.00253323
0 0.341688 0.779483 0.683376 0.420379 0.00252667
0 0.503615 0.478901 0.935767 0.396599 0.00250332
0 0.516978 0.355157 0.961205 0.430351 0.00244556
0 0.245547 0.632711 0.164749 0.116112 0.0024327
0 0.417568 0.684077 0.835135 0.542139 0.00240368
0 0.402611 0.866726 0.0543095 0.0330492 0.0023975
0 0.970854 0.432252 0.046322 0.0256991 0.00238958
0 0.157281 0.143723 0.314561 0.286841 0.00237237
0 0.942913 0.299888 0.059838 0.0312376 0.00237187
0 0.742492 0.177758 0.515017 0.35297 0.00235279
0 0.956139 0.146874 0.0877219 0.221504 0.00232783
0 0.742977 0.948768 0.14408 0.0906707 0.00230966
0 0.19991 0.401669 0.399821 0.629613 0.00229673
0 0.0871724 0.885087 0.174345 0.157306 0.00229627
0 0.752875 0.756835 0.453688 0.430524 0.00227439
0 0.887038 0.824082 0.0785042 0.0349762 0.00226657
0 0.875671 0.824699 0.113713 0.0734043 0.00225721
0 0.222702 0.625569 0.0546518 0.0408081 0.00223565
0 0.555817 0.9541 0.219007 0.0895254 0.00223022
2 0.909347 0.105858 0.181306 0.114794 0.00222398
0 0.0900562 0.912996 0.180112 0.171138 0.00221473
0 0.214532 0.572724 0.429064 0.673833 0.00220796
0 0.754171 0.94174 0.10039 0.0489628 0.00219334
0 0.757633 0.817191 0.429171 0.337723 0.00219282
0 0.513491 0.619455 0.973018 0.537337 0.00218843
0 0.579982 0.150285 0.0526979 0.0369852 0.00218791
0 0.603613 0.693419 0.758729 0.594402 0.00217442
2 0.09379 0.93024 0.18758 0.138033 0.00213769
0 0.65545 0.812927 0.618826 0.363292 0.00209974
0 0.408092 0.956287 0.489001 0.0873434 0.00209088
2 0.755356 0.352621 0.29238 0.158924 0.00206476
1 0.909838 0.125951 0.171895 0.0791508 0.00205925
0 0.237849 0.663812 0.1651 0.138881 0.00205132
2 0.995057 0.699809 0.00988525 0.221702 0.00201905
0 0.10672 0.898094 0.213439 0.203811 0.00201556
1 0.62684 0.941427 0.606968 0.11626 0.0020122
0 0.87422 0.83236 0.104001 0.0541199 0.00200853
0 0.0853876 0.856306 0.170775 0.157085 0.00194161
0 0.396852 0.865187 0.044662 0.0275669 0.00193709
1 0.904322 0.153788 0.182262 0.128181 0.00191554
0 0.55801 0.148076 0.0869153 0.0386247 0.00188324
0 0.217883 0.645273 0.20324 0.101194 0.00185527
2 0.971078 0.422473 0.0532568 0.0557057 0.00182195
1 0.954568 0.0839432 0.0908639 0.167589 0.00173343
0 0.785243 0.939822 0.0330028 0.024147 0.00172392
0 0.92632 0.47916 0.0426497 0.0240956 0.00172296
0 0.935349 0.296654 0.0591069 0.0385083 0.00171843
0 0.955972 0.181382 0.0880559 0.265523 0.00171197
2 0.981085 0.743763 0.0378309 0.24746 0.00170906
2 0.124067 0.916443 0.248133 0.166488 0.00168582
1 0.629047 0.445918 0.0665368 0.0474478 0.00168304
0 0.596277 0.955348 0.342545 0.0893048 0.00168199
2 0.949625 0.312252 0.0861296 0.0879271 0.00167384
1 0.747918 0.500474 0.173681 0.123126 0.00162584
0 0.264114 0.697073 0.225358 0.232683 0.00162165
0 0.395972 0.855292 0.0868562 0.0465687 0.00160195
0 0.221114 0.0124572 0.216879 0.0249144 0.00159933
2 0.968906 0.115046 0.0621879 0.0953257 0.00156772
2 0.191242 0.0347268 0.382483 0.0687342 0.00155658
1 0.61549 0.955347 0.450628 0.0893059 0.00153959
0 0.923431 0.300986 0.0528025 0.0300273 0.00153086
2 0.116932 0.968676 0.233863 0.062516 0.00152882
0 0.140635 0.971893 0.280843 0.0562136 0.00145263
0 0.203872 0.624845 0.232535 0.132962 0.00144446
0 0.775398 0.939499 0.0578158 0.0392035 0.00143286
0 0.801066 0.344074 0.206492 0.147237 0.00142932
1 0.745971 0.463934 0.377466 0.198103 0.0014247
2 0.662463 0.460034 0.150106 0.07713 0.00141901
0 0.70502 0.931138 0.265259 0.135947 0.00140861
0 0.125825 0.936484 0.251649 0.124932 0.00137599
0 0.38694 0.8519 0.0930332 0.061153 0.00137525
0 0.7362 0.968043 0.49956 0.0639146 0.00137169
0 0.176947 0.975325 0.353895 0.0493506 0.00136756
0 0.781429 0.930839 0.289553 0.138322 0.00136208
0 0.954004 0.320326 0.0881938 0.0709561 0.00135586
1 0.686372 0.431563 0.190246 0.155814 0.00133768
1 0.920936 0.0836918 0.158129 0.167384 0.00133671
0 0.86623 0.796539 0.136036 0.12553 0.00132277
0 0.967014 0.435924 0.0415674 0.0219397 0.00130417
0 0.0194879 0.930359 0.0389759 0.105812 0.0012985
0 0.250319 0.0227046 0.372534 0.0454092 0.00129581
2 0.210045 0.0262403 0.349515 0.0524806 0.00128981
1 0.216408 0.952042 0.432816 0.0946268 0.00128873
0 0.269447 0.608086 0.219692 0.180168 0.00127496
0 0.903427 0.841519 0.17811 0.200023 0.00127467
1 0.184854 0.947276 0.351957 0.103633 0.00127363
2 0.707202 0.49712 0.410729 0.134305 0.00127261
2 0.950686 0.906282 0.0986286 0.110033 0.00126666
1 0.901594 0.202025 0.192801 0.248315 0.00126091
2 0.0823124 0.461193 0.164625 0.189241 0.0012516
1 0.762782 0.352722 0.277087 0.157838 0.00124799
0 0.901429 0.338801 0.137784 0.104826 0.00124513
2 0.277763 0.0355766 0.555527 0.0708714 0.00124325
0 0.107619 0.223747 0.215239 0.260531 0.00124021
2 0.999243 0.877307 0.00151453 0.245385 0.00123537
0 0.0893618 0.972728 0.178724 0.0545441 0.00123242
0 0.251794 0.605563 0.160054 0.171529 0.00123224
0 0.526486 0.145611 0.15414 0.0912138 0.00123087
2 0.190661 0.974673 0.381321 0.0506548 0.00121718
0 0.175599 0.0189045 0.191599 0.0375386 0.00121314
2 0.943039 0.931728 0.113921 0.125083 0.00120724
0 0.235664 0.719158 0.199152 0.274065 0.00120394
0 0.261194 0.629415 0.106381 0.0459389 0.00120158
0 0.572437 0.148837 0.0621644 0.0280033 0.00120041
1 0.6948 0.503169 0.301661 0.145487 0.00119809
0 0.88976 0.817907 0.163299 0.199213 0.00119694
0 0.297336 0.625387 0.0303469 0.0212013 0.00119074
0 0.960567 0.716493 0.0736708 0.0520116 0.00117932
2 0.995174 0.447083 0.00965277 0.264704 0.00117564
0 0.394706 0.847456 0.0935765 0.0905876 0.0011749
0 0.298164 0.664913 0.271296 0.245335 0.00117241
0 0.0785173 0.220471 0.157035 0.238828 0.00117152
0 0.0873071 0.870405 0.174614 0.259191 0.00117144
2 0.991634 0.909519 0.0167324 0.180961 0.0011698
0 0.467879 0.924492 0.373883 0.151016 0.00116972
0 0.996951 0.319024 0.00609729 0.291001 0.00116709
2 0.953642 0.0868262 0.0927164 0.173652 0.00115933
0 0.958309 0.878867 0.0833825 0.114839 0.00115791
0 0.00276602 0.857616 0.00553204 0.25372 0.00115777
2 0.89556 0.0814074 0.20888 0.161704 0.00115551
1 0.797118 0.345145 0.194447 0.142712 0.00114127
2 0.934872 0.946689 0.130256 0.106623 0.00113997
1 0.384032 0.951467 0.573927 0.0963791 0.00113869
0 0.182423 0.667898 0.291225 0.189865 0.00113559
1 0.913198 0.753901 0.167345 0.131333 0.00113516
1 0.897155 0.115672 0.204807 0.0975852 0.00113322
0 0.219839 0.603349 0.207684 0.167952 0.00113294
2 0.970969 0.408226 0.0558849 0.0901418 0.00111985
0 0.514166 0.142813 0.18962 0.129026 0.0011194
0 0.841137 0.318123 0.258188 0.191526 0.00111874
1 0.970853 0.754966 0.0582941 0.157909 0.00111316
0 0.0967457 0.181786 0.193491 0.206514 0.00111155
0 0.170216 0.0421749 0.340432 0.0843499 0.00110431
1 0.277572 0.935233 0.34727 0.129534 0.00110014
2 0.157789 0.055752 0.315578 0.111504 0.00109824
2 0.925675 0.0846894 0.14865 0.169379 0.00109813
2 0.00677527 0.896451 0.0135505 0.207098 0.00109257
1 0.917468 0.93239 0.159748 0.135221 0.00108904
0 0.682176 0.16691 0.128622 0.125348 0.00108014
1 0.839371 0.923108 0.319917 0.153784 0.00107918
2 0.601315 0.112367 0.115243 0.129011 0.00107651
0 0.282524 0.632549 0.252236 0.19566 0.00107321
0 0.88541 0.852706 0.170851 0.146931 0.00107115
2 0.22933 0.0652924 0.45866 0.128231 0.00107063
0 0.29644 0.0297142 0.541853 0.0594284 0.00106966
1 0.792747 0.41054 0.228797 0.276802 0.00106751
0 0.0193391 0.913367 0.0386781 0.0540523 0.00106495
0 0.927156 0.455767 0.0742585 0.0756412 0.00106484
2 0.973208 0.669561 0.0535831 0.141313 0.00106481
2 0.943168 0.245279 0.092556 0.175485 0.00106466
0 0.735779 0.933574 0.14307 0.08218 0.00106188
0 0.860903 0.835459 0.0710904 0.0492809 0.00106164
0 0.766054 0.959204 0.18108 0.0815926 0.00106108
0 0.644388 0.173443 0.181847 0.123586 0.00105969
0 0.376988 0.886583 0.179453 0.127321 0.00105778
0 0.84113 0.806296 0.186935 0.113837 0.00105589
0 0.851609 0.838894 0.188328 0.106038 0.00105574
0 0.162533 0.910647 0.325066 0.178707 0.00105207
0 0.53058 0.940402 0.170903 0.11871 0.0010497
0 0.0802557 0.729237 0.160511 0.204708 0.00104442
1 0.777205 0.944088 0.44559 0.111538 0.00104235
