0 0.500199 0.522603 0.410794 0.349152 0.597867
0 0.475664 0.637556 0.138593 0.0987983 0.579872
0 0.373636 0.461068 0.160372 0.139561 0.538347
0 0.567116 0.479049 0.284765 0.235486 0.389437
0 0.564554 0.524222 0.276307 0.341667 0.298638
0 0.593623 0.410122 0.201368 0.11215 0.284162
0 0.587568 0.439551 0.223624 0.177727 0.267306
0 0.561324 0.51222 0.289254 0.169555 0.258371
0 0.508727 0.469454 0.385888 0.236057 0.178878
0 0.627231 0.231972 0.0302269 0.0212935 0.145695
0 0.090678 0.0762945 0.0581151 0.0323854 0.115089
2 0.110132 0.978413 0.219302 0.041781 0.0905148
0 0.101717 0.987055 0.148853 0.025889 0.0873556
0 0.106846 0.984431 0.188803 0.0310168 0.0783385
0 0.390761 0.478388 0.12888 0.100491 0.0774894
0 0.550519 0.563006 0.291897 0.250048 0.0641268
0 0.616622 0.400398 0.154946 0.0932126 0.0587999
0 0.559744 0.62279 0.295206 0.554458 0.057823
0 0.31901 0.722471 0.0262402 0.0199696 0.0569067
0 0.525351 0.603675 0.238271 0.179131 0.0382512
0 0.609697 0.457361 0.17667 0.21212 0.0372505
2 0.0897258 0.0758505 0.0528401 0.0345439 0.0360593
0 0.151093 0.98427 0.302187 0.03146 0.0347666
0 0.196824 0.0250242 0.0762333 0.0500484 0.0299502
0 0.53631 0.434085 0.0824671 0.0711876 0.0209208
2 0.204752 0.0239685 0.0910879 0.047937 0.0207254
0 0.19626 0.97845 0.392521 0.0424759 0.0203479
0 0.603992 0.483834 0.312396 0.267281 0.0198037
2 0.171045 0.977441 0.342091 0.0445684 0.018795
0 0.32895 0.426632 0.0728581 0.0676564 0.016968
0 0.121937 0.990308 0.163993 0.0193848 0.0161703
0 0.447053 0.492707 0.342079 0.213352 0.0153723
2 0.475036 0.634046 0.129645 0.0913794 0.0146388
2 0.123951 0.949833 0.2456 0.0997896 0.0146205
1 0.215015 0.0426063 0.405777 0.0852126 0.0139801
2 0.129509 0.931409 0.259018 0.135335 0.0131848
2 0.115241 0.0463557 0.118834 0.0911329 0.0129753
0 0.574916 0.663945 0.360715 0.672111 0.0126156
1 0.190885 0.0286693 0.100977 0.0569075 0.0118366
2 0.222053 0.030177 0.1911 0.060354 0.0113861
0 0.149841 0.938486 0.297891 0.122255 0.0113716
1 0.129477 0.046276 0.221599 0.0919258 0.0111558
2 0.0989157 0.942125 0.197831 0.11575 0.010986
0 0.596443 0.513632 0.213878 0.134592 0.0108075
0 0.134359 0.976743 0.268718 0.0465134 0.0101387
2 0.21435 0.0296444 0.13334 0.0589258 0.0100947
1 0.175083 0.0507825 0.346957 0.101565 0.010016
0 0.318298 0.726032 0.0355737 0.0276308 0.00977575
2 0.184697 0.0293949 0.1379 0.0587899 0.0096864
0 0.625067 0.233264 0.0374913 0.0251673 0.00949767
0 0.680776 0.660046 0.557816 0.679907 0.00939683
0 0.473208 0.619705 0.467036 0.437566 0.00938863
0 0.65384 0.467912 0.407358 0.24406 0.00911216
1 0.0964467 0.982219 0.192893 0.0354109 0.00906457
0 0.0765675 0.986265 0.150138 0.0272127 0.00900451
1 0.205907 0.0785115 0.401437 0.157023 0.00885276
0 0.617728 0.499493 0.166751 0.110687 0.00795969
0 0.0998705 0.978837 0.146851 0.0409951 0.00791722
1 0.336975 0.0847852 0.673949 0.16957 0.00787741
0 0.222545 0.939783 0.442285 0.120075 0.00753195
0 0.124675 0.886115 0.248179 0.22777 0.00741028
2 0.19132 0.973616 0.382641 0.0527672 0.0071996
0 0.382588 0.470868 0.271381 0.187596 0.00719675
1 0.147423 0.11036 0.294385 0.22072 0.00716629
0 0.463397 0.318684 0.0775539 0.0578164 0.00690819
0 0.107472 0.982474 0.123975 0.0332256 0.00674263
1 0.429324 0.0571245 0.858649 0.114156 0.00659373
2 0.196978 0.0220693 0.0692938 0.0441387 0.00646463
0 0.0885037 0.0677811 0.0661721 0.0540068 0.00627591
1 0.19073 0.976106 0.381461 0.0474114 0.00627495
2 0.260886 0.0310445 0.272883 0.062089 0.00600136
1 0.396281 0.155281 0.778255 0.307763 0.00597243
0 0.477171 0.428135 0.400101 0.260823 0.00587353
1 0.23717 0.03008 0.200093 0.0601601 0.0057214
0 0.292687 0.975448 0.570436 0.0486748 0.00558599
1 0.215446 0.970075 0.430891 0.0598501 0.00553176
0 0.500619 0.640637 0.199856 0.13986 0.00551245
1 0.12729 0.0360539 0.254579 0.0715995 0.00550599
1 0.271433 0.156186 0.523124 0.309484 0.00549243
2 0.626152 0.224688 0.0335551 0.0395495 0.00540092
0 0.562634 0.424901 0.305673 0.352106 0.00533404
2 0.123792 0.0471919 0.238706 0.0943838 0.0053046
2 0.385568 0.478445 0.132125 0.1102 0.00528466
0 0.356155 0.53902 0.36151 0.314342 0.00524602
0 0.501112 0.416059 0.411727 0.347524 0.00514964
2 0.534961 0.160139 0.930078 0.316382 0.00512289
0 0.50636 0.571639 0.255148 0.262795 0.0050878
2 0.666012 0.274726 0.657325 0.546044 0.00508012
0 0.707804 0.52049 0.574658 0.415501 0.00499673
0 0.498325 0.67156 0.445561 0.646 0.00488073
0 0.166843 0.831815 0.330679 0.335237 0.00485767
0 0.328092 0.727264 0.0471231 0.0344273 0.00476275
2 0.702151 0.192873 0.586031 0.382523 0.0047249
2 0.499987 0.246825 0.98546 0.486149 0.00470794
2 0.0941352 0.909298 0.18827 0.181403 0.00469098
2 0.154634 0.0397916 0.209517 0.0795831 0.00444523
0 0.431527 0.459517 0.29402 0.15097 0.00440533
0 0.592892 0.264529 0.797578 0.51781 0.00437365
0 0.701447 0.401991 0.52085 0.360124 0.00434642
0 0.227258 0.839915 0.454516 0.320143 0.00431163
0 0.450642 0.737989 0.383441 0.485188 0.00426253
0 0.121218 0.819246 0.23981 0.360071 0.00421828
1 0.185913 0.178421 0.371825 0.355437 0.00415301
1 0.484316 0.0947782 0.968633 0.189556 0.00412763
0 0.283515 0.919528 0.559568 0.160945 0.00410516
0 0.62051 0.229878 0.045247 0.0267532 0.00405749
0 0.932787 0.198381 0.134299 0.391425 0.00405379
0 0.455956 0.221723 0.911911 0.442006 0.0040157
2 0.819434 0.257245 0.360868 0.51149 0.00392176
1 0.294425 0.0324034 0.335351 0.0648068 0.00391882
0 0.431128 0.328575 0.862255 0.656393 0.00391831
0 0.926754 0.108355 0.146492 0.21671 0.00389823
0 0.944118 0.261468 0.110844 0.446469 0.00382499
0 0.528411 0.522936 0.140377 0.130605 0.00379223
0 0.893491 0.246252 0.213018 0.485379 0.003749
0 0.876493 0.0957746 0.247015 0.191549 0.00373633
0 0.273768 0.248292 0.547535 0.496585 0.00369506
1 0.12161 0.156029 0.242624 0.312058 0.00366373
0 0.284306 0.594503 0.535048 0.406387 0.00363653
0 0.875673 0.153791 0.246268 0.306778 0.0036246
0 0.318766 0.732275 0.0327977 0.0407406 0.00359612
0 0.269939 0.489289 0.508655 0.213428 0.00358235
0 0.68073 0.291107 0.618093 0.438021 0.0035423
0 0.396715 0.399244 0.612912 0.326318 0.00353553
0 0.327784 0.850656 0.655568 0.298525 0.00352314
0 0.947541 0.365583 0.103509 0.40357 0.00351136
0 0.318026 0.411822 0.53896 0.272158 0.00350485
0 0.28732 0.459061 0.564352 0.200491 0.00350034
2 0.645059 0.138819 0.678568 0.277556 0.00349812
2 0.544189 0.106477 0.911622 0.212955 0.00346854
2 0.804128 0.183244 0.390295 0.363895 0.00344463
0 0.0731595 0.982966 0.0547946 0.032657 0.00342401
0 0.133111 0.18949 0.264837 0.37898 0.00342163
0 0.62828 0.230286 0.0545837 0.0280623 0.00341737
0 0.92681 0.93579 0.14638 0.12842 0.0033982
0 0.416965 0.778089 0.804614 0.443822 0.00336074
0 0.460903 0.773183 0.496002 0.453633 0.00334843
0 0.35469 0.75814 0.496467 0.444997 0.00333782
0 0.618685 0.334477 0.588684 0.339253 0.00332875
0 0.890891 0.328921 0.218218 0.474703 0.00332266
0 0.758601 0.308384 0.481183 0.565332 0.0033112
0 0.434282 0.97301 0.571661 0.0528759 0.00329965
0 0.613263 0.737131 0.657241 0.525738 0.00326835
0 0.628762 0.694447 0.742475 0.611107 0.00325401
0 0.95101 0.576127 0.096894 0.374212 0.00325238
0 0.937169 0.905688 0.125099 0.188625 0.00324079
0 0.155249 0.285216 0.310497 0.570432 0.00322471
0 0.514576 0.334151 0.512138 0.335496 0.00318922
0 0.95045 0.471122 0.0979803 0.358901 0.00318262
1 0.357961 0.0337283 0.473651 0.0674567 0.00318134
0 0.469316 0.646136 0.159597 0.126793 0.00315944
0 0.115429 0.751727 0.228754 0.485006 0.00314464
0 0.294117 0.803516 0.58733 0.392356 0.00311857
0 0.950074 0.675669 0.098643 0.39095 0.00311742
0 0.174314 0.765451 0.347487 0.469098 0.00307725
0 0.404791 0.294651 0.764684 0.422759 0.00306683
0 0.86901 0.966866 0.261979 0.0662675 0.00306416
0 0.547153 0.972427 0.467285 0.0546499 0.00305758
2 0.779636 0.10932 0.427622 0.218433 0.00305555
0 0.0589422 0.049222 0.117884 0.098444 0.00304782
0 0.333156 0.460244 0.242577 0.138214 0.00301291
0 0.949302 0.77507 0.100345 0.374303 0.00300148
0 0.107847 0.46748 0.215694 0.434208 0.00299467
0 0.386127 0.377099 0.772254 0.334427 0.00298258
0 0.807654 0.106427 0.37856 0.212854 0.00298098
0 0.88952 0.614773 0.220961 0.463287 0.00297767
0 0.721709 0.607287 0.55622 0.560198 0.00296878
0 0.112435 0.569176 0.224869 0.467927 0.00296542
0 0.111486 0.659316 0.222971 0.46527 0.00295618
0 0.278775 0.67813 0.545154 0.314788 0.00295581
0 0.384386 0.488678 0.112425 0.0828532 0.00294498
0 0.94509 0.876344 0.109387 0.247312 0.00294104
0 0.686105 0.971008 0.496739 0.0575325 0.00293578
0 0.314697 0.642116 0.629394 0.434043 0.00293482
0 0.122651 0.355064 0.245301 0.528577 0.00293026
0 0.789949 0.968084 0.420102 0.0638325 0.00292328
0 0.887037 0.451336 0.225926 0.420492 0.00291681
2 0.675998 0.107909 0.518478 0.215657 0.00287624
2 0.0608255 0.0484003 0.121651 0.0968007 0.00282868
0 0.589752 0.573833 0.0442049 0.0399061 0.00282285
0 0.167711 0.682252 0.335421 0.553394 0.00281765
0 0.882316 0.708853 0.235355 0.474747 0.00280124
0 0.291285 0.728268 0.575376 0.330097 0.00279871
0 0.250147 0.722659 0.500293 0.443767 0.00279374
0 0.020693 0.374701 0.0411655 0.308114 0.00278183
0 0.210504 0.643615 0.421009 0.567001 0.00277612
1 0.163019 0.0348343 0.2816 0.069376 0.00276941
2 0.47026 0.623238 0.117645 0.0720551 0.00272708
0 0.253583 0.527631 0.507167 0.542947 0.00270185
0 0.840993 0.923548 0.315705 0.14262 0.00270073
0 0.475595 0.598332 0.14798 0.192233 0.00268919
0 0.318164 0.71923 0.0275117 0.0285344 0.0026773
1 0.331603 0.046136 0.488568 0.0919061 0.00267036
0 0.269138 0.502743 0.538276 0.352223 0.00266023
0 0.408147 0.921835 0.575423 0.150278 0.00265558
0 0.435415 0.868135 0.760232 0.256329 0.00263984
0 0.873516 0.792566 0.251129 0.363167 0.00262412
0 0.70313 0.776559 0.582276 0.441469 0.00262026
0 0.59662 0.780497 0.80676 0.439006 0.00261729
0 0.642823 0.834368 0.674933 0.331263 0.0025933
0 0.827182 0.844069 0.34394 0.27744 0.00256963
0 0.776738 0.753794 0.443574 0.455115 0.0025361
1 0.257691 0.965061 0.515382 0.0695107 0.00251992
0 0.357674 0.439861 0.715348 0.612568 0.00249815
0 0.0606787 0.108958 0.121357 0.217916 0.00249721
0 0.640823 0.916977 0.579844 0.157281 0.00249363
0 0.507219 0.918678 0.508037 0.151955 0.0024881
0 0.454355 0.453159 0.334777 0.204628 0.00247766
0 0.382485 0.439786 0.764971 0.410716 0.0024593
0 0.767008 0.905907 0.456344 0.178554 0.00245469
0 0.598329 0.22635 0.0904414 0.036281 0.00243326
0 0.576955 0.873672 0.693948 0.243728 0.00242964
0 0.696074 0.866808 0.579519 0.2555 0.00240177
0 0.775033 0.839627 0.443191 0.309846 0.00238166
0 0.147091 0.991563 0.16539 0.0168747 0.00236557
0 0.354624 0.433463 0.168857 0.0836308 0.00230443
2 0.196567 0.933236 0.393134 0.133528 0.00224503
2 0.613009 0.39288 0.147632 0.0809279 0.00223889
0 0.537222 0.424799 0.0722979 0.0498016 0.00211399
0 0.0206372 0.44416 0.0410596 0.310097 0.00203711
1 0.148161 0.0628232 0.296322 0.125646 0.00203073
2 0.63545 0.220616 0.0410641 0.0481802 0.00203004
2 0.937894 0.0974651 0.123624 0.186493 0.00201043
0 0.38361 0.511264 0.113903 0.0393829 0.00200912
0 0.621319 0.384605 0.130169 0.0621329 0.00197512
2 0.31367 0.69684 0.0370875 0.0815169 0.00190856
1 0.0665167 0.0640519 0.133033 0.128104 0.00188752
0 0.0245963 0.141713 0.0491927 0.283426 0.00188396
0 0.482257 0.684281 0.0737574 0.047541 0.00187627
2 0.940365 0.133428 0.11927 0.260646 0.00184545
0 0.642754 0.502824 0.119985 0.109809 0.00182776
0 0.37485 0.422604 0.159114 0.089858 0.00181477
0 0.304103 0.67889 0.0545745 0.0406944 0.00180884
0 0.0850744 0.0807768 0.0628186 0.040812 0.00178489
0 0.557326 0.366219 0.270031 0.190416 0.00178032
0 0.50783 0.521295 0.121884 0.120625 0.00177205
0 0.302674 0.729423 0.064504 0.0387249 0.00168571
0 0.330406 0.743106 0.0569391 0.0632294 0.00168057
0 0.0682745 0.1011 0.136549 0.0824507 0.0016742
0 0.433802 0.656255 0.236751 0.14545 0.00164475
1 0.222794 0.931596 0.428923 0.136808 0.00159089
0 0.530696 0.547766 0.142756 0.0773208 0.00157304
0 0.302532 0.673962 0.0584248 0.0585771 0.00157108
1 0.100495 0.900723 0.20099 0.198554 0.0015653
0 0.327601 0.43927 0.0802212 0.0931682 0.0015551
2 0.234097 0.974576 0.456179 0.0508478 0.00155325
2 0.0324658 0.814982 0.0648065 0.34934 0.00154548
2 0.330251 0.749753 0.0547988 0.0829444 0.00153877
1 0.935529 0.944541 0.127683 0.110223 0.00152708
0 0.0232061 0.329462 0.0464122 0.343424 0.00149984
0 0.580065 0.565054 0.0701968 0.0579268 0.00148035
0 0.531729 0.41336 0.280696 0.139842 0.00146522
1 0.937886 0.920282 0.123627 0.159436 0.00145183
0 0.431716 0.322813 0.142702 0.0537656 0.00144162
0 0.332313 0.418855 0.0628824 0.0437397 0.00142827
1 0.325731 0.0614133 0.358753 0.122827 0.00142513
1 0.924084 0.964416 0.149415 0.0694985 0.00142266
1 0.432478 0.632399 0.235673 0.0973813 0.00140027
2 0.465337 0.314171 0.0876251 0.09537 0.00139326
0 0.438768 0.556251 0.293016 0.296536 0.00138849
1 0.401308 0.0540402 0.613632 0.10808 0.00138078
0 0.0240698 0.503562 0.0479578 0.336823 0.00137302
0 0.606529 0.216228 0.0717354 0.0579404 0.00136383
0 0.557807 0.616695 0.32815 0.190009 0.00134637
0 0.581725 0.263268 0.15986 0.0953278 0.00132967
2 0.154382 0.921613 0.200976 0.151469 0.00132381
0 0.625345 0.244078 0.0384462 0.0440936 0.00132262
0 0.444864 0.607795 0.0666755 0.0354454 0.00131152
1 0.266706 0.0642318 0.298499 0.128464 0.00129865
1 0.41048 0.0284142 0.501061 0.0568285 0.0012954
2 0.924412 0.0783385 0.151177 0.156677 0.0012922
2 0.186833 0.0225101 0.234935 0.0450202 0.00128298
0 0.555612 0.341039 0.300512 0.118867 0.00128109
0 0.0299802 0.551241 0.0596354 0.387493 0.00127902
0 0.605903 0.371032 0.177499 0.171607 0.00127619
0 0.33538 0.474454 0.295136 0.168678 0.00126658
1 0.358815 0.0695033 0.471215 0.139007 0.00126373
1 0.908444 0.0861822 0.181017 0.172364 0.00124759
0 0.315044 0.405935 0.0336703 0.0279977 0.00123603
2 0.181933 0.927599 0.180412 0.141009 0.00122717
0 0.647413 0.383976 0.0747663 0.0598425 0.00122346
1 0.863084 0.956682 0.273833 0.0860817 0.00122112
2 0.0299339 0.875919 0.0593691 0.248161 0.00121292
0 0.504733 0.339257 0.174104 0.152337 0.00120618
0 0.0268972 0.217884 0.0534857 0.381908 0.0012026
1 0.856977 0.968918 0.286046 0.0621639 0.00118038
1 0.114236 0.0676981 0.228472 0.135396 0.00117305
0 0.486307 0.318255 0.132942 0.0946542 0.00116574
1 0.417488 0.64612 0.271533 0.13622 0.0011572
0 0.0326614 0.60584 0.0650716 0.353827 0.00115581
2 0.590996 0.568452 0.0512042 0.0534494 0.00113977
0 0.0263678 0.283076 0.0526883 0.353231 0.00113491
1 0.939879 0.13315 0.119447 0.234783 0.00113452
1 0.876585 0.0753685 0.236329 0.150737 0.00113242
0 0.541984 0.652877 0.359424 0.171266 0.0011289
0 0.489703 0.676962 0.0943914 0.0640598 0.00112284
0 0.200246 0.237594 0.0650869 0.0366001 0.00111879
1 0.297751 0.959789 0.595503 0.0796121 0.00110989
1 0.0763989 0.16334 0.152798 0.32668 0.00110888
0 0.0463536 0.383764 0.0926026 0.300099 0.00110448
