0 0.2787 0.703412 0.103958 0.0684627 0.83371
0 0.172741 0.312339 0.257673 0.137182 0.712903
2 0.279654 0.703824 0.103385 0.0674269 0.67481
0 0.729334 0.523631 0.263842 0.153865 0.615233
0 0.226155 0.317636 0.149602 0.125994 0.536776
0 0.112691 0.284426 0.133636 0.0767706 0.43598
0 0.948216 0.147456 0.102587 0.16316 0.423504
0 0.892589 0.0271876 0.137324 0.0543752 0.416926
0 0.902597 0.0516231 0.189872 0.102857 0.380656
0 0.877659 0.126041 0.24349 0.251662 0.355754
0 0.952075 0.157335 0.095658 0.0946276 0.280814
0 0.902331 0.028411 0.19144 0.0568221 0.266672
0 0.660699 0.511437 0.130461 0.124559 0.23554
0 0.906362 0.114536 0.186531 0.229073 0.175812
0 0.16489 0.790064 0.117196 0.113411 0.167672
0 0.13702 0.831321 0.035701 0.0254233 0.138258
0 0.16446 0.762863 0.11978 0.0581224 0.134904
0 0.899281 0.0380467 0.201438 0.0760935 0.0988593
0 0.820664 0.239671 0.0317862 0.0259673 0.0771717
0 0.946224 0.115171 0.107398 0.230342 0.0730008
2 0.111309 0.284905 0.131827 0.0760879 0.0721997
0 0.127602 0.281821 0.0940116 0.0717741 0.0713786
0 0.611635 0.679617 0.149021 0.144247 0.0712915
2 0.897924 0.0265178 0.151713 0.0530355 0.0609715
0 0.853785 0.0681036 0.28961 0.136207 0.0553933
0 0.13756 0.83075 0.051643 0.0294136 0.051443
2 0.655498 0.509386 0.121788 0.122227 0.050829
0 0.791579 0.522999 0.416842 0.160284 0.0502399
0 0.610597 0.655041 0.145237 0.092549 0.0496501
0 0.814392 0.529981 0.128461 0.0764385 0.0411481
0 0.721953 0.582184 0.305692 0.273605 0.0391056
0 0.907172 0.0259004 0.185655 0.0518008 0.0389484
0 0.129821 0.756785 0.041352 0.0445574 0.038656
2 0.166245 0.769713 0.118236 0.0758299 0.0342775
0 0.792753 0.538016 0.166673 0.103386 0.0339704
0 0.200431 0.766871 0.0472422 0.028306 0.033136
0 0.790244 0.685759 0.419512 0.48734 0.0281289
0 0.87892 0.0447876 0.24216 0.088363 0.0277911
0 0.234605 0.334352 0.151287 0.134291 0.0264986
0 0.172066 0.41809 0.269393 0.343726 0.0235793
0 0.835151 0.532071 0.0796818 0.0681875 0.0229993
0 0.719782 0.633655 0.317854 0.379565 0.0216143
0 0.964231 0.0509552 0.0715379 0.10191 0.0208607
0 0.764601 0.533496 0.108497 0.0959035 0.0198572
2 0.797926 0.532063 0.156415 0.0916858 0.0192608
0 0.178369 0.728685 0.152566 0.13048 0.0182567
2 0.226066 0.316381 0.132701 0.0912188 0.0173929
0 0.670549 0.733305 0.0229382 0.0233435 0.0169226
0 0.22023 0.315663 0.363113 0.145397 0.0167933
0 0.741379 0.533485 0.270705 0.10968 0.0167421
0 0.221616 0.752766 0.227723 0.176434 0.0150555
0 0.724062 0.703781 0.328391 0.532692 0.0150203
0 0.172046 0.27631 0.269951 0.218907 0.0149756
0 0.220133 0.724109 0.234462 0.11801 0.014758
0 0.941194 0.254687 0.117552 0.509374 0.0147281
0 0.915611 0.258075 0.167784 0.516151 0.014708
2 0.975932 0.537829 0.0481351 0.102568 0.0138371
0 0.253189 0.72826 0.160256 0.119524 0.0135769
0 0.171952 0.60505 0.342045 0.759571 0.0131745
0 0.164876 0.513773 0.290743 0.554731 0.0131285
2 0.241383 0.704625 0.182914 0.0717477 0.012973
0 0.135289 0.774501 0.0555925 0.0809643 0.0123221
0 0.141375 0.805602 0.0558089 0.0820618 0.0114847
2 0.825698 0.530462 0.101817 0.0722181 0.0113513
0 0.649433 0.490845 0.106439 0.0861499 0.0110938
2 0.652995 0.486336 0.112142 0.0748379 0.0108818
0 0.893319 0.167596 0.213363 0.335193 0.0108646
0 0.864903 0.0288811 0.270195 0.0577147 0.0107491
0 0.66905 0.650237 0.269039 0.226973 0.0100103
0 0.972866 0.192418 0.0539505 0.0708002 0.010002
0 0.582411 0.636398 0.0859196 0.0566015 0.00983003
0 0.90313 0.355138 0.19374 0.710277 0.00962738
2 0.962357 0.922497 0.0742998 0.1463 0.00928956
2 0.958427 0.0512954 0.0831454 0.102591 0.00921853
0 0.679265 0.533117 0.397762 0.174141 0.00913565
0 0.949937 0.894256 0.100126 0.211488 0.00873384
0 0.175188 0.220279 0.264978 0.329362 0.00867805
0 0.227937 0.830473 0.247515 0.326002 0.00854516
2 0.970719 0.522882 0.0558448 0.0724272 0.00825247
0 0.786619 0.0767624 0.426761 0.153369 0.00814693
0 0.297697 0.710216 0.141819 0.0811238 0.00809663
0 0.732222 0.469869 0.315682 0.288954 0.00808369
0 0.0817055 0.280121 0.0685107 0.0627547 0.00781576
1 0.283666 0.703736 0.0975786 0.0655954 0.00772449
0 0.961986 0.16946 0.076028 0.117125 0.00767604
0 0.961373 0.577738 0.0772542 0.323951 0.00761271
0 0.153392 0.304339 0.306784 0.177645 0.00759989
0 0.153731 0.356478 0.307461 0.316417 0.00759487
2 0.763225 0.66807 0.473549 0.6176 0.00758545
2 0.980743 0.518847 0.0379183 0.0495365 0.00757329
2 0.909329 0.0261074 0.181341 0.0522149 0.00752535
0 0.332488 0.590055 0.664968 0.819891 0.00725345
0 0.233191 0.703549 0.20193 0.0752902 0.0070694
0 0.759576 0.137445 0.480848 0.274891 0.0068893
0 0.95442 0.664831 0.0911592 0.462234 0.00685234
0 0.951633 0.140239 0.0967341 0.0607807 0.00683056
0 0.863491 0.358846 0.273017 0.717692 0.00674468
0 0.948435 0.925306 0.10264 0.149387 0.00669245
0 0.961058 0.508277 0.0778284 0.286686 0.00664064
0 0.890205 0.913184 0.219591 0.166429 0.00659503
0 0.187234 0.769547 0.0757425 0.042856 0.00636448
0 0.749725 0.756359 0.469354 0.429032 0.00629697
0 0.300823 0.829279 0.437591 0.341443 0.00627402
2 0.817522 0.21637 0.0344637 0.0724581 0.00627338
0 0.980297 0.516439 0.0391299 0.0646793 0.00621887
0 0.982677 0.196569 0.0329553 0.0596757 0.00617702
2 0.973578 0.529097 0.0528443 0.139319 0.0060787
0 0.12507 0.300026 0.0544971 0.0363229 0.00605598
0 0.881766 0.946392 0.236467 0.107216 0.00589605
2 0.764594 0.534462 0.108618 0.0979051 0.00588053
0 0.309256 0.272585 0.543668 0.26273 0.00573571
0 0.171872 0.287084 0.261064 0.123959 0.00564667
0 0.616887 0.511258 0.211076 0.127176 0.00562651
0 0.665567 0.76775 0.268809 0.325719 0.00561863
0 0.263284 0.358686 0.0876079 0.046339 0.00559794
0 0.183583 0.734544 0.309609 0.238942 0.00559502
0 0.235056 0.310476 0.122868 0.0808332 0.00559129
0 0.987517 0.190374 0.024967 0.0725425 0.00553707
0 0.960558 0.913138 0.0788845 0.15492 0.00550899
0 0.176754 0.737151 0.347712 0.34956 0.00550451
0 0.186874 0.819639 0.373748 0.360722 0.00549083
0 0.584182 0.651382 0.0921356 0.0863793 0.00548179
0 0.983976 0.15368 0.0319717 0.0969106 0.00546168
0 0.623593 0.629571 0.215503 0.264301 0.00544457
0 0.887993 0.864501 0.224014 0.262628 0.00537906
0 0.279326 0.752695 0.109882 0.167403 0.00524097
0 0.78963 0.42919 0.420739 0.373338 0.00518588
0 0.953098 0.844629 0.0938035 0.30495 0.00518395
0 0.781921 0.309477 0.436159 0.618953 0.00512719
0 0.148169 0.274561 0.207313 0.0966699 0.00507459
0 0.956615 0.45884 0.0857518 0.361156 0.00502892
0 0.571947 0.633161 0.0644145 0.0468193 0.00502201
0 0.14147 0.789911 0.0660283 0.114803 0.00489264
0 0.808383 0.959403 0.383234 0.080994 0.00474315
0 0.422555 0.330631 0.778465 0.249884 0.00471394
0 0.0915001 0.283623 0.0876413 0.0687863 0.00469356
0 0.207599 0.687981 0.414192 0.495761 0.00456494
1 0.221026 0.724343 0.233295 0.124049 0.00450752
0 0.104095 0.278173 0.159354 0.0970423 0.004502
0 0.16025 0.333136 0.309428 0.141449 0.00449199
0 0.267455 0.210526 0.508812 0.359514 0.00445887
2 0.950643 0.125993 0.0982043 0.153612 0.00435988
0 0.525449 0.776801 0.552928 0.352594 0.00435753
0 0.0936888 0.300203 0.187378 0.169489 0.00433862
0 0.324713 0.822454 0.649427 0.355091 0.00430763
0 0.289289 0.783173 0.406822 0.255817 0.00429984
0 0.819118 0.243073 0.0277746 0.0292042 0.00429151
0 0.775356 0.900957 0.447012 0.190907 0.00419205
0 0.520208 0.812486 0.926379 0.375028 0.00417475
0 0.123473 0.815271 0.246081 0.369458 0.00413412
2 0.964664 0.884734 0.0693256 0.176509 0.00412308
2 0.236857 0.306183 0.12344 0.0718663 0.00410432
0 0.713215 0.188661 0.0448966 0.0311473 0.00408516
0 0.24249 0.509917 0.423866 0.560898 0.00407295
0 0.152222 0.213243 0.304445 0.362001 0.00404399
0 0.684061 0.803734 0.446287 0.392533 0.00401813
0 0.6484 0.731618 0.0653839 0.0341792 0.00401237
0 0.950148 0.743473 0.0992691 0.456496 0.0040052
2 0.124096 0.276721 0.155541 0.0931124 0.00400106
0 0.970752 0.0586251 0.0584953 0.0907276 0.00393688
0 0.558801 0.798953 0.688149 0.402094 0.00393192
0 0.262437 0.707229 0.0659997 0.0676581 0.00389856
0 0.225297 0.320855 0.127241 0.0811871 0.00381872
0 0.484053 0.674138 0.52961 0.256074 0.00380373
0 0.0756456 0.271024 0.0558333 0.0446714 0.00378451
0 0.131877 0.741644 0.260054 0.394698 0.00368999
0 0.126437 0.894608 0.252873 0.210783 0.00368538
0 0.725087 0.0829395 0.549826 0.165879 0.00366349
0 0.493701 0.421353 0.940199 0.454537 0.00365178
0 0.214175 0.788229 0.225045 0.13783 0.00363967
0 0.483236 0.254285 0.91652 0.322272 0.00363042
0 0.189189 0.969276 0.375126 0.0614472 0.00361118
0 0.154979 0.958731 0.307408 0.0825376 0.00360978
0 0.286574 0.733783 0.436676 0.230534 0.00359319
0 0.461531 0.971142 0.562555 0.0577158 0.00358857
0 0.56738 0.571126 0.678497 0.270743 0.00357088
0 0.248766 0.702377 0.482083 0.381176 0.0035545
0 0.536831 0.616861 0.643799 0.310751 0.00354521
0 0.770112 0.9667 0.439131 0.0660213 0.00349642
0 0.503506 0.569126 0.976176 0.800395 0.00348718
0 0.626892 0.483609 0.0637568 0.0711228 0.00348324
0 0.343384 0.970873 0.547389 0.0582541 0.00347043
0 0.342272 0.189109 0.684545 0.373423 0.00343757
0 0.759528 0.847897 0.479065 0.298954 0.00341996
0 0.895116 0.802151 0.209768 0.373299 0.00340731
0 0.346495 0.875084 0.648551 0.249831 0.00340371
0 0.136419 0.169979 0.272837 0.339958 0.00340367
0 0.508707 0.199099 0.982585 0.361774 0.00337963
0 0.679152 0.968823 0.551306 0.0623549 0.00336734
0 0.569306 0.969706 0.580541 0.0605877 0.00336214
0 0.428939 0.911556 0.717796 0.176502 0.0033073
0 0.693048 0.435884 0.437347 0.320679 0.00327855
0 0.98313 0.527486 0.0335417 0.082056 0.00326207
0 0.784823 0.181734 0.427461 0.363467 0.00324487
0 0.252742 0.355219 0.109876 0.0533608 0.00322186
0 0.802598 0.213605 0.0608577 0.0862197 0.00318704
0 0.233667 0.334627 0.145377 0.0870267 0.0031795
2 0.970514 0.505457 0.0573379 0.117067 0.00316709
0 0.351459 0.682862 0.620336 0.296645 0.00315496
0 0.674186 0.785196 0.626042 0.429608 0.00314842
0 0.109974 0.0785542 0.219949 0.157108 0.00313207
0 0.275267 0.360407 0.0599569 0.0386501 0.00312305
0 0.112082 0.116017 0.224164 0.232035 0.0031116
0 0.543177 0.533824 0.772814 0.276161 0.00311032
0 0.505756 0.057264 0.411772 0.114528 0.00305379
0 0.449334 0.0724308 0.462144 0.144862 0.00300874
0 0.139889 0.0934617 0.279485 0.186923 0.00298635
0 0.700156 0.176016 0.58888 0.350196 0.00298254
0 0.468201 0.663205 0.864975 0.311714 0.00297421
2 0.985367 0.170198 0.0291057 0.118295 0.00297286
0 0.199836 0.141739 0.399673 0.283478 0.00293692
0 0.969134 0.559674 0.0617313 0.183913 0.00291313
0 0.600713 0.472645 0.558786 0.276558 0.00290937
1 0.873105 0.927971 0.253789 0.143162 0.00289993
0 0.603743 0.054706 0.508108 0.109412 0.00289873
0 0.258309 0.367579 0.0994673 0.071527 0.00289379
0 0.528423 0.917624 0.6536 0.15894 0.00288481
0 0.941257 0.242237 0.117486 0.303018 0.00286689
0 0.464146 0.573355 0.867684 0.409222 0.00286385
0 0.473183 0.549282 0.903788 0.578267 0.00285556
0 0.448099 0.724783 0.785885 0.261965 0.00285467
0 0.514815 0.136703 0.777036 0.272753 0.00284668
0 0.710602 0.402782 0.554815 0.361435 0.00280078
0 0.67633 0.733922 0.0265087 0.0272812 0.00279055
0 0.968522 0.0752286 0.0544053 0.0500589 0.0027866
0 0.989534 0.885364 0.020725 0.076545 0.00278332
0 0.641552 0.915362 0.641419 0.163871 0.00278014
0 0.488203 0.338099 0.935028 0.358988 0.00274568
0 0.816993 0.223094 0.0323813 0.0634198 0.00272884
0 0.600079 0.456345 0.61756 0.371939 0.00269783
0 0.510865 0.503084 0.882365 0.385308 0.00268688
0 0.645337 0.134282 0.627974 0.267815 0.00268288
0 0.243259 0.341996 0.194103 0.159235 0.00267598
0 0.977865 0.927553 0.0435148 0.144894 0.00267502
0 0.583054 0.234054 0.71058 0.422637 0.0026737
0 0.325004 0.137205 0.650007 0.27441 0.00262814
0 0.244416 0.0860408 0.457294 0.172082 0.00260149
0 0.111074 0.302884 0.0625883 0.030115 0.00259235
0 0.352789 0.0839103 0.565079 0.167821 0.00258333
0 0.805298 0.226352 0.0614166 0.0517904 0.00256446
0 0.926569 0.135121 0.146863 0.145028 0.00254624
0 0.732637 0.53593 0.144469 0.0969997 0.00254603
0 0.688988 0.33434 0.487525 0.300585 0.00252612
0 0.129207 0.764806 0.0466419 0.0616172 0.0024719
0 0.184675 0.760599 0.0849362 0.0481028 0.00247009
0 0.984094 0.869479 0.031812 0.151015 0.00246999
0 0.578431 0.353493 0.589029 0.352288 0.00246079
0 0.570503 0.280838 0.599428 0.333074 0.00245673
0 0.840296 0.525254 0.177405 0.0957359 0.00245064
0 0.8302 0.240895 0.0570173 0.0430654 0.00243844
0 0.137573 0.842454 0.0457241 0.0514358 0.00243568
2 0.938897 0.928888 0.122205 0.142225 0.0024314
0 0.917941 0.159998 0.164119 0.121797 0.00241051
0 0.282387 0.361951 0.0451149 0.0349255 0.00236674
0 0.678863 0.24764 0.469647 0.282656 0.00235651
0 0.149526 0.10215 0.0589588 0.0485753 0.00233572
0 0.938824 0.135758 0.0662652 0.0506082 0.00231138
0 0.468121 0.00636062 0.0297866 0.012651 0.00226821
0 0.979487 0.536039 0.0410252 0.105772 0.00226722
1 0.915846 0.922372 0.167591 0.150255 0.00226713
0 0.233555 0.349302 0.150935 0.0640747 0.00224544
0 0.988835 0.868264 0.0220884 0.095025 0.00223503
0 0.870412 0.0270226 0.0959231 0.0540452 0.00222865
0 0.115516 0.790153 0.231032 0.124273 0.00220535
0 0.0592373 0.251913 0.118475 0.160699 0.00219263
0 0.339168 0.756794 0.24122 0.177636 0.00219165
0 0.973446 0.518997 0.053107 0.0516439 0.00217625
2 0.952164 0.8731 0.0947415 0.247869 0.0021672
2 0.956035 0.851199 0.0879305 0.297601 0.00212409
2 0.966829 0.472881 0.0663424 0.24373 0.00211288
0 0.23066 0.373972 0.160681 0.238971 0.00210566
1 0.163652 0.333042 0.310462 0.169087 0.00208947
0 0.141512 0.109469 0.0384399 0.0366622 0.00208932
0 0.780189 0.255725 0.120557 0.0678324 0.00207182
0 0.210698 0.818547 0.228916 0.194475 0.00206051
0 0.986946 0.945958 0.0256113 0.10624 0.00204884
0 0.980286 0.877085 0.0389305 0.194397 0.00204854
2 0.799491 0.216071 0.0606893 0.086596 0.002041
0 0.988294 0.203613 0.0234126 0.0460382 0.00203559
0 0.827802 0.252015 0.0466825 0.0505322 0.0020343
0 0.841754 0.523468 0.0549637 0.0497662 0.00195846
0 0.982037 0.502641 0.0357648 0.0960304 0.00193808
0 0.958233 0.948289 0.083535 0.103422 0.00191666
0 0.498007 0.0104103 0.231719 0.0204856 0.0019108
1 0.790955 0.95897 0.418089 0.08206 0.00190977
0 0.708681 0.580727 0.060762 0.0382598 0.00189678
2 0.229858 0.738042 0.253392 0.120579 0.00188402
1 0.807762 0.526036 0.129656 0.0818973 0.00187182
0 0.0245254 0.477935 0.0487767 0.31458 0.00180883
0 0.983704 0.917906 0.0320258 0.145351 0.00178443
1 0.838137 0.0308852 0.323726 0.0617002 0.00178091
0 0.989115 0.121376 0.0216682 0.164935 0.00178004
2 0.967295 0.546882 0.0639977 0.13318 0.00174564
0 0.102326 0.235091 0.202293 0.199049 0.00174277
0 0.0237612 0.242172 0.0475224 0.205546 0.00172975
0 0.459709 0.0100473 0.201093 0.0195616 0.00172701
0 0.0296359 0.138678 0.0589047 0.277355 0.00171621
0 0.286719 0.816642 0.0279734 0.0220497 0.00171155
0 0.836315 0.0411018 0.327369 0.0822036 0.00170946
1 0.113671 0.35877 0.227341 0.30047 0.00170492
