0 0.670168 0.287705 0.133015 0.0973518 0.867108
0 0.406146 0.174244 0.223853 0.190551 0.813021
0 0.489481 0.605622 0.89322 0.689479 0.78573
0 0.425865 0.114242 0.146269 0.0737377 0.648267
0 0.778883 0.454587 0.336719 0.134513 0.505569
0 0.437497 0.859163 0.163123 0.0770553 0.395351
0 0.699235 0.736376 0.166835 0.0953297 0.388495
0 0.491066 0.798404 0.272345 0.211737 0.331604
0 0.574394 0.792786 0.439627 0.216436 0.310055
0 0.485059 0.388933 0.879491 0.665066 0.281084
0 0.409637 0.204798 0.223178 0.130295 0.272868
0 0.47632 0.828831 0.233767 0.141291 0.206809
0 0.440148 0.832709 0.157369 0.133926 0.192414
0 0.472417 0.648013 0.804397 0.527672 0.173154
0 0.547561 0.46787 0.804019 0.449587 0.165199
0 0.291462 0.618573 0.14361 0.0988759 0.161088
0 0.687592 0.664851 0.200536 0.242989 0.154461
0 0.47779 0.183387 0.394343 0.219854 0.136852
0 0.504221 0.750202 0.225785 0.114777 0.134814
0 0.400081 0.282086 0.698007 0.417836 0.131038
0 0.445767 0.697116 0.719196 0.409499 0.128052
0 0.249514 0.585084 0.224502 0.170073 0.105596
0 0.543965 0.290377 0.398547 0.103031 0.102602
0 0.66321 0.483918 0.564632 0.233934 0.102249
0 0.582682 0.737096 0.42292 0.104656 0.100484
0 0.41473 0.348527 0.445132 0.150953 0.095723
0 0.378595 0.567482 0.686541 0.608303 0.0895503
0 0.469012 0.345316 0.317882 0.141273 0.0811264
0 0.253505 0.614087 0.217795 0.111097 0.0757649
0 0.653045 0.410941 0.584732 0.28715 0.0738597
0 0.565447 0.712067 0.449226 0.352152 0.0722869
0 0.524776 0.228385 0.50161 0.312519 0.0709475
0 0.872598 0.464659 0.136646 0.1014 0.0701875
0 0.654984 0.555418 0.582341 0.37023 0.0691443
0 0.504863 0.643719 0.570747 0.423716 0.0631877
0 0.206566 0.548655 0.126613 0.0863379 0.0626396
0 0.742614 0.458934 0.401275 0.168698 0.0562642
0 0.568678 0.340841 0.764063 0.385863 0.0545943
0 0.820934 0.337382 0.0777231 0.0560688 0.0466674
0 0.621235 0.291039 0.235555 0.105638 0.0433639
0 0.471975 0.246359 0.714538 0.344613 0.0418954
0 0.562581 0.747408 0.339736 0.120432 0.0404222
0 0.564158 0.270797 0.769407 0.2908 0.0375113
0 0.675151 0.611184 0.24514 0.149203 0.0341438
0 0.301914 0.573909 0.325508 0.193666 0.0293675
0 0.741427 0.27787 0.281894 0.173686 0.0285006
0 0.595487 0.229045 0.691524 0.330842 0.0273818
0 0.403816 0.210107 0.32721 0.124562 0.0272936
0 0.448493 0.14098 0.390069 0.28196 0.026272
0 0.517106 0.334457 0.316643 0.162308 0.024553
0 0.560791 0.329441 0.396118 0.18709 0.0216421
0 0.149627 0.390986 0.175081 0.0859913 0.0214587
0 0.438322 0.248007 0.3377 0.203167 0.0209351
0 0.476333 0.0314044 0.228309 0.0602768 0.0200712
0 0.59322 0.644526 0.427393 0.371778 0.0198178
0 0.610661 0.165078 0.669515 0.292859 0.0194414
0 0.4211 0.331634 0.410679 0.111961 0.0193875
0 0.35028 0.473634 0.632612 0.405819 0.0190202
0 0.589226 0.664375 0.417982 0.253082 0.0188727
0 0.388483 0.183028 0.280234 0.219954 0.0186436
0 0.731764 0.305308 0.268908 0.152231 0.0185186
0 0.564779 0.845414 0.433757 0.309172 0.0181951
0 0.493322 0.0692047 0.277206 0.136081 0.0179779
0 0.366832 0.35599 0.589926 0.556627 0.0165023
0 0.499289 0.0846958 0.355208 0.169017 0.015997
0 0.691402 0.613668 0.519273 0.453583 0.0154173
0 0.220564 0.555555 0.164373 0.106836 0.0152954
0 0.318969 0.328507 0.192 0.102977 0.015073
0 0.10964 0.395439 0.0895665 0.0533958 0.0150605
0 0.62207 0.589424 0.352305 0.172449 0.0145706
0 0.18304 0.412126 0.248637 0.131788 0.0144056
0 0.663805 0.271816 0.152405 0.139136 0.0143996
0 0.483578 0.112633 0.323248 0.214914 0.0139766
0 0.402933 0.251584 0.319478 0.35251 0.0137415
0 0.581764 0.112217 0.123015 0.0918964 0.0132079
0 0.736825 0.292975 0.288284 0.111473 0.0131914
0 0.658489 0.326124 0.577139 0.203372 0.0123194
0 0.60708 0.729505 0.51308 0.424749 0.0121458
0 0.433203 0.0714929 0.481005 0.142986 0.0120324
0 0.174536 0.391014 0.129893 0.0832911 0.0111056
0 0.759438 0.444227 0.275004 0.11222 0.0109772
0 0.425533 0.208251 0.186705 0.10025 0.0109202
0 0.712052 0.367875 0.472231 0.278319 0.0108652
0 0.360917 0.372629 0.539488 0.198263 0.010368
0 0.58981 0.573159 0.413584 0.209654 0.0101764
0 0.310072 0.547942 0.351342 0.261101 0.0101662
0 0.896146 0.249156 0.0409836 0.0324833 0.0100369
0 0.38818 0.270024 0.370687 0.248255 0.0100357
0 0.86318 0.298969 0.179053 0.135745 0.00999242
0 0.578574 0.078858 0.129032 0.136458 0.00975594
0 0.583853 0.104573 0.123782 0.144423 0.00940945
0 0.58884 0.838733 0.607208 0.319207 0.00882399
0 0.133969 0.395485 0.0509686 0.0530199 0.00868137
0 0.569465 0.0829339 0.589323 0.165868 0.00863359
0 0.277207 0.485674 0.483499 0.366693 0.00861075
0 0.402071 0.0754108 0.713588 0.150822 0.00857376
0 0.860196 0.33791 0.164168 0.0644529 0.00836587
0 0.670717 0.771124 0.658565 0.457752 0.00821626
0 0.73934 0.319379 0.427235 0.18639 0.00818971
0 0.512528 0.834897 0.326391 0.142327 0.007788
0 0.511635 0.972618 0.734644 0.0547636 0.00763223
0 0.83433 0.312675 0.104783 0.108092 0.0076261
0 0.730746 0.627223 0.123794 0.0894125 0.00760349
0 0.584946 0.133983 0.122388 0.0893588 0.00756159
2 0.869767 0.465945 0.134811 0.10844 0.00754589
0 0.555503 0.128174 0.177572 0.10193 0.00734252
0 0.367581 0.149321 0.735161 0.298642 0.00729858
0 0.35282 0.844537 0.655904 0.310927 0.00723272
0 0.503156 0.276911 0.461072 0.260361 0.00722983
0 0.792147 0.393082 0.337706 0.289422 0.00721776
0 0.812832 0.346316 0.311358 0.240141 0.00696493
0 0.568191 0.0838687 0.166541 0.152152 0.00693098
0 0.264396 0.538138 0.367094 0.222936 0.00666287
0 0.829986 0.312327 0.297179 0.184208 0.00662817
0 0.854276 0.26081 0.151944 0.0554442 0.0065527
0 0.253788 0.342041 0.370133 0.131157 0.00653318
0 0.612239 0.273194 0.26062 0.133772 0.00651062
0 0.679986 0.451949 0.532541 0.136699 0.00650896
0 0.363566 0.554587 0.689535 0.263077 0.00648996
0 0.66674 0.274544 0.140116 0.0697536 0.00635205
2 0.290202 0.618517 0.146403 0.102192 0.00620498
0 0.212917 0.497177 0.365031 0.352958 0.00619859
0 0.705 0.525892 0.517133 0.282712 0.00604264
0 0.738141 0.666861 0.45292 0.566615 0.00599736
0 0.286442 0.325731 0.126505 0.0873348 0.00595627
0 0.354714 0.611895 0.455546 0.121183 0.00590097
0 0.491324 0.0362423 0.0979507 0.0375012 0.00573849
0 0.206957 0.539295 0.269732 0.134305 0.0057175
0 0.369996 0.405491 0.649761 0.317631 0.00565565
0 0.36552 0.974977 0.639646 0.0496125 0.00558749
0 0.162419 0.0544819 0.324838 0.108964 0.00557743
0 0.259088 0.374368 0.402538 0.199529 0.00557085
0 0.650498 0.973009 0.670714 0.0531276 0.00547261
0 0.754857 0.456865 0.182023 0.134962 0.00536299
0 0.489307 0.754398 0.181332 0.0908274 0.00534549
0 0.81701 0.460144 0.365981 0.231257 0.00523641
0 0.532925 0.03417 0.391891 0.0683399 0.0051912
0 0.835708 0.288592 0.234359 0.160621 0.00518456
0 0.379057 0.788607 0.713133 0.231169 0.00516083
0 0.514345 0.272571 0.471919 0.140018 0.00508859
0 0.370631 0.156886 0.291193 0.166492 0.00504519
0 0.321986 0.198981 0.643972 0.374828 0.00501628
0 0.840871 0.273053 0.308971 0.240733 0.00501016
0 0.585197 0.536647 0.389998 0.298429 0.0049336
0 0.0994253 0.396779 0.0670188 0.0484583 0.00492962
0 0.46934 0.159146 0.35336 0.143492 0.00492212
0 0.717514 0.277398 0.516105 0.257995 0.00491248
0 0.884229 0.311394 0.231542 0.267471 0.004885
0 0.405687 0.854317 0.24672 0.0904213 0.00487376
0 0.456053 0.861886 0.124556 0.0670935 0.00476403
0 0.700703 0.746459 0.225025 0.118237 0.00472158
0 0.527417 0.868096 0.362296 0.136653 0.00471551
0 0.496129 0.600139 0.17269 0.127635 0.00471473
0 0.785536 0.971874 0.428928 0.0543682 0.00469434
0 0.898968 0.346098 0.202065 0.275704 0.00467744
0 0.585145 0.107469 0.140351 0.195971 0.00466213
0 0.340592 0.204929 0.368761 0.274434 0.00459408
0 0.725981 0.978269 0.518391 0.0432894 0.00457799
0 0.85486 0.948587 0.290281 0.102825 0.00453199
0 0.831479 0.40639 0.23853 0.227086 0.00450732
0 0.236025 0.119628 0.472049 0.239256 0.0044865
0 0.18032 0.492671 0.340458 0.435333 0.00445285
0 0.339498 0.903187 0.650439 0.192846 0.00445252
0 0.321282 0.254364 0.433508 0.352803 0.00444455
0 0.856485 0.397197 0.28703 0.284112 0.00444429
0 0.283619 0.421168 0.468273 0.154264 0.00443708
0 0.24415 0.43821 0.386847 0.191296 0.00442808
0 0.512788 0.700119 0.251839 0.218366 0.00441186
0 0.801041 0.984959 0.0571183 0.0300513 0.00434313
0 0.858977 0.214876 0.282045 0.343825 0.00429353
0 0.712458 0.203409 0.571751 0.400818 0.0042821
0 0.719764 0.91368 0.5298 0.168865 0.00427014
0 0.814928 0.588039 0.370144 0.46704 0.00425481
0 0.458553 0.872347 0.208202 0.113833 0.00424933
0 0.187506 0.513494 0.302083 0.184427 0.00418825
0 0.200019 0.475374 0.308046 0.272628 0.00415949
0 0.877739 0.476506 0.130856 0.0755252 0.00415163
0 0.177214 0.443192 0.285288 0.382871 0.00414573
0 0.208932 0.017225 0.132198 0.0340097 0.00413037
0 0.872968 0.920323 0.254064 0.150506 0.00412782
0 0.782559 0.985239 0.123648 0.0292339 0.00408687
0 0.307564 0.490064 0.429399 0.292643 0.00407341
0 0.815421 0.342743 0.061261 0.0473963 0.00401812
0 0.228681 0.563625 0.442643 0.232126 0.00398014
0 0.139045 0.114134 0.27809 0.228268 0.00395746
0 0.90837 0.932966 0.183261 0.134068 0.0039377
0 0.921665 0.901697 0.15667 0.196607 0.00392597
0 0.895632 0.644715 0.208736 0.542783 0.00390634
0 0.128863 0.0686419 0.257727 0.137284 0.00388538
0 0.213228 0.973249 0.420638 0.052573 0.00387423
0 0.501327 0.52721 0.437397 0.304533 0.00387304
0 0.657752 0.102853 0.66045 0.205298 0.00381832
0 0.380656 0.113088 0.26172 0.0953333 0.00378599
0 0.585747 0.172613 0.1373 0.1522 0.0037719
0 0.895205 0.21807 0.20959 0.340668 0.00375453
0 0.173346 0.369472 0.2776 0.348916 0.00371826
0 0.826325 0.869697 0.347349 0.243417 0.00368875
0 0.928898 0.662487 0.142205 0.523169 0.00365005
0 0.505719 0.0356084 0.0784045 0.0361876 0.0036406
0 0.949128 0.856421 0.101744 0.286564 0.00363611
0 0.564436 0.475851 0.28551 0.204804 0.00357663
0 0.821716 0.795695 0.356569 0.338894 0.00356418
0 0.965592 0.816847 0.0688169 0.292645 0.00356185
0 0.458291 0.0321259 0.313959 0.0634223 0.0035297
0 0.946949 0.689062 0.106102 0.442244 0.00351017
0 0.858729 0.151762 0.278959 0.303024 0.00350035
0 0.436265 0.805764 0.208134 0.189509 0.00349393
0 0.481175 0.0384262 0.0807083 0.0326653 0.00348649
0 0.863342 0.0851317 0.27216 0.170263 0.00347524
0 0.125182 0.494079 0.250365 0.384764 0.00346475
0 0.73618 0.730572 0.52764 0.38949 0.00346398
0 0.581531 0.0872917 0.116689 0.101112 0.00346007
0 0.966685 0.750681 0.0666303 0.343256 0.00345505
0 0.828727 0.444234 0.228837 0.154243 0.00344952
0 0.0971376 0.528635 0.194275 0.416437 0.00344192
0 0.763567 0.146228 0.446988 0.292455 0.00343837
0 0.903325 0.153787 0.193351 0.307574 0.00342592
0 0.924471 0.0967286 0.151057 0.193457 0.00341714
0 0.795346 0.302751 0.137121 0.128283 0.00340599
0 0.778055 0.774096 0.443891 0.388048 0.00337091
0 0.793344 0.0959073 0.402039 0.191815 0.00335484
0 0.201549 0.578776 0.392655 0.554078 0.00332015
0 0.18654 0.17019 0.373079 0.340379 0.00331125
0 0.231399 0.979434 0.462799 0.0411314 0.00330687
0 0.692416 0.615546 0.223632 0.119967 0.00330128
0 0.234459 0.607597 0.27179 0.127566 0.00330011
0 0.813055 0.985525 0.143168 0.0284722 0.00329666
0 0.112027 0.414159 0.224054 0.340043 0.00327819
0 0.352744 0.585048 0.480806 0.175708 0.00325796
0 0.178837 0.901975 0.357673 0.193738 0.00325723
0 0.40375 0.0950635 0.101996 0.0370642 0.0032306
0 0.164085 0.313459 0.282066 0.409225 0.00322082
0 0.100388 0.365498 0.200776 0.323599 0.00321677
0 0.075416 0.584876 0.150832 0.390187 0.00320153
0 0.133997 0.148126 0.267993 0.296252 0.00318616
0 0.100638 0.317986 0.201276 0.323101 0.00317812
0 0.868289 0.358568 0.181505 0.125601 0.00316313
0 0.584771 0.158438 0.119663 0.09903 0.0031109
0 0.169795 0.970829 0.33959 0.0583429 0.0031104
0 0.354514 0.746488 0.709028 0.344677 0.00310952
0 0.428987 0.133946 0.159863 0.110942 0.00310072
0 0.132796 0.192549 0.265591 0.347621 0.00309939
0 0.677444 0.419125 0.416266 0.0760452 0.00308538
0 0.0577763 0.721428 0.115553 0.317043 0.00307653
0 0.0603663 0.662143 0.120733 0.342587 0.00306422
0 0.657931 0.346901 0.481502 0.220366 0.00304464
0 0.0636381 0.825271 0.127276 0.300087 0.00304121
0 0.121864 0.236591 0.243727 0.334862 0.00303778
0 0.0837296 0.887409 0.167459 0.225181 0.00303232
0 0.12332 0.946311 0.24664 0.107378 0.00299756
0 0.7047 0.753353 0.158299 0.0608844 0.00295978
0 0.407016 0.875704 0.335487 0.113623 0.00292973
0 0.243419 0.234154 0.486838 0.456121 0.00291428
0 0.650743 0.100736 0.292405 0.19999 0.00288475
0 0.729703 0.612916 0.125177 0.0739382 0.00287578
0 0.410404 0.0777533 0.251416 0.155507 0.00286458
0 0.756297 0.510521 0.395025 0.267242 0.00285367
0 0.45512 0.039135 0.0905152 0.0307142 0.00281562
0 0.254105 0.86591 0.50821 0.260623 0.00279541
0 0.516588 0.545527 0.330137 0.278577 0.002792
0 0.768149 0.327676 0.19558 0.139005 0.00277683
0 0.150566 0.872683 0.301131 0.254635 0.00276424
0 0.655848 0.614654 0.18534 0.121077 0.00274095
0 0.707433 0.968476 0.585134 0.0623081 0.00274028
0 0.731697 0.753852 0.102303 0.0607279 0.00271453
0 0.665166 0.319428 0.0881158 0.0320563 0.00269058
0 0.558031 0.10902 0.0644677 0.0586207 0.00268976
0 0.177072 0.699048 0.354144 0.48803 0.002683
0 0.641747 0.222022 0.225492 0.257167 0.0026802
0 0.210213 0.00926695 0.105248 0.0185339 0.00263258
0 0.678739 0.233338 0.167278 0.234294 0.00263018
0 0.487723 0.0302271 0.138812 0.0478495 0.0026164
0 0.189917 0.979787 0.379834 0.0404252 0.00258269
0 0.148319 0.799376 0.296637 0.391212 0.00257348
0 0.58933 0.141131 0.109496 0.0648728 0.00257338
0 0.86256 0.493553 0.0935296 0.0430411 0.00256198
0 0.503855 0.344112 0.214765 0.141087 0.00251744
0 0.0704438 0.0223681 0.140888 0.0442964 0.00250724
0 0.40642 0.605415 0.55465 0.141604 0.00245504
0 0.466667 0.0276527 0.176422 0.0550295 0.00243126
0 0.406759 0.552441 0.444897 0.256469 0.00239934
0 0.515725 0.366019 0.233477 0.191623 0.00239493
0 0.17582 0.0171311 0.162582 0.0339798 0.00237382
0 0.971862 0.900733 0.0562762 0.0970297 0.00228698
0 0.100299 0.022108 0.170989 0.0440061 0.00228603
0 0.135443 0.0413872 0.270887 0.0819644 0.00224834
0 0.569967 0.106912 0.0876943 0.0635874 0.00220475
0 0.244274 0.552059 0.204689 0.0923729 0.00217922
0 0.531231 0.882758 0.484525 0.188299 0.00217227
0 0.400287 0.101972 0.101243 0.0506233 0.00214963
1 0.723829 0.953336 0.552343 0.0929523 0.00213825
0 0.697263 0.545793 0.282912 0.269555 0.00209089
0 0.171589 0.547867 0.310244 0.201502 0.00205527
0 0.479975 0.862704 0.0773824 0.0685799 0.00205067
0 0.79471 0.474433 0.304277 0.146055 0.00203233
0 0.186438 0.0237977 0.200677 0.047347 0.00200314
0 0.711612 0.240507 0.272702 0.220537 0.00199314
0 0.419409 0.42425 0.472246 0.302859 0.00198865
1 0.252212 0.964889 0.504424 0.0695145 0.00197958
0 0.467825 0.0405444 0.0512997 0.0270802 0.0019711
