0 0.462317 0.584684 0.53365 0.512173 0.828331
0 0.0493247 0.0700486 0.0982949 0.119171 0.762187
0 0.825942 0.779003 0.129129 0.0807411 0.681963
0 0.316822 0.372886 0.133618 0.095901 0.67727
0 0.369762 0.753439 0.159501 0.111881 0.555969
0 0.35981 0.644473 0.32134 0.326321 0.475606
0 0.301023 0.360881 0.102893 0.0695083 0.471485
0 0.324163 0.38946 0.147386 0.127318 0.456064
0 0.362499 0.698536 0.18622 0.224973 0.339879
0 0.466978 0.514586 0.499878 0.376857 0.320154
0 0.336798 0.748066 0.240674 0.123413 0.318114
0 0.640477 0.275328 0.202049 0.125101 0.302484
0 0.68632 0.637398 0.0773555 0.0786247 0.274119
0 0.584359 0.446708 0.0907152 0.076987 0.237791
0 0.454917 0.38314 0.0993076 0.067622 0.22574
0 0.337137 0.689185 0.261295 0.247825 0.161344
0 0.443806 0.433921 0.411431 0.220262 0.108028
0 0.597984 0.603117 0.258747 0.157455 0.105689
2 0.828969 0.780512 0.130008 0.0792072 0.0849088
0 0.459722 0.649214 0.527134 0.319808 0.0845525
0 0.337811 0.608115 0.272393 0.231936 0.0812828
0 0.635447 0.605222 0.178208 0.148347 0.0799785
0 0.667441 0.273566 0.147821 0.117669 0.0610039
0 0.301337 0.868928 0.0241321 0.0222274 0.0567389
0 0.0487583 0.0431303 0.0975167 0.0612611 0.0567178
0 0.257334 0.577992 0.0999312 0.0631147 0.0546976
2 0.0503074 0.065625 0.100615 0.13125 0.0536516
0 0.724664 0.573417 0.0299186 0.0175373 0.0525248
0 0.509046 0.417484 0.245873 0.13482 0.0516847
0 0.333547 0.415435 0.117067 0.0700397 0.0485313
0 0.014601 0.476004 0.0286964 0.0711927 0.0484116
0 0.0364903 0.631337 0.0729806 0.204893 0.0426731
0 0.401485 0.427809 0.252982 0.157152 0.038515
0 0.664557 0.638322 0.120467 0.0813796 0.0376614
0 0.474236 0.423473 0.315794 0.15378 0.0355873
0 0.0366286 0.645448 0.0732572 0.297223 0.0343335
0 0.379463 0.744006 0.143343 0.0874372 0.0341153
0 0.383476 0.390399 0.27496 0.134045 0.0325166
0 0.282127 0.611293 0.157698 0.263086 0.0322584
0 0.450862 0.468036 0.37718 0.239745 0.0310668
0 0.283842 0.554118 0.162938 0.140708 0.0292201
0 0.333139 0.56773 0.267095 0.467214 0.0288572
0 0.562132 0.599721 0.344352 0.173627 0.0288114
0 0.0177582 0.511014 0.0355163 0.273219 0.0277208
0 0.0178407 0.467653 0.0354862 0.214273 0.0264163
0 0.29738 0.35063 0.0935667 0.0488107 0.0264144
0 0.270863 0.629585 0.132386 0.188407 0.0263973
0 0.392183 0.648862 0.145765 0.111104 0.0260343
0 0.00955161 0.470452 0.0191032 0.048548 0.0257952
0 0.490151 0.4098 0.508089 0.353323 0.024067
0 0.0349223 0.668645 0.0688818 0.173965 0.0233329
0 0.284501 0.860405 0.0594842 0.0376042 0.0229294
0 0.052994 0.0776838 0.105988 0.155368 0.0204425
0 0.0392398 0.675142 0.0784795 0.539963 0.0180188
0 0.852059 0.779396 0.0809451 0.0782816 0.017834
0 0.413378 0.423639 0.310545 0.184843 0.0170371
0 0.284934 0.355706 0.0676126 0.0633303 0.0165577
0 0.453299 0.376371 0.0857329 0.0576488 0.0164143
0 0.0185019 0.556828 0.0370037 0.301764 0.0161408
0 0.0928901 0.920793 0.18578 0.145818 0.0154058
0 0.699744 0.286343 0.0775177 0.0748205 0.0153992
0 0.424173 0.616939 0.37249 0.177127 0.0152794
0 0.520857 0.486431 0.437241 0.32801 0.0151584
0 0.563184 0.516888 0.326168 0.356239 0.014947
0 0.295124 0.865416 0.0364207 0.0274603 0.0136187
0 0.323106 0.535372 0.109562 0.094171 0.0135983
0 0.0657911 0.10416 0.047177 0.0464294 0.0134737
0 0.111768 0.098478 0.223088 0.194684 0.0133509
2 0.0361099 0.649234 0.0719031 0.091805 0.0131699
0 0.5893 0.434577 0.0828623 0.0532503 0.0130913
0 0.098107 0.88439 0.195356 0.227925 0.012988
0 0.13575 0.678204 0.270559 0.613291 0.0127791
0 0.537858 0.377561 0.4224 0.332262 0.0124711
0 0.544158 0.475222 0.17865 0.143619 0.0123599
0 0.472537 0.366215 0.458784 0.314096 0.0123317
0 0.0205228 0.441931 0.0406894 0.225753 0.0121569
0 0.502997 0.576085 0.357282 0.223941 0.0119432
2 0.0362721 0.629921 0.0725442 0.129516 0.0117095
0 0.0702229 0.754536 0.140105 0.460751 0.0114839
0 0.828162 0.798252 0.13535 0.123674 0.0114364
0 0.0979761 0.791319 0.194731 0.417362 0.0113529
0 0.387777 0.692313 0.160535 0.201969 0.0113082
0 0.435105 0.398927 0.391561 0.18942 0.0111316
0 0.232058 0.624371 0.464117 0.531728 0.0108916
0 0.711493 0.284354 0.0528384 0.0676828 0.0108782
0 0.268546 0.569942 0.128389 0.172409 0.0108593
0 0.0467799 0.600235 0.0935598 0.489921 0.0107791
0 0.0536588 0.171856 0.107318 0.343711 0.0106608
0 0.574932 0.466098 0.113446 0.119565 0.0104238
0 0.035505 0.719105 0.0704645 0.271502 0.0100516
0 0.581876 0.563445 0.305801 0.254239 0.00964026
0 0.616964 0.554998 0.0452542 0.0490368 0.00953842
0 0.0355557 0.6498 0.0703176 0.101876 0.00920625
0 0.72041 0.583357 0.0340939 0.0428244 0.00882889
0 0.497946 0.287693 0.504043 0.155319 0.00880928
0 0.286931 0.867812 0.0565018 0.0244269 0.00880541
0 0.410776 0.532385 0.447547 0.24976 0.00879499
0 0.0324617 0.505619 0.0647245 0.305755 0.00863261
0 0.509001 0.469534 0.248823 0.196669 0.00839519
0 0.410342 0.590571 0.426283 0.242224 0.00780759
0 0.876419 0.781382 0.230754 0.0912409 0.00780665
0 0.457451 0.500445 0.41327 0.316152 0.00778847
0 0.108247 0.0694435 0.216493 0.125024 0.00761612
0 0.171761 0.195578 0.343124 0.391156 0.00760582
0 0.299607 0.870954 0.0322757 0.0237749 0.0075761
0 0.0592946 0.559503 0.118589 0.523637 0.00755397
0 0.271426 0.664774 0.116839 0.115271 0.00749257
0 0.554261 0.476211 0.475389 0.434128 0.00747291
0 0.465375 0.598411 0.401162 0.189167 0.00743491
0 0.369818 0.511031 0.348513 0.242396 0.0072912
0 0.307336 0.357551 0.119164 0.114838 0.00706997
0 0.759776 0.279432 0.452952 0.140757 0.00705422
0 0.319511 0.502779 0.25332 0.345774 0.00689802
0 0.439294 0.691936 0.34921 0.233357 0.00678382
0 0.718217 0.27396 0.0402883 0.0468177 0.00676837
0 0.389735 0.378082 0.293372 0.181304 0.00662484
0 0.0150209 0.492632 0.0294932 0.0930194 0.00649961
0 0.460338 0.549909 0.399867 0.290185 0.0064521
0 0.517151 0.65222 0.0618589 0.0567628 0.00636592
0 0.723851 0.572493 0.0296243 0.0262325 0.00631783
0 0.597653 0.4491 0.128269 0.0872185 0.00630721
2 0.0483151 0.0429207 0.0966302 0.0667155 0.00624257
0 0.68522 0.626896 0.0691686 0.0606642 0.0062096
0 0.53754 0.549293 0.328601 0.284874 0.00617503
0 0.806039 0.861442 0.208947 0.277116 0.00598691
0 0.304202 0.44794 0.261986 0.250751 0.00587184
0 0.214376 0.604832 0.428753 0.711132 0.0058579
0 0.292963 0.795268 0.33904 0.352152 0.00583987
0 0.51336 0.662599 0.0483112 0.0359425 0.00583187
0 0.0529071 0.102261 0.0737574 0.0543813 0.00581271
0 0.0515374 0.0360323 0.0921026 0.0449265 0.00574654
0 0.303185 0.732275 0.602254 0.53545 0.00565191
0 0.869272 0.826673 0.245961 0.199822 0.00563904
0 0.580081 0.412467 0.374254 0.405905 0.00556429
0 0.494983 0.3178 0.495122 0.234984 0.00553288
0 0.120368 0.915197 0.239415 0.169605 0.00551559
0 0.0104237 0.485309 0.0208473 0.085604 0.00550749
0 0.849949 0.74691 0.18189 0.172737 0.00550337
0 0.764418 0.314479 0.462974 0.219791 0.00542492
0 0.864709 0.761364 0.270582 0.168517 0.00534529
0 0.366771 0.299023 0.733542 0.598046 0.00533553
0 0.0322336 0.908597 0.0621053 0.0714009 0.00519609
0 0.342106 0.784314 0.102446 0.0514532 0.00516948
0 0.156436 0.0751379 0.299732 0.150276 0.00513647
0 0.237391 0.402906 0.402401 0.162559 0.00510976
0 0.497229 0.400693 0.191144 0.10272 0.00500725
0 0.243998 0.574665 0.0726522 0.0622106 0.0049915
0 0.407172 0.451925 0.330021 0.261442 0.00495336
0 0.335411 0.775807 0.318458 0.448385 0.00495118
0 0.537121 0.533095 0.20425 0.26924 0.00491734
0 0.270174 0.683018 0.114867 0.08146 0.00491732
0 0.123375 0.267658 0.24675 0.535317 0.0049063
0 0.31094 0.871003 0.043841 0.0274078 0.00487116
0 0.896967 0.781536 0.206067 0.178618 0.00486199
0 0.104292 0.450774 0.208583 0.538988 0.00483945
0 0.244206 0.75644 0.447429 0.43959 0.00477125
0 0.532756 0.663806 0.515765 0.390647 0.00476029
0 0.0417645 0.595351 0.0835289 0.32887 0.00468982
0 0.0104924 0.455091 0.0209849 0.0622135 0.00464498
0 0.759743 0.772898 0.277912 0.124753 0.00460743
0 0.0168742 0.463723 0.0337485 0.0923595 0.00454201
0 0.899894 0.772123 0.200213 0.259534 0.00442985
0 0.89794 0.839867 0.204119 0.297002 0.0043769
0 0.854734 0.807299 0.181998 0.154671 0.00430549
0 0.664761 0.291155 0.150221 0.0854001 0.00429545
0 0.599972 0.444842 0.0599022 0.0717696 0.0042109
0 0.237179 0.31077 0.474359 0.62154 0.00414017
0 0.501743 0.717774 0.588616 0.429064 0.00411702
0 0.734581 0.851391 0.337087 0.297218 0.00407244
0 0.730458 0.195495 0.465495 0.326572 0.00404837
0 0.409571 0.466892 0.145085 0.0885298 0.00404649
0 0.561013 0.97052 0.422475 0.058959 0.00404531
0 0.440186 0.354481 0.878794 0.681179 0.00404143
0 0.0421207 0.751153 0.0839428 0.33054 0.00397982
0 0.66462 0.665176 0.0305524 0.0260005 0.00393911
0 0.286568 0.374666 0.560028 0.207909 0.00392513
0 0.0569848 0.0759559 0.0729059 0.101038 0.00387455
0 0.74896 0.435955 0.47934 0.467539 0.00386768
0 0.0587391 0.13781 0.117478 0.275619 0.00385119
0 0.403557 0.175753 0.807113 0.342546 0.00384311
0 0.396523 0.331315 0.666985 0.303768 0.00380966
0 0.509531 0.256559 0.615451 0.279418 0.00380211
0 0.243418 0.929743 0.460814 0.140513 0.00379536
0 0.245018 0.494972 0.490037 0.388261 0.00378976
0 0.696344 0.97144 0.444969 0.0571199 0.00377965
0 0.370594 0.743826 0.19298 0.138665 0.00377614
0 0.921828 0.722523 0.156344 0.307467 0.00375246
0 0.853054 0.970226 0.292132 0.0595471 0.00375202
0 0.458752 0.583938 0.131483 0.11008 0.00373816
0 0.791879 0.715272 0.416241 0.255706 0.00368311
0 0.95137 0.310082 0.0965067 0.325175 0.00367994
0 0.418546 0.970625 0.434905 0.0587508 0.00367639
0 0.85219 0.868553 0.291165 0.259619 0.00366195
0 0.788741 0.866849 0.325449 0.266303 0.00363467
0 0.318719 0.394512 0.637438 0.789025 0.0036346
0 0.143213 0.368798 0.286426 0.640708 0.00362521
0 0.926671 0.152363 0.146658 0.304727 0.00361469
0 0.919808 0.947675 0.160385 0.104651 0.00361307
0 0.670058 0.683909 0.488953 0.312332 0.00360615
0 0.456636 0.378188 0.0992509 0.0991608 0.00360517
0 0.647234 0.195721 0.399044 0.307287 0.00359146
0 0.671487 0.585107 0.628422 0.476448 0.00359089
0 0.928137 0.0906298 0.143726 0.18126 0.00358807
0 0.796278 0.971038 0.407444 0.0579245 0.00358757
0 0.94214 0.17841 0.115259 0.34764 0.00358645
0 0.764818 0.354971 0.470363 0.358246 0.00358613
0 0.0856351 0.865192 0.17127 0.269617 0.00357371
0 0.268582 0.462738 0.537163 0.653445 0.00356551
0 0.762284 0.270508 0.47276 0.253015 0.00354791
0 0.924735 0.88221 0.149527 0.23558 0.00353929
0 0.943445 0.671425 0.112852 0.340745 0.00353806
0 0.452965 0.756569 0.615081 0.486862 0.00350625
0 0.588528 0.564591 0.107692 0.0719776 0.00349462
0 0.32647 0.967753 0.494083 0.0644947 0.00348314
0 0.795123 0.781808 0.203136 0.0831006 0.00347708
0 0.951651 0.414103 0.0957707 0.350294 0.00346736
0 0.948769 0.620335 0.10166 0.332541 0.00345525
0 0.446967 0.343151 0.88339 0.473587 0.00337908
0 0.883732 0.206353 0.232537 0.387591 0.0033759
0 0.679316 0.467504 0.623038 0.516151 0.00337246
0 0.839877 0.417489 0.320246 0.399932 0.00335069
0 0.22308 0.869057 0.441231 0.261887 0.00334047
0 0.726019 0.86594 0.48787 0.268121 0.00332466
0 0.588531 0.604268 0.112487 0.1107 0.00330762
0 0.95178 0.521468 0.0952828 0.3431 0.00329325
0 0.280389 0.956757 0.497693 0.0864857 0.00326148
0 0.665058 0.667012 0.620972 0.374426 0.00325986
0 0.439046 0.903749 0.528314 0.192502 0.00323795
0 0.494881 0.21887 0.972413 0.394969 0.00322998
0 0.289785 0.39001 0.215845 0.133651 0.00322931
0 0.278029 0.855842 0.0713476 0.0528045 0.00322579
0 0.4223 0.250375 0.735424 0.349714 0.00322466
0 0.267413 0.830204 0.416475 0.298085 0.00321891
0 0.511007 0.913319 0.529764 0.173362 0.0032182
0 0.880982 0.0809471 0.238036 0.161894 0.0032097
0 0.322693 0.348718 0.0587018 0.0439134 0.00320191
0 0.357549 0.871791 0.493988 0.256419 0.00316567
0 0.640193 0.838714 0.524054 0.290757 0.00316493
0 0.316871 0.362706 0.142926 0.15726 0.00316338
0 0.65844 0.882448 0.543923 0.235103 0.00315479
0 0.614326 0.565429 0.0597299 0.06942 0.00313242
0 0.334707 0.820445 0.466439 0.355426 0.00312157
0 0.033528 0.446621 0.0670559 0.254588 0.00311848
0 0.575319 0.193852 0.710332 0.344853 0.00311714
0 0.829678 0.64636 0.340644 0.3444 0.00311366
0 0.887282 0.133817 0.224228 0.267427 0.00311345
0 0.0284115 0.802227 0.056823 0.395547 0.00311276
0 0.896502 0.475179 0.206997 0.354761 0.00309943
0 0.271196 0.575911 0.136133 0.0596861 0.00308598
0 0.522444 0.636898 0.117878 0.0927511 0.00299424
0 0.327317 0.347293 0.0503593 0.0324643 0.00296906
0 0.865605 0.598391 0.26879 0.361968 0.00296736
0 0.890871 0.539692 0.218158 0.35309 0.00296164
0 0.0306077 0.664982 0.0612155 0.10227 0.00295357
0 0.664868 0.175551 0.643244 0.345026 0.00292498
1 0.051374 0.0688555 0.0961354 0.11308 0.00291812
0 0.321502 0.703559 0.227199 0.160692 0.00291598
0 0.0253593 0.421618 0.0504559 0.298453 0.00291506
0 0.0392524 0.849366 0.0782451 0.301268 0.00286911
0 0.558795 0.416394 0.160618 0.144116 0.00286155
0 0.279081 0.866807 0.0712987 0.0519397 0.00284883
0 0.647457 0.0850584 0.439531 0.170117 0.00283164
0 0.601687 0.43334 0.0572255 0.0487046 0.00282068
0 0.533203 0.840483 0.735283 0.319035 0.00280618
0 0.611847 0.747117 0.0357788 0.0343058 0.00279638
0 0.62085 0.129155 0.700356 0.256435 0.0027768
0 0.812937 0.0893949 0.371033 0.17879 0.00275829
0 0.793618 0.136106 0.410106 0.271963 0.00273849
0 0.321687 0.081267 0.643375 0.162534 0.00273664
0 0.721422 0.125617 0.50808 0.248386 0.00270732
0 0.52918 0.093679 0.579943 0.187358 0.00270598
0 0.735491 0.576517 0.529019 0.401518 0.00270291
0 0.80356 0.811476 0.187852 0.15116 0.00269035
0 0.72045 0.26864 0.0330549 0.0377473 0.00268624
0 0.326027 0.786562 0.0687163 0.0464828 0.00262822
0 0.39992 0.0935759 0.796446 0.187152 0.00255327
0 0.334239 0.426002 0.188904 0.219949 0.0025145
0 0.0738608 0.0705587 0.147722 0.135556 0.00249994
0 0.34825 0.777945 0.116657 0.0652574 0.00240836
0 0.310625 0.416534 0.0631551 0.0684645 0.0023469
0 0.450943 0.134671 0.901887 0.265056 0.00232584
0 0.63435 0.649009 0.189371 0.112636 0.00220832
0 0.387017 0.632936 0.126487 0.0793434 0.00219492
0 0.0666906 0.0346314 0.0591524 0.0399689 0.00218485
0 0.828752 0.829344 0.149167 0.19001 0.00215338
0 0.0290661 0.0582039 0.0581321 0.102624 0.00213475
0 0.60208 0.755541 0.0610291 0.0486751 0.00211608
0 0.0907919 0.914664 0.180538 0.0962185 0.00210749
0 0.701499 0.271304 0.0731224 0.0484994 0.0020556
0 0.630514 0.25848 0.182959 0.0525793 0.00202319
0 0.626608 0.498669 0.227562 0.196856 0.00199389
0 0.614899 0.584887 0.251172 0.205567 0.00194271
0 0.0256153 0.924935 0.0506171 0.106661 0.00192083
0 0.724264 0.581241 0.0362651 0.0359459 0.00190413
0 0.306798 0.517551 0.0641846 0.0613254 0.00187734
0 0.395687 0.78255 0.238655 0.206296 0.00184663
0 0.582263 0.647912 0.28815 0.10954 0.00184029
0 0.027113 0.637574 0.0537776 0.131926 0.0018236
0 0.812437 0.770755 0.172921 0.104958 0.00181116
0 0.304246 0.492293 0.239858 0.263966 0.00180528
