0 0.56484 0.399533 0.428252 0.542062 0.827465
0 0.393983 0.450652 0.080692 0.100354 0.689119
0 0.730575 0.309785 0.0957109 0.130801 0.673758
0 0.429178 0.449346 0.151713 0.0950814 0.66134
0 0.582655 0.185342 0.081205 0.110506 0.651691
0 0.617399 0.2814 0.335113 0.298907 0.521085
0 0.57401 0.264564 0.215749 0.269999 0.511043
0 0.579455 0.481115 0.363898 0.376807 0.493725
0 0.432922 0.494355 0.157685 0.188461 0.46971
0 0.561772 0.238646 0.183605 0.215263 0.402441
0 0.716252 0.325211 0.0622423 0.0995783 0.303024
0 0.696516 0.562703 0.124678 0.209442 0.286013
0 0.471342 0.49288 0.0775932 0.181236 0.204724
0 0.750439 0.277639 0.0556213 0.0662051 0.18925
0 0.649306 0.520166 0.221201 0.298739 0.170499
0 0.669129 0.565509 0.182392 0.215338 0.125913
0 0.457782 0.144471 0.0312659 0.0361375 0.120456
0 0.565979 0.165862 0.0441512 0.0686657 0.106403
0 0.552189 0.491539 0.239544 0.245844 0.104892
0 0.561776 0.472901 0.422797 0.286981 0.0963796
0 0.66665 0.30694 0.227669 0.138517 0.0790539
0 0.500928 0.489037 0.299163 0.243123 0.0565216
0 0.630871 0.4871 0.264124 0.370703 0.0548526
0 0.734302 0.508233 0.0458575 0.0747286 0.0535306
0 0.55005 0.191871 0.152889 0.130964 0.052872
0 0.511499 0.495829 0.156889 0.187399 0.0518593
0 0.703149 0.615839 0.102298 0.106853 0.049782
0 0.47615 0.483574 0.0727293 0.136734 0.0428862
0 0.503187 0.323717 0.103541 0.130404 0.0395598
0 0.574091 0.458477 0.288849 0.330248 0.0359603
0 0.735157 0.292777 0.0851168 0.0985699 0.0355606
0 0.595552 0.563749 0.0623717 0.0967944 0.0340461
0 0.504315 0.440798 0.304492 0.349027 0.0292026
0 0.636855 0.556983 0.252486 0.231642 0.0269919
0 0.635965 0.370929 0.113009 0.123773 0.0264387
0 0.548442 0.595122 0.427674 0.615604 0.0255364
0 0.598323 0.576786 0.0490389 0.0710879 0.0250142
0 0.696091 0.532471 0.125451 0.130863 0.0193225
0 0.657908 0.333239 0.247538 0.199658 0.019262
0 0.547288 0.286063 0.266612 0.311766 0.0190054
0 0.148204 0.697341 0.295262 0.587904 0.018163
0 0.658194 0.402235 0.436674 0.531521 0.017963
0 0.593795 0.296731 0.189868 0.328444 0.0178614
0 0.883345 0.713136 0.1507 0.163755 0.0177914
0 0.677242 0.292814 0.332512 0.311269 0.0176397
0 0.395042 0.448931 0.0569949 0.0995279 0.0168032
0 0.709464 0.308737 0.140224 0.133029 0.0165155
0 0.699769 0.601521 0.0831191 0.0962636 0.0164696
0 0.451426 0.143478 0.0450859 0.0378804 0.0148414
0 0.567966 0.155319 0.039867 0.0491599 0.0144391
0 0.618615 0.326629 0.145188 0.234372 0.014162
0 0.0913065 0.63464 0.182115 0.627694 0.0141373
0 0.899375 0.766859 0.201089 0.30568 0.0140459
0 0.513218 0.637022 0.550972 0.647064 0.0137498
0 0.569834 0.352389 0.262121 0.271188 0.0135149
0 0.840158 0.776433 0.318439 0.376634 0.013146
0 0.467611 0.539777 0.0696767 0.0901162 0.0124899
0 0.459908 0.546426 0.0550715 0.0782379 0.0124129
0 0.203863 0.715324 0.405326 0.560093 0.0122676
0 0.398752 0.804714 0.792773 0.390572 0.0120931
0 0.652235 0.293671 0.258455 0.187151 0.0117492
0 0.470421 0.494795 0.236049 0.193323 0.0116407
0 0.733787 0.712252 0.520247 0.575496 0.0115989
0 0.589264 0.602399 0.339366 0.530619 0.0115535
0 0.772193 0.77134 0.445194 0.457319 0.0111141
0 0.658441 0.670782 0.461461 0.658435 0.0108573
0 0.39788 0.432632 0.0630349 0.0680419 0.0108558
0 0.462428 0.568622 0.0299034 0.0351515 0.0108029
0 0.515112 0.348392 0.0681462 0.0823101 0.0105162
0 0.455516 0.551261 0.0425075 0.0659567 0.0102351
0 0.692924 0.523409 0.473789 0.618351 0.0102299
0 0.944415 0.782652 0.111169 0.380364 0.00992671
0 0.907257 0.721156 0.177645 0.194528 0.00955387
0 0.68796 0.384865 0.194782 0.294809 0.00940791
0 0.681262 0.662873 0.144742 0.234636 0.00933586
0 0.45572 0.4758 0.204078 0.249564 0.0089567
0 0.380328 0.45677 0.0448544 0.0831545 0.00883259
0 0.681058 0.523192 0.0909273 0.122073 0.00865503
0 0.515019 0.38407 0.331304 0.473566 0.00856112
0 0.805882 0.666486 0.385822 0.542379 0.00844178
0 0.69045 0.78802 0.607817 0.423959 0.00842385
0 0.65258 0.346787 0.188906 0.209291 0.0083628
0 0.256465 0.657752 0.509896 0.619434 0.00823143
0 0.0325334 0.701459 0.0649902 0.52331 0.00821491
0 0.600801 0.291356 0.111473 0.112078 0.0080516
0 0.616322 0.434161 0.178562 0.297385 0.00802593
0 0.484976 0.733163 0.941596 0.518751 0.00792553
0 0.760646 0.623575 0.467294 0.723761 0.00765397
0 0.281603 0.799312 0.560764 0.401376 0.00760385
0 0.562775 0.181313 0.0410074 0.0954089 0.00759344
0 0.064115 0.703193 0.128056 0.496083 0.00752645
0 0.60633 0.229305 0.144006 0.206326 0.00745467
0 0.52801 0.671459 0.699907 0.542806 0.00737472
0 0.507628 0.337273 0.0912748 0.1036 0.00734804
0 0.658082 0.447035 0.207685 0.381144 0.00724982
0 0.626401 0.832121 0.725815 0.335757 0.00720413
0 0.520335 0.312818 0.0884895 0.118687 0.00716139
0 0.6521 0.651094 0.609232 0.696752 0.00710763
0 0.974265 0.773143 0.0514706 0.147429 0.00707779
0 0.440781 0.525304 0.467657 0.263828 0.00705401
0 0.993272 0.458843 0.0132187 0.0688191 0.00693248
0 0.704228 0.652267 0.153526 0.216469 0.00689694
0 0.493626 0.595581 0.680056 0.779785 0.00687624
0 0.457028 0.138731 0.0322121 0.0495986 0.00680166
0 0.464352 0.430446 0.222247 0.337311 0.00675807
0 0.177343 0.791365 0.353812 0.41727 0.00672355
0 0.177967 0.547062 0.355089 0.824663 0.00666563
0 0.597477 0.584619 0.0426481 0.0559431 0.00661259
0 0.481593 0.843329 0.723767 0.313343 0.0065786
0 0.954136 0.671613 0.0917277 0.493943 0.00654858
0 0.712167 0.626418 0.0791184 0.0877407 0.00649674
0 0.575969 0.397702 0.28072 0.312003 0.00649368
0 0.0872005 0.518971 0.174401 0.799854 0.00639171
0 0.58831 0.490952 0.172029 0.256245 0.00635466
0 0.871189 0.679487 0.257554 0.488509 0.00632011
0 0.0995785 0.752374 0.19905 0.495252 0.00631683
0 0.0173035 0.0682443 0.0346071 0.136489 0.00623142
0 0.853684 0.71253 0.226575 0.162586 0.00620534
0 0.534809 0.310121 0.0989152 0.111178 0.00620258
0 0.71667 0.636905 0.0680253 0.0627791 0.00619268
0 0.960426 0.612392 0.0791481 0.437388 0.00606637
0 0.499142 0.628387 0.913221 0.736441 0.00602334
0 0.740479 0.917824 0.0383588 0.048172 0.0057387
0 0.475727 0.250293 0.38331 0.262241 0.00558883
0 0.499159 0.206079 0.0305654 0.0472885 0.00557199
0 0.739054 0.911265 0.0455686 0.0537479 0.00548357
0 0.469193 0.519639 0.0729118 0.134292 0.00547632
0 0.20179 0.190904 0.0188583 0.0247539 0.00545728
0 0.334514 0.731497 0.665475 0.485511 0.00538862
0 0.278506 0.885477 0.553942 0.229047 0.0053421
0 0.436838 0.30365 0.517232 0.357592 0.0052942
0 0.359813 0.906179 0.622514 0.187643 0.00521763
0 0.963242 0.534352 0.0729242 0.387171 0.00518613
0 0.471892 0.916283 0.597297 0.161939 0.00518206
0 0.686619 0.88282 0.585395 0.228687 0.00515809
0 0.562147 0.202822 0.265526 0.39164 0.00514263
0 0.836312 0.571715 0.326697 0.450505 0.00503633
0 0.720351 0.335703 0.0427193 0.0761433 0.00493476
0 0.590057 0.902394 0.675506 0.18877 0.00488766
0 0.434298 0.435684 0.163979 0.133709 0.00485709
0 0.730904 0.64516 0.0391663 0.0487829 0.0048158
0 0.749812 0.398152 0.493675 0.546801 0.00474482
0 0.728943 0.51637 0.535182 0.851072 0.00469817
0 0.781498 0.319088 0.410324 0.377763 0.00467055
0 0.96571 0.793468 0.0680159 0.327797 0.00465042
0 0.389051 0.460306 0.0632437 0.0800585 0.00460602
0 0.744416 0.309131 0.138361 0.141316 0.00455171
0 0.0298507 0.772687 0.0594284 0.454626 0.00444878
0 0.963531 0.834788 0.0729379 0.330424 0.00444074
0 0.391326 0.497914 0.633421 0.25027 0.00441419
0 0.0724086 0.766605 0.144622 0.466791 0.004254
0 0.140031 0.842138 0.27832 0.315724 0.00423842
0 0.477003 0.160119 0.0738382 0.0733821 0.00423243
0 0.964779 0.458103 0.0694849 0.40553 0.00422159
0 0.62774 0.179735 0.340592 0.359471 0.00421423
0 0.382782 0.384316 0.564932 0.438063 0.00417754
0 0.662887 0.722741 0.0758264 0.0917784 0.00416973
0 0.945129 0.855763 0.10947 0.278508 0.00409973
0 0.0181964 0.042706 0.0360205 0.0849444 0.00406436
0 0.650018 0.291043 0.0380326 0.0463888 0.0040622
0 0.520408 0.196547 0.295852 0.363155 0.00405867
0 0.784969 0.878042 0.411765 0.235394 0.00405394
0 0.412291 0.580002 0.748478 0.382105 0.0039364
0 0.421903 0.954239 0.598054 0.0915224 0.00389097
0 0.875039 0.865677 0.249769 0.258502 0.00381976
0 0.730061 0.696593 0.0275316 0.0261381 0.00381612
0 0.644797 0.356108 0.0987675 0.101349 0.00381407
0 0.724841 0.642675 0.0517591 0.0527446 0.00380453
0 0.487262 0.497013 0.119195 0.189414 0.00380101
0 0.0220876 0.695258 0.0438933 0.160271 0.00379531
0 0.489974 0.333707 0.0725295 0.0968497 0.00378781
0 0.742734 0.390601 0.203521 0.307322 0.0037819
0 0.265108 0.957827 0.530215 0.0843457 0.00377013
0 0.344655 0.633156 0.684607 0.609 0.00376282
0 0.964684 0.380722 0.0699074 0.420936 0.00375766
0 0.973877 0.794136 0.0506221 0.082841 0.00373201
0 0.0941104 0.364435 0.188221 0.72887 0.00371846
0 0.28823 0.529486 0.57276 0.850952 0.00368087
0 0.688869 0.690849 0.0198779 0.0301111 0.00364683
0 0.71008 0.218797 0.44521 0.365794 0.00363719
0 0.457684 0.575838 0.0476297 0.0722297 0.0035897
0 0.605422 0.195988 0.137341 0.156366 0.00357739
0 0.675972 0.599638 0.0347876 0.0625701 0.00355894
0 0.925524 0.751363 0.148562 0.355129 0.00355084
0 0.0901878 0.233331 0.179769 0.466661 0.00353869
0 0.0181216 0.122533 0.0362432 0.245066 0.00353757
0 0.545501 0.459266 0.119381 0.134805 0.00352837
0 0.648148 0.34839 0.0779141 0.0815501 0.0035168
0 0.200731 0.960123 0.397277 0.0797542 0.00350475
0 0.378105 0.436525 0.655477 0.331241 0.00347785
0 0.574992 0.952717 0.610121 0.0945655 0.00347584
0 0.832533 0.418263 0.334934 0.504343 0.00344217
0 0.982141 0.767832 0.0357185 0.113855 0.00343273
0 0.087966 0.679672 0.175932 0.388853 0.0034039
0 0.538228 0.131642 0.348782 0.263284 0.00338892
0 0.80716 0.502798 0.38568 0.571276 0.00338388
0 0.382452 0.248152 0.665139 0.322498 0.00337293
0 0.671087 0.953153 0.542248 0.093695 0.00334858
0 0.0396569 0.795417 0.0792941 0.409166 0.0033435
0 0.756847 0.654473 0.220169 0.264368 0.00334233
0 0.988176 0.456878 0.0236473 0.110661 0.00333135
0 0.0818561 0.115829 0.163712 0.231658 0.00331145
0 0.962288 0.264852 0.0748153 0.442184 0.00330828
0 0.119079 0.307201 0.238087 0.579459 0.00330598
0 0.163239 0.934118 0.320567 0.131763 0.00330357
0 0.416621 0.914131 0.169241 0.162899 0.00324769
0 0.744791 0.305123 0.0679463 0.132655 0.00323597
0 0.634509 0.123073 0.370616 0.246147 0.00322744
0 0.672112 0.156777 0.371875 0.313554 0.00322006
0 0.0993472 0.830677 0.198694 0.338646 0.00321848
0 0.674971 0.730467 0.14252 0.125682 0.00321704
0 0.0893791 0.149617 0.178758 0.279597 0.00321265
0 0.952832 0.119051 0.0943356 0.238102 0.0031813
0 0.834601 0.337422 0.330797 0.441893 0.00317474
0 0.940115 0.894856 0.11977 0.210287 0.00316809
0 0.356217 0.338322 0.688369 0.479768 0.00316324
0 0.346313 0.536855 0.685378 0.372259 0.00316174
0 0.559826 0.929951 0.0827667 0.125159 0.0031022
0 0.460932 0.12673 0.470982 0.253459 0.00306317
0 0.458902 0.172767 0.408131 0.328757 0.00305468
0 0.340907 0.189027 0.641453 0.34937 0.0030311
0 0.125645 0.939797 0.25129 0.120406 0.00302052
0 0.716934 0.559232 0.140304 0.233562 0.00301867
0 0.721346 0.120536 0.377774 0.241073 0.00299618
0 0.768282 0.946711 0.431672 0.106578 0.0029847
0 0.955837 0.160321 0.0883268 0.307831 0.00297775
0 0.297771 0.118107 0.469405 0.236213 0.00296003
0 0.524983 0.926111 0.150287 0.136221 0.00295506
0 0.384105 0.116989 0.533732 0.233979 0.00294423
0 0.487355 0.308724 0.0402012 0.0450199 0.0029418
0 0.866419 0.117125 0.267163 0.234249 0.0029232
0 0.979301 0.506436 0.0413973 0.198128 0.00291896
0 0.982049 0.4851 0.0359017 0.149096 0.0029189
0 0.581249 0.542638 0.0975691 0.147503 0.00291686
0 0.730795 0.594412 0.1613 0.273952 0.00289954
0 0.131384 0.186355 0.262021 0.342357 0.0028717
0 0.871125 0.959783 0.253488 0.0804337 0.0028667
0 0.192863 0.263854 0.385727 0.50716 0.00286478
0 0.486569 0.318349 0.0585232 0.0671554 0.00285838
0 0.0234443 0.723613 0.0464208 0.194589 0.00284679
0 0.721541 0.313794 0.0714298 0.104343 0.0028412
0 0.114756 0.129395 0.229513 0.25879 0.00281334
0 0.953342 0.946057 0.0909176 0.107886 0.00280908
0 0.988954 0.457617 0.0220608 0.155148 0.00280671
0 0.489648 0.329977 0.0526811 0.0907566 0.00279224
0 0.818598 0.272517 0.362804 0.414811 0.00278994
0 0.992854 0.473157 0.014075 0.128133 0.00277832
0 0.722633 0.669131 0.0554275 0.0970652 0.00274585
0 0.310577 0.151256 0.52036 0.302328 0.00274292
0 0.985147 0.458206 0.0296167 0.0902063 0.00273662
0 0.847866 0.212287 0.303858 0.382606 0.00273077
0 0.192729 0.119389 0.369717 0.238778 0.00272946
0 0.657685 0.656633 0.210261 0.279977 0.00272797
0 0.404471 0.160008 0.61009 0.311798 0.00271142
0 0.525616 0.30112 0.0763909 0.093262 0.00270974
0 0.09282 0.751391 0.18564 0.344521 0.00270666
0 0.699506 0.51402 0.120626 0.100636 0.00270383
0 0.220221 0.953522 0.0973315 0.0923763 0.00269651
0 0.595648 0.91345 0.178722 0.161628 0.00269646
0 0.739113 0.276076 0.118896 0.20465 0.00266471
0 0.0793035 0.858497 0.158555 0.283006 0.0026493
0 0.732105 0.705246 0.0312799 0.0509263 0.00263914
0 0.42331 0.15027 0.102081 0.0535054 0.00263355
0 0.864694 0.158256 0.26533 0.301627 0.00261302
0 0.0180494 0.229675 0.0359721 0.350441 0.00260766
0 0.283996 0.257048 0.559058 0.380606 0.00260442
0 0.172829 0.176231 0.335138 0.296981 0.00256968
0 0.589935 0.585153 0.0319016 0.0559894 0.00255822
0 0.421902 0.883497 0.159448 0.23211 0.00255091
0 0.786911 0.150674 0.349995 0.301348 0.00254397
0 0.465762 0.920167 0.0751463 0.147972 0.00253934
0 0.149427 0.13581 0.28808 0.243704 0.00252056
0 0.250627 0.185284 0.491001 0.305723 0.00251582
0 0.369551 0.430486 0.730172 0.496335 0.00248243
0 0.684134 0.469453 0.150046 0.314364 0.00246674
0 0.50131 0.186175 0.190226 0.115369 0.00246532
0 0.319591 0.40187 0.63378 0.638942 0.00245311
0 0.466775 0.594968 0.0293908 0.0473783 0.00244299
0 0.0541354 0.845368 0.108271 0.309264 0.002427
0 0.697749 0.913148 0.130952 0.159008 0.00242363
0 0.679955 0.694441 0.0409414 0.036792 0.00242243
0 0.421895 0.706243 0.0309542 0.0354019 0.00239771
0 0.364152 0.448428 0.167939 0.109322 0.00239156
0 0.373172 0.50085 0.282279 0.204869 0.00237134
0 0.0217233 0.162606 0.0433478 0.325213 0.00235334
2 0.462678 0.116239 0.0383063 0.0930948 0.00234774
0 0.418011 0.50201 0.218644 0.198929 0.00234381
0 0.955566 0.926773 0.0884949 0.142711 0.00231986
0 0.402206 0.436297 0.154641 0.133825 0.00230995
2 0.954448 0.934103 0.0903431 0.130344 0.00230379
0 0.0669648 0.607907 0.133836 0.498649 0.00229472
0 0.669114 0.709021 0.0631331 0.066631 0.00229413
0 0.562655 0.924671 0.0679976 0.0929327 0.00228776
0 0.973121 0.783339 0.0537589 0.208791 0.00228128
0 0.467629 0.143804 0.0533092 0.0571007 0.00226695
0 0.0766455 0.625859 0.153291 0.366327 0.00221408
0 0.674271 0.608975 0.0331743 0.0567998 0.00219078
0 0.988254 0.757604 0.0231785 0.109374 0.0021891
0 0.779573 0.92355 0.135634 0.142762 0.00218194
0 0.0276733 0.589726 0.0553467 0.525277 0.0021805
