1 0.332089 0.610137 0.658069 0.52429 0.897699
1 0.328463 0.532103 0.656927 0.371793 0.560044
1 0.501971 0.644416 0.971876 0.628923 0.350791
1 0.303249 0.655244 0.606499 0.395547 0.0952197
1 0.304072 0.716286 0.608145 0.567427 0.0766378
1 0.296624 0.715461 0.593247 0.266631 0.0297429
1 0.462229 0.748195 0.255116 0.196616 0.0290369
1 0.286734 0.600094 0.464951 0.253185 0.0261171
1 0.327014 0.405019 0.654028 0.622369 0.0218564
1 0.413911 0.732944 0.343524 0.227638 0.0189207
1 0.466025 0.77754 0.240615 0.139381 0.0155533
1 0.467984 0.714279 0.808783 0.28779 0.0112046
2 0.461602 0.449661 0.37754 0.193913 0.0109812
1 0.333016 0.782176 0.553952 0.433689 0.0107918
1 0.402313 0.414305 0.804626 0.423609 0.0100076
1 0.482961 0.348883 0.965923 0.693581 0.00997311
1 0.47906 0.780569 0.80732 0.436753 0.00994734
0 0.305918 0.976071 0.075023 0.047857 0.00926759
1 0.654638 0.622915 0.690724 0.733129 0.00917813
0 0.282513 0.0160771 0.272768 0.0316947 0.00820403
1 0.352759 0.487306 0.587727 0.276179 0.00799206
1 0.488598 0.515185 0.977196 0.47413 0.00780505
1 0.301956 0.0427831 0.567963 0.0855662 0.0074073
1 0.468526 0.800709 0.236394 0.090986 0.0073902
1 0.445287 0.841602 0.759234 0.316684 0.00711831
1 0.463187 0.97237 0.747268 0.0546107 0.00690792
0 0.317731 0.97161 0.046886 0.0367761 0.00685363
0 0.286298 0.975012 0.515319 0.049976 0.00683901
0 0.0806291 0.0325969 0.161201 0.0651938 0.00668287
1 0.440082 0.0456006 0.634318 0.0912011 0.00645766
1 0.284469 0.570461 0.567917 0.273401 0.00628894
1 0.674477 0.483298 0.64875 0.688037 0.00621918
0 0.375589 0.975924 0.593494 0.0477839 0.00593926
0 0.294306 0.975806 0.111943 0.048387 0.00588431
0 0.312608 0.0191898 0.288965 0.0379584 0.00580409
1 0.335255 0.110311 0.615033 0.220622 0.00577798
1 0.152212 0.692088 0.304425 0.518777 0.00551645
0 0.231493 0.0462758 0.462986 0.092209 0.00539396
0 0.288836 0.028222 0.488357 0.0555128 0.00530833
1 0.450739 0.127297 0.704183 0.254595 0.00526734
1 0.494504 0.963802 0.84891 0.0716366 0.00520016
1 0.314771 0.455389 0.629542 0.45152 0.00510709
2 0.0813362 0.0347355 0.162582 0.069471 0.00509609
1 0.379074 0.157865 0.744135 0.314337 0.00500017
0 0.158372 0.0482397 0.316744 0.0963595 0.00492926
1 0.81884 0.578432 0.345896 0.68225 0.00479084
2 0.469578 0.800026 0.244667 0.0903252 0.00478472
1 0.559749 0.0624037 0.646795 0.124807 0.00475776
1 0.523727 0.189689 0.813878 0.378044 0.00473071
0 0.275868 0.976076 0.164668 0.0478472 0.00449622
1 0.573846 0.147756 0.707901 0.295061 0.00441837
0 0.113922 0.0504778 0.227844 0.100956 0.00434814
0 0.359956 0.0157382 0.366363 0.0314764 0.00434019
1 0.235889 0.12255 0.471777 0.24499 0.00424415
1 0.613134 0.382832 0.762343 0.750875 0.00421209
0 0.304593 0.828932 0.609187 0.342135 0.00393454
0 0.177222 0.133039 0.354443 0.265976 0.00381977
1 0.242226 0.965486 0.484451 0.0683704 0.00374591
0 0.207413 0.976632 0.414826 0.0465877 0.00371408
0 0.378807 0.0299658 0.619048 0.059274 0.00367915
0 0.11311 0.0881297 0.22622 0.176259 0.00364437
0 0.87564 0.512366 0.238902 0.50989 0.00363892
1 0.787752 0.456246 0.410224 0.674904 0.00361206
0 0.321619 0.968698 0.0373253 0.0324283 0.00358916
0 0.354417 0.0237967 0.465273 0.0475935 0.0035559
0 0.867159 0.614168 0.257196 0.55694 0.00352503
1 0.271723 0.169982 0.543446 0.33678 0.00340259
0 0.936546 0.434815 0.126907 0.440666 0.00339583
1 0.360676 0.974619 0.661925 0.0507612 0.00335829
0 0.13111 0.744699 0.26222 0.492122 0.0033203
0 0.200621 0.568111 0.391638 0.29147 0.00330992
1 0.677038 0.288901 0.610374 0.572984 0.00328805
0 0.929025 0.533207 0.141951 0.498282 0.00328486
0 0.887567 0.425372 0.211988 0.467372 0.00327692
0 0.940757 0.338311 0.118487 0.393695 0.00323781
0 0.303171 0.380919 0.606341 0.684639 0.00323685
0 0.936819 0.0924315 0.126362 0.184863 0.00323627
1 0.694741 0.188301 0.575105 0.373713 0.0031933
1 0.1378 0.596197 0.275599 0.391751 0.00317653
0 0.137119 0.363672 0.274238 0.554331 0.00317169
0 0.925104 0.634487 0.149793 0.552657 0.00315899
0 0.247508 0.399494 0.495017 0.566806 0.00312913
0 0.198162 0.174804 0.396325 0.348712 0.00312022
0 0.842827 0.669866 0.305972 0.595928 0.00311941
0 0.947114 0.231117 0.105772 0.396718 0.00311935
0 0.127261 0.144907 0.254521 0.289814 0.00311768
0 0.212208 0.483114 0.422783 0.443739 0.0031089
0 0.930685 0.159559 0.13863 0.319118 0.00309341
0 0.228563 0.784165 0.457125 0.431388 0.00309248
0 0.130332 0.475915 0.260664 0.409595 0.00308357
0 0.882291 0.249789 0.22293 0.42969 0.00305992
0 0.860038 0.0674794 0.268126 0.134959 0.00305329
2 0.493152 0.426933 0.307579 0.147736 0.00301231
0 0.0907449 0.806641 0.18149 0.370478 0.00299302
1 0.484634 0.238633 0.969268 0.473849 0.00297847
1 0.731568 0.0656619 0.499539 0.131324 0.00297712
0 0.356007 0.196425 0.712013 0.386603 0.00294633
0 0.124483 0.90432 0.248965 0.19136 0.00294181
0 0.12404 0.220428 0.24808 0.389856 0.00293839
0 0.916636 0.943139 0.166727 0.113721 0.00290407
1 0.278164 0.630324 0.505541 0.181539 0.00289599
1 0.199927 0.977274 0.399854 0.0452706 0.00288012
0 0.926636 0.893647 0.146728 0.212705 0.00287616
0 0.93881 0.710944 0.12238 0.465331 0.00286491
0 0.859496 0.173507 0.262785 0.346226 0.00282122
1 0.225926 0.951692 0.451852 0.0949799 0.00281837
0 0.29008 0.0189486 0.411464 0.0378411 0.00281804
0 0.935838 0.854478 0.128324 0.277239 0.00277882
0 0.792009 0.0644824 0.394902 0.128965 0.00277364
0 0.818513 0.269415 0.352306 0.522518 0.00277209
0 0.0779306 0.861803 0.155861 0.276025 0.00276869
0 0.18648 0.943239 0.37296 0.113523 0.00276531
1 0.626913 0.750907 0.737527 0.485829 0.00274623
0 0.234587 0.24391 0.469174 0.479511 0.00272785
0 0.785016 0.381468 0.409513 0.642069 0.00270036
2 0.103129 0.0329399 0.206258 0.0656987 0.00269921
0 0.948751 0.829645 0.102498 0.311133 0.0026767
1 0.723277 0.65415 0.540798 0.65688 0.00267473
1 0.463512 0.689854 0.259067 0.335035 0.00257046
0 0.442894 0.348711 0.885789 0.679776 0.00256802
1 0.638653 0.818241 0.702656 0.352988 0.00256543
0 0.185276 0.861649 0.370552 0.273994 0.00252359
1 0.597587 0.952413 0.796155 0.0936922 0.00252173
1 0.26507 0.570843 0.530139 0.194911 0.00250492
0 0.830844 0.847061 0.322009 0.260479 0.00247765
0 0.789895 0.168089 0.384288 0.336168 0.0024698
0 0.868753 0.957735 0.262494 0.0840641 0.00246947
0 0.828584 0.761657 0.331683 0.40911 0.00245308
2 0.0817195 0.0252084 0.163439 0.0504169 0.00243954
0 0.856757 0.891533 0.273865 0.200554 0.00239928
2 0.0839027 0.057888 0.167805 0.115511 0.00236079
1 0.365188 0.593286 0.321262 0.255213 0.00230485
0 0.652956 0.367083 0.210507 0.155054 0.00229668
1 0.729226 0.956356 0.541547 0.0845479 0.00224523
0 0.399635 0.490734 0.510404 0.27766 0.00223371
0 0.299478 0.0287529 0.598957 0.0575059 0.00222389
1 0.392632 0.684456 0.339475 0.346757 0.00221161
1 0.398339 0.0258362 0.60894 0.0516723 0.00217599
0 0.70595 0.832039 0.552847 0.307043 0.00213396
2 0.712161 0.697088 0.565881 0.560142 0.00199237
0 0.581088 0.3771 0.352153 0.182654 0.00198844
0 0.520493 0.419633 0.24957 0.130586 0.00198286
0 0.0874854 0.0231438 0.12626 0.0461989 0.00197758
0 0.336521 0.977109 0.252553 0.0457816 0.00197541
2 0.197766 0.0620557 0.395531 0.122146 0.00191449
1 0.27141 0.0309523 0.54282 0.0619047 0.00187574
1 0.438202 0.815452 0.328526 0.12242 0.00185871
0 0.83922 0.5753 0.319028 0.216073 0.00183623
2 0.523952 0.413396 0.240713 0.115556 0.0018328
0 0.350817 0.041687 0.666385 0.0827881 0.00181286
0 0.0766373 0.0244185 0.153275 0.0486479 0.00180954
0 0.751227 0.784355 0.487754 0.404514 0.00176669
1 0.464952 0.0320678 0.721403 0.0641356 0.00171501
2 0.71892 0.0352997 0.388999 0.0694782 0.00168726
0 0.788964 0.568657 0.222864 0.191607 0.00167023
0 0.0816558 0.0398879 0.163312 0.0797757 0.00166787
0 0.0428074 0.0415638 0.0856149 0.0831275 0.00166711
1 0.33515 0.703936 0.42551 0.30895 0.00165723
1 0.285237 0.93981 0.570475 0.118427 0.00163768
0 0.578513 0.411527 0.381067 0.169615 0.00160187
2 0.284606 0.0505987 0.569211 0.0997412 0.00159883
0 0.115198 0.0234088 0.144049 0.0466356 0.0015804
2 0.395045 0.0423515 0.716161 0.0834226 0.00155056
0 0.520372 0.39839 0.241592 0.0857742 0.00154935
0 0.361135 0.441151 0.592705 0.177981 0.0015224
0 0.0865694 0.975247 0.173139 0.049506 0.00150668
1 0.507168 0.023082 0.642836 0.046164 0.00150512
1 0.16973 0.974165 0.339461 0.0516704 0.00150366
0 0.35998 0.798855 0.487559 0.0946718 0.00149727
2 0.500342 0.0327146 0.745821 0.0654292 0.00148665
0 0.275056 0.979267 0.222411 0.041465 0.00141867
1 0.419845 0.525736 0.464368 0.367143 0.00141252
0 0.578394 0.0329208 0.702457 0.0658416 0.00140788
0 0.133155 0.972985 0.266309 0.0540303 0.00138661
1 0.408929 0.859509 0.392826 0.217349 0.00137522
2 0.734268 0.0509513 0.403739 0.101461 0.0013716
1 0.431607 0.941336 0.667939 0.117328 0.00134929
0 0.479171 0.972843 0.57564 0.054314 0.00134049
0 0.405767 0.773276 0.370458 0.14214 0.00133727
0 0.415291 0.939714 0.598208 0.120471 0.00133348
1 0.600105 0.0258323 0.622706 0.0516646 0.00133297
2 0.0921935 0.932877 0.184387 0.133434 0.00133293
2 0.7732 0.0642861 0.429355 0.128 0.00127132
2 0.654571 0.0335492 0.619803 0.0668257 0.00126931
2 0.536617 0.0435093 0.709495 0.085507 0.00125438
2 0.0996619 0.533441 0.199324 0.136319 0.0012512
2 0.46821 0.410233 0.351509 0.113679 0.00123396
0 0.645332 0.328561 0.238452 0.238581 0.00122944
2 0.933105 0.458324 0.133136 0.1519 0.00122836
0 0.152491 0.57181 0.295424 0.194228 0.00122833
1 0.634403 0.0329409 0.658866 0.0658819 0.00122615
0 0.615829 0.359854 0.301166 0.19844 0.00122514
2 0.159085 0.568841 0.311025 0.191442 0.00122006
2 0.145303 0.0981537 0.290606 0.196307 0.00121515
2 0.0844345 0.100366 0.168869 0.199616 0.00121383
0 0.0411055 0.0842095 0.0822111 0.168419 0.0012133
0 0.755001 0.565774 0.160388 0.150266 0.0012
0 0.403253 0.427089 0.490088 0.151111 0.00119933
2 0.0465253 0.0301715 0.0930506 0.0599737 0.00119708
2 0.100229 0.953999 0.200458 0.0901668 0.0011961
0 0.464616 0.791648 0.245625 0.114837 0.00119609
0 0.0905618 0.950917 0.181124 0.0954289 0.00119288
0 0.733556 0.383997 0.418925 0.200453 0.00119112
0 0.605681 0.971368 0.609002 0.057264 0.00118615
1 0.721279 0.939922 0.557442 0.120155 0.00118279
1 0.429368 0.575086 0.392554 0.31393 0.00118272
2 0.206379 0.0924362 0.412758 0.184872 0.0011757
1 0.352568 0.640632 0.35974 0.228354 0.0011712
0 0.277992 0.0756672 0.433706 0.150749 0.00114915
2 0.638282 0.383362 0.253845 0.163697 0.00114555
1 0.665509 0.976048 0.564123 0.0479038 0.00114541
0 0.800038 0.529334 0.223849 0.138136 0.00114399
1 0.36323 0.834041 0.504217 0.166828 0.00113898
2 0.781323 0.037711 0.437354 0.0754221 0.00113728
2 0.606188 0.107834 0.19183 0.160062 0.00113618
2 0.216147 0.262586 0.188489 0.12666 0.00112763
2 0.725917 0.977199 0.529461 0.0456011 0.00111844
0 0.207581 0.0698618 0.353179 0.136127 0.0011184
1 0.285731 0.647022 0.571463 0.160136 0.00111106
2 0.414289 0.938574 0.697718 0.122853 0.0011093
2 0.696208 0.0484653 0.607584 0.0967424 0.00110365
2 0.43968 0.485395 0.432865 0.253478 0.00110008
0 0.779972 0.9761 0.440056 0.0478009 0.00109494
1 0.361748 0.441358 0.714386 0.177168 0.00109147
0 0.198842 0.60742 0.397683 0.137413 0.00108744
0 0.274143 0.0951579 0.333809 0.183394 0.00108522
0 0.221659 0.244051 0.180123 0.0868695 0.00108495
0 0.79618 0.25743 0.102733 0.0816134 0.00108253
2 0.985473 0.827105 0.0290532 0.345791 0.00108237
0 0.859787 0.885758 0.208481 0.15646 0.00108203
1 0.421091 0.0941148 0.66692 0.18823 0.00107614
0 0.33972 0.0934714 0.568068 0.186853 0.0010759
0 0.945192 0.417834 0.108049 0.117678 0.00107278
1 0.0865431 0.104997 0.173086 0.209994 0.00106952
2 0.873013 0.883856 0.218664 0.161823 0.00106766
0 0.565078 0.0946832 0.452992 0.189366 0.001058
0 0.434333 0.559836 0.427398 0.357793 0.00105722
2 0.0675443 0.0328613 0.135089 0.0657227 0.00105454
2 0.991906 0.851767 0.0161883 0.296467 0.00104605
0 0.444248 0.873708 0.379349 0.252583 0.00104353
1 0.535352 0.75278 0.414212 0.203309 0.00104321
0 0.236421 0.0809087 0.263776 0.130097 0.00104122
1 0.441348 0.50234 0.452522 0.27727 0.00104034
1 0.274247 0.680282 0.548494 0.215697 0.00104031
0 0.142455 0.593732 0.283912 0.143989 0.00103561
1 0.729106 0.923034 0.504942 0.150297 0.00103286
2 0.617489 0.134609 0.149124 0.0823168 0.00103237
1 0.486694 0.916179 0.484439 0.167642 0.0010306
2 0.799687 0.937696 0.400625 0.124563 0.00102915
2 0.0849347 0.299111 0.169869 0.165569 0.00102831
0 0.139366 0.949217 0.278732 0.0993149 0.00102809
2 0.0786971 0.331729 0.157394 0.143028 0.00102336
1 0.500208 0.524189 0.492743 0.299624 0.00102311
0 0.876325 0.904815 0.204325 0.119061 0.00101954
0 0.0610174 0.0309452 0.122035 0.0614551 0.00101584
1 0.368617 0.753492 0.358871 0.186528 0.00101081
0 0.627251 0.287626 0.221 0.186242 0.00100972
0 0.93306 0.40632 0.125625 0.106234 0.00100911
1 0.309659 0.534627 0.56768 0.132085 0.00100816
2 0.853406 0.581904 0.281853 0.209243 0.00100669
0 0.551837 0.0983216 0.295013 0.191166 0.00100508
2 0.962376 0.886417 0.0752479 0.227166 0.0010024
2 0.88923 0.917574 0.221541 0.158037 0.0010023
0 0.375779 0.883679 0.485548 0.232643 0.001002
1 0.796718 0.0427906 0.406564 0.0855811 0.000998185
2 0.0356455 0.883792 0.0712909 0.232416 0.000993295
0 0.21936 0.266352 0.186106 0.134918 0.000991165
1 0.201525 0.639116 0.40305 0.193248 0.000988236
2 0.0604374 0.392975 0.120875 0.166772 0.000980129
0 0.37533 0.909853 0.444629 0.180294 0.000979134
0 0.252551 0.512291 0.505102 0.0858928 0.00097726
0 0.669728 0.310553 0.303638 0.259978 0.00097671
0 0.469826 0.0845028 0.520068 0.169006 0.000974895
2 0.0700849 0.366258 0.14017 0.180274 0.000972821
2 0.263025 0.620496 0.526049 0.159935 0.000970283
0 0.171554 0.0943519 0.343108 0.185914 0.000969146
2 0.834234 0.973417 0.331532 0.0531652 0.000967353
1 0.589119 0.933211 0.489236 0.133578 0.000966874
1 0.852348 0.907652 0.226437 0.1224 0.000965675
0 0.645466 0.04756 0.674398 0.0943042 0.000964554
0 0.619382 0.259846 0.224039 0.186263 0.000961583
2 0.580142 0.0980898 0.424637 0.19618 0.000955103
0 0.700095 0.364355 0.322257 0.197134 0.000953676
2 0.996834 0.603865 0.00633252 0.343588 0.00095225
2 0.450491 0.816208 0.277608 0.13332 0.000946989
2 0.0974837 0.501859 0.194967 0.226103 0.000946603
2 0.938315 0.538594 0.12337 0.133899 0.000945879
2 0.942854 0.39741 0.11339 0.118174 0.000942962
1 0.496183 0.820733 0.415507 0.141108 0.000937082
2 0.874251 0.940602 0.251498 0.118797 0.000935805
0 0.523509 0.545901 0.525164 0.334922 0.000934741
2 0.764073 0.0916772 0.353996 0.183354 0.000934
2 0.0876138 0.277849 0.175228 0.253997 0.000925307
0 0.62738 0.938757 0.446574 0.122487 0.000925195
0 0.929393 0.445777 0.133242 0.133813 0.00092513
0 0.246675 0.703067 0.493351 0.285667 0.000921552
0 0.615435 0.138132 0.157795 0.073075 0.00091917
0 0.81081 0.610045 0.315724 0.187616 0.000914863
2 0.964824 0.0977708 0.0703525 0.195542 0.000914486
0 0.140503 0.624242 0.281005 0.172063 0.00091219
