2 0.452958 0.485592 0.462577 0.672398 0.983312
2 0.460097 0.373522 0.455608 0.441256 0.0703459
2 0.459034 0.610046 0.385677 0.411227 0.0468983
2 0.482056 0.548132 0.360516 0.537646 0.0369839
2 0.51719 0.639264 0.255672 0.358691 0.0328705
2 0.481655 0.401523 0.337117 0.40412 0.0126414
0 0.190891 0.925146 0.0762935 0.136393 0.0116008
0 0.528479 0.484187 0.320389 0.673131 0.0115018
2 0.522768 0.488531 0.332306 0.679919 0.0114964
0 0.177841 0.928192 0.0405293 0.136172 0.0108832
2 0.521749 0.231522 0.117673 0.157379 0.0100691
0 0.544073 0.329966 0.281992 0.359408 0.00943953
0 0.154907 0.489753 0.309106 0.948486 0.0080401
0 0.334253 0.649423 0.103282 0.173912 0.00800471
0 0.453184 0.587106 0.393651 0.440397 0.00748196
0 0.172074 0.925577 0.112368 0.136469 0.00727236
0 0.521581 0.232955 0.118509 0.163473 0.00671714
0 0.598459 0.507165 0.803082 0.815152 0.00670508
0 0.679797 0.507413 0.636236 0.904339 0.00665956
2 0.509782 0.354931 0.334018 0.452334 0.00660641
0 0.278903 0.475457 0.554855 0.930618 0.00648357
2 0.334438 0.643465 0.10387 0.187816 0.0063685
0 0.0935885 0.419512 0.187177 0.839024 0.00616935
0 0.345827 0.527488 0.232398 0.458795 0.00560222
0 0.462122 0.294402 0.452121 0.322271 0.00544258
0 0.597105 0.400577 0.795917 0.801154 0.00536218
2 0.548524 0.648983 0.192017 0.333331 0.00523234
0 0.233257 0.711003 0.0606288 0.0821749 0.00506248
0 0.416095 0.514316 0.37971 0.508479 0.00499583
1 0.335638 0.635783 0.108563 0.202173 0.00484366
0 0.715451 0.78748 0.0454559 0.0719802 0.00483558
0 0.558848 0.606621 0.635425 0.424384 0.00478296
0 0.175803 0.925736 0.34485 0.1472 0.00448398
0 0.771719 0.514101 0.456562 0.888713 0.00446716
2 0.467607 0.481119 0.31902 0.441969 0.00435346
2 0.337213 0.594279 0.113501 0.289531 0.00434215
0 0.129074 0.919547 0.256034 0.160907 0.0043046
0 0.291931 0.432568 0.305408 0.646074 0.00424735
0 0.532823 0.274543 0.383729 0.341898 0.00420304
0 0.420835 0.274157 0.521421 0.400715 0.00412608
0 0.202718 0.539772 0.404273 0.875858 0.00408399
0 0.621986 0.633352 0.752746 0.723538 0.00401807
0 0.117356 0.311023 0.234711 0.617438 0.00401724
0 0.245334 0.925546 0.483587 0.143592 0.00399612
0 0.148713 0.939265 0.292301 0.121471 0.00397405
0 0.19297 0.818449 0.384548 0.363102 0.00394557
0 0.439511 0.722783 0.43697 0.548923 0.00394252
0 0.668106 0.703869 0.645964 0.583175 0.00394044
0 0.343524 0.429346 0.238451 0.650055 0.00393303
0 0.233064 0.946083 0.454221 0.107834 0.00392648
0 0.167054 0.769235 0.334109 0.461529 0.00392406
0 0.489892 0.367237 0.357773 0.444862 0.00391682
0 0.367506 0.717469 0.620499 0.565063 0.00384576
0 0.309043 0.911319 0.602059 0.177362 0.00379526
0 0.367402 0.231211 0.653771 0.429767 0.003718
0 0.364462 0.819637 0.646905 0.360726 0.00369566
0 0.0926534 0.24672 0.185307 0.49344 0.00368039
0 0.137412 0.905545 0.203119 0.178373 0.00365428
0 0.456651 0.232805 0.261527 0.166785 0.00365273
0 0.275798 0.795097 0.5502 0.409805 0.00362305
0 0.21001 0.680495 0.419037 0.623467 0.00360332
2 0.332463 0.314814 0.639258 0.455999 0.00355742
0 0.226049 0.470817 0.439603 0.569017 0.00355463
0 0.373822 0.429886 0.310316 0.564897 0.003452
0 0.243892 0.710968 0.0357533 0.0816922 0.00344165
0 0.356158 0.580222 0.479508 0.341965 0.0034152
0 0.433252 0.177932 0.534184 0.346341 0.00329484
0 0.327391 0.941262 0.612902 0.117477 0.0032681
0 0.0930697 0.563583 0.186104 0.781432 0.00325969
0 0.756058 0.686343 0.472974 0.613785 0.00323739
0 0.106003 0.805445 0.212005 0.389111 0.00322917
0 0.397968 0.155138 0.716681 0.306732 0.00317223
1 0.46134 0.481927 0.327974 0.430907 0.00316844
0 0.962427 0.56163 0.0743149 0.638928 0.00316127
0 0.571661 0.815753 0.757714 0.353013 0.00314597
0 0.101937 0.906514 0.203873 0.186972 0.00313781
0 0.818047 0.578658 0.363905 0.782199 0.00312256
0 0.102519 0.724229 0.205037 0.548657 0.00311651
0 0.469325 0.12246 0.497757 0.24492 0.00307433
0 0.144955 0.678079 0.28986 0.629749 0.00306495
0 0.103072 0.172222 0.206144 0.338793 0.0030599
0 0.529461 0.874118 0.722602 0.239705 0.00303828
0 0.415788 0.8624 0.602363 0.271096 0.00303352
0 0.951707 0.160584 0.096586 0.321169 0.00300589
2 0.499289 0.416527 0.300881 0.606092 0.00300396
0 0.54967 0.149762 0.649721 0.299525 0.00300343
0 0.0841307 0.127021 0.168261 0.254043 0.00295612
0 0.313617 0.64771 0.622093 0.546067 0.00292975
0 0.894061 0.607223 0.210665 0.693829 0.00290938
0 0.346857 0.133368 0.596157 0.266736 0.0028998
0 0.96304 0.433623 0.0733299 0.641711 0.0028955
0 0.346543 0.329221 0.68908 0.631022 0.00289543
0 0.569397 0.116756 0.527232 0.233512 0.00289476
0 0.962739 0.674349 0.07378 0.561267 0.00288702
0 0.765681 0.787747 0.452609 0.413395 0.00287685
0 0.155924 0.918867 0.148388 0.15864 0.00286232
0 0.604195 0.301104 0.72052 0.602209 0.00284503
2 0.513212 0.539072 0.262347 0.598656 0.00284146
0 0.522797 0.954026 0.66007 0.0919473 0.00282486
0 0.948843 0.934325 0.102314 0.131349 0.0028087
0 0.961054 0.286208 0.0773689 0.558898 0.00278941
0 0.954165 0.228049 0.0916693 0.456098 0.00276405
0 0.959691 0.819748 0.0802227 0.338748 0.00275116
0 0.669363 0.13838 0.479112 0.276759 0.00274914
0 0.144138 0.134713 0.268318 0.269426 0.00274742
0 0.602911 0.948762 0.643802 0.102475 0.00273307
0 0.834756 0.418361 0.330488 0.798036 0.00272245
0 0.480551 0.279233 0.375404 0.252221 0.00271602
0 0.700403 0.843893 0.550001 0.293412 0.00269981
0 0.78143 0.281648 0.428761 0.540099 0.00266044
0 0.900001 0.146076 0.192166 0.292151 0.00264974
0 0.911464 0.514771 0.176255 0.750238 0.0026462
0 0.201073 0.926932 0.120315 0.138333 0.00264142
0 0.680048 0.259931 0.606676 0.519863 0.002638
1 0.551632 0.655333 0.187726 0.316598 0.00258718
0 0.573394 0.243067 0.236063 0.175778 0.00256417
0 0.818335 0.711258 0.359161 0.568445 0.00255885
0 0.702352 0.952869 0.516809 0.0942612 0.00252213
0 0.449796 0.263869 0.28725 0.222727 0.00250216
0 0.863539 0.964125 0.261621 0.0717508 0.00246721
0 0.844041 0.151217 0.29974 0.302434 0.0024648
0 0.523399 0.722661 0.10203 0.173083 0.00244355
0 0.800721 0.958773 0.39688 0.0824534 0.00242908
0 0.845013 0.831182 0.30573 0.298068 0.00241912
0 0.859207 0.779492 0.278992 0.387131 0.00241345
2 0.518805 0.708147 0.116717 0.203707 0.00236115
0 0.910988 0.311839 0.175501 0.590864 0.00234345
0 0.845212 0.290705 0.306901 0.561049 0.00233705
0 0.817937 0.866357 0.344497 0.242429 0.00232751
0 0.566063 0.29754 0.252288 0.285725 0.00230823
0 0.862003 0.894293 0.258031 0.183505 0.00227581
2 0.177051 0.929444 0.0373995 0.137287 0.00222586
2 0.490786 0.661378 0.192012 0.302234 0.00215924
2 0.548858 0.704218 0.162574 0.212937 0.00211388
2 0.429808 0.427255 0.341234 0.332892 0.00210838
2 0.351874 0.411089 0.257426 0.33863 0.00209473
0 0.0376199 0.344205 0.0752361 0.609715 0.00203289
0 0.301113 0.646917 0.168782 0.177752 0.00199841
0 0.0254555 0.691194 0.0505236 0.573371 0.00194654
0 0.497403 0.71582 0.153715 0.192592 0.00194491
2 0.567652 0.260558 0.22781 0.21535 0.00193872
1 0.345868 0.558798 0.136457 0.370484 0.0019297
0 0.126304 0.885143 0.242725 0.217764 0.00192057
0 0.348726 0.419167 0.249564 0.323892 0.00191311
0 0.0284416 0.307894 0.0567823 0.615788 0.00189197
2 0.552864 0.310016 0.272996 0.315111 0.00184392
2 0.0260949 0.181572 0.0521898 0.363145 0.00175166
0 0.346188 0.315812 0.247346 0.17404 0.0017191
0 0.226717 0.71206 0.0726071 0.106464 0.00165876
0 0.0238116 0.230532 0.0474783 0.461065 0.0016435
0 0.180014 0.887009 0.0284956 0.0513376 0.00159144
0 0.294539 0.324899 0.119738 0.122083 0.00159075
0 0.540571 0.713929 0.186968 0.194996 0.00153455
2 0.130464 0.901277 0.223471 0.189854 0.00151671
0 0.0867559 0.892869 0.170507 0.194668 0.00145497
0 0.0252672 0.531491 0.0501021 0.596062 0.00145448
2 0.383606 0.588572 0.209403 0.314066 0.00144972
0 0.0876338 0.348764 0.175268 0.424723 0.00144932
0 0.367595 0.463702 0.231221 0.389494 0.0014296
0 0.0241532 0.797422 0.047901 0.382999 0.00141957
0 0.419513 0.549177 0.294134 0.35417 0.00141562
0 0.477798 0.501356 0.32639 0.536704 0.00139644
0 0.0687273 0.354041 0.137192 0.563082 0.00138266
0 0.211749 0.901235 0.154379 0.19753 0.00136122
0 0.715402 0.780797 0.0502667 0.0950083 0.0013563
1 0.364086 0.518454 0.186316 0.468444 0.00135483
0 0.0531745 0.849016 0.106349 0.291394 0.00135064
2 0.546055 0.388539 0.267515 0.504092 0.00134522
0 0.255401 0.659681 0.125221 0.176265 0.00134116
1 0.457161 0.54916 0.289459 0.489548 0.00133799
0 0.160823 0.946412 0.257097 0.107175 0.0013366
0 0.324482 0.574625 0.130597 0.332759 0.00133378
2 0.609606 0.375955 0.147634 0.213356 0.00132484
0 0.485655 0.664912 0.188315 0.296013 0.00130424
0 0.130642 0.935199 0.248021 0.129601 0.00130192
0 0.240389 0.923968 0.176757 0.144043 0.00129812
2 0.593197 0.392736 0.179064 0.173595 0.00129676
0 0.0374075 0.830479 0.0748149 0.339042 0.00129238
1 0.401707 0.595808 0.253632 0.298485 0.00128509
0 0.318203 0.326277 0.171815 0.163472 0.00126571
0 0.344514 0.542132 0.14075 0.406938 0.00125235
2 0.0627242 0.177917 0.125448 0.355835 0.00124712
1 0.274026 0.664946 0.253081 0.21158 0.00122401
0 0.141105 0.0668524 0.182595 0.131192 0.00121729
2 0.580122 0.407553 0.211559 0.343768 0.00121701
0 0.142022 0.0423114 0.163188 0.0833385 0.00121192
0 0.52702 0.857578 0.174572 0.284844 0.00120837
0 0.179931 0.909817 0.0295174 0.0966324 0.00120688
2 0.0684108 0.312514 0.136532 0.586561 0.00119333
2 0.107692 0.922244 0.211342 0.155091 0.00117972
2 0.115832 0.0721983 0.172365 0.141308 0.00117835
0 0.958285 0.772427 0.0834307 0.455145 0.001178
2 0.715013 0.777959 0.0491485 0.106363 0.00116231
0 0.468561 0.708171 0.204292 0.209463 0.00115564
0 0.202074 0.786363 0.129449 0.258957 0.00114961
0 0.052739 0.921346 0.105478 0.157307 0.0011454
1 0.590156 0.471568 0.206138 0.456024 0.00114375
0 0.388554 0.512816 0.234215 0.466903 0.00114008
0 0.319529 0.650252 0.0745649 0.16523 0.0011293
2 0.429928 0.605356 0.255538 0.312289 0.00112815
0 0.197827 0.98031 0.280973 0.0393799 0.00111635
0 0.0969131 0.409567 0.193826 0.479009 0.00111241
2 0.533056 0.720653 0.0846342 0.18619 0.00110642
2 0.104104 0.977709 0.208209 0.0445813 0.00110297
2 0.936771 0.899248 0.12549 0.187268 0.00109814
0 0.229073 0.92844 0.296693 0.13466 0.00109595
1 0.396058 0.616988 0.251588 0.190041 0.00109238
2 0.0734223 0.992768 0.146845 0.0144642 0.00109106
0 0.959442 0.447326 0.0807857 0.380201 0.00109079
0 0.258468 0.69683 0.132618 0.10824 0.00108966
0 0.958686 0.510915 0.0822311 0.345444 0.00107929
2 0.0694824 0.895179 0.138965 0.192553 0.00107795
0 0.493032 0.854791 0.207884 0.290418 0.00107207
0 0.51009 0.703344 0.288318 0.225909 0.0010682
1 0.375036 0.612514 0.206367 0.249175 0.00106061
0 0.174237 0.043762 0.158025 0.084204 0.00105769
0 0.205939 0.825704 0.144061 0.348593 0.00105766
0 0.355407 0.636808 0.278614 0.207172 0.00105357
0 0.703558 0.786465 0.0700828 0.0857086 0.00105302
2 0.715295 0.760911 0.0587151 0.15293 0.00104619
0 0.309417 0.517999 0.167083 0.431202 0.00104443
0 0.113841 0.0576734 0.170082 0.112937 0.00104343
0 0.68887 0.783876 0.10049 0.0899551 0.00103221
1 0.575357 0.679337 0.282258 0.281812 0.00102991
2 0.928236 0.871064 0.142221 0.243196 0.0010287
0 0.956071 0.922918 0.0875318 0.144494 0.00102484
0 0.240773 0.690562 0.143737 0.134652 0.00102371
0 0.292444 0.346948 0.13047 0.190485 0.00101522
2 0.224321 0.995046 0.313717 0.00990833 0.00100644
0 0.245407 0.698453 0.0359704 0.0527303 0.00100436
2 0.956424 0.895005 0.0868368 0.19519 0.000998532
0 0.713916 0.797701 0.047329 0.0623511 0.000992921
0 0.230973 0.852428 0.18931 0.295144 0.000992303
2 0.0614835 0.131481 0.122967 0.262961 0.000985639
0 0.454774 0.634778 0.170505 0.349141 0.000984975
0 0.121547 0.261958 0.144877 0.365397 0.000983996
0 0.108731 0.324265 0.171245 0.345079 0.000979684
0 0.327919 0.388517 0.191384 0.312335 0.000977861
2 0.897734 0.902152 0.14915 0.179488 0.000976524
2 0.256001 0.921655 0.17944 0.14567 0.000973998
0 0.0658106 0.691687 0.131276 0.571641 0.000973149
0 0.388556 0.309122 0.36411 0.179245 0.000970095
0 0.270907 0.902233 0.213091 0.195533 0.00096959
2 0.209125 0.981281 0.308583 0.0374373 0.000964129
2 0.103131 0.116769 0.205501 0.224534 0.000963608
2 0.0644993 0.838444 0.128823 0.309625 0.000963462
2 0.059085 0.989005 0.11817 0.0219908 0.000956159
0 0.957804 0.582593 0.0840378 0.346659 0.000954094
2 0.870472 0.908744 0.122435 0.16456 0.000951017
0 0.954222 0.868212 0.0911641 0.248268 0.000950488
0 0.172359 0.0606482 0.163978 0.115016 0.000948772
1 0.46205 0.36863 0.371717 0.451995 0.000947154
0 0.109885 0.119363 0.196901 0.229749 0.000943696
2 0.444571 0.995109 0.245432 0.00978198 0.000942695
0 0.958907 0.375923 0.0818424 0.356087 0.000942336
2 0.581955 0.514029 0.14243 0.323684 0.000939346
2 0.346857 0.660996 0.281391 0.242233 0.000938737
2 0.256295 0.996715 0.287157 0.00656946 0.000938591
0 0.404845 0.278155 0.423454 0.236288 0.000937331
2 0.942976 0.964132 0.114048 0.0717364 0.000936415
0 0.436472 0.713717 0.352396 0.239622 0.000936149
0 0.139579 0.182926 0.205991 0.365852 0.000929923
0 0.0984349 0.0787986 0.190171 0.155398 0.000929274
0 0.902081 0.890673 0.188742 0.204515 0.000929003
0 0.545535 0.752559 0.253972 0.2528 0.000926525
1 0.21055 0.00359891 0.333455 0.00719782 0.000924707
0 0.542133 0.917568 0.144015 0.153034 0.000923113
0 0.269463 0.872399 0.187472 0.255203 0.000919533
2 0.156607 0.00236561 0.277345 0.00473122 0.000918849
0 0.305615 0.375066 0.151743 0.249314 0.000917553
1 0.411345 0.335897 0.422999 0.370332 0.000917238
1 0.400712 0.667892 0.377299 0.214312 0.000916845
0 0.0645207 0.812146 0.128822 0.36867 0.000914271
0 0.309845 0.451806 0.17257 0.365556 0.000913635
2 0.469632 0.923319 0.116817 0.141125 0.000911982
0 0.586261 0.491656 0.149884 0.373232 0.000910355
0 0.244707 0.81184 0.21109 0.376321 0.000909951
2 0.560772 0.915001 0.188339 0.158812 0.00090979
0 0.0804582 0.451032 0.160916 0.442193 0.000909686
0 0.428701 0.917541 0.132787 0.160263 0.000906071
0 0.58399 0.21081 0.253133 0.26308 0.00090499
0 0.957261 0.679235 0.0850883 0.37523 0.0009012
2 0.538674 0.996765 0.265477 0.00647028 0.000899321
0 0.942445 0.115406 0.11511 0.230813 0.00089725
0 0.601974 0.698816 0.29061 0.304094 0.000897133
2 0.0537002 0.971462 0.1074 0.0570764 0.000894623
0 0.872473 0.905163 0.144743 0.175163 0.000891035
0 0.443886 0.799914 0.246967 0.359342 0.000889816
0 0.0650783 0.255539 0.130048 0.511078 0.000886847
2 0.445195 0.928111 0.119275 0.131198 0.000884161
2 0.898437 0.994078 0.203126 0.0118449 0.000883652
2 0.591021 0.996839 0.252296 0.00632172 0.000883159
0 0.504415 0.760492 0.179293 0.23762 0.000883072
2 0.361708 0.995809 0.26315 0.00838171 0.000880523
1 0.261314 0.769583 0.228115 0.384064 0.000878509
0 0.672072 0.88217 0.16232 0.23566 0.000876859
0 0.296416 0.82934 0.19349 0.34132 0.000874626
0 0.304002 0.891919 0.225305 0.216161 0.000873952
2 0.704833 0.936848 0.113989 0.108869 0.000873894
0 0.323178 0.811946 0.209405 0.376108 0.000870742
