1 0.410043 0.479829 0.564838 0.737153 0.803335
0 0.655962 0.804629 0.0497561 0.0711285 0.30401
1 0.617825 0.483686 0.76435 0.796531 0.072464
1 0.344516 0.56763 0.43673 0.576996 0.0576052
1 0.465113 0.355093 0.473011 0.482234 0.0548249
0 0.647826 0.804635 0.0369188 0.0741101 0.0405071
1 0.524832 0.501607 0.552178 0.775005 0.0362748
1 0.42956 0.554134 0.52914 0.547515 0.0221089
2 0.555742 0.266022 0.284922 0.305085 0.0197289
2 0.657741 0.805205 0.05339 0.0723815 0.0191233
0 0.580106 0.266678 0.235935 0.303042 0.0157741
1 0.380711 0.322226 0.636231 0.438887 0.0156396
1 0.687088 0.505691 0.623412 0.973251 0.0139511
1 0.529299 0.284218 0.337456 0.338298 0.0126071
2 0.954853 0.519673 0.0902942 0.873396 0.0106652
0 0.954935 0.519818 0.0901292 0.84063 0.0100511
1 0.504659 0.544894 0.285747 0.52779 0.00929318
1 0.306378 0.491572 0.608225 0.951077 0.00883706
1 0.285433 0.647047 0.301737 0.401655 0.00799262
1 0.30741 0.607264 0.361741 0.482248 0.00781624
1 0.385052 0.326002 0.72034 0.634687 0.00746619
1 0.230455 0.638339 0.393407 0.4469 0.00675747
1 0.565304 0.528263 0.788451 0.60781 0.00665883
1 0.401877 0.22474 0.752955 0.445578 0.00635143
1 0.598856 0.667366 0.793924 0.653354 0.00598966
1 0.598007 0.314466 0.793595 0.469846 0.00595069
0 0.9385 0.46889 0.12161 0.903254 0.00570082
1 0.0551208 0.626711 0.110242 0.710316 0.00567175
1 0.209746 0.661003 0.417548 0.629153 0.00546035
1 0.454264 0.613368 0.639863 0.427756 0.00538395
1 0.238098 0.569963 0.473594 0.762352 0.00496038
2 0.870514 0.49151 0.258972 0.98302 0.00495362
0 0.956502 0.343978 0.0869959 0.674798 0.00488434
1 0.503415 0.628865 0.252684 0.36538 0.00471393
1 0.0508072 0.513459 0.101614 0.826099 0.00471377
0 0.627205 0.801372 0.117943 0.090985 0.00468514
1 0.401997 0.67187 0.598531 0.641311 0.00468505
1 0.76882 0.470002 0.456016 0.894107 0.00416221
1 0.282211 0.666507 0.545798 0.664951 0.00416184
1 0.149125 0.672711 0.298123 0.654577 0.00407572
0 0.0260846 0.656333 0.0521692 0.610884 0.00403693
1 0.0659394 0.464342 0.131879 0.928684 0.00399614
1 0.362981 0.176834 0.714417 0.342524 0.00375891
0 0.658322 0.800966 0.0766603 0.0952077 0.00363654
0 0.956723 0.698314 0.0865548 0.570598 0.00363287
0 0.902915 0.480323 0.19417 0.930239 0.00359226
1 0.0908742 0.476833 0.181748 0.953666 0.00358959
0 0.102367 0.458284 0.204735 0.916567 0.00343692
1 0.0673252 0.700463 0.13465 0.597412 0.00343533
1 0.450975 0.276504 0.502398 0.334088 0.00326592
0 0.957833 0.19004 0.0843336 0.380079 0.00326273
1 0.577952 0.222378 0.830553 0.401869 0.0031661
0 0.652691 0.817486 0.172764 0.101572 0.00310882
0 0.556897 0.678331 0.849363 0.626386 0.00309243
2 0.438536 0.140114 0.6512 0.280227 0.0030477
2 0.627406 0.232574 0.719843 0.45946 0.00300258
1 0.260344 0.795288 0.51303 0.39461 0.00288998
0 0.909395 0.123157 0.177037 0.246314 0.00287335
1 0.495549 0.637581 0.178705 0.344535 0.00286222
2 0.69899 0.644567 0.595536 0.707456 0.00285173
1 0.46197 0.642524 0.348016 0.351384 0.002836
2 0.7221 0.143937 0.506139 0.287873 0.00279595
0 0.922715 0.682075 0.15457 0.579081 0.00279057
0 0.380012 0.805418 0.683903 0.389164 0.00279006
0 0.591974 0.746287 0.191243 0.195003 0.00278572
0 0.92092 0.302983 0.155137 0.597459 0.00277433
2 0.428614 0.929911 0.710536 0.140177 0.00277147
0 0.955463 0.831958 0.0881794 0.323222 0.00275901
2 0.535738 0.937957 0.824917 0.124086 0.0027321
0 0.0720492 0.104018 0.144098 0.208036 0.00272409
1 0.446669 0.825889 0.710354 0.343514 0.00272298
0 0.0271526 0.553542 0.0543052 0.644057 0.00269021
0 0.491869 0.126882 0.636085 0.253764 0.00268808
0 0.0646412 0.765 0.129282 0.469999 0.00267902
0 0.951041 0.898737 0.097918 0.202526 0.00267684
0 0.421323 0.144265 0.686752 0.273825 0.00266726
2 0.532042 0.837971 0.887858 0.31058 0.0026571
2 0.326762 0.91111 0.635228 0.177779 0.00262191
0 0.0760128 0.797585 0.152026 0.404829 0.00262061
0 0.576365 0.830279 0.82634 0.325675 0.00259087
0 0.562445 0.94332 0.797986 0.11336 0.00256166
0 0.868283 0.317792 0.263434 0.620542 0.00256148
2 0.835115 0.596083 0.329769 0.782454 0.00254558
2 0.564281 0.143684 0.813901 0.274942 0.00253466
0 0.619071 0.131511 0.649311 0.263022 0.00251484
0 0.0760695 0.161364 0.151929 0.322729 0.00250372
0 0.0884071 0.232013 0.176814 0.464027 0.00248945
1 0.235014 0.231995 0.451558 0.429295 0.00248346
1 0.608649 0.830536 0.773189 0.327614 0.0024717
0 0.838103 0.124069 0.310223 0.248137 0.00245049
0 0.657812 0.765846 0.0999618 0.15475 0.00244535
2 0.803903 0.140821 0.37944 0.281642 0.00240729
0 0.137261 0.796192 0.273272 0.407616 0.00239282
0 0.271146 0.132608 0.464802 0.265216 0.0023821
2 0.769175 0.28595 0.453788 0.555923 0.00237881
0 0.897317 0.754389 0.204665 0.46268 0.00237518
0 0.248385 0.95107 0.475483 0.0978596 0.00232827
0 0.0903955 0.131226 0.17827 0.262452 0.00231294
0 0.0276263 0.433038 0.0550454 0.693612 0.00227142
0 0.210157 0.121007 0.382668 0.242015 0.00224552
0 0.165411 0.911005 0.323825 0.177989 0.00223561
0 0.121244 0.91384 0.242487 0.17232 0.00223228
0 0.162184 0.109677 0.292107 0.219355 0.00219279
0 0.248344 0.712126 0.245021 0.267482 0.0021714
0 0.14742 0.288856 0.294394 0.564947 0.00215685
1 0.253073 0.699439 0.250977 0.295256 0.00215546
0 0.844806 0.243123 0.300686 0.479077 0.00215499
0 0.614115 0.837776 0.151513 0.142064 0.00215055
0 0.632326 0.729563 0.10894 0.223371 0.00211722
0 0.876168 0.963325 0.236949 0.0733493 0.00210785
1 0.545851 0.723968 0.289898 0.247913 0.00208113
0 0.908585 0.861266 0.178412 0.257373 0.00206208
0 0.668326 0.877123 0.253031 0.232071 0.00203917
0 0.806283 0.715831 0.383133 0.559971 0.00202513
0 0.688542 0.937239 0.596415 0.125521 0.00202148
0 0.701162 0.742104 0.59118 0.515726 0.00202126
0 0.770569 0.959211 0.445189 0.0815772 0.00195415
0 0.0405503 0.634936 0.0808733 0.558012 0.00185505
1 0.21912 0.164942 0.412007 0.309441 0.00184601
1 0.485931 0.503945 0.379859 0.455241 0.00182306
0 0.664191 0.740399 0.131279 0.20221 0.00181683
2 0.958605 0.607378 0.0823353 0.383496 0.00181086
0 0.107372 0.167634 0.212864 0.320028 0.00180145
0 0.707976 0.832177 0.560417 0.32129 0.00179867
1 0.40717 0.699225 0.278402 0.264276 0.00178797
0 0.0267813 0.306536 0.0535627 0.613071 0.00178629
0 0.794888 0.83485 0.383137 0.312774 0.00177822
1 0.451457 0.454129 0.518315 0.346033 0.00172445
0 0.16518 0.157094 0.30814 0.2944 0.00172323
0 0.0253758 0.247226 0.0505901 0.494451 0.00170997
0 0.683751 0.738504 0.284231 0.209729 0.00164595
0 0.58265 0.841384 0.238236 0.204823 0.00160353
0 0.656427 0.815799 0.0550022 0.0968822 0.00158046
0 0.582846 0.186169 0.201916 0.136772 0.00154335
0 0.95827 0.350178 0.0829141 0.468129 0.00153649
0 0.528987 0.283996 0.341556 0.349598 0.00151171
0 0.612372 0.875721 0.230152 0.239884 0.00146961
0 0.0592109 0.659508 0.118179 0.659852 0.00146846
1 0.54805 0.582954 0.233964 0.430885 0.00145933
0 0.959138 0.551957 0.081047 0.466162 0.00145317
1 0.363536 0.690755 0.325497 0.317591 0.00142746
0 0.0419132 0.820878 0.0838265 0.348055 0.00140185
2 0.339958 0.0960432 0.25367 0.18941 0.00138545
2 0.574547 0.0786138 0.206904 0.150261 0.00137852
1 0.391635 0.585119 0.41052 0.487189 0.00135974
0 0.532811 0.656545 0.22306 0.301966 0.00134396
0 0.957771 0.446673 0.0839215 0.460269 0.00132505
0 0.0504459 0.899319 0.100892 0.1977 0.00132259
0 0.862709 0.0742598 0.264305 0.146074 0.00131705
2 0.958612 0.321658 0.0823166 0.533469 0.00131433
0 0.541431 0.823981 0.314934 0.352039 0.00130857
0 0.025817 0.743847 0.0514576 0.512307 0.0013009
2 0.377267 0.0938669 0.168262 0.183453 0.00129022
0 0.567795 0.863912 0.249707 0.270543 0.00128397
2 0.957576 0.421565 0.0843533 0.494685 0.00128257
0 0.036672 0.495991 0.0729063 0.58596 0.00126407
1 0.118892 0.0378791 0.237784 0.0750601 0.00126096
1 0.742631 0.865147 0.392349 0.269706 0.00125892
1 0.496343 0.258313 0.419623 0.265583 0.00124426
1 0.956814 0.7502 0.0859411 0.4996 0.00124246
2 0.348004 0.0670944 0.194232 0.133134 0.00124234
0 0.822837 0.163685 0.354327 0.322242 0.00124218
0 0.95169 0.107269 0.0966198 0.211286 0.00122727
2 0.301937 0.075326 0.248182 0.150652 0.00121123
2 0.388484 0.123243 0.181794 0.245619 0.00121004
0 0.947932 0.553984 0.10331 0.312931 0.00120991
2 0.587507 0.06535 0.171954 0.126358 0.0012093
0 0.644885 0.807177 0.10254 0.0723739 0.00120926
2 0.957886 0.711074 0.0839155 0.437706 0.0012067
2 0.803623 0.0853486 0.392753 0.15996 0.0012063
1 0.185046 0.0406572 0.257322 0.0810286 0.00120514
2 0.378666 0.0642226 0.140939 0.126034 0.00120366
0 0.895829 0.0604318 0.200848 0.116849 0.00118608
1 0.16576 0.00185485 0.331521 0.0037097 0.00118587
0 0.552315 0.709218 0.279051 0.276356 0.00118246
2 0.610995 0.056987 0.171426 0.111251 0.00118125
0 0.646503 0.810245 0.0476118 0.0911954 0.00117789
0 0.2288 0.759427 0.259959 0.173929 0.00117672
2 0.554569 0.205723 0.240969 0.187471 0.00117647
2 0.386984 0.0426942 0.155408 0.0853591 0.00117011
0 0.866043 0.0503911 0.216387 0.0964555 0.00116478
0 0.764061 0.865497 0.382116 0.255452 0.00116215
2 0.782634 0.909465 0.324073 0.168135 0.00116003
0 0.59539 0.208455 0.189457 0.178937 0.00115688
0 0.213174 0.0683651 0.265669 0.133858 0.00115165
0 0.95618 0.902331 0.0871639 0.189517 0.00114821
0 0.813094 0.0783907 0.273962 0.153151 0.00114784
1 0.744798 0.752799 0.332458 0.208599 0.00114763
0 0.746228 0.804786 0.343609 0.15432 0.00113836
2 0.837706 0.916282 0.209819 0.158306 0.00113735
2 0.135907 0.953353 0.141853 0.0932939 0.0011342
2 0.0770243 0.993789 0.154049 0.0124224 0.00113294
2 0.105318 0.990845 0.210636 0.0183104 0.00113198
1 0.215888 0.00207022 0.401212 0.00414044 0.00112191
0 0.857757 0.88152 0.243736 0.228539 0.00111768
2 0.716225 0.910607 0.194704 0.16578 0.00111446
1 0.0844133 0.602454 0.168827 0.364847 0.00111335
0 0.0701012 0.28815 0.140103 0.576299 0.00110601
0 0.765843 0.93372 0.375906 0.128069 0.00110531
0 0.897743 0.264635 0.204513 0.415302 0.00110423
1 0.545096 0.657083 0.227059 0.298998 0.00109949
0 0.23323 0.830506 0.286591 0.338987 0.00108312
1 0.446223 0.0586555 0.224668 0.115762 0.00108169
1 0.307387 0.701549 0.279145 0.293437 0.00107945
0 0.851139 0.263086 0.247803 0.333608 0.00107911
0 0.903925 0.328094 0.19215 0.344393 0.0010774
0 0.383705 0.174052 0.200699 0.346436 0.00107718
0 0.830627 0.0461824 0.199272 0.0881355 0.00107617
2 0.0310333 0.457467 0.0620667 0.309642 0.00107503
2 0.105544 0.144093 0.211087 0.2803 0.00107284
2 0.601575 0.908861 0.187277 0.175596 0.0010712
2 0.266263 0.0699416 0.215136 0.138475 0.00106951
0 0.658025 0.088802 0.396516 0.166554 0.00106897
0 0.823078 0.0909583 0.353844 0.173108 0.00106829
2 0.120773 0.941996 0.141797 0.116008 0.00106751
1 0.42611 0.406034 0.477384 0.254778 0.00106735
2 0.143544 0.915872 0.174441 0.156956 0.00105871
2 0.243288 0.740903 0.240397 0.209758 0.00105238
2 0.935943 0.320839 0.127565 0.380124 0.00104984
0 0.515904 0.717479 0.330768 0.200549 0.00104881
0 0.838696 0.187898 0.322607 0.243267 0.00104793
2 0.360962 0.141105 0.239566 0.28054 0.00104743
1 0.405334 0.0528229 0.186913 0.105202 0.00104482
2 0.256836 0.842497 0.29153 0.315006 0.00104316
1 0.605115 0.429382 0.266738 0.563816 0.00104111
0 0.0649991 0.390593 0.129552 0.646583 0.00103959
2 0.936304 0.612756 0.12627 0.327819 0.00103774
2 0.931582 0.384813 0.136316 0.340562 0.00103687
0 0.344039 0.0426922 0.182056 0.0840986 0.0010368
2 0.693578 0.896602 0.19806 0.194403 0.00103375
1 0.614383 0.584775 0.287329 0.35814 0.00103295
0 0.94932 0.482778 0.100558 0.302325 0.00103018
2 0.0268798 0.189184 0.0537596 0.378368 0.00102967
0 0.0572146 0.922189 0.114429 0.150364 0.00102851
0 0.919701 0.079155 0.155111 0.15541 0.00102717
1 0.534528 0.769117 0.337395 0.276157 0.00102707
2 0.131879 0.0587318 0.254241 0.110752 0.00102509
0 0.242709 0.0437283 0.2035 0.0874566 0.00102142
0 0.868378 0.139802 0.263244 0.276735 0.0010214
2 0.113975 0.910528 0.168374 0.168684 0.00101995
2 0.635527 0.0618127 0.174669 0.120356 0.00101934
0 0.537675 0.702281 0.225542 0.220302 0.00101929
0 0.837597 0.22746 0.290289 0.234649 0.0010175
2 0.882763 0.907456 0.18566 0.175939 0.00101506
0 0.870413 0.306272 0.259173 0.339998 0.00101038
0 0.300306 0.043319 0.21678 0.0857069 0.00100673
0 0.613607 0.662025 0.199299 0.364404 0.00100576
2 0.842415 0.928768 0.258765 0.129055 0.00100517
2 0.164958 0.992771 0.258638 0.0144577 0.000999835
1 0.441113 0.00283624 0.32552 0.00567248 0.000994358
0 0.643414 0.801212 0.0794044 0.0784 0.000990842
2 0.175326 0.0945599 0.350652 0.179093 0.00098867
2 0.133977 0.955844 0.201329 0.0883119 0.000986597
2 0.182779 0.063356 0.289295 0.123031 0.00098569
0 0.664883 0.695418 0.347593 0.303154 0.000983521
0 0.818553 0.879173 0.362894 0.22737 0.000979721
1 0.551685 0.0907797 0.196377 0.170945 0.000978662
1 0.367087 0.446066 0.386744 0.303157 0.000976953
2 0.0563571 0.869632 0.112615 0.242115 0.000972755
2 0.756863 0.0760885 0.186067 0.146968 0.000972142
0 0.387504 0.205875 0.279136 0.313261 0.000970725
1 0.635956 0.643756 0.313732 0.417421 0.000970451
2 0.66562 0.995584 0.283446 0.00883136 0.000967998
0 0.16335 0.841361 0.244611 0.317277 0.000967515
2 0.308139 0.098592 0.414443 0.191692 0.000967411
0 0.918122 0.15993 0.162499 0.312216 0.000966481
2 0.69079 0.994694 0.364368 0.0106125 0.000966398
0 0.945567 0.111621 0.108867 0.223242 0.000965708
2 0.068474 0.202188 0.136948 0.404376 0.000965688
0 0.619818 0.159634 0.234284 0.282438 0.000965612
0 0.451899 0.854117 0.275248 0.291766 0.00096473
0 0.0261462 0.478729 0.0520259 0.248291 0.000962644
2 0.94015 0.451068 0.118781 0.354345 0.000962351
0 0.544536 0.369739 0.313811 0.506269 0.000962285
1 0.486645 0.0669666 0.195566 0.128038 0.000960096
1 0.647648 0.00226899 0.273748 0.00453798 0.000959704
0 0.877705 0.00229443 0.24459 0.00458886 0.000956701
1 0.658556 0.053227 0.181155 0.102367 0.000956098
1 0.527123 0.0794457 0.186065 0.148783 0.000955859
2 0.405895 0.0772766 0.174636 0.153504 0.000955718
2 0.779098 0.994484 0.359793 0.0110317 0.000955486
0 0.852375 0.785092 0.243349 0.30557 0.000954015
0 0.884861 0.855932 0.230277 0.288135 0.000953236
0 0.604562 0.114897 0.266281 0.217346 0.000952493
2 0.692731 0.937663 0.421732 0.119011 0.000952111
1 0.0632626 0.794563 0.125927 0.410874 0.000947978
0 0.600855 0.992063 0.260282 0.015875 0.000945596
1 0.691934 0.0442835 0.171943 0.0851131 0.000945269
2 0.0669828 0.98686 0.133966 0.0262794 0.000941782
0 0.661819 0.939371 0.316424 0.114636 0.000940762
0 0.103195 0.875685 0.197204 0.237235 0.000940475
2 0.814735 0.992575 0.336285 0.0148493 0.000937602
2 0.657517 0.893228 0.27742 0.205633 0.000936555
0 0.704783 0.727696 0.35172 0.249621 0.000935144
0 0.396278 0.860621 0.245365 0.278758 0.000935043
0 0.934522 0.663512 0.129576 0.284398 0.000934778
2 0.218505 0.995055 0.329764 0.00988995 0.000933587
0 0.422353 0.995238 0.333321 0.00952362 0.00092746
0 0.457678 0.721463 0.261953 0.165403 0.000926414
0 0.217906 0.234959 0.186118 0.287311 0.000926406
