2 0.406981 0.5 0.799222 1 0.975702
2 0.951323 0.845156 0.0973532 0.309688 0.0362071
2 0.613805 0.501021 0.531463 0.997958 0.0321686
0 0.739534 0.0901525 0.171592 0.180305 0.0252362
1 0.950317 0.846936 0.0993664 0.306127 0.0236225
2 0.416341 0.665911 0.784971 0.663663 0.0233221
0 0.72467 0.0663898 0.141053 0.13278 0.0231952
2 0.396061 0.356815 0.732036 0.697314 0.0211039
2 0.883567 0.0662141 0.232865 0.132428 0.0144673
2 0.779727 0.403518 0.108942 0.141485 0.0128983
2 0.787563 0.499089 0.424875 0.998178 0.0127529
2 0.400722 0.767554 0.71901 0.464893 0.0124473
0 0.779057 0.40293 0.112228 0.157211 0.0124206
2 0.911467 0.5 0.177066 1 0.0123661
0 0.953316 0.769783 0.0933686 0.124136 0.0121561
0 0.748333 0.106182 0.221668 0.212364 0.0118181
2 0.337459 0.170441 0.598122 0.325797 0.0116959
2 0.95048 0.78396 0.0988747 0.217708 0.0115309
2 0.28089 0.5 0.555491 1 0.0115192
0 0.0701876 0.0897072 0.140375 0.179414 0.0112668
2 0.888342 0.0446586 0.223317 0.0893173 0.0104443
2 0.345595 0.120392 0.638082 0.22575 0.0103027
2 0.505965 0.579673 0.749402 0.733271 0.00966147
0 0.688632 0.0663504 0.253954 0.132701 0.00941791
0 0.80201 0.108918 0.362745 0.217836 0.00938522
2 0.930238 0.837855 0.139228 0.324291 0.00905366
2 0.666044 0.471189 0.461802 0.82999 0.00896314
2 0.94735 0.489545 0.105301 0.97909 0.00892219
2 0.949008 0.765265 0.100399 0.138759 0.00853085
2 0.856696 0.106717 0.279447 0.213434 0.00843859
1 0.911955 0.496599 0.175007 0.993198 0.0083479
1 0.943892 0.774193 0.112217 0.451613 0.00810879
2 0.968182 0.849388 0.0636362 0.301224 0.0080576
2 0.841573 0.828994 0.315957 0.342012 0.00797747
0 0.729954 0.121034 0.530756 0.242067 0.00773097
1 0.947339 0.497141 0.105135 0.940159 0.00763195
2 0.972952 0.89225 0.0540955 0.2155 0.00724785
2 0.947956 0.707898 0.104087 0.584203 0.00713857
0 0.788102 0.100378 0.24185 0.200756 0.00713072
0 0.0739275 0.141979 0.147855 0.280949 0.00706569
1 0.898677 0.848273 0.202646 0.303455 0.00647653
2 0.635629 0.715114 0.723629 0.569771 0.00637785
2 0.947968 0.916665 0.102947 0.166671 0.00633346
2 0.91345 0.80504 0.17205 0.389919 0.0062826
2 0.447338 0.129897 0.830911 0.245385 0.00625044
0 0.86085 0.0519171 0.269273 0.103834 0.00604949
2 0.766249 0.830518 0.465372 0.338964 0.00583978
2 0.935722 0.880368 0.126656 0.239264 0.00580824
2 0.109849 0.5 0.219697 1 0.0058022
2 0.720027 0.449303 0.377509 0.718286 0.00574091
2 0.821157 0.744502 0.355864 0.510995 0.0057194
0 0.0719735 0.206465 0.143749 0.408974 0.00567896
0 0.589552 0.122942 0.793999 0.245883 0.00561087
2 0.521638 0.259202 0.699936 0.515421 0.00554755
2 0.63544 0.334112 0.260701 0.293672 0.00554389
2 0.0849378 0.19565 0.169876 0.391299 0.00545457
0 0.614552 0.33554 0.301157 0.301847 0.00541778
2 0.644939 0.588613 0.705274 0.82066 0.00533022
2 0.194536 0.5 0.387798 1 0.00523387
0 0.845573 0.0703361 0.288292 0.140672 0.00516516
0 0.794644 0.458262 0.146996 0.274427 0.00497046
2 0.936923 0.623504 0.126155 0.74473 0.00494486
2 0.112963 0.221779 0.225368 0.436271 0.00491069
2 0.0763393 0.145645 0.152408 0.29129 0.00489959
2 0.387992 0.871366 0.706488 0.257268 0.00485301
0 0.811311 0.190074 0.376948 0.378504 0.00476895
0 0.6997 0.188297 0.593424 0.373324 0.00468844
0 0.902856 0.842545 0.194288 0.314909 0.00456854
2 0.539013 0.768204 0.744159 0.457453 0.0045475
2 0.36219 0.265648 0.712533 0.509551 0.00454632
2 0.0701836 0.501427 0.140367 0.933774 0.00454099
2 0.657351 0.819724 0.6814 0.360553 0.00442033
2 0.928918 0.0485786 0.135314 0.0971572 0.00433358
2 0.60112 0.433089 0.648149 0.801508 0.00426146
0 0.102127 0.18461 0.204255 0.36922 0.00423344
0 0.900008 0.20819 0.198177 0.416379 0.00422836
0 0.027665 0.234052 0.0549181 0.328831 0.00422169
2 0.954127 0.790674 0.0917458 0.161891 0.00418401
0 0.949885 0.21082 0.10023 0.42164 0.0041659
0 0.851717 0.121348 0.296566 0.242695 0.00410698
0 0.644474 0.0687922 0.298988 0.136409 0.0041059
2 0.755754 0.358989 0.159519 0.24238 0.00409192
2 0.807609 0.60631 0.384781 0.779782 0.00404399
0 0.954013 0.141643 0.091974 0.283286 0.00401608
2 0.784289 0.380518 0.0967843 0.0994731 0.00400621
0 0.679753 0.480701 0.624574 0.949387 0.00388361
2 0.740268 0.60312 0.247506 0.291636 0.00387366
2 0.538539 0.112513 0.764905 0.225025 0.00387095
0 0.956087 0.328815 0.0878263 0.65763 0.00385871
0 0.0288512 0.265224 0.0574163 0.530448 0.00383604
2 0.972531 0.922748 0.0546882 0.154504 0.00378502
2 0.493432 0.818116 0.657879 0.349197 0.00376921
0 0.0443362 0.274521 0.0886725 0.549042 0.0037031
2 0.558695 0.0717577 0.211632 0.139202 0.0036414
2 0.950344 0.725013 0.0990872 0.367725 0.00360055
2 0.285706 0.772317 0.559636 0.448948 0.00353739
0 0.15057 0.129064 0.301141 0.251459 0.00347646
0 0.0629971 0.246539 0.125994 0.493078 0.00331102
2 0.548047 0.0706262 0.122369 0.138584 0.00330493
2 0.136527 0.185495 0.272935 0.358111 0.00329439
0 0.871584 0.149136 0.219041 0.298272 0.00323712
2 0.271781 0.899296 0.543562 0.201408 0.00304169
2 0.754918 0.0499807 0.0827274 0.0999615 0.00298327
2 0.983839 0.907032 0.0319644 0.185935 0.00296014
2 0.554138 0.870599 0.707195 0.258801 0.00290485
0 0.0542475 0.325266 0.108495 0.641455 0.0028846
1 0.630595 0.0721852 0.283242 0.140888 0.00288102
2 0.520783 0.0726223 0.147832 0.145245 0.0028536
2 0.76775 0.402891 0.14734 0.167196 0.00282969
2 0.247971 0.815096 0.469599 0.337648 0.00279834
2 0.0370837 0.661871 0.0741675 0.635839 0.00278601
0 0.84816 0.85456 0.30368 0.279147 0.00275146
0 0.807662 0.156239 0.249759 0.312477 0.00272572
0 0.831124 0.844825 0.231438 0.238524 0.00264397
2 0.240329 0.948915 0.453417 0.102171 0.0026222
0 0.900983 0.789998 0.198034 0.255691 0.00260876
0 0.25122 0.13588 0.496515 0.271761 0.00258264
2 0.889233 0.856701 0.221533 0.286599 0.00257781
0 0.0799066 0.78364 0.159813 0.43272 0.00253252
1 0.903585 0.916255 0.187328 0.167491 0.00250402
0 0.78355 0.501035 0.165092 0.368792 0.00249401
2 0.963716 0.949236 0.0722103 0.100037 0.00246841
0 0.500894 0.0726756 0.192485 0.145351 0.00244845
1 0.584724 0.0754139 0.288362 0.147265 0.00241164
0 0.0522144 0.745465 0.104429 0.509071 0.00237242
0 0.878357 0.826995 0.145057 0.205648 0.0023283
2 0.482454 0.080796 0.21309 0.161592 0.00230659
0 0.167616 0.16827 0.335232 0.334159 0.00229454
0 0.115503 0.0804805 0.231006 0.160961 0.00228678
0 0.211974 0.815562 0.411018 0.335087 0.0022551
2 0.936045 0.731709 0.12474 0.196534 0.00225094
2 0.987853 0.93777 0.0242948 0.12446 0.00222508
0 0.13346 0.878805 0.26692 0.24239 0.00216585
0 0.865234 0.811862 0.113243 0.174416 0.00216225
1 0.383283 0.0645171 0.269141 0.128166 0.00215468
2 0.204201 0.758337 0.406736 0.45028 0.00215015
1 0.823539 0.913781 0.329277 0.172437 0.00214679
2 0.576455 0.0733067 0.298569 0.141091 0.00214619
0 0.814382 0.445983 0.2246 0.262972 0.00213437
0 0.181332 0.932885 0.353109 0.134229 0.00211326
0 0.764787 0.370452 0.138066 0.250514 0.0021088
0 0.139915 0.7797 0.279039 0.428534 0.00208546
1 0.208052 0.353996 0.347985 0.470286 0.00205725
2 0.956167 0.960896 0.0876667 0.0782088 0.00203904
1 0.405317 0.0460222 0.269911 0.0920444 0.00199895
2 0.245211 0.666342 0.475132 0.6187 0.00198019
0 0.1609 0.72008 0.319833 0.538575 0.00196631
0 0.746477 0.0750381 0.208971 0.150076 0.00196206
2 0.161714 0.683634 0.321311 0.599532 0.00194296
2 0.873249 0.0368489 0.253503 0.0736977 0.00192678
1 0.355487 0.0548262 0.282625 0.105113 0.00191316
2 0.93784 0.0741482 0.121957 0.143916 0.00189428
2 0.755458 0.509934 0.214687 0.397501 0.00186969
0 0.178408 0.0989786 0.356815 0.187656 0.00186832
0 0.562954 0.0761329 0.359901 0.142039 0.00185932
0 0.0212683 0.713268 0.0425366 0.573465 0.00185648
2 0.714753 0.0731374 0.205562 0.146275 0.00181098
0 0.151807 0.600086 0.303615 0.771704 0.00180582
1 0.0200809 0.6976 0.0401618 0.604799 0.00178524
1 0.321792 0.148023 0.421827 0.261269 0.0017799
1 0.950568 0.661778 0.0987024 0.53602 0.00177378
2 0.945441 0.920413 0.109117 0.159175 0.00176214
2 0.466813 0.102532 0.246037 0.205063 0.00172444
0 0.603382 0.856339 0.214644 0.278975 0.00171697
0 0.780479 0.929912 0.316567 0.140175 0.00170034
2 0.8902 0.92242 0.218292 0.15516 0.00169488
2 0.728475 0.396213 0.228936 0.293739 0.00168974
0 0.938274 0.101096 0.123452 0.196116 0.00168541
0 0.744708 0.351233 0.180872 0.295211 0.00167903
1 0.273412 0.791432 0.289448 0.395819 0.00165114
1 0.32825 0.0444499 0.298133 0.0804693 0.00165113
1 0.226269 0.786228 0.194649 0.389201 0.00164673
0 0.638919 0.0738944 0.435368 0.135035 0.00164616
2 0.405065 0.433495 0.300562 0.564283 0.00164142
0 0.767189 0.144281 0.30298 0.288561 0.00163373
2 0.975606 0.779935 0.0477653 0.132379 0.00162517
0 0.713316 0.11045 0.327352 0.220901 0.00160794
1 0.386117 0.0875447 0.313511 0.172452 0.00158768
0 0.536848 0.926708 0.329674 0.146584 0.00158194
1 0.214207 0.298836 0.376918 0.336318 0.00158111
0 0.17944 0.071607 0.231959 0.136882 0.00157866
0 0.202618 0.375366 0.297428 0.362609 0.00156112
2 0.603458 0.847548 0.215349 0.303549 0.001544
0 0.820505 0.393889 0.243856 0.344259 0.00152919
1 0.217836 0.263566 0.322756 0.261958 0.0015248
2 0.991704 0.884185 0.0161503 0.23163 0.00152317
1 0.447341 0.0513885 0.243124 0.102777 0.00151952
2 0.924064 0.92209 0.151871 0.155821 0.00151309
0 0.989918 0.945996 0.0201649 0.102538 0.00151216
1 0.73521 0.512024 0.242209 0.433085 0.00150852
1 0.204218 0.423176 0.300193 0.593915 0.00147527
1 0.407111 0.00392892 0.375872 0.00785783 0.00147112
0 0.508069 0.933308 0.24993 0.133383 0.00146819
2 0.401524 0.0970137 0.311855 0.194027 0.0014553
0 0.785187 0.853154 0.290883 0.284745 0.00145414
1 0.592347 0.791544 0.218463 0.416912 0.00143715
0 0.474099 0.0874444 0.248678 0.170535 0.00143484
2 0.456789 0.476734 0.21875 0.494436 0.00143118
0 0.755389 0.0647922 0.0780993 0.129584 0.00142863
1 0.280871 0.0373347 0.31336 0.0631424 0.00142854
0 0.750745 0.531836 0.227213 0.435547 0.00141701
0 0.196692 0.437775 0.282552 0.549734 0.00141082
0 0.0865418 0.238778 0.173084 0.284046 0.00140394
1 0.318541 0.217618 0.423872 0.414869 0.00140014
2 0.424552 0.501517 0.272713 0.438288 0.00138994
0 0.818263 0.816873 0.245458 0.333431 0.00138196
0 0.57987 0.158553 0.339674 0.309683 0.00138126
0 0.0868656 0.0747604 0.107104 0.149521 0.00137977
1 0.406474 0.317925 0.331652 0.635851 0.00137725
1 0.364212 0.00331231 0.359559 0.00662462 0.0013726
0 0.582279 0.372591 0.369241 0.379192 0.00137109
1 0.316823 0.126768 0.343826 0.227946 0.00136604
1 0.393162 0.51466 0.395066 0.3634 0.0013623
0 0.849411 0.0479664 0.301179 0.0959329 0.00135986
2 0.979139 0.797253 0.0410046 0.175766 0.00135367
1 0.333989 0.0697965 0.331217 0.129543 0.00135177
0 0.0726688 0.354112 0.14503 0.688406 0.00134483
1 0.883054 0.73729 0.233893 0.35197 0.00133845
0 0.95035 0.384565 0.098843 0.401054 0.00133243
0 0.0180327 0.624357 0.0360653 0.732378 0.00132656
1 0.655322 0.0174192 0.294151 0.0348385 0.00131866
0 0.555482 0.335558 0.485897 0.321917 0.001315
0 0.790135 0.220806 0.291462 0.270377 0.00131459
2 0.986451 0.806072 0.0265151 0.189673 0.00128659
0 0.952816 0.450969 0.0943674 0.628279 0.0012861
2 0.845936 0.874452 0.308128 0.249307 0.00128046
1 0.47356 0.424138 0.351529 0.629208 0.00127172
2 0.225217 0.802148 0.181503 0.359141 0.00126434
2 0.742842 0.0647585 0.0969975 0.129517 0.00126097
0 0.381676 0.234079 0.392516 0.446511 0.00125895
0 0.833802 0.182289 0.245117 0.322145 0.00125839
0 0.121824 0.523095 0.199929 0.306435 0.00125591
0 0.189784 0.0597204 0.186486 0.115473 0.00125286
2 0.770848 0.0387076 0.0538491 0.0774151 0.00125122
2 0.914094 0.083218 0.168723 0.164925 0.0012455
2 0.524645 0.0780068 0.205772 0.156014 0.0012438
0 0.808008 0.324208 0.305932 0.420106 0.00124068
2 0.990044 0.953793 0.0197109 0.0924138 0.00124016
2 0.72284 0.567825 0.274315 0.375787 0.00123792
1 0.60937 0.00506372 0.341484 0.0101274 0.0012376
0 0.403198 0.290724 0.345195 0.581447 0.00123458
0 0.230048 0.826719 0.196106 0.320423 0.00123437
0 0.456674 0.932531 0.356487 0.134938 0.00122963
2 0.913247 0.0512014 0.166271 0.102403 0.00122463
0 0.218349 0.0705795 0.190247 0.133553 0.00122406
2 0.599495 0.783534 0.226032 0.432932 0.00122373
2 0.631686 0.934192 0.242218 0.131616 0.00121984
2 0.941631 0.955034 0.102422 0.0899322 0.00121813
2 0.948999 0.966355 0.102002 0.0672891 0.00121105
1 0.309449 0.00242916 0.347501 0.00485832 0.00119469
0 0.141304 0.482101 0.198166 0.44394 0.00117827
1 0.578467 0.0521439 0.323075 0.104288 0.00117552
0 0.634845 0.355293 0.260283 0.397928 0.00117347
1 0.0695595 0.661728 0.139119 0.676544 0.00117064
2 0.687797 0.896664 0.15101 0.205478 0.00116989
0 0.953746 0.796087 0.0925072 0.166658 0.00116795
0 0.268183 0.0709314 0.333856 0.131917 0.0011651
1 0.254698 0.0481202 0.257645 0.08926 0.00116479
1 0.442681 0.00484055 0.330828 0.0096811 0.00116156
2 0.675718 0.938412 0.202927 0.123175 0.00115976
1 0.468697 0.00985754 0.285024 0.0197151 0.00115973
0 0.573593 0.300864 0.359924 0.345515 0.00115486
2 0.437042 0.117911 0.302802 0.235822 0.00114853
2 0.0864659 0.0796288 0.172932 0.159258 0.00114852
0 0.41247 0.116333 0.345585 0.232666 0.00114767
1 0.280005 0.838732 0.351389 0.307224 0.00114596
0 0.17862 0.532079 0.27849 0.392981 0.00114324
2 0.904462 0.703465 0.188786 0.294074 0.00114112
1 0.372718 0.242619 0.424097 0.485239 0.00113607
2 0.754163 0.609668 0.218887 0.224563 0.00112825
0 0.949711 0.480406 0.0965194 0.168342 0.00112424
1 0.229713 0.935134 0.394553 0.129733 0.0011236
2 0.554975 0.95995 0.310231 0.0801001 0.00112027
0 0.758094 0.340238 0.202788 0.37229 0.00111934
2 0.582888 0.897442 0.172939 0.201792 0.00111629
0 0.741922 0.161973 0.41173 0.317439 0.0011151
0 0.870692 0.732962 0.255116 0.362084 0.00111489
2 0.597738 0.889554 0.227532 0.220893 0.0011128
2 0.658276 0.896269 0.170951 0.207463 0.0011128
0 0.79829 0.943603 0.304648 0.112793 0.00111245
2 0.958289 0.945078 0.0834215 0.109845 0.00111218
1 0.849962 0.915157 0.300077 0.169687 0.0011089
2 0.288485 0.134206 0.246693 0.237539 0.00110421
0 0.942611 0.971387 0.114778 0.0572268 0.00110421
2 0.963221 0.78893 0.0735573 0.391827 0.0010995
2 0.392831 0.983626 0.375781 0.0327477 0.00109831
1 0.249914 0.880092 0.312635 0.227878 0.00109681
2 0.22671 0.982437 0.371271 0.0351255 0.00109593
2 0.416386 0.986377 0.362909 0.0272457 0.00109249
0 0.330637 0.933559 0.407271 0.132882 0.00109244
0 0.285073 0.952319 0.360695 0.0953624 0.00109077
1 0.241489 0.239513 0.398667 0.318241 0.00108982
1 0.380888 0.182421 0.452414 0.334103 0.00108981
0 0.204619 0.126083 0.409238 0.249068 0.00108515
2 0.694037 0.581225 0.219809 0.328532 0.00108448
2 0.604123 0.966195 0.303671 0.0676095 0.00108281
2 0.44135 0.978628 0.353827 0.0427433 0.00107729
0 0.715375 0.935755 0.253392 0.128489 0.00107546
1 0.216335 0.0584332 0.180871 0.112522 0.00107512
0 0.780146 0.899129 0.22285 0.197628 0.00107227
