1 0.647441 0.557277 0.361114 0.467272 0.823946
1 0.262874 0.509374 0.258153 0.336973 0.773988
0 0.0390605 0.381246 0.078121 0.13443 0.555784
0 0.0391825 0.320859 0.0783651 0.259798 0.114123
2 0.266537 0.508033 0.252501 0.336843 0.109441
1 0.730266 0.458797 0.532184 0.649908 0.0864481
1 0.264705 0.669983 0.257959 0.655914 0.0522366
1 0.723392 0.442298 0.553215 0.884597 0.0442253
0 0.0402436 0.379791 0.0803846 0.214674 0.0395945
0 0.976165 0.370298 0.0475217 0.325888 0.0251636
1 0.198541 0.667739 0.388502 0.664522 0.0248334
0 0.975777 0.292607 0.0484452 0.290356 0.0239794
1 0.612281 0.656483 0.441598 0.687034 0.0233757
0 0.0419095 0.357459 0.0838191 0.364547 0.0231288
0 0.975881 0.334205 0.0470185 0.202501 0.0221249
2 0.974971 0.271255 0.0486719 0.304401 0.0200942
0 0.970081 0.480371 0.0598389 0.774981 0.0185714
0 0.0418814 0.475381 0.0837628 0.575316 0.0161549
0 0.917638 0.473866 0.164724 0.89804 0.0149852
1 0.528683 0.64802 0.67132 0.70396 0.0136324
1 0.362526 0.663571 0.511904 0.668213 0.0126204
1 0.91351 0.525323 0.172559 0.893912 0.0122022
0 0.959696 0.528739 0.0806073 0.810175 0.0120007
0 0.11633 0.488905 0.232555 0.556416 0.0119961
1 0.19955 0.53198 0.399101 0.399297 0.0115908
1 0.949709 0.578797 0.100583 0.759475 0.0113419
1 0.845783 0.553065 0.308057 0.892081 0.011166
0 0.968678 0.319041 0.0626448 0.582729 0.0109373
1 0.736679 0.591262 0.526642 0.792244 0.0100783
2 0.98473 0.276866 0.0305397 0.306787 0.00913293
0 0.141857 0.535334 0.282926 0.798097 0.00908736
0 0.0425774 0.459898 0.0849164 0.39104 0.00897803
1 0.47228 0.507784 0.664283 0.359404 0.00871648
0 0.0149719 0.380287 0.0297856 0.119849 0.00844138
0 0.266108 0.510122 0.255258 0.334315 0.00769348
0 0.930669 0.373099 0.138079 0.712979 0.00749856
0 0.984297 0.296782 0.0314062 0.253167 0.00739338
1 0.508573 0.55731 0.470404 0.476667 0.00738667
0 0.985454 0.250045 0.0289913 0.37501 0.00735994
0 0.147941 0.399042 0.295669 0.482547 0.00705361
1 0.621339 0.509544 0.435667 0.453645 0.00695576
2 0.0172976 0.376689 0.0345952 0.12455 0.00691337
1 0.554493 0.42879 0.847096 0.707448 0.00677688
0 0.836543 0.484117 0.326914 0.968234 0.0067055
0 0.975583 0.460618 0.0488083 0.454397 0.00636679
1 0.547667 0.540257 0.313895 0.434035 0.00625815
2 0.975347 0.305334 0.0493062 0.610667 0.00607473
1 0.687446 0.626705 0.617436 0.636904 0.00605856
1 0.0557288 0.577023 0.111458 0.747025 0.00582901
0 0.198587 0.484941 0.397175 0.415019 0.00545224
1 0.597965 0.564904 0.26651 0.418209 0.00533222
1 0.808773 0.63113 0.382454 0.710213 0.00518132
0 0.4209 0.661475 0.746315 0.67705 0.00511343
1 0.646254 0.615063 0.377549 0.329647 0.00488548
2 0.0117669 0.376855 0.0235338 0.125037 0.00488459
0 0.0502975 0.284514 0.100595 0.565515 0.00486495
0 0.253654 0.393529 0.374677 0.569627 0.00464126
1 0.100318 0.611754 0.200636 0.776492 0.00457592
0 0.459791 0.392333 0.671187 0.580097 0.00452051
1 0.672307 0.705421 0.546863 0.585749 0.00444286
0 0.0338237 0.368175 0.0676473 0.0959001 0.00420864
1 0.467695 0.470136 0.805212 0.471655 0.00420103
0 0.98742 0.320536 0.0248619 0.199221 0.00398787
0 0.960462 0.255747 0.079076 0.511494 0.00396261
1 0.937334 0.665315 0.125332 0.652279 0.00392884
0 0.234401 0.347438 0.468802 0.646092 0.00379758
2 0.25388 0.569052 0.281214 0.215484 0.00373098
0 0.0613592 0.357707 0.122718 0.189563 0.00357273
0 0.339847 0.757362 0.0570871 0.0757367 0.00355365
2 0.974064 0.228357 0.0512284 0.456713 0.00352252
0 0.426485 0.836144 0.750448 0.327713 0.00343672
0 0.203412 0.223036 0.0198508 0.0331282 0.00342284
1 0.483152 0.761 0.84236 0.478001 0.00341734
0 0.202552 0.658743 0.405104 0.682515 0.0034056
0 0.118955 0.621038 0.237911 0.757925 0.00340413
0 0.436971 0.883079 0.0914705 0.226468 0.00335146
0 0.0106475 0.385101 0.0212951 0.101484 0.00331415
0 0.0593023 0.468842 0.118605 0.346979 0.00330523
0 0.345429 0.762927 0.651787 0.469746 0.00327186
1 0.716048 0.7693 0.5659 0.450087 0.0032012
1 0.679779 0.330668 0.635936 0.655995 0.00318736
1 0.47232 0.305849 0.867283 0.562194 0.00316925
0 0.0669686 0.392022 0.133937 0.188106 0.00314682
0 0.437601 0.299261 0.848788 0.553487 0.0031348
0 0.0877123 0.247107 0.175425 0.494214 0.00309382
0 0.248883 0.722412 0.495083 0.544666 0.00304271
0 0.204159 0.767146 0.403293 0.456296 0.00302668
1 0.938812 0.765256 0.122376 0.458824 0.00295755
0 0.984542 0.341797 0.0309152 0.161755 0.00295278
0 0.964388 0.494087 0.0712238 0.574422 0.00294062
0 0.268051 0.563667 0.244808 0.222101 0.00292231
1 0.658044 0.882895 0.559868 0.234211 0.00288768
0 0.924648 0.253224 0.147436 0.506448 0.00287237
0 0.422957 0.879328 0.130794 0.228407 0.00285806
0 0.0794983 0.119228 0.158997 0.238457 0.00284736
0 0.201955 0.262917 0.40161 0.525833 0.00281405
0 0.916743 0.117573 0.161306 0.235147 0.00275654
0 0.463047 0.222038 0.828917 0.412408 0.00272747
0 0.28662 0.1309 0.385125 0.261801 0.00270063
0 0.93908 0.831246 0.121437 0.32494 0.00267524
1 0.556933 0.907751 0.660442 0.184497 0.00266413
1 0.939009 0.867697 0.121982 0.264605 0.00266324
0 0.0904358 0.768324 0.180872 0.463352 0.00266286
0 0.0887989 0.851047 0.177598 0.297905 0.00266275
0 0.500891 0.349286 0.980332 0.698571 0.00266136
0 0.410393 0.915549 0.670338 0.168902 0.00261866
0 0.341485 0.341419 0.679833 0.631624 0.00261162
0 0.376621 0.126165 0.371848 0.252331 0.00260842
0 0.0955874 0.144907 0.191175 0.289813 0.00260031
0 0.432443 0.844485 0.0553648 0.118439 0.00254495
0 0.457393 0.11055 0.344008 0.221101 0.00250933
0 0.0991456 0.201329 0.198291 0.402658 0.0025046
1 0.727226 0.900037 0.528748 0.199925 0.00249403
0 0.212258 0.134219 0.387157 0.268438 0.00247636
0 0.27388 0.24251 0.547761 0.461606 0.00247403
0 0.157457 0.829197 0.313347 0.341606 0.00247103
1 0.579526 0.5033 0.232979 0.360605 0.00246772
0 0.242572 0.932627 0.484072 0.134745 0.00245468
0 0.351353 0.141988 0.501546 0.256649 0.00243754
1 0.790405 0.258091 0.410645 0.505788 0.00242884
0 0.511401 0.102051 0.31443 0.204101 0.00241562
0 0.570212 0.109847 0.329291 0.219694 0.00241036
0 0.174633 0.920399 0.337661 0.159203 0.00239342
0 0.122401 0.929286 0.244803 0.141428 0.00237771
1 0.883997 0.929022 0.227311 0.141956 0.00236991
1 0.911177 0.834165 0.176591 0.317858 0.00235975
0 0.744258 0.124038 0.360291 0.248076 0.00235459
1 0.773741 0.917081 0.450094 0.165838 0.00234492
0 0.363625 0.827033 0.0958499 0.268512 0.00234361
0 0.844697 0.105033 0.29475 0.210066 0.0023351
0 0.88113 0.248259 0.236979 0.496518 0.00233314
0 0.640858 0.11781 0.340374 0.23562 0.00232439
0 0.0408309 0.280636 0.0816617 0.456353 0.00224337
0 0.802118 0.118876 0.365429 0.237751 0.00223695
0 0.395938 0.846407 0.171279 0.29174 0.00220799
0 0.255827 0.153855 0.480729 0.284361 0.00216823
0 0.171888 0.155414 0.333986 0.291258 0.00216166
0 0.252605 0.586472 0.293253 0.19242 0.00213787
0 0.469489 0.953095 0.0304722 0.0871213 0.00213509
0 0.512571 0.164425 0.655507 0.32885 0.00212727
2 0.967842 0.25646 0.0643154 0.512921 0.00211417
0 0.593818 0.235158 0.681386 0.470315 0.00209296
0 0.224777 0.563712 0.159122 0.223302 0.00205144
1 0.654086 0.663462 0.367156 0.222663 0.0020414
2 0.944661 0.310692 0.110678 0.235781 0.00203412
2 0.789411 0.201179 0.405397 0.401922 0.0019727
0 0.377442 0.854059 0.0978104 0.168276 0.00195902
0 0.846389 0.219348 0.295921 0.438695 0.00193876
0 0.337373 0.758426 0.0636923 0.105761 0.00189979
0 0.296953 0.142321 0.0688023 0.0855352 0.00186668
2 0.437612 0.889531 0.107128 0.21239 0.00184217
0 0.430132 0.829702 0.0491606 0.0980881 0.00183157
0 0.954673 0.453999 0.0899993 0.446475 0.00180781
0 0.939905 0.339365 0.120189 0.204644 0.00178735
2 0.460045 0.894681 0.061627 0.200514 0.00177289
1 0.539427 0.0503688 0.181413 0.100225 0.00176335
0 0.312278 0.725517 0.114912 0.145169 0.00173434
2 0.94558 0.262208 0.108779 0.321956 0.00170793
0 0.399233 0.933317 0.0254729 0.0311288 0.00170717
0 0.953971 0.574891 0.092059 0.359147 0.00168429
2 0.230874 0.498217 0.172925 0.319955 0.00166835
0 0.916618 0.851454 0.164643 0.290585 0.0016634
0 0.933836 0.396892 0.132327 0.312618 0.00164362
0 0.0186829 0.185226 0.0372955 0.370453 0.00164133
0 0.609336 0.0461484 0.0700967 0.0922969 0.00162018
0 0.224985 0.431223 0.162447 0.178874 0.00160257
0 0.025206 0.252899 0.0504119 0.486944 0.00160054
0 0.306985 0.144681 0.0930272 0.0989157 0.00158799
1 0.51058 0.0540824 0.171176 0.104071 0.00156528
1 0.590916 0.639073 0.253052 0.265214 0.00153716
1 0.942937 0.237577 0.114125 0.411056 0.0015317
2 0.9588 0.2221 0.0822016 0.444201 0.00151669
2 0.37885 0.0583727 0.153059 0.106816 0.00151194
0 0.0216815 0.554166 0.043363 0.544277 0.00149813
0 0.953491 0.528831 0.0930174 0.633832 0.00149544
0 0.235867 0.600567 0.199597 0.151225 0.00149359
1 0.5736 0.0454265 0.131339 0.090853 0.00147512
0 0.075032 0.266979 0.150064 0.27063 0.00147211
0 0.955275 0.659991 0.0894496 0.510652 0.00147047
2 0.0220607 0.114283 0.0441214 0.228566 0.00147007
0 0.0615086 0.272923 0.123017 0.432708 0.00146583
0 0.0957715 0.452656 0.191543 0.31496 0.00145777
1 0.268258 0.651856 0.25076 0.309804 0.00145177
2 0.388837 0.0637293 0.208665 0.11782 0.00144944
0 0.207433 0.45852 0.125463 0.239683 0.00143949
0 0.33375 0.723414 0.0727533 0.185466 0.00142741
2 0.600058 0.0452473 0.083588 0.0904947 0.00142433
0 0.0161809 0.59313 0.0323142 0.450142 0.00142293
2 0.477885 0.0723323 0.185434 0.134424 0.00141363
0 0.290181 0.135779 0.0547552 0.0778627 0.00141194
0 0.337939 0.747306 0.047802 0.0521296 0.00141137
0 0.930775 0.908755 0.136298 0.18249 0.00140496
0 0.198339 0.567021 0.112805 0.217053 0.00140383
2 0.0455589 0.863218 0.0911177 0.265869 0.00140371
2 0.225966 0.439185 0.161113 0.198733 0.00139467
1 0.928141 0.429817 0.143714 0.373699 0.00139231
2 0.0745419 0.901316 0.145674 0.1843 0.00138635
2 0.0541268 0.894406 0.107839 0.19729 0.00138252
1 0.529992 0.511624 0.128081 0.383237 0.00137539
0 0.281596 0.654482 0.182225 0.320999 0.00137334
0 0.366062 0.815773 0.141859 0.290148 0.00136596
1 0.945284 0.481019 0.108265 0.478382 0.00136259
2 0.101544 0.9081 0.133967 0.170341 0.00134878
0 0.204415 0.518115 0.116739 0.319345 0.00134011
2 0.443488 0.0701702 0.223518 0.130282 0.00133406
0 0.0536222 0.51684 0.107244 0.499364 0.00132742
2 0.064266 0.867306 0.128121 0.254025 0.00132724
1 0.371977 0.0482218 0.158873 0.0894658 0.00132415
2 0.774263 0.06762 0.134676 0.128166 0.00132203
0 0.412102 0.880753 0.0876947 0.20529 0.00131677
2 0.626413 0.0468711 0.0979551 0.0937423 0.00131495
0 0.633515 0.0490764 0.100354 0.0981529 0.00128505
0 0.204273 0.218823 0.0309837 0.0386891 0.00127979
0 0.0166596 0.403847 0.0332133 0.141131 0.00127823
1 0.770577 0.054658 0.13862 0.105438 0.00127516
0 0.977465 0.39216 0.0407852 0.0620778 0.00127363
2 0.494118 0.893107 0.12297 0.203979 0.00127054
1 0.436973 0.0471445 0.192551 0.08859 0.00126812
2 0.410711 0.0479656 0.184841 0.0903918 0.00126577
2 0.45655 0.0524753 0.188536 0.0987271 0.00126316
1 0.540298 0.00180128 0.238632 0.00360256 0.00126247
0 0.323166 0.783929 0.0977956 0.166469 0.00125165
2 0.519622 0.0730565 0.227982 0.146113 0.00124648
1 0.5779 0.599927 0.218658 0.320469 0.00124082
1 0.782564 0.0436658 0.126396 0.08456 0.00122576
0 0.951527 0.183013 0.096946 0.366026 0.00121786
2 0.0247885 0.845859 0.0495098 0.308282 0.00121552
0 0.263975 0.688145 0.230612 0.441026 0.00121198
0 0.242045 0.42247 0.124466 0.150674 0.00121186
2 0.245517 0.901775 0.120119 0.18544 0.00119877
2 0.344072 0.0622381 0.166403 0.115377 0.00119509
1 0.579199 0.447747 0.214312 0.253522 0.00119265
0 0.469762 0.975958 0.0328024 0.0426799 0.00117954
0 0.0181656 0.69178 0.0361794 0.43483 0.00117866
0 0.364939 0.875606 0.0330016 0.0660341 0.00117866
2 0.0838591 0.881455 0.16601 0.237091 0.00117786
0 0.349127 0.844343 0.18998 0.27573 0.00117726
0 0.288507 0.768184 0.166326 0.274511 0.00117438
1 0.343415 0.0490202 0.161236 0.0913656 0.00117338
1 0.575814 0.00189647 0.234053 0.00379295 0.00115174
0 0.329774 0.820416 0.122676 0.266424 0.00114976
2 0.378042 0.0769364 0.286102 0.138784 0.00114973
2 0.303906 0.116163 0.0955304 0.15787 0.00114699
0 0.521677 0.631912 0.107759 0.141203 0.00114357
1 0.614854 0.689566 0.388846 0.172977 0.00113544
2 0.314641 0.140553 0.120458 0.125383 0.00113235
0 0.245092 0.87574 0.111314 0.221052 0.00112936
0 0.0527935 0.583436 0.0405187 0.0775506 0.00112916
0 0.0501151 0.914784 0.10023 0.170431 0.00112434
1 0.516786 0.00151803 0.238222 0.00303605 0.00111595
2 0.135785 0.918045 0.0566759 0.102246 0.00111351
0 0.978204 0.349879 0.0428452 0.15135 0.00111089
1 0.577947 0.405953 0.206245 0.173249 0.00111015
2 0.124173 0.0678166 0.160014 0.127144 0.00110913
0 0.441799 0.939304 0.0965141 0.120547 0.0011045
0 0.0354138 0.349924 0.0605987 0.0659871 0.00110201
1 0.694113 0.683106 0.296908 0.226871 0.00109952
2 0.583579 0.0561529 0.117593 0.112306 0.00109716
1 0.712606 0.728549 0.262903 0.259681 0.0010963
0 0.8679 0.664141 0.0322885 0.0507701 0.00109255
1 0.83703 0.0464636 0.171007 0.0929273 0.00108214
0 0.0103678 0.376284 0.0207356 0.148234 0.00108203
1 0.0627935 0.848669 0.125587 0.302662 0.00106606
1 0.934016 0.135678 0.131061 0.26997 0.00106541
1 0.266701 0.6426 0.268307 0.222347 0.00106524
0 0.193337 0.593329 0.142309 0.169332 0.00106219
0 0.222224 0.906925 0.06776 0.171804 0.00106062
1 0.078761 0.876903 0.157522 0.246194 0.00105654
0 0.950632 0.0978222 0.0987359 0.195644 0.00105546
0 0.269866 0.842541 0.172445 0.313108 0.00105234
2 0.0630998 0.105295 0.1262 0.21059 0.00105178
2 0.0768085 0.993528 0.153617 0.0129434 0.00104978
0 0.322535 0.147911 0.121401 0.11479 0.00104781
0 0.271939 0.763996 0.195287 0.377597 0.00103449
0 0.193716 0.214956 0.0414047 0.0480321 0.00102953
1 0.320936 0.0595668 0.157885 0.113148 0.00102821
0 0.864952 0.663388 0.0402752 0.0590223 0.0010271
1 0.394457 0.00175581 0.297889 0.00351162 0.00102498
1 0.61306 0.00432742 0.261292 0.00865484 0.00102193
1 0.89717 0.00261277 0.205661 0.00522555 0.00102052
0 0.295379 0.589497 0.189397 0.158181 0.00101871
0 0.875721 0.797898 0.0938547 0.226356 0.00101697
2 0.745797 0.909845 0.100752 0.160658 0.00101372
1 0.912807 0.00581494 0.168975 0.0116299 0.00101303
1 0.942323 0.90999 0.113015 0.179281 0.00101272
0 0.890787 0.954419 0.218426 0.0911622 0.00100872
0 0.972944 0.634316 0.054113 0.144062 0.00100861
2 0.219729 0.0869685 0.134785 0.170323 0.00100837
0 0.0456825 0.591153 0.0910194 0.384177 0.00100641
0 0.949599 0.70343 0.100801 0.59314 0.00100567
1 0.927827 0.0255858 0.141748 0.0511716 0.00100545
1 0.44952 0.00121979 0.285885 0.00243958 0.00100531
2 0.39784 0.892035 0.211196 0.195399 0.0010052
1 0.823874 0.00362673 0.286776 0.00725347 0.00100216
2 0.524845 0.510367 0.115257 0.326202 0.00100204
1 0.721102 0.0478174 0.162694 0.0896716 0.00100139
2 0.769393 0.904069 0.154592 0.17691 0.00100022
2 0.0201118 0.774602 0.0401017 0.428631 0.000999243
2 0.0345733 0.349901 0.0691466 0.224726 0.000993393
0 0.0895531 0.309149 0.179106 0.304362 0.000991554
