1 0.50616 0.526203 0.255163 0.158754 0.843678
1 0.135548 0.102627 0.271097 0.204901 0.776799
1 0.782682 0.216329 0.367776 0.264376 0.477655
2 0.560804 0.959687 0.228746 0.0804493 0.473031
2 0.716075 0.161474 0.222089 0.147995 0.242157
1 0.136295 0.158265 0.270258 0.309342 0.241888
1 0.167302 0.462821 0.0835201 0.0704277 0.213237
1 0.135463 0.238285 0.269729 0.475884 0.112444
1 0.787335 0.172112 0.361728 0.171627 0.109001
1 0.561882 0.525059 0.393683 0.160612 0.108357
1 0.637639 0.957175 0.379982 0.0844831 0.108158
2 0.50333 0.527579 0.246698 0.157097 0.0806851
1 0.560418 0.959462 0.229424 0.0810758 0.0538367
0 0.166249 0.464252 0.0720483 0.0694975 0.050021
1 0.506121 0.700779 0.248898 0.503847 0.0416457
1 0.126082 0.333985 0.252164 0.667971 0.0392253
2 0.167567 0.464146 0.0759075 0.0690086 0.0372196
1 0.860017 0.232993 0.202297 0.11487 0.0281338
1 0.216404 0.0828487 0.432174 0.165697 0.0273678
0 0.879506 0.63869 0.0495018 0.0721064 0.0250472
0 0.876773 0.358852 0.0732027 0.0743898 0.0243822
1 0.416945 0.718735 0.495648 0.56253 0.0223604
0 0.885055 0.617126 0.0283606 0.024519 0.0200166
1 0.674833 0.164378 0.595438 0.16663 0.0198528
0 0.502577 0.528422 0.249086 0.154648 0.0185638
1 0.545239 0.671819 0.790777 0.656362 0.0181889
2 0.85004 0.23422 0.219414 0.113911 0.0169042
1 0.0951925 0.101429 0.189231 0.198688 0.016278
2 0.15684 0.463914 0.0555277 0.0670887 0.015863
1 0.487681 0.461283 0.975363 0.759238 0.0153725
1 0.692153 0.963153 0.570525 0.0736933 0.0145017
1 0.473971 0.332907 0.402206 0.549773 0.0143775
1 0.878845 0.360706 0.0749389 0.0714883 0.0140622
1 0.423251 0.521697 0.753832 0.229785 0.0138641
0 0.711944 0.157854 0.203945 0.143419 0.013639
1 0.627931 0.325735 0.691618 0.559619 0.0135208
2 0.5 0.443586 1 0.812183 0.0134277
1 0.492527 0.195109 0.967562 0.214052 0.0131234
1 0.344593 0.664632 0.689187 0.670736 0.0130867
1 0.801233 0.231178 0.327474 0.124289 0.0128291
1 0.181816 0.455531 0.0492348 0.0496906 0.012607
1 0.492125 0.146124 0.964458 0.199827 0.0117863
2 0.5 0.272397 1 0.544793 0.0110177
1 0.731581 0.37678 0.474481 0.59728 0.0103502
1 0.156512 0.467399 0.0489737 0.0604681 0.0102368
1 0.111482 0.460295 0.213999 0.0746964 0.00992749
1 0.337115 0.151284 0.674229 0.302568 0.00967261
1 0.619167 0.496354 0.613879 0.274916 0.00954023
1 0.708285 0.94041 0.572186 0.11809 0.00938599
1 0.558707 0.718985 0.580884 0.550689 0.00913924
1 0.503318 0.305739 0.993364 0.611478 0.00825594
1 0.5 0.199699 1 0.399397 0.00819885
1 0.863094 0.284454 0.193612 0.22081 0.00795528
1 0.392864 0.0589572 0.782598 0.116897 0.00792538
1 0.869793 0.36501 0.0979411 0.074131 0.00790647
1 0.37607 0.340901 0.567678 0.556727 0.00760498
1 0.842894 0.358736 0.147858 0.0797437 0.00745922
1 0.640755 0.494749 0.702603 0.879872 0.00733177
1 0.109929 0.424761 0.219857 0.849521 0.00696601
1 0.458123 0.933592 0.916246 0.132816 0.00683745
2 0.790911 0.160888 0.362228 0.147789 0.0065368
2 0.785482 0.191247 0.355662 0.207346 0.0065286
1 0.758749 0.0942196 0.439688 0.188439 0.0064921
1 0.377573 0.87997 0.755146 0.233682 0.00617137
0 0.877287 0.838416 0.188947 0.0813345 0.00573509
1 0.627542 0.0680297 0.685306 0.136059 0.00572998
0 0.865775 0.82837 0.169437 0.0597427 0.00545063
1 0.674337 0.901268 0.531979 0.197174 0.00498974
0 0.883627 0.646349 0.042734 0.0555705 0.00487687
0 0.987269 0.325869 0.0254627 0.103444 0.00486913
1 0.156568 0.409908 0.312603 0.819817 0.00483909
1 0.340751 0.245021 0.681503 0.489335 0.00469307
1 0.130789 0.0721715 0.261578 0.144008 0.00464717
2 0.184104 0.446001 0.0454975 0.0310076 0.00455962
1 0.350316 0.367365 0.690678 0.682314 0.00451481
2 0.355261 0.875418 0.706516 0.244531 0.00445633
2 0.881654 0.360448 0.0885699 0.0765479 0.00445287
2 0.57167 0.961176 0.442951 0.0754482 0.0043993
1 0.552501 0.586126 0.894147 0.827116 0.00428234
1 0.748848 0.0636694 0.445215 0.127339 0.00427224
0 0.794055 0.0988364 0.409717 0.191107 0.00419805
2 0.682319 0.0602958 0.5155 0.120592 0.00398484
2 0.532 0.0574801 0.791274 0.11496 0.00395119
2 0.319632 0.904258 0.639264 0.191484 0.00361711
1 0.170438 0.451723 0.091337 0.101748 0.00355139
2 0.62277 0.960737 0.0894331 0.060384 0.00350926
0 0.156094 0.474605 0.0491823 0.0481319 0.00349737
1 0.0906396 0.130756 0.181279 0.140634 0.0034952
0 0.548492 0.95806 0.187842 0.0823591 0.00348305
1 0.182173 0.474831 0.107921 0.0946162 0.00348169
2 0.881443 0.359298 0.0688357 0.0682554 0.00347344
0 0.517709 0.685453 0.951771 0.629095 0.00346901
0 0.80815 0.0616582 0.375332 0.123316 0.00346109
0 0.791298 0.2425 0.417403 0.322272 0.00345395
0 0.985956 0.35302 0.0267868 0.0565633 0.00343592
0 0.891388 0.236496 0.118491 0.10796 0.0034328
0 0.892285 0.825983 0.21304 0.325207 0.00341762
1 0.887099 0.234776 0.144351 0.111232 0.00341432
0 0.787704 0.387814 0.420129 0.62601 0.0033954
2 0.208091 0.879969 0.410083 0.234512 0.00334868
0 0.718785 0.884405 0.56243 0.230176 0.0032774
0 0.848735 0.0960158 0.302531 0.189655 0.00325493
0 0.779494 0.18335 0.441012 0.241019 0.00324414
1 0.734889 0.160171 0.269652 0.148566 0.00323161
2 0.183263 0.90681 0.365366 0.18638 0.00318706
2 0.886996 0.872842 0.222046 0.211494 0.00317423
1 0.650813 0.765285 0.695042 0.44697 0.0031555
2 0.90594 0.0600799 0.188121 0.12016 0.00314323
2 0.862908 0.89168 0.268461 0.198031 0.00308758
2 0.730961 0.898419 0.530525 0.19905 0.00303139
0 0.320309 0.681264 0.626133 0.628729 0.00298319
2 0.15558 0.472955 0.0531207 0.0495886 0.00297942
1 0.933058 0.52369 0.131157 0.816996 0.00296357
0 0.205005 0.396111 0.407472 0.792222 0.00295636
0 0.878548 0.894126 0.242075 0.208409 0.00295418
0 0.213384 0.708561 0.383467 0.570469 0.00295162
1 0.0859104 0.102865 0.170654 0.205731 0.0029267
2 0.100899 0.900255 0.201797 0.199491 0.00290905
0 0.145171 0.441383 0.204456 0.582934 0.00290751
1 0.0616054 0.892081 0.123211 0.215839 0.00285641
1 0.243201 0.672603 0.478859 0.646377 0.00284748
0 0.837756 0.465641 0.320372 0.806767 0.00283481
0 0.938507 0.600647 0.122985 0.689183 0.00281262
1 0.379421 0.780206 0.747918 0.425183 0.00280904
2 0.840699 0.90721 0.318602 0.18558 0.0027874
2 0.180123 0.451155 0.0616423 0.0457026 0.00277592
0 0.192707 0.749159 0.0487378 0.0400892 0.00277329
2 0.0454788 0.840559 0.0909576 0.318882 0.00276727
1 0.707293 0.819448 0.585414 0.330551 0.00275839
1 0.916752 0.745198 0.166496 0.482086 0.00274598
2 0.927202 0.500051 0.143596 0.841637 0.0027332
2 0.843803 0.611299 0.312395 0.734919 0.00272554
2 0.0908919 0.872865 0.174093 0.25427 0.00272215
1 0.452269 0.737823 0.800427 0.514328 0.00272077
0 0.743543 0.814836 0.512914 0.356348 0.00271878
2 0.78545 0.235117 0.4291 0.339548 0.00270597
1 0.584471 0.793245 0.814699 0.351695 0.00268891
0 0.677147 0.147192 0.139867 0.11744 0.00267657
0 0.932881 0.713547 0.134238 0.515766 0.00267303
0 0.160337 0.323046 0.298788 0.619863 0.00265325
0 0.655494 0.495448 0.66528 0.8911 0.00263048
0 0.984454 0.353145 0.0310915 0.105888 0.00258414
2 0.183527 0.463342 0.225107 0.073893 0.00258181
0 0.162822 0.477143 0.216912 0.106371 0.00256631
0 0.246884 0.772647 0.481136 0.447831 0.00256369
0 0.0683549 0.664232 0.135873 0.658084 0.00254385
0 0.929448 0.0180669 0.138051 0.0361149 0.00253964
2 0.322657 0.809579 0.629308 0.374708 0.00252211
0 0.0959443 0.675824 0.184022 0.581568 0.00248964
2 0.0505121 0.780269 0.101024 0.439462 0.0024868
0 0.134896 0.675922 0.239639 0.648156 0.00248048
0 0.904596 0.776282 0.190808 0.428738 0.00245959
0 0.109306 0.615525 0.203431 0.764678 0.0024349
0 0.0581505 0.753932 0.115844 0.492137 0.00242873
0 0.833774 0.666442 0.332453 0.634697 0.00242796
2 0.209585 0.79512 0.419169 0.402401 0.00242085
0 0.1823 0.446143 0.0454635 0.0323772 0.00241852
1 0.784632 0.222519 0.368986 0.184583 0.00241646
1 0.249621 0.805753 0.490415 0.379042 0.00236892
0 0.870953 0.848207 0.254447 0.104286 0.00236688
2 0.113874 0.789786 0.219929 0.398924 0.00233773
1 0.243799 0.463874 0.250411 0.0762201 0.00233372
2 0.0874655 0.816644 0.173879 0.361145 0.00233135
0 0.129173 0.757305 0.244375 0.440797 0.00232193
0 0.986489 0.357097 0.026591 0.0394116 0.00218742
2 0.881424 0.235806 0.153322 0.110024 0.0021705
0 0.447259 0.520039 0.135898 0.143581 0.00215025
0 0.896289 0.640813 0.0739867 0.0852013 0.00210221
0 0.739947 0.0146315 0.1327 0.0292503 0.00207705
1 0.129499 0.0505618 0.258998 0.101124 0.00203297
0 0.98757 0.3178 0.0248599 0.180451 0.00203199
0 0.874127 0.235097 0.0833387 0.11131 0.00200796
1 0.832892 0.329255 0.168853 0.13937 0.00197968
0 0.927296 0.0492045 0.142919 0.0984089 0.00192461
0 0.88828 0.826788 0.0817375 0.0572214 0.00192221
0 0.840822 0.639554 0.129907 0.0762058 0.00190556
0 0.983196 0.369395 0.0336081 0.139645 0.00189176
1 0.914314 0.395783 0.169098 0.165518 0.00186416
1 0.197523 0.487691 0.146487 0.118862 0.00185444
2 0.916474 0.356911 0.166346 0.119915 0.00185294
0 0.93571 0.0379967 0.128581 0.0758861 0.00184594
0 0.732226 0.0112774 0.101449 0.0225548 0.00182862
1 0.117063 0.481524 0.234126 0.117231 0.00181655
0 0.75423 0.0161967 0.171845 0.0323919 0.00180381
0 0.85593 0.0189613 0.242666 0.0379227 0.00179754
1 0.788807 0.283302 0.334733 0.237437 0.00179568
1 0.686491 0.154254 0.213749 0.155028 0.00175915
1 0.890429 0.386087 0.130671 0.125555 0.00173855
2 0.035153 0.131218 0.0685406 0.157035 0.0017284
1 0.170189 0.430089 0.104907 0.142752 0.00171533
0 0.985258 0.336564 0.0294834 0.0836498 0.00166903
0 0.906432 0.0432067 0.187136 0.0864135 0.00163781
0 0.985264 0.354369 0.0279147 0.0817249 0.00160983
0 0.602905 0.963983 0.447401 0.0720331 0.00160668
1 0.857234 0.377905 0.154613 0.110366 0.00156976
0 0.930473 0.0179357 0.0524515 0.034491 0.00155503
1 0.131155 0.0468793 0.26231 0.0937587 0.00152977
2 0.980186 0.39724 0.0396281 0.172673 0.00151179
1 0.920585 0.348014 0.157991 0.102498 0.00150505
1 0.924336 0.0814545 0.149691 0.161839 0.0015009
0 0.812948 0.987248 0.151401 0.0255038 0.00149818
0 0.854922 0.235118 0.208791 0.115927 0.00149567
0 0.987652 0.361484 0.0244019 0.172735 0.00148585
2 0.939224 0.0612983 0.121551 0.118988 0.00148512
1 0.890847 0.871701 0.218305 0.147759 0.00145715
0 0.456138 0.500237 0.154732 0.143996 0.00145256
2 0.0856479 0.152151 0.169725 0.295692 0.00143927
1 0.090686 0.170857 0.18021 0.268629 0.00142382
0 0.636154 0.97389 0.437293 0.05222 0.00141501
2 0.937666 0.0190187 0.124667 0.0380375 0.00141454
0 0.887784 0.637046 0.0533342 0.0746978 0.00139148
1 0.928552 0.412854 0.142325 0.210533 0.00138814
0 0.177608 0.467493 0.0590041 0.0829864 0.00138609
0 0.471419 0.528741 0.17769 0.169878 0.00138024
0 0.705173 0.985435 0.329255 0.0291309 0.00136582
2 0.899432 0.341724 0.0297358 0.0309362 0.00135833
0 0.621913 0.963016 0.0968173 0.0638725 0.00134204
0 0.886681 0.864957 0.225364 0.14313 0.00132876
1 0.108019 0.261771 0.216039 0.370854 0.00132007
1 0.152582 0.101388 0.305163 0.202775 0.00129633
0 0.516576 0.56574 0.281427 0.20333 0.00129101
2 0.524821 0.959193 0.130718 0.0794361 0.00128531
0 0.902264 0.825163 0.050119 0.0524067 0.00128069
0 0.776939 0.0200152 0.222595 0.0400304 0.00127993
0 0.532874 0.946334 0.168736 0.100904 0.00125658
0 0.771964 0.026743 0.192207 0.0513423 0.00125538
0 0.670068 0.96108 0.52346 0.0778391 0.00125267
0 0.889213 0.614621 0.0450931 0.0314999 0.00124907
1 0.483882 0.958696 0.41017 0.080241 0.00124812
1 0.835009 0.385449 0.185785 0.133647 0.00124482
1 0.471323 0.956805 0.244469 0.0863897 0.00123483
2 0.0914398 0.139748 0.18288 0.126126 0.00123014
2 0.543484 0.536471 0.328282 0.169187 0.00120319
2 0.0832269 0.103871 0.164859 0.207743 0.00119319
2 0.97238 0.452396 0.0552398 0.277079 0.00118974
2 0.0340729 0.145791 0.0673135 0.109083 0.00118354
1 0.085431 0.512136 0.170862 0.198208 0.00118148
1 0.908853 0.0633571 0.182294 0.126503 0.00118109
2 0.2716 0.515903 0.324628 0.180121 0.0011782
2 0.237638 0.446691 0.231778 0.114246 0.00117675
1 0.191621 0.119468 0.383243 0.238148 0.00116984
0 0.561595 0.562397 0.364527 0.132954 0.00116969
0 0.925974 0.633787 0.146541 0.180445 0.00116299
1 0.151372 0.017792 0.219211 0.035355 0.00114823
1 0.578614 0.52869 0.0951449 0.15175 0.00113775
2 0.944704 0.0889761 0.110593 0.166611 0.00112464
2 0.577255 0.951836 0.290007 0.0963286 0.00111968
0 0.909773 0.653472 0.167197 0.112742 0.00111802
0 0.668034 0.0107147 0.180567 0.0214295 0.00110932
2 0.979861 0.675095 0.0402771 0.11182 0.00110925
0 0.713439 0.14266 0.144504 0.111786 0.00110888
2 0.982062 0.320573 0.0358766 0.105281 0.00110796
0 0.190867 0.742702 0.0610165 0.0643614 0.00110546
0 0.892793 0.804698 0.214414 0.102201 0.00110048
0 0.983409 0.142903 0.0331817 0.0958557 0.00109655
1 0.866851 0.810435 0.170428 0.0863354 0.00108825
1 0.801522 0.304051 0.237322 0.195 0.00108766
1 0.623684 0.957542 0.088116 0.0530731 0.00108754
0 0.690032 0.959078 0.381639 0.0801063 0.00108535
1 0.1128 0.495218 0.225601 0.221034 0.00107352
1 0.203661 0.506621 0.16043 0.159767 0.00107221
0 0.829485 0.040498 0.341029 0.080996 0.00106979
1 0.22617 0.462574 0.45234 0.0801676 0.00106918
0 0.732518 0.128526 0.254213 0.118509 0.00106825
2 0.074645 0.196831 0.147367 0.332855 0.00106084
2 0.97779 0.693124 0.04442 0.134322 0.00105545
2 0.799483 0.0346597 0.349313 0.0693195 0.00105201
0 0.980295 0.183861 0.03941 0.162198 0.00105152
1 0.108665 0.45673 0.21733 0.19918 0.00104995
2 0.087661 0.982178 0.153238 0.0356435 0.00104531
1 0.175057 0.503483 0.181718 0.154644 0.00104304
1 0.750268 0.198322 0.449088 0.190582 0.00103957
2 0.894692 0.248797 0.14044 0.140456 0.00103572
2 0.930528 0.482649 0.137585 0.339292 0.00103126
0 0.798842 0.951328 0.402316 0.097345 0.00103083
0 0.110881 0.724891 0.221763 0.274039 0.00102903
0 0.0611731 0.50263 0.122346 0.156717 0.00102621
0 0.914283 0.104469 0.171435 0.208938 0.00102425
1 0.803564 0.362989 0.233807 0.095513 0.00102187
0 0.897125 0.825855 0.205749 0.116303 0.00102042
2 0.978539 0.652278 0.0429212 0.104613 0.00101899
0 0.730349 0.0310562 0.224893 0.0581885 0.00101464
0 0.601453 0.0132234 0.217541 0.0264468 0.00101436
0 0.620667 0.948401 0.420784 0.103199 0.00101341
2 0.223732 0.468844 0.335841 0.0905374 0.00101208
0 0.568333 0.0152297 0.239511 0.0304593 0.00101111
0 0.742034 0.935081 0.396782 0.129837 0.00100759
1 0.49097 0.549454 0.268112 0.109795 0.00100479
1 0.206932 0.406059 0.177828 0.189941 0.00100342
1 0.929559 0.130676 0.140124 0.261353 0.0010012
0 0.64701 0.148572 0.219525 0.162942 0.000999352
0 0.233467 0.897935 0.357212 0.20413 0.000996829
0 0.637761 0.0113114 0.1975 0.0226228 0.000992529
2 0.918188 0.433341 0.155023 0.189377 0.000991161
1 0.111752 0.117754 0.223504 0.159749 0.000985587
2 0.0671064 0.51702 0.132968 0.419193 0.000985493
2 0.390294 0.0461877 0.547512 0.0919441 0.00098458
0 0.661982 0.935685 0.421232 0.128609 0.000983077
0 0.824128 0.926146 0.283367 0.147708 0.000982963
2 0.237018 0.534703 0.342096 0.211635 0.000980224
