2 0.549148 0.505068 0.901704 0.989863 0.758314
1 0.154675 0.0792411 0.307748 0.158482 0.143844
1 0.22407 0.0763933 0.44814 0.152787 0.0722433
2 0.655098 0.541568 0.686176 0.916865 0.0718714
1 0.134213 0.108511 0.268426 0.213955 0.0454107
1 0.0685176 0.106849 0.137035 0.21203 0.0404185
1 0.0488334 0.0949909 0.0976669 0.189982 0.0339714
1 0.102796 0.0657754 0.205592 0.131551 0.0301492
1 0.267196 0.372932 0.534391 0.740101 0.0251943
1 0.28139 0.204133 0.56278 0.405565 0.0245832
2 0.0521391 0.119518 0.104278 0.239037 0.0213412
2 0.830347 0.539828 0.339154 0.920345 0.0197268
1 0.054162 0.132279 0.108324 0.264558 0.019443
2 0.260977 0.485535 0.521953 0.971071 0.0186809
1 0.329796 0.0767745 0.651679 0.151558 0.0182089
1 0.0744796 0.0750531 0.148959 0.150106 0.0175499
1 0.41599 0.531165 0.677585 0.937669 0.0175077
1 0.13527 0.0648512 0.270541 0.129702 0.016286
2 0.215371 0.647019 0.173328 0.269254 0.0157427
2 0.0574159 0.0786257 0.114832 0.157251 0.0156437
2 0.790995 0.840463 0.415449 0.319074 0.0152245
2 0.685289 0.809916 0.626234 0.380168 0.0150234
2 0.415186 0.5 0.58072 1 0.0127626
2 0.39304 0.486529 0.78608 0.969096 0.0127011
1 0.382319 0.187076 0.758359 0.371418 0.0113679
2 0.581547 0.845537 0.83515 0.308926 0.0100768
2 0.0167263 0.0773447 0.0327899 0.154689 0.0094849
2 0.165633 0.876565 0.300476 0.245646 0.0081186
2 0.826535 0.924926 0.34488 0.150148 0.00781173
2 0.842834 0.851728 0.312568 0.296544 0.00762199
2 0.953111 0.53252 0.0937775 0.925356 0.00735557
2 0.532365 0.0819325 0.934403 0.161976 0.00727402
2 0.442288 0.813848 0.850693 0.372305 0.00726397
1 0.0499341 0.223546 0.0991282 0.446481 0.00711668
2 0.575926 0.77573 0.845024 0.44854 0.00709145
1 0.910349 0.25162 0.179211 0.292113 0.00685592
2 0.520894 0.0949176 0.594351 0.189776 0.00666524
2 0.388918 0.86805 0.739998 0.263115 0.00645787
2 0.0619179 0.896727 0.123363 0.200058 0.00641355
2 0.3561 0.0823246 0.607904 0.164649 0.0063949
1 0.539478 0.855965 0.921045 0.28807 0.00635601
1 0.081726 0.152716 0.162334 0.305432 0.00606679
2 0.0557941 0.0569229 0.110338 0.113846 0.00601909
2 0.520456 0.172164 0.958911 0.338254 0.00586707
1 0.943599 0.436442 0.112802 0.640601 0.0055602
1 0.285577 0.515956 0.56426 0.967246 0.00555264
2 0.322093 0.94612 0.62465 0.107536 0.00552912
1 0.0925117 0.0935022 0.184242 0.187004 0.00552315
1 0.761896 0.105513 0.467554 0.211027 0.00544328
2 0.934683 0.366852 0.130466 0.516727 0.00536726
2 0.506054 0.297805 0.975459 0.590881 0.00526423
1 0.962441 0.427218 0.0751173 0.605161 0.00523813
2 0.536917 0.698798 0.926166 0.596375 0.00513344
1 0.812728 0.128961 0.374544 0.244495 0.00506956
2 0.282364 0.957581 0.544377 0.0837265 0.00480051
2 0.615889 0.168099 0.764119 0.228865 0.00477483
1 0.509655 0.535968 0.961141 0.928064 0.00468232
2 0.703598 0.0828877 0.551208 0.165775 0.00459099
2 0.612669 0.227304 0.772617 0.35144 0.00456497
2 0.846156 0.252455 0.306861 0.311383 0.00452008
2 0.82978 0.218632 0.340441 0.228274 0.00440372
2 0.445507 0.629585 0.830655 0.737871 0.0043889
2 0.929976 0.433529 0.139999 0.6988 0.00437739
1 0.81019 0.0924399 0.37962 0.18488 0.00436768
2 0.301486 0.884186 0.58907 0.230866 0.00435759
1 0.156322 0.143713 0.307152 0.287427 0.00434405
2 0.520688 0.88502 0.939798 0.22996 0.00432982
2 0.83763 0.391153 0.324599 0.594754 0.00431831
2 0.212343 0.697818 0.170693 0.176453 0.00428191
2 0.972125 0.291797 0.0557493 0.360833 0.0042355
1 0.857458 0.146199 0.282244 0.278273 0.00421791
0 0.303019 0.5 0.606038 1 0.0040865
2 0.716931 0.255257 0.562835 0.328503 0.00402501
2 0.430789 0.200378 0.861578 0.398944 0.00397043
1 0.228564 0.649926 0.419186 0.698831 0.00396597
2 0.0365832 0.0771809 0.0731663 0.154362 0.0038826
1 0.860305 0.0979013 0.278967 0.195803 0.0038571
1 0.930459 0.102622 0.139082 0.205243 0.00380671
2 0.222467 0.927819 0.435942 0.140746 0.00373379
2 0.751569 0.71317 0.494395 0.569687 0.00367328
1 0.979072 0.254059 0.041856 0.303612 0.00363648
2 0.382785 0.419983 0.294292 0.422552 0.00362413
2 0.872757 0.317186 0.253436 0.471432 0.00361214
1 0.918371 0.149146 0.163258 0.285997 0.0036016
1 0.920644 0.211236 0.158009 0.207795 0.00350976
0 0.156029 0.628557 0.311182 0.73966 0.00348941
1 0.895764 0.922215 0.208421 0.153982 0.00340335
2 0.126478 0.889777 0.247482 0.220446 0.00331799
0 0.194306 0.5 0.386652 1 0.00326239
2 0.189473 0.962659 0.364917 0.0725489 0.0032338
0 0.120555 0.674454 0.233349 0.644238 0.00322468
2 0.948297 0.734479 0.103405 0.179751 0.00320839
2 0.908772 0.803689 0.181408 0.392622 0.0032015
2 0.891897 0.268969 0.213435 0.345076 0.00320096
2 0.0355634 0.197352 0.0708898 0.394704 0.00318084
2 0.927937 0.632374 0.143642 0.725388 0.00308077
0 0.512641 0.765262 0.974718 0.469475 0.00306816
0 0.040198 0.972749 0.080396 0.0545012 0.00303639
2 0.929529 0.941659 0.140943 0.112681 0.0030246
0 0.504779 0.623068 0.966487 0.753864 0.00300237
0 0.0681958 0.51571 0.136392 0.951507 0.00291199
2 0.0522811 0.795127 0.104147 0.409745 0.00290089
1 0.192881 0.061437 0.385762 0.122874 0.00286798
0 0.0576536 0.716626 0.11477 0.566748 0.00285337
2 0.828488 0.891964 0.271296 0.213889 0.00284585
0 0.245272 0.700644 0.482987 0.598711 0.00283178
0 0.0466188 0.463322 0.0908374 0.921297 0.00279248
0 0.0812019 0.639344 0.161967 0.709207 0.0027494
0 0.128744 0.532479 0.256882 0.935042 0.00273308
2 0.0775096 0.857676 0.155019 0.284649 0.00270999
2 0.1208 0.517047 0.241599 0.965906 0.0026787
1 0.912302 0.965237 0.175396 0.0695265 0.00266335
0 0.0187775 0.113664 0.0371358 0.227327 0.00265986
1 0.125892 0.904939 0.251785 0.187754 0.00260373
2 0.973716 0.721581 0.0521083 0.227224 0.00252746
0 0.0793719 0.729238 0.158744 0.311734 0.00246031
1 0.210975 0.682447 0.168815 0.217557 0.0024545
0 0.15736 0.876257 0.309218 0.247487 0.00243563
0 0.348308 0.64835 0.666384 0.702085 0.00241742
1 0.416629 0.132069 0.184567 0.264138 0.00241641
2 0.97775 0.727143 0.044248 0.184611 0.00240352
1 0.881656 0.216058 0.236689 0.21557 0.00240023
1 0.959629 0.51793 0.0795895 0.350709 0.00239965
2 0.964408 0.537501 0.0711847 0.269615 0.00238198
1 0.161236 0.228397 0.321409 0.445451 0.00237735
2 0.0130896 0.104494 0.0261791 0.208987 0.00235178
0 0.0928012 0.495155 0.185602 0.990311 0.00234343
1 0.192851 0.890578 0.385701 0.218845 0.00229031
1 0.960276 0.606608 0.0785288 0.432151 0.00222724
1 0.96488 0.549429 0.0702396 0.274165 0.00221197
2 0.212798 0.954617 0.289212 0.0907653 0.00220029
1 0.168007 0.0570879 0.298401 0.113658 0.00217264
1 0.927625 0.388769 0.14475 0.537248 0.00215246
1 0.830995 0.891724 0.33801 0.215313 0.00214558
1 0.957353 0.672951 0.0852949 0.536861 0.00213397
1 0.789267 0.226294 0.242606 0.243962 0.00207582
2 0.667226 0.561342 0.258091 0.337387 0.00205085
2 0.942071 0.810046 0.115857 0.319382 0.00199024
1 0.906903 0.949922 0.186194 0.100155 0.00195101
1 0.937385 0.823827 0.124961 0.352345 0.00195053
0 0.0252498 0.40241 0.0500226 0.174626 0.00193808
2 0.411369 0.140547 0.192052 0.281093 0.00191403
1 0.754508 0.218921 0.199052 0.227 0.00189201
2 0.0867144 0.047636 0.104185 0.0952719 0.0018781
2 0.253564 0.874622 0.303542 0.250757 0.00179877
0 0.0699476 0.310751 0.139013 0.341858 0.00177729
1 0.0290071 0.178954 0.0580142 0.357909 0.001777
1 0.57553 0.934496 0.342497 0.128303 0.0017756
2 0.955775 0.888463 0.0884496 0.223073 0.00175988
2 0.106639 0.0407188 0.177991 0.0808593 0.00175139
1 0.24673 0.0671813 0.33377 0.134363 0.00171539
2 0.978425 0.706137 0.0429611 0.278917 0.00171335
0 0.0535226 0.897489 0.107013 0.19627 0.00170322
1 0.963925 0.22076 0.0721503 0.239191 0.00165905
0 0.0793709 0.792487 0.158742 0.405065 0.00165805
1 0.939466 0.742906 0.120081 0.20493 0.0016555
0 0.0322843 0.958116 0.0642748 0.0837687 0.00164043
2 0.644779 0.330172 0.242139 0.357732 0.00163742
2 0.0210481 0.0548058 0.0420961 0.109612 0.00162748
0 0.0273847 0.897542 0.0538562 0.188116 0.00160533
1 0.186947 0.0319257 0.291054 0.0633954 0.0016022
1 0.846065 0.933498 0.307869 0.131198 0.00157392
2 0.967464 0.170693 0.0642212 0.156681 0.00156596
2 0.963126 0.139483 0.0737482 0.186651 0.00156571
1 0.361989 0.12976 0.260663 0.25952 0.00156329
0 0.0277773 0.854487 0.0544971 0.206967 0.00155571
1 0.866262 0.96898 0.255137 0.06204 0.00155094
1 0.199575 0.748004 0.210209 0.315404 0.00154722
2 0.027472 0.24817 0.0539344 0.496339 0.00153256
1 0.323603 0.157879 0.284997 0.315758 0.00148036
0 0.0637771 0.965158 0.127554 0.0696848 0.00145934
0 0.0914718 0.64096 0.182944 0.477763 0.00145786
2 0.287224 0.970408 0.229099 0.0591845 0.00145564
2 0.967574 0.961297 0.0640053 0.0774066 0.00144961
1 0.680602 0.573713 0.288135 0.378541 0.00144863
0 0.0670444 0.350077 0.134007 0.245942 0.00144467
1 0.212362 0.170841 0.424723 0.341682 0.00144359
1 0.932252 0.189594 0.132842 0.159697 0.00144244
1 0.931228 0.88506 0.136663 0.224487 0.00143397
1 0.943802 0.6602 0.11101 0.351715 0.00141776
2 0.190114 0.910203 0.30808 0.179593 0.00141559
0 0.0366513 0.986273 0.0733027 0.0257782 0.00141484
0 0.0150152 0.140228 0.0288801 0.280455 0.00140577
1 0.22208 0.0235032 0.251707 0.0468694 0.00140503
2 0.0784198 0.0402178 0.147399 0.0804357 0.00139411
1 0.724002 0.217906 0.159017 0.170073 0.00139296
2 0.644091 0.0569329 0.265537 0.113212 0.00139192
1 0.966735 0.167767 0.0665307 0.123552 0.00138938
2 0.951259 0.0470308 0.0974827 0.0940616 0.00137837
0 0.607772 0.865753 0.225778 0.268494 0.0013767
1 0.945171 0.113358 0.109161 0.226716 0.00137586
2 0.959011 0.0793698 0.0819781 0.156841 0.00137293
1 0.237676 0.715058 0.21111 0.248108 0.001349
2 0.0683108 0.184828 0.136622 0.369655 0.00133865
2 0.165604 0.036541 0.169597 0.0709399 0.00132861
0 0.0699376 0.67241 0.139213 0.464428 0.00132653
2 0.427185 0.175787 0.229903 0.351574 0.00132104
0 0.092074 0.517306 0.184148 0.357057 0.00131731
1 0.784975 0.305253 0.230011 0.327907 0.0013098
2 0.603383 0.948872 0.314668 0.102257 0.00130723
1 0.58661 0.966471 0.292103 0.0670579 0.0013002
2 0.634994 0.0293094 0.187765 0.0586187 0.00130002
2 0.21647 0.747714 0.207853 0.296782 0.00129332
2 0.164253 0.879281 0.172439 0.23845 0.00126696
1 0.644611 0.93672 0.411106 0.124611 0.00126537
1 0.947365 0.533396 0.103638 0.31017 0.00124782
2 0.447626 0.956303 0.217211 0.087395 0.00124473
2 0.143624 0.140254 0.287249 0.280507 0.00124183
2 0.0203854 0.128403 0.0402137 0.256806 0.00123966
1 0.801575 0.263923 0.227407 0.320891 0.00122732
0 0.0181449 0.2316 0.0359231 0.199851 0.00121463
1 0.646682 0.564578 0.213517 0.335165 0.00120926
2 0.972263 0.900015 0.0553341 0.19997 0.00119513
2 0.270351 0.0276266 0.204471 0.0552533 0.00118036
1 0.619328 0.369407 0.268348 0.413927 0.00116612
1 0.771226 0.202597 0.255852 0.174579 0.00115174
2 0.381605 0.94915 0.314575 0.1017 0.00114729
0 0.919751 0.0409092 0.15778 0.0818185 0.00114234
1 0.647871 0.304522 0.230028 0.325374 0.00113578
0 0.932098 0.0661168 0.134834 0.132234 0.00112827
2 0.670423 0.937571 0.435125 0.124859 0.00112588
1 0.839528 0.251707 0.264265 0.289785 0.00111442
2 0.0719174 0.439881 0.143835 0.230582 0.00111375
2 0.964576 0.42895 0.0707813 0.322392 0.00111365
0 0.070962 0.399783 0.140009 0.210082 0.00111142
2 0.253394 0.814228 0.307793 0.371544 0.00110481
1 0.606341 0.867514 0.242193 0.264972 0.0011048
2 0.96758 0.723572 0.0642151 0.185675 0.001102
1 0.640331 0.921245 0.181023 0.152021 0.00110076
2 0.251776 0.058056 0.365409 0.116112 0.00110062
2 0.871791 0.019355 0.159146 0.03871 0.00109227
2 0.966865 0.944854 0.0655319 0.108493 0.00109207
1 0.315604 0.332595 0.159285 0.291051 0.00108938
1 0.925412 0.0679874 0.149176 0.135355 0.00108815
2 0.0678436 0.391631 0.135687 0.214878 0.0010812
2 0.652416 0.0220977 0.201624 0.0441617 0.00107143
2 0.897434 0.0238342 0.165761 0.0476685 0.00106817
0 0.814008 0.188209 0.146323 0.151453 0.0010656
2 0.0467933 0.0390431 0.0935866 0.0770242 0.00106444
1 0.236429 0.870381 0.316203 0.259239 0.0010583
1 0.715645 0.596502 0.366045 0.431216 0.00105518
0 0.0661725 0.273741 0.131973 0.496013 0.00105472
1 0.263409 0.663862 0.267018 0.289105 0.00105168
1 0.821819 0.0238272 0.187223 0.0476544 0.00104796
2 0.293869 0.0206401 0.227676 0.0412129 0.00103339
0 0.614741 0.0272456 0.219451 0.0544913 0.0010302
2 0.153498 0.826479 0.11666 0.159326 0.00102746
1 0.939547 0.576498 0.119017 0.377147 0.00102371
1 0.788264 0.0262208 0.180222 0.0524417 0.00101351
2 0.763735 0.0292133 0.172913 0.0584265 0.00101325
1 0.657746 0.0807969 0.225171 0.161594 0.00100997
1 0.767027 0.912897 0.465945 0.174206 0.00100805
0 0.555043 0.870864 0.252804 0.258272 0.00100444
2 0.510332 0.162861 0.259897 0.324606 0.00100373
2 0.767728 0.0581141 0.372259 0.115778 0.00100215
1 0.838744 0.957569 0.322512 0.084862 0.00100122
1 0.194871 0.812682 0.203489 0.186304 0.000992812
2 0.247485 0.650245 0.212144 0.28539 0.00098794
1 0.709066 0.0210283 0.169053 0.0420565 0.000986626
2 0.609979 0.869405 0.236861 0.26119 0.000984976
2 0.73988 0.0244219 0.169268 0.0488439 0.00098427
1 0.931848 0.617778 0.134272 0.486018 0.000984147
1 0.849023 0.0205518 0.172472 0.0411037 0.000982764
1 0.510435 0.173472 0.260025 0.346944 0.000981758
0 0.112098 0.581707 0.221464 0.368835 0.00098127
0 0.135931 0.826735 0.0787342 0.13629 0.000978374
0 0.0733464 0.441259 0.144678 0.240795 0.000974534
0 0.788972 0.192439 0.190044 0.161721 0.000972636
0 0.373742 0.0160171 0.173847 0.0317587 0.000967269
2 0.966216 0.989129 0.0665615 0.0211484 0.000965758
1 0.473128 0.781767 0.256064 0.385327 0.000962081
0 0.269528 0.944461 0.130695 0.111078 0.000960326
0 0.666157 0.158929 0.251157 0.317857 0.000959452
2 0.13393 0.827927 0.0812643 0.140946 0.000958612
0 0.629162 0.749485 0.170477 0.20628 0.000956322
2 0.358227 0.964066 0.318135 0.0718676 0.000955224
1 0.925435 0.472804 0.14649 0.464827 0.000952312
1 0.889142 0.0554529 0.221716 0.109896 0.000950193
0 0.0705375 0.579489 0.140504 0.551266 0.000943841
2 0.984589 0.15805 0.0303764 0.296313 0.00094293
0 0.0127537 0.859152 0.0252368 0.144169 0.000940628
2 0.869031 0.0530265 0.261939 0.105013 0.000939498
0 0.427353 0.219119 0.203311 0.43483 0.000936974
1 0.728049 0.268371 0.171022 0.297093 0.000936288
0 0.0118504 0.240068 0.02309 0.199877 0.000935005
0 0.901972 0.179602 0.192503 0.147899 0.000934192
0 0.0706837 0.358427 0.129521 0.15726 0.000932959
2 0.29188 0.842839 0.282001 0.314321 0.000932715
0 0.0154393 0.412521 0.0306373 0.206891 0.000925651
1 0.432016 0.26748 0.231326 0.531702 0.00092515
1 0.700595 0.229608 0.142605 0.16249 0.00092402
0 0.0148313 0.853529 0.0293105 0.230378 0.000923757
1 0.702261 0.298268 0.178064 0.304965 0.00092328
0 0.836784 0.17053 0.135202 0.130918 0.000922668
1 0.835348 0.335472 0.244693 0.324298 0.000921404
0 0.113408 0.666067 0.214769 0.410321 0.000919775
2 0.647091 0.39953 0.259263 0.489058 0.000917818
1 0.28286 0.325507 0.163679 0.298503 0.00091522
0 0.464231 0.840826 0.257176 0.318348 0.000913341
2 0.695483 0.0632776 0.395019 0.126555 0.000909956
