1 0.481821 0.491346 0.363852 0.758972 0.983768
1 0.0751384 0.702908 0.150277 0.594184 0.798982
1 0.487072 0.603292 0.355664 0.485931 0.0555399
1 0.511878 0.655248 0.301182 0.381919 0.0301597
1 0.373003 0.558544 0.746006 0.882313 0.0154431
1 0.0811303 0.59705 0.158395 0.765904 0.0132503
1 0.469526 0.379 0.330646 0.518241 0.00844333
1 0.517183 0.0610977 0.544557 0.122195 0.00818191
2 0.361385 0.551349 0.72277 0.897302 0.00679355
1 0.440509 0.0507788 0.5413 0.101558 0.00669851
2 0.0753557 0.591135 0.149054 0.806773 0.00656379
2 0.0771391 0.69685 0.154242 0.53117 0.00615939
1 0.361881 0.0611064 0.55039 0.122213 0.005918
1 0.443982 0.0685592 0.739937 0.13703 0.00557898
0 0.799696 0.0469662 0.0759329 0.0939324 0.00556126
2 0.782247 0.529701 0.43394 0.905729 0.0055244
2 0.0650134 0.786374 0.129928 0.427252 0.00537617
2 0.645542 0.584902 0.699227 0.801084 0.00531137
1 0.499657 0.714728 0.322232 0.52193 0.00526551
2 0.853093 0.07264 0.270503 0.14528 0.00513253
1 0.618861 0.599992 0.707716 0.791642 0.0051275
2 0.799492 0.0473112 0.0759547 0.0946224 0.00504424
2 0.946992 0.558791 0.106016 0.843699 0.00497043
1 0.0771801 0.579939 0.152589 0.301551 0.00488882
2 0.383447 0.338353 0.766894 0.67443 0.00482321
1 0.270632 0.0581781 0.448178 0.116356 0.00477537
2 0.823601 0.0569809 0.286222 0.113962 0.00474047
1 0.428295 0.280955 0.416238 0.329284 0.00470048
1 0.960512 0.69517 0.0789765 0.593608 0.00465393
1 0.373397 0.330525 0.71441 0.477094 0.00450929
2 0.109372 0.698031 0.218745 0.600568 0.00436391
1 0.643823 0.0617587 0.552997 0.122914 0.00435907
0 0.760117 0.0556245 0.351951 0.111249 0.00424017
1 0.411239 0.148936 0.822478 0.290292 0.0042138
1 0.381518 0.215989 0.761567 0.428658 0.00418285
2 0.961251 0.473259 0.0773128 0.890879 0.00416109
1 0.411584 0.351971 0.823168 0.692581 0.00414758
1 0.450613 0.310804 0.532014 0.386859 0.00410321
1 0.96273 0.794386 0.0745394 0.404123 0.00396951
1 0.103657 0.774611 0.20426 0.450778 0.00395868
1 0.16556 0.0556164 0.328523 0.110875 0.00394071
1 0.959298 0.543196 0.0814044 0.890586 0.00387312
1 0.0549986 0.0651918 0.109997 0.12893 0.00373646
2 0.792506 0.07076 0.414988 0.138049 0.00362297
1 0.0844214 0.0603098 0.168843 0.120462 0.00359973
0 0.434134 0.963507 0.0599792 0.0443007 0.00358342
2 0.7129 0.0688795 0.543649 0.13559 0.00354382
2 0.963376 0.302435 0.07122 0.578904 0.00349645
0 0.608379 0.0685346 0.679694 0.136344 0.00345637
2 0.118956 0.52693 0.231974 0.921358 0.0034387
2 0.793619 0.2748 0.412762 0.528401 0.00339022
2 0.586215 0.501438 0.765933 0.997123 0.00338717
2 0.925705 0.088861 0.14859 0.177722 0.00334901
1 0.427367 0.235827 0.756483 0.306232 0.0033291
1 0.295073 0.07116 0.582762 0.14083 0.00330358
1 0.369845 0.211827 0.711349 0.204943 0.00328148
1 0.642547 0.767094 0.628888 0.465812 0.00325653
1 0.065101 0.760387 0.130202 0.479227 0.00324089
1 0.823701 0.0453812 0.136403 0.0907623 0.00323525
1 0.441681 0.486792 0.700637 0.767229 0.00322932
2 0.922789 0.293006 0.153286 0.558234 0.00321395
0 0.865032 0.0809108 0.267724 0.154953 0.00318794
0 0.961792 0.822895 0.076417 0.35421 0.00317916
1 0.957712 0.836728 0.0844181 0.326545 0.00317077
2 0.643455 0.3008 0.713091 0.585288 0.00316336
1 0.0733209 0.522579 0.146422 0.27123 0.00314173
1 0.117512 0.705979 0.23385 0.57872 0.00310816
1 0.517361 0.446921 0.917323 0.888084 0.0030845
0 0.189243 0.0698919 0.378486 0.137407 0.00307755
0 0.133134 0.0698483 0.266267 0.135992 0.00306317
2 0.951022 0.67474 0.0970157 0.644497 0.00305147
1 0.949643 0.737707 0.0989242 0.524586 0.00304406
2 0.52903 0.468953 0.532154 0.810059 0.00303633
2 0.941 0.441765 0.117051 0.822117 0.00303165
2 0.940689 0.168937 0.118621 0.337873 0.00303128
1 0.480107 0.284942 0.874822 0.558535 0.00302695
0 0.357922 0.63271 0.715844 0.734581 0.0030221
2 0.86183 0.530002 0.268942 0.926503 0.00300459
2 0.488391 0.489026 0.370912 0.737965 0.00298806
0 0.340852 0.667613 0.630708 0.457721 0.00294174
0 0.638689 0.152168 0.722623 0.296345 0.00291235
2 0.747849 0.197449 0.504303 0.385994 0.00291214
0 0.09156 0.0687062 0.18091 0.133 0.00289365
0 0.890895 0.24604 0.21771 0.483838 0.0028807
0 0.050663 0.101006 0.101326 0.194164 0.00287475
0 0.298021 0.555356 0.596043 0.889288 0.00287452
0 0.553903 0.41984 0.856108 0.832911 0.00285669
0 0.305843 0.218492 0.6025 0.432689 0.0028451
0 0.10307 0.148374 0.202957 0.294105 0.00281159
0 0.235997 0.162129 0.462344 0.319673 0.00279112
2 0.142855 0.698075 0.285711 0.587196 0.00278637
0 0.189802 0.14032 0.379603 0.274836 0.00276578
1 0.894938 0.840608 0.207805 0.318783 0.00276092
0 0.229395 0.610934 0.45879 0.778132 0.00274299
2 0.902727 0.65669 0.190618 0.676928 0.00273481
0 0.195863 0.277368 0.387553 0.542478 0.00273073
2 0.96759 0.784842 0.06482 0.251858 0.00267881
0 0.0495312 0.331229 0.0990624 0.654769 0.00267303
0 0.157562 0.468397 0.310668 0.910478 0.00265753
1 0.667298 0.840669 0.605489 0.318662 0.00265408
0 0.0571433 0.422505 0.112671 0.84501 0.00265126
2 0.942015 0.798577 0.115332 0.402845 0.00261426
1 0.657148 0.683221 0.609268 0.474817 0.00260769
2 0.706632 0.660319 0.586208 0.641273 0.00260351
0 0.148194 0.328481 0.296388 0.645459 0.00260182
0 0.908167 0.817571 0.183262 0.360226 0.00257406
2 0.646458 0.783397 0.679303 0.387875 0.0025692
2 0.728475 0.740955 0.543049 0.453149 0.00253957
1 0.526938 0.799935 0.404937 0.40013 0.00252695
1 0.870166 0.727192 0.259668 0.526878 0.00251141
0 0.638634 0.58817 0.707219 0.763238 0.00248536
0 0.0784727 0.378987 0.152249 0.7373 0.00247619
1 0.790847 0.858826 0.407938 0.282349 0.00247305
2 0.735353 0.807726 0.527547 0.365067 0.00247251
0 0.141946 0.602519 0.272751 0.782359 0.00245479
0 0.504546 0.710038 0.345965 0.579924 0.00245458
1 0.333762 0.838768 0.667525 0.322464 0.00244208
1 0.240736 0.668497 0.481472 0.663006 0.00239489
0 0.599394 0.536636 0.57028 0.66951 0.00236817
0 0.580459 0.587374 0.482337 0.517925 0.00236732
0 0.380911 0.658158 0.555586 0.683683 0.00235113
0 0.435746 0.9688 0.0710859 0.061751 0.00234948
1 0.338433 0.700945 0.676866 0.593753 0.00234881
0 0.496418 0.861137 0.414823 0.277726 0.00234485
0 0.380202 0.906584 0.625229 0.186832 0.00231805
0 0.352338 0.798881 0.704676 0.393133 0.00231384
0 0.866503 0.822604 0.266995 0.345602 0.00230938
0 0.230541 0.85988 0.461083 0.28024 0.00230784
2 0.218576 0.712561 0.437152 0.560833 0.00228558
1 0.864057 0.807948 0.271886 0.378987 0.00227294
0 0.194797 0.895911 0.383872 0.208177 0.00225985
0 0.934192 0.307101 0.0207771 0.0315351 0.00223314
0 0.449448 0.918271 0.493956 0.163457 0.00219841
2 0.238777 0.820122 0.476384 0.351454 0.00215392
0 0.131254 0.767875 0.261923 0.458239 0.00214493
2 0.743537 0.0469982 0.195495 0.0939965 0.0021101
2 0.971998 0.760916 0.0560032 0.193822 0.00208855
0 0.92852 0.294337 0.0376297 0.0668865 0.00202182
0 0.142362 0.904274 0.279669 0.191452 0.00201286
2 0.964008 0.831053 0.0705824 0.337895 0.00199308
1 0.0608396 0.799985 0.121679 0.400031 0.0019651
2 0.0594262 0.835592 0.117648 0.328815 0.0019187
1 0.0669349 0.847048 0.13387 0.305903 0.00189421
2 0.825357 0.0503975 0.17955 0.100795 0.00189097
1 0.753503 0.0494637 0.168019 0.0987882 0.00175542
0 0.933065 0.3042 0.0251107 0.0375926 0.0017331
0 0.7506 0.0467629 0.175247 0.0935258 0.00166182
1 0.0486762 0.894886 0.0899677 0.210228 0.0016436
0 0.458103 0.969243 0.150678 0.0615144 0.00158501
0 0.80497 0.0276789 0.087724 0.0541268 0.00158123
2 0.979672 0.730963 0.0406551 0.151697 0.00153708
2 0.041319 0.0264516 0.0826379 0.0529031 0.00153523
2 0.69598 0.0496367 0.301724 0.0992735 0.00153078
1 0.816229 0.0569872 0.112017 0.113924 0.0015154
2 0.83104 0.0770266 0.153199 0.154053 0.00146055
0 0.37455 0.372298 0.130192 0.268075 0.00140033
2 0.0217695 0.868541 0.0422645 0.262919 0.0013489
1 0.523948 0.704763 0.277998 0.28741 0.00134727
0 0.0219069 0.594404 0.0430308 0.294374 0.00134474
1 0.44978 0.0247676 0.242862 0.0495352 0.00134316
0 0.991642 0.679848 0.016715 0.217549 0.00133793
0 0.478017 0.736243 0.133112 0.196656 0.00131619
2 0.973107 0.553765 0.0537865 0.613949 0.00130826
2 0.039416 0.0391636 0.0782236 0.0783272 0.00128992
2 0.0344379 0.0235882 0.0679804 0.0471765 0.00128833
2 0.0573059 0.82535 0.113791 0.3493 0.00128366
1 0.42485 0.0211543 0.226785 0.0423087 0.00127815
1 0.802572 0.0677049 0.0855201 0.13541 0.00126459
2 0.975941 0.347524 0.048118 0.200346 0.00124502
2 0.978739 0.694268 0.0425217 0.184149 0.00123768
2 0.926529 0.299583 0.0464419 0.0627974 0.00123032
2 0.978163 0.254682 0.0436741 0.258191 0.00122579
1 0.0710393 0.458769 0.141601 0.383817 0.00122356
2 0.981655 0.312272 0.0366899 0.163171 0.0012203
2 0.829062 0.0413439 0.141074 0.0821804 0.00121591
0 0.793144 0.0433363 0.0582066 0.0851529 0.00121257
2 0.972368 0.447397 0.0552649 0.383641 0.00121089
1 0.713921 0.0708668 0.252934 0.141734 0.00120624
0 0.380526 0.417448 0.139504 0.300669 0.00119574
2 0.974297 0.275305 0.0514051 0.332746 0.00119479
0 0.527286 0.17806 0.136076 0.115465 0.00119295
2 0.981645 0.278747 0.03671 0.19767 0.00118172
2 0.49557 0.965002 0.211019 0.0668418 0.00117311
1 0.844929 0.0687389 0.310142 0.137478 0.00116007
2 0.09163 0.964575 0.18326 0.0708493 0.0011534
2 0.979992 0.643896 0.0400154 0.38532 0.00114462
1 0.475451 0.246047 0.267987 0.253828 0.00114431
0 0.383697 0.019469 0.185799 0.038938 0.00114211
0 0.406806 0.96862 0.125233 0.0570145 0.00113776
0 0.0669009 0.511074 0.133802 0.160281 0.00113397
2 0.977642 0.63832 0.0447153 0.539212 0.00113299
2 0.0566478 0.024008 0.113296 0.048016 0.00112874
1 0.0389187 0.850524 0.075993 0.298952 0.00112862
1 0.951994 0.453251 0.0948792 0.497217 0.00112849
2 0.0575046 0.928285 0.115009 0.143429 0.00111968
1 0.841958 0.0397733 0.204801 0.0787502 0.00111926
1 0.863081 0.0882147 0.273837 0.176429 0.00111779
2 0.0612825 0.0415214 0.122565 0.0830428 0.00110367
0 0.499819 0.752042 0.1892 0.185118 0.00110195
2 0.797428 0.068056 0.0898421 0.136112 0.00109705
1 0.947392 0.565508 0.104382 0.611496 0.00109491
2 0.0639836 0.0783024 0.127967 0.154965 0.00108796
2 0.975212 0.959151 0.0495761 0.0816971 0.0010821
2 0.823489 0.119613 0.148275 0.239226 0.00107734
0 0.958764 0.764736 0.0824723 0.193668 0.00107705
1 0.764942 0.0786578 0.158509 0.157316 0.00107636
1 0.497251 0.0209707 0.213524 0.0419414 0.00106908
1 0.932054 0.853385 0.135892 0.287993 0.00106832
2 0.0692164 0.435988 0.138174 0.490267 0.00106694
2 0.0690046 0.523293 0.138009 0.186089 0.00106231
2 0.95959 0.746365 0.0803631 0.350989 0.00105616
0 0.52963 0.231384 0.139544 0.222234 0.00105594
0 0.443875 0.615747 0.186396 0.378355 0.00105332
2 0.0432215 0.0509754 0.086443 0.101951 0.00104892
0 0.36058 0.167443 0.368546 0.334887 0.00104841
1 0.952835 0.361322 0.0930027 0.35658 0.0010453
1 0.94828 0.831074 0.10344 0.275531 0.00104156
2 0.509465 0.931115 0.296978 0.135071 0.00103734
1 0.723703 0.0231607 0.258222 0.0463214 0.00103408
1 0.57403 0.0249423 0.206478 0.0498847 0.00103014
1 0.947629 0.260846 0.103693 0.427654 0.00102979
2 0.941154 0.354444 0.117442 0.214021 0.00102244
2 0.939465 0.411413 0.121069 0.299142 0.00101941
0 0.486191 0.654917 0.174334 0.325414 0.00101512
2 0.73638 0.167493 0.212888 0.334986 0.00100927
0 0.392061 0.966659 0.145029 0.0666819 0.00100543
1 0.330727 0.446803 0.0330601 0.0354655 0.00100531
0 0.633724 0.983714 0.114237 0.0325718 0.00100189
1 0.926346 0.169592 0.146238 0.339103 0.000991115
2 0.496859 0.953291 0.310895 0.093417 0.000988914
2 0.934352 0.122529 0.131297 0.235975 0.000984124
0 0.491847 0.680307 0.166651 0.215893 0.00098306
0 0.52189 0.196924 0.144813 0.153794 0.000979366
1 0.966297 0.911905 0.0674068 0.175512 0.000978453
0 0.0259762 0.856088 0.0503115 0.287824 0.000978328
1 0.88396 0.0225839 0.227612 0.0450798 0.000978198
0 0.552216 0.202488 0.174962 0.168422 0.000978184
2 0.527472 0.910059 0.295586 0.177313 0.000976339
0 0.447576 0.253891 0.20788 0.234494 0.000972348
2 0.332926 0.446249 0.0395604 0.0383575 0.000970423
0 0.473282 0.648044 0.126666 0.265415 0.000963507
2 0.935591 0.4725 0.128818 0.4095 0.000960448
0 0.325839 0.177598 0.498531 0.355196 0.000959015
1 0.524226 0.232785 0.148615 0.227119 0.000957809
2 0.936159 0.244426 0.127681 0.488853 0.000957113
2 0.0322793 0.0891683 0.0631912 0.178337 0.000954818
2 0.575765 0.884064 0.208978 0.167391 0.000952928
0 0.636087 0.980903 0.156375 0.0381938 0.000951099
1 0.501828 0.929941 0.39858 0.140119 0.000950255
0 0.942879 0.808258 0.0296753 0.0408549 0.000947109
1 0.954222 0.754795 0.0915567 0.230274 0.000946293
2 0.918557 0.0654149 0.162886 0.129504 0.000945371
0 0.875309 0.86222 0.186287 0.252425 0.000945033
1 0.597997 0.0200136 0.214045 0.0400272 0.00094434
2 0.936834 0.0227466 0.126333 0.0454932 0.000944105
1 0.769613 0.127636 0.161077 0.249338 0.000941879
0 0.423678 0.490015 0.23458 0.409116 0.00093614
2 0.519364 0.862295 0.251998 0.269774 0.000935584
0 0.420046 0.584591 0.202101 0.404814 0.000934703
1 0.859495 0.0310813 0.262219 0.0610215 0.000930696
0 0.264294 0.187404 0.528588 0.374809 0.000926968
1 0.678097 0.0197268 0.243065 0.0394537 0.00092542
1 0.0740756 0.0165271 0.148151 0.0330543 0.000924965
0 0.130225 0.477805 0.26045 0.309887 0.000922697
1 0.316254 0.0186066 0.207933 0.0372132 0.000920301
2 0.954851 0.320729 0.0891235 0.308863 0.000915777
2 0.0643156 0.88189 0.126489 0.236219 0.000915089
0 0.0847738 0.510991 0.169548 0.182102 0.000912859
2 0.818759 0.170374 0.193161 0.332144 0.000907222
0 0.19163 0.532848 0.244544 0.251472 0.000905231
1 0.0727533 0.518705 0.144382 0.191391 0.000903816
0 0.0802473 0.395323 0.160495 0.366906 0.00090347
0 0.362679 0.158464 0.225106 0.316928 0.000902669
1 0.385701 0.372396 0.151099 0.268746 0.000902403
1 0.956483 0.614654 0.0861136 0.502096 0.000899305
2 0.796579 0.159455 0.191555 0.255545 0.000896962
0 0.556809 0.976287 0.251056 0.0474256 0.000896144
0 0.159985 0.506333 0.273112 0.298754 0.000892634
2 0.615058 0.911189 0.224075 0.177622 0.000892085
1 0.0752323 0.705536 0.146103 0.412099 0.000891202
2 0.743665 0.29563 0.28066 0.305767 0.000891113
2 0.829001 0.0278288 0.137955 0.0529377 0.000890348
1 0.893691 0.182404 0.212619 0.364808 0.000889057
1 0.921785 0.0332355 0.15643 0.066471 0.000888623
2 0.0355901 0.220627 0.0697175 0.441255 0.000887511
0 0.398253 0.133433 0.216348 0.266866 0.000886899
0 0.407605 0.152316 0.517014 0.304632 0.000884632
0 0.612622 0.196217 0.256626 0.209619 0.000884205
0 0.860208 0.977983 0.123511 0.0440341 0.000883577
1 0.574704 0.710508 0.177953 0.276718 0.000881245
0 0.438346 0.146622 0.288015 0.293245 0.000880611
1 0.442599 0.917151 0.111053 0.149955 0.000880385
2 0.853331 0.175356 0.17602 0.265348 0.000879816
1 0.139908 0.906819 0.279817 0.186361 0.000879768
0 0.833382 0.978932 0.130392 0.0421367 0.000879767
2 0.207332 0.68497 0.261307 0.303162 0.000878495
0 0.080524 0.341006 0.161048 0.253106 0.000876207
0 0.368733 0.479234 0.120565 0.237274 0.000874633
1 0.540629 0.583526 0.250453 0.384519 0.000873171
0 0.848276 0.847826 0.156676 0.209465 0.000871553
