2 0.181929 0.877742 0.118072 0.172203 0.435065
1 0.18099 0.83534 0.122514 0.280794 0.114291
0 0.201841 0.237864 0.0693492 0.0975147 0.111223
2 0.404518 0.0264285 0.0854275 0.0508398 0.059107
1 0.405099 0.0258878 0.0928834 0.0517756 0.0570891
0 0.51928 0.380178 0.0565643 0.0906633 0.0566989
0 0.0603076 0.450106 0.0540923 0.0798534 0.0555143
0 0.32481 0.218266 0.057272 0.0761279 0.0418623
0 0.842685 0.569231 0.0837273 0.07328 0.0387854
0 0.105676 0.355335 0.0473601 0.0900108 0.0366803
0 0.765384 0.691178 0.0280453 0.0366249 0.036651
2 0.829414 0.710687 0.112432 0.123934 0.036161
0 0.178811 0.7712 0.11294 0.155876 0.0361147
1 0.140968 0.83384 0.21603 0.287272 0.0349648
0 0.376134 0.195837 0.13896 0.202083 0.0347539
0 0.817933 0.5603 0.0278335 0.046123 0.0329714
0 0.109856 0.341256 0.0445021 0.0656787 0.0329455
0 0.482715 0.25543 0.0336163 0.0618853 0.0317927
0 0.190848 0.500598 0.0379816 0.0689509 0.0314053
2 0.180502 0.83005 0.119462 0.266235 0.0309875
0 0.157452 0.60627 0.0232053 0.0393366 0.0279102
0 0.110071 0.340058 0.0370868 0.0457905 0.0276925
1 0.182728 0.882281 0.119027 0.169706 0.0270834
0 0.0966878 0.278544 0.034989 0.0323318 0.0261868
0 0.675674 0.944976 0.0370543 0.0321755 0.0253203
0 0.818909 0.710479 0.132376 0.122005 0.0248389
0 0.0171305 0.217448 0.0342019 0.0598869 0.0233494
0 0.390558 0.276703 0.0560055 0.0385996 0.0229844
0 0.321519 0.210373 0.0511382 0.0555108 0.0226031
2 0.41077 0.0297813 0.1095 0.0583223 0.0200103
0 0.987527 0.899705 0.023881 0.0535944 0.0198899
1 0.401361 0.0536223 0.296174 0.107245 0.0188319
0 0.936042 0.916338 0.127916 0.164348 0.0181597
1 0.323864 0.0877914 0.505909 0.174674 0.0178981
0 0.197571 0.226247 0.0632358 0.0812523 0.0175573
1 0.388722 0.0790582 0.395869 0.158116 0.0170306
0 0.808844 0.642089 0.180742 0.268143 0.0156835
0 0.0647526 0.427315 0.0759485 0.133837 0.0154699
2 0.178511 0.778503 0.116024 0.1697 0.0151485
0 0.781688 0.413521 0.0251766 0.025009 0.0151159
1 0.408357 0.0328922 0.101389 0.0657844 0.0148081
0 0.988073 0.861448 0.0238542 0.123947 0.0147771
0 0.84317 0.647501 0.218594 0.255954 0.0141769
0 0.180227 0.231286 0.0252142 0.0361132 0.0138867
1 0.822044 0.713092 0.120544 0.126248 0.0131956
0 0.195657 0.236551 0.0559298 0.0718836 0.0131798
0 0.97423 0.913985 0.0515392 0.167191 0.0131786
0 0.0713568 0.357577 0.124556 0.1456 0.0125276
0 0.837307 0.580823 0.0977838 0.0985006 0.0119893
0 0.0753186 0.401023 0.112441 0.184352 0.0118518
2 0.520287 0.381817 0.0534296 0.0895321 0.0116035
1 0.136025 0.843042 0.27205 0.309968 0.0115832
0 0.782183 0.412553 0.0338065 0.0375133 0.0115323
1 0.518499 0.382494 0.0642784 0.0981822 0.0113956
0 0.0666452 0.555807 0.129309 0.829874 0.0111396
0 0.767019 0.705129 0.0362827 0.0712202 0.00999121
0 0.0999302 0.279129 0.0499995 0.0424026 0.00998808
2 0.366478 0.5 0.732956 1 0.00969472
0 0.830772 0.651432 0.11235 0.236723 0.00930647
0 0.390723 0.257391 0.0573342 0.07746 0.00930238
0 0.286056 0.1873 0.564166 0.372958 0.00929548
0 0.316167 0.354244 0.632334 0.708487 0.0092805
1 0.339454 0.0599727 0.439587 0.119945 0.00911753
0 0.510196 0.38389 0.0326584 0.084901 0.00901001
0 0.40001 0.194718 0.0898044 0.199091 0.00882922
0 0.0955999 0.359716 0.0727834 0.101468 0.00854476
2 0.820554 0.65626 0.16995 0.245166 0.00845173
1 0.129059 0.676198 0.258118 0.610812 0.0081838
0 0.104101 0.311058 0.0602791 0.112722 0.00783221
0 0.20981 0.219685 0.0339247 0.0682802 0.00739017
1 0.208168 0.831283 0.416336 0.322313 0.00734803
0 0.988212 0.831748 0.0235766 0.208588 0.00733226
0 0.765918 0.689577 0.0342286 0.0445665 0.00729802
2 0.818229 0.559077 0.0308529 0.0530155 0.00716773
0 0.064227 0.408701 0.12701 0.720707 0.00706387
2 0.364908 0.0258819 0.177369 0.0515449 0.00691072
1 0.201591 0.834577 0.249826 0.29501 0.00667275
2 0.016801 0.219935 0.033602 0.0578075 0.00653929
1 0.0575516 0.344517 0.1129 0.689035 0.00635626
2 0.0174176 0.185428 0.0338027 0.191779 0.0063335
2 0.183734 0.90257 0.111873 0.122607 0.00628051
0 0.120742 0.398816 0.234736 0.797633 0.00627413
0 0.324918 0.499303 0.649836 0.998606 0.00626057
1 0.366226 0.0350867 0.227098 0.0701733 0.00624305
0 0.389698 0.274693 0.0557998 0.0545251 0.00619507
0 0.987164 0.907949 0.0251789 0.126806 0.0061533
0 0.121472 0.52564 0.227503 0.869471 0.0060341
0 0.483245 0.25763 0.0403133 0.0788071 0.00599506
2 0.929825 0.962885 0.140349 0.0727123 0.00593146
0 0.792895 0.465845 0.0313072 0.0301634 0.00586128
2 0.869514 0.644753 0.254988 0.267999 0.00578969
0 0.0953794 0.32985 0.0751698 0.144799 0.00572571
0 0.155618 0.608063 0.0251073 0.0486679 0.00541936
1 0.33326 0.123032 0.659088 0.244404 0.00528524
1 0.28403 0.0705063 0.520131 0.13974 0.00526241
0 0.672089 0.0207575 0.0919371 0.041515 0.0052285
0 0.753446 0.607073 0.421595 0.363537 0.00521021
0 0.978019 0.981659 0.0439612 0.0356693 0.00503793
0 0.0444661 0.467033 0.0889322 0.113579 0.00501923
0 0.673413 0.944995 0.0419609 0.0440412 0.00497893
0 0.136818 0.312087 0.272418 0.624174 0.00494641
0 0.788896 0.441747 0.0463239 0.0869045 0.00490861
1 0.487265 0.378354 0.123722 0.112976 0.00480297
0 0.862191 0.688918 0.271323 0.357665 0.00479361
0 0.924759 0.837449 0.148635 0.325102 0.00472637
2 0.57913 0.411396 0.81791 0.802063 0.00463787
0 0.0282903 0.829691 0.0545084 0.176503 0.00463453
0 0.861885 0.631348 0.271165 0.296544 0.00462137
0 0.791524 0.471483 0.0439987 0.0442398 0.00447217
0 0.854985 0.603537 0.0546736 0.0361913 0.00446739
0 0.181955 0.747118 0.111688 0.102741 0.0043905
0 0.487945 0.373983 0.125221 0.113338 0.00433039
0 0.371613 0.229664 0.718327 0.457231 0.00420243
2 0.66107 0.331593 0.676136 0.601248 0.00419042
0 0.538542 0.545603 0.900424 0.885335 0.00416899
2 0.417679 0.0243024 0.1405 0.0478722 0.0041266
0 0.75004 0.532164 0.0213139 0.0298428 0.0040497
0 0.278275 0.105605 0.55655 0.205624 0.00404246
0 0.773724 0.546265 0.434201 0.500361 0.00402828
2 0.812444 0.0720674 0.256063 0.143334 0.00402721
1 0.406135 0.0637794 0.104074 0.127559 0.00401762
2 0.903493 0.96225 0.0920339 0.0754996 0.00393911
1 0.453002 0.083169 0.422445 0.166338 0.0039215
1 0.11424 0.317825 0.22848 0.635651 0.00391092
2 0.922244 0.871163 0.15549 0.257673 0.00388528
0 0.016884 0.54484 0.0337447 0.0666389 0.0038822
1 0.0951743 0.718961 0.190349 0.562079 0.00386115
0 0.30811 0.203412 0.0225244 0.0371035 0.00385137
0 0.898976 0.827085 0.202021 0.343355 0.00384553
2 0.789253 0.319655 0.421495 0.607432 0.00379802
0 0.625033 0.638366 0.701391 0.421899 0.00374592
0 0.987563 0.881603 0.024126 0.131698 0.0037444
2 0.798218 0.686662 0.377888 0.277035 0.00369897
2 0.778147 0.0639426 0.253142 0.126674 0.00369317
0 0.955213 0.62655 0.0860584 0.328847 0.00367023
2 0.58675 0.547613 0.797124 0.824333 0.00366635
0 0.0173652 0.233868 0.0341696 0.126869 0.00363854
0 0.339848 0.811469 0.677482 0.377061 0.00362058
0 0.737275 0.55854 0.0711021 0.0813427 0.0036194
0 0.803743 0.711084 0.113845 0.0941543 0.00361038
0 0.0448446 0.500207 0.0896893 0.179971 0.00359679
1 0.0179037 0.230772 0.0349144 0.204849 0.00359632
0 0.547889 0.684712 0.904177 0.594065 0.00357366
0 0.144965 0.837627 0.289931 0.324745 0.00357111
0 0.784909 0.563344 0.176124 0.0831195 0.00356204
0 0.686115 0.0678326 0.387453 0.135665 0.00353881
0 0.172 0.118286 0.344 0.231287 0.00351279
0 0.109181 0.351746 0.0643536 0.102699 0.00349856
0 0.607735 0.0634734 0.254023 0.125853 0.00348316
2 0.766819 0.689912 0.251632 0.184077 0.00346208
0 0.780776 0.272204 0.438448 0.529889 0.00344989
0 0.0813022 0.774774 0.162604 0.450453 0.00342675
0 0.183175 0.0751901 0.364404 0.148104 0.00342342
0 0.0668089 0.342781 0.133618 0.316141 0.00341415
2 0.933455 0.327525 0.133091 0.576145 0.00339164
0 0.548042 0.0775485 0.353971 0.153706 0.00338654
1 0.307904 0.205612 0.023638 0.0324535 0.00336131
0 0.673875 0.0348336 0.0978228 0.0696673 0.00335829
0 0.89946 0.90711 0.199614 0.183381 0.0033533
0 0.678066 0.235992 0.643868 0.461263 0.00334263
0 0.264775 0.554502 0.516506 0.890995 0.00333529
0 0.765869 0.0714786 0.411998 0.137443 0.00333277
1 0.365302 0.0766114 0.685104 0.152377 0.00332879
1 0.932031 0.81024 0.133307 0.37952 0.00330977
0 0.443469 0.0745298 0.627573 0.145355 0.00330479
1 0.52063 0.370375 0.0523808 0.0756765 0.00330286
2 0.958493 0.303242 0.0791817 0.583938 0.00328352
0 0.650811 0.559605 0.659763 0.662658 0.00327386
2 0.390443 0.0257039 0.0482596 0.0507373 0.00325566
0 0.0228375 0.828278 0.0449459 0.130294 0.00325509
2 0.468171 0.536609 0.928123 0.926782 0.00325437
2 0.864452 0.82178 0.269364 0.35644 0.00324468
0 0.429258 0.479585 0.692573 0.95917 0.00324118
2 0.541561 0.733155 0.916878 0.53369 0.00322931
2 0.840084 0.777458 0.315255 0.445083 0.00322765
0 0.0979518 0.135324 0.195904 0.266955 0.00322072
2 0.0162391 0.206475 0.0320688 0.0873997 0.00321365
0 0.935145 0.742927 0.12619 0.505549 0.00321294
0 0.269891 0.0759818 0.525841 0.150123 0.00317646
0 0.159611 0.676543 0.307763 0.597425 0.00315741
0 0.53787 0.335986 0.924261 0.669069 0.00314805
0 0.195144 0.222388 0.0549145 0.064323 0.00314257
0 0.597029 0.0729399 0.602156 0.141114 0.00313934
2 0.640088 0.681424 0.567593 0.356413 0.00313438
2 0.784238 0.825633 0.431525 0.347814 0.00313131
0 0.533878 0.301131 0.13318 0.254359 0.00312438
2 0.154149 0.920415 0.0497548 0.0845988 0.00312233
0 0.371614 0.623201 0.743229 0.751172 0.00311706
0 0.975707 0.945863 0.0481697 0.106509 0.00311364
0 0.571095 0.261377 0.817135 0.51578 0.00310236
1 0.378798 0.0236963 0.210798 0.0472665 0.0031004
0 0.194165 0.498742 0.0303678 0.0600788 0.00309136
0 0.124146 0.0722244 0.248293 0.144449 0.0030844
0 0.483217 0.0833446 0.466789 0.166689 0.00308392
0 0.0455757 0.40796 0.0911513 0.177573 0.00308086
0 0.966889 0.936071 0.0662216 0.127857 0.00307422
0 0.9777 0.925575 0.0445994 0.148851 0.00307184
2 0.932428 0.0866269 0.135144 0.173254 0.00306728
2 0.59739 0.792805 0.795818 0.39767 0.00306614
0 0.889369 0.287064 0.221261 0.561604 0.00306349
1 0.017153 0.280366 0.0339799 0.425931 0.00304933
0 0.670947 0.025557 0.0668724 0.0503357 0.00302211
0 0.0553215 0.157594 0.110643 0.315189 0.00301118
0 0.287134 0.842447 0.565864 0.315106 0.0029999
0 0.864506 0.0858381 0.270989 0.162523 0.00299584
0 0.0787752 0.0821863 0.15755 0.164373 0.00297588
0 0.202842 0.735276 0.38498 0.48134 0.00297269
0 0.247665 0.209583 0.172863 0.15078 0.00296172
0 0.426254 0.722871 0.852509 0.553336 0.00296132
2 0.864561 0.0804595 0.26169 0.160919 0.00294691
1 0.846249 0.944361 0.307501 0.111278 0.00294181
0 0.475094 0.773044 0.908159 0.453912 0.00293791
0 0.822568 0.568059 0.0385559 0.0720333 0.00293114
0 0.94156 0.232248 0.11688 0.464497 0.00292938
1 0.0228638 0.299055 0.0449801 0.29065 0.00292591
0 0.175944 0.806349 0.125946 0.224108 0.00292526
0 0.678097 0.0492924 0.090307 0.0985849 0.00292522
1 0.767454 0.875171 0.465092 0.249658 0.00291942
0 0.202417 0.226935 0.0828647 0.11756 0.00286493
0 0.880456 0.519931 0.236709 0.525961 0.00286355
0 0.954446 0.287669 0.0903742 0.575338 0.0028516
1 0.799662 0.822982 0.400675 0.350409 0.00284932
0 0.96297 0.501988 0.0717878 0.525618 0.00283859
2 0.931885 0.774393 0.135311 0.451213 0.00283809
0 0.401364 0.147348 0.0970979 0.294696 0.00277969
0 0.10579 0.326178 0.0533778 0.0655471 0.00274951
0 0.505664 0.307507 0.118181 0.207162 0.00270633
2 0.692819 0.49354 0.61435 0.614544 0.00268716
0 0.353137 0.232838 0.121508 0.13409 0.00267841
0 0.0169085 0.513673 0.032258 0.294337 0.00267083
0 0.205035 0.601217 0.41007 0.787677 0.00265472
0 0.150758 0.208536 0.190315 0.161376 0.00263708
0 0.963426 0.948282 0.0731476 0.103437 0.0026348
0 0.978261 0.901126 0.0432968 0.197747 0.00258332
2 0.112748 0.339596 0.0446382 0.0635123 0.00256439
0 0.8 0.671103 0.177657 0.202789 0.0025403
0 0.806249 0.463846 0.387503 0.618052 0.00253887
1 0.702817 0.831536 0.580845 0.336927 0.00253373
0 0.410566 0.843562 0.752105 0.312875 0.00252533
0 0.562459 0.814551 0.861408 0.370897 0.00251754
1 0.33135 0.74281 0.654254 0.514381 0.00248469
0 0.406503 0.161005 0.0821729 0.127897 0.00246276
0 0.0162678 0.200357 0.0325356 0.103441 0.00246241
2 0.678625 0.820205 0.630133 0.355842 0.00244312
0 0.933582 0.457914 0.132837 0.574434 0.00239783
0 0.675265 0.0165891 0.0734983 0.0319767 0.00238552
0 0.0292981 0.798765 0.0467434 0.117774 0.00238486
1 0.183736 0.909949 0.12501 0.176153 0.00236243
0 0.0289574 0.785734 0.0549224 0.342676 0.00232585
0 0.222309 0.529152 0.110701 0.141219 0.00231913
0 0.116693 0.265556 0.0894873 0.0769571 0.00228098
0 0.109892 0.331644 0.0800547 0.15448 0.00225676
2 0.968002 0.920843 0.0631313 0.155719 0.00223637
0 0.508962 0.264816 0.0934146 0.122182 0.00221965
0 0.972505 0.985648 0.0549891 0.0274672 0.00221855
2 0.0174915 0.502201 0.0324392 0.205196 0.00219574
0 0.217848 0.267176 0.0379214 0.0323648 0.00218204
0 0.846417 0.523514 0.118088 0.161604 0.0021712
0 0.676603 0.952226 0.0419705 0.0515091 0.00208913
2 0.0300063 0.847282 0.0585722 0.200445 0.0020674
0 0.62073 0.0206533 0.173236 0.0413065 0.0020493
0 0.155071 0.242901 0.187974 0.179766 0.0020183
0 0.101166 0.363803 0.0495757 0.0907935 0.00200165
0 0.0582566 0.498778 0.0883151 0.188099 0.00197484
0 0.183915 0.263476 0.129154 0.150249 0.00196084
0 0.233381 0.552661 0.13078 0.204454 0.00195861
0 0.682198 0.955373 0.062051 0.0829127 0.0019529
1 0.548504 0.323109 0.141505 0.216754 0.00194214
0 0.412145 0.0614542 0.137035 0.122908 0.00191754
2 0.677489 0.013412 0.0523131 0.0242974 0.0019062
0 0.779106 0.4124 0.0531951 0.0440603 0.00189806
0 0.18458 0.847697 0.121501 0.235751 0.00189286
0 0.108867 0.391123 0.068062 0.181998 0.00188858
1 0.153966 0.928265 0.0487156 0.0689929 0.00188735
0 0.0273263 0.5068 0.0542963 0.480666 0.00185069
0 0.0797517 0.221761 0.100219 0.152376 0.00184833
0 0.0835686 0.39774 0.0455012 0.104173 0.00184192
0 0.456783 0.250539 0.0921368 0.0899472 0.00183879
0 0.334613 0.0812234 0.0330779 0.0349115 0.00183302
0 0.215663 0.498305 0.0962985 0.0723313 0.0017981
0 0.673651 0.0637127 0.100184 0.127425 0.00179273
1 0.0859826 0.868565 0.16995 0.26287 0.00176378
0 0.758986 0.444878 0.112377 0.108962 0.00176345
2 0.0377582 0.866769 0.0755164 0.246051 0.00175758
1 0.835537 0.723794 0.117819 0.147404 0.00174722
2 0.180817 0.734219 0.116858 0.140601 0.00174099
1 0.346217 0.0207595 0.254924 0.041519 0.00173792
0 0.950926 0.959948 0.0981478 0.0795013 0.0017344
0 0.332759 0.234308 0.147459 0.145761 0.00171283
0 0.159107 0.277016 0.215047 0.314163 0.0017112
0 0.522818 0.399023 0.0766958 0.138259 0.00170799
0 0.155344 0.500566 0.114755 0.0753583 0.00170661
0 0.761694 0.69352 0.040522 0.0456703 0.00169686
0 0.536493 0.398399 0.111038 0.140441 0.00169644
2 0.81367 0.705389 0.0575376 0.122473 0.00168
2 0.430004 0.0219849 0.226011 0.0433257 0.00167756
2 0.0591446 0.26455 0.118289 0.197417 0.00167717
1 0.115967 0.875197 0.231934 0.208085 0.00167114
0 0.212583 0.885059 0.0554592 0.137965 0.00165655
0 0.241388 0.194662 0.235035 0.138568 0.00165527
