2 0.74034 0.486994 0.353578 0.646736 0.846731
2 0.543473 0.512407 0.862716 0.919119 0.609839
2 0.397005 0.511632 0.529322 0.917205 0.537307
2 0.509182 0.50024 0.580024 0.895586 0.504833
2 0.417431 0.501762 0.37549 0.896734 0.370164
2 0.429516 0.34884 0.383369 0.592625 0.345802
2 0.386308 0.694064 0.50763 0.569296 0.212508
2 0.612382 0.500705 0.614068 0.721305 0.152738
2 0.529123 0.777284 0.199705 0.348564 0.137533
2 0.488557 0.269214 0.519649 0.432622 0.0892594
2 0.309084 0.707223 0.353366 0.544993 0.0811292
2 0.606863 0.35344 0.736096 0.612134 0.0644533
2 0.326638 0.574331 0.3859 0.804656 0.0468446
2 0.289991 0.784954 0.315677 0.396638 0.0214037
2 0.46137 0.769031 0.528569 0.421152 0.0200333
2 0.380448 0.777405 0.558041 0.37852 0.0184492
2 0.438002 0.784797 0.384419 0.376243 0.018228
2 0.584267 0.769999 0.803108 0.40981 0.0156415
2 0.731278 0.332783 0.387707 0.328625 0.0145805
2 0.514943 0.261937 0.828399 0.430106 0.0122072
2 0.544829 0.756624 0.153724 0.300058 0.0101536
2 0.625655 0.713489 0.701647 0.491427 0.0101431
2 0.524706 0.367197 0.926117 0.734394 0.00923778
2 0.532784 0.445536 0.75318 0.569618 0.00857353
2 0.25604 0.834118 0.275876 0.3148 0.00856218
2 0.718638 0.415981 0.420271 0.499311 0.00766152
2 0.510795 0.203592 0.922973 0.407185 0.00753022
2 0.49093 0.0992233 0.728087 0.198447 0.00685718
2 0.565218 0.0756821 0.363967 0.151364 0.00662473
2 0.608636 0.0895114 0.415514 0.179023 0.00620791
2 0.762938 0.0847608 0.330382 0.169522 0.00617628
2 0.438866 0.240526 0.288207 0.359694 0.00613057
2 0.512424 0.0571076 0.373974 0.114215 0.00604911
2 0.38933 0.0944763 0.451491 0.119707 0.00583687
2 0.814528 0.0900551 0.332809 0.18011 0.00582278
2 0.123973 0.883157 0.247947 0.233685 0.00580313
2 0.514776 0.702863 0.958531 0.575676 0.00568494
2 0.207596 0.87772 0.407934 0.24456 0.00560813
2 0.408396 0.0537312 0.425837 0.107462 0.00554428
2 0.522563 0.148725 0.851673 0.29745 0.00512521
2 0.16072 0.029307 0.321439 0.0586139 0.00509779
2 0.20831 0.0343805 0.361023 0.0687611 0.0049682
2 0.887036 0.0956958 0.21272 0.191392 0.00496022
2 0.450396 0.0952502 0.636739 0.127655 0.00495079
2 0.306037 0.0542314 0.430023 0.108463 0.00483855
2 0.245173 0.0480141 0.407553 0.0960281 0.00474975
2 0.33202 0.81309 0.407787 0.372222 0.00472056
2 0.418674 0.307319 0.5795 0.51375 0.00471664
2 0.212026 0.0719882 0.406617 0.143976 0.00466679
2 0.751538 0.0856472 0.476384 0.171294 0.00451848
2 0.640569 0.0826307 0.611761 0.165261 0.00451397
2 0.371702 0.473838 0.252627 0.395007 0.00449982
2 0.263235 0.839179 0.526471 0.321643 0.00449686
2 0.178282 0.793454 0.353317 0.413092 0.00447545
2 0.233747 0.90307 0.467493 0.193861 0.00446376
2 0.708744 0.28645 0.182714 0.225986 0.00445886
2 0.343253 0.0768322 0.613829 0.152949 0.004438
1 0.515196 0.790057 0.853077 0.419887 0.0044254
2 0.378424 0.340263 0.731326 0.604129 0.00421183
2 0.405749 0.796436 0.755509 0.407128 0.0041524
2 0.267344 0.706612 0.276245 0.472986 0.00413006
2 0.151183 0.069136 0.295637 0.138272 0.00410275
2 0.398971 0.869675 0.704112 0.260649 0.00407848
2 0.546383 0.702981 0.141184 0.189278 0.00403973
2 0.09195 0.837672 0.182384 0.324655 0.00400796
2 0.752208 0.306009 0.495585 0.51144 0.00395579
2 0.932132 0.0917987 0.135735 0.183597 0.00389158
2 0.72757 0.207505 0.544859 0.415009 0.00388674
2 0.379468 0.257162 0.727435 0.410991 0.00381987
2 0.321279 0.601525 0.52263 0.782868 0.00377722
2 0.732722 0.315782 0.242494 0.2956 0.003717
2 0.111832 0.0570217 0.223665 0.114043 0.00356291
2 0.565215 0.694662 0.0889122 0.162747 0.00353525
0 0.317697 0.234056 0.624639 0.463525 0.00353041
2 0.810201 0.286599 0.379598 0.573199 0.003439
2 0.717932 0.842781 0.555676 0.314438 0.00342025
2 0.0584429 0.781509 0.116886 0.436983 0.00337028
2 0.354952 0.915047 0.669695 0.169905 0.00336666
2 0.360335 0.399392 0.228592 0.378477 0.00335608
2 0.223482 0.707764 0.446963 0.584472 0.00330866
0 0.808628 0.227072 0.382743 0.454143 0.00327394
2 0.953049 0.789259 0.0896071 0.421482 0.00326352
2 0.0958689 0.891834 0.191738 0.216333 0.00326282
2 0.571561 0.832653 0.802376 0.334694 0.00326077
2 0.755194 0.769071 0.489612 0.461858 0.00325926
2 0.0792918 0.698898 0.158584 0.602203 0.00321668
2 0.94582 0.854542 0.106335 0.290917 0.00319918
1 0.964678 0.283752 0.0706432 0.567503 0.00317027
2 0.283568 0.364311 0.562522 0.682377 0.00316279
2 0.287593 0.502337 0.573403 0.841613 0.00315027
2 0.800538 0.84763 0.398924 0.30474 0.00311748
2 0.703559 0.671547 0.571812 0.656906 0.00311439
0 0.0775485 0.0736483 0.155097 0.147297 0.00309529
0 0.16449 0.179766 0.32898 0.359532 0.00308054
2 0.967146 0.328363 0.0657087 0.576003 0.0030558
0 0.0779386 0.178551 0.155877 0.357101 0.00305409
2 0.879027 0.807793 0.236666 0.384414 0.0030438
2 0.234477 0.55925 0.468955 0.817176 0.00304361
2 0.121089 0.620246 0.235372 0.735561 0.00301433
2 0.96366 0.466529 0.0726794 0.63181 0.00300862
0 0.944234 0.228754 0.111531 0.457507 0.00299942
2 0.930342 0.940649 0.139316 0.118702 0.00299622
1 0.776877 0.935791 0.43069 0.128418 0.00299367
1 0.953277 0.723051 0.0922927 0.553897 0.00299213
1 0.522707 0.878236 0.944906 0.243528 0.00296328
0 0.209296 0.506976 0.418592 0.899047 0.00295853
0 0.0465971 0.297901 0.0931943 0.570464 0.00295531
0 0.145465 0.263102 0.29093 0.526203 0.00295373
0 0.808999 0.341226 0.382003 0.55817 0.00294604
1 0.840974 0.961628 0.318052 0.0767431 0.0029405
0 0.158059 0.349377 0.316119 0.653446 0.00292883
0 0.0544582 0.1234 0.108916 0.246799 0.00291237
2 0.0914127 0.5563 0.180817 0.818159 0.00288233
0 0.0623808 0.238578 0.123464 0.461207 0.002876
2 0.867998 0.713468 0.264005 0.573064 0.00286796
2 0.0471062 0.393318 0.0942123 0.695572 0.00285076
2 0.88735 0.965038 0.2253 0.0699235 0.00282547
1 0.634832 0.891442 0.672229 0.217117 0.00282519
2 0.953943 0.663277 0.0921137 0.657497 0.00282074
2 0.0611305 0.581584 0.120965 0.772673 0.00281549
1 0.522303 0.775617 0.194539 0.32375 0.00279392
2 0.0486338 0.530489 0.0972676 0.824222 0.00276492
2 0.817655 0.65265 0.36469 0.6947 0.00269249
2 0.803411 0.410647 0.393178 0.61378 0.00267456
2 0.0491885 0.824911 0.098377 0.350179 0.00266821
0 0.807511 0.608072 0.384978 0.766661 0.00261332
2 0.982708 0.0976906 0.0345846 0.164069 0.00260325
0 0.957672 0.607266 0.0846555 0.69761 0.00258617
2 0.0591572 0.873898 0.118314 0.252204 0.00242701
0 0.948835 0.0914813 0.102331 0.178119 0.00239837
2 0.682942 0.277639 0.124571 0.208246 0.00232763
2 0.73939 0.433923 0.26703 0.523501 0.0022407
2 0.534697 0.811832 0.115093 0.210469 0.00224063
2 0.0709984 0.900981 0.141997 0.185146 0.0022222
0 0.556834 0.708608 0.0768049 0.178236 0.00208845
2 0.531475 0.831418 0.0963831 0.181783 0.00204891
1 0.104421 0.900893 0.208843 0.197977 0.00201239
2 0.540297 0.502957 0.129139 0.175613 0.00195524
2 0.16292 0.901358 0.325839 0.197284 0.00185607
0 0.410497 0.192195 0.18193 0.275679 0.00184301
2 0.532335 0.715638 0.179884 0.269362 0.00174363
2 0.447756 0.193203 0.21806 0.277402 0.00173741
0 0.443624 0.189741 0.200794 0.27218 0.00171829
0 0.546674 0.508472 0.0964996 0.169664 0.00170616
1 0.932007 0.0914722 0.133646 0.182944 0.00169992
2 0.556937 0.508042 0.106217 0.158846 0.0016689
0 0.690977 0.269452 0.147751 0.183484 0.00166692
2 0.207871 0.575319 0.130974 0.234969 0.00161569
1 0.429601 0.787868 0.109544 0.245238 0.00157697
2 0.473556 0.898308 0.600659 0.203384 0.00151187
2 0.434435 0.777829 0.0987739 0.203391 0.00147431
2 0.674726 0.744443 0.0608601 0.100227 0.00144236
0 0.674304 0.283041 0.110264 0.200338 0.00139677
0 0.739867 0.257867 0.212592 0.16158 0.00138936
0 0.400991 0.150393 0.119347 0.200045 0.00138927
0 0.365927 0.220456 0.115761 0.257291 0.00137545
0 0.209228 0.55929 0.134513 0.202577 0.00136826
2 0.336453 0.80011 0.260024 0.337805 0.00136539
1 0.250766 0.865434 0.501532 0.269131 0.00136328
2 0.941501 0.0908745 0.116452 0.17993 0.00135184
1 0.535432 0.504464 0.141311 0.181824 0.00134563
2 0.840883 0.859621 0.100909 0.124418 0.00132723
1 0.527168 0.533012 0.160914 0.240439 0.00132377
2 0.965602 0.944872 0.0687966 0.106974 0.00131631
2 0.42171 0.212095 0.23205 0.3265 0.00131335
2 0.583856 0.906309 0.530715 0.187383 0.00130645
2 0.221799 0.880648 0.443598 0.238704 0.00130037
2 0.778133 0.308435 0.189901 0.273798 0.00128435
1 0.377085 0.531002 0.279984 0.404867 0.00127531
2 0.263037 0.594373 0.250057 0.267954 0.00127456
2 0.467775 0.775079 0.0805151 0.165209 0.00126301
0 0.202744 0.801334 0.136494 0.208718 0.0012538
2 0.978519 0.181049 0.0429612 0.222249 0.00125321
0 0.931373 0.859485 0.136048 0.206376 0.00125212
0 0.0645352 0.898904 0.127951 0.18963 0.00124655
0 0.884698 0.842528 0.110308 0.117031 0.00124237
2 0.963949 0.883515 0.0721024 0.197769 0.00124025
2 0.421396 0.77426 0.111759 0.232463 0.00123958
0 0.838629 0.847768 0.112064 0.113333 0.00123567
2 0.565783 0.896688 0.326673 0.181895 0.00123544
2 0.448887 0.323024 0.299789 0.501731 0.00121361
2 0.579292 0.752953 0.0896726 0.280874 0.00120879
2 0.586578 0.710623 0.0741165 0.200695 0.0012026
0 0.771597 0.274127 0.193314 0.196049 0.00119619
2 0.498881 0.636684 0.0829948 0.125837 0.00119026
1 0.280026 0.807245 0.302949 0.357783 0.00117807
0 0.367652 0.13691 0.171211 0.248169 0.00117103
0 0.555693 0.525959 0.0940106 0.119787 0.00116822
1 0.619824 0.900184 0.49569 0.199632 0.00116335
2 0.621156 0.702441 0.116341 0.172857 0.00116325
2 0.686329 0.847012 0.170131 0.0888728 0.00116154
2 0.193002 0.58032 0.0963164 0.219369 0.00116109
2 0.939069 0.00322501 0.121862 0.00645003 0.00116058
2 0.48787 0.889562 0.39371 0.150618 0.00115223
2 0.627235 0.885647 0.431196 0.21851 0.0011511
0 0.935127 0.841748 0.129239 0.304846 0.00114856
2 0.486381 0.8888 0.307034 0.222401 0.00114741
2 0.310931 0.995046 0.200504 0.00990784 0.00114326
2 0.464477 0.887958 0.476134 0.224085 0.00113907
1 0.602784 0.904004 0.373865 0.191991 0.00113233
0 0.761772 0.239707 0.145911 0.133992 0.00112739
2 0.45544 0.774372 0.0771862 0.189214 0.00112107
1 0.077561 0.894862 0.153617 0.197517 0.00112069
2 0.574933 0.857773 0.102307 0.134482 0.00111746
0 0.478266 0.0387953 0.386303 0.0775907 0.00111539
2 0.377308 0.537318 0.277627 0.381506 0.00111166
0 0.782936 0.223184 0.158382 0.101588 0.00110987
1 0.885313 0.0975692 0.220029 0.195138 0.00110479
0 0.522402 0.148172 0.210784 0.291116 0.00110183
0 0.930577 0.765171 0.138845 0.307485 0.00109705
0 0.333131 0.0858346 0.309476 0.171669 0.00108506
2 0.563187 0.743544 0.096572 0.212226 0.00108343
2 0.554745 0.470164 0.114693 0.24831 0.00108319
2 0.723808 0.862198 0.234823 0.27169 0.00107794
0 0.353255 0.111186 0.234718 0.222372 0.001077
2 0.964911 0.917404 0.0701771 0.152494 0.00107672
2 0.394647 0.900872 0.50304 0.198255 0.00107346
2 0.687626 0.890883 0.242959 0.206793 0.00106602
2 0.0641619 0.544785 0.128324 0.370282 0.00105846
2 0.632892 0.898284 0.337762 0.190325 0.00105818
2 0.632083 0.466665 0.166334 0.260233 0.00105487
2 0.957356 0.867326 0.0852871 0.244348 0.00105385
1 0.333583 0.818311 0.27039 0.329224 0.00105014
0 0.830935 0.887785 0.130131 0.16778 0.00104551
0 0.488448 0.0939098 0.416589 0.18782 0.00103599
0 0.839694 0.356426 0.0834785 0.167316 0.00103502
2 0.0326168 0.21561 0.0641515 0.230455 0.00103342
2 0.37395 0.801266 0.205793 0.320785 0.00103214
1 0.67966 0.912975 0.22396 0.170684 0.00102783
0 0.428552 0.124729 0.213009 0.182042 0.00102755
1 0.0642485 0.00660782 0.128497 0.0132156 0.00102634
1 0.488614 0.727389 0.143007 0.366057 0.00102168
2 0.176464 0.61292 0.0633159 0.122654 0.00102102
2 0.373587 0.900457 0.373932 0.179611 0.00102025
1 0.824329 0.896668 0.156747 0.192871 0.00102006
2 0.242814 0.0572967 0.121872 0.114593 0.00101948
0 0.422537 0.995215 0.20305 0.00957056 0.00101878
0 0.510826 0.109989 0.306946 0.219977 0.00101876
0 0.129471 0.732224 0.220718 0.407876 0.00101467
2 0.974831 0.240678 0.0503383 0.307132 0.00101272
0 0.05972 0.871123 0.117863 0.255799 0.00101092
0 0.725125 0.898109 0.180974 0.193754 0.00101071
2 0.611503 0.840729 0.21062 0.257582 0.00100746
0 0.42752 0.147828 0.162219 0.177913 0.00100625
2 0.624002 0.721066 0.138096 0.179938 0.00100589
2 0.0324637 0.479012 0.0640662 0.853755 0.00100572
0 0.1148 0.847292 0.229599 0.301297 0.0010046
2 0.977534 0.358971 0.0449327 0.332501 0.00100301
0 0.197065 0.588831 0.109512 0.243707 0.00100253
0 0.463788 0.994735 0.25356 0.0105305 0.0010024
2 0.54075 0.451182 0.13192 0.290093 0.00100229
0 0.0710163 0.997014 0.135646 0.0059715 0.000999736
2 0.979907 0.402403 0.0401864 0.280845 0.000999411
1 0.39837 0.995666 0.206493 0.0086673 0.000996674
0 0.381411 0.190991 0.152635 0.270571 0.000996354
1 0.359621 0.475707 0.228675 0.334638 0.000993447
0 0.0911409 0.994645 0.165954 0.0107098 0.00099341
2 0.0362034 0.324779 0.0709087 0.649558 0.000993202
2 0.0364649 0.277158 0.0723755 0.36414 0.000990489
0 0.487387 0.151839 0.165628 0.191489 0.000988488
1 0.539455 0.868947 0.172729 0.155956 0.000987724
2 0.664719 0.709468 0.0975494 0.168478 0.000987302
1 0.434564 0.832547 0.114644 0.209259 0.000982883
0 0.527828 0.993372 0.226367 0.0132562 0.000981627
2 0.966273 0.962558 0.067453 0.0748842 0.000979786
0 0.885037 0.362431 0.157975 0.179568 0.000977681
0 0.864062 0.886753 0.140766 0.204079 0.000977606
2 0.931861 0 0.136278 0 0.000975804
0 0.346871 0.263827 0.127648 0.29837 0.000974032
0 0.7856 0.994658 0.130515 0.0106848 0.000972004
2 0.0532816 0.072796 0.106563 0.145592 0.000971279
0 0.93343 0.795679 0.13314 0.408643 0.000970165
2 0.981832 0.413487 0.0363352 0.218081 0.000969958
1 0.83214 0.896275 0.242638 0.20745 0.000969109
0 0.871788 0.146928 0.0999927 0.111075 0.000967818
1 0.488383 0.575357 0.146888 0.238015 0.000965073
2 0.757853 0.767533 0.209484 0.0988947 0.000961177
1 0.246196 0.849003 0.492392 0.301995 0.000956714
0 0.80343 0.850984 0.181622 0.193605 0.000954647
2 0.942573 0.821832 0.114854 0.356336 0.000953956
2 0.314398 0.991649 0.312941 0.0167022 0.000953682
1 0.695909 0.567604 0.258231 0.427496 0.000953545
2 0.362223 0.995491 0.226505 0.00901721 0.000950769
0 0.825606 0.181184 0.200756 0.131453 0.000950061
2 0.736625 0.769683 0.274217 0.197496 0.000949042
2 0.967823 0.548176 0.0643547 0.344633 0.000947542
2 0.0419826 0.319327 0.083669 0.478439 0.000947091
0 0.762316 0.994942 0.114423 0.010116 0.000946759
2 0.286063 0.0847194 0.220224 0.169439 0.000946667
2 0.405181 0.42409 0.296256 0.529425 0.000946502
0 0.816311 0.996764 0.175614 0.0064718 0.000946155
2 0.0615267 0.341475 0.123053 0.448882 0.000944835
0 0.544121 0.156867 0.324906 0.313735 0.000940224
0 0.757001 0.872346 0.243744 0.250612 0.000938767
2 0.978625 0.496484 0.042751 0.286841 0.000938099
0 0.274914 0.434952 0.150864 0.215805 0.00093699
2 0.197083 0.836243 0.394166 0.327515 0.000935088
0 0.749656 0.938784 0.0783102 0.122433 0.000934983
2 0.0464328 0.450353 0.0928655 0.3274 0.000934253
2 0.0553576 0.203066 0.110715 0.225169 0.000934066
