0 0.281046 0.721584 0.104111 0.131336 0.865997
0 0.648484 0.666093 0.173013 0.270453 0.728547
0 0.727806 0.409494 0.0597094 0.0864368 0.663474
0 0.453337 0.367983 0.139283 0.27146 0.478337
0 0.43472 0.628639 0.123317 0.349464 0.388798
0 0.548089 0.528972 0.0390728 0.0690943 0.284177
0 0.441768 0.519233 0.141206 0.566725 0.195613
0 0.542928 0.577661 0.401968 0.454818 0.124884
0 0.435206 0.707792 0.120666 0.190489 0.118874
0 0.630835 0.646418 0.146638 0.235491 0.112423
0 0.782104 0.340051 0.0264945 0.0386418 0.0936631
0 0.0757577 0.866433 0.0334467 0.0635395 0.0803164
2 0.443592 0.536669 0.111531 0.179267 0.0604803
0 0.444618 0.538041 0.107039 0.181567 0.0597355
2 0.44069 0.568568 0.116768 0.250379 0.0562759
0 0.50211 0.514977 0.486584 0.578021 0.0537825
0 0.486313 0.389846 0.249116 0.336772 0.0488327
0 0.374514 0.623506 0.265047 0.357714 0.048467
0 0.291488 0.721792 0.136864 0.149699 0.0398867
0 0.615045 0.625699 0.126413 0.275923 0.0391403
2 0.281646 0.723929 0.0976542 0.129958 0.038513
0 0.392066 0.571871 0.268081 0.469093 0.03512
0 0.457291 0.301996 0.130861 0.138206 0.0252153
2 0.429726 0.710082 0.108061 0.169005 0.0247832
0 0.635657 0.6302 0.216672 0.337251 0.0239036
0 0.452125 0.410643 0.133546 0.377995 0.0196744
0 0.226465 0.71803 0.239336 0.161737 0.0189591
0 0.293502 0.62796 0.411247 0.359664 0.0184944
0 0.692654 0.747429 0.0799074 0.104686 0.0172519
0 0.477147 0.294705 0.0892333 0.125945 0.0156906
0 0.451744 0.408435 0.132119 0.208522 0.0155816
0 0.645299 0.720024 0.189253 0.382814 0.0155303
0 0.114023 0.908305 0.227524 0.18339 0.0151616
0 0.567109 0.560741 0.088398 0.139096 0.0137941
0 0.196677 0.979318 0.0445786 0.0413645 0.011449
0 0.443793 0.477409 0.116024 0.297149 0.0112179
0 0.173819 0.979232 0.0923991 0.0415362 0.0108238
0 0.278938 0.698952 0.105211 0.185366 0.0104765
0 0.361646 0.515811 0.343462 0.576541 0.0104727
0 0.745555 0.384737 0.103421 0.139056 0.0104123
0 0.587475 0.750299 0.309736 0.469737 0.010353
0 0.0391084 0.112423 0.0237046 0.0351819 0.0103336
0 0.689005 0.59279 0.278012 0.401707 0.0095817
0 0.283057 0.696765 0.10516 0.0797477 0.00941494
0 0.424445 0.420939 0.2335 0.436865 0.00931016
0 0.115766 0.785593 0.229887 0.428815 0.00906977
0 0.668696 0.700755 0.139816 0.198353 0.00906131
0 0.116583 0.872128 0.22965 0.255743 0.00854593
0 0.121432 0.939138 0.240335 0.121724 0.0085152
0 0.50195 0.343205 0.262681 0.320358 0.00844763
0 0.326109 0.593654 0.223916 0.43626 0.00827987
0 0.48718 0.290427 0.0669861 0.113748 0.0075326
0 0.452797 0.692886 0.581341 0.517919 0.0075042
0 0.73554 0.425642 0.141071 0.267758 0.00746324
0 0.416638 0.523421 0.221455 0.593581 0.00742195
0 0.439323 0.566813 0.12471 0.237879 0.00740485
0 0.730243 0.406857 0.0746772 0.10104 0.00737724
0 0.270474 0.705907 0.0749535 0.0950812 0.00721214
0 0.687056 0.648857 0.435058 0.320904 0.00708865
0 0.705715 0.70647 0.513084 0.38104 0.00698441
0 0.267553 0.855739 0.532024 0.288522 0.00671869
0 0.208522 0.690739 0.346087 0.280296 0.0066265
0 0.560053 0.839877 0.0234661 0.0380216 0.00632701
0 0.318148 0.750031 0.613405 0.212183 0.00632209
0 0.614606 0.50052 0.52254 0.600675 0.00629624
0 0.719369 0.392333 0.0426943 0.0523197 0.00628999
0 0.662806 0.724633 0.278765 0.414251 0.00626501
0 0.252842 0.693797 0.0385214 0.0624333 0.00604314
0 0.670874 0.744518 0.134628 0.119159 0.00600243
0 0.733737 0.432596 0.101975 0.16411 0.0059069
0 0.298925 0.722103 0.0714871 0.131842 0.00569294
0 0.657068 0.53021 0.360173 0.510315 0.00568696
0 0.77904 0.379165 0.0300594 0.131226 0.00564451
0 0.0726153 0.870281 0.0395512 0.0813287 0.00560286
0 0.304264 0.703077 0.0601193 0.0926705 0.00559047
0 0.348765 0.833298 0.672785 0.332821 0.00543544
0 0.729946 0.346456 0.265045 0.459894 0.00539407
0 0.949317 0.569757 0.0998425 0.749927 0.00534244
0 0.246956 0.719433 0.16951 0.152677 0.00517753
0 0.7327 0.387284 0.13324 0.196424 0.00514012
0 0.593502 0.567222 0.141841 0.165891 0.00506922
2 0.733617 0.410066 0.0510649 0.0850867 0.00500646
0 0.431745 0.694334 0.106028 0.1425 0.00495431
0 0.446224 0.684941 0.80806 0.483587 0.00493924
0 0.453221 0.609392 0.0843197 0.117656 0.00470257
0 0.725791 0.605576 0.45363 0.400988 0.00447355
0 0.460789 0.329356 0.124419 0.199277 0.00445673
0 0.71596 0.401274 0.0919771 0.102599 0.00444384
0 0.200021 0.962431 0.400041 0.075139 0.00443151
0 0.480894 0.24277 0.36424 0.478842 0.00437082
2 0.739499 0.412762 0.0377301 0.0739516 0.00434199
0 0.738817 0.392089 0.197781 0.303934 0.00433594
0 0.90492 0.591577 0.19016 0.757698 0.00428212
0 0.675125 0.753305 0.0430406 0.084146 0.00424483
0 0.666958 0.0864796 0.442924 0.172959 0.00422969
0 0.610025 0.79623 0.635321 0.381956 0.00420947
0 0.128686 0.720195 0.257372 0.559611 0.00420603
0 0.239741 0.600085 0.399013 0.496803 0.0041811
1 0.950749 0.627397 0.0973183 0.697568 0.00413264
0 0.560436 0.841277 0.0281067 0.0593782 0.00412201
0 0.360877 0.529009 0.423253 0.680294 0.00406443
0 0.939492 0.456383 0.11889 0.732024 0.00405621
0 0.747352 0.635292 0.505297 0.683896 0.00405146
0 0.786736 0.436789 0.355164 0.541789 0.00404776
0 0.479303 0.517275 0.174862 0.177746 0.00404472
0 0.541515 0.765031 0.653873 0.451379 0.00403851
0 0.755866 0.441529 0.114664 0.170961 0.00402764
0 0.0706234 0.717864 0.139109 0.564273 0.00401773
0 0.681079 0.227781 0.449965 0.455561 0.00401612
0 0.555412 0.084753 0.386437 0.169506 0.00397477
0 0.761683 0.0765624 0.39409 0.153125 0.00394777
0 0.400233 0.752027 0.750415 0.470061 0.0039347
0 0.161029 0.0701916 0.322058 0.140383 0.00383742
0 0.0694099 0.0863563 0.13882 0.172713 0.0038264
0 0.253423 0.0817592 0.42216 0.163518 0.00382541
0 0.555513 0.313801 0.406884 0.491712 0.00382029
0 0.0497487 0.155523 0.0994975 0.311046 0.00380091
0 0.646376 0.395409 0.499581 0.6806 0.00379624
0 0.768836 0.0535584 0.358272 0.107117 0.00376032
0 0.618658 0.0657045 0.369966 0.131409 0.00375438
0 0.673434 0.0596322 0.402748 0.119264 0.00373491
0 0.55848 0.0638455 0.330858 0.127691 0.0037343
2 0.442271 0.407825 0.117473 0.162558 0.00373218
0 0.28256 0.436705 0.413651 0.709063 0.00373093
2 0.144662 0.0357985 0.289324 0.071597 0.00371125
0 0.91944 0.337324 0.161119 0.624038 0.0037074
0 0.190952 0.0428131 0.327295 0.0856262 0.00370428
0 0.832208 0.0802988 0.335585 0.160598 0.00370042
0 0.582848 0.23448 0.424658 0.46896 0.0036968
0 0.277238 0.227145 0.43378 0.45429 0.00369678
2 0.453172 0.602002 0.0873601 0.147303 0.00369332
2 0.507906 0.0580534 0.313752 0.116107 0.00369046
0 0.0969751 0.0648993 0.19395 0.129799 0.00368512
0 0.308246 0.0665469 0.376689 0.133094 0.00366574
0 0.36467 0.0829771 0.415971 0.165954 0.00363542
0 0.870041 0.426584 0.259918 0.679896 0.00363026
2 0.412855 0.0620773 0.321988 0.124155 0.00362668
0 0.241667 0.0576849 0.369553 0.11537 0.00361835
0 0.164722 0.680303 0.329445 0.604526 0.00361633
0 0.279116 0.3009 0.426879 0.583885 0.00361518
0 0.396903 0.280673 0.313503 0.514303 0.00361063
0 0.668861 0.306136 0.456364 0.612272 0.0035934
0 0.813486 0.341447 0.331793 0.413731 0.00356561
0 0.190963 0.21361 0.381926 0.42722 0.00355388
0 0.844749 0.232131 0.310502 0.464262 0.00352734
0 0.0406105 0.231316 0.0812209 0.462631 0.00350457
0 0.781921 0.223083 0.406399 0.446165 0.00349476
2 0.343443 0.315049 0.425683 0.595672 0.00349427
0 0.829147 0.0611735 0.279786 0.122347 0.00347656
0 0.963587 0.832339 0.0707077 0.20098 0.0034709
0 0.889613 0.247177 0.220774 0.494355 0.00343899
0 0.0452728 0.553021 0.0905457 0.716966 0.00343817
0 0.451163 0.0794862 0.375007 0.158972 0.00342934
0 0.31247 0.778446 0.619763 0.443108 0.00342832
0 0.0974047 0.691685 0.191362 0.61663 0.00342723
0 0.536671 0.549588 0.207356 0.143888 0.00341519
0 0.187267 0.278588 0.374534 0.521913 0.00340264
0 0.849167 0.642722 0.301667 0.706011 0.00339836
0 0.689928 0.455672 0.322816 0.387996 0.00339427
0 0.0366925 0.278431 0.0733849 0.509707 0.00339278
0 0.701955 0.4071 0.122552 0.106397 0.00337948
0 0.094763 0.199296 0.189526 0.398592 0.00336975
0 0.863588 0.121625 0.272824 0.243251 0.00336756
0 0.0799067 0.577255 0.159256 0.73154 0.00336743
0 0.223774 0.401329 0.376062 0.64686 0.00336687
0 0.0542018 0.601788 0.108404 0.711178 0.00334251
0 0.511004 0.834111 0.127109 0.0886608 0.00333649
0 0.711637 0.545577 0.503928 0.519107 0.00333371
0 0.956582 0.704852 0.0864479 0.58143 0.00332905
0 0.726074 0.27501 0.434265 0.524875 0.00332347
0 0.148277 0.571005 0.296555 0.739397 0.00331339
0 0.85779 0.0760212 0.25969 0.152042 0.00330262
2 0.452471 0.550006 0.0955028 0.135444 0.00327565
0 0.383563 0.245886 0.396745 0.491772 0.00326108
0 0.952471 0.35089 0.0950586 0.663079 0.00325783
0 0.818004 0.273183 0.363991 0.521033 0.00325259
0 0.205868 0.696329 0.398798 0.489998 0.00324553
0 0.178098 0.363621 0.356197 0.578442 0.00324092
0 0.862084 0.292908 0.275831 0.548446 0.00322488
0 0.113263 0.978024 0.213495 0.0439529 0.00322444
0 0.04168 0.357193 0.0833599 0.567201 0.00321961
2 0.789384 0.800208 0.41588 0.395295 0.00320831
0 0.918712 0.0902662 0.162577 0.180532 0.00320386
0 0.1875 0.545982 0.319951 0.673321 0.00318571
0 0.923838 0.206826 0.152324 0.413652 0.00318541
0 0.246288 0.976094 0.492576 0.047811 0.00318191
1 0.635155 0.965294 0.573754 0.0694122 0.00318166
0 0.944727 0.274005 0.110547 0.54801 0.00317586
2 0.306716 0.537915 0.45341 0.669618 0.00315978
0 0.397595 0.968291 0.558382 0.0634188 0.00314403
0 0.623915 0.633819 0.13464 0.180404 0.00314355
0 0.687295 0.679038 0.10275 0.233626 0.00310049
0 0.0985025 0.4722 0.197005 0.668466 0.0030947
1 0.560114 0.960819 0.557779 0.0783618 0.00308322
0 0.715562 0.837396 0.557034 0.309439 0.00307642
1 0.816404 0.974183 0.357497 0.051633 0.00307194
0 0.639296 0.601687 0.0785492 0.132725 0.00306885
0 0.801976 0.839943 0.390816 0.315161 0.00306496
0 0.104854 0.258012 0.209708 0.505346 0.00300881
2 0.899635 0.77637 0.198592 0.44711 0.003007
0 0.533482 0.497806 0.072246 0.146892 0.00298006
0 0.886204 0.849019 0.224122 0.301962 0.00290305
2 0.854985 0.840202 0.290029 0.319597 0.00288989
0 0.249621 0.696994 0.0331592 0.0432681 0.00284735
0 0.952872 0.834794 0.0918338 0.330412 0.00284209
0 0.621969 0.625863 0.121804 0.136747 0.00282532
2 0.929625 0.909092 0.140751 0.181817 0.00282441
0 0.440583 0.385368 0.108134 0.122141 0.00282126
2 0.857634 0.97182 0.283062 0.0563607 0.00280373
0 0.550504 0.519157 0.0493132 0.104277 0.00271944
0 0.0943317 0.876174 0.0845305 0.0907852 0.00269069
0 0.150215 0.976782 0.147234 0.0464362 0.0026709
0 0.722544 0.51455 0.0419002 0.0384947 0.00264429
2 0.886024 0.964378 0.224944 0.0712435 0.00263503
0 0.0299046 0.133055 0.051257 0.105424 0.00262496
0 0.569032 0.627511 0.216163 0.29978 0.00259445
0 0.253919 0.651322 0.16598 0.293087 0.00259016
0 0.0348814 0.116184 0.0355166 0.0405879 0.00256285
0 0.130022 0.944299 0.191674 0.111148 0.00252847
0 0.039909 0.113801 0.0293837 0.0437277 0.00246777
0 0.451154 0.522241 0.0980333 0.143673 0.00244419
0 0.523538 0.832232 0.0951478 0.074152 0.00241656
0 0.0478821 0.890975 0.0921257 0.135224 0.00235981
0 0.645893 0.621999 0.104562 0.172881 0.00233684
0 0.809539 0.718997 0.0757172 0.108427 0.00233101
0 0.0949449 0.89898 0.0906504 0.136275 0.00228881
0 0.420897 0.673738 0.0843187 0.102963 0.0022378
0 0.475154 0.323016 0.0946962 0.182368 0.00222171
1 0.240449 0.721042 0.189325 0.15017 0.00216492
0 0.751373 0.462287 0.114142 0.229215 0.00214753
0 0.339606 0.759793 0.239523 0.224124 0.00214258
0 0.164473 0.954197 0.118054 0.0906072 0.00211146
0 0.472698 0.275673 0.131714 0.177417 0.0020989
0 0.962961 0.769572 0.0733275 0.359881 0.00208351
2 0.463833 0.70398 0.0546665 0.119298 0.00207709
0 0.281503 0.752541 0.118373 0.207647 0.00205526
2 0.624972 0.650503 0.13529 0.219726 0.00199896
0 0.615698 0.595565 0.179409 0.195546 0.00199167
0 0.787655 0.313955 0.0493477 0.0855343 0.00198146
0 0.431869 0.128018 0.0643774 0.114697 0.00196863
0 0.270472 0.694448 0.0736516 0.0612158 0.00194502
0 0.692726 0.732376 0.0918802 0.154677 0.00193981
0 0.450712 0.634364 0.0852884 0.155553 0.00192617
0 0.070602 0.842625 0.0656175 0.135307 0.00191339
2 0.437703 0.386561 0.102403 0.119151 0.00188206
0 0.98444 0.468083 0.0275124 0.0394023 0.00187207
0 0.480275 0.625605 0.210175 0.370034 0.00186743
1 0.434925 0.611523 0.137176 0.374039 0.00186509
0 0.166467 0.97588 0.113129 0.0482408 0.00185125
0 0.155453 0.402704 0.0227162 0.0314631 0.00185118
0 0.417845 0.386722 0.180383 0.358427 0.00183763
0 0.715941 0.7394 0.0445528 0.0882251 0.00182596
0 0.7526 0.510642 0.112709 0.151827 0.00181435
0 0.791875 0.33951 0.0539786 0.0477773 0.00180198
2 0.448324 0.51628 0.0967235 0.128848 0.00179788
0 0.40483 0.688724 0.0512989 0.10446 0.00179653
0 0.555597 0.838293 0.0382898 0.0530682 0.00177775
0 0.46969 0.827163 0.144704 0.0948756 0.00176608
0 0.0709464 0.758241 0.141893 0.353009 0.00175052
0 0.468685 0.733018 0.0431786 0.0530096 0.00173416
2 0.728118 0.399091 0.0653729 0.11137 0.00171128
0 0.195472 0.954433 0.234347 0.089775 0.00168591
0 0.402077 0.342837 0.206944 0.302462 0.00165366
0 0.945734 0.827555 0.107099 0.212863 0.00164442
0 0.762082 0.400317 0.134324 0.136429 0.00161041
0 0.111385 0.975889 0.22277 0.0482223 0.00158878
0 0.3388 0.705991 0.285514 0.184474 0.00157007
1 0.435329 0.758438 0.125149 0.209376 0.00156245
0 0.4344 0.114261 0.0594157 0.0749453 0.00156174
0 0.0274392 0.149206 0.0521536 0.139907 0.0015292
0 0.984816 0.424174 0.0303681 0.272144 0.00150018
2 0.342994 0.695555 0.277365 0.213173 0.0014612
0 0.290976 0.954564 0.217834 0.0871087 0.00145662
0 0.628819 0.593302 0.0512409 0.111854 0.00145243
0 0.694076 0.429977 0.15613 0.171503 0.00144673
0 0.693659 0.755518 0.0986711 0.145858 0.00142972
0 0.94424 0.755148 0.111346 0.337354 0.00142245
0 0.763993 0.507648 0.140827 0.256506 0.00141975
0 0.422021 0.379445 0.0619028 0.131172 0.00140768
2 0.222137 0.977713 0.217305 0.0445731 0.00137826
0 0.137541 0.874259 0.18015 0.125278 0.00136651
0 0.688101 0.472689 0.170265 0.140146 0.00136297
0 0.457289 0.0960238 0.152951 0.183665 0.0013563
0 0.0293019 0.0838195 0.0551368 0.167639 0.00134889
0 0.053863 0.790846 0.100762 0.244565 0.0013476
0 0.371504 0.970814 0.0688546 0.0583724 0.00134567
2 0.978349 0.521477 0.0433014 0.217573 0.00133629
0 0.703787 0.360561 0.159031 0.193597 0.00132285
0 0.0797452 0.911752 0.156369 0.176495 0.00131042
0 0.0831204 0.077703 0.166241 0.155406 0.00130845
0 0.439803 0.316688 0.0947537 0.139636 0.00130471
2 0.46051 0.488929 0.0716311 0.113686 0.00129707
0 0.489373 0.848268 0.171709 0.105238 0.00129193
0 0.467387 0.723275 0.0454506 0.0745869 0.00127669
0 0.465187 0.709987 0.0487578 0.108019 0.0012757
0 0.82405 0.878441 0.171973 0.230535 0.00126999
0 0.796578 0.352531 0.0477915 0.0916437 0.00126718
0 0.457747 0.774982 0.0761631 0.16942 0.00126516
2 0.971863 0.582947 0.0562743 0.337942 0.0012632
2 0.984465 0.476693 0.0310696 0.13428 0.00125669
