1 0.638144 0.688881 0.28078 0.217934 0.969657
1 0.628799 0.78371 0.310017 0.43258 0.0203697
1 0.524119 0.70249 0.625611 0.267629 0.0169754
1 0.437814 0.658752 0.774622 0.390981 0.00911263
1 0.62003 0.767234 0.529681 0.441486 0.00648933
1 0.625457 0.600112 0.32887 0.476834 0.00633402
1 0.508124 0.662644 0.565395 0.570414 0.00588247
1 0.606741 0.684622 0.201715 0.202974 0.00432859
1 0.658762 0.768808 0.682476 0.380534 0.00431925
2 0.469326 0.458168 0.72424 0.67734 0.00396341
2 0.4496 0.183713 0.69598 0.357398 0.00394683
1 0.433746 0.65444 0.756278 0.624741 0.00377853
2 0.333296 0.187115 0.625277 0.358246 0.00371091
1 0.681467 0.686967 0.617715 0.221152 0.00362504
1 0.738963 0.600967 0.517754 0.412442 0.00358455
1 0.493789 0.74734 0.885931 0.481265 0.00356628
2 0.382825 0.225812 0.617049 0.369502 0.00355314
2 0.367284 0.431457 0.596993 0.643006 0.00353335
2 0.582132 0.179994 0.686443 0.346268 0.00346256
2 0.501891 0.235054 0.628122 0.381304 0.00344989
2 0.46757 0.617842 0.654653 0.62012 0.00344732
2 0.771279 0.0542134 0.402268 0.108427 0.00342965
0 0.407761 0.643072 0.796307 0.661948 0.00339361
1 0.619437 0.781323 0.761126 0.435918 0.00334646
2 0.586771 0.427795 0.781308 0.596614 0.00331921
2 0.492246 0.366307 0.61525 0.540442 0.00327915
2 0.635059 0.0515258 0.457301 0.103052 0.00325815
1 0.411135 0.785744 0.771133 0.428512 0.00324245
2 0.255029 0.226653 0.510057 0.357038 0.00322653
0 0.828464 0.0509272 0.328821 0.101854 0.00322428
2 0.763195 0.782745 0.47361 0.414063 0.00318213
0 0.0644276 0.0591254 0.128855 0.118251 0.00317758
0 0.91375 0.0585694 0.1725 0.117139 0.00314777
2 0.673582 0.393802 0.652835 0.556051 0.00314362
2 0.552417 0.0486768 0.506574 0.0973535 0.00313424
0 0.421532 0.0552285 0.744618 0.106855 0.00312417
0 0.412925 0.710169 0.674258 0.537307 0.00311373
0 0.762286 0.0539686 0.475427 0.104621 0.00309301
2 0.826225 0.201135 0.347551 0.376138 0.00307493
0 0.916739 0.108552 0.166522 0.217103 0.00306356
0 0.287738 0.148091 0.575475 0.294185 0.00306155
2 0.678741 0.234261 0.541052 0.357247 0.00303538
2 0.0926901 0.0573968 0.18538 0.11413 0.00303421
0 0.855093 0.188995 0.289814 0.376595 0.00303308
2 0.746738 0.189976 0.506523 0.356467 0.00303001
2 0.668407 0.32473 0.561763 0.438409 0.00302994
2 0.310204 0.316971 0.540233 0.440324 0.00302631
0 0.253247 0.0464184 0.41878 0.0928368 0.00302065
0 0.411245 0.0486884 0.506819 0.0973254 0.00301801
2 0.571134 0.121032 0.795451 0.238227 0.00301465
2 0.963359 0.228868 0.0732828 0.425573 0.00300931
0 0.330515 0.0472955 0.465237 0.0945911 0.00299965
0 0.14616 0.0540383 0.29232 0.108077 0.0029897
0 0.419033 0.780445 0.838067 0.439109 0.00296681
2 0.129508 0.604772 0.259015 0.734963 0.00296211
2 0.637522 0.767744 0.724955 0.464513 0.00295551
0 0.890194 0.226119 0.219612 0.418806 0.00295398
0 0.842604 0.578932 0.314791 0.536396 0.00294565
2 0.786514 0.361998 0.426971 0.558804 0.00294514
0 0.271407 0.705638 0.501751 0.540127 0.00294504
0 0.109773 0.617472 0.219546 0.681756 0.00294201
0 0.324022 0.608285 0.532879 0.651099 0.0029369
2 0.961571 0.305807 0.0768579 0.470147 0.00293566
2 0.214081 0.452297 0.428161 0.706563 0.00293486
2 0.0991295 0.781644 0.198259 0.436713 0.00293087
2 0.226666 0.187024 0.453331 0.355247 0.00291909
2 0.177843 0.65287 0.355685 0.577385 0.00291636
0 0.954023 0.196945 0.0919537 0.393891 0.00289394
2 0.114211 0.505712 0.228423 0.725469 0.00289063
2 0.0695955 0.456444 0.139191 0.748992 0.00288689
0 0.0947462 0.685044 0.189492 0.543293 0.0028868
0 0.73088 0.597706 0.538239 0.47183 0.00287741
0 0.623278 0.786998 0.753444 0.426005 0.00287502
0 0.693982 0.604549 0.612036 0.545455 0.0028663
0 0.176868 0.147729 0.353735 0.295458 0.00286015
0 0.930366 0.585207 0.139269 0.524552 0.00285817
0 0.622535 0.0532401 0.625348 0.103588 0.00285482
2 0.899411 0.944422 0.201178 0.111157 0.00285227
0 0.0651954 0.106517 0.130391 0.205627 0.00284584
2 0.722738 0.385055 0.554524 0.663559 0.00284432
0 0.942623 0.539296 0.114755 0.558161 0.00284388
0 0.78576 0.613692 0.42848 0.494466 0.0028348
0 0.912152 0.713965 0.175696 0.47075 0.00283083
0 0.803768 0.164244 0.392465 0.323868 0.00282831
2 0.954326 0.381856 0.0913481 0.559568 0.00282636
0 0.928086 0.32312 0.143828 0.485439 0.0028228
0 0.218695 0.615061 0.437389 0.668638 0.00282072
2 0.840319 0.253385 0.319361 0.403256 0.00281969
2 0.846793 0.330906 0.306413 0.479439 0.00279753
0 0.349123 0.471599 0.661786 0.779854 0.00279317
0 0.917287 0.275276 0.165426 0.441173 0.00279115
0 0.0719194 0.234212 0.143839 0.468424 0.00278948
0 0.835582 0.751735 0.328836 0.424716 0.00278472
0 0.814497 0.855715 0.371006 0.28857 0.00278326
0 0.270645 0.767732 0.418802 0.425964 0.00278213
0 0.935194 0.668023 0.129613 0.483841 0.00277939
0 0.596447 0.635762 0.672561 0.618362 0.00277928
2 0.0838083 0.547582 0.167617 0.752122 0.00276675
2 0.950443 0.439572 0.099114 0.629321 0.00276054
0 0.736633 0.14398 0.526735 0.283275 0.00275932
2 0.140308 0.788326 0.280616 0.400791 0.00275191
1 0.758082 0.950242 0.483836 0.0995151 0.00274232
2 0.0744023 0.804495 0.148805 0.39101 0.0027385
2 0.0791246 0.9098 0.158249 0.180399 0.00273463
2 0.21354 0.599142 0.427081 0.740883 0.00272884
0 0.456892 0.561784 0.809328 0.624961 0.00271757
0 0.762064 0.5316 0.475871 0.614777 0.00271371
1 0.702929 0.922525 0.594141 0.154949 0.00271296
2 0.0639289 0.726832 0.127858 0.500414 0.00271264
2 0.1545 0.277138 0.309001 0.49335 0.00270042
0 0.0690152 0.404419 0.13803 0.726884 0.00269498
0 0.884869 0.891629 0.230262 0.216742 0.00268592
2 0.42174 0.782746 0.810964 0.429586 0.00268235
0 0.0848277 0.287635 0.169655 0.575269 0.00267664
0 0.681163 0.71819 0.637674 0.473438 0.00264135
0 0.665001 0.847528 0.669998 0.304944 0.00263147
1 0.704931 0.657391 0.590139 0.452739 0.00263077
0 0.894078 0.369355 0.211845 0.625922 0.00262284
0 0.218379 0.784229 0.436758 0.402652 0.00262142
0 0.0636543 0.841795 0.127309 0.31641 0.00262002
2 0.544593 0.796842 0.859518 0.406316 0.00261433
0 0.121774 0.409507 0.243548 0.674988 0.00261176
0 0.87474 0.419697 0.25052 0.717402 0.0026035
2 0.656966 0.558015 0.686068 0.56659 0.0026008
2 0.543354 0.565809 0.831246 0.589659 0.002599
1 0.820187 0.958844 0.359625 0.0823123 0.00257346
0 0.249559 0.500063 0.499118 0.770789 0.00256727
0 0.749756 0.889088 0.500489 0.221825 0.00254507
2 0.10449 0.81861 0.208981 0.362781 0.00251258
2 0.611879 0.835771 0.776242 0.328458 0.002512
1 0.643037 0.878691 0.658943 0.242618 0.0025053
0 0.0713092 0.875727 0.142618 0.248545 0.00250203
2 0.113696 0.912118 0.227392 0.175764 0.00249668
2 0.156239 0.923796 0.312478 0.152409 0.00248192
2 0.667825 0.869523 0.664351 0.260954 0.00247406
2 0.226566 0.908428 0.407003 0.183145 0.00245315
2 0.318271 0.906006 0.444426 0.187989 0.00239533
0 0.315349 0.849045 0.580176 0.285339 0.00237144
0 0.306205 0.885789 0.486533 0.228422 0.00234736
0 0.454812 0.853526 0.806058 0.292947 0.00234731
2 0.0959355 0.862922 0.191871 0.274157 0.00233196
0 0.216978 0.888078 0.424126 0.223845 0.00232329
0 0.387914 0.886518 0.526785 0.226965 0.00232189
0 0.223164 0.860691 0.446327 0.275171 0.00231594
0 0.145945 0.869545 0.291891 0.260391 0.00230101
0 0.513073 0.873388 0.667301 0.253224 0.00219299
0 0.636341 0.622137 0.088329 0.0727337 0.00157758
0 0.605288 0.656624 0.198776 0.141373 0.00148092
1 0.862004 0.0725323 0.262256 0.145065 0.00142064
2 0.874096 0.0797957 0.249835 0.158657 0.00138401
2 0.636101 0.654272 0.269143 0.136232 0.00133739
2 0.839552 0.052628 0.31576 0.103623 0.00131953
0 0.824439 0.963002 0.175231 0.0739956 0.0013185
2 0.0514131 0.0281154 0.102826 0.0562308 0.00127728
0 0.647137 0.644176 0.255608 0.116392 0.00127437
0 0.579652 0.681223 0.216257 0.223759 0.001268
1 0.576968 0.680681 0.143728 0.221625 0.00126295
2 0.751065 0.0105417 0.23438 0.0210833 0.00126037
0 0.850886 0.963074 0.27595 0.0738529 0.00125078
0 0.815314 0.962216 0.119855 0.073259 0.00123214
2 0.0444618 0.148465 0.0889236 0.296931 0.00122672
2 0.896399 0.135536 0.207202 0.269567 0.00121107
2 0.819124 0.0113278 0.240495 0.0226556 0.0012081
2 0.0309205 0.199278 0.061841 0.398555 0.00120458
1 0.638524 0.733005 0.285987 0.122678 0.00117503
2 0.0355026 0.0454234 0.0710052 0.0908469 0.00116605
2 0.0706108 0.225587 0.141222 0.451174 0.00116522
1 0.664344 0.665439 0.226038 0.16155 0.00115554
2 0.714365 0.0378409 0.4574 0.0753498 0.00113947
2 0.0926782 0.156086 0.185356 0.312173 0.0011311
2 0.656227 0.0770482 0.372124 0.153949 0.00112967
2 0.830558 0.0737264 0.326311 0.146716 0.00111255
1 0.877813 0.0936072 0.244374 0.183987 0.00110505
1 0.579071 0.732057 0.411083 0.125481 0.00110378
1 0.874921 0.0114486 0.246946 0.0228973 0.00109518
2 0.816699 0.963452 0.13809 0.0730951 0.0010915
2 0.925819 0.211268 0.148361 0.407008 0.00108651
1 0.571221 0.652084 0.231525 0.178985 0.00108134
2 0.0714794 0.0148916 0.142959 0.0297831 0.00107847
2 0.988697 0.160539 0.0226058 0.321077 0.00107671
2 0.232562 0.0466514 0.413565 0.0919867 0.00107382
2 0.989089 0.110861 0.021821 0.221722 0.00107198
2 0.0205466 0.196048 0.0410932 0.392096 0.00106994
2 0.949279 0.0211352 0.101443 0.0422704 0.00105454
2 0.705428 0.0108518 0.265861 0.0217035 0.00105329
1 0.885607 0.147571 0.228785 0.295142 0.00105315
2 0.0823053 0.0516335 0.164611 0.102022 0.00105295
2 0.0739413 0.0795589 0.147883 0.158182 0.00105058
1 0.571702 0.71227 0.13932 0.161776 0.00104442
2 0.258635 0.0116672 0.247805 0.0233343 0.00104067
2 0.419476 0.0461152 0.493808 0.0913249 0.0010388
2 0.145981 0.0513588 0.291961 0.10181 0.00103789
0 0.561045 0.724801 0.109299 0.13569 0.00102926
2 0.0699659 0.0601294 0.139932 0.120259 0.00102575
0 0.711778 0.624817 0.276617 0.120769 0.00102452
0 0.557073 0.612925 0.236524 0.203086 0.0010232
2 0.983373 0.211919 0.0332533 0.423838 0.00102212
2 0.0970186 0.922476 0.194037 0.155048 0.00101344
2 0.0857253 0.105013 0.171451 0.210025 0.00101245
0 0.675477 0.628745 0.206296 0.0901281 0.00100719
1 0.677004 0.716163 0.209744 0.105312 0.00100082
2 0.940546 0.0705526 0.118907 0.141105 0.000998648
2 0.964983 0.968989 0.0700337 0.0620216 0.000997823
2 0.0649833 0.881099 0.129967 0.237802 0.000997722
2 0.978285 0.124031 0.0434291 0.248062 0.00099637
2 0.735322 0.072864 0.377314 0.14474 0.000995809
0 0.606913 0.628411 0.20841 0.0953925 0.000987978
2 0.990859 0.201731 0.0182827 0.314388 0.000987926
2 0.197232 0.0449118 0.394463 0.0893289 0.000984203
2 0.246603 0.0758278 0.324522 0.150477 0.000981339
2 0.148279 0.0783214 0.296558 0.156048 0.000978608
2 0.441802 0.0813171 0.378953 0.162271 0.000977424
2 0.896298 0.0492006 0.207405 0.0984011 0.000976924
0 0.875402 0.948274 0.238063 0.10248 0.000976224
2 0.958628 0.972968 0.082744 0.0540645 0.000972055
2 0.0524718 0.854933 0.104944 0.290133 0.000968696
2 0.992904 0.253299 0.0141926 0.242413 0.000964945
1 0.10504 0.93775 0.21008 0.1245 0.000962593
2 0.601263 0.011998 0.271614 0.0239959 0.000948658
2 0.0353616 0.781775 0.0707231 0.43645 0.000948551
0 0.765964 0.599539 0.287801 0.180757 0.000940307
2 0.13976 0.0118045 0.279012 0.0236089 0.000937927
0 0.696619 0.474929 0.288864 0.188712 0.000937624
2 0.014131 0.752407 0.0282619 0.495185 0.000937396
2 0.323861 0.0121625 0.258891 0.0243251 0.000935985
2 0.12986 0.174331 0.25972 0.348663 0.000935481
2 0.0254249 0.84299 0.0508499 0.31402 0.000934596
2 0.489513 0.131833 0.320655 0.263666 0.00093169
2 0.00394308 0.589954 0.00788615 0.616839 0.000927957
2 0.522382 0.0119882 0.261793 0.0239765 0.000926578
0 0.814101 0.848178 0.321624 0.193396 0.000925392
0 0.7537 0.928503 0.204083 0.118293 0.000921317
0 0.79054 0.917848 0.23653 0.156116 0.000920678
2 0.0982886 0.012236 0.196577 0.024472 0.000918651
2 0.884829 0.199419 0.230342 0.398839 0.000917715
0 0.704983 0.920634 0.156196 0.0807586 0.00091418
2 0.944226 0.259923 0.111549 0.403833 0.000912178
2 0.010669 0.366222 0.0213381 0.603551 0.000910128
2 0.620996 0.82598 0.276761 0.164713 0.000907604
2 0.68774 0.106842 0.328874 0.212811 0.000905295
2 0.481797 0.0529485 0.480339 0.105012 0.00090378
0 0.7133 0.884256 0.205342 0.125974 0.00090253
0 0.645303 0.471078 0.228952 0.173834 0.000899888
2 0.00768401 0.513899 0.015368 0.610541 0.000898372
2 0.129188 0.968909 0.200761 0.0621825 0.000895252
2 0.953658 0.107857 0.0926837 0.215713 0.000893517
0 0.163665 0.718991 0.319566 0.208455 0.000892844
2 0.0848245 0.212573 0.169649 0.405072 0.00089137
2 0.0938722 0.945552 0.187744 0.108896 0.000891303
0 0.788299 0.962479 0.15946 0.0750424 0.000891177
0 0.637195 0.721083 0.271054 0.14675 0.000890715
0 0.845129 0.849375 0.309742 0.21901 0.000888261
0 0.693479 0.500083 0.259277 0.156375 0.00088801
0 0.854363 0.803247 0.291275 0.261033 0.000887656
2 0.00893417 0.720584 0.0178683 0.558831 0.000884663
2 0.0855276 0.791292 0.171055 0.329872 0.000884546
2 0.436397 0.328728 0.235014 0.156559 0.000880031
2 0.449914 0.0120162 0.297382 0.0240325 0.000879784
0 0.650639 0.826406 0.329518 0.192267 0.000870423
2 0.479826 0.327258 0.208816 0.150608 0.000869716
2 0.682054 0.828822 0.352035 0.1972 0.000866749
2 0.167631 0.128389 0.335262 0.256777 0.000863545
2 0.994747 0.301829 0.0105067 0.191356 0.000863112
2 0.685439 0.1177 0.250077 0.18407 0.000861941
1 0.671596 0.0947105 0.29921 0.187843 0.000861701
2 0.948883 0.265497 0.102234 0.286722 0.00086083
2 0.992823 0.525781 0.0143537 0.165117 0.000859386
0 0.766358 0.87297 0.259718 0.166526 0.000858926
0 0.590153 0.616064 0.185277 0.128848 0.00085858
2 0.618078 0.912806 0.278732 0.174388 0.000857824
0 0.582197 0.680571 0.149394 0.227477 0.000856838
2 0.163137 0.975745 0.195736 0.0485102 0.000856656
2 0.559602 0.0741425 0.341331 0.147504 0.000856448
2 0.537445 0.688195 0.218705 0.219215 0.000855349
2 0.705455 0.776003 0.589091 0.175374 0.000854146
0 0.6852 0.85224 0.292576 0.178248 0.000853968
2 0.0822187 0.308011 0.164437 0.281836 0.000853849
2 0.0226088 0.260758 0.0452176 0.521515 0.000853642
2 0.542441 0.908308 0.305992 0.183385 0.000853147
0 0.774647 0.822539 0.315497 0.192907 0.000853036
0 0.185805 0.720482 0.371611 0.344777 0.000852975
2 0.642901 0.848597 0.285958 0.18878 0.000852794
2 0.991916 0.500471 0.0161689 0.177304 0.000852624
2 0.0119332 0.286434 0.0238664 0.572868 0.000849858
0 0.877595 0.760934 0.244809 0.207239 0.000848704
2 0.613677 0.161905 0.258666 0.186141 0.00084555
0 0.858029 0.69295 0.283942 0.12565 0.000845356
2 0.335192 0.0717951 0.38911 0.142065 0.000844301
2 0.827788 0.1809 0.231101 0.17482 0.000843932
0 0.721561 0.826552 0.330287 0.199733 0.000843024
2 0.43062 0.168072 0.427369 0.336144 0.00084118
0 0.649774 0.499871 0.235196 0.158885 0.000840766
1 0.633941 0.970958 0.167721 0.058085 0.000840661
2 0.993921 0.569124 0.0121584 0.149388 0.00084047
2 0.0954191 0.268065 0.190838 0.359604 0.000840386
2 0.992458 0.595203 0.0150839 0.159868 0.000839956
0 0.163284 0.752758 0.294884 0.171513 0.000839395
2 0.616293 0.128307 0.252276 0.173136 0.000838169
2 0.386508 0.306442 0.250822 0.201221 0.000838135
1 0.410365 0.122231 0.407114 0.244461 0.000838067
