1 0.53493 0.578062 0.837348 0.544916 0.950154
1 0.476683 0.64153 0.953367 0.716941 0.463486
1 0.510587 0.709597 0.894455 0.580806 0.0245511
1 0.597898 0.51761 0.735817 0.414567 0.0105893
1 0.150723 0.773765 0.301446 0.432419 0.00917752
1 0.100904 0.788029 0.201807 0.415327 0.00753658
0 0.032658 0.876773 0.065316 0.20076 0.00720785
0 0.0330239 0.837451 0.0660477 0.0885286 0.00690228
1 0.149212 0.655864 0.298425 0.64195 0.00662954
2 0.469082 0.353503 0.938164 0.6983 0.00612483
1 0.670712 0.601318 0.580729 0.367932 0.00600431
1 0.617652 0.7137 0.691457 0.572601 0.00580518
1 0.415413 0.802215 0.830826 0.395571 0.00532121
1 0.701401 0.692985 0.549213 0.614029 0.00526303
2 0.650328 0.386923 0.663065 0.730664 0.00504639
1 0.71597 0.37986 0.54962 0.700937 0.00456404
2 0.488935 0.667045 0.977869 0.665909 0.00456078
0 0.0278774 0.902442 0.0557548 0.105291 0.00442668
1 0.373855 0.632869 0.74771 0.711599 0.00435382
2 0.0269864 0.907497 0.0539727 0.12131 0.00424653
2 0.652051 0.665535 0.695898 0.66893 0.00424255
1 0.481919 0.502312 0.963837 0.590774 0.0041941
2 0.683238 0.0576213 0.51008 0.115243 0.00417084
1 0.0532819 0.829296 0.106564 0.32518 0.00400213
0 0.149039 0.705286 0.298078 0.140286 0.00400084
1 0.779424 0.400462 0.437428 0.606421 0.00397194
1 0.183423 0.692552 0.366845 0.382927 0.00387923
0 0.723342 0.429257 0.553316 0.637785 0.00374084
1 0.343292 0.520965 0.686584 0.934071 0.00355528
1 0.738737 0.639957 0.451214 0.452949 0.00355322
2 0.520807 0.252015 0.921171 0.495247 0.00354193
0 0.550955 0.0540973 0.596981 0.108195 0.00351149
2 0.766099 0.311536 0.467803 0.573646 0.00350095
1 0.59477 0.409134 0.740935 0.693672 0.00344625
0 0.43523 0.0540182 0.734486 0.105933 0.00342207
0 0.0316322 0.855833 0.0632643 0.133462 0.00342022
0 0.257121 0.0566534 0.443293 0.113096 0.00337459
0 0.472025 0.299086 0.788155 0.589618 0.00336785
0 0.0287352 0.890895 0.0574703 0.0630137 0.00336285
0 0.338614 0.0572551 0.503133 0.114228 0.00335726
2 0.766882 0.224143 0.466236 0.425734 0.00335422
1 0.153165 0.551563 0.30633 0.883976 0.00334943
2 0.384372 0.3625 0.722505 0.713854 0.00330269
1 0.20867 0.739415 0.417341 0.258351 0.00329502
0 0.808896 0.318205 0.381046 0.529544 0.00328558
2 0.65796 0.220979 0.684081 0.425373 0.00326785
0 0.189008 0.058018 0.378017 0.115938 0.00326536
0 0.791148 0.0572695 0.415918 0.114539 0.00326063
2 0.848908 0.0589615 0.302184 0.117923 0.00324123
1 0.223707 0.633348 0.447415 0.514908 0.00323623
2 0.777802 0.738811 0.444395 0.522378 0.00318304
0 0.91011 0.375991 0.17978 0.560534 0.00318296
1 0.240865 0.606946 0.481731 0.766052 0.00317954
1 0.710739 0.553279 0.493275 0.460273 0.00314079
0 0.0886923 0.0609321 0.177385 0.121864 0.00313123
0 0.484975 0.114498 0.96995 0.225362 0.00310576
0 0.789737 0.15249 0.420525 0.298892 0.00307563
0 0.828152 0.0637552 0.343695 0.12751 0.00305565
0 0.273543 0.145841 0.547086 0.28887 0.00305468
0 0.0864753 0.122162 0.172951 0.23793 0.00302587
1 0.219272 0.474363 0.438544 0.892704 0.00302488
0 0.240781 0.195774 0.481562 0.376203 0.00302421
2 0.0607535 0.32232 0.121507 0.600855 0.00301405
0 0.124408 0.146821 0.248816 0.292879 0.0030133
0 0.119751 0.0558987 0.239501 0.108419 0.00299258
2 0.0849668 0.267176 0.169934 0.483824 0.00298673
2 0.844025 0.95622 0.311949 0.0875605 0.00296585
1 0.201361 0.80531 0.402721 0.38938 0.00295813
0 0.0679667 0.268451 0.135933 0.527473 0.00294967
2 0.750148 0.141998 0.499704 0.277051 0.00294712
0 0.728262 0.517721 0.512144 0.500156 0.00292611
0 0.376126 0.429731 0.752252 0.81586 0.00291105
1 0.365101 0.848686 0.730201 0.302629 0.00288091
0 0.313992 0.215359 0.547304 0.414252 0.00287017
0 0.433638 0.148897 0.74549 0.293739 0.00285905
0 0.900319 0.171063 0.199362 0.342127 0.00285615
0 0.0788442 0.20988 0.157688 0.41453 0.00285391
0 0.104689 0.587462 0.209379 0.807139 0.00284487
2 0.0570595 0.907903 0.114119 0.184194 0.00282832
0 0.267389 0.420778 0.533364 0.764399 0.00281518
0 0.927363 0.307511 0.145275 0.514127 0.0028115
0 0.631309 0.125366 0.737383 0.244646 0.00278781
0 0.935364 0.236891 0.129272 0.451004 0.00276114
1 0.437685 0.465358 0.87537 0.769987 0.00275139
0 0.947876 0.461449 0.104247 0.518945 0.00272214
1 0.652874 0.498318 0.623562 0.525806 0.00268458
2 0.0501274 0.877509 0.100255 0.241174 0.00268074
2 0.18647 0.260654 0.37294 0.468631 0.00267141
0 0.0657435 0.45556 0.131487 0.727844 0.00266359
2 0.0886509 0.361977 0.177302 0.590785 0.00265433
0 0.0749112 0.552701 0.149822 0.763522 0.00263845
0 0.215623 0.289604 0.431247 0.521256 0.00263379
0 0.17422 0.44399 0.348439 0.757125 0.00258975
2 0.728568 0.562181 0.469606 0.473563 0.00257391
2 0.461651 0.741589 0.923303 0.507101 0.00256851
0 0.797735 0.549836 0.404529 0.438651 0.00255927
0 0.890812 0.525655 0.218376 0.460671 0.00254221
0 0.098701 0.861765 0.197402 0.273682 0.00253215
0 0.375219 0.770492 0.750437 0.459016 0.00248781
2 0.689605 0.450109 0.546871 0.318525 0.00248737
2 0.0941286 0.460096 0.188257 0.729631 0.00248584
1 0.741583 0.680115 0.516835 0.639771 0.00248486
2 0.107995 0.920347 0.215989 0.158642 0.00246425
2 0.763084 0.709317 0.473833 0.581366 0.00244977
2 0.856161 0.91473 0.287679 0.170539 0.00244494
0 0.147392 0.84195 0.294784 0.310976 0.00244456
2 0.77899 0.855206 0.442021 0.288742 0.00239923
1 0.114892 0.515012 0.229783 0.832682 0.0023897
0 0.356145 0.869635 0.71229 0.256485 0.00237356
0 0.194591 0.782744 0.389181 0.434511 0.00237229
2 0.820994 0.924844 0.358012 0.148099 0.0023435
2 0.834312 0.81414 0.331376 0.371719 0.00233155
2 0.83054 0.973213 0.338921 0.0515417 0.00228328
0 0.3418 0.96786 0.683599 0.0637396 0.00224716
0 0.76337 0.616319 0.473261 0.481635 0.0021863
0 0.156689 0.97095 0.313377 0.0570034 0.00218265
0 0.235437 0.969707 0.470874 0.0596275 0.00215093
0 0.451818 0.820115 0.903636 0.35977 0.00212767
0 0.0351166 0.834977 0.0702332 0.330046 0.00193627
1 0.76887 0.0953879 0.369904 0.189422 0.00177535
0 0.210379 0.737839 0.420757 0.217613 0.0017439
0 0.0904648 0.708873 0.18093 0.156066 0.00171056
0 0.070024 0.707236 0.140048 0.12247 0.0017088
2 0.0461057 0.918268 0.0922113 0.150987 0.00169572
1 0.766436 0.970102 0.467128 0.0597952 0.00169035
1 0.670035 0.957353 0.601547 0.0852935 0.00164216
2 0.0430454 0.887716 0.0860907 0.224567 0.00147046
2 0.0737671 0.922616 0.145087 0.154768 0.00142908
0 0.0317164 0.818452 0.0634327 0.0443729 0.00142087
0 0.0907313 0.660476 0.181463 0.238531 0.00137253
2 0.0357679 0.854235 0.0715358 0.291529 0.00135544
0 0.0781847 0.871442 0.156369 0.218678 0.00128888
2 0.150036 0.710796 0.300072 0.151492 0.00128502
0 0.600559 0.391591 0.460496 0.14823 0.00127569
0 0.685567 0.38859 0.312581 0.151131 0.001274
0 0.597416 0.0110896 0.299237 0.0221792 0.00126213
1 0.733377 0.936255 0.533246 0.125935 0.00123968
0 0.668681 0.308804 0.375259 0.290453 0.00123808
0 0.660831 0.0123767 0.26677 0.0247533 0.00116752
2 0.089989 0.0861623 0.179978 0.172325 0.00116632
2 0.0662296 0.050423 0.132459 0.100846 0.00115957
2 0.039151 0.877934 0.0783021 0.187093 0.0011466
2 0.104281 0.922792 0.187391 0.154416 0.00114185
2 0.141555 0.923871 0.283109 0.152259 0.00113744
1 0.142536 0.897333 0.282901 0.205334 0.00113615
2 0.142608 0.064474 0.285217 0.128948 0.00113557
0 0.507467 0.401509 0.229214 0.195363 0.00113513
2 0.0506073 0.159043 0.101215 0.318086 0.00112905
0 0.626622 0.361345 0.401675 0.176883 0.00112479
0 0.731287 0.385246 0.305671 0.175258 0.00112036
0 0.745487 0.0882333 0.509026 0.176314 0.00112015
2 0.105909 0.291577 0.211818 0.303358 0.00111098
2 0.186649 0.963293 0.373297 0.0734131 0.00109678
0 0.0350169 0.782597 0.0700338 0.434805 0.00108432
0 0.671006 0.034818 0.657987 0.0696359 0.00108086
2 0.0887854 0.250099 0.177571 0.249747 0.00107221
2 0.656304 0.0356814 0.619348 0.0713628 0.00106795
2 0.938628 0.0126298 0.122744 0.0252595 0.00106553
0 0.717572 0.278468 0.272582 0.222752 0.00106263
0 0.0349912 0.208961 0.0699823 0.17396 0.00106104
0 0.692471 0.346633 0.318273 0.208159 0.00106048
2 0.400724 0.0473858 0.440178 0.0944492 0.00105226
0 0.536464 0.011913 0.328522 0.0238261 0.00105012
0 0.261734 0.808544 0.523468 0.334231 0.00104064
0 0.714848 0.791682 0.351597 0.24394 0.00103835
2 0.0199622 0.280297 0.0399244 0.560594 0.00103598
2 0.0237979 0.917722 0.0475958 0.164556 0.00103522
0 0.315926 0.604262 0.407909 0.338648 0.00103455
2 0.100394 0.0610717 0.200788 0.121246 0.00103221
0 0.481801 0.366325 0.183213 0.133097 0.00102964
2 0.0369897 0.0909396 0.0739794 0.181879 0.00102953
0 0.504863 0.36699 0.225568 0.10989 0.00102785
1 0.782328 0.539114 0.326895 0.336627 0.00102306
0 0.214467 0.916969 0.428934 0.166061 0.00102293
0 0.0904576 0.785784 0.180915 0.359965 0.00102045
2 0.0442762 0.230188 0.0885524 0.214149 0.00101998
0 0.806531 0.90386 0.386937 0.19228 0.00101956
2 0.0229736 0.180616 0.0459472 0.361233 0.00101953
2 0.67992 0.968815 0.399918 0.0623705 0.00101855
2 0.115544 0.889531 0.231089 0.214983 0.00101737
0 0.143269 0.682936 0.286537 0.143022 0.001017
0 0.477974 0.361054 0.16884 0.0965675 0.00101307
0 0.361773 0.514618 0.209045 0.234532 0.00101217
0 0.200109 0.854237 0.400218 0.291527 0.00101207
0 0.697 0.919818 0.316675 0.160365 0.00101045
0 0.774462 0.279842 0.451075 0.319437 0.00101029
2 0.193777 0.057751 0.387554 0.11531 0.00100872
0 0.0244236 0.158239 0.0488472 0.0696046 0.00100597
0 0.742396 0.779301 0.474133 0.291802 0.00100507
0 0.332961 0.825028 0.470646 0.349945 0.00100115
2 0.0807143 0.0171459 0.161429 0.0342917 0.000995213
0 0.380608 0.761241 0.761216 0.289033 0.000993523
2 0.401797 0.0715245 0.314354 0.142207 0.000990672
0 0.451496 0.0133876 0.305765 0.0267752 0.000986424
0 0.737633 0.827858 0.335419 0.344284 0.000979923
2 0.134621 0.0139154 0.25826 0.0278307 0.000975296
2 0.114518 0.123799 0.229037 0.246653 0.000973271
2 0.214508 0.0690109 0.282161 0.137703 0.000972028
0 0.555939 0.371741 0.40426 0.118408 0.000971666
0 0.652614 0.337256 0.365565 0.164718 0.000971213
0 0.752255 0.322659 0.366064 0.270424 0.000967285
1 0.795546 0.922806 0.408907 0.151072 0.00096323
0 0.078736 0.143735 0.157472 0.257439 0.000963117
2 0.815756 0.958387 0.368487 0.0832251 0.000961944
2 0.00728541 0.464731 0.0145708 0.606371 0.000960955
0 0.332144 0.012045 0.271077 0.02409 0.000960618
2 0.717249 0.0826007 0.565503 0.165201 0.000960609
0 0.355095 0.856038 0.347582 0.287923 0.000958803
0 0.722383 0.825473 0.455279 0.319252 0.000954067
0 0.370483 0.0131577 0.278693 0.0263154 0.000953406
0 0.247331 0.836448 0.477324 0.327104 0.000951836
0 0.446081 0.427896 0.343336 0.226092 0.000948913
2 0.758407 0.961005 0.421112 0.0779906 0.000948846
2 0.609114 0.969913 0.392898 0.060174 0.000946534
0 0.551616 0.398267 0.31955 0.176902 0.000945129
0 0.48587 0.45614 0.430723 0.271969 0.000944791
2 0.0759124 0.645009 0.151825 0.50231 0.000944551
0 0.705481 0.867784 0.334085 0.264433 0.00093856
0 0.247568 0.013046 0.270601 0.0260921 0.000933256
2 0.468753 0.0422651 0.517078 0.0845302 0.000930318
0 0.716128 0.714635 0.329067 0.155044 0.000926666
2 0.965211 0.620428 0.0695778 0.531793 0.000925927
2 0.236927 0.96605 0.473854 0.0679 0.000925906
0 0.762939 0.873298 0.367403 0.253405 0.00092567
1 0.177 0.916912 0.354 0.165264 0.000925123
0 0.031718 0.816328 0.063436 0.0691353 0.000923895
2 0.0726305 0.472436 0.145261 0.188881 0.000921319
2 0.538875 0.0346788 0.538368 0.0689398 0.000920075
1 0.893381 0.922926 0.213238 0.150073 0.000917759
0 0.807798 0.0117443 0.281976 0.0234885 0.000917435
2 0.0575277 0.212848 0.115055 0.153267 0.000913977
0 0.301025 0.906522 0.50951 0.186955 0.00091397
0 0.286014 0.653215 0.347019 0.215659 0.000913194
2 0.00768871 0.315894 0.0153774 0.594955 0.000912566
2 0.306993 0.0464565 0.451018 0.0922208 0.000912116
0 0.192066 0.702644 0.196334 0.134212 0.000911247
1 0.0877289 0.111693 0.175458 0.219918 0.000910896
0 0.827879 0.863194 0.344243 0.273613 0.000910854
1 0.241818 0.940562 0.483637 0.118876 0.000906414
0 0.845302 0.167869 0.309395 0.214933 0.000906132
0 0.629703 0.907345 0.38329 0.185309 0.000903495
0 0.688172 0.107212 0.52167 0.214424 0.000901745
0 0.0915455 0.604562 0.183091 0.280324 0.000900843
0 0.101674 0.0139588 0.203348 0.0279176 0.000900148
2 0.848764 0.0388996 0.302472 0.0777992 0.000899398
0 0.393415 0.881102 0.334504 0.237796 0.000898899
2 0.992544 0.364682 0.0149123 0.226063 0.000895956
0 0.750798 0.914206 0.367872 0.171588 0.00089589
1 0.465993 0.924268 0.420055 0.151464 0.000895155
2 0.804205 0.0473396 0.39159 0.0946793 0.000892865
1 0.867053 0.0104322 0.265894 0.0207606 0.000892048
0 0.520541 0.39067 0.459464 0.149604 0.000891931
1 0.658561 0.531529 0.542226 0.361046 0.000888721
2 0.163985 0.104082 0.314037 0.207048 0.000887781
0 0.0983145 0.73994 0.196629 0.197834 0.000885547
0 0.407305 0.168197 0.207145 0.135787 0.000883568
0 0.0524755 0.764192 0.104951 0.471615 0.000883457
2 0.982223 0.586413 0.0355546 0.463676 0.000883031
2 0.94818 0.643558 0.103641 0.547851 0.000881768
0 0.451279 0.511847 0.344234 0.387246 0.000878047
2 0.991782 0.307108 0.016436 0.23156 0.000877658
0 0.772921 0.378041 0.332506 0.200106 0.000877539
0 0.28102 0.877416 0.437574 0.245168 0.000877044
0 0.0546505 0.201523 0.109301 0.11014 0.00087511
2 0.880867 0.959871 0.238266 0.080259 0.000873958
2 0.0687198 0.442008 0.13744 0.143495 0.000873249
0 0.355914 0.449649 0.232102 0.252214 0.000872305
0 0.221714 0.903484 0.443428 0.193033 0.000872033
0 0.652188 0.397504 0.396735 0.177613 0.000869668
0 0.761251 0.121236 0.317739 0.242472 0.000869333
0 0.587795 0.352014 0.29758 0.115918 0.000867229
0 0.735818 0.0133442 0.268706 0.0266885 0.000866723
2 0.32513 0.0696598 0.315267 0.137709 0.00086554
2 0.10977 0.482158 0.219539 0.209984 0.000865434
2 0.993346 0.420864 0.0133077 0.272187 0.000865234
0 0.574784 0.559411 0.459847 0.346266 0.000865173
0 0.413734 0.909448 0.443655 0.181104 0.000865061
1 0.822572 0.555335 0.279695 0.288688 0.000864982
0 0.524841 0.384136 0.276189 0.14043 0.000864675
0 0.332586 0.187518 0.0685456 0.0484492 0.000863175
0 0.628499 0.844816 0.382173 0.243984 0.000861998
2 0.0869759 0.464827 0.173952 0.276581 0.00086037
2 0.0143124 0.252437 0.0286248 0.504873 0.000858796
2 0.295179 0.968663 0.590358 0.0626737 0.000855891
1 0.811166 0.115398 0.370663 0.230797 0.000855665
2 0.816978 0.147734 0.366043 0.295468 0.000855383
0 0.575144 0.969419 0.464428 0.0611624 0.000854988
0 0.545004 0.857451 0.407631 0.248319 0.000853197
2 0.0880678 0.515611 0.176136 0.262793 0.000853094
0 0.172005 0.883753 0.344009 0.232493 0.000853005
0 0.595215 0.635469 0.470103 0.274871 0.000850079
0 0.296894 0.547776 0.330832 0.308409 0.000849308
0 0.374774 0.623224 0.285715 0.387736 0.00084879
2 0.58096 0.110338 0.309964 0.220676 0.000848605
0 0.448678 0.162263 0.249418 0.153699 0.000846624
0 0.540542 0.352453 0.272037 0.10868 0.000846104
0 0.797495 0.807123 0.342668 0.385754 0.000845892
0 0.495855 0.349124 0.208381 0.112217 0.000845547
0 0.666095 0.272031 0.297071 0.223156 0.000844072
1 0.563447 0.930255 0.351545 0.138062 0.000842746
