1 0.601286 0.617908 0.721036 0.684516 0.884568
1 0.258661 0.0903325 0.517321 0.180665 0.736338
1 0.546964 0.660663 0.61684 0.549825 0.164086
1 0.53198 0.777856 0.576758 0.311393 0.0486646
1 0.135079 0.0786192 0.255953 0.157238 0.0435608
1 0.922025 0.647282 0.0973331 0.084 0.0384641
1 0.617481 0.517977 0.684402 0.459581 0.0349512
1 0.265292 0.250555 0.530583 0.497361 0.0323332
0 0.923393 0.64923 0.0953677 0.0833927 0.028412
1 0.295747 0.323948 0.591493 0.647895 0.0256628
1 0.386816 0.390969 0.773632 0.781938 0.0210697
1 0.43458 0.158802 0.186363 0.171376 0.0173478
1 0.575903 0.442041 0.599176 0.398181 0.0169563
1 0.39338 0.42631 0.786761 0.852621 0.0152381
1 0.429683 0.133556 0.179418 0.119762 0.0146501
1 0.683716 0.696228 0.598274 0.488734 0.0145328
1 0.539738 0.323729 0.592738 0.538736 0.0129493
1 0.338295 0.129067 0.366821 0.127756 0.0107912
1 0.31211 0.163165 0.62422 0.321156 0.00884366
1 0.177642 0.0788494 0.164856 0.152698 0.0076339
1 0.554879 0.433183 0.685391 0.768679 0.00650166
1 0.354576 0.160158 0.337567 0.186426 0.00639276
1 0.365995 0.0711177 0.72413 0.142235 0.00587187
1 0.715586 0.593249 0.531345 0.476451 0.00568117
1 0.912506 0.649441 0.123024 0.0973455 0.00502207
1 0.858589 0.648664 0.231089 0.0916753 0.0043299
1 0.0883023 0.0187244 0.13765 0.0370846 0.00416491
1 0.492005 0.537202 0.431618 0.503207 0.00416041
1 0.750768 0.65562 0.467439 0.473805 0.00414762
2 0.925867 0.649256 0.0897128 0.0837127 0.00411705
1 0.509431 0.608651 0.489102 0.643211 0.00389965
1 0.17041 0.0990624 0.228286 0.132273 0.00373495
0 0.746576 0.597987 0.506848 0.672758 0.00367778
0 0.634663 0.554908 0.718337 0.734622 0.00358267
1 0.326309 0.697054 0.652619 0.586925 0.00355865
0 0.588354 0.374995 0.823293 0.601976 0.00354654
2 0.662697 0.261157 0.674605 0.429781 0.00354315
2 0.699249 0.200808 0.601502 0.374932 0.00353653
0 0.548372 0.471733 0.903256 0.72514 0.00344734
1 0.501126 0.452936 0.997748 0.798895 0.00341273
0 0.339446 0.627224 0.678892 0.714302 0.00340236
2 0.533778 0.216466 0.932445 0.422136 0.00337323
1 0.486476 0.31167 0.972953 0.621571 0.00335811
0 0.522417 0.293195 0.955165 0.55296 0.00335144
1 0.698955 0.580757 0.572099 0.632971 0.00334613
1 0.44876 0.720554 0.384924 0.431489 0.00332436
2 0.570684 0.520629 0.858632 0.806203 0.00329747
2 0.776182 0.0570908 0.407635 0.114182 0.00328129
1 0.44297 0.0550241 0.88594 0.108661 0.00327984
0 0.259189 0.289432 0.518377 0.575749 0.00322686
0 0.695861 0.466724 0.608278 0.598013 0.00322566
0 0.794893 0.358349 0.410214 0.462617 0.00318414
1 0.362097 0.528476 0.724195 0.874676 0.00317223
0 0.411605 0.613977 0.823209 0.691811 0.00315593
0 0.309754 0.744087 0.619509 0.504133 0.00312881
0 0.831455 0.0521162 0.328692 0.104232 0.00312485
0 0.491892 0.216798 0.983784 0.42718 0.00309796
0 0.910817 0.0587172 0.178366 0.117434 0.0030844
1 0.403941 0.605573 0.807883 0.646853 0.00307172
0 0.834496 0.209356 0.331007 0.366991 0.00304417
0 0.458528 0.813616 0.917057 0.372769 0.0030286
1 0.412029 0.140545 0.824058 0.28109 0.00300498
0 0.490394 0.858666 0.577763 0.185396 0.00299778
0 0.68927 0.15819 0.621459 0.309745 0.00299507
0 0.524321 0.161252 0.951358 0.31577 0.00298043
0 0.738516 0.0546465 0.522969 0.105194 0.0029748
0 0.473265 0.0533103 0.946529 0.104111 0.0029668
0 0.0736049 0.34394 0.14721 0.680354 0.00295444
0 0.897173 0.0896747 0.205653 0.179349 0.00295193
0 0.813445 0.161641 0.37311 0.320673 0.00294398
2 0.828466 0.914786 0.343067 0.170428 0.00293223
0 0.257023 0.693817 0.514046 0.605622 0.00292168
0 0.13398 0.691165 0.267961 0.588829 0.00289154
0 0.103492 0.541541 0.206984 0.748384 0.00288937
0 0.845316 0.611809 0.309368 0.624111 0.00288879
0 0.047428 0.47711 0.0374814 0.021568 0.00287523
2 0.949714 0.226879 0.100571 0.388826 0.0028645
1 0.412118 0.632258 0.595722 0.65469 0.00286443
1 0.403015 0.282746 0.806029 0.565491 0.00286086
0 0.0818209 0.446494 0.163642 0.772584 0.00285059
2 0.598149 0.0558036 0.510349 0.111607 0.00284058
2 0.945865 0.35052 0.108271 0.456313 0.00283863
1 0.703413 0.909761 0.593174 0.180478 0.00282595
1 0.295817 0.11444 0.448649 0.140858 0.00282594
0 0.128944 0.758981 0.257888 0.47056 0.00281806
0 0.796206 0.630293 0.407589 0.421831 0.00281319
1 0.510222 0.811952 0.614714 0.376096 0.00280496
1 0.105755 0.908281 0.21151 0.183438 0.00278609
0 0.650692 0.756316 0.698616 0.456283 0.00278543
0 0.877242 0.515472 0.245515 0.627595 0.00277701
0 0.731885 0.730461 0.536231 0.539078 0.00277648
2 0.922503 0.43175 0.154993 0.54041 0.00277558
0 0.533023 0.745947 0.567581 0.369267 0.00276712
1 0.257595 0.452203 0.515189 0.904406 0.0027494
1 0.21499 0.363566 0.429981 0.727133 0.00273378
0 0.75002 0.864727 0.49996 0.270545 0.00273131
1 0.21385 0.562238 0.427701 0.818371 0.00272301
0 0.936911 0.18135 0.126177 0.361204 0.0027219
0 0.0914668 0.843509 0.182934 0.312982 0.00269651
2 0.434956 0.163132 0.220112 0.172492 0.00263081
0 0.10243 0.804765 0.20486 0.390469 0.00262693
0 0.264156 0.432151 0.528312 0.864302 0.00260908
1 0.846174 0.59174 0.258399 0.206601 0.0026028
1 0.430982 0.786968 0.773392 0.426065 0.0025912
1 0.315689 0.783838 0.631378 0.423789 0.00258541
0 0.0925852 0.875648 0.18517 0.248704 0.0025854
0 0.216523 0.611436 0.433046 0.719521 0.00257174
2 0.701932 0.793064 0.596136 0.413872 0.00256305
2 0.140004 0.907438 0.280008 0.185125 0.00256046
1 0.659415 0.855539 0.681171 0.288921 0.0025603
0 0.29063 0.827071 0.581261 0.326791 0.00252182
0 0.246459 0.76686 0.492918 0.46628 0.00252045
0 0.522781 0.798149 0.535919 0.264036 0.0025019
2 0.127856 0.835201 0.255711 0.310314 0.0024446
0 0.643312 0.852537 0.713376 0.294926 0.00243675
2 0.209576 0.791099 0.419153 0.409823 0.00240109
1 0.619389 0.80971 0.761223 0.38058 0.00239669
0 0.410079 0.770368 0.820157 0.418724 0.00239116
0 0.770561 0.684168 0.458878 0.432352 0.00238926
0 0.449948 0.720935 0.899896 0.55813 0.00238867
0 0.338732 0.872697 0.677464 0.254607 0.00234264
0 0.196373 0.874546 0.392746 0.243031 0.00233966
0 0.488684 0.800085 0.906991 0.304873 0.00233541
2 0.198473 0.0993827 0.127106 0.111725 0.00232159
0 0.956685 0.41057 0.0735207 0.0450084 0.00226364
2 0.666192 0.740397 0.655274 0.387959 0.00224686
0 0.420901 0.270213 0.841802 0.540426 0.00224279
0 0.19724 0.92562 0.394481 0.14876 0.00221727
0 0.124247 0.869567 0.248493 0.259307 0.00221686
2 0.534455 0.81695 0.570372 0.363281 0.00218115
0 0.25906 0.912822 0.518119 0.174357 0.00213112
0 0.420688 0.127403 0.160564 0.104464 0.00197334
1 0.211958 0.0844158 0.159986 0.165325 0.00189012
1 0.69816 0.599407 0.290452 0.294185 0.00175243
1 0.497972 0.775372 0.260914 0.28714 0.0017274
0 0.0424381 0.338421 0.0609186 0.0324705 0.00165509
1 0.522401 0.820078 0.269217 0.221132 0.00163057
1 0.469222 0.387954 0.349868 0.187858 0.00161787
1 0.93096 0.625578 0.138079 0.225987 0.0016074
0 0.0762521 0.935638 0.152504 0.126149 0.00158528
1 0.731661 0.581876 0.215349 0.248203 0.00149082
1 0.0734258 0.0180863 0.146852 0.0361727 0.00149044
0 0.0409829 0.380345 0.0819658 0.125332 0.00142806
0 0.0812301 0.98035 0.16085 0.0392996 0.00140906
0 0.920693 0.636881 0.0917177 0.0552456 0.00140868
1 0.468071 0.449114 0.391269 0.313901 0.00140761
1 0.446187 0.256239 0.219901 0.360173 0.00140359
0 0.968455 0.107327 0.0517687 0.0448399 0.00139934
0 0.426401 0.786534 0.333202 0.280471 0.00139252
0 0.194129 0.0981661 0.133503 0.118107 0.00139008
0 0.040305 0.347064 0.08061 0.0600955 0.00138071
1 0.0655881 0.0212331 0.0673506 0.0409572 0.00136843
1 0.097336 0.0768563 0.194672 0.153713 0.00136445
0 0.350144 0.128466 0.330261 0.115419 0.00136412
0 0.0895664 0.405188 0.179133 0.180672 0.00135783
0 0.0731375 0.387589 0.146275 0.142381 0.00132627
1 0.170584 0.0998653 0.341168 0.198876 0.00127828
1 0.433273 0.762796 0.368001 0.309415 0.0012664
1 0.895577 0.0740537 0.206683 0.146145 0.00125325
2 0.108857 0.978631 0.160112 0.0427385 0.00123973
0 0.287125 0.116727 0.460281 0.140987 0.00123304
1 0.359258 0.184561 0.418958 0.236162 0.00123224
1 0.926908 0.703634 0.126256 0.226742 0.00122896
0 0.0792014 0.971484 0.154652 0.0570318 0.00119774
1 0.929571 0.599467 0.140859 0.218011 0.00119066
1 0.913752 0.592098 0.132186 0.208831 0.00117823
0 0.0981997 0.0807053 0.196399 0.161411 0.00116864
2 0.909152 0.102711 0.181696 0.204357 0.00116165
1 0.597592 0.81992 0.413197 0.225506 0.00116073
0 0.142344 0.942536 0.284689 0.113977 0.00114577
1 0.793995 0.605684 0.330974 0.262861 0.00114297
0 0.0430111 0.471767 0.0519162 0.0376263 0.00113837
0 0.0674805 0.343358 0.134961 0.153279 0.00113682
0 0.261911 0.0921234 0.475097 0.173999 0.00113427
1 0.775256 0.654393 0.258733 0.287251 0.00113383
0 0.442911 0.36155 0.226645 0.132753 0.00112885
2 0.0734075 0.523901 0.146205 0.149788 0.00112268
2 0.921528 0.622812 0.156944 0.156701 0.00112101
0 0.328677 0.0914087 0.383053 0.182817 0.00111559
1 0.234397 0.132729 0.468794 0.238304 0.00110682
2 0.924581 0.0765726 0.150838 0.148305 0.00109479
0 0.41776 0.0133383 0.228523 0.0266766 0.00109286
1 0.67462 0.56324 0.344241 0.265749 0.00109017
2 0.0591399 0.0684426 0.11828 0.136885 0.001083
0 0.336332 0.699657 0.153301 0.117812 0.00108168
2 0.969528 0.0184303 0.0609442 0.0368607 0.00108117
0 0.131651 0.426196 0.263301 0.225458 0.00108107
1 0.801911 0.707752 0.353672 0.209213 0.00107683
0 0.0874772 0.920035 0.174954 0.15993 0.00107179
1 0.419345 0.234741 0.34283 0.32382 0.0010713
0 0.0828624 0.951609 0.165725 0.0967817 0.00106578
2 0.421994 0.130086 0.168691 0.10761 0.00106526
0 0.45248 0.340766 0.176503 0.0914435 0.00106173
0 0.526268 0.0123738 0.245642 0.0247476 0.00104876
0 0.496849 0.361795 0.294536 0.134734 0.00103999
2 0.956707 0.410328 0.0865865 0.0419859 0.00103721
2 0.873768 0.0596238 0.251531 0.11703 0.00103707
0 0.482437 0.0125647 0.255944 0.0251293 0.00103672
0 0.39091 0.485099 0.211102 0.176558 0.00103579
0 0.397934 0.384173 0.213417 0.199338 0.00103477
2 0.875128 0.0122498 0.217669 0.0244997 0.00103308
2 0.957447 0.0763201 0.0851058 0.140667 0.00103046
1 0.853328 0.665351 0.252686 0.127746 0.00102921
2 0.959202 0.108003 0.0815955 0.133828 0.00102255
0 0.433347 0.507301 0.30515 0.244882 0.00102082
1 0.201516 0.0121293 0.327783 0.0232684 0.00101614
1 0.688954 0.78904 0.250058 0.246499 0.00101273
0 0.0549577 0.372885 0.109915 0.115819 0.0010113
1 0.235556 0.080463 0.471112 0.160926 0.0010099
0 0.431701 0.373346 0.269689 0.161783 0.00100985
2 0.128787 0.98233 0.236779 0.0353392 0.00100935
0 0.570073 0.0122638 0.25761 0.0245276 0.00100621
0 0.135781 0.376515 0.259094 0.131903 0.00100616
0 0.0907295 0.544669 0.181459 0.214938 0.00100501
1 0.7276 0.672629 0.210357 0.35866 0.00100493
0 0.367374 0.235406 0.404086 0.340369 0.00099671
0 0.352761 0.0136393 0.311353 0.0272787 0.000989235
0 0.609196 0.0134486 0.290573 0.0268971 0.00098595
2 0.0361278 0.339213 0.0722557 0.0366202 0.00098097
1 0.349745 0.1581 0.51597 0.207261 0.000980395
2 0.519274 0.955887 0.340552 0.0882254 0.000979167
0 0.609281 0.114304 0.334056 0.223105 0.000978087
2 0.979954 0.112064 0.0400927 0.224129 0.000976917
0 0.866922 0.588368 0.223255 0.2133 0.000975779
0 0.50465 0.950534 0.337775 0.0989327 0.000972819
2 0.936298 0.649454 0.127403 0.260842 0.000970871
2 0.451202 0.264014 0.25141 0.378637 0.000970414
1 0.743074 0.726821 0.163974 0.301864 0.000969308
0 0.611131 0.861802 0.410298 0.136294 0.000968553
0 0.526984 0.960916 0.392038 0.0781687 0.00096699
0 0.0564816 0.510027 0.112963 0.101668 0.000966852
2 0.974895 0.0622137 0.05021 0.124427 0.000963341
0 0.535061 0.347936 0.211962 0.124516 0.000962417
2 0.0727182 0.474467 0.145436 0.238872 0.000959421
2 0.103551 0.0991629 0.207102 0.194915 0.00095549
0 0.582792 0.0472495 0.462556 0.0939167 0.00095192
0 0.0925372 0.296691 0.185074 0.222651 0.00095114
2 0.8546 0.934447 0.281051 0.129833 0.000950486
2 0.0944957 0.560846 0.188991 0.222931 0.000949009
2 0.539149 0.932545 0.451564 0.134911 0.000946875
0 0.0947094 0.446844 0.189419 0.256545 0.000945821
2 0.096821 0.175939 0.193642 0.319122 0.000942207
2 0.590499 0.138133 0.371941 0.201152 0.000941875
0 0.0683747 0.501416 0.136749 0.191084 0.000941425
0 0.323173 0.219022 0.455503 0.273803 0.000936541
2 0.954788 0.432447 0.0904238 0.0997142 0.000935861
2 0.692307 0.0477211 0.464142 0.0943406 0.00093384
2 0.802243 0.909747 0.395513 0.159998 0.000933492
2 0.595072 0.178654 0.383382 0.216195 0.000933075
0 0.396535 0.440321 0.218816 0.253769 0.000932119
2 0.0769225 0.196332 0.153845 0.249632 0.00093197
0 0.422221 0.636039 0.32415 0.278911 0.000931311
0 0.546916 0.865031 0.266342 0.125631 0.000927274
1 0.506973 0.408444 0.329588 0.234395 0.000927158
0 0.298886 0.240515 0.288465 0.198032 0.000926976
2 0.218648 0.0960366 0.0811999 0.0980451 0.000926286
0 0.831319 0.0124604 0.254168 0.0249207 0.000919519
2 0.214964 0.171013 0.429928 0.342027 0.000917175
0 0.591877 0.0888872 0.269262 0.167188 0.000916338
2 0.222952 0.12137 0.445903 0.24274 0.000913171
2 0.328919 0.158125 0.532657 0.198747 0.000908393
1 0.502829 0.481722 0.466377 0.352785 0.000907262
2 0.805291 0.938329 0.276932 0.122795 0.000906908
2 0.125783 0.553395 0.250408 0.212695 0.000903549
1 0.406415 0.12713 0.13137 0.104877 0.000902362
2 0.955782 0.441716 0.0884352 0.228373 0.000901542
2 0.0642784 0.020642 0.0725493 0.0406264 0.000899057
0 0.340865 0.635943 0.166251 0.255434 0.000898524
2 0.970163 0.177385 0.0596732 0.35477 0.000898022
0 0.259063 0.0112266 0.327317 0.0224533 0.000896701
0 0.702047 0.307704 0.222481 0.0800231 0.000895698
2 0.903472 0.454241 0.193056 0.170404 0.000895582
2 0.150543 0.58566 0.301086 0.26669 0.000893318
2 0.913028 0.816739 0.173361 0.18948 0.000892015
2 0.90006 0.761918 0.194233 0.209138 0.000888255
2 0.699883 0.932492 0.436038 0.135015 0.000887329
0 0.0911227 0.245194 0.182245 0.237608 0.000887167
2 0.0770692 0.238677 0.154138 0.190658 0.000886551
2 0.0540829 0.281559 0.108166 0.540464 0.000886349
1 0.484162 0.888808 0.537525 0.222384 0.000886023
0 0.368865 0.4686 0.195591 0.239077 0.000885894
2 0.971553 0.477725 0.0568946 0.200558 0.000884124
0 0.675066 0.0128703 0.268649 0.0257406 0.000883786
2 0.877647 0.764282 0.244705 0.325981 0.000883599
1 0.520762 0.374199 0.235311 0.16283 0.000883374
2 0.606571 0.921729 0.558284 0.156543 0.000882597
1 0.143348 0.934286 0.286697 0.131428 0.000882086
2 0.97076 0.0876899 0.0584797 0.17538 0.000881705
2 0.455711 0.0746709 0.425481 0.149342 0.000880773
2 0.0391238 0.592408 0.0782475 0.548032 0.000880527
1 0.426682 0.581158 0.314324 0.210848 0.000878208
1 0.532489 0.403147 0.215453 0.220154 0.00087707
2 0.716272 0.0119505 0.248365 0.0239009 0.00087681
0 0.606972 0.0732318 0.357876 0.145606 0.000875202
2 0.798718 0.0121044 0.244535 0.0242088 0.000874341
0 0.158546 0.361306 0.283378 0.14456 0.000874051
2 0.100668 0.632544 0.201335 0.265576 0.000872241
2 0.280219 0.20933 0.423712 0.231145 0.000871296
2 0.923931 0.594246 0.152138 0.233373 0.000870093
1 0.844525 0.0775832 0.290218 0.151671 0.000867493
