0 0.372248 0.451092 0.30933 0.359957 0.877225
0 0.310181 0.450716 0.186639 0.358416 0.385384
0 0.471539 0.419347 0.104636 0.187194 0.223236
0 0.451723 0.415252 0.149545 0.190457 0.0376266
0 0.460201 0.418649 0.0697335 0.183948 0.0263803
0 0.353 0.633961 0.301994 0.732078 0.0212968
0 0.252207 0.620001 0.306714 0.712032 0.0128375
0 0.371692 0.313402 0.327673 0.626803 0.0123287
0 0.367374 0.440716 0.410156 0.391141 0.0121181
0 0.42688 0.590717 0.484928 0.629912 0.011554
0 0.412036 0.4109 0.233986 0.21015 0.00944295
0 0.484307 0.63382 0.670527 0.732359 0.0093641
0 0.273261 0.45387 0.440084 0.390687 0.00929755
0 0.287029 0.415265 0.5681 0.438198 0.0090596
0 0.343936 0.429404 0.115699 0.321054 0.00765869
0 0.423859 0.330902 0.43403 0.531569 0.00622825
0 0.3688 0.433173 0.23368 0.332241 0.00580016
0 0.272169 0.321689 0.544338 0.626248 0.00546175
0 0.328192 0.628804 0.656384 0.742393 0.00509174
0 0.255441 0.0234255 0.348916 0.046851 0.00445404
0 0.202189 0.0676066 0.379298 0.135213 0.00442104
0 0.276589 0.0686978 0.413941 0.137396 0.00439897
2 0.17789 0.0279901 0.339789 0.0559802 0.00426246
0 0.348537 0.0329169 0.3442 0.0658337 0.00419304
0 0.359363 0.275167 0.452343 0.550334 0.00414187
2 0.265705 0.316387 0.507338 0.632775 0.00410469
0 0.374581 0.0723938 0.41401 0.144788 0.00398528
0 0.538251 0.0710863 0.426659 0.142173 0.00397736
0 0.244063 0.238971 0.479866 0.477942 0.00395194
2 0.393934 0.0418039 0.36239 0.0836077 0.0039329
2 0.456325 0.0400528 0.373533 0.0801055 0.00385311
0 0.472942 0.611183 0.928973 0.777635 0.00385307
0 0.42321 0.241822 0.505106 0.483644 0.0038295
0 0.56637 0.59185 0.580203 0.758456 0.00382904
2 0.795951 0.0490118 0.328209 0.0980235 0.00376888
0 0.576762 0.0311459 0.36179 0.0622918 0.00376309
2 0.52452 0.0337912 0.373743 0.0675825 0.00374791
0 0.642488 0.0682732 0.415455 0.136546 0.00372222
0 0.140671 0.0670209 0.281341 0.134042 0.00371767
2 0.666358 0.0329213 0.366703 0.0658427 0.00370276
0 0.701497 0.61062 0.387023 0.704452 0.00366055
0 0.464319 0.438676 0.52657 0.670048 0.00363893
0 0.538202 0.222125 0.557753 0.44425 0.00361768
0 0.890174 0.578952 0.219651 0.653651 0.00361249
0 0.749911 0.067111 0.398363 0.134222 0.00353737
0 0.947048 0.568898 0.103476 0.648244 0.0035255
2 0.800313 0.0680268 0.378585 0.136054 0.00352017
0 0.780146 0.606267 0.350771 0.671383 0.00346347
0 0.308664 0.842364 0.47551 0.308746 0.00345802
0 0.102211 0.0567283 0.204422 0.113457 0.00341737
0 0.484265 0.30234 0.54229 0.604681 0.00340866
0 0.650646 0.191856 0.467968 0.383712 0.00339356
2 0.718715 0.54975 0.396412 0.720154 0.00335641
0 0.273715 0.555676 0.547429 0.877929 0.00335602
0 0.44323 0.851608 0.526878 0.293937 0.00334643
2 0.895671 0.812186 0.206014 0.375627 0.00333255
2 0.534006 0.27142 0.545415 0.542841 0.00331383
2 0.782375 0.536213 0.365775 0.668155 0.00331284
0 0.877888 0.508487 0.244224 0.655223 0.00328255
0 0.679341 0.670541 0.49776 0.588577 0.00328008
0 0.0643695 0.0734527 0.128739 0.146905 0.00327772
0 0.460272 0.38234 0.0543408 0.108228 0.00326494
0 0.20721 0.59302 0.414421 0.81396 0.00325321
0 0.902359 0.636439 0.188653 0.645051 0.00324629
0 0.636571 0.719038 0.631201 0.561924 0.00323962
0 0.508705 0.528836 0.714824 0.831187 0.00322595
0 0.548966 0.859661 0.417099 0.280679 0.00321419
0 0.424406 0.807632 0.6932 0.384157 0.00321173
0 0.383497 0.972426 0.441998 0.0551482 0.00318165
0 0.634749 0.857938 0.382124 0.284125 0.00317326
0 0.725594 0.198027 0.419222 0.396053 0.00314579
2 0.325286 0.969358 0.439112 0.0612832 0.00313475
0 0.105432 0.19654 0.210863 0.39308 0.00312754
0 0.447433 0.976474 0.413653 0.0470521 0.003116
2 0.65433 0.26476 0.444845 0.52952 0.00311082
2 0.909783 0.888406 0.17828 0.223189 0.00310392
0 0.51329 0.978376 0.360589 0.0432484 0.00309347
2 0.923527 0.841213 0.151132 0.317574 0.00309278
0 0.272234 0.970653 0.45288 0.0586943 0.00308381
0 0.0481912 0.123999 0.0963824 0.247998 0.00308142
2 0.915774 0.0783724 0.168451 0.156745 0.00307581
0 0.927901 0.409464 0.140525 0.598844 0.00307397
0 0.855395 0.0640874 0.263345 0.128175 0.00306745
0 0.653527 0.394517 0.443962 0.6655 0.00305878
2 0.770048 0.277288 0.404421 0.506893 0.00305257
0 0.861914 0.0953142 0.276173 0.190628 0.00305201
0 0.888296 0.235689 0.223408 0.471378 0.00304812
0 0.811677 0.215795 0.376646 0.43159 0.00303748
0 0.956776 0.432258 0.0838162 0.683347 0.00302628
0 0.925428 0.176364 0.149145 0.352728 0.00301624
0 0.699295 0.85082 0.430112 0.29836 0.00301088
0 0.196746 0.307662 0.393492 0.615324 0.00300617
2 0.95102 0.786138 0.0970825 0.427724 0.00300197
2 0.955405 0.337464 0.0889967 0.623139 0.00299435
0 0.838776 0.637052 0.322447 0.643151 0.00298476
0 0.947869 0.267703 0.104262 0.535407 0.00298414
2 0.719135 0.373838 0.404215 0.587424 0.00298231
0 0.56586 0.368347 0.554342 0.64987 0.00298031
0 0.907479 0.297256 0.185043 0.537138 0.00296821
2 0.324793 0.816804 0.625937 0.361252 0.0029619
0 0.563182 0.824413 0.560511 0.351175 0.00296083
2 0.0960087 0.806634 0.192017 0.386733 0.0029532
1 0.827117 0.97733 0.335091 0.0453409 0.00294701
2 0.881673 0.862016 0.232551 0.275967 0.00294124
2 0.0666813 0.659699 0.131455 0.66811 0.00293531
0 0.0463484 0.272322 0.0926968 0.544643 0.00291716
0 0.957345 0.631818 0.0839976 0.679112 0.00291525
0 0.0420259 0.339415 0.0840518 0.678831 0.00291216
0 0.470189 0.39649 0.0933724 0.142919 0.00290471
0 0.0386673 0.493312 0.0773346 0.818095 0.00288973
0 0.860916 0.373823 0.278168 0.579487 0.00288509
0 0.0531919 0.578172 0.102818 0.753786 0.002879
0 0.0715906 0.628585 0.137433 0.665291 0.00286765
0 0.634458 0.977452 0.378852 0.0450958 0.0028585
2 0.21179 0.974816 0.369721 0.0503673 0.00285048
0 0.164716 0.973498 0.31719 0.0530049 0.00283675
0 0.0752723 0.270192 0.148026 0.540384 0.00283301
0 0.0564566 0.337787 0.107765 0.60271 0.00283175
0 0.0990169 0.663347 0.197922 0.671275 0.00282279
0 0.944647 0.686977 0.108736 0.626045 0.00282274
0 0.851797 0.2748 0.296405 0.511641 0.00281785
2 0.0595233 0.77855 0.118083 0.442899 0.00280975
0 0.214444 0.860396 0.389378 0.270218 0.00279534
2 0.831767 0.827605 0.329151 0.34479 0.0027921
0 0.145939 0.856506 0.283941 0.281806 0.00277737
0 0.787157 0.711118 0.419155 0.577764 0.00277027
0 0.829921 0.850987 0.331172 0.298025 0.0027683
2 0.81689 0.355172 0.36622 0.536495 0.00275098
2 0.923153 0.75699 0.151241 0.48602 0.00274191
0 0.101195 0.84966 0.200545 0.30068 0.00269269
0 0.124836 0.969006 0.246924 0.0619876 0.00269038
2 0.859381 0.975594 0.276604 0.0488122 0.00267675
0 0.0615144 0.873225 0.123029 0.253549 0.00266297
2 0.759653 0.825636 0.464191 0.348729 0.00263265
2 0.882429 0.963664 0.231112 0.0726725 0.00261951
0 0.743253 0.769129 0.494025 0.45651 0.00259826
0 0.738069 0.977345 0.39489 0.0453103 0.00257563
0 0.356872 0.49741 0.0871416 0.149485 0.00257561
2 0.876006 0.765772 0.244039 0.468455 0.00255636
0 0.0840889 0.929581 0.168178 0.140839 0.00252558
0 0.454024 0.369819 0.0335579 0.0816003 0.00231229
0 0.311133 0.38315 0.189874 0.237461 0.0021322
0 0.281442 0.0236203 0.115763 0.0472406 0.00196612
0 0.133752 0.260792 0.129027 0.13535 0.00179002
0 0.340753 0.01195 0.287062 0.0239001 0.00157257
2 0.964199 0.68643 0.0716017 0.328122 0.00156914
0 0.315608 0.512468 0.16763 0.233541 0.00155783
0 0.270104 0.733969 0.127194 0.183044 0.00154487
2 0.941847 0.907755 0.116305 0.177749 0.00148265
0 0.0758418 0.768582 0.151684 0.216255 0.00146257
0 0.481344 0.369895 0.0790564 0.0936147 0.00143939
0 0.201534 0.294651 0.0191468 0.0281262 0.00143717
2 0.962504 0.683974 0.0749928 0.53226 0.00139157
0 0.289499 0.728887 0.173238 0.19115 0.00138798
0 0.300406 0.352525 0.132127 0.16572 0.00130013
2 0.0756548 0.799379 0.15131 0.266118 0.00128914
0 0.314557 0.0200851 0.0285477 0.0401701 0.0012883
0 0.309599 0.907125 0.15064 0.173232 0.00127978
2 0.963495 0.788423 0.0730097 0.340451 0.00126127
0 0.237556 0.914776 0.271581 0.158087 0.00125695
0 0.279727 0.482578 0.124684 0.267622 0.00124576
0 0.818942 0.880144 0.206911 0.239712 0.00123901
0 0.0779431 0.728309 0.155886 0.325106 0.00123636
0 0.142447 0.288181 0.148906 0.19325 0.00121984
0 0.125501 0.918904 0.228862 0.15597 0.00120705
0 0.365776 0.381182 0.272459 0.228042 0.00120272
2 0.292213 0.054394 0.160354 0.108788 0.00119763
0 0.0202598 0.406646 0.0402859 0.144918 0.0011973
2 0.96209 0.553169 0.0758194 0.643643 0.00117799
0 0.203137 0.293805 0.0278257 0.0385071 0.00117563
2 0.948642 0.69319 0.101752 0.477194 0.00117434
0 0.0816214 0.878373 0.163243 0.232598 0.00117111
0 0.258502 0.00720294 0.162603 0.0144059 0.00116637
0 0.740099 0.861668 0.244467 0.276663 0.00114807
0 0.448175 0.370803 0.0477949 0.0835916 0.00114164
1 0.92849 0.881487 0.141103 0.224499 0.00113013
0 0.252752 0.0246337 0.171409 0.0492674 0.0011299
0 0.502764 0.915621 0.161792 0.153602 0.00112985
0 0.342107 0.91135 0.212749 0.173831 0.00112972
2 0.0600968 0.527141 0.120194 0.381438 0.00112898
0 0.898904 0.850705 0.202191 0.29859 0.00112669
2 0.97038 0.32967 0.0592407 0.428296 0.00112577
0 0.106042 0.262604 0.0860328 0.13495 0.00110466
2 0.959626 0.822354 0.0807471 0.355292 0.00109852
2 0.972431 0.270519 0.0551377 0.321373 0.00109572
0 0.845468 0.858735 0.178956 0.282529 0.00108926
2 0.954404 0.891186 0.0911919 0.19913 0.00108866
0 0.0813991 0.267394 0.143733 0.153729 0.00108333
2 0.931984 0.00399486 0.136031 0.00798971 0.00108261
0 0.194113 0.918639 0.225829 0.157873 0.00108253
0 0.0911798 0.911983 0.168963 0.169015 0.0010814
0 0.144305 0.278554 0.147973 0.103256 0.00107446
1 0.948557 0.615469 0.102325 0.63837 0.00107269
2 0.0702551 0.683617 0.139488 0.457182 0.00106723
0 0.540801 0.914797 0.0949254 0.133094 0.0010663
0 0.796175 0.853059 0.176395 0.293882 0.00106298
0 0.461186 0.90248 0.192361 0.186361 0.0010589
0 0.322541 0.705109 0.243765 0.248165 0.00105853
0 0.746144 0.7439 0.164513 0.256055 0.00104661
0 0.698165 0.871184 0.238936 0.257632 0.00104117
0 0.275167 0.552603 0.10575 0.156007 0.00103999
0 0.498314 0.352307 0.137286 0.305782 0.0010396
2 0.0707475 0.107764 0.141495 0.215527 0.00103937
0 0.0310092 0.448894 0.0607458 0.231156 0.00103807
2 0.0355468 0.461189 0.0692495 0.55182 0.00103752
0 0.953562 0.879075 0.0928765 0.231367 0.00102921
0 0.345786 0.340009 0.168001 0.139927 0.00102916
1 0.220338 0.0263008 0.229695 0.0526017 0.00102661
0 0.370901 0.117372 0.160372 0.234743 0.00102618
2 0.971754 0.194464 0.0564924 0.239608 0.00102447
2 0.411354 0.00604958 0.353947 0.0120992 0.00102367
2 0.94827 0.568525 0.102906 0.699268 0.00101921
2 0.337482 0.0744989 0.196187 0.148998 0.00101806
2 0.0454696 0.124037 0.0909392 0.248074 0.00101524
0 0.675083 0.898671 0.289369 0.202658 0.00101366
2 0.0321334 0.184443 0.0642669 0.368885 0.00101191
0 0.670514 0.996089 0.392234 0.00782196 0.00100995
2 0.0570213 0.467933 0.114043 0.259991 0.0010072
0 0.529754 0.320549 0.195117 0.286983 0.00100502
1 0.373158 0.444034 0.350595 0.253731 0.00100461
1 0.944848 0.892551 0.110072 0.208541 0.00100291
0 0.298739 0.598138 0.0930132 0.0648373 0.00100254
2 0.0426128 0.23996 0.084592 0.47992 0.0010023
0 0.257812 0.374509 0.0981235 0.243203 0.00100071
0 0.321577 0.0303874 0.203571 0.0607747 0.000992904
2 0.0448024 0.59254 0.0886201 0.802559 0.000992234
2 0.361702 0.0884806 0.211589 0.176961 0.000990527
0 0.388365 0.913416 0.150816 0.168285 0.000990064
0 0.128913 0.253618 0.0310007 0.0432811 0.000985534
0 0.417843 0.118102 0.167986 0.236205 0.000984612
0 0.5025 0.864783 0.18425 0.22972 0.000984329
0 0.4671 0.868973 0.180579 0.244822 0.000982964
2 0.05455 0.270091 0.108534 0.540182 0.000981839
0 0.143605 0.770533 0.026984 0.0415818 0.000981753
2 0.0696051 0.741562 0.138416 0.516875 0.000981156
0 0.378112 0.00884437 0.337728 0.0176887 0.000980041
1 0.0376538 0.00471241 0.0753075 0.00942482 0.000979473
0 0.272428 0.418336 0.110367 0.205982 0.000977949
0 0.0694856 0.26373 0.138971 0.189749 0.000977937
0 0.141731 0.7744 0.0392484 0.060573 0.000977276
2 0.087082 0.0824428 0.174164 0.164886 0.000974928
0 0.0768415 0.832662 0.151877 0.321566 0.000972322
0 0.623066 0.891683 0.260179 0.209851 0.000972303
0 0.581659 0.0909816 0.263659 0.181963 0.000969206
0 0.745195 0.788208 0.174865 0.253038 0.000968872
0 0.837449 0.996436 0.271969 0.00712781 0.00096871
0 0.134182 0.997153 0.214416 0.00569342 0.000968346
0 0.36072 0.996625 0.195825 0.00675073 0.000964865
0 0.42607 0.905083 0.183362 0.17975 0.000963702
0 0.0736793 0.199514 0.147359 0.322813 0.000963635
0 0.263583 0.0488568 0.147763 0.0977136 0.000962663
0 0.0520172 0.376181 0.102962 0.24751 0.000962288
2 0.49924 0.427811 0.180651 0.207231 0.000961899
0 0.536813 0.412382 0.205738 0.194548 0.000958326
0 0.212394 0.885421 0.260581 0.223808 0.00095611
0 0.738335 0.899578 0.229443 0.200844 0.000953638
0 0.396421 0.996481 0.214998 0.00703735 0.000953417
2 0.0376446 0.473724 0.0742302 0.274913 0.000953115
2 0.314193 0.105731 0.181945 0.211463 0.000951731
0 0.6411 0.856272 0.165825 0.248088 0.000950918
0 0.222405 0.737678 0.21237 0.193333 0.000950777
0 0.606842 0.852669 0.163066 0.218546 0.000948926
2 0.0607817 0.0055558 0.121563 0.0111116 0.000948375
0 0.0598694 0.693643 0.118342 0.335474 0.00094421
0 0.281646 0.104532 0.156066 0.209063 0.000944187
0 0.188696 0.00375439 0.356212 0.00750877 0.000943504
0 0.237819 0.339408 0.11457 0.138327 0.000940477
2 0.935161 0.597057 0.129365 0.343286 0.000939687
0 0.79274 0.809564 0.167929 0.273002 0.000938327
0 0.171184 0.996946 0.226218 0.0061087 0.00093787
0 0.767976 0.887188 0.24659 0.225624 0.000937139
0 0.563902 0.912304 0.131308 0.147521 0.000934485
0 0.317199 0.0155848 0.025833 0.0311696 0.000934238
0 0.536671 0.119496 0.155192 0.235234 0.000933736
0 0.767025 0.724046 0.169224 0.255308 0.000933714
2 0.936374 0.978753 0.127251 0.0424943 0.000932655
0 0.0661062 0.224357 0.132137 0.435595 0.000932616
0 0.0887143 0.151235 0.177429 0.30247 0.000932474
2 0.452878 0.103748 0.281939 0.207496 0.000931071
1 0.935996 0.626608 0.127122 0.278281 0.000930974
0 0.178507 0.0792113 0.267398 0.158423 0.000930658
0 0.787462 0.756336 0.164756 0.295965 0.000930141
2 0.938801 0.15795 0.122398 0.296304 0.000926747
2 0.409881 0.60224 0.0377491 0.043413 0.000926011
0 0.927612 0.825126 0.144665 0.349747 0.000923267
0 0.0543263 0.561089 0.10822 0.490934 0.000922972
2 0.075713 0.945224 0.151426 0.109552 0.000921977
0 0.73045 0.720719 0.158862 0.214917 0.000920159
0 0.155061 0.0906802 0.310123 0.18136 0.00091974
0 0.564771 0.995855 0.273915 0.00829034 0.000919534
1 0.951226 0.759735 0.0966547 0.480531 0.000919363
2 0.493005 0.372944 0.0620567 0.0842172 0.000918714
0 0.128686 0.335548 0.181776 0.27409 0.000918531
0 0.0503413 0.448003 0.100683 0.223421 0.000915325
2 0.511852 0.529998 0.0903907 0.115527 0.000915262
0 0.698955 0.846662 0.181492 0.306675 0.000914325
0 0.658812 0.1208 0.15108 0.2416 0.000914296
0 0.74431 0.996202 0.238537 0.0075957 0.000913509
0 0.211086 0.0614349 0.23591 0.12287 0.000913198
0 0.494037 0.802556 0.124083 0.118565 0.000913107
