0 0.575669 0.525235 0.581715 0.560251 0.588096
0 0.437734 0.322411 0.139415 0.140599 0.459715
0 0.606445 0.572436 0.712328 0.657905 0.27586
0 0.973156 0.306029 0.0526692 0.10355 0.233497
0 0.454996 0.543364 0.471901 0.589105 0.191979
0 0.696833 0.603058 0.331554 0.400037 0.168589
0 0.383649 0.553823 0.336235 0.600708 0.162962
0 0.667154 0.524427 0.396598 0.550662 0.145306
2 0.971791 0.30826 0.0540188 0.106336 0.125915
0 0.479787 0.644178 0.0557107 0.0806681 0.0868514
0 0.638584 0.690678 0.166067 0.210473 0.082047
0 0.621047 0.329031 0.16306 0.161982 0.0806868
0 0.59541 0.598182 0.53541 0.407314 0.0796048
0 0.500084 0.422055 0.421293 0.352726 0.0615216
0 0.341725 0.640051 0.294128 0.45232 0.0580502
2 0.969219 0.316685 0.0604496 0.167334 0.0525815
0 0.417675 0.496803 0.262976 0.49684 0.0463147
0 0.769044 0.576024 0.188681 0.209481 0.0421731
0 0.647965 0.309168 0.100527 0.131419 0.0355166
2 0.977372 0.271536 0.0452566 0.217204 0.0296016
0 0.562617 0.32402 0.0412951 0.0843049 0.0293005
0 0.424109 0.418734 0.26058 0.343841 0.0283479
0 0.475774 0.363574 0.374834 0.228409 0.0277039
0 0.306015 0.741088 0.142774 0.228803 0.0261624
0 0.574608 0.619321 0.732399 0.470454 0.0261164
0 0.967911 0.234838 0.0633469 0.273146 0.025354
0 0.567904 0.342161 0.0502207 0.124296 0.0252037
0 0.290772 0.70968 0.184895 0.305138 0.0239566
2 0.96946 0.284304 0.06108 0.164636 0.0234138
0 0.545303 0.34311 0.31253 0.204445 0.0218227
2 0.967954 0.361995 0.0633316 0.226046 0.0218102
0 0.281643 0.826561 0.0257804 0.0437392 0.0190815
0 0.620224 0.390689 0.162724 0.280985 0.0181915
0 0.310803 0.707247 0.12904 0.157499 0.0181732
0 0.639152 0.314257 0.0767719 0.109104 0.0169106
0 0.479363 0.626697 0.0601167 0.118236 0.0163436
0 0.970323 0.34269 0.0593541 0.206314 0.0148896
0 0.341429 0.696523 0.0663596 0.118788 0.0137827
0 0.40818 0.378239 0.233005 0.254516 0.0130691
0 0.41823 0.490289 0.24472 0.211697 0.0127725
0 0.630309 0.314032 0.0579148 0.0959965 0.0126428
0 0.339897 0.663008 0.379097 0.51784 0.0125567
0 0.966342 0.342953 0.0673162 0.579776 0.0124659
0 0.612418 0.353535 0.14425 0.199612 0.0121981
0 0.954879 0.355974 0.0876593 0.618667 0.011514
0 0.75562 0.514947 0.064394 0.0873774 0.0108563
1 0.957446 0.565341 0.0851087 0.712164 0.0104303
0 0.382914 0.472049 0.173991 0.167797 0.0103373
0 0.785087 0.609924 0.155486 0.146945 0.0101676
0 0.345971 0.616968 0.482126 0.505604 0.00991507
0 0.961188 0.515151 0.0776243 0.581477 0.00975719
0 0.441095 0.374638 0.143609 0.245124 0.00963501
0 0.502421 0.234172 0.421252 0.442193 0.00928245
0 0.946175 0.265896 0.105944 0.525284 0.00912814
0 0.418078 0.547952 0.248675 0.320235 0.00906713
0 0.445532 0.693741 0.747443 0.612519 0.00893502
0 0.482135 0.325341 0.0466612 0.0746613 0.00883064
0 0.953778 0.590909 0.091109 0.712014 0.00866247
0 0.398597 0.289137 0.0547061 0.0707343 0.00863003
0 0.771413 0.505957 0.0678496 0.0756032 0.00860687
0 0.440846 0.769687 0.0340592 0.0561023 0.00780508
0 0.606215 0.339153 0.134146 0.13807 0.00759173
0 0.758949 0.603498 0.209371 0.155141 0.00723991
0 0.598798 0.404676 0.115438 0.272457 0.00705943
0 0.625787 0.304752 0.0490567 0.0790558 0.0070537
0 0.287223 0.790427 0.0613096 0.126742 0.006969
0 0.648271 0.246873 0.495579 0.461599 0.00669199
0 0.65244 0.717123 0.13785 0.163492 0.00665617
0 0.679361 0.284725 0.0441782 0.0822623 0.0066384
0 0.326124 0.452439 0.0521285 0.0699188 0.00648243
0 0.775091 0.629798 0.449818 0.730246 0.00644543
0 0.750808 0.550707 0.149071 0.165034 0.00632709
0 0.283057 0.829523 0.0370449 0.0524604 0.00626051
1 0.965116 0.281722 0.069767 0.175388 0.00572687
0 0.92272 0.256234 0.153011 0.51025 0.0055294
0 0.28927 0.749246 0.0611507 0.0730263 0.00525094
0 0.830436 0.569461 0.339076 0.687025 0.00509931
0 0.558716 0.316365 0.0358899 0.0720609 0.00509848
0 0.448966 0.243739 0.363425 0.487479 0.00507924
0 0.910137 0.522832 0.17945 0.657802 0.00501515
0 0.614989 0.73303 0.611758 0.53394 0.00497186
2 0.965391 0.452396 0.0680237 0.418514 0.00495582
0 0.384132 0.768559 0.716461 0.462882 0.00489154
0 0.921058 0.391853 0.151483 0.680853 0.00488727
0 0.600043 0.44552 0.113354 0.192136 0.00485407
2 0.966276 0.297011 0.0674472 0.115258 0.00482016
0 0.440441 0.765332 0.034468 0.0803673 0.00477902
1 0.951169 0.300686 0.0976623 0.151656 0.00472577
1 0.945899 0.381727 0.108201 0.300529 0.0046867
0 0.788521 0.492381 0.0315035 0.0454629 0.00465521
0 0.332158 0.459259 0.0721736 0.0876737 0.00460998
0 0.653467 0.292823 0.0959655 0.104306 0.00454927
0 0.343149 0.455146 0.0912115 0.0922361 0.00431821
0 0.555522 0.161215 0.496278 0.317279 0.00415318
0 0.500293 0.449186 0.0762076 0.105517 0.00414978
0 0.236773 0.78588 0.411225 0.399015 0.00413553
0 0.90172 0.157795 0.19656 0.315591 0.00413294
0 0.879233 0.217693 0.241534 0.434517 0.00410681
0 0.684125 0.519555 0.558415 0.629537 0.00406476
0 0.356304 0.67199 0.188962 0.203824 0.00402235
0 0.391744 0.276639 0.0402787 0.0438678 0.0039914
0 0.0542911 0.104901 0.108582 0.209801 0.00398692
0 0.647402 0.106523 0.554526 0.213045 0.00392084
0 0.19524 0.554551 0.358225 0.637136 0.0039204
0 0.0544619 0.171401 0.108924 0.336261 0.00389035
0 0.364621 0.111881 0.421675 0.223763 0.00386971
0 0.768703 0.517308 0.462595 0.656191 0.00385034
0 0.0738894 0.0962715 0.147779 0.192543 0.00383618
0 0.942041 0.198468 0.115917 0.396936 0.00377159
0 0.940922 0.641426 0.118156 0.717148 0.00376491
0 0.562291 0.102679 0.315811 0.205357 0.00376373
0 0.262819 0.100621 0.423509 0.201243 0.00375833
0 0.901213 0.820613 0.193839 0.356783 0.00374828
0 0.50841 0.0973869 0.312574 0.194774 0.00374392
0 0.628483 0.102334 0.362528 0.204667 0.0037427
0 0.870931 0.123997 0.258137 0.247994 0.00372132
0 0.949526 0.813777 0.097653 0.372447 0.00372085
0 0.168788 0.0904916 0.335248 0.17875 0.0037166
0 0.672921 0.329389 0.479179 0.483599 0.00368857
0 0.287319 0.776185 0.0720077 0.15847 0.00368341
0 0.930055 0.77712 0.138745 0.445759 0.00367772
0 0.723417 0.728722 0.550082 0.542557 0.00367394
0 0.533894 0.765724 0.874709 0.468552 0.00366827
0 0.295008 0.0923087 0.306183 0.184617 0.0036363
0 0.217743 0.643663 0.393553 0.614521 0.00362984
0 0.275153 0.606633 0.465866 0.642547 0.00362231
0 0.104945 0.0887353 0.20989 0.177471 0.00360386
0 0.184347 0.439053 0.356722 0.578047 0.00357147
0 0.601005 0.437687 0.0863988 0.15883 0.00354824
0 0.742274 0.526123 0.127499 0.114482 0.00354665
0 0.445064 0.557237 0.197071 0.263563 0.00353456
0 0.0631661 0.660212 0.126332 0.542457 0.00353121
0 0.818315 0.133511 0.36337 0.266534 0.00352088
0 0.0419205 0.524291 0.0838411 0.650034 0.00351736
0 0.579217 0.797098 0.699159 0.405803 0.00351218
0 0.700792 0.0880326 0.367144 0.176065 0.00350443
0 0.398364 0.0921195 0.309583 0.184239 0.00349134
0 0.758833 0.0909438 0.325645 0.181888 0.00348478
0 0.173427 0.754516 0.346854 0.470286 0.00347954
0 0.0550196 0.750005 0.110039 0.499989 0.00347191
0 0.0545005 0.228869 0.109001 0.449588 0.00346931
0 0.110177 0.197956 0.220354 0.395913 0.00345566
0 0.451465 0.0946323 0.315317 0.189265 0.00345026
0 0.0496117 0.615944 0.0992234 0.573875 0.00343636
0 0.152785 0.610334 0.305571 0.623363 0.00342279
0 0.760667 0.105506 0.399498 0.209837 0.00342226
0 0.198663 0.210928 0.382541 0.421856 0.00341744
0 0.818978 0.225299 0.362044 0.450599 0.00341109
0 0.366368 0.584785 0.589486 0.651733 0.00340362
0 0.816545 0.10279 0.31483 0.20558 0.00340124
0 0.0829557 0.538966 0.165911 0.641484 0.00338599
0 0.538615 0.127559 0.6068 0.255092 0.00337131
0 0.0401035 0.425506 0.0802069 0.630408 0.00332314
0 0.682592 0.277285 0.0360185 0.0627561 0.00331837
0 0.707525 0.207482 0.523732 0.414965 0.00329948
0 0.892014 0.899789 0.211443 0.200422 0.0032984
0 0.0920538 0.618167 0.184108 0.565829 0.00328876
0 0.0772137 0.763734 0.154427 0.460627 0.00328535
0 0.106404 0.851216 0.212399 0.293165 0.00325859
0 0.290776 0.21967 0.436244 0.439339 0.00324711
0 0.0951415 0.709269 0.190283 0.519346 0.00324667
0 0.85771 0.823956 0.284581 0.352088 0.00323315
0 0.781578 0.253812 0.422674 0.486012 0.00322643
0 0.227941 0.258465 0.404912 0.478462 0.00321986
0 0.375698 0.36802 0.326801 0.428367 0.00317474
0 0.338145 0.456702 0.49455 0.604187 0.00316784
0 0.8218 0.606541 0.0861401 0.104685 0.00316492
0 0.0735536 0.42209 0.147107 0.595414 0.00314607
0 0.184722 0.327926 0.369444 0.486996 0.00314555
0 0.805601 0.725587 0.388799 0.548826 0.00314128
0 0.386987 0.235074 0.398717 0.470149 0.00313251
0 0.0599245 0.835084 0.119849 0.329831 0.00313182
0 0.789229 0.828917 0.414909 0.34048 0.00312655
0 0.815544 0.37621 0.368912 0.606715 0.00309775
0 0.158983 0.255993 0.317965 0.467325 0.00309742
0 0.271751 0.703824 0.523393 0.491767 0.00309464
0 0.937995 0.855945 0.12401 0.28811 0.00307589
0 0.419344 0.3125 0.0910023 0.116141 0.00305563
0 0.0810696 0.826938 0.158562 0.345859 0.00300263
0 0.66255 0.82817 0.594658 0.336782 0.00300223
0 0.303775 0.340632 0.446202 0.499277 0.00296983
0 0.395833 0.685581 0.236745 0.233156 0.00295251
0 0.190119 0.843112 0.372258 0.313776 0.00293463
0 0.577913 0.215263 0.651625 0.430526 0.00291229
0 0.0631595 0.86817 0.126319 0.263659 0.00290711
0 0.0793275 0.301945 0.158655 0.453944 0.00284091
0 0.677431 0.725964 0.0894627 0.146546 0.0028375
0 0.374204 0.850068 0.522119 0.299865 0.00283488
0 0.739486 0.542398 0.0947903 0.139418 0.00282785
0 0.862879 0.947994 0.271865 0.104012 0.00282312
0 0.780923 0.498226 0.0494871 0.0595094 0.00277299
0 0.436176 0.876771 0.550152 0.246459 0.00277181
0 0.393361 0.249852 0.301486 0.48716 0.0027499
0 0.677461 0.870833 0.562785 0.258334 0.00273507
0 0.749479 0.896279 0.438226 0.207443 0.00271388
2 0.47917 0.642953 0.0546865 0.0738514 0.00269038
0 0.284867 0.912208 0.50099 0.175583 0.00268115
0 0.351584 0.474981 0.105781 0.173759 0.00267353
0 0.817323 0.942749 0.347611 0.114503 0.00266909
0 0.405305 0.424619 0.0669957 0.0683765 0.00266661
0 0.188125 0.877277 0.348766 0.245447 0.00265054
0 0.580025 0.85089 0.569637 0.298221 0.00264267
0 0.240269 0.89447 0.400453 0.211059 0.00260735
0 0.343947 0.268807 0.36103 0.503524 0.00257692
0 0.75001 0.510842 0.0554488 0.0606422 0.002568
0 0.684446 0.744627 0.0744467 0.10658 0.0025618
0 0.424051 0.630648 0.173305 0.108817 0.00251413
1 0.953533 0.231136 0.0929343 0.305918 0.00251152
0 0.701026 0.769201 0.0357914 0.0452423 0.00248397
0 0.610524 0.471237 0.0880962 0.121311 0.00247149
0 0.961429 0.312963 0.0400404 0.0646248 0.00243034
0 0.573474 0.436127 0.172536 0.319877 0.00242456
0 0.275863 0.787565 0.0641166 0.137887 0.00237827
0 0.685229 0.688164 0.0698343 0.110289 0.00233815
0 0.621237 0.293597 0.0379961 0.0553008 0.00232534
2 0.987039 0.24344 0.0259214 0.264314 0.00228177
0 0.486493 0.443273 0.0470513 0.0892909 0.00227974
0 0.627394 0.292092 0.0495496 0.0675585 0.00227553
0 0.321207 0.440435 0.0420752 0.0437883 0.00225691
0 0.359057 0.452119 0.119825 0.111301 0.00224874
2 0.972264 0.518322 0.0554711 0.565018 0.00224783
0 0.286177 0.727479 0.0722922 0.138024 0.00223259
0 0.289382 0.757524 0.0554235 0.0534578 0.00222893
0 0.632074 0.330078 0.0642342 0.135327 0.00222593
0 0.48844 0.594127 0.107031 0.182534 0.00220901
0 0.565029 0.358982 0.0447083 0.0967916 0.0021835
0 0.430458 0.765475 0.0553665 0.0696715 0.00215509
0 0.592978 0.42272 0.0805897 0.13735 0.00210283
0 0.533925 0.51342 0.252842 0.319218 0.00207614
0 0.802741 0.613582 0.118285 0.122176 0.00206359
0 0.452015 0.338678 0.286397 0.135262 0.00204769
0 0.283126 0.829449 0.0504497 0.0692595 0.00202132
0 0.409591 0.441163 0.0809689 0.106299 0.00199661
0 0.62028 0.659468 0.131482 0.217954 0.00196693
0 0.47918 0.3086 0.242494 0.186068 0.00188677
0 0.346302 0.711456 0.052138 0.0909943 0.00187308
0 0.257054 0.737585 0.161764 0.236645 0.00184713
0 0.486358 0.64318 0.0727098 0.0926099 0.00182661
0 0.433239 0.737092 0.0514109 0.109495 0.00182542
2 0.966286 0.221796 0.0674278 0.306845 0.00180943
0 0.705525 0.597783 0.324567 0.259342 0.00180085
0 0.399873 0.604701 0.0483468 0.0592417 0.0017823
0 0.372704 0.663747 0.140076 0.186925 0.00177343
0 0.495163 0.561873 0.0961103 0.254768 0.00175108
0 0.70247 0.634582 0.323484 0.164805 0.00173742
0 0.739976 0.524986 0.0730325 0.0830297 0.00171522
0 0.488283 0.619153 0.0803417 0.13122 0.00168692
0 0.610425 0.690216 0.0740822 0.163843 0.00165135
0 0.962143 0.906697 0.0757145 0.173588 0.00163848
0 0.96549 0.191561 0.0690193 0.383122 0.0016338
0 0.702303 0.567251 0.0451159 0.0563335 0.00160175
0 0.268766 0.768442 0.0996947 0.177131 0.00159786
0 0.460396 0.422353 0.221954 0.316133 0.00158098
0 0.536859 0.652219 0.3124 0.261133 0.00156862
0 0.692704 0.735322 0.0555345 0.120575 0.00155134
0 0.788676 0.488403 0.0302466 0.0330446 0.0015197
0 0.399253 0.745647 0.118943 0.117504 0.00150909
0 0.473124 0.335219 0.232589 0.111005 0.00147793
0 0.958435 0.881853 0.0809454 0.229746 0.00146438
0 0.559678 0.521097 0.190933 0.383169 0.00146064
0 0.526894 0.338438 0.233056 0.131294 0.00145528
0 0.397384 0.423667 0.0532016 0.0610993 0.00145253
0 0.652402 0.740939 0.173795 0.189555 0.00143143
0 0.387002 0.61716 0.196323 0.227361 0.00142839
0 0.455089 0.487591 0.171826 0.182949 0.00142447
0 0.438505 0.761542 0.036467 0.0526526 0.00142171
0 0.677555 0.572754 0.274678 0.212316 0.00141732
0 0.66611 0.290833 0.0675673 0.0965858 0.00141503
0 0.33833 0.653871 0.18758 0.24689 0.00141055
2 0.962427 0.881213 0.0751457 0.222456 0.00139993
0 0.441716 0.655475 0.175901 0.182352 0.00139674
1 0.940668 0.35399 0.118665 0.228914 0.00139343
1 0.956011 0.426669 0.0879786 0.363074 0.00138097
2 0.972869 0.191882 0.0542627 0.335557 0.00136947
2 0.0613547 0.937581 0.122709 0.124837 0.00136835
0 0.607046 0.480873 0.117183 0.239376 0.00136399
2 0.956935 0.924683 0.0861295 0.146328 0.0013591
0 0.685982 0.541939 0.249063 0.186304 0.00135691
2 0.0688654 0.891192 0.137731 0.212328 0.00135639
0 0.334982 0.668625 0.0570868 0.0662674 0.00135635
0 0.301971 0.824101 0.0601353 0.0831111 0.00135059
2 0.9589 0.945545 0.0821993 0.10891 0.00134569
2 0.96044 0.496478 0.0791203 0.582652 0.00133789
0 0.800066 0.571867 0.127432 0.214219 0.00133669
0 0.710531 0.978051 0.175754 0.0438975 0.00132852
0 0.587492 0.742979 0.0272373 0.0420102 0.00132814
0 0.448733 0.600496 0.177247 0.170229 0.00130883
2 0.0764808 0.958954 0.152962 0.0820928 0.0013032
0 0.280357 0.984598 0.204449 0.0308043 0.00130199
0 0.223847 0.980036 0.247859 0.0399269 0.00129646
2 0.977684 0.115535 0.044632 0.231071 0.00129413
0 0.295417 0.979948 0.211762 0.0401037 0.00129015
0 0.721919 0.664744 0.284485 0.278087 0.00128442
0 0.576665 0.372648 0.067934 0.106759 0.00127834
0 0.532664 0.554213 0.168478 0.278694 0.00127765
0 0.203472 0.973441 0.227703 0.0531176 0.00125261
0 0.266834 0.709477 0.187444 0.239335 0.00122253
0 0.52841 0.578723 0.304733 0.293893 0.00121568
0 0.179324 0.968118 0.183862 0.0637636 0.00121154
2 0.0622225 0.136995 0.124445 0.272727 0.00121126
