2 0.247279 0.572906 0.494557 0.394853 0.952768
2 0.71239 0.710359 0.427941 0.355747 0.95122
2 0.66751 0.351031 0.659802 0.49321 0.946381
2 0.59561 0.392034 0.80878 0.575675 0.543833
2 0.5 0.429302 1 0.622516 0.467619
2 0.343501 0.55841 0.687001 0.418932 0.356105
2 0.5 0.563503 1 0.758348 0.168878
2 0.660372 0.554759 0.593621 0.844779 0.0376962
0 0.831062 0.126911 0.0356813 0.0435824 0.030165
0 0.623683 0.0146443 0.1292 0.0292655 0.0226991
2 0.481368 0.691547 0.952115 0.416487 0.0121427
2 0.5 0.616511 1 0.392021 0.0112242
2 0.597902 0.241684 0.804196 0.417916 0.00899839
0 0.635326 0.0241016 0.174879 0.0482031 0.00867989
2 0.606148 0.0588064 0.767176 0.117613 0.0086755
0 0.91203 0.130087 0.175267 0.151491 0.00848386
2 0.27386 0.550099 0.54772 0.707696 0.00829964
2 0.544203 0.177708 0.911593 0.355416 0.00797353
2 0.737101 0.775155 0.478264 0.44969 0.00762347
2 0.384298 0.428625 0.212221 0.122294 0.00740734
2 0.703303 0.103081 0.593394 0.201217 0.00718018
2 0.5 0.117207 1 0.232843 0.00705618
0 0.636898 0.0268123 0.261888 0.0536246 0.00650598
2 0.555273 0.0446125 0.533579 0.0892249 0.00643169
2 0.61759 0.0553664 0.574113 0.110733 0.00614576
2 0.614383 0.0163275 0.0974995 0.0319868 0.00599555
2 0.5701 0.314574 0.859799 0.419431 0.00580158
2 0.815391 0.109904 0.364006 0.207154 0.00579138
2 0.646283 0.224309 0.707434 0.317047 0.00573286
2 0.46646 0.0575947 0.867179 0.114331 0.0053435
0 0.528693 0.0525535 0.617245 0.105107 0.00505779
2 0.466585 0.336412 0.933171 0.350355 0.00485618
2 0.475327 0.769958 0.950654 0.460084 0.00479703
2 0.663303 0.274745 0.660755 0.355304 0.00478536
2 0.256527 0.719279 0.513054 0.561442 0.00471652
0 0.443083 0.0600111 0.886166 0.117607 0.00450879
2 0.618497 0.0118646 0.103896 0.0236296 0.0043446
2 0.75772 0.872807 0.475362 0.252849 0.00426666
2 0.257685 0.619045 0.46443 0.292685 0.0041182
2 0.397376 0.520497 0.794752 0.639028 0.00400256
0 0.0719152 0.072222 0.14383 0.144444 0.00381495
2 0.863151 0.108741 0.273699 0.217482 0.00379869
2 0.710812 0.755039 0.396951 0.271931 0.00373004
0 0.262152 0.92031 0.0526604 0.0639424 0.00368987
0 0.883934 0.151785 0.185443 0.100616 0.00368301
0 0.297659 0.0629695 0.562412 0.125939 0.00367505
0 0.0996431 0.067217 0.199286 0.134434 0.00364543
2 0.353709 0.410039 0.707418 0.590148 0.00364177
2 0.268997 0.457277 0.537995 0.610654 0.00358504
0 0.181043 0.0592074 0.362085 0.114519 0.00355774
0 0.0688443 0.109856 0.137689 0.214772 0.00353299
0 0.471308 0.178033 0.942615 0.356067 0.00352593
0 0.454897 0.342955 0.909794 0.391059 0.00340148
2 0.752698 0.809815 0.494604 0.379382 0.00334871
2 0.773256 0.18888 0.442161 0.263001 0.0033457
0 0.232529 0.328778 0.465057 0.519109 0.00333073
0 0.313634 0.372292 0.627268 0.546991 0.00326875
0 0.16236 0.388589 0.324721 0.604973 0.00325667
0 0.544793 0.0145909 0.26732 0.0291818 0.00324124
0 0.141572 0.151383 0.283145 0.302767 0.00323963
0 0.394943 0.263222 0.789885 0.443002 0.0032255
0 0.0787226 0.170966 0.157445 0.335283 0.00321744
0 0.0832766 0.394752 0.166553 0.604811 0.00320328
0 0.236132 0.154917 0.472263 0.309834 0.00317186
2 0.115778 0.436232 0.231556 0.61876 0.00315053
0 0.123874 0.327635 0.247748 0.518097 0.003113
2 0.729799 0.77375 0.540402 0.4525 0.00310035
2 0.792054 0.173117 0.415892 0.319968 0.00306657
0 0.205821 0.26444 0.411641 0.43714 0.00306277
0 0.642845 0.00929735 0.0382919 0.0168665 0.0030365
0 0.832807 0.12761 0.0544269 0.0472686 0.0030161
2 0.0809193 0.265432 0.161839 0.438076 0.00294901
2 0.785089 0.89992 0.429823 0.200161 0.00293013
2 0.5 0.869998 1 0.260005 0.00292734
0 0.468828 0.837667 0.922809 0.324667 0.00289669
2 0.733844 0.239934 0.520785 0.313787 0.00284952
0 0.114623 0.234419 0.229246 0.371217 0.00283334
2 0.752862 0.651542 0.494276 0.5206 0.00279346
2 0.715923 0.708519 0.568154 0.420303 0.00277563
2 0.174699 0.756569 0.349399 0.486861 0.00276435
2 0.309525 0.633994 0.61905 0.411561 0.0027282
0 0.83967 0.136712 0.0768797 0.0764912 0.00269901
2 0.739848 0.372897 0.506173 0.299051 0.00267366
2 0.427931 0.886123 0.81345 0.227755 0.00262004
2 0.743814 0.527262 0.512372 0.57938 0.00258551
2 0.24069 0.78828 0.48138 0.421122 0.00257528
2 0.766894 0.219672 0.466213 0.331865 0.00257453
2 0.0824678 0.9196 0.164936 0.160801 0.00255628
0 0.279347 0.739362 0.558695 0.521276 0.00254342
2 0.711754 0.430661 0.566982 0.341169 0.00252744
2 0.684542 0.561694 0.630916 0.553275 0.00250597
0 0.294211 0.887889 0.538703 0.221505 0.00249621
0 0.0659704 0.77688 0.131941 0.44624 0.00248015
0 0.766306 0.406539 0.467387 0.442361 0.00247341
0 0.761741 0.256432 0.476519 0.347637 0.00246589
2 0.667673 0.63642 0.664653 0.618679 0.00246042
0 0.072861 0.841177 0.145722 0.317647 0.002457
2 0.101715 0.833258 0.203431 0.333484 0.00237893
0 0.0761823 0.889135 0.152365 0.221731 0.0023718
2 0.304572 0.921971 0.471185 0.156058 0.00236248
2 0.800648 0.928516 0.398703 0.142968 0.00233902
2 0.508815 0.289998 0.313378 0.190643 0.00229609
2 0.217853 0.926491 0.375566 0.147019 0.00222311
2 0.196066 0.89255 0.376133 0.209072 0.0022229
2 0.113595 0.931098 0.22719 0.137805 0.00221466
2 0.689335 0.21596 0.355889 0.21865 0.00216777
0 0.653765 0.0487368 0.282772 0.0974736 0.00216535
2 0.16068 0.92903 0.321359 0.141939 0.00215988
2 0.142471 0.895114 0.284943 0.205045 0.00215594
2 0.55095 0.314815 0.402435 0.247035 0.00212367
0 0.652878 0.0137546 0.239695 0.0271495 0.0021093
2 0.104209 0.892231 0.208418 0.215538 0.0021054
2 0.921542 0.130889 0.154264 0.142586 0.00209499
2 0.577759 0.886871 0.817133 0.226258 0.00200718
2 0.821129 0.891539 0.356931 0.216696 0.00197749
0 0.262334 0.915277 0.049159 0.0447373 0.0019196
0 0.622237 0.0395209 0.390592 0.0790418 0.00173541
0 0.536299 0.0249731 0.39975 0.0483835 0.00171532
0 0.456544 0.286929 0.203138 0.183678 0.00168125
2 0.705418 0.802973 0.399946 0.170899 0.00165081
0 0.684283 0.212057 0.354314 0.210961 0.00165043
2 0.323166 0.490172 0.287158 0.182894 0.00162995
0 0.58904 0.0124803 0.0439837 0.0236528 0.00162461
2 0.644242 0.00951641 0.0380479 0.0167026 0.00160441
1 0.454335 0.28676 0.20061 0.17974 0.00158547
0 0.946978 0.252408 0.0734221 0.0581279 0.00157577
0 0.907315 0.105444 0.18537 0.210888 0.00151268
0 0.0839819 0.553742 0.167964 0.168395 0.00149455
0 0.548523 0.0134392 0.385548 0.0268783 0.00148505
2 0.470967 0.558533 0.18778 0.114672 0.0014702
2 0.404341 0.448155 0.211569 0.160649 0.00144883
0 0.804561 0.891744 0.328512 0.213558 0.00144366
2 0.43243 0.53403 0.232191 0.191894 0.00143957
0 0.749299 0.961598 0.248099 0.0768042 0.00143067
0 0.727563 0.201783 0.316816 0.189457 0.00142354
0 0.392941 0.421331 0.147599 0.118976 0.00142214
2 0.478968 0.539093 0.204108 0.164551 0.0014135
0 0.588348 0.0575174 0.292276 0.114806 0.00141239
2 0.505283 0.560704 0.144747 0.101378 0.00140386
0 0.621768 0.209595 0.344042 0.212754 0.00138806
2 0.777149 0.714034 0.309308 0.315349 0.00138767
2 0.246994 0.672585 0.46793 0.197288 0.00138492
0 0.352268 0.423385 0.267709 0.122334 0.00137155
1 0.253665 0.632804 0.477936 0.290881 0.00136056
2 0.35023 0.434573 0.273211 0.135254 0.00135665
2 0.41184 0.553163 0.186594 0.14911 0.00134627
2 0.705232 0.648819 0.415366 0.218661 0.00134039
2 0.795304 0.742296 0.27034 0.245111 0.00133912
0 0.696449 0.0681254 0.231642 0.0491705 0.00131552
0 0.0853229 0.526687 0.170646 0.279973 0.00131427
2 0.392858 0.517496 0.244239 0.223168 0.00130574
0 0.255711 0.919603 0.0673909 0.072372 0.00129124
2 0.860178 0.452856 0.195488 0.114277 0.00128966
2 0.292517 0.64998 0.388485 0.230714 0.00128915
2 0.892956 0.126309 0.214089 0.159528 0.00128513
0 0.502747 0.248415 0.168008 0.111792 0.00124102
2 0.661529 0.622978 0.330668 0.182388 0.00123745
2 0.62982 0.596548 0.178885 0.127818 0.00123738
2 0.503424 0.544319 0.165233 0.139568 0.00122869
2 0.523532 0.565267 0.108002 0.0931446 0.00120614
2 0.937629 0.11502 0.124743 0.190508 0.00119691
0 0.736964 0.133246 0.24044 0.0568341 0.00119483
2 0.652377 0.906622 0.266399 0.179919 0.0011941
2 0.588681 0.594873 0.155782 0.129925 0.00119127
2 0.0917155 0.141908 0.183431 0.283817 0.001188
0 0.8956 0.288564 0.19405 0.133895 0.00118226
0 0.252192 0.491538 0.32 0.183549 0.00118024
2 0.876214 0.798298 0.247482 0.403404 0.00117648
2 0.987878 0.496497 0.0242449 0.417782 0.00117356
2 0.45257 0.55782 0.114279 0.112815 0.00115732
2 0.420003 0.487386 0.246795 0.229893 0.00115382
2 0.905883 0.309508 0.181662 0.172436 0.0011479
2 0.0795163 0.114421 0.159033 0.228841 0.00114714
2 0.911044 0.613965 0.177912 0.498134 0.00114633
2 0.829266 0.459587 0.265333 0.130217 0.00114206
0 0.620857 0.828888 0.170132 0.118257 0.00113663
0 0.834778 0.211758 0.316132 0.232804 0.00112633
2 0.0615678 0.0406832 0.123136 0.0793345 0.00112211
2 0.464553 0.287702 0.225782 0.181717 0.00111776
2 0.87233 0.554699 0.242823 0.348352 0.00111623
0 0.877191 0.123374 0.245444 0.164408 0.00111521
2 0.437009 0.780094 0.174398 0.139732 0.00111054
2 0.89728 0.594122 0.204202 0.281973 0.0011088
2 0.136511 0.677298 0.273021 0.314061 0.00110779
2 0.622356 0.922923 0.309161 0.153161 0.0011036
2 0.0150076 0.180505 0.0300152 0.361011 0.00108904
2 0.0346408 0.224976 0.0692817 0.449952 0.00108685
2 0.944275 0.792616 0.111449 0.414769 0.00108489
2 0.99316 0.128781 0.0136802 0.168653 0.00107683
2 0.0614202 0.069752 0.12284 0.139504 0.00107449
2 0.856967 0.809651 0.104544 0.198902 0.00107142
2 0.0343823 0.158932 0.0687646 0.317864 0.00107079
2 0.221549 0.782187 0.358789 0.244845 0.00106071
2 0.345778 0.530279 0.330702 0.258152 0.00105904
2 0.0962355 0.5924 0.192471 0.215446 0.00105851
2 0.871207 0.691438 0.109505 0.0701781 0.00105771
0 0.235638 0.912195 0.114855 0.0993809 0.00105545
2 0.0577175 0.048214 0.115435 0.0964279 0.00105492
2 0.98232 0.567516 0.035359 0.467552 0.00105445
2 0.41772 0.652147 0.16448 0.1701 0.00105179
0 0.417783 0.769076 0.118728 0.106086 0.00105021
0 0.173085 0.699205 0.290222 0.137941 0.00104968
2 0.0307626 0.590957 0.0615253 0.458668 0.00104741
0 0.687237 0.169899 0.241946 0.118132 0.00104699
2 0.00926747 0.73997 0.0185349 0.51132 0.00104635
0 0.688642 0.940818 0.241452 0.117791 0.00104459
2 0.0205519 0.505791 0.0411038 0.484832 0.00104375
2 0.901989 0.397788 0.190195 0.312896 0.00104195
1 0.654161 0.199758 0.286803 0.182276 0.00103548
0 0.583831 0.016279 0.0520704 0.0314089 0.00103431
2 0.649933 0.607184 0.23875 0.150287 0.001034
0 0.782235 0.927169 0.282802 0.143917 0.00103359
1 0.715701 0.881613 0.414306 0.236775 0.00103358
0 0.615847 0.0178009 0.0970014 0.0356019 0.00103173
0 0.737263 0.0699334 0.161454 0.0448721 0.0010291
2 0.0192708 0.642198 0.0385417 0.490404 0.00102497
0 0.6506 0.0874519 0.262012 0.174904 0.00102274
0 0.725897 0.174961 0.302677 0.133161 0.00102145
2 0.247447 0.833316 0.36412 0.295707 0.00101748
0 0.811498 0.639529 0.223037 0.149169 0.00101549
2 0.419327 0.389101 0.212705 0.172772 0.00101517
2 0.837291 0.71566 0.187139 0.144349 0.0010147
0 0.29205 0.746153 0.553901 0.221906 0.0010131
2 0.0270962 0.45761 0.0541924 0.479381 0.00101174
0 0.627932 0.768094 0.177809 0.237845 0.00101052
2 0.361538 0.488828 0.282466 0.234855 0.00100629
2 0.9894 0.642875 0.0212008 0.39007 0.00100501
2 0.0601022 0.557487 0.120204 0.133221 0.00100342
2 0.78268 0.793374 0.260076 0.134379 0.00100298
2 0.51224 0.604638 0.28327 0.181188 0.000999683
0 0.836687 0.011093 0.282841 0.0221859 0.000997313
0 0.201514 0.720165 0.344758 0.156366 0.000996883
2 0.0207218 0.242704 0.0414436 0.485408 0.000995866
0 0.884181 0.262791 0.211736 0.0838272 0.000995056
2 0.709076 0.299928 0.42831 0.343621 0.000991563
2 0.42165 0.480139 0.223406 0.130826 0.000990157
1 0.410374 0.281881 0.249083 0.202504 0.000989857
2 0.292229 0.501277 0.391252 0.212508 0.000989518
0 0.867514 0.626983 0.202836 0.136773 0.000989276
0 0.203276 0.91831 0.17397 0.086998 0.000986345
0 0.517276 0.770133 0.316191 0.209735 0.000986066
2 0.0580639 0.589545 0.115525 0.0606632 0.000985915
2 0.58531 0.91063 0.316278 0.166942 0.000984583
2 0.637046 0.956541 0.336774 0.0869188 0.000983702
2 0.0168534 0.750479 0.0337067 0.499042 0.00098336
2 0.485129 0.792094 0.282032 0.168121 0.000983331
0 0.424391 0.755946 0.140351 0.0857136 0.000982907
2 0.887102 0.855728 0.195725 0.288544 0.000981868
2 0.532792 0.382422 0.363626 0.349738 0.000981245
2 0.0811698 0.365372 0.16234 0.277836 0.000981157
0 0.0707201 0.555957 0.139313 0.131526 0.000980846
2 0.971053 0.413068 0.0578949 0.464424 0.000980686
0 0.517104 0.973108 0.235758 0.0537842 0.000979581
1 0.554688 0.0689136 0.357757 0.136126 0.000978997
0 0.900463 0.113578 0.199074 0.227157 0.000976105
2 0.994532 0.753676 0.0109366 0.219484 0.000975458
1 0.0354516 0.109801 0.0709031 0.219602 0.000973627
0 0.440971 0.0119028 0.33362 0.0238055 0.000971225
2 0.0744756 0.58727 0.148951 0.0691849 0.000970197
2 0.103801 0.0956808 0.207602 0.18965 0.000970122
0 0.256684 0.456285 0.148463 0.119866 0.000970034
0 0.781607 0.148605 0.382624 0.0987441 0.000969608
2 0.6043 0.950187 0.45269 0.0986357 0.000969368
2 0.291701 0.789944 0.336375 0.22347 0.000968283
2 0.905016 0.693155 0.189967 0.477307 0.000967829
2 0.203839 0.709127 0.407678 0.354489 0.000967479
2 0.662902 0.347805 0.535034 0.317782 0.000967217
0 0.575708 0.0854907 0.322522 0.170981 0.0009651
0 0.754547 0.120201 0.210536 0.0505703 0.000962496
0 0.725162 0.949614 0.181633 0.0985393 0.000962249
2 0.992689 0.742957 0.0146228 0.293213 0.000961837
2 0.714788 0.616502 0.3736 0.165162 0.000959652
0 0.135496 0.0119894 0.268631 0.0239788 0.000958777
0 0.434915 0.977946 0.253345 0.0441084 0.000957936
2 0.993945 0.809989 0.0121094 0.259815 0.0009571
2 0.0395651 0.752713 0.0791303 0.494574 0.000954403
0 0.387347 0.917916 0.347306 0.156859 0.000952429
0 0.0633313 0.03306 0.126663 0.0661201 0.000951528
2 0.00573066 0.705342 0.0114613 0.508087 0.000951125
0 0.687307 0.901333 0.260076 0.193369 0.000950554
2 0.576706 0.518503 0.31859 0.192407 0.000950394
2 0.997816 0.146095 0.00436774 0.175578 0.000950378
2 0.0865743 0.616147 0.173149 0.178036 0.000949874
0 0.181139 0.647703 0.325164 0.235864 0.000949871
2 0.868606 0.717226 0.216466 0.313078 0.000948986
2 0.0862079 0.19531 0.172416 0.324222 0.000948123
0 0.490144 0.783497 0.281195 0.170308 0.000947352
2 0.687768 0.832923 0.442653 0.203618 0.000946945
0 0.70668 0.0119548 0.340143 0.0239096 0.000945215
2 0.839693 0.127026 0.0602527 0.0496085 0.000944818
0 0.473701 0.980011 0.231253 0.0399788 0.000942665
2 0.587253 0.627921 0.20423 0.202264 0.000942003
2 0.529608 0.908981 0.397422 0.175961 0.000941819
0 0.259365 0.0119818 0.23669 0.0239636 0.000941572
2 0.0752055 0.447058 0.150411 0.275322 0.000941458
2 0.989308 0.8483 0.0213847 0.3034 0.000941295
0 0.840189 0.983453 0.179101 0.0330948 0.000940024
2 0.520641 0.811836 0.377393 0.194822 0.000939756
2 0.234969 0.722124 0.455515 0.263419 0.000938572
0 0.330584 0.011361 0.257228 0.022722 0.000937409
