0 0.467428 0.45657 0.447891 0.557787 0.712127
0 0.247596 0.696962 0.194707 0.272426 0.702116
0 0.725162 0.625336 0.208707 0.255565 0.575494
0 0.272913 0.293409 0.141157 0.258509 0.354882
0 0.44338 0.484056 0.585246 0.626735 0.264416
0 0.626086 0.477418 0.412379 0.541017 0.17798
0 0.410278 0.607619 0.523527 0.456045 0.142948
0 0.556261 0.465757 0.566016 0.55372 0.106028
0 0.567469 0.978337 0.0385818 0.0433261 0.0351214
0 0.264821 0.488563 0.152856 0.65096 0.0346995
0 0.77203 0.134549 0.0368388 0.0396144 0.0253076
0 0.627917 0.276361 0.115842 0.168765 0.022917
0 0.485431 0.392225 0.419413 0.412672 0.0225071
0 0.241838 0.645188 0.235576 0.388626 0.0206477
0 0.752863 0.621117 0.29413 0.263957 0.0157812
0 0.414751 0.520977 0.274522 0.443251 0.0157007
0 0.227398 0.274841 0.245639 0.3082 0.0150682
0 0.340091 0.503069 0.449005 0.667264 0.0143111
0 0.546838 0.740102 0.581582 0.48687 0.0131971
0 0.566004 0.977427 0.0539517 0.0451461 0.0129425
0 0.447164 0.305787 0.563936 0.313814 0.0129141
0 0.490314 0.627746 0.697845 0.724486 0.0124781
0 0.421353 0.76255 0.631614 0.4749 0.0122011
0 0.750297 0.434407 0.366629 0.622046 0.0114786
0 0.224885 0.714518 0.14666 0.234916 0.0113121
0 0.608 0.280956 0.151398 0.178683 0.0112292
0 0.585595 0.440162 0.195757 0.383336 0.0110647
0 0.27093 0.23993 0.130381 0.151133 0.0110355
0 0.317004 0.275471 0.295155 0.296697 0.0107592
0 0.273882 0.689442 0.138171 0.247091 0.0102442
0 0.504591 0.561546 0.667665 0.39605 0.010191
0 0.190769 0.754422 0.341996 0.400525 0.00925157
0 0.214283 0.217124 0.382802 0.432449 0.00921941
0 0.504257 0.319285 0.390787 0.268941 0.00858904
0 0.771869 0.133766 0.041888 0.0522017 0.00822343
0 0.441612 0.40761 0.682415 0.621552 0.00816238
0 0.264818 0.713312 0.250392 0.310795 0.00776436
0 0.518429 0.840549 0.650455 0.307604 0.00758564
0 0.563845 0.975131 0.490052 0.0497384 0.00664959
0 0.567403 0.311198 0.306574 0.252009 0.00631324
0 0.292348 0.350672 0.549899 0.424932 0.00615051
0 0.191776 0.287362 0.373722 0.370449 0.00598977
1 0.955778 0.45987 0.0884443 0.904629 0.00589415
0 0.303428 0.520419 0.599999 0.735852 0.00553944
0 0.597204 0.338487 0.177279 0.289185 0.00544563
0 0.231967 0.799183 0.463934 0.383684 0.00543901
0 0.44025 0.243814 0.57223 0.357459 0.00523325
0 0.270793 0.836785 0.494728 0.301721 0.00520521
0 0.756446 0.410228 0.487108 0.717372 0.00500581
0 0.475991 0.196649 0.613074 0.393298 0.00498919
0 0.63967 0.744332 0.486802 0.511335 0.00493263
1 0.781046 0.458947 0.436442 0.917895 0.00485265
2 0.768473 0.0225932 0.359327 0.0451864 0.00474775
2 0.733922 0.716503 0.50673 0.566995 0.00467725
0 0.863582 0.419902 0.271751 0.839803 0.00465447
0 0.522407 0.625432 0.118324 0.140153 0.00465427
0 0.616717 0.447291 0.527829 0.762196 0.00463873
0 0.948599 0.469611 0.102502 0.903467 0.00461189
2 0.804115 0.0303156 0.341952 0.0606311 0.00459882
1 0.960175 0.33125 0.0784016 0.662499 0.00457411
0 0.454742 0.977749 0.485919 0.0445011 0.00454442
2 0.832055 0.0531489 0.314135 0.106298 0.0045287
0 0.599174 0.196784 0.617053 0.393568 0.00446814
2 0.690034 0.0181337 0.41756 0.0362674 0.00443939
0 0.259381 0.0938803 0.451286 0.187761 0.00443738
0 0.523317 0.072417 0.481445 0.144834 0.00438159
0 0.926417 0.336496 0.146536 0.672993 0.00436145
0 0.616579 0.803797 0.616005 0.377933 0.00431164
0 0.467773 0.352259 0.183549 0.161551 0.00429816
2 0.677059 0.068622 0.532272 0.137244 0.00428186
2 0.414991 0.0232798 0.347014 0.0465597 0.00426499
0 0.615858 0.0715682 0.513946 0.143136 0.00423195
2 0.367153 0.0205969 0.305737 0.0411939 0.00421442
0 0.771695 0.16083 0.0428748 0.103114 0.004203
2 0.594891 0.0221149 0.375876 0.0442298 0.00419027
0 0.411362 0.0798598 0.442878 0.15972 0.00417713
0 0.739777 0.0686153 0.442161 0.137231 0.00417407
2 0.730299 0.827452 0.514554 0.339414 0.00417109
2 0.528986 0.677646 0.863429 0.644708 0.00414647
0 0.579409 0.287406 0.212618 0.187994 0.00412328
0 0.607785 0.293039 0.5057 0.299113 0.00407403
0 0.829178 0.0724367 0.340789 0.144873 0.00403124
0 0.762405 0.492827 0.474182 0.985653 0.00402308
2 0.801095 0.0697339 0.36885 0.139468 0.00396977
0 0.267544 0.666635 0.53183 0.480356 0.00394523
0 0.32288 0.0176886 0.284519 0.0353772 0.00390541
0 0.760825 0.836263 0.474628 0.323615 0.00389471
1 0.746896 0.97854 0.457647 0.0429193 0.00387476
0 0.384919 0.978778 0.426638 0.0424431 0.00381267
0 0.884849 0.273542 0.22859 0.547083 0.00380904
0 0.272425 0.759281 0.544851 0.481439 0.00376014
0 0.221757 0.0249579 0.336517 0.0499159 0.00375895
0 0.178123 0.0860803 0.356246 0.172161 0.00375625
0 0.851674 0.0998826 0.292879 0.199765 0.00369759
0 0.69762 0.977906 0.479487 0.044188 0.00368246
0 0.844855 0.253535 0.310289 0.50707 0.00367197
0 0.266177 0.019114 0.336379 0.0382281 0.00367023
0 0.167625 0.0366154 0.292591 0.0732308 0.00363688
0 0.699149 0.454522 0.597069 0.86213 0.00363644
0 0.668672 0.625053 0.0954556 0.247339 0.0035802
2 0.858447 0.066814 0.264538 0.133628 0.00357795
0 0.547466 0.759774 0.88454 0.472934 0.00355109
0 0.410744 0.80887 0.556426 0.369255 0.00350789
0 0.699672 0.188538 0.600657 0.377076 0.00346152
0 0.565345 0.973816 0.0636876 0.0523679 0.00343657
0 0.13966 0.0529437 0.27932 0.105887 0.00343559
0 0.277455 0.274743 0.55491 0.536586 0.00339923
0 0.78891 0.217107 0.418176 0.434214 0.00339793
0 0.72232 0.595453 0.198875 0.183157 0.00338632
0 0.954319 0.297833 0.0890175 0.595665 0.00335076
0 0.300844 0.977805 0.495802 0.0443895 0.00334219
2 0.908475 0.0762503 0.183049 0.152501 0.00330271
0 0.199268 0.740226 0.0920573 0.183376 0.00326933
0 0.218846 0.748172 0.13754 0.172457 0.00325446
0 0.0604377 0.0884709 0.120875 0.176942 0.00320361
1 0.810019 0.976709 0.379961 0.0465823 0.00319413
0 0.434388 0.188331 0.0487551 0.0453158 0.00318979
0 0.18473 0.571026 0.36946 0.661546 0.00318632
0 0.184909 0.978466 0.369818 0.0430677 0.00317678
0 0.0993804 0.0759308 0.198761 0.151862 0.0031441
0 0.567996 0.957301 0.0601809 0.0795671 0.00314112
0 0.584248 0.974947 0.11207 0.0501069 0.00311695
0 0.240508 0.223587 0.481016 0.447173 0.00310441
0 0.0879053 0.901115 0.175811 0.197769 0.00310048
0 0.0549381 0.567109 0.109876 0.661038 0.0030956
2 0.258297 0.976712 0.480994 0.0465751 0.0030824
0 0.326527 0.473437 0.0802162 0.111196 0.00307987
0 0.554272 0.457221 0.24464 0.375896 0.00307492
0 0.669643 0.289033 0.602771 0.578065 0.00306807
0 0.156527 0.207177 0.313054 0.414355 0.00302958
0 0.946288 0.899485 0.107424 0.20103 0.00302599
0 0.123951 0.971453 0.247902 0.0570947 0.00302225
0 0.955944 0.649071 0.0880638 0.668306 0.00302049
0 0.154396 0.841813 0.308791 0.316374 0.0030097
0 0.0466281 0.82739 0.0932561 0.34522 0.00299241
0 0.244614 0.232004 0.0772788 0.137298 0.00298065
0 0.0470997 0.128197 0.0941995 0.256395 0.00297596
0 0.114912 0.531149 0.225196 0.709881 0.00295683
0 0.0420157 0.780056 0.0840314 0.439889 0.00295091
0 0.0424843 0.671838 0.0849686 0.620357 0.00294441
0 0.0461364 0.286333 0.0922728 0.530799 0.00292369
0 0.29244 0.696492 0.108771 0.23312 0.00291405
0 0.570885 0.970551 0.0673952 0.058897 0.00289515
0 0.743579 0.630701 0.512842 0.701843 0.00289504
0 0.0411643 0.453916 0.0823285 0.666364 0.00287637
1 0.87668 0.968782 0.246441 0.0624352 0.00287005
0 0.0890642 0.491954 0.178128 0.736507 0.00286901
0 0.395562 0.514345 0.22266 0.380689 0.00286156
2 0.957786 0.832931 0.0829412 0.334138 0.00283283
0 0.111519 0.356198 0.223037 0.611477 0.00281742
2 0.925845 0.694311 0.147391 0.611377 0.00281394
0 0.8829 0.844199 0.232015 0.30576 0.00277058
0 0.957824 0.757016 0.0832515 0.474922 0.00276124
2 0.898197 0.776362 0.20197 0.445056 0.00273302
0 0.270088 0.627292 0.158489 0.133456 0.00266171
0 0.512513 0.975579 0.15526 0.0488413 0.00264919
0 0.981903 0.943502 0.0361947 0.104522 0.00253903
0 0.759504 0.606728 0.139444 0.214026 0.00253317
0 0.264463 0.660303 0.163857 0.194794 0.00252329
0 0.392258 0.453066 0.21812 0.254557 0.00250732
0 0.538741 0.622047 0.0904737 0.12179 0.0025039
0 0.455073 0.599562 0.259303 0.236266 0.00248527
0 0.771255 0.165334 0.0501574 0.12696 0.0024389
0 0.259117 0.748764 0.207974 0.173252 0.00233876
0 0.632938 0.642858 0.0310932 0.0392885 0.00231716
0 0.757352 0.180905 0.0763537 0.162392 0.00231354
0 0.989852 0.350273 0.0202957 0.16927 0.00228806
0 0.989011 0.413879 0.0209608 0.0431789 0.00214762
0 0.497948 0.348927 0.136683 0.152152 0.00212328
0 0.281012 0.323909 0.123186 0.200354 0.00207875
0 0.310093 0.476782 0.0469558 0.103136 0.00206836
0 0.759227 0.0574083 0.0206112 0.0508057 0.00197674
0 0.67531 0.0491306 0.117807 0.0762187 0.00197609
0 0.459423 0.553825 0.25625 0.350032 0.00195849
0 0.334365 0.487942 0.0971607 0.100974 0.00192416
0 0.981076 0.962685 0.037849 0.0586558 0.0019164
0 0.505335 0.97436 0.181455 0.0512802 0.00190901
0 0.541168 0.371425 0.288037 0.353503 0.00186592
0 0.484008 0.442082 0.228427 0.345023 0.00182622
0 0.79386 0.644916 0.0695961 0.121826 0.00181515
0 0.195658 0.722605 0.0254855 0.0482437 0.00178988
0 0.435192 0.427164 0.259562 0.311664 0.00176664
0 0.199697 0.758811 0.0879515 0.130457 0.00174403
0 0.304706 0.501469 0.0352281 0.0461149 0.00172975
0 0.519674 0.596367 0.126547 0.198415 0.00172222
0 0.623902 0.965331 0.204236 0.0693382 0.001715
2 0.966348 0.300422 0.0673044 0.287472 0.00170668
0 0.696084 0.542869 0.0438724 0.0760347 0.00170103
0 0.225119 0.242235 0.0381289 0.0429386 0.00169288
0 0.989456 0.33981 0.0208729 0.274955 0.0016872
0 0.787684 0.172249 0.0880404 0.131689 0.00168276
0 0.643595 0.954756 0.224574 0.0850237 0.00167109
0 0.772041 0.125768 0.0457327 0.0687886 0.00167076
0 0.730437 0.156039 0.130103 0.184271 0.00166903
0 0.914431 0.446019 0.0407931 0.0545268 0.00166847
0 0.978713 0.927601 0.0425732 0.125469 0.00164135
0 0.94595 0.678223 0.107218 0.287544 0.00161775
0 0.715724 0.0482449 0.152461 0.0822182 0.0016118
0 0.947965 0.734746 0.103422 0.364035 0.00161154
2 0.970514 0.809534 0.0589718 0.204799 0.00160882
0 0.479413 0.4659 0.36305 0.387668 0.00160576
0 0.283266 0.365243 0.122182 0.341494 0.00160104
0 0.445876 0.184907 0.0219141 0.0382042 0.00158845
0 0.710223 0.0652144 0.03703 0.0390699 0.0015861
0 0.33906 0.67925 0.224673 0.271028 0.00158257
0 0.634813 0.319383 0.116589 0.265196 0.00155671
0 0.682603 0.579 0.100702 0.14686 0.00155636
0 0.210539 0.68919 0.112758 0.293399 0.00153132
0 0.769741 0.108682 0.0536996 0.107889 0.00152942
0 0.523471 0.948962 0.15076 0.0989882 0.00152668
0 0.279049 0.021219 0.123179 0.042438 0.00150916
0 0.370019 0.629456 0.176864 0.227047 0.00150702
0 0.979596 0.889816 0.0407547 0.220368 0.00150592
0 0.986976 0.39782 0.0260481 0.16734 0.00149951
0 0.956456 0.688452 0.0870876 0.247475 0.0014903
0 0.597802 0.972806 0.162157 0.0543889 0.00148823
0 0.75912 0.0636592 0.0200485 0.032536 0.00147351
0 0.22838 0.221996 0.0443667 0.083589 0.00147348
0 0.7114 0.821414 0.0477904 0.042768 0.00146652
0 0.489055 0.968707 0.209024 0.0625856 0.0014649
0 0.630838 0.646168 0.0258183 0.0326677 0.00146215
0 0.666154 0.670792 0.101882 0.142801 0.00146064
0 0.738776 0.184821 0.116894 0.183065 0.00145504
0 0.536957 0.777569 0.0186062 0.0343964 0.00144156
0 0.449577 0.124725 0.134881 0.170821 0.00143426
0 0.339053 0.0117787 0.256419 0.0235573 0.00143103
2 0.98198 0.448038 0.0360401 0.399877 0.00141981
0 0.648814 0.0437122 0.17729 0.0874244 0.00140634
2 0.969619 0.34956 0.0607625 0.394655 0.00140173
0 0.387185 0.468234 0.207362 0.177759 0.00136941
2 0.976733 0.958384 0.0465334 0.0832317 0.00134877
2 0.934589 0.00540271 0.130823 0.0108054 0.00134226
2 0.198806 0.742337 0.088361 0.0900313 0.00133407
1 0.286044 0.0124975 0.0254833 0.0249949 0.0013334
0 0.838947 0.12709 0.191689 0.25418 0.00133194
2 0.286423 0.0122845 0.0222898 0.0245691 0.00132396
0 0.358684 0.265701 0.0206063 0.0327115 0.00132241
0 0.96177 0.742553 0.076461 0.291061 0.00131918
0 0.288691 0.24991 0.181461 0.175466 0.00131915
0 0.513249 0.350034 0.0699669 0.161198 0.00130467
2 0.963777 0.287487 0.0718309 0.436829 0.00129836
0 0.678029 0.928387 0.302516 0.135864 0.00129474
0 0.802044 0.900152 0.0401102 0.0432116 0.0012947
0 0.94271 0.637968 0.113942 0.224439 0.00127556
0 0.966201 0.783748 0.067599 0.216606 0.00126391
0 0.984786 0.449542 0.0304289 0.24519 0.00125299
0 0.557179 0.561898 0.183828 0.274214 0.00125138
2 0.968233 0.235589 0.0635342 0.455473 0.0012477
0 0.286039 0.0122648 0.0244454 0.0245296 0.00123928
0 0.480638 0.11312 0.193086 0.226241 0.00123626
0 0.0536564 0.703462 0.0895955 0.131118 0.00123577
0 0.913962 0.449374 0.0493232 0.067278 0.00123167
2 0.77717 0.621897 0.103413 0.165777 0.00122837
0 0.697756 0.592516 0.136487 0.16776 0.00122174
0 0.940394 0.586147 0.119211 0.369758 0.00121914
0 0.515205 0.77424 0.0700382 0.0471168 0.00121492
0 0.917194 0.457514 0.0599232 0.081084 0.00121466
2 0.398196 0.00625339 0.351027 0.0125068 0.00120017
0 0.612583 0.981974 0.20747 0.0360528 0.00119954
0 0.327421 0.501534 0.0878646 0.0708787 0.00119002
0 0.225006 0.903965 0.213221 0.192069 0.00118454
0 0.588722 0.918605 0.142795 0.152353 0.00117946
1 0.876903 0.0424936 0.246038 0.0849872 0.00117326
0 0.24572 0.641002 0.179323 0.160527 0.00116991
1 0.917148 0.0432335 0.165703 0.0864671 0.0011697
0 0.365438 0.66469 0.476531 0.127834 0.00116797
0 0.511665 0.779313 0.0599656 0.0374387 0.00116607
1 0.303832 0.501426 0.0316977 0.0492345 0.00116353
0 0.554896 0.752584 0.157483 0.0929205 0.00116006
0 0.973103 0.877566 0.0537949 0.221818 0.00115709
0 0.750322 0.882393 0.150784 0.169611 0.00115564
2 0.933142 0.0746705 0.133716 0.149341 0.00115499
0 0.635828 0.640701 0.0372713 0.050453 0.00114498
2 0.574079 0.977204 0.0448986 0.045591 0.00114029
2 0.198196 0.760602 0.084651 0.130822 0.00113833
0 0.94505 0.791113 0.109442 0.359537 0.00113614
2 0.242419 0.905961 0.279533 0.188077 0.00112702
0 0.417825 0.106398 0.163966 0.212795 0.00112525
0 0.80269 0.0846551 0.219542 0.161792 0.00112498
0 0.957253 0.936565 0.0841629 0.124256 0.00112375
0 0.78124 0.647508 0.0769151 0.128667 0.00112153
0 0.758522 0.877631 0.152995 0.104439 0.00112129
1 0.0941588 0.998135 0.188318 0.00372919 0.00112023
0 0.695465 0.830385 0.115246 0.0668204 0.00111494
0 0.77896 0.202767 0.0284316 0.0384371 0.0011139
0 0.804457 0.875766 0.0606908 0.0835267 0.00111258
2 0.980592 0.573867 0.038816 0.50031 0.00111234
0 0.737159 0.834569 0.110604 0.0831666 0.00111029
0 0.328398 0.408303 0.122252 0.262412 0.00110923
0 0.777473 0.612185 0.0742967 0.213254 0.00110725
0 0.424033 0.91461 0.170381 0.158236 0.00110683
0 0.310801 0.0269436 0.165976 0.0538872 0.00110573
0 0.351792 0.474833 0.136315 0.111868 0.00110338
2 0.0752427 0.158237 0.150485 0.316474 0.00110132
1 0.538414 0.910783 0.153454 0.166716 0.00109604
0 0.234574 0.22636 0.0584842 0.116011 0.00109572
0 0.935056 0.975352 0.129889 0.0492961 0.00109401
2 0.810737 0.756341 0.171118 0.209504 0.00109396
0 0.956988 0.830128 0.0856529 0.31695 0.00109243
0 0.697759 0.91824 0.371069 0.163519 0.00109056
