1 0.380334 0.38024 0.342991 0.585601 0.840298
1 0.370986 0.540633 0.361475 0.918734 0.165719
1 0.435124 0.530039 0.585193 0.939922 0.0457455
1 0.30117 0.444649 0.602339 0.748343 0.0285151
1 0.384283 0.288659 0.337573 0.405892 0.0273131
2 0.320249 0.210211 0.212775 0.242413 0.0197229
1 0.286469 0.545548 0.0829387 0.246878 0.0191772
2 0.449363 0.303858 0.198223 0.270102 0.0113076
1 0.475734 0.514194 0.816181 0.96726 0.0102931
2 0.287645 0.163909 0.144964 0.147811 0.0102825
1 0.956077 0.530122 0.0878457 0.795665 0.00960054
1 0.329291 0.222694 0.234216 0.269264 0.00859383
1 0.300951 0.203759 0.169054 0.225709 0.00854956
0 0.288562 0.162261 0.146728 0.143719 0.00633965
1 0.319497 0.491578 0.45039 0.757009 0.00616281
0 0.379751 0.264038 0.342754 0.380832 0.00574504
2 0.949143 0.517678 0.101714 0.856932 0.00529054
1 0.391285 0.330672 0.426716 0.62826 0.00511224
2 0.835499 0.0527122 0.309837 0.105424 0.00501197
2 0.806508 0.0347121 0.33522 0.0694243 0.00492831
0 0.393757 0.0855226 0.403038 0.171045 0.00492155
2 0.511883 0.51507 0.867134 0.933966 0.00487053
1 0.262631 0.500872 0.525263 0.998256 0.00470155
2 0.719491 0.0252224 0.400292 0.0504447 0.00459577
2 0.624974 0.0289556 0.414335 0.0579113 0.00450447
0 0.549052 0.529064 0.862888 0.89304 0.00448259
1 0.426307 0.253676 0.593775 0.410507 0.00434633
0 0.478975 0.354484 0.905991 0.708967 0.00427455
1 0.44692 0.310894 0.218087 0.274358 0.00424915
2 0.919856 0.496734 0.155911 0.900883 0.0041171
2 0.793146 0.0677481 0.382757 0.135496 0.00401707
2 0.529477 0.0311707 0.390774 0.0623414 0.0039791
2 0.144423 0.0225657 0.288846 0.0451314 0.00397347
2 0.286461 0.0751909 0.48974 0.148714 0.00391805
2 0.238938 0.0189977 0.365596 0.0379953 0.00385414
0 0.455144 0.080497 0.687985 0.160994 0.00383587
1 0.443166 0.0772209 0.808535 0.154442 0.00381168
2 0.641908 0.563155 0.695923 0.773795 0.00377987
2 0.341255 0.0878963 0.379078 0.134035 0.00377181
0 0.414934 0.0227826 0.376181 0.0455652 0.00374213
2 0.523579 0.27804 0.874955 0.556081 0.00374168
0 0.286729 0.559157 0.0832864 0.234022 0.00370167
2 0.619472 0.0673101 0.590266 0.13462 0.00363391
2 0.469097 0.0282652 0.389242 0.0565304 0.00359309
2 0.0971655 0.0389227 0.194331 0.0778453 0.00353585
2 0.32865 0.0190528 0.324654 0.0381055 0.00349853
2 0.903753 0.0680903 0.192493 0.136181 0.00349236
2 0.691153 0.239888 0.60874 0.475691 0.00343977
2 0.900582 0.35531 0.197826 0.71062 0.00339994
2 0.665617 0.439904 0.649549 0.75994 0.00336246
0 0.914671 0.390917 0.169534 0.781834 0.00333885
0 0.474938 0.646158 0.669438 0.682384 0.00333541
2 0.796611 0.561353 0.406778 0.768757 0.00331163
0 0.852814 0.076685 0.291582 0.15337 0.00327996
0 0.495365 0.20652 0.904664 0.41304 0.00325869
2 0.288683 0.243708 0.576537 0.365139 0.00325661
2 0.229828 0.0697746 0.459657 0.139549 0.0032265
0 0.891368 0.145153 0.217263 0.290306 0.00321764
0 0.934309 0.327312 0.130287 0.654624 0.00317863
0 0.887781 0.299253 0.221595 0.598506 0.00316281
1 0.921381 0.575326 0.150033 0.819906 0.0031564
0 0.301789 0.235069 0.603577 0.456486 0.00312613
2 0.556554 0.623888 0.737469 0.670774 0.00312539
2 0.693862 0.130678 0.604706 0.261356 0.00309157
1 0.0701283 0.897054 0.140257 0.205893 0.00307683
0 0.923081 0.566241 0.150673 0.867277 0.00306784
2 0.80805 0.273188 0.383899 0.539945 0.0030607
1 0.0663951 0.0589234 0.13279 0.117847 0.00306009
2 0.534461 0.123961 0.868466 0.247923 0.00303056
0 0.849804 0.240198 0.300393 0.480397 0.00302552
2 0.813538 0.45347 0.372925 0.779261 0.00300339
1 0.822994 0.978018 0.32779 0.0439639 0.00300184
0 0.320861 0.82869 0.485558 0.329365 0.00299302
0 0.389633 0.719724 0.641204 0.560553 0.00298133
0 0.792227 0.167638 0.415545 0.335276 0.00296919
0 0.391873 0.596465 0.622539 0.807069 0.00294257
2 0.787578 0.976548 0.337549 0.0469048 0.00293387
0 0.317126 0.352744 0.634253 0.698524 0.00293018
2 0.738935 0.820423 0.475068 0.359155 0.00289661
2 0.698454 0.660983 0.574431 0.598354 0.00289251
2 0.926911 0.615432 0.144544 0.769137 0.00288771
2 0.917046 0.959546 0.165907 0.0809087 0.0028151
1 0.041471 0.716482 0.0829421 0.567036 0.00281102
0 0.124477 0.977508 0.238598 0.0449833 0.00280821
0 0.282972 0.585436 0.480698 0.829128 0.00279017
2 0.08447 0.0675923 0.166518 0.135185 0.00275864
0 0.619207 0.849928 0.367642 0.300144 0.00274908
0 0.094774 0.969049 0.189548 0.0619014 0.00273522
2 0.30231 0.732581 0.473254 0.527242 0.00272839
2 0.571037 0.976355 0.336411 0.0472904 0.00272824
0 0.401498 0.840517 0.558553 0.308079 0.00271084
0 0.680824 0.843776 0.391294 0.31193 0.00271041
0 0.549507 0.857586 0.398738 0.28073 0.00270916
2 0.790879 0.861978 0.351958 0.276044 0.00270906
0 0.630089 0.976066 0.334444 0.0478682 0.00270361
0 0.511355 0.975301 0.371454 0.0493983 0.00270332
0 0.79181 0.643041 0.406125 0.681209 0.00269158
0 0.110045 0.851532 0.217116 0.286496 0.00267884
1 0.0670653 0.529012 0.126403 0.893516 0.00267721
2 0.814198 0.824393 0.371605 0.351214 0.00265016
0 0.076919 0.149428 0.152773 0.298856 0.00264464
1 0.0432146 0.58568 0.0834572 0.796346 0.00264097
0 0.573694 0.728464 0.672392 0.513206 0.00263867
1 0.0473852 0.12415 0.0947704 0.2483 0.00263177
0 0.440163 0.758266 0.645626 0.451635 0.00260468
2 0.625512 0.810258 0.476294 0.377046 0.00260378
0 0.137274 0.623979 0.274549 0.739476 0.00260317
0 0.401411 0.974667 0.407761 0.0506667 0.00259534
2 0.889985 0.584053 0.218385 0.831893 0.00259347
0 0.225275 0.977361 0.330695 0.0452783 0.00258374
0 0.298222 0.976581 0.400215 0.0468375 0.0025636
0 0.0419974 0.30128 0.0839948 0.60256 0.0025625
2 0.934174 0.876076 0.130342 0.247849 0.00255848
0 0.168833 0.97795 0.28652 0.0440992 0.00254843
2 0.781805 0.753452 0.428843 0.474897 0.00254824
0 0.0387799 0.421861 0.0775599 0.843722 0.00254699
0 0.049495 0.823208 0.0979114 0.353583 0.00254124
0 0.525674 0.80291 0.542077 0.377204 0.00251847
2 0.950938 0.711268 0.0963381 0.577464 0.00249607
2 0.898657 0.82306 0.200099 0.353879 0.00246944
0 0.0779421 0.538523 0.148522 0.90106 0.0024614
0 0.0699029 0.278653 0.139256 0.557306 0.00245578
2 0.889998 0.975089 0.220004 0.0498222 0.00245403
0 0.0804587 0.84208 0.15671 0.31584 0.00245346
0 0.250979 0.866344 0.379857 0.249478 0.00243987
2 0.838518 0.648869 0.322964 0.702261 0.00240701
0 0.337484 0.247229 0.247733 0.320845 0.00240481
2 0.263741 0.671525 0.500483 0.632467 0.00231589
2 0.854227 0.87909 0.291545 0.24182 0.00230838
0 0.057123 0.726895 0.112063 0.535814 0.00229812
0 0.757698 0.729937 0.115056 0.133347 0.00228296
0 0.0671326 0.800855 0.131063 0.392691 0.00224872
0 0.181944 0.764152 0.352077 0.435927 0.00220474
2 0.892326 0.888608 0.211183 0.222784 0.00216938
1 0.951721 0.487153 0.095696 0.372734 0.00202443
1 0.949985 0.495786 0.0995869 0.592147 0.00191021
1 0.248016 0.542635 0.163295 0.254479 0.00188937
1 0.407613 0.33887 0.324871 0.328748 0.00185826
0 0.342954 0.362504 0.252922 0.548491 0.00180646
0 0.599136 0.545968 0.166995 0.213192 0.00178514
0 0.243386 0.549902 0.173597 0.254127 0.0016501
2 0.954469 0.505308 0.0910628 0.247111 0.00157935
2 0.955687 0.564998 0.0886267 0.333655 0.00153134
0 0.296662 0.59436 0.108163 0.309731 0.00147535
1 0.946178 0.204288 0.107159 0.408576 0.00146602
1 0.952455 0.575437 0.0932948 0.397204 0.00138994
0 0.259375 0.184394 0.076829 0.0844329 0.00138394
0 0.582734 0.518605 0.205131 0.221613 0.00136336
1 0.951456 0.675644 0.0954536 0.648713 0.0013626
0 0.304571 0.166932 0.199078 0.156967 0.00131612
0 0.288287 0.19392 0.296895 0.212463 0.00131256
2 0.957845 0.192119 0.0843096 0.364725 0.00129474
0 0.289727 0.491272 0.0902737 0.348243 0.0012893
2 0.954577 0.573899 0.0908457 0.569276 0.00126708
2 0.958763 0.333191 0.082474 0.628159 0.00126488
0 0.369764 0.347925 0.334276 0.484012 0.00126044
0 0.76264 0.328045 0.0371876 0.0534276 0.00124673
2 0.251116 0.182507 0.0596777 0.0860768 0.00123864
2 0.274342 0.184842 0.110094 0.0954192 0.00122689
2 0.952666 0.13098 0.0946686 0.26196 0.00122575
2 0.969472 0.479449 0.061056 0.572678 0.00120233
1 0.266527 0.566886 0.219346 0.244791 0.00116899
1 0.89706 0.095912 0.204941 0.191824 0.00114872
1 0.93661 0.147964 0.125954 0.295927 0.00114689
0 0.954189 0.52024 0.0904562 0.254553 0.00114441
1 0.95115 0.317126 0.0966477 0.633631 0.00114356
2 0.286105 0.533881 0.0804706 0.178185 0.00113341
0 0.549848 0.506764 0.241321 0.255533 0.00113211
2 0.959844 0.769614 0.0803127 0.460771 0.00112684
1 0.911454 0.000609239 0.177092 0.00121848 0.00111617
2 0.881457 0.501049 0.0950383 0.236416 0.00111085
0 0.322472 0.174002 0.330742 0.171859 0.00110835
2 0.949877 0.940356 0.100245 0.114583 0.00110538
1 0.828829 0.00449328 0.342342 0.00898656 0.0010857
2 0.948041 0.0955502 0.103918 0.184052 0.00108078
2 0.904635 0.508112 0.1399 0.26669 0.00107549
2 0.914471 0.00309035 0.171057 0.0061807 0.00107531
0 0.457965 0.253945 0.185005 0.170206 0.00107498
0 0.310037 0.214014 0.231738 0.250644 0.00106092
1 0.884742 0.00313675 0.196686 0.00627351 0.00105587
0 0.464861 0.31034 0.166152 0.268732 0.0010527
0 0.309668 0.631033 0.138552 0.388752 0.00105085
1 0.938895 0.457419 0.122211 0.442696 0.00104857
2 0.303569 0.69415 0.150896 0.514506 0.0010451
1 0.077933 0.00526627 0.155866 0.0105325 0.00104315
2 0.951915 0.817986 0.0961702 0.364028 0.00104013
0 0.25925 0.891996 0.182589 0.187955 0.00102984
2 0.93258 0.0780558 0.13484 0.156112 0.00102735
2 0.0525071 0.101274 0.105014 0.202548 0.00102538
0 0.864565 0.414904 0.0331883 0.0512989 0.00101021
0 0.366955 0.235223 0.248455 0.214988 0.00100733
2 0.0746362 0.111612 0.149272 0.218532 0.000999952
1 0.924104 0.108341 0.150054 0.216682 0.000999771
2 0.882648 0.530007 0.13529 0.305014 0.000997307
0 0.525105 0.128676 0.223433 0.257353 0.000991864
0 0.276891 0.865772 0.211476 0.250311 0.000989859
0 0.190735 0.886173 0.139977 0.191419 0.000988789
2 0.0506711 0.161566 0.100069 0.323132 0.000988443
0 0.345702 0.17298 0.420211 0.226495 0.000986802
2 0.0226739 0.331325 0.0439947 0.66265 0.000986586
2 0.0592863 0.198657 0.118573 0.382061 0.000985548
2 0.0542021 0.284405 0.106939 0.568809 0.000984176
1 0.404169 0.449112 0.418465 0.517239 0.000979011
0 0.732156 0.73647 0.166133 0.175012 0.000975883
2 0.0663564 0.274503 0.132713 0.347773 0.000975534
1 0.299366 0.559147 0.122225 0.23302 0.000967993
0 0.752392 0.710614 0.130584 0.185814 0.000966519
0 0.592727 0.57321 0.195459 0.303396 0.00096577
2 0.0496892 0.70601 0.0986837 0.587981 0.000963198
1 0.730035 0.00589359 0.381231 0.0117872 0.000962558
0 0.776909 0.719132 0.082458 0.127681 0.000960567
1 0.87248 0.0460902 0.255041 0.0921803 0.000955525
0 0.206923 0.8925 0.102639 0.179056 0.000952602
0 0.339144 0.122244 0.397856 0.244487 0.000952409
1 0.910116 0.160787 0.169525 0.321575 0.000950438
0 0.946181 0.972704 0.107639 0.0545927 0.000947465
2 0.0292325 0.691551 0.0575372 0.616899 0.000944716
1 0.332312 0.00585609 0.425372 0.0117122 0.00094142
2 0.0337723 0.555801 0.0669522 0.86816 0.000941258
0 0.578569 0.163758 0.240651 0.322179 0.000938256
1 0.289175 0.0417441 0.462211 0.0834882 0.000937747
0 0.532635 0.501557 0.328225 0.306349 0.000937223
2 0.0702975 0.148748 0.140595 0.297497 0.000936967
2 0.0149392 0.65066 0.0290709 0.698681 0.000936098
0 0.733591 0.662789 0.16989 0.303034 0.000931779
0 0.392164 0.412082 0.317287 0.461856 0.00093173
0 0.722081 0.828813 0.21255 0.342374 0.00092874
2 0.0319874 0.390844 0.0629088 0.781687 0.000927845
2 0.119187 0.00374719 0.238374 0.00749439 0.000925024
1 0.948252 0.755021 0.102816 0.489958 0.000924495
1 0.336174 0.0120297 0.493402 0.0240595 0.000922612
1 0.0742809 0.997841 0.148562 0.00431866 0.000922294
0 0.755879 0.318765 0.0567671 0.109047 0.000917984
1 0.125513 0.119723 0.251027 0.236426 0.000917973
2 0.920409 0.551397 0.152355 0.294381 0.000917915
0 0.252624 0.120507 0.161759 0.239405 0.000917592
2 0.0207396 0.672388 0.0405565 0.655225 0.00091711
1 0.7625 0.0315221 0.475 0.0630441 0.00091682
1 0.752477 0.828267 0.241861 0.343466 0.000916384
2 0.0601538 0.762339 0.118847 0.475322 0.000916108
2 0.932511 0.407658 0.134978 0.457158 0.000916091
0 0.744808 0.903608 0.115627 0.185334 0.000915985
2 0.89457 0.603424 0.141427 0.326407 0.000914729
2 0.0542917 0.102362 0.108583 0.204724 0.000911745
2 0.194872 0.00257454 0.38637 0.00514908 0.000909857
2 0.0647636 0.22583 0.127709 0.451661 0.000908311
1 0.949317 0.866682 0.101366 0.241493 0.000907561
2 0.0237991 0.449688 0.0465382 0.874568 0.000899328
0 0.752185 0.827322 0.138321 0.345355 0.000898226
0 0.528364 0.216058 0.231475 0.265111 0.00089661
0 0.675634 0.873887 0.182337 0.243738 0.000896555
2 0.101777 0.0951665 0.203553 0.182684 0.000895663
1 0.309661 0.636008 0.285084 0.395868 0.000894448
1 0.665094 0.032929 0.447732 0.065858 0.00089442
0 0.494735 0.161444 0.239536 0.322887 0.000892795
2 0.0637859 0.893625 0.125404 0.199098 0.00089245
2 0.855407 0.503346 0.152255 0.284247 0.000892159
0 0.918099 0.842108 0.163802 0.315784 0.000891415
2 0.877669 0.481263 0.0705155 0.186152 0.000890466
1 0.763463 0.826867 0.136301 0.346265 0.000890122
0 0.555253 0.544245 0.287049 0.341908 0.000888836
0 0.361488 0.202368 0.336283 0.250225 0.000888735
0 0.886333 0.447117 0.0906239 0.134616 0.000888358
1 0.512076 0.00412095 0.40469 0.0082419 0.000888084
0 0.62322 0.590827 0.145355 0.306111 0.000885669
0 0.291468 0.388229 0.117183 0.490544 0.000885182
0 0.284025 0.180791 0.131352 0.13965 0.000884645
1 0.85949 0.0626361 0.281021 0.125272 0.000884485
2 0.308783 0.737652 0.185045 0.524696 0.000883244
1 0.472539 0.30825 0.147093 0.262318 0.000883207
2 0.678805 0.00586103 0.382046 0.0117221 0.000883069
0 0.621085 0.164871 0.214769 0.329742 0.000882984
0 0.364091 0.10412 0.598997 0.20824 0.000882956
1 0.823065 0.0283562 0.353128 0.0567125 0.000882465
2 0.143697 0.0881359 0.287393 0.172777 0.000881446
0 0.739297 0.598469 0.148614 0.245036 0.000879022
0 0.629198 0.866179 0.21602 0.263409 0.000878644
0 0.143648 0.854136 0.228958 0.264771 0.000878174
2 0.952886 0.368808 0.0938602 0.737616 0.00087708
0 0.877855 0.885683 0.200602 0.215817 0.000874052
2 0.06754 0.54272 0.13508 0.357331 0.000873485
0 0.660662 0.996853 0.186686 0.00629407 0.000872371
1 0.344323 0.483535 0.277831 0.431708 0.000870939
0 0.596296 0.310279 0.197544 0.259234 0.000866873
2 0.0470681 0.219314 0.0938332 0.438629 0.000865601
0 0.546628 0.877533 0.177828 0.226863 0.000864323
0 0.409377 0.61245 0.0363022 0.0554655 0.000863352
1 0.145777 0.0301163 0.291555 0.0602326 0.000861562
0 0.878302 0.481181 0.0782604 0.189807 0.000861166
1 0.624591 0.0034944 0.397153 0.0069888 0.000860759
0 0.443103 0.174668 0.28097 0.312968 0.000858229
0 0.57202 0.240108 0.216707 0.239464 0.000857925
0 0.905125 0.87022 0.187982 0.244606 0.000857051
0 0.483453 0.288556 0.188835 0.200268 0.000856566
2 0.824423 0.475599 0.158492 0.251267 0.000856359
1 0.246151 0.00729817 0.480742 0.0145963 0.000855385
0 0.696109 0.562347 0.150022 0.24016 0.000854199
2 0.796524 0.0752449 0.234352 0.15049 0.000853087
0 0.28806 0.666239 0.164588 0.478908 0.000852904
0 0.624679 0.514221 0.151317 0.367009 0.000852081
