2 0.480126 0.639138 0.548057 0.511123 0.986586
1 0.429311 0.073486 0.810395 0.145786 0.10439
2 0.425605 0.0741475 0.758203 0.146896 0.0928515
0 0.373091 0.0727054 0.281564 0.138779 0.0412499
0 0.427808 0.0734297 0.166367 0.135098 0.0360399
2 0.446402 0.733829 0.598828 0.307748 0.020479
1 0.312571 0.0789159 0.625143 0.157407 0.0171871
2 0.385211 0.643031 0.770422 0.536318 0.0151608
2 0.5 0.411787 1 0.822373 0.0141584
1 0.589818 0.0723106 0.610579 0.144621 0.0128165
2 0.479791 0.730427 0.959581 0.539146 0.0109999
2 0.429848 0.0734761 0.162254 0.132475 0.0091157
0 0.282571 0.0714449 0.456994 0.141113 0.00906434
2 0.36203 0.325168 0.724061 0.650337 0.00837391
2 0.314288 0.455376 0.628575 0.873376 0.0071125
2 0.39196 0.539639 0.783919 0.790485 0.00684983
2 0.35678 0.0729198 0.308487 0.137821 0.00633721
2 0.471808 0.791388 0.598785 0.38956 0.00630619
2 0.40148 0.504214 0.80296 0.625215 0.00608071
2 0.284908 0.293031 0.569816 0.586062 0.00597575
2 0.492234 0.296946 0.984469 0.587098 0.00502247
0 0.258797 0.0420107 0.517593 0.0833569 0.00496856
2 0.707704 0.0630611 0.569199 0.126122 0.00474608
1 0.382979 0.0936909 0.765958 0.187012 0.00442897
2 0.418228 0.504966 0.79183 0.799259 0.00439447
2 0.448171 0.198148 0.896342 0.396214 0.00424872
2 0.618257 0.0574332 0.719361 0.113464 0.00406703
2 0.402927 0.616409 0.805854 0.729376 0.00397031
0 0.439765 0.0596652 0.142628 0.0964584 0.0039431
0 0.527525 0.0535137 0.485217 0.105042 0.00388603
1 0.194652 0.101017 0.389304 0.202034 0.00383577
0 0.33063 0.0265858 0.387382 0.0526918 0.0036495
2 0.565918 0.636284 0.839301 0.538645 0.0036252
0 0.278449 0.0203614 0.352455 0.0404172 0.00352075
1 0.303862 0.0733479 0.429369 0.143973 0.00347448
2 0.196816 0.390325 0.393632 0.775151 0.00338255
0 0.756285 0.055891 0.487431 0.106957 0.00334096
0 0.599573 0.018326 0.48698 0.0362147 0.0032337
2 0.118619 0.673748 0.237238 0.652504 0.00322915
2 0.658046 0.758326 0.683908 0.483348 0.00319183
2 0.78006 0.192762 0.43988 0.349993 0.00315792
2 0.592151 0.803549 0.815697 0.391402 0.00314131
2 0.281023 0.533311 0.562047 0.914379 0.00313656
2 0.714858 0.101438 0.570285 0.199749 0.00312032
2 0.155444 0.308383 0.310887 0.616766 0.00311748
2 0.821662 0.0623818 0.356676 0.124764 0.00311298
2 0.416907 0.80136 0.833814 0.392867 0.00308863
2 0.879613 0.717778 0.240774 0.554527 0.00305816
1 0.147798 0.118764 0.295596 0.237528 0.00304243
2 0.751228 0.334426 0.497545 0.614778 0.00303653
2 0.580965 0.222956 0.83807 0.409299 0.00302452
0 0.805865 0.110934 0.388269 0.216477 0.00299993
0 0.808489 0.0662003 0.383022 0.132162 0.00296402
2 0.833177 0.736192 0.333646 0.516951 0.00293173
2 0.49466 0.145061 0.98932 0.280954 0.00291654
1 0.475007 0.786978 0.950014 0.426044 0.00290139
0 0.543511 0.0436828 0.901019 0.0873656 0.00289904
2 0.0699366 0.702654 0.139873 0.567602 0.00289585
1 0.0628501 0.145475 0.1257 0.279872 0.00289152
2 0.860713 0.413601 0.278573 0.695479 0.00289039
0 0.589132 0.0816635 0.821737 0.158856 0.0028865
0 0.868291 0.297008 0.263419 0.417454 0.00288416
2 0.444905 0.858268 0.889811 0.283465 0.0028768
0 0.359059 0.211011 0.718117 0.41771 0.00287139
2 0.830553 0.821432 0.338893 0.357136 0.00286654
2 0.808456 0.2711 0.383088 0.463426 0.00285896
0 0.197557 0.0202363 0.392141 0.040422 0.0028476
2 0.766344 0.45449 0.467311 0.842515 0.00281764
0 0.896564 0.145963 0.206872 0.290316 0.0027732
0 0.0717623 0.5775 0.143525 0.844999 0.00273838
0 0.833298 0.195123 0.333404 0.342019 0.0027308
2 0.235199 0.617633 0.470398 0.760929 0.00268978
0 0.0651059 0.696592 0.130212 0.585341 0.00268842
0 0.942567 0.370074 0.114866 0.612169 0.00268487
2 0.665446 0.570216 0.669109 0.737649 0.00268464
0 0.052041 0.24212 0.104082 0.462141 0.00268415
2 0.94717 0.311581 0.105661 0.5294 0.00267555
2 0.907069 0.667492 0.185863 0.619433 0.00266998
0 0.0537009 0.352303 0.107402 0.699204 0.00265927
2 0.942022 0.424796 0.115956 0.679294 0.00265188
2 0.939709 0.719896 0.120582 0.560208 0.00264064
2 0.844055 0.23751 0.311891 0.351665 0.00261181
0 0.895441 0.58256 0.209117 0.725612 0.00260676
0 0.0921475 0.216854 0.184295 0.431162 0.00259435
2 0.271704 0.766049 0.543409 0.467902 0.00259431
0 0.194513 0.297698 0.389026 0.595395 0.00259063
2 0.0955628 0.324331 0.191126 0.648662 0.00258401
0 0.938333 0.555634 0.123334 0.772216 0.00257826
0 0.598586 0.072023 0.583415 0.139447 0.00257458
0 0.0763507 0.459701 0.152701 0.795467 0.0025724
0 0.942341 0.204922 0.115319 0.385588 0.00256574
0 0.264639 0.0317517 0.529277 0.0635033 0.00255188
0 0.0803824 0.317094 0.160765 0.634189 0.00250572
0 0.855229 0.522828 0.289541 0.844764 0.00249515
2 0.0744436 0.835867 0.148887 0.326789 0.00248188
2 0.924146 0.814166 0.151708 0.371668 0.00246528
2 0.147608 0.839551 0.295215 0.320897 0.00246505
2 0.585321 0.481447 0.829359 0.929403 0.00243281
0 0.43636 0.69434 0.87272 0.61132 0.00243013
2 0.146761 0.926416 0.293522 0.144327 0.00238308
0 0.58648 0.034013 0.773887 0.0680261 0.00237989
0 0.0831823 0.917623 0.166365 0.164755 0.00231674
2 0.900834 0.952826 0.198333 0.0943485 0.00229606
0 0.736468 0.487224 0.527064 0.907472 0.00228555
0 0.377354 0.97011 0.754708 0.0597794 0.0022513
1 0.511734 0.844675 0.942898 0.31065 0.0022194
2 0.911038 0.887797 0.177923 0.224406 0.00221877
2 0.84466 0.898777 0.31068 0.200771 0.00220452
2 0.0990207 0.877847 0.198041 0.244221 0.00216924
0 0.211936 0.973539 0.423872 0.0520748 0.00207919
2 0.594073 0.91176 0.811855 0.176481 0.00202154
2 0.112726 0.955201 0.225453 0.0895979 0.0019879
0 0.807623 0.968895 0.384753 0.0622095 0.00190939
2 0.158686 0.97214 0.317372 0.0549736 0.00190127
0 0.0326617 0.160876 0.0653235 0.159789 0.00187719
2 0.664801 0.951878 0.670399 0.0962434 0.00187133
0 0.286382 0.0295665 0.059206 0.0433951 0.00165558
0 0.0700506 0.113161 0.140101 0.223574 0.00153044
0 0.660477 0.0158387 0.499856 0.0311663 0.00152228
0 0.337321 0.433034 0.296776 0.107942 0.00151267
2 0.0552256 0.126982 0.110451 0.253963 0.00145251
0 0.0327999 0.123153 0.0655998 0.210088 0.00137576
0 0.30946 0.474246 0.23938 0.189829 0.00134387
0 0.304216 0.44577 0.283981 0.12736 0.00132119
0 0.247598 0.484395 0.234122 0.223824 0.00131695
0 0.0320896 0.180538 0.0641791 0.136589 0.00131005
0 0.359024 0.452377 0.342899 0.143379 0.00129077
2 0.0759529 0.108557 0.151906 0.21364 0.00126311
0 0.624014 0.0317799 0.582817 0.0635598 0.00125992
0 0.310739 0.426617 0.232657 0.0907596 0.00125746
0 0.17512 0.0131178 0.35024 0.0262355 0.00124144
0 0.391367 0.436842 0.353622 0.144894 0.00121395
2 0.912662 0.108619 0.174676 0.217238 0.00120783
2 0.121599 0.107407 0.243199 0.214216 0.00120052
1 0.909764 0.0861241 0.180472 0.170618 0.00117998
0 0.30866 0.678934 0.205012 0.22148 0.00117797
0 0.313238 0.0314167 0.115169 0.05266 0.00117657
2 0.0381291 0.236024 0.0762582 0.449728 0.00115817
0 0.170459 0.113608 0.340918 0.223862 0.00115674
0 0.453748 0.199439 0.435133 0.248644 0.00115103
0 0.346563 0.128319 0.553686 0.254908 0.00114943
0 0.279382 0.0284359 0.0456071 0.0391309 0.0011451
2 0.0333092 0.237748 0.0666184 0.228314 0.00114495
0 0.295733 0.0314959 0.0821111 0.0505494 0.00114015
0 0.882964 0.0864863 0.234073 0.171177 0.00113034
0 0.169908 0.903974 0.339816 0.192053 0.0011088
0 0.534703 0.215439 0.474248 0.254406 0.00110644
0 0.736299 0.905529 0.527402 0.188943 0.00110577
0 0.370642 0.699062 0.333587 0.260628 0.00110472
0 0.555397 0.386393 0.0476196 0.0397692 0.00109976
2 0.0439159 0.124597 0.0878319 0.249194 0.00109648
0 0.620977 0.05905 0.758045 0.1181 0.00109457
0 0.380254 0.751365 0.360406 0.256178 0.00109294
2 0.0389193 0.158813 0.0778386 0.317627 0.00109098
0 0.0968953 0.887242 0.193791 0.225515 0.00109057
0 0.266633 0.433646 0.216377 0.0998064 0.00107611
1 0.850195 0.0778918 0.298137 0.154133 0.00107233
0 0.780524 0.882289 0.438953 0.235422 0.00107011
0 0.438914 0.0781157 0.259672 0.144097 0.00106688
0 0.777718 0.0128138 0.395265 0.0251455 0.00106591
1 0.509687 0.939113 0.8498 0.121774 0.00105728
1 0.376885 0.136857 0.608202 0.273677 0.00105723
0 0.523607 0.83953 0.587335 0.220276 0.0010464
0 0.348323 0.199656 0.466243 0.250488 0.00104441
0 0.677747 0.23311 0.0660121 0.0331564 0.00104086
0 0.288316 0.558806 0.21212 0.370558 0.00103848
0 0.531389 0.812106 0.410473 0.148809 0.00103816
0 0.455903 0.886072 0.727435 0.227856 0.00103717
0 0.032411 0.147518 0.064822 0.229937 0.00103518
1 0.507333 0.9139 0.793176 0.1722 0.00103214
2 0.188897 0.954504 0.377793 0.0909928 0.00102564
1 0.797892 0.121069 0.404215 0.240296 0.00102476
0 0.214492 0.925733 0.428984 0.148533 0.00102219
0 0.0779955 0.01266 0.155991 0.02532 0.00102154
0 0.300891 0.615558 0.191917 0.203939 0.00102012
0 0.614022 0.9154 0.717069 0.1692 0.00101788
0 0.287779 0.655917 0.236822 0.247872 0.0010159
0 0.487216 0.817684 0.320042 0.126055 0.00100923
0 0.289157 0.0663412 0.578315 0.132682 0.0010086
0 0.415921 0.217639 0.359141 0.208472 0.00100833
0 0.427523 0.473887 0.327057 0.119943 0.0010069
2 0.0270442 0.13552 0.0540884 0.27104 0.00100623
0 0.381442 0.37268 0.368804 0.206657 0.00100547
0 0.332283 0.82603 0.583696 0.278346 0.00100235
0 0.506703 0.836265 0.22313 0.0899025 0.00100202
1 0.769585 0.0417086 0.460829 0.0834171 0.000998294
0 0.276149 0.914746 0.552298 0.170509 0.000997945
0 0.718964 0.791112 0.475813 0.200582 0.000997568
0 0.843798 0.0104896 0.312405 0.0209792 0.000996215
1 0.113951 0.918301 0.227902 0.163397 0.000992852
0 0.0842638 0.0414528 0.168528 0.0829056 0.000991752
0 0.814916 0.320768 0.360156 0.256991 0.000991656
0 0.888696 0.871954 0.222608 0.256093 0.00099061
0 0.694709 0.185864 0.22783 0.236702 0.000969006
0 0.306971 0.231505 0.505244 0.226795 0.000967402
2 0.979807 0.317049 0.0403856 0.497454 0.000965223
0 0.754748 0.30206 0.278295 0.233454 0.00096483
0 0.344858 0.778751 0.61297 0.286647 0.000964231
2 0.026627 0.709014 0.0532539 0.549296 0.000963079
2 0.958357 0.229214 0.0832864 0.458427 0.0009628
2 0.983944 0.179126 0.0321113 0.358252 0.000959489
0 0.0345532 0.20762 0.0691065 0.41524 0.000958511
0 0.376707 0.911154 0.753415 0.177692 0.000956846
0 0.393118 0.775655 0.434576 0.287286 0.000952795
2 0.103175 0.911406 0.20635 0.177187 0.000949014
0 0.789844 0.784583 0.414698 0.215066 0.000948575
0 0.15676 0.940372 0.313521 0.119255 0.000948217
0 0.066914 0.815966 0.133828 0.368068 0.00094754
0 0.806493 0.817935 0.376347 0.204114 0.000946044
2 0.0434671 0.744801 0.0869341 0.510399 0.00094501
0 0.779148 0.0806971 0.441159 0.161005 0.00094383
2 0.91492 0.0204053 0.17016 0.0408105 0.000939277
2 0.222625 0.966312 0.445251 0.0673752 0.00093831
0 0.310215 0.87881 0.605131 0.242379 0.00093628
0 0.629668 0.200086 0.249935 0.248723 0.000935279
0 0.433569 0.417373 0.296906 0.1297 0.000935137
0 0.415862 0.424222 0.345391 0.189063 0.000931205
2 0.983406 0.106706 0.0331885 0.213412 0.000930271
2 0.956382 0.96548 0.0872364 0.0690405 0.000930162
0 0.301119 0.515927 0.219941 0.27481 0.000929071
2 0.927515 0.103326 0.14497 0.206652 0.00092817
0 0.591925 0.41013 0.117917 0.100278 0.000927319
0 0.196225 0.246457 0.39245 0.258022 0.000925336
0 0.260996 0.460491 0.246832 0.158776 0.000925306
0 0.482519 0.478709 0.429303 0.115948 0.000923049
0 0.672803 0.19839 0.321277 0.276617 0.000921996
0 0.0898445 0.842188 0.179689 0.315624 0.000921726
0 0.828074 0.345372 0.343853 0.319757 0.000921625
0 0.560304 0.473444 0.385008 0.153358 0.000920432
0 0.85139 0.792691 0.297221 0.325813 0.000917825
2 0.31854 0.964548 0.637079 0.0709045 0.00091768
0 0.670013 0.436862 0.41102 0.1886 0.000915425
0 0.286661 0.966071 0.573321 0.067857 0.000914278
0 0.0768882 0.324065 0.153776 0.300454 0.00091203
2 0.0349035 0.318348 0.0698071 0.532605 0.000910822
1 0.644161 0.05736 0.711678 0.11472 0.000910663
0 0.319279 0.182136 0.557729 0.340144 0.000910546
1 0.169716 0.492545 0.333479 0.254241 0.00091036
0 0.93179 0.85916 0.13642 0.28168 0.000908173
0 0.768885 0.408701 0.213485 0.139163 0.000907982
0 0.738993 0.85799 0.48949 0.258301 0.000907982
0 0.497569 0.332068 0.270391 0.169573 0.000907653
2 0.973498 0.264859 0.0530049 0.492246 0.000907245
0 0.167999 0.321883 0.335997 0.267629 0.000906719
0 0.355358 0.328662 0.309822 0.126357 0.000906068
0 0.783363 0.424989 0.265932 0.165462 0.00090557
0 0.40387 0.171241 0.490893 0.324738 0.000905407
2 0.922112 0.199451 0.155777 0.398431 0.000904869
0 0.187828 0.88425 0.375656 0.231501 0.000904572
0 0.808472 0.280564 0.383056 0.199703 0.000903284
0 0.936803 0.887935 0.126395 0.224129 0.000903096
2 0.0250577 0.355587 0.0501154 0.553906 0.000899905
0 0.572503 0.222307 0.338355 0.21177 0.00089896
2 0.973381 0.617894 0.053238 0.504979 0.000897784
0 0.753239 0.393846 0.179632 0.11258 0.000897327
2 0.0566955 0.7713 0.113391 0.4574 0.000897118
2 0.0312813 0.105301 0.0625627 0.210602 0.00089634
2 0.0147777 0.338842 0.0295554 0.552966 0.000895969
0 0.505853 0.90872 0.697907 0.182559 0.000895564
0 0.843542 0.866441 0.312916 0.267119 0.000895523
0 0.839202 0.699389 0.321596 0.183276 0.000891843
0 0.828988 0.381051 0.322669 0.202218 0.000891233
0 0.215714 0.298881 0.431429 0.25432 0.00089099
0 0.199859 0.442577 0.267626 0.198757 0.000890947
0 0.128814 0.878077 0.257628 0.243846 0.000890917
0 0.653228 0.814699 0.586649 0.185071 0.000890861
0 0.672611 0.235679 0.0886057 0.0494047 0.000890512
0 0.222063 0.843409 0.444125 0.264924 0.000889955
0 0.815175 0.407394 0.293235 0.168112 0.000889938
2 0.516169 0.949942 0.842684 0.100116 0.000888275
0 0.546293 0.948961 0.844025 0.102078 0.000887625
2 0.611802 0.958128 0.776395 0.0837449 0.000887033
2 0.0890317 0.28315 0.178063 0.342339 0.000886612
0 0.422286 0.33357 0.304403 0.140648 0.000886482
2 0.0169201 0.586251 0.0338402 0.589448 0.000885919
2 0.0765246 0.742599 0.153049 0.350529 0.0008855
0 0.25842 0.219154 0.51684 0.266293 0.000884423
0 0.252075 0.270153 0.504149 0.251062 0.000883739
2 0.950921 0.891827 0.0981574 0.216346 0.000883447
0 0.811166 0.569285 0.365963 0.214866 0.000883444
0 0.606399 0.104734 0.497771 0.209467 0.000882065
0 0.636867 0.406851 0.213625 0.119116 0.000881732
0 0.619978 0.214026 0.203769 0.166381 0.000878853
2 0.0732519 0.891737 0.146504 0.216525 0.000878678
0 0.707249 0.305523 0.298435 0.22582 0.000878586
0 0.260016 0.554105 0.305558 0.360404 0.000876998
0 0.785387 0.446684 0.303882 0.192869 0.000876377
0 0.668268 0.474062 0.42787 0.240491 0.000874996
2 0.977553 0.424476 0.0448939 0.493586 0.000874783
0 0.73546 0.391247 0.237301 0.130049 0.000874597
0 0.667863 0.359722 0.285074 0.143275 0.00087416
0 0.222612 0.569919 0.296907 0.416444 0.000874095
0 0.474122 0.347169 0.251529 0.148913 0.000872491
0 0.846356 0.737765 0.307289 0.262749 0.000871993
2 0.872671 0.0588089 0.254658 0.117618 0.000871832
0 0.783526 0.167078 0.341284 0.272288 0.000871506
2 0.0518483 0.378593 0.103697 0.54698 0.000870889
0 0.675356 0.388164 0.319447 0.164618 0.000870436
0 0.712152 0.159905 0.319703 0.23249 0.000868481
0 0.806891 0.681659 0.386219 0.203994 0.000867355
