1 0.368684 0.578677 0.450052 0.461834 0.979126
1 0.3691 0.672291 0.454116 0.621391 0.020219
0 0.590809 0.144539 0.0353712 0.0324014 0.0134776
1 0.375534 0.651828 0.46269 0.322847 0.0113662
1 0.437722 0.578514 0.310522 0.463563 0.0111472
1 0.370396 0.552577 0.451484 0.730905 0.0101487
2 0.335952 0.455561 0.671903 0.911123 0.00582404
1 0.494074 0.659132 0.810811 0.681736 0.00559581
1 0.235789 0.503233 0.471579 0.927428 0.00485674
0 0.590671 0.145234 0.0440826 0.0478844 0.00485618
1 0.291404 0.567582 0.566917 0.775899 0.00484371
0 0.3536 0.443555 0.510499 0.88711 0.00475383
2 0.169819 0.0196205 0.321364 0.039241 0.00470193
2 0.244057 0.0230687 0.373863 0.0461374 0.0044776
2 0.235961 0.455476 0.469527 0.910952 0.00427597
1 0.424323 0.61308 0.457695 0.563125 0.00407249
1 0.375146 0.425238 0.440188 0.659599 0.00400637
0 0.127646 0.720978 0.0284643 0.0280632 0.00400232
2 0.293173 0.0288924 0.391626 0.0577849 0.00393579
0 0.362712 0.401728 0.725423 0.803456 0.0038878
0 0.59987 0.21593 0.713462 0.43186 0.00386786
0 0.544164 0.381161 0.78968 0.762321 0.00386717
2 0.837808 0.0570561 0.283149 0.114112 0.0038398
0 0.736543 0.197408 0.509416 0.394816 0.00382091
1 0.320197 0.615815 0.593233 0.46441 0.003803
0 0.751547 0.0678391 0.402777 0.135678 0.00375012
1 0.86125 0.977141 0.274441 0.0457182 0.00373979
2 0.399784 0.0385545 0.356865 0.0771089 0.00372652
2 0.14999 0.0653889 0.291841 0.130778 0.00369038
0 0.666549 0.64101 0.556929 0.671388 0.00364377
0 0.692201 0.278262 0.574341 0.540758 0.00356952
2 0.105027 0.0383281 0.209781 0.0766562 0.00355075
2 0.500002 0.0354481 0.342052 0.0708962 0.00354484
0 0.547408 0.555982 0.798162 0.833048 0.00351845
0 0.811384 0.210971 0.377231 0.421941 0.00351534
0 0.835257 0.0691213 0.329487 0.138243 0.00349164
2 0.720808 0.0509103 0.375957 0.101821 0.0034821
2 0.602553 0.0349561 0.335788 0.0699122 0.00347733
2 0.218418 0.0661606 0.398566 0.132321 0.00347687
1 0.385277 0.677005 0.666854 0.64599 0.00343883
1 0.917001 0.923363 0.165999 0.153274 0.00342684
0 0.620573 0.0693667 0.493215 0.138733 0.00342168
2 0.666304 0.0406297 0.368168 0.0812593 0.00337233
0 0.899112 0.600976 0.201775 0.739416 0.00336447
0 0.271735 0.358972 0.543471 0.717944 0.00336141
2 0.382151 0.427171 0.453301 0.597731 0.0033595
2 0.54738 0.659168 0.883698 0.668099 0.00335356
1 0.273116 0.568174 0.392853 0.507318 0.00334717
0 0.406985 0.0693559 0.563812 0.138712 0.00332432
1 0.890362 0.971759 0.215859 0.0564828 0.00331964
0 0.946239 0.589998 0.107429 0.745978 0.00330922
2 0.960221 0.549594 0.0767917 0.808312 0.00329843
0 0.889357 0.249006 0.221286 0.498013 0.00327689
0 0.679719 0.385224 0.593285 0.623092 0.0032692
0 0.864009 0.0596725 0.250881 0.119345 0.00326286
0 0.49078 0.661469 0.889882 0.655631 0.00326283
2 0.45966 0.469602 0.418049 0.717344 0.00325572
0 0.477836 0.815606 0.753665 0.358581 0.00323907
0 0.245143 0.255315 0.490285 0.510629 0.00323559
0 0.961715 0.517295 0.0734415 0.804199 0.00323525
0 0.299534 0.0685111 0.471727 0.137022 0.0032228
0 0.36203 0.68024 0.481419 0.471289 0.00320888
0 0.909511 0.15262 0.180978 0.30524 0.00320602
0 0.918469 0.0686443 0.163062 0.137289 0.00320537
0 0.807865 0.646729 0.364135 0.675155 0.00317841
0 0.944398 0.271128 0.111204 0.542255 0.00314907
0 0.90509 0.305088 0.183163 0.587803 0.00313868
2 0.0570706 0.0560744 0.114141 0.112149 0.00312306
0 0.311859 0.688712 0.615244 0.622576 0.00309082
2 0.862672 0.2827 0.274655 0.539674 0.00306796
0 0.924401 0.426739 0.146271 0.689106 0.00305178
1 0.146577 0.53854 0.281205 0.862521 0.00305107
2 0.957688 0.325227 0.084623 0.627673 0.00303109
0 0.436013 0.743594 0.714123 0.500013 0.00303065
1 0.932009 0.855899 0.13217 0.288202 0.00299634
2 0.357598 0.682397 0.498301 0.635206 0.00299473
0 0.481718 0.954091 0.575388 0.0918175 0.00293909
2 0.439351 0.533969 0.329596 0.61735 0.00291282
2 0.0842024 0.0645721 0.162798 0.129144 0.00289298
0 0.870719 0.398096 0.258562 0.640827 0.00289272
2 0.596909 0.707083 0.75631 0.528312 0.00288766
0 0.855065 0.850865 0.28987 0.298269 0.00288548
0 0.5789 0.834264 0.710165 0.317667 0.00288388
1 0.428491 0.935711 0.601242 0.128578 0.00287279
0 0.560253 0.965571 0.534429 0.0688582 0.00285818
1 0.952835 0.795612 0.0905522 0.408777 0.00283725
1 0.80596 0.975888 0.341255 0.0482245 0.00282077
1 0.855487 0.829382 0.289025 0.341235 0.00280501
0 0.132012 0.192373 0.264023 0.384746 0.00280208
0 0.815513 0.366532 0.368973 0.553351 0.00277463
0 0.04947 0.37649 0.0989401 0.752979 0.00271127
2 0.948899 0.566741 0.102202 0.861437 0.0027064
0 0.650435 0.970787 0.481206 0.0584261 0.00269904
0 0.0474709 0.0958463 0.0949419 0.191693 0.00268256
0 0.380603 0.928672 0.568828 0.142656 0.00266068
0 0.0602245 0.498845 0.120449 0.948759 0.0026358
2 0.143947 0.465864 0.287895 0.929264 0.00261112
0 0.887871 0.814609 0.221768 0.370782 0.00260036
2 0.627773 0.798673 0.712715 0.371609 0.00258255
0 0.740865 0.972584 0.391747 0.0548318 0.00257936
0 0.1272 0.397478 0.254401 0.794956 0.00256598
2 0.0522875 0.869008 0.104575 0.261983 0.00256049
2 0.75164 0.756591 0.49256 0.462877 0.00255086
0 0.0730325 0.617332 0.146065 0.765336 0.00254024
0 0.852296 0.5939 0.295409 0.809487 0.00253995
0 0.2147 0.59039 0.429401 0.819219 0.00252698
2 0.0453285 0.78406 0.0896516 0.431879 0.00250283
0 0.507059 0.559954 0.573843 0.748238 0.00248162
0 0.171696 0.542471 0.33201 0.915057 0.00245451
0 0.0501585 0.712381 0.100241 0.575238 0.00244699
2 0.833509 0.780911 0.332982 0.433385 0.00244403
0 0.913357 0.760637 0.171674 0.478726 0.00242321
2 0.793482 0.821611 0.413035 0.356779 0.0023813
0 0.106262 0.599997 0.207022 0.800005 0.00234323
0 0.277295 0.827523 0.543438 0.343634 0.00229844
0 0.166716 0.968453 0.320687 0.0630931 0.0022816
0 0.142409 0.853447 0.280528 0.292598 0.00227969
2 0.279141 0.952003 0.541776 0.0959942 0.00227377
2 0.0844935 0.922697 0.168672 0.154606 0.00227101
0 0.313546 0.945046 0.555993 0.109909 0.00226261
2 0.0701329 0.812692 0.134998 0.374616 0.00224497
2 0.128123 0.965316 0.252532 0.0693677 0.00223296
0 0.1083 0.782044 0.216599 0.435912 0.00221675
0 0.236031 0.963667 0.4504 0.072666 0.00220156
2 0.504763 0.607712 0.638271 0.710164 0.00219425
0 0.100815 0.851891 0.199567 0.296218 0.0021576
0 0.126688 0.717288 0.0309396 0.038934 0.00205941
0 0.590156 0.134965 0.0402042 0.0505572 0.001703
0 0.958129 0.827859 0.0264119 0.0462435 0.00166761
0 0.4713 0.421861 0.235095 0.103466 0.00152313
0 0.421445 0.440307 0.338467 0.126918 0.00149112
0 0.440526 0.472332 0.298841 0.20446 0.00145005
1 0.34528 0.603335 0.315987 0.428938 0.00141216
0 0.449848 0.546768 0.280119 0.363852 0.00137957
0 0.56624 0.141972 0.0940689 0.0513716 0.00134951
2 0.973368 0.948492 0.0532641 0.0994603 0.00134905
1 0.434693 0.881319 0.377918 0.237362 0.00133089
0 0.453873 0.445128 0.2458 0.16365 0.00127093
1 0.285476 0.589779 0.285603 0.393731 0.00124593
1 0.944479 0.886477 0.10923 0.205854 0.00124207
0 0.959826 0.884708 0.0803481 0.199241 0.00123963
1 0.0825918 0.853757 0.165184 0.292486 0.0012308
0 0.958053 0.841503 0.0598953 0.125801 0.00122284
0 0.477173 0.515932 0.226988 0.294314 0.0012135
0 0.5808 0.0974474 0.0905312 0.141689 0.00121092
2 0.964984 0.262773 0.0700312 0.201385 0.0012
2 0.934654 0.00434164 0.130691 0.00868328 0.00116204
0 0.25545 0.585026 0.216589 0.39826 0.00115251
2 0.957046 0.896299 0.0859081 0.184619 0.00114001
0 0.364976 0.663037 0.235582 0.288574 0.0011345
0 0.244087 0.471461 0.202298 0.254055 0.00110992
2 0.954263 0.258405 0.0898697 0.302896 0.00109407
0 0.590997 0.157785 0.0541689 0.0760529 0.00108757
2 0.93299 0.0801039 0.13402 0.160208 0.00107904
2 0.952479 0.959577 0.0950426 0.080847 0.00107269
2 0.0449284 0.13397 0.0885145 0.26794 0.00106541
0 0.395988 0.464457 0.357766 0.173171 0.00105868
1 0.258961 0.552904 0.227009 0.317597 0.00104691
1 0.918901 0.102551 0.161055 0.205102 0.0010433
2 0.970798 0.479313 0.0584044 0.396535 0.0010428
2 0.0740558 0.0935487 0.148112 0.187097 0.00104048
2 0.97094 0.696963 0.0581207 0.265669 0.00103806
2 0.112351 0.862192 0.224415 0.275616 0.00103609
2 0.0467393 0.0857825 0.0934785 0.171565 0.001036
2 0.965031 0.759793 0.0699382 0.221302 0.00103078
0 0.233458 0.415314 0.183132 0.366102 0.00102637
1 0.911699 0.0455233 0.176601 0.0910467 0.00102237
2 0.973638 0.64758 0.0527231 0.215367 0.00102213
2 0.965347 0.328994 0.0693063 0.255537 0.00102048
1 0.930203 0.136991 0.138807 0.273981 0.00101809
1 0.876767 0.0539048 0.24643 0.10781 0.00101644
1 0.0548583 0.00641938 0.109717 0.0128388 0.00101542
2 0.0519768 0.0986807 0.103954 0.197361 0.00100709
0 0.507843 0.434456 0.16256 0.124555 0.00100652
2 0.911049 0.100857 0.176453 0.201714 0.00100601
2 0.966656 0.537542 0.0666875 0.539726 0.000999048
1 0.248929 0.50077 0.209092 0.216512 0.000996073
0 0.410548 0.461435 0.222849 0.186743 0.000987148
0 0.595903 0.118414 0.108308 0.138083 0.000987115
2 0.95443 0.18279 0.09114 0.219383 0.000985427
2 0.966925 0.427573 0.0661492 0.364091 0.00098434
1 0.933994 0.215869 0.131566 0.431738 0.000979852
0 0.0866499 0.262562 0.1733 0.430212 0.000975772
2 0.940002 0.140661 0.119995 0.263446 0.000972304
0 0.213723 0.872284 0.290084 0.25457 0.000970012
1 0.367008 0.203048 0.249558 0.406096 0.000968841
2 0.858269 0.0939099 0.249629 0.18782 0.000966623
0 0.211209 0.482851 0.132983 0.2251 0.000965545
2 0.0649186 0.714195 0.129784 0.57161 0.000963484
2 0.104988 0.00467042 0.209976 0.00934084 0.000963322
0 0.134875 0.552124 0.261359 0.364942 0.000961169
2 0.278684 0.857584 0.397432 0.284832 0.000960231
2 0.940425 0.238782 0.118353 0.239202 0.000958805
2 0.0619185 0.143744 0.122304 0.287489 0.000956365
0 0.537921 0.116482 0.151724 0.232965 0.000953256
1 0.954044 0.455973 0.0916681 0.501924 0.000949601
0 0.338322 0.243373 0.2027 0.354718 0.000947588
2 0.812204 0.873566 0.187033 0.244884 0.000943854
1 0.5128 0.454373 0.153153 0.164488 0.000943069
2 0.962753 0.652939 0.0744944 0.4107 0.000943059
0 0.22301 0.452791 0.154067 0.215051 0.000940281
0 0.494362 0.48889 0.194506 0.223696 0.000940146
0 0.138268 0.642081 0.27397 0.417137 0.00093994
2 0.951008 0.251954 0.0966351 0.423238 0.000933156
0 0.341837 0.171388 0.206609 0.342448 0.000932099
0 0.517164 0.40441 0.160737 0.118735 0.000929017
1 0.398039 0.86064 0.395497 0.27872 0.000928917
0 0.298443 0.620923 0.196596 0.336145 0.000926691
2 0.0907076 0.144503 0.181415 0.289006 0.000924064
0 0.883065 0.997381 0.193753 0.00523834 0.000923491
2 0.361994 0.218865 0.222154 0.431174 0.000921198
0 0.254352 0.135228 0.208044 0.270457 0.000919719
0 0.231795 0.820814 0.304896 0.358373 0.00091719
2 0.424867 0.85953 0.395951 0.28094 0.000917035
0 0.338537 0.602731 0.265782 0.414339 0.000916341
1 0.486316 0.553618 0.211115 0.381425 0.000915113
1 0.239559 0.00268186 0.365907 0.00536373 0.00090884
2 0.122559 0.0970626 0.245117 0.194125 0.000907217
0 0.0967143 0.352534 0.193286 0.468607 0.000904476
0 0.939482 0.459937 0.116234 0.290045 0.000902253
1 0.909879 0.876281 0.164023 0.228801 0.000898462
1 0.85776 0.00419863 0.284479 0.00839727 0.000898293
0 0.321067 0.474812 0.356246 0.176548 0.000898063
0 0.0726723 0.753437 0.14446 0.421249 0.000897313
0 0.525789 0.362102 0.138835 0.194159 0.000897167
2 0.257963 0.809717 0.336243 0.380565 0.00089668
2 0.86525 0.86613 0.232767 0.260552 0.000896542
0 0.0936201 0.612161 0.18724 0.414525 0.000895911
2 0.935183 0.393115 0.129633 0.441562 0.000895801
0 0.919784 0.966312 0.160432 0.0673762 0.000895158
0 0.240543 0.776617 0.270503 0.31205 0.000893044
1 0.920874 0.00133622 0.158252 0.00267244 0.000888854
0 0.48456 0.39931 0.184769 0.159063 0.000888605
0 0.359388 0.25331 0.215297 0.420775 0.000887162
2 0.357052 0.0994323 0.336078 0.198865 0.00088687
1 0.764007 0.907754 0.140078 0.184493 0.000886746
0 0.228915 0.345889 0.177877 0.418665 0.00088654
0 0.236067 0.5413 0.186751 0.341526 0.000886477
0 0.079615 0.67371 0.15923 0.429221 0.000884403
0 0.776942 0.904464 0.138357 0.181588 0.00088391
1 0.439117 0.996407 0.169141 0.00718542 0.000883755
2 0.616545 0.169946 0.108238 0.134904 0.000882545
0 0.291073 0.593602 0.231905 0.413533 0.00088167
2 0.933544 0.183184 0.132782 0.317564 0.000881621
1 0.810946 0.99698 0.213567 0.00604071 0.000881345
2 0.837017 0.442277 0.190807 0.271504 0.000881081
1 0.864615 0.00406216 0.236575 0.00812433 0.000880048
0 0.207094 0.411921 0.140802 0.384197 0.000879676
0 0.392334 0.573744 0.376592 0.417173 0.000878723
0 0.239483 0.708018 0.270188 0.260024 0.000878663
0 0.861533 0.9975 0.254378 0.00499963 0.000873182
2 0.176088 0.829287 0.299395 0.341426 0.000873018
2 0.308609 0.0917634 0.305973 0.183527 0.000872716
0 0.751802 0.908355 0.148831 0.170834 0.000871085
0 0.281194 0.266654 0.183915 0.339904 0.000870187
2 0.776075 0.0967195 0.20212 0.193439 0.000869945
2 0.183041 0.00249428 0.366082 0.00498856 0.000868746
2 0.949023 0.53173 0.101613 0.5843 0.000868112
2 0.476336 0.00264429 0.363892 0.00528857 0.000866229
2 0.0590663 0.529789 0.117024 0.778787 0.000864862
1 0.788751 0.907515 0.150466 0.17625 0.000863998
1 0.584995 0.997219 0.158035 0.00556158 0.000863113
0 0.856667 0.408659 0.182315 0.331019 0.000861936
1 0.511006 0.528915 0.165818 0.315282 0.000861838
2 0.74149 0.903155 0.138644 0.190245 0.000861235
2 0.936603 0.601314 0.126794 0.357377 0.000861182
2 0.765257 0.00332777 0.32781 0.00665555 0.000860856
1 0.515551 0.486842 0.149839 0.239676 0.000860781
0 0.0997839 0.521598 0.199568 0.336317 0.000860032
0 0.709618 0.0969456 0.236052 0.193891 0.00085964
0 0.522111 0.0959148 0.317089 0.19183 0.000859191
2 0.613856 0.197838 0.112564 0.229549 0.000858048
0 0.117861 0.268676 0.235722 0.535264 0.000857028
0 0.315813 0.334719 0.216111 0.441205 0.000856857
0 0.768357 0.134982 0.17048 0.269964 0.000856683
2 0.965064 0.82204 0.0698713 0.286904 0.000856606
2 0.336801 0.84154 0.381516 0.316919 0.000856535
1 0.50061 0.0024914 0.322392 0.0049828 0.000855436
2 0.352411 0.889774 0.372664 0.220451 0.000850519
2 0.942793 0.297836 0.114414 0.293405 0.000850276
0 0.807795 0.102415 0.22747 0.204831 0.000849937
2 0.718253 0.899428 0.152431 0.196345 0.000849676
2 0.820075 0.904702 0.20884 0.190595 0.000848532
1 0.416019 0.996491 0.182053 0.00701794 0.000846213
1 0.113363 0.143029 0.226726 0.286057 0.000845466
1 0.849884 0.0278729 0.299628 0.0557457 0.000844179
2 0.947322 0.659114 0.105157 0.583521 0.000843418
0 0.510377 0.151697 0.167091 0.303395 0.000843129
0 0.734786 0.115734 0.172934 0.231468 0.000841981
0 0.122385 0.732483 0.0427811 0.0673263 0.000841419
2 0.591907 0.161867 0.0534143 0.137871 0.000841405
1 0.63771 0.997397 0.159535 0.00520599 0.000840457
0 0.300732 0.140882 0.216684 0.281764 0.000840314
2 0.857082 0.419731 0.179496 0.304598 0.000839806
0 0.229803 0.25807 0.162316 0.296591 0.00083898
0 0.559635 0.150258 0.120721 0.104242 0.000836992
0 0.265253 0.641096 0.185381 0.346566 0.000836771
1 0.543241 0.99724 0.152558 0.0055202 0.000835613
0 0.365786 0.862953 0.395719 0.272033 0.000835534
0 0.238678 0.674712 0.291374 0.466495 0.000835405
