1 0.344218 0.751197 0.329369 0.207767 0.988435
1 0.422351 0.750138 0.500941 0.204839 0.0263824
1 0.344267 0.803471 0.325703 0.376115 0.0188854
1 0.266511 0.742031 0.526484 0.275178 0.0157339
1 0.31087 0.661586 0.385153 0.429207 0.0111156
0 0.351314 0.750989 0.324257 0.2024 0.0104067
1 0.254099 0.672345 0.508198 0.483451 0.00717883
0 0.819486 0.012496 0.0880961 0.0242548 0.00685752
1 0.686555 0.0428911 0.437285 0.0857822 0.00675709
1 0.437647 0.657528 0.528998 0.397571 0.00633339
0 0.808368 0.0114163 0.0531953 0.0220732 0.00589181
1 0.738749 0.0524436 0.448657 0.104887 0.00535363
1 0.167431 0.0487731 0.334861 0.0975463 0.00521346
2 0.751517 0.0122613 0.210464 0.0245226 0.00478405
2 0.453137 0.474936 0.71444 0.699575 0.0047158
1 0.592792 0.0443254 0.584118 0.0886508 0.00450775
1 0.481913 0.710257 0.707527 0.284649 0.00446464
0 0.680887 0.0537915 0.535254 0.106876 0.00441177
0 0.780725 0.0561646 0.418972 0.112329 0.00396126
1 0.272036 0.749704 0.543207 0.468576 0.00390516
0 0.504076 0.0520894 0.751811 0.103073 0.00390097
1 0.460849 0.798283 0.656397 0.397396 0.00389925
1 0.347324 0.637982 0.526426 0.47344 0.00370521
2 0.799739 0.19268 0.400523 0.359629 0.00366301
2 0.808442 0.0102568 0.0506387 0.0192522 0.00366261
2 0.358991 0.448249 0.60698 0.789106 0.00365933
1 0.166488 0.654552 0.332975 0.556821 0.00361735
1 0.271576 0.799211 0.543153 0.336796 0.00359692
2 0.176809 0.43424 0.353619 0.844066 0.00359408
0 0.118164 0.0513986 0.236328 0.101919 0.00356491
2 0.258938 0.0497865 0.481038 0.0995729 0.00356229
0 0.753472 0.129933 0.493056 0.258135 0.00355395
2 0.581052 0.172381 0.724535 0.326711 0.00354732
0 0.701373 0.0906367 0.597255 0.178613 0.00354028
0 0.815245 0.173569 0.36951 0.34675 0.00346288
1 0.212547 0.57736 0.425093 0.602644 0.00345102
0 0.20652 0.0539032 0.41304 0.105336 0.0034443
2 0.135062 0.172126 0.270124 0.335704 0.00343478
2 0.13287 0.0533224 0.26574 0.104404 0.0034084
2 0.612522 0.476002 0.721907 0.558156 0.00340685
2 0.10986 0.444897 0.219719 0.839566 0.00338597
0 0.830532 0.0605535 0.338936 0.121107 0.0033729
2 0.289573 0.45881 0.528131 0.70183 0.00335636
0 0.227069 0.132121 0.454137 0.260315 0.00333773
2 0.453584 0.18201 0.712068 0.34788 0.00333112
0 0.823205 0.0719653 0.35359 0.143931 0.00332967
0 0.375777 0.0528695 0.751554 0.10332 0.00331417
2 0.582994 0.223602 0.634174 0.35103 0.00327051
0 0.494298 0.0992514 0.822763 0.195691 0.0032588
0 0.326603 0.707841 0.277525 0.115812 0.00325185
0 0.092104 0.0692954 0.184208 0.133592 0.00324712
2 0.737712 0.234161 0.524576 0.360502 0.00323674
2 0.566422 0.350327 0.665664 0.500984 0.0031998
2 0.351591 0.050455 0.600466 0.100905 0.00319948
0 0.15913 0.136104 0.31826 0.27121 0.00318606
0 0.904426 0.186286 0.191148 0.372572 0.00318185
2 0.133145 0.591176 0.26629 0.608463 0.00317235
0 0.253659 0.588658 0.487322 0.546575 0.00316075
2 0.529764 0.800908 0.832909 0.386513 0.0031547
0 0.270256 0.810246 0.496924 0.379509 0.0031058
0 0.21953 0.47233 0.43906 0.754587 0.00310083
0 0.145409 0.372331 0.290819 0.724799 0.00309764
1 0.127199 0.677538 0.254399 0.546082 0.00309329
2 0.439489 0.225997 0.630268 0.355387 0.00309159
2 0.369004 0.807359 0.506197 0.374563 0.00308978
0 0.821983 0.757072 0.356034 0.359933 0.00308389
2 0.204491 0.200717 0.408983 0.361331 0.0030597
2 0.859764 0.207864 0.280471 0.383327 0.00304197
2 0.0961521 0.222205 0.192304 0.442904 0.00302832
2 0.731218 0.460084 0.537565 0.512999 0.00302211
1 0.499327 0.670138 0.739217 0.42346 0.0030057
0 0.817057 0.670356 0.365886 0.445237 0.0030014
0 0.726564 0.750719 0.546873 0.364005 0.00300063
2 0.28848 0.212759 0.523851 0.334459 0.00299506
2 0.667249 0.3181 0.576823 0.426417 0.00297711
0 0.355924 0.135067 0.711847 0.266839 0.00297586
2 0.944928 0.217478 0.110145 0.407185 0.00295635
0 0.369751 0.49912 0.59467 0.694877 0.00295549
0 0.911291 0.711523 0.177418 0.431417 0.0029528
0 0.468477 0.643233 0.634046 0.456604 0.00295197
0 0.699908 0.0278743 0.402776 0.0557487 0.00295193
0 0.5895 0.694825 0.745893 0.433818 0.00294517
0 0.0842663 0.438029 0.168533 0.826805 0.00294382
0 0.101137 0.609232 0.202274 0.634735 0.0029397
2 0.619789 0.663694 0.678645 0.431845 0.0029372
0 0.0973899 0.179409 0.19478 0.355423 0.00293634
2 0.559916 0.555036 0.721495 0.571688 0.00293312
2 0.0841825 0.488056 0.168365 0.769645 0.0029227
0 0.558652 0.753048 0.852214 0.348194 0.00291912
2 0.595932 0.86487 0.808135 0.2675 0.00290745
0 0.955064 0.70081 0.0898724 0.474751 0.00290469
1 0.486032 0.769394 0.769137 0.313101 0.00289787
2 0.75069 0.880535 0.49862 0.23893 0.00289559
2 0.949378 0.405901 0.101243 0.542016 0.00289533
2 0.742495 0.322717 0.51501 0.432648 0.00287432
0 0.207023 0.319967 0.414046 0.556881 0.00286788
0 0.906089 0.769883 0.187821 0.35296 0.00285658
2 0.951558 0.274575 0.0968838 0.441182 0.00285548
2 0.824771 0.423361 0.350457 0.526139 0.00284327
2 0.452223 0.849134 0.78444 0.301732 0.00284194
0 0.721261 0.66694 0.557478 0.418207 0.00283931
0 0.345203 0.587969 0.574972 0.528051 0.00282586
0 0.888143 0.811696 0.223714 0.338388 0.00281704
0 0.72288 0.837759 0.55424 0.308714 0.00281217
2 0.817191 0.898754 0.365619 0.202493 0.00278559
2 0.475747 0.61016 0.627339 0.490821 0.0027809
2 0.423726 0.376137 0.603549 0.555772 0.00277819
0 0.958335 0.623447 0.0833301 0.52375 0.00277738
0 0.714751 0.0119184 0.262893 0.0238368 0.00277239
2 0.655219 0.579298 0.667521 0.4994 0.00277003
0 0.912197 0.623371 0.175605 0.500617 0.00275371
2 0.812436 0.337831 0.375127 0.457682 0.00275278
0 0.806493 0.848995 0.387015 0.30201 0.00273802
2 0.0823009 0.303655 0.164602 0.593428 0.00272902
2 0.289743 0.311595 0.535254 0.42786 0.00272754
0 0.889039 0.347452 0.221923 0.466596 0.00272272
2 0.901848 0.946969 0.196304 0.106062 0.00271093
2 0.953263 0.806205 0.0934744 0.383062 0.00269449
0 0.860493 0.852689 0.279014 0.294622 0.00268617
0 0.902189 0.421973 0.195621 0.508813 0.00266574
2 0.830544 0.0121516 0.155358 0.0243032 0.00266272
2 0.722715 0.627639 0.55457 0.427617 0.00265874
2 0.0730247 0.913098 0.146049 0.173804 0.00260486
0 0.188492 0.788675 0.376985 0.42265 0.00258555
0 0.0515694 0.846212 0.103139 0.307577 0.00257528
0 0.0846483 0.770628 0.169297 0.458745 0.00253909
0 0.819965 0.533842 0.36007 0.584996 0.00253724
0 0.910311 0.477069 0.179377 0.66625 0.00251426
2 0.94936 0.873777 0.10128 0.252446 0.00251233
0 0.845649 0.9038 0.308703 0.1924 0.00250972
0 0.925893 0.897983 0.148213 0.204034 0.00249136
2 0.601011 0.91345 0.700693 0.173099 0.00249052
0 0.853037 0.962463 0.293927 0.0750731 0.00247957
0 0.152003 0.815428 0.304007 0.369143 0.00245786
0 0.0574679 0.881792 0.114936 0.236415 0.00244504
2 0.755191 0.944484 0.489618 0.111032 0.00236942
2 0.386669 0.791923 0.723953 0.416155 0.00229043
0 0.357143 0.778822 0.682176 0.442356 0.00227917
2 0.118762 0.915796 0.237523 0.168409 0.00226578
0 0.0995707 0.871645 0.199141 0.25671 0.00220111
2 0.265296 0.787532 0.530592 0.424936 0.00215052
0 0.176033 0.860273 0.352066 0.279454 0.00210483
1 0.386854 0.748223 0.234784 0.201606 0.00202943
0 0.277869 0.711582 0.179236 0.124594 0.00202364
2 0.684417 0.0271117 0.351474 0.0542233 0.00199324
0 0.258981 0.71917 0.137281 0.13731 0.00188077
2 0.848095 0.0113844 0.21221 0.0225863 0.0018533
2 0.759983 0.0316456 0.342808 0.0632912 0.00157348
1 0.715782 0.0472204 0.326364 0.0944408 0.00148092
2 0.744378 0.0518248 0.330159 0.10365 0.00145318
0 0.686928 0.0139517 0.407636 0.0279035 0.00143493
0 0.794486 0.0139457 0.0867705 0.0276038 0.00138048
2 0.0831501 0.0479965 0.1663 0.0953568 0.00135914
2 0.0891028 0.0739708 0.178206 0.147942 0.00134597
2 0.0733787 0.0126727 0.146757 0.0253454 0.00130151
1 0.0786114 0.0928877 0.157223 0.185775 0.00130026
1 0.822422 0.0419891 0.334898 0.0839781 0.00127516
2 0.835299 0.0465318 0.329402 0.0930636 0.00125945
2 0.633434 0.0346468 0.471107 0.0685319 0.0012554
2 0.00952679 0.162796 0.0190536 0.325591 0.00124006
2 0.00326249 0.175506 0.00652498 0.351013 0.00122382
1 0.339287 0.779609 0.330909 0.141907 0.00121399
2 0.876499 0.0630335 0.241314 0.126067 0.00116694
2 0.87666 0.0965879 0.246681 0.193176 0.00116582
0 0.304041 0.739226 0.223675 0.176651 0.00114953
0 0.784912 0.0115969 0.125271 0.0231938 0.00114909
2 0.116542 0.0412157 0.233083 0.0820617 0.00114783
2 0.197137 0.0485899 0.394275 0.0971798 0.00113927
2 0.0238662 0.143402 0.0477324 0.286805 0.00113247
1 0.826226 0.058244 0.236185 0.116488 0.00113072
1 0.101933 0.103402 0.203867 0.206804 0.00112412
2 0.132247 0.0114308 0.264494 0.0228615 0.0010869
2 0.942439 0.578611 0.115122 0.393986 0.00108644
2 0.0267506 0.0952038 0.0535012 0.190408 0.00108399
2 0.182696 0.0641132 0.338651 0.128226 0.00108266
2 0.425037 0.905506 0.422389 0.188988 0.00106491
2 0.822963 0.0832233 0.354075 0.166447 0.00106205
0 0.408261 0.896342 0.490711 0.207316 0.00105557
2 0.877851 0.174454 0.244298 0.348908 0.00104865
2 0.987416 0.560013 0.0251688 0.436184 0.0010455
1 0.433426 0.777527 0.145521 0.144087 0.00104373
0 0.588899 0.905631 0.46154 0.188739 0.0010434
2 0.941107 0.902248 0.117785 0.195504 0.00104055
1 0.865759 0.0615777 0.243786 0.123155 0.00103671
0 0.36056 0.787942 0.342576 0.143904 0.00103445
2 0.938288 0.0174535 0.123424 0.0349069 0.00103341
1 0.879958 0.113697 0.240083 0.227394 0.00103127
1 0.376662 0.0916903 0.394105 0.183381 0.00102496
2 0.912971 0.0456365 0.174058 0.0912731 0.00102185
2 0.019313 0.466623 0.0386261 0.585965 0.00101998
2 0.941532 0.826041 0.116936 0.336276 0.000999882
0 0.738289 0.980089 0.367792 0.0398212 0.000996786
2 0.489787 0.9239 0.382048 0.152199 0.000995299
2 0.657897 0.0520985 0.397062 0.104197 0.000993925
2 0.938777 0.87792 0.122445 0.244159 0.000993796
2 0.727188 0.0942514 0.352084 0.188503 0.000992586
2 0.978105 0.967474 0.0437891 0.0650521 0.000989046
1 0.439426 0.918982 0.474915 0.162036 0.000988348
1 0.141656 0.0729152 0.283313 0.14583 0.000987404
2 0.0920265 0.432386 0.184053 0.290797 0.000984803
2 0.972105 0.0877975 0.0557898 0.175595 0.000984622
2 0.989825 0.48497 0.0203494 0.306771 0.000983601
2 0.88229 0.015937 0.235421 0.031874 0.0009777
0 0.615582 0.013817 0.406562 0.027634 0.000977371
2 0.8269 0.00936634 0.0854817 0.0158154 0.000976394
2 0.945674 0.0623833 0.108652 0.124767 0.000975133
2 0.987887 0.0982337 0.0242255 0.196467 0.000974134
2 0.98271 0.609926 0.0345806 0.469722 0.000971891
2 0.987303 0.657473 0.0253932 0.410085 0.000969147
2 0.416147 0.0876047 0.346054 0.170467 0.000967493
2 0.585375 0.043191 0.591983 0.0857491 0.000963918
2 0.960201 0.879853 0.0795982 0.240294 0.000963793
2 0.0103289 0.418889 0.0206578 0.594752 0.000961338
2 0.930916 0.340197 0.138169 0.486277 0.000960611
0 0.282487 0.759092 0.187286 0.191152 0.000960409
0 0.489151 0.0119048 0.285463 0.0238096 0.000959934
0 0.657011 0.907807 0.336478 0.184385 0.000958637
2 0.454588 0.0440813 0.451664 0.0869011 0.000957421
2 0.986602 0.341822 0.0267957 0.370137 0.00095723
1 0.522505 0.922853 0.393979 0.154294 0.000955484
0 0.329234 0.0128462 0.319237 0.0256923 0.000953138
2 0.206129 0.0129458 0.29316 0.0256152 0.000949459
0 0.272628 0.697898 0.164156 0.0901712 0.00094831
1 0.394465 0.796434 0.221977 0.105219 0.000946656
0 0.537944 0.0123989 0.307733 0.0247978 0.000945906
2 0.750038 0.457501 0.180268 0.143849 0.000944808
2 0.0078524 0.340585 0.0157048 0.600457 0.000944216
2 0.969151 0.735653 0.0616979 0.432123 0.00094356
2 0.989817 0.436979 0.0203669 0.223541 0.000942583
0 0.816321 0.982932 0.291074 0.0341356 0.000941632
2 0.989102 0.247073 0.0217968 0.357535 0.000937376
0 0.609119 0.892018 0.374025 0.198036 0.000936762
2 0.988295 0.147733 0.0234094 0.295466 0.000935929
2 0.660483 0.0910548 0.398418 0.18211 0.000934013
0 0.278006 0.900949 0.457973 0.198102 0.000931502
0 0.88539 0.874115 0.229221 0.230438 0.000930563
0 0.384091 0.726027 0.242033 0.154224 0.000929385
2 0.0797036 0.510467 0.159407 0.307937 0.000928588
2 0.715468 0.293689 0.203545 0.156408 0.000927772
2 0.0799953 0.420225 0.159991 0.201511 0.0009224
2 0.306907 0.139754 0.465519 0.279508 0.000921452
2 0.147022 0.108778 0.294044 0.217557 0.000920066
0 0.41239 0.800733 0.475222 0.180795 0.00091937
2 0.989428 0.397137 0.0211433 0.331682 0.000919066
0 0.865713 0.157021 0.250862 0.237749 0.000919054
0 0.421916 0.0124094 0.318041 0.0248188 0.000918811
0 0.766776 0.908441 0.315485 0.172616 0.000916769
2 0.927568 0.92472 0.144864 0.14975 0.000915623
2 0.918164 0.973014 0.163671 0.0539719 0.000911335
1 0.641282 0.0968665 0.387501 0.193733 0.000910952
2 0.236044 0.102053 0.37775 0.202753 0.000909998
2 0.604554 0.375487 0.231961 0.17315 0.000909205
2 0.90393 0.326918 0.184521 0.189219 0.000907405
2 0.771126 0.45527 0.175169 0.123265 0.000904518
2 0.38127 0.806277 0.514921 0.189265 0.000902822
2 0.944307 0.738117 0.111385 0.438254 0.000902386
2 0.956351 0.83604 0.0872979 0.32792 0.000901461
0 0.512907 0.537631 0.260326 0.213735 0.000899842
2 0.413272 0.120205 0.347816 0.24041 0.00089982
0 0.455051 0.97084 0.324159 0.0583201 0.000899541
2 0.0814287 0.323251 0.162857 0.300551 0.000898821
0 0.554886 0.545176 0.288787 0.232422 0.000897449
2 0.571779 0.066454 0.396514 0.132551 0.000897287
2 0.0252769 0.197367 0.0505538 0.394734 0.0008968
1 0.319599 0.100497 0.464616 0.200993 0.000896616
2 0.556115 0.518052 0.281515 0.209055 0.000895022
0 0.419033 0.867031 0.427123 0.201808 0.000891213
2 0.573235 0.233098 0.269268 0.161428 0.000889796
2 0.943145 0.282494 0.113711 0.425244 0.000888936
1 0.435923 0.939197 0.522563 0.121606 0.00088726
0 0.605709 0.855549 0.350088 0.170451 0.000886824
2 0.983707 0.391959 0.032586 0.43878 0.000884721
2 0.0243858 0.813821 0.0487716 0.372358 0.000884505
2 0.225323 0.231487 0.298561 0.345518 0.000884288
0 0.397484 0.857635 0.587402 0.284731 0.000884014
2 0.459899 0.073202 0.341212 0.145748 0.000884009
2 0.425012 0.864482 0.571972 0.271036 0.000883913
2 0.26941 0.0678594 0.50626 0.135719 0.000883013
2 0.68201 0.298105 0.188954 0.133589 0.000882872
2 0.716562 0.454004 0.177584 0.143375 0.00088189
2 0.0961056 0.2966 0.192211 0.350027 0.000881148
2 0.598176 0.350913 0.2011 0.151662 0.000880552
2 0.0279473 0.539078 0.0558946 0.585503 0.000879677
0 0.537504 0.980015 0.336784 0.0399699 0.000878807
2 0.563479 0.453228 0.286176 0.182915 0.000878735
2 0.541488 0.399436 0.218861 0.150702 0.000878481
2 0.942275 0.65986 0.115451 0.435361 0.000877432
2 0.609676 0.431495 0.242343 0.198814 0.000876092
2 0.789109 0.1778 0.228923 0.178501 0.000875921
2 0.0165006 0.728844 0.0330013 0.542312 0.00087532
2 0.0315207 0.848775 0.0630414 0.30245 0.000874185
2 0.800123 0.206807 0.251781 0.213882 0.00087033
2 0.922258 0.766382 0.155484 0.226318 0.000869173
0 0.646247 0.172027 0.386051 0.344054 0.000868407
2 0.559802 0.484655 0.283175 0.182253 0.000867446
2 0.690919 0.114299 0.292813 0.199297 0.000866758
2 0.86178 0.318948 0.271271 0.220126 0.000866496
2 0.121138 0.0909989 0.242276 0.180806 0.000866446
0 0.242817 0.0139771 0.32073 0.0275614 0.000866352
0 0.502674 0.659264 0.135788 0.112874 0.000865626
