0 0.326061 0.611328 0.227993 0.408333 0.940125
0 0.014927 0.373107 0.0298539 0.0782867 0.200873
0 0.321672 0.537964 0.236968 0.268196 0.0507922
0 0.333063 0.72036 0.13883 0.180758 0.0273122
0 0.28265 0.611688 0.409967 0.416669 0.0149567
0 0.373572 0.596672 0.344975 0.426692 0.0129521
0 0.316662 0.445106 0.254815 0.719583 0.0126968
0 0.0229107 0.411288 0.0447459 0.590457 0.0102304
0 0.317381 0.648581 0.301496 0.512707 0.0101708
0 0.011434 0.605613 0.0228679 0.0770569 0.00842001
1 0.957224 0.481579 0.0855527 0.963157 0.00801489
0 0.024248 0.529985 0.0478236 0.547813 0.00783197
0 0.257377 0.453652 0.3858 0.733399 0.00696309
0 0.317115 0.701865 0.597515 0.596269 0.00640165
1 0.0264969 0.574578 0.0526612 0.583107 0.00636058
0 0.395601 0.44106 0.435832 0.816868 0.00626875
0 0.776618 0.0304545 0.431261 0.0609091 0.00603642
1 0.743382 0.0278626 0.499205 0.0557253 0.00599532
2 0.7309 0.0588685 0.526495 0.117737 0.00592726
1 0.835972 0.49139 0.326195 0.98278 0.00585511
2 0.232441 0.429059 0.453981 0.833499 0.00581635
1 0.800734 0.0360369 0.393059 0.0720738 0.00575865
2 0.946179 0.49471 0.107414 0.954636 0.00566281
2 0.139192 0.0277181 0.278383 0.0554362 0.00541877
0 0.0121858 0.384609 0.0240318 0.111317 0.00540847
0 0.4547 0.547691 0.559129 0.555268 0.00531896
0 0.0478108 0.487448 0.0956216 0.738822 0.00522101
2 0.702303 0.518609 0.591273 0.941387 0.00521849
2 0.553143 0.332187 0.849882 0.664375 0.00520222
1 0.812797 0.0801536 0.374406 0.160307 0.00510393
2 0.550014 0.466004 0.853313 0.901921 0.00500586
0 0.0154263 0.360942 0.0287804 0.127781 0.0048324
1 0.0318178 0.698208 0.0622259 0.603584 0.00481976
0 0.802672 0.0687203 0.394657 0.137441 0.00480125
2 0.613595 0.0622651 0.589426 0.12453 0.00470512
2 0.274259 0.336507 0.521934 0.673015 0.00467445
0 0.288474 0.474011 0.162243 0.141326 0.00467208
2 0.596101 0.599932 0.792439 0.793772 0.00464911
2 0.601344 0.0205856 0.460059 0.0411712 0.0045623
0 0.256053 0.510972 0.503121 0.680444 0.00455159
2 0.202849 0.0294893 0.363891 0.0589786 0.00450466
1 0.845622 0.101575 0.305553 0.20315 0.00441018
0 0.291436 0.533961 0.169493 0.263836 0.00440378
2 0.590369 0.192458 0.814247 0.384916 0.00438721
0 0.853831 0.21276 0.292255 0.425521 0.00432172
2 0.371658 0.346203 0.627088 0.692406 0.00431465
0 0.500982 0.691153 0.70059 0.617694 0.00427522
0 0.841549 0.102465 0.316092 0.204931 0.0042343
2 0.338055 0.420955 0.45817 0.824762 0.00420567
1 0.907598 0.486614 0.184196 0.973228 0.00419804
0 0.0343624 0.343273 0.06836 0.686547 0.00414829
2 0.423173 0.433655 0.588311 0.848839 0.0041238
2 0.127684 0.065415 0.255368 0.13083 0.00412277
0 0.20958 0.428345 0.412809 0.838844 0.00411805
1 0.0354497 0.770677 0.0695546 0.458645 0.00410299
2 0.113047 0.0429395 0.226093 0.0858789 0.00409795
2 0.488384 0.0195726 0.426548 0.0391452 0.0040747
1 0.0481194 0.591185 0.0958229 0.628017 0.00406577
0 0.312867 0.670023 0.185405 0.274805 0.00406468
0 0.485696 0.453724 0.744538 0.830731 0.00405467
0 0.562038 0.572348 0.827763 0.823999 0.00402321
2 0.4655 0.0663802 0.581939 0.13276 0.00396306
2 0.958402 0.35153 0.0831952 0.703061 0.00395327
0 0.293755 0.614489 0.587431 0.609019 0.00390442
2 0.596237 0.108172 0.798404 0.216344 0.00388826
2 0.188705 0.0673899 0.373299 0.13478 0.0038758
0 0.929304 0.297838 0.141364 0.595677 0.00381849
0 0.0141115 0.360547 0.0280603 0.0897118 0.00381843
2 0.916767 0.310464 0.166128 0.620928 0.00381654
2 0.30526 0.0308723 0.416641 0.0617447 0.00380703
2 0.501041 0.159621 0.856307 0.319242 0.00380207
2 0.37449 0.0256127 0.429115 0.0512253 0.0037531
0 0.0941236 0.796345 0.188247 0.402701 0.00367699
0 0.0101306 0.595723 0.0202611 0.0817373 0.00366617
2 0.715549 0.199713 0.568218 0.399425 0.00366561
0 0.23447 0.788844 0.468941 0.410618 0.0035923
2 0.833288 0.235525 0.333424 0.47105 0.00358905
0 0.0157995 0.295007 0.0309514 0.270606 0.00355075
0 0.388788 0.069041 0.500157 0.138082 0.00353006
2 0.879277 0.260297 0.240949 0.520595 0.00350802
0 0.226324 0.206584 0.45264 0.413168 0.00347955
0 0.0806188 0.0607381 0.161238 0.121476 0.0034768
2 0.902787 0.778176 0.191503 0.443649 0.00345296
2 0.464691 0.687163 0.860716 0.62511 0.00344722
0 0.0477412 0.62947 0.0953854 0.667446 0.00344117
0 0.471184 0.1462 0.885407 0.2924 0.00344035
2 0.913635 0.443878 0.171466 0.887756 0.00343853
2 0.0908296 0.066489 0.180392 0.132978 0.00333055
0 0.0578738 0.299239 0.114001 0.598478 0.00332775
2 0.778853 0.135856 0.439193 0.271711 0.00332671
0 0.0391045 0.778355 0.0766527 0.443289 0.0033188
0 0.0455522 0.818814 0.0911043 0.362372 0.00329079
0 0.0968578 0.178645 0.193716 0.357289 0.00328227
0 0.424671 0.17246 0.694315 0.34492 0.00327709
2 0.817582 0.456655 0.359938 0.90453 0.00326756
0 0.429821 0.811565 0.684643 0.358329 0.00326562
0 0.13787 0.96129 0.275741 0.0774204 0.00325845
2 0.935577 0.69867 0.125999 0.60266 0.00324977
1 0.0475827 0.70829 0.0942434 0.573406 0.00321749
0 0.26394 0.0690865 0.457908 0.138173 0.00321617
2 0.462622 0.755809 0.736921 0.470819 0.0032141
2 0.961385 0.701901 0.0772309 0.596197 0.00320176
0 0.285336 0.172819 0.550509 0.345637 0.00319371
2 0.183247 0.323889 0.366493 0.647778 0.00317182
0 0.0548001 0.150886 0.1096 0.301771 0.00315427
0 0.366088 0.755849 0.664691 0.46537 0.00315098
0 0.19318 0.966863 0.386307 0.0662744 0.00315089
0 0.391576 0.96992 0.500686 0.0601609 0.00312707
0 0.155232 0.635877 0.304995 0.716336 0.00311194
0 0.0455918 0.278695 0.0911837 0.557391 0.00307997
0 0.0736943 0.861758 0.145743 0.276484 0.00302557
1 0.263117 0.577759 0.522055 0.830036 0.00301733
2 0.57593 0.797324 0.687324 0.40189 0.00301234
2 0.498686 0.833108 0.575474 0.328256 0.0029651
1 0.828283 0.967671 0.33207 0.0646572 0.00290776
0 0.476915 0.952315 0.513806 0.0953705 0.00288833
0 0.29199 0.97196 0.495745 0.0560807 0.00284422
0 0.0216591 0.391061 0.0433183 0.121732 0.00284091
0 0.521257 0.937356 0.505182 0.125288 0.00280153
0 0.765029 0.0353218 0.0492992 0.0706435 0.00278565
2 0.859803 0.809765 0.278665 0.380471 0.00278556
0 0.672286 0.539095 0.63884 0.921809 0.00278538
2 0.951105 0.814035 0.096679 0.371929 0.00277799
0 0.978759 0.651153 0.042481 0.39732 0.00277649
2 0.0160195 0.516184 0.0304595 0.534223 0.00273838
2 0.92211 0.910004 0.15571 0.179992 0.00272685
2 0.642314 0.704318 0.700816 0.555681 0.00267848
2 0.967179 0.706043 0.0656419 0.366192 0.00265543
0 0.266095 0.458594 0.113745 0.107598 0.00264482
2 0.665359 0.812837 0.6554 0.362467 0.00264333
2 0.764167 0.816955 0.46245 0.36609 0.00260851
0 0.0108066 0.562664 0.0212951 0.200808 0.00255851
1 0.965732 0.729689 0.0680981 0.514908 0.0025572
2 0.883917 0.88196 0.227961 0.23608 0.00254999
0 0.0129593 0.641427 0.0253303 0.183391 0.00254241
2 0.880709 0.675343 0.235481 0.649313 0.00253213
2 0.803432 0.733063 0.386677 0.527885 0.00251839
0 0.592206 0.928027 0.537885 0.143946 0.00247265
0 0.314478 0.492407 0.245416 0.173651 0.00241268
2 0.765843 0.586717 0.464864 0.826565 0.00239317
1 0.738234 0.0402443 0.523531 0.0804887 0.0023883
2 0.882618 0.967583 0.230651 0.0648342 0.00237697
2 0.892785 0.521267 0.213205 0.957466 0.00236224
0 0.269834 0.522997 0.119733 0.232053 0.00232065
2 0.829474 0.869805 0.333114 0.260391 0.00230357
1 0.682883 0.949561 0.561981 0.100878 0.0022996
1 0.659511 0.0386369 0.403842 0.0772739 0.0022944
2 0.856665 0.900816 0.284429 0.198368 0.00228534
2 0.0110536 0.569732 0.0213728 0.173543 0.0022835
1 0.0163671 0.543516 0.0317718 0.518485 0.00225871
2 0.0113529 0.655194 0.0217409 0.317124 0.00220929
1 0.77213 0.0215773 0.455741 0.0431546 0.00217092
2 0.964687 0.552431 0.0706269 0.449836 0.0021249
2 0.969539 0.731861 0.0609211 0.516949 0.00208266
1 0.800706 0.0131477 0.398589 0.0262954 0.00207808
0 0.00953521 0.615078 0.0189839 0.0896749 0.00204353
2 0.962493 0.468953 0.0750145 0.319937 0.00203944
2 0.967142 0.635223 0.0657153 0.570333 0.00202631
0 0.0228198 0.432279 0.0450124 0.261418 0.00199237
0 0.344564 0.681693 0.113796 0.12755 0.00191431
0 0.989112 0.611715 0.0216667 0.38332 0.00191306
1 0.925331 0.698504 0.149338 0.484946 0.0019028
2 0.97784 0.348724 0.0443202 0.697447 0.0018988
1 0.750911 0.0111435 0.498179 0.022287 0.00188412
0 0.697697 0.785111 0.0267033 0.0439397 0.00187215
2 0.0200369 0.722167 0.0394707 0.378765 0.00183971
2 0.981734 0.283223 0.0365318 0.566447 0.00182687
0 0.233251 0.921388 0.0255516 0.0540387 0.00179149
2 0.766642 0.0361108 0.0472187 0.0722216 0.00178363
0 0.0172068 0.354654 0.0336025 0.709309 0.00178359
2 0.927377 0.00888683 0.145245 0.0177737 0.00178061
1 0.834407 0.00931434 0.327574 0.0186287 0.00176011
0 0.330367 0.680184 0.120307 0.101262 0.00175581
1 0.849472 0.0514064 0.301055 0.102813 0.0017456
1 0.896022 0.00739619 0.207957 0.0147924 0.00173094
1 0.953237 0.615342 0.0925068 0.559104 0.0017214
1 0.602935 0.0405277 0.390639 0.0810554 0.00171258
0 0.660274 0.770125 0.103983 0.143436 0.00170701
1 0.89165 0.0434526 0.2167 0.0869053 0.00169047
1 0.948152 0.352817 0.103377 0.705634 0.00166995
1 0.701999 0.041407 0.23914 0.0828141 0.00164213
1 0.776715 0.0424966 0.391716 0.0849932 0.00163173
2 0.0555408 0.516447 0.111082 0.396033 0.00162963
1 0.92402 0.148691 0.151491 0.297382 0.0016261
1 0.0266314 0.501274 0.0523933 0.374509 0.0016242
0 0.351666 0.500741 0.168216 0.18926 0.00160652
1 0.942929 0.688917 0.113419 0.593649 0.00157774
2 0.0123822 0.583081 0.0245864 0.586426 0.00157181
2 0.750109 0.00838819 0.499782 0.0167764 0.00152565
0 0.0521309 0.388786 0.104262 0.130598 0.00152242
1 0.9268 0.252368 0.145735 0.504735 0.00151981
1 0.743563 0.0581655 0.406227 0.116331 0.00150477
2 0.963431 0.26076 0.0731383 0.521521 0.00149117
1 0.726307 0.0152159 0.362403 0.0304317 0.00147995
2 0.922871 0.0758937 0.154257 0.151787 0.00145956
0 0.0228487 0.371595 0.0456973 0.108495 0.00145176
2 0.0473068 0.765618 0.0941979 0.468763 0.00143793
0 0.692043 0.765763 0.043701 0.0968694 0.00143388
1 0.967458 0.765008 0.0650835 0.371909 0.00143153
1 0.925986 0.61064 0.148028 0.421092 0.00142879
0 0.0220242 0.640533 0.0420021 0.142707 0.0014226
0 0.312602 0.465519 0.213735 0.137164 0.00142119
0 0.465676 0.671679 0.0322615 0.0379792 0.00140147
1 0.673973 0.0547027 0.568435 0.109405 0.00139158
1 0.672261 0.0291114 0.36545 0.0582227 0.00139138
2 0.0600075 0.752292 0.120015 0.403883 0.00137927
0 0.643824 0.768476 0.133304 0.175382 0.00136914
0 0.0089758 0.64442 0.0179516 0.166829 0.00136826
0 0.510603 0.896966 0.138657 0.167018 0.00134027
2 0.929 0.248791 0.142 0.497581 0.00131823
1 0.0273325 0.743156 0.053697 0.382896 0.00130996
2 0.0575844 0.0575012 0.115169 0.115002 0.00129237
0 0.0225057 0.649786 0.0433825 0.281245 0.0012902
0 0.281297 0.561042 0.133715 0.243647 0.0012824
0 0.240704 0.912316 0.0460593 0.0701303 0.0012801
0 0.389528 0.414753 0.087947 0.0304951 0.00126391
0 0.0537033 0.766502 0.106239 0.466997 0.00124323
0 0.0440951 0.847373 0.0877912 0.274511 0.00124004
1 0.247504 0.99709 0.182549 0.00582098 0.00123078
1 0.882222 0.171801 0.235556 0.343602 0.00122653
2 0.0467714 0.861955 0.0935427 0.24529 0.0012094
0 0.0439397 0.435401 0.0878794 0.225495 0.0012069
2 0.0988519 0.0584546 0.197704 0.116909 0.00120583
0 0.0142347 0.411568 0.028196 0.195199 0.0012008
1 0.670084 0.00616887 0.464189 0.0123377 0.00119839
0 0.483063 0.884231 0.174068 0.15521 0.00119228
0 0.536508 0.901971 0.139742 0.153175 0.00118743
0 0.0164296 0.668825 0.0326078 0.231013 0.00118282
0 0.560511 0.898588 0.0896168 0.144587 0.00117426
2 0.927391 0.587181 0.145218 0.231875 0.00116764
2 0.0627331 0.101926 0.125466 0.203851 0.00116018
0 0.300885 0.623418 0.158004 0.308493 0.00115784
0 0.444128 0.594532 0.12143 0.189055 0.0011562
2 0.0558171 0.689126 0.111634 0.3048 0.00115453
0 0.379799 0.46611 0.135838 0.143486 0.00114719
0 0.396098 0.915732 0.152049 0.138327 0.00113362
0 0.274698 0.611188 0.103657 0.143878 0.0011176
0 0.0747954 0.342434 0.149591 0.187359 0.00111726
1 0.626913 0.0738178 0.568608 0.147636 0.00111705
0 0.635134 0.740276 0.118333 0.144325 0.0011168
2 0.0687007 0.130898 0.137401 0.261797 0.00111009
2 0.097796 0.10205 0.195227 0.2041 0.00110498
1 0.668089 0.0184436 0.403462 0.0368871 0.00110179
1 0.0543553 0.00449655 0.108711 0.00899309 0.0010986
2 0.0784814 0.175851 0.156963 0.351703 0.00109645
2 0.893282 0.539646 0.0725811 0.123385 0.00109452
0 0.944461 0.458774 0.0513233 0.100453 0.00109417
0 0.0249043 0.554033 0.0498086 0.252076 0.00109316
0 0.458018 0.903688 0.204928 0.163978 0.00108937
2 0.0481486 0.116906 0.0951824 0.233812 0.00108906
0 0.99004 0.385482 0.0199207 0.371454 0.00108859
0 0.929575 0.497512 0.138395 0.265383 0.0010806
0 0.107931 0.59486 0.0373282 0.0471065 0.00107465
2 0.260088 0.923422 0.0779517 0.119956 0.00107185
0 0.303732 0.903162 0.190482 0.161764 0.00107126
2 0.300388 0.913544 0.178299 0.172913 0.0010662
0 0.893308 0.527632 0.0695873 0.0957863 0.00106382
2 0.625737 0.557606 0.0575106 0.120995 0.00106085
0 0.610242 0.834337 0.179254 0.288518 0.00105769
0 0.455509 0.886329 0.174917 0.163899 0.00105742
1 0.395559 0.113204 0.188435 0.226407 0.00105332
1 0.098778 0.050235 0.197556 0.10047 0.00105302
2 0.242333 0.125888 0.199297 0.251118 0.00105227
2 0.32922 0.902165 0.238058 0.195671 0.00105107
0 0.423195 0.914128 0.15421 0.139724 0.00104915
2 0.167514 0.0819292 0.303833 0.163858 0.00104471
2 0.0503863 0.04989 0.100773 0.0997799 0.00104256
0 0.326545 0.794751 0.151579 0.0762512 0.00104102
2 0.646828 0.774713 0.136077 0.15662 0.00103913
0 0.989616 0.677654 0.0206713 0.398968 0.001038
0 0.0336764 0.834684 0.0668448 0.330631 0.00103637
2 0.474668 0.665545 0.0475851 0.0505591 0.00103592
2 0.123151 0.00252693 0.246302 0.00505385 0.00103438
0 0.318373 0.888697 0.21552 0.209808 0.00103338
1 0.289184 0.997541 0.178146 0.00491766 0.00103294
1 0.958529 0.820145 0.0829416 0.349474 0.00102924
1 0.351213 0.905754 0.213761 0.188493 0.00102769
1 0.0694689 0.00390129 0.138938 0.00780258 0.00102768
0 0.970156 0.645297 0.0596871 0.300715 0.00102443
2 0.0563073 0.155659 0.111101 0.311317 0.00102158
2 0.135471 0.0771315 0.270941 0.154263 0.00102044
0 0.467792 0.541366 0.0514673 0.0568583 0.00101284
2 0.399398 0.892764 0.167448 0.164681 0.00101134
1 0.313699 0.997373 0.189484 0.00525427 0.00101066
0 0.477649 0.588079 0.108339 0.1659 0.00100497
0 0.362905 0.135387 0.0893423 0.154823 0.00100361
0 0.0506834 0.638945 0.100509 0.189127 0.00100348
0 0.986675 0.156216 0.0266496 0.312432 0.00100067
2 0.354721 0.727893 0.217118 0.173824 0.000995763
2 0.269611 0.455672 0.133571 0.0992999 0.000983762
0 0.0517153 0.344766 0.103135 0.162459 0.000981364
0 0.343434 0.788638 0.156638 0.0922214 0.000980163
2 0.342743 0.861984 0.176762 0.196969 0.00097937
1 0.0953 0.997904 0.183573 0.00419208 0.000978258
2 0.107202 0.498715 0.214403 0.357289 0.00097614
0 0.195203 0.873291 0.167824 0.175122 0.000976119
1 0.382373 0.997457 0.211884 0.00508582 0.000972957
1 0.378822 0.913239 0.201035 0.173522 0.000972887
2 0.735412 0.323046 0.201474 0.296019 0.000972106
0 0.97095 0.740035 0.0575054 0.37436 0.000968558
