2 0.39463 0.634718 0.518481 0.397944 0.970896
0 0.731862 0.0177957 0.239514 0.0355913 0.0480244
2 0.45499 0.605192 0.390058 0.328854 0.0407096
2 0.393361 0.562348 0.513167 0.249902 0.0269438
2 0.737524 0.0174719 0.257347 0.0349395 0.0262566
0 0.741892 0.0258392 0.252284 0.0516784 0.0260635
1 0.707794 0.0262193 0.421546 0.0524387 0.0142093
0 0.66528 0.0192536 0.0427474 0.0331517 0.01213
1 0.764832 0.0377212 0.387002 0.0754425 0.011103
2 0.666422 0.0179956 0.043647 0.0333909 0.00989741
0 0.625332 0.963029 0.0467773 0.0494373 0.00956967
2 0.457819 0.551901 0.379723 0.220496 0.00926312
0 0.700579 0.0539631 0.495351 0.107196 0.00875101
2 0.32121 0.731408 0.357273 0.205113 0.0083582
1 0.61093 0.0326786 0.559844 0.0653571 0.00780588
0 0.660284 0.0198155 0.0567203 0.0361243 0.00763079
0 0.602789 0.0534419 0.609469 0.105788 0.0074227
0 0.681677 0.0303338 0.466574 0.0606676 0.00655664
0 0.64877 0.966416 0.103141 0.0588861 0.00629353
2 0.453963 0.710475 0.684814 0.477372 0.00622774
2 0.731133 0.0192109 0.187236 0.0378364 0.00597411
1 0.55935 0.0410713 0.677038 0.0821427 0.00540244
0 0.795907 0.126317 0.408185 0.250891 0.00511033
0 0.787838 0.0562379 0.424323 0.110498 0.00507313
2 0.356694 0.679495 0.480312 0.393904 0.00506919
0 0.742691 0.0933351 0.501767 0.184723 0.00494796
2 0.80003 0.881163 0.39994 0.237673 0.00456426
1 0.786507 0.972961 0.400488 0.0523689 0.00443608
0 0.599606 0.0818784 0.710051 0.162382 0.00440849
0 0.786227 0.640818 0.0348123 0.0236117 0.00421983
1 0.690769 0.971054 0.523022 0.0564841 0.0042015
0 0.672698 0.967234 0.150332 0.063414 0.00416576
0 0.469439 0.0539164 0.867148 0.106702 0.0041333
2 0.786339 0.0147956 0.289534 0.0289502 0.00408159
1 0.534346 0.96825 0.76866 0.0627083 0.00388408
2 0.388384 0.4629 0.587736 0.53571 0.00386056
0 0.673678 0.0185402 0.0630475 0.0337705 0.00385939
1 0.404079 0.63925 0.51397 0.409496 0.00379248
2 0.504657 0.169094 0.810229 0.326728 0.00377866
0 0.666655 0.875614 0.606283 0.246296 0.00377074
2 0.779051 0.182316 0.441899 0.34241 0.00376349
0 0.0936927 0.0562697 0.187385 0.111965 0.00374599
0 0.514764 0.874747 0.836222 0.245975 0.00374346
2 0.563404 0.449663 0.714768 0.465117 0.003727
2 0.798279 0.967182 0.403442 0.0633369 0.00367064
0 0.794787 0.895145 0.410426 0.206777 0.00366514
2 0.308254 0.487791 0.616508 0.618005 0.0036439
1 0.786326 0.873864 0.427348 0.252073 0.0036297
0 0.326653 0.589281 0.653306 0.543316 0.00361122
0 0.466102 0.111966 0.8781 0.220671 0.00354977
0 0.277368 0.428725 0.554737 0.527753 0.00350777
0 0.404454 0.456165 0.528615 0.479252 0.00350351
0 0.0739183 0.0758413 0.147837 0.145316 0.00350346
2 0.799546 0.0604871 0.400908 0.120974 0.00345313
0 0.81872 0.209182 0.362561 0.39241 0.00344539
0 0.155666 0.0540172 0.311333 0.108034 0.00344083
2 0.68114 0.16803 0.617601 0.3189 0.00343312
2 0.441239 0.224941 0.670109 0.377471 0.00343016
0 0.801702 0.0660233 0.396596 0.12966 0.00340959
2 0.104255 0.781766 0.20851 0.415525 0.00340443
2 0.760667 0.231188 0.478666 0.385004 0.00340123
0 0.251601 0.470981 0.503201 0.703928 0.00340018
2 0.533814 0.64556 0.759038 0.409232 0.00339915
2 0.526601 0.760666 0.880583 0.477449 0.00336774
2 0.578902 0.384203 0.634316 0.424793 0.00335929
0 0.278702 0.0538366 0.557404 0.104871 0.00331131
2 0.313187 0.382086 0.554821 0.449259 0.00327966
2 0.800692 0.831951 0.398615 0.327302 0.00327051
0 0.375459 0.607758 0.577632 0.441521 0.00326463
2 0.659581 0.427849 0.635988 0.406716 0.00325236
2 0.864691 0.956769 0.270617 0.086463 0.00324585
0 0.215556 0.67126 0.430569 0.456286 0.00322767
1 0.56477 0.862072 0.87046 0.27452 0.00322372
2 0.681086 0.821527 0.637828 0.343567 0.00321617
0 0.444043 0.157987 0.854898 0.312797 0.0031931
2 0.681373 0.231837 0.538776 0.372276 0.0031928
0 0.888075 0.17123 0.223851 0.340615 0.00319213
1 0.484957 0.95316 0.843546 0.09368 0.00318046
0 0.251771 0.184899 0.503542 0.353862 0.00317388
2 0.609399 0.788436 0.781202 0.405003 0.00316991
2 0.305353 0.22809 0.594585 0.361029 0.00316737
2 0.574675 0.228061 0.649228 0.378516 0.00316514
2 0.684352 0.370395 0.551984 0.372029 0.00315933
0 0.874861 0.722507 0.250279 0.466914 0.00312827
0 0.150511 0.593075 0.301021 0.543958 0.00312415
0 0.152063 0.118061 0.304126 0.235064 0.0031215
0 0.320374 0.140127 0.640748 0.277888 0.00310156
0 0.873326 0.60912 0.253348 0.442358 0.0030984
2 0.431623 0.853602 0.815392 0.287528 0.00309319
0 0.254541 0.294823 0.509082 0.401114 0.0030891
0 0.418662 0.663157 0.561986 0.428008 0.00308145
0 0.133187 0.664822 0.266375 0.495621 0.00307489
0 0.2453 0.122502 0.4906 0.241763 0.00307103
0 0.358228 0.18909 0.697775 0.363665 0.00306846
2 0.749859 0.425777 0.500283 0.392854 0.00306824
0 0.809268 0.588994 0.381463 0.455034 0.00305509
2 0.751903 0.0415295 0.274858 0.083059 0.00303568
2 0.299238 0.293406 0.559445 0.370841 0.00302221
2 0.638891 0.504309 0.697633 0.489913 0.00302091
0 0.206835 0.412356 0.41367 0.586334 0.00301707
0 0.539197 0.586729 0.786827 0.401802 0.00300362
0 0.104046 0.606366 0.208092 0.577685 0.00299447
0 0.868639 0.320364 0.262721 0.401701 0.00298819
0 0.811416 0.302953 0.377168 0.389664 0.00298746
0 0.787442 0.659995 0.425115 0.476266 0.00297737
2 0.768423 0.300029 0.463153 0.353846 0.00297023
2 0.730769 0.50224 0.538462 0.466151 0.00296065
0 0.816456 0.763642 0.367087 0.420638 0.00294171
2 0.591411 0.299157 0.574742 0.353987 0.00293938
0 0.598693 0.75125 0.802614 0.423466 0.00293078
2 0.357873 0.734446 0.696914 0.531109 0.00292313
0 0.211309 0.311214 0.422618 0.476029 0.00292208
0 0.0766841 0.193742 0.153368 0.383116 0.00291199
2 0.819201 0.370937 0.361598 0.390822 0.00290365
2 0.50645 0.301379 0.608665 0.386049 0.00290244
2 0.132906 0.489188 0.265811 0.623868 0.0029023
2 0.817802 0.487313 0.364395 0.447826 0.00289932
2 0.873742 0.898779 0.252515 0.202443 0.00289612
2 0.58102 0.56036 0.773009 0.495268 0.00288908
0 0.93786 0.218487 0.12428 0.404926 0.00288648
0 0.871183 0.384682 0.257634 0.40728 0.00287112
2 0.129722 0.210166 0.259445 0.353812 0.0028704
2 0.690164 0.300015 0.507857 0.341198 0.00286437
0 0.0859494 0.51706 0.171899 0.610698 0.00285603
0 0.864351 0.494846 0.271299 0.427066 0.00285278
2 0.213611 0.215077 0.427223 0.37 0.00284274
2 0.729568 0.0330175 0.503445 0.066035 0.00280507
0 0.652829 0.588541 0.694342 0.457828 0.00278374
0 0.637904 0.963428 0.0743124 0.0548947 0.00276756
2 0.585935 0.694021 0.82813 0.491934 0.00276393
0 0.143138 0.172775 0.286277 0.332978 0.00276232
2 0.830233 0.0127212 0.267394 0.0248326 0.0027531
0 0.944103 0.335485 0.111795 0.418106 0.00275301
0 0.95523 0.713952 0.0895391 0.470451 0.00275218
2 0.0883661 0.854221 0.176732 0.291557 0.00274448
0 0.842357 0.805537 0.315286 0.371774 0.00274036
0 0.959674 0.608267 0.0806514 0.460766 0.00273815
2 0.110024 0.426776 0.220049 0.606684 0.00272163
2 0.090319 0.274144 0.180638 0.502838 0.0027197
2 0.0778227 0.92942 0.155645 0.141161 0.00271216
0 0.661738 0.0178891 0.458007 0.035671 0.00270793
0 0.337111 0.116146 0.0437278 0.0464451 0.00270576
2 0.953808 0.49782 0.0923839 0.438911 0.00268792
0 0.0867656 0.359158 0.173531 0.607366 0.00267923
0 0.950269 0.444181 0.0994615 0.4293 0.00267827
0 0.112457 0.319198 0.224913 0.475306 0.00267383
0 0.814897 0.847366 0.370206 0.295178 0.0026049
0 0.342219 0.756324 0.622854 0.411622 0.00257078
0 0.535512 0.691039 0.928976 0.473359 0.00256159
0 0.945892 0.807232 0.108216 0.371491 0.00255189
0 0.704178 0.964434 0.249102 0.0711322 0.00254509
2 0.0791876 0.890577 0.158375 0.218846 0.00254457
0 0.919511 0.840696 0.160978 0.314013 0.00253451
2 0.273444 0.768047 0.546888 0.456603 0.00250952
2 0.42345 0.928335 0.808344 0.14333 0.00250117
0 0.741723 0.950925 0.292274 0.0981493 0.00249234
0 0.160416 0.751059 0.304778 0.416186 0.00249173
2 0.349354 0.811799 0.646446 0.370698 0.00242671
2 0.149234 0.794047 0.298467 0.409413 0.00239668
2 0.436881 0.517923 0.283465 0.159121 0.00236105
2 0.108373 0.929522 0.216746 0.140956 0.00232437
2 0.739562 0.0441488 0.370056 0.0882976 0.00225934
2 0.10492 0.885511 0.209841 0.226399 0.00225114
2 0.388649 0.912816 0.644643 0.174368 0.00217522
2 0.395751 0.529736 0.226832 0.179334 0.00216497
2 0.365682 0.521967 0.159918 0.16679 0.0020717
2 0.33812 0.929959 0.579844 0.140081 0.00206246
2 0.238558 0.92925 0.45271 0.141501 0.00203025
2 0.153091 0.943953 0.306182 0.112095 0.00198139
2 0.825264 0.0111511 0.052561 0.0213527 0.00196917
0 0.768655 0.93653 0.341069 0.126534 0.00196475
0 0.391938 0.490869 0.120133 0.101494 0.00194627
0 0.33612 0.12627 0.0397167 0.0241202 0.00191699
2 0.872209 0.0117273 0.253987 0.0231317 0.00182819
2 0.0666884 0.0142585 0.133377 0.028517 0.00176767
0 0.655432 0.0217408 0.0983217 0.0401785 0.00173278
2 0.3839 0.508269 0.121388 0.135839 0.00169941
0 0.822439 0.0119407 0.0568421 0.0230381 0.00165503
1 0.647652 0.0266691 0.704697 0.0527283 0.00163302
0 0.815805 0.811271 0.0431445 0.026359 0.00162427
0 0.342878 0.119007 0.0593499 0.0466278 0.00153927
2 0.759125 0.943754 0.400941 0.110314 0.00153527
0 0.383287 0.534761 0.19931 0.19139 0.00152805
0 0.577848 0.015946 0.325787 0.0318919 0.00152803
2 0.751381 0.0238002 0.25633 0.046176 0.00147636
2 0.350746 0.703847 0.417004 0.267902 0.0014659
1 0.773744 0.0734498 0.452513 0.1469 0.00145817
0 0.453213 0.962285 0.433574 0.0754309 0.00145343
0 0.42816 0.497614 0.22088 0.116728 0.00142876
2 0.0164494 0.204692 0.0328989 0.409384 0.00142361
0 0.739996 0.965264 0.35723 0.0694725 0.00140239
2 0.0580597 0.0228737 0.116119 0.0457475 0.00138147
2 0.406611 0.67386 0.428655 0.339758 0.0013725
0 0.461155 0.516367 0.31305 0.149137 0.00135093
2 0.0828886 0.0421675 0.165777 0.0843349 0.00134722
2 0.0743105 0.0691373 0.148621 0.138275 0.00133635
2 0.0926882 0.130241 0.185376 0.260482 0.00132977
2 0.0246556 0.22876 0.0493113 0.457519 0.00131443
2 0.772398 0.0680513 0.43557 0.136103 0.0012978
1 0.790922 0.092653 0.327664 0.18267 0.00129296
2 0.817047 0.0475552 0.365906 0.0951104 0.00129234
1 0.0830961 0.100042 0.166192 0.199842 0.00128612
0 0.681101 0.935036 0.182563 0.122887 0.00128283
1 0.853306 0.0769693 0.293388 0.153871 0.00127896
0 0.340893 0.12244 0.0477602 0.0373685 0.0012563
2 0.214622 0.0582414 0.429244 0.116483 0.0012543
2 0.106563 0.0445402 0.213126 0.0890805 0.00124506
2 0.200983 0.075199 0.401726 0.149948 0.00122132
2 0.346397 0.119058 0.0646133 0.0559993 0.00121999
2 0.0818142 0.0148732 0.163628 0.0297463 0.00120044
1 0.685628 0.0594308 0.628743 0.118724 0.00119503
2 0.888925 0.177693 0.222149 0.355386 0.00119341
2 0.0288499 0.164329 0.0576998 0.328657 0.00119145
1 0.374468 0.0715071 0.407498 0.143014 0.00118316
2 0.00709679 0.198826 0.0141936 0.397653 0.00117687
0 0.787354 0.642459 0.0449644 0.0332129 0.00117375
0 0.230229 0.648337 0.177492 0.203039 0.00117233
1 0.0365753 0.100834 0.0731506 0.201669 0.00116511
0 0.233392 0.684814 0.178573 0.131791 0.00116388
0 0.0717908 0.0148174 0.0364248 0.0230833 0.001162
1 0.884753 0.121559 0.230494 0.242781 0.00115415
2 0.871158 0.0531764 0.257684 0.106353 0.00113396
2 0.971116 0.16593 0.0577673 0.33186 0.00113371
1 0.73489 0.0821188 0.305631 0.164238 0.00112914
0 0.321634 0.731203 0.369185 0.198538 0.00112874
0 0.402851 0.80566 0.544834 0.243711 0.00112163
2 0.418297 0.962239 0.306193 0.0755228 0.0011192
1 0.443077 0.0751176 0.569631 0.150235 0.00111455
2 0.80762 0.112742 0.38476 0.2243 0.00110835
2 0.894581 0.0163787 0.210838 0.0327574 0.00109281
0 0.848428 0.81646 0.113067 0.0390263 0.00108989
0 0.801867 0.654645 0.0824853 0.0620458 0.00108446
2 0.08686 0.198098 0.17372 0.396196 0.00108368
2 0.37243 0.517038 0.213562 0.152514 0.00108072
0 0.376283 0.972911 0.257332 0.0541789 0.00107614
0 0.0449564 0.0154258 0.0843183 0.0294775 0.00107216
2 0.185407 0.0470881 0.370815 0.0941761 0.00106363
2 0.936283 0.134928 0.127435 0.269857 0.00105911
0 0.509923 0.948607 0.306734 0.10083 0.00104483
0 0.500305 0.0158448 0.462018 0.0316496 0.00103872
0 0.39429 0.769577 0.198591 0.128235 0.0010366
2 0.886454 0.103262 0.227091 0.206524 0.00103139
0 0.498597 0.453391 0.337235 0.173043 0.00102922
1 0.324028 0.54775 0.261442 0.238418 0.00102094
2 0.268564 0.0663537 0.474544 0.132546 0.00102052
2 0.961212 0.210774 0.0775753 0.421548 0.00101901
2 0.915778 0.973624 0.168444 0.0527515 0.00101859
2 0.0892235 0.365646 0.178447 0.255472 0.00101567
0 0.430939 0.955104 0.524649 0.0881832 0.00101191
2 0.148665 0.0698733 0.29733 0.139747 0.00100741
2 0.545294 0.206593 0.261368 0.183825 0.00100732
2 0.94145 0.465324 0.117099 0.431135 0.00100587
0 0.407154 0.922556 0.295519 0.154889 0.00100404
1 0.35983 0.490673 0.214251 0.125141 0.00100307
2 0.0732509 0.729915 0.146502 0.232165 0.000998529
0 0.87727 0.611076 0.24546 0.154793 0.000998324
0 0.329559 0.764129 0.336638 0.141592 0.000997448
2 0.732756 0.138839 0.310322 0.248008 0.000995973
2 0.985214 0.366681 0.0295725 0.355812 0.000992532
1 0.169114 0.111052 0.338227 0.218357 0.000988798
2 0.0300869 0.729217 0.0601737 0.541566 0.00098726
2 0.761999 0.176177 0.288851 0.219097 0.000984957
2 0.198209 0.114057 0.396418 0.224409 0.000984498
0 0.848125 0.596636 0.195844 0.128768 0.000983121
0 0.533798 0.917583 0.33283 0.164834 0.000982742
2 0.883423 0.271194 0.160477 0.157072 0.000980405
2 0.888442 0.3216 0.223117 0.214612 0.000979568
2 0.72827 0.203556 0.277659 0.187078 0.000978772
2 0.0794598 0.365896 0.15892 0.200276 0.000977402
2 0.983293 0.960509 0.0334136 0.0789829 0.00097561
0 0.894854 0.856984 0.210292 0.23324 0.000974188
2 0.946293 0.671166 0.107415 0.364803 0.000971488
2 0.577512 0.765089 0.364573 0.15643 0.000970302
0 0.418808 0.477863 0.188273 0.108344 0.000970184
2 0.988707 0.410715 0.0225866 0.367926 0.000968941
2 0.41535 0.0671392 0.649011 0.134278 0.000964315
2 0.563522 0.738636 0.429716 0.238401 0.000962653
2 0.423896 0.785531 0.150787 0.0929204 0.000962621
0 0.852515 0.821534 0.131237 0.0857375 0.000961743
2 0.983536 0.60297 0.032928 0.373686 0.000960859
2 0.087345 0.753251 0.17469 0.262066 0.000960384
2 0.0894129 0.317841 0.178826 0.257208 0.000956647
1 0.463082 0.0527829 0.741064 0.105566 0.000955734
2 0.480222 0.876996 0.358358 0.240782 0.000955645
0 0.411282 0.840948 0.642751 0.318104 0.000953202
2 0.409186 0.75734 0.161802 0.149803 0.000951641
0 0.239468 0.712172 0.198022 0.168979 0.000949759
2 0.921578 0.223632 0.156844 0.447264 0.000949658
2 0.910187 0.379482 0.179625 0.361276 0.000949197
0 0.316892 0.524925 0.236456 0.206874 0.000946879
2 0.986368 0.303326 0.0272636 0.38798 0.000946061
0 0.462046 0.914542 0.336102 0.170915 0.000944434
0 0.793788 0.978782 0.298083 0.0424351 0.00094376
2 0.9873 0.538706 0.0253998 0.314997 0.000943575
2 0.652864 0.737757 0.264398 0.211224 0.000943523
0 0.88898 0.832646 0.20205 0.14332 0.000942452
2 0.261625 0.0133238 0.280662 0.0266475 0.000942228
2 0.8893 0.980914 0.221401 0.0381725 0.000942198
1 0.420846 0.783275 0.141871 0.0993168 0.000941169
0 0.894069 0.80814 0.211862 0.163211 0.000940533
