2 0.378812 0.660346 0.30269 0.274725 0.966063
0 0.22332 0.196977 0.222998 0.220923 0.791216
2 0.441879 0.57272 0.151043 0.111221 0.59481
0 0.841675 0.434127 0.193965 0.127526 0.555561
0 0.189155 0.134317 0.146555 0.0915977 0.358921
0 0.237497 0.232195 0.199051 0.144995 0.267266
0 0.443881 0.571104 0.151852 0.111903 0.0581438
0 0.194234 0.657277 0.0509281 0.0344315 0.0577767
0 0.207814 0.152737 0.272521 0.305474 0.0235545
2 0.385772 0.584416 0.276652 0.141643 0.0232764
0 0.438418 0.563187 0.131085 0.0875295 0.0156238
0 0.8352 0.353669 0.20762 0.300861 0.013872
0 0.179636 0.19619 0.30898 0.230658 0.0119939
0 0.837859 0.494454 0.197296 0.242968 0.0117306
0 0.875725 0.429257 0.116653 0.114619 0.0115464
0 0.811012 0.452873 0.128624 0.0923445 0.0111129
0 0.887098 0.419115 0.0904619 0.0934324 0.0105838
0 0.285467 0.151325 0.425543 0.30265 0.00981908
2 0.441142 0.664971 0.530484 0.291763 0.00972047
0 0.268521 0.195031 0.394577 0.215405 0.00868665
0 0.889371 0.405151 0.0831102 0.0684977 0.00858795
0 0.152541 0.11761 0.0626262 0.0551785 0.00858491
0 0.1827 0.284946 0.306965 0.399886 0.00847417
0 0.86175 0.436083 0.2765 0.142212 0.00787822
0 0.911452 0.117059 0.0611389 0.0462044 0.00784403
2 0.367158 0.70032 0.331007 0.384068 0.00773101
0 0.181333 0.121592 0.125267 0.0654918 0.00730473
0 0.827815 0.532555 0.23903 0.319716 0.00628877
0 0.425811 0.548364 0.103601 0.0572966 0.00626713
2 0.358971 0.657898 0.430036 0.313669 0.00612546
0 0.199858 0.236413 0.279504 0.311585 0.00606213
2 0.449309 0.585856 0.489428 0.172067 0.00587898
0 0.360765 0.573829 0.344793 0.201031 0.00583144
2 0.193058 0.655724 0.0561045 0.0426056 0.00578325
2 0.910724 0.119262 0.0600284 0.0450566 0.00556258
0 0.195272 0.375681 0.318019 0.599683 0.00549116
0 0.211555 0.161987 0.182107 0.146803 0.00533991
0 0.470591 0.564803 0.0937388 0.0811289 0.0052877
0 0.17395 0.110385 0.3479 0.22077 0.00510799
0 0.198582 0.0742365 0.397164 0.148473 0.00504313
0 0.262926 0.174478 0.525853 0.250557 0.00472345
2 0.264149 0.694857 0.528297 0.328646 0.00456686
0 0.765084 0.666008 0.469833 0.587026 0.00434545
0 0.698423 0.421572 0.522241 0.224789 0.00434516
0 0.255745 0.0660156 0.415051 0.132031 0.00427821
0 0.67261 0.484471 0.654781 0.246057 0.004244
2 0.358485 0.650066 0.573839 0.350243 0.00422532
0 0.824784 0.338776 0.300557 0.32328 0.00417127
2 0.312375 0.560184 0.495993 0.399092 0.00406963
2 0.3137 0.439851 0.618828 0.480321 0.00404946
2 0.276 0.740008 0.522889 0.471516 0.00395099
0 0.83375 0.587153 0.332499 0.448175 0.00394901
0 0.827514 0.671706 0.344972 0.593882 0.00387509
0 0.322123 0.486736 0.518164 0.370383 0.00386999
0 0.374339 0.492379 0.416445 0.32263 0.00379348
2 0.858318 0.434289 0.146534 0.127576 0.00377658
2 0.542571 0.653553 0.914448 0.435321 0.00376843
0 0.610222 0.662845 0.779556 0.582013 0.00373623
2 0.482318 0.564074 0.485994 0.176769 0.0037255
2 0.596086 0.444598 0.788955 0.401079 0.00371349
2 0.36145 0.67531 0.27194 0.212181 0.00370567
0 0.775814 0.333024 0.381838 0.350958 0.00362565
0 0.383823 0.161145 0.767647 0.32229 0.00360189
2 0.235764 0.702534 0.148489 0.136903 0.00359508
2 0.406405 0.451781 0.627062 0.401325 0.0035364
2 0.78574 0.304066 0.428519 0.408187 0.00352214
2 0.291842 0.354359 0.583684 0.551551 0.00351149
0 0.924097 0.349956 0.151806 0.323344 0.00347265
2 0.641569 0.390645 0.666969 0.361705 0.0034581
0 0.627685 0.431095 0.744631 0.343747 0.00341016
0 0.471139 0.359751 0.731937 0.518077 0.00337594
0 0.537301 0.355697 0.666558 0.423984 0.00336885
0 0.181316 0.21912 0.362632 0.354688 0.00336551
2 0.550104 0.754213 0.834905 0.373622 0.00335908
0 0.599813 0.480369 0.800373 0.335529 0.00335888
2 0.640169 0.302402 0.554444 0.390421 0.00335465
0 0.606184 0.572533 0.787633 0.409008 0.00334805
0 0.537138 0.698633 0.824203 0.40806 0.00334282
0 0.822296 0.775112 0.355409 0.389523 0.0033275
0 0.733419 0.693407 0.533162 0.56908 0.00331559
2 0.483514 0.830323 0.646156 0.339355 0.00329712
2 0.413491 0.578225 0.210487 0.121026 0.00328058
2 0.706 0.368876 0.494998 0.321419 0.00327211
2 0.378354 0.652407 0.30015 0.161096 0.00326491
0 0.643782 0.734053 0.712436 0.488954 0.00325267
0 0.691341 0.76103 0.617317 0.386981 0.00324658
2 0.198126 0.693148 0.0662739 0.119664 0.00322833
2 0.506127 0.389161 0.755732 0.491037 0.00322725
2 0.398423 0.397816 0.717867 0.530711 0.00319698
0 0.47481 0.064084 0.813163 0.124715 0.00319504
0 0.215645 0.389595 0.431291 0.68221 0.00318424
2 0.551486 0.679396 0.897029 0.563024 0.0031747
0 0.565705 0.189151 0.669195 0.370218 0.00316935
0 0.167466 0.16174 0.334931 0.323479 0.00316408
0 0.148422 0.133677 0.229494 0.100468 0.0031603
2 0.709043 0.248423 0.480868 0.365657 0.00315294
0 0.561717 0.0560002 0.721516 0.108411 0.00315244
0 0.322202 0.307477 0.642898 0.46015 0.00313826
0 0.366616 0.0936326 0.733232 0.185531 0.00313788
0 0.456747 0.244942 0.760285 0.431713 0.00313713
2 0.441972 0.915277 0.408027 0.169447 0.00313227
2 0.0465895 0.783551 0.0931791 0.398075 0.00312926
0 0.818576 0.205492 0.362849 0.385093 0.00312564
2 0.633841 0.189798 0.611906 0.3598 0.00312243
0 0.917295 0.0753969 0.165411 0.150794 0.00311968
2 0.769455 0.195299 0.46109 0.363828 0.00310193
0 0.321438 0.78969 0.526591 0.42062 0.00309854
0 0.549162 0.239144 0.599692 0.37396 0.00309849
2 0.385412 0.818505 0.481821 0.362989 0.00309629
0 0.246296 0.487332 0.492592 0.44413 0.00308941
2 0.135395 0.589867 0.27079 0.387683 0.00308651
2 0.512323 0.911123 0.41812 0.177754 0.00307624
0 0.940939 0.687963 0.118122 0.55092 0.00307399
0 0.924211 0.135409 0.151577 0.270817 0.00306065
0 0.904478 0.728793 0.191045 0.507402 0.00305296
0 0.370838 0.0627662 0.411299 0.125532 0.0030413
2 0.484788 0.887315 0.517883 0.22537 0.00302422
2 0.830233 0.304669 0.339534 0.418458 0.00302168
0 0.92456 0.776474 0.150879 0.40225 0.00301701
0 0.297474 0.6914 0.594947 0.387268 0.00301159
0 0.362986 0.37237 0.725971 0.566511 0.00301052
2 0.67145 0.811614 0.635021 0.336866 0.00301028
2 0.0547785 0.744038 0.109557 0.40301 0.00300996
2 0.632012 0.888644 0.504457 0.222713 0.00300921
2 0.1756 0.639673 0.351199 0.377833 0.00300083
2 0.476327 0.565474 0.0840238 0.0774608 0.00299523
0 0.849791 0.0626922 0.287143 0.125384 0.00299366
0 0.465939 0.0600391 0.447048 0.120078 0.00298772
0 0.918267 0.652478 0.163466 0.568261 0.00297637
0 0.20901 0.654234 0.0862744 0.0448391 0.0029746
2 0.0755375 0.897866 0.151075 0.204267 0.00297361
2 0.0391792 0.547905 0.0783584 0.437111 0.00297002
0 0.0846173 0.349491 0.169235 0.524117 0.00296969
2 0.751522 0.833035 0.496956 0.31795 0.00296535
0 0.852179 0.0910994 0.289952 0.175631 0.00296429
2 0.101214 0.52982 0.202429 0.383603 0.00296337
0 0.0367957 0.494319 0.0735915 0.430698 0.00295629
0 0.934165 0.179638 0.13167 0.357275 0.0029304
0 0.341856 0.206398 0.683712 0.35848 0.00292319
2 0.649682 0.909323 0.418906 0.181355 0.00292282
0 0.866406 0.178259 0.267189 0.350873 0.00291374
2 0.722182 0.895157 0.461346 0.209687 0.0029114
2 0.0415208 0.820202 0.0830416 0.359597 0.00291127
2 0.554889 0.0548121 0.476512 0.109624 0.00291045
2 0.598478 0.856327 0.666503 0.287346 0.00290976
0 0.0509627 0.604567 0.101925 0.441988 0.00290836
2 0.268795 0.610171 0.53759 0.414962 0.00290088
0 0.307784 0.764549 0.615568 0.439737 0.00290053
2 0.671147 0.0517492 0.41215 0.103498 0.00289848
2 0.0666316 0.65639 0.133263 0.436586 0.00289043
2 0.0879999 0.470577 0.176 0.374214 0.00288722
0 0.112434 0.3655 0.224868 0.578847 0.00288471
2 0.705049 0.871658 0.546306 0.256683 0.00288318
0 0.0395621 0.406124 0.0791242 0.527565 0.00287574
0 0.767241 0.160906 0.465517 0.315928 0.00287149
0 0.873391 0.269545 0.2493 0.482492 0.00286806
0 0.792654 0.0594818 0.414692 0.114432 0.00285178
0 0.617051 0.142835 0.705133 0.279587 0.00284212
0 0.0450936 0.85663 0.0901873 0.28674 0.00284185
0 0.0553207 0.877019 0.110641 0.245962 0.00283936
0 0.263117 0.834535 0.526233 0.330931 0.00282665
0 0.18288 0.877516 0.36576 0.244969 0.00281981
0 0.945841 0.759443 0.108318 0.431399 0.00281694
2 0.322965 0.914974 0.407254 0.170053 0.00281002
0 0.15318 0.800953 0.30636 0.381013 0.00279887
0 0.942644 0.299749 0.114711 0.471974 0.00277825
0 0.677693 0.0535583 0.555102 0.103583 0.00276732
2 0.12248 0.904952 0.244961 0.190096 0.00276716
0 0.937808 0.257918 0.124384 0.466592 0.00276409
2 0.732558 0.912961 0.409575 0.174077 0.00275144
2 0.251916 0.907915 0.393597 0.18417 0.00273361
2 0.181582 0.906917 0.350343 0.186166 0.00273351
0 0.806676 0.839931 0.386647 0.316243 0.00272343
2 0.0915933 0.405588 0.183187 0.434406 0.00268499
0 0.108528 0.878704 0.217056 0.242593 0.00268409
2 0.0992839 0.857729 0.198568 0.284542 0.00266217
2 0.3594 0.890217 0.499814 0.219567 0.00264211
0 0.901871 0.839091 0.196257 0.321819 0.00263575
0 0.160363 0.127773 0.073242 0.0795156 0.00262663
2 0.791982 0.919542 0.392411 0.160916 0.00260989
0 0.144744 0.113196 0.0510989 0.0443256 0.00260194
0 0.944213 0.815669 0.111573 0.368661 0.00252557
2 0.915649 0.914527 0.168703 0.170946 0.00249103
0 0.868647 0.938762 0.261014 0.122476 0.00240148
0 0.885468 0.875278 0.226915 0.249445 0.00237217
0 0.931119 0.884467 0.137762 0.231066 0.00237008
0 0.812562 0.878904 0.374876 0.242192 0.00236915
2 0.826423 0.897135 0.347154 0.205731 0.00234501
2 0.835269 0.926681 0.329462 0.146637 0.00229937
0 0.82058 0.44583 0.15673 0.111404 0.00222121
0 0.405863 0.54567 0.0578909 0.0512653 0.00219233
2 0.265046 0.671777 0.205285 0.0976414 0.0021889
0 0.799185 0.446295 0.0958354 0.082655 0.00214281
0 0.414311 0.547373 0.0787007 0.0524023 0.00204867
0 0.384558 0.682207 0.297936 0.219136 0.00200924
0 0.886208 0.394093 0.0683385 0.0461657 0.00197722
0 0.22829 0.22349 0.152015 0.125524 0.00190509
0 0.191903 0.105178 0.163273 0.16293 0.00170744
2 0.939524 0.0933075 0.120953 0.108319 0.00166419
0 0.894538 0.398266 0.0665611 0.0543413 0.0016614
0 0.226543 0.205395 0.159581 0.0890494 0.00165514
2 0.87539 0.119767 0.138791 0.059856 0.00161245
0 0.296764 0.211521 0.0731014 0.059793 0.00157669
0 0.2503 0.133541 0.279916 0.117569 0.00157047
0 0.479634 0.571382 0.0725515 0.0616748 0.00157024
0 0.857362 0.412623 0.227195 0.149431 0.00155566
0 0.872311 0.116408 0.143611 0.0597502 0.00155313
1 0.414229 0.571529 0.191171 0.121682 0.00147068
0 0.898392 0.392274 0.0451129 0.0438207 0.00145799
0 0.382583 0.609628 0.315226 0.181018 0.00141942
2 0.433054 0.686664 0.188404 0.217024 0.00140663
1 0.435286 0.653529 0.174412 0.259726 0.00139476
2 0.392552 0.766027 0.29103 0.137468 0.00136335
0 0.233571 0.268428 0.100461 0.0691588 0.00134429
2 0.941355 0.120377 0.117291 0.102603 0.0013281
2 0.911089 0.138206 0.0808947 0.111163 0.0013232
2 0.932736 0.078175 0.134528 0.143545 0.00130265
0 0.193659 0.659223 0.048868 0.0497932 0.00130182
1 0.896701 0.0729834 0.179747 0.145435 0.0012802
0 0.054341 0.0126347 0.108682 0.0252693 0.00125074
2 0.881469 0.491405 0.212567 0.179107 0.00122351
2 0.935104 0.144074 0.126988 0.164627 0.0012056
2 0.402236 0.784404 0.41189 0.1427 0.00120132
0 0.640149 0.0128054 0.153775 0.0256108 0.00119909
0 0.152729 0.101868 0.0331765 0.0224864 0.00119561
2 0.892952 0.400159 0.0717778 0.0544455 0.00118608
1 0.857635 0.071833 0.217136 0.143523 0.00118373
2 0.451498 0.590207 0.146047 0.146132 0.00118165
1 0.874078 0.133623 0.156152 0.103915 0.00117265
2 0.358069 0.768207 0.437853 0.167787 0.00117225
1 0.924488 0.0828022 0.148901 0.165604 0.00116369
0 0.296017 0.0107927 0.177942 0.0215855 0.00116364
2 0.495493 0.774793 0.0560021 0.0436837 0.00115846
0 0.241719 0.0968153 0.283974 0.191556 0.00115826
0 0.260981 0.236336 0.145978 0.133055 0.00115806
2 0.914095 0.159774 0.136765 0.15781 0.00115638
2 0.248832 0.642445 0.169339 0.0909095 0.00115098
2 0.135992 0.672224 0.176455 0.103291 0.00115086
0 0.791819 0.41433 0.209772 0.158115 0.00114297
0 0.27074 0.646776 0.223729 0.100805 0.00113697
0 0.90321 0.397493 0.19358 0.123217 0.00113286
2 0.327285 0.0112324 0.198329 0.0224647 0.00113271
1 0.934115 0.0949958 0.124485 0.114614 0.00112705
2 0.363892 0.0109622 0.205889 0.0219244 0.00111894
2 0.948867 0.968234 0.102266 0.0635324 0.00111458
0 0.0403524 0.012865 0.0807049 0.02573 0.00111401
1 0.932677 0.921071 0.132497 0.154749 0.00111156
2 0.414318 0.0449214 0.263325 0.0860359 0.00111063
2 0.348994 0.0407435 0.273066 0.0782274 0.00110981
2 0.863772 0.106457 0.159895 0.0828572 0.00110822
2 0.75645 0.0113191 0.202611 0.0226382 0.00110512
2 0.0919786 0.691761 0.183957 0.196789 0.00110344
2 0.653487 0.0127509 0.194139 0.0255018 0.00109685
0 0.237842 0.0106034 0.1723 0.0212069 0.00109581
1 0.234055 0.676754 0.134109 0.0834709 0.00109425
2 0.866564 0.124016 0.15595 0.0809374 0.00108541
0 0.599066 0.0124308 0.188171 0.0248615 0.00108413
2 0.345973 0.714981 0.415494 0.14226 0.00108272
2 0.833511 0.510427 0.201592 0.152653 0.0010748
2 0.675085 0.0461946 0.277683 0.0916468 0.00107061
2 0.373543 0.748967 0.239961 0.0699246 0.00106952
2 0.913757 0.0464085 0.172486 0.0915011 0.00106892
2 0.409835 0.547476 0.0678495 0.0598184 0.00106739
0 0.204812 0.010745 0.185365 0.02149 0.00106561
2 0.819951 0.01179 0.229919 0.02358 0.00106281
2 0.384439 0.0655346 0.195291 0.117122 0.0010622
2 0.941984 0.927441 0.116031 0.142903 0.00106022
2 0.831849 0.564666 0.2087 0.125023 0.0010601
2 0.982161 0.393322 0.0356782 0.205334 0.00105927
2 0.117198 0.688255 0.228773 0.17045 0.00105852
0 0.877801 0.0110616 0.216067 0.0221232 0.00105817
2 0.481927 0.0434985 0.285308 0.0830941 0.00105735
2 0.532678 0.582326 0.300775 0.134552 0.00105582
2 0.297205 0.691672 0.165901 0.148619 0.00105448
2 0.0431054 0.0467142 0.0862109 0.0934283 0.00105361
2 0.376803 0.806198 0.295352 0.179333 0.00104971
2 0.387245 0.714278 0.29052 0.157634 0.00104791
2 0.516839 0.814345 0.204232 0.110862 0.00104498
0 0.084057 0.984335 0.158963 0.0313294 0.00104471
2 0.716191 0.0116678 0.220509 0.0233355 0.00104207
2 0.215292 0.657153 0.0990073 0.0423268 0.00104125
2 0.304786 0.304979 0.274758 0.154861 0.00103986
2 0.769306 0.445259 0.161187 0.123699 0.00103966
2 0.983248 0.405729 0.0335049 0.17273 0.0010394
2 0.838494 0.451179 0.195522 0.155088 0.0010369
2 0.980516 0.278971 0.0389685 0.12043 0.00103673
2 0.442137 0.0674357 0.198039 0.125288 0.00103657
0 0.114873 0.982362 0.183693 0.0352752 0.00103587
2 0.257593 0.69566 0.196721 0.164785 0.00103515
2 0.706959 0.522318 0.233735 0.183559 0.00103247
2 0.0425571 0.708945 0.0851142 0.506363 0.00103247
0 0.132726 0.177092 0.265453 0.19576 0.00102989
2 0.914752 0.187581 0.169158 0.181885 0.0010261
2 0.745282 0.451555 0.16449 0.138822 0.00102495
2 0.980808 0.432652 0.0383847 0.196194 0.00102423
0 0.982262 0.35869 0.0354762 0.204382 0.00102404
2 0.947466 0.878051 0.105068 0.243897 0.00102251
2 0.378554 0.806215 0.40993 0.144332 0.00102152
2 0.922797 0.0190335 0.154406 0.0380669 0.00102137
2 0.862949 0.0626733 0.274102 0.125347 0.00102128
