0 0.485174 0.422469 0.693153 0.668025 0.665435
0 0.606143 0.390385 0.422243 0.667295 0.480689
0 0.633396 0.229345 0.34097 0.337333 0.448194
0 0.355611 0.514837 0.435134 0.476397 0.280347
0 0.755274 0.922796 0.051068 0.0812024 0.248291
0 0.325626 0.245089 0.220518 0.306813 0.19784
0 0.35409 0.219255 0.163325 0.238257 0.176998
0 0.345232 0.426795 0.405582 0.65332 0.147756
0 0.736142 0.479711 0.171797 0.26677 0.137739
0 0.72208 0.165871 0.15977 0.202739 0.112304
0 0.574821 0.237257 0.22033 0.266915 0.110087
0 0.641987 0.36637 0.360839 0.534175 0.0964682
0 0.291543 0.433297 0.290928 0.68026 0.0843702
0 0.70516 0.484845 0.235545 0.291808 0.0605327
0 0.542883 0.507004 0.771342 0.488173 0.0560524
0 0.632879 0.170835 0.336564 0.214532 0.0417916
0 0.426833 0.248674 0.489453 0.311694 0.0396371
0 0.654259 0.478248 0.33457 0.320435 0.031542
0 0.737299 0.157271 0.12179 0.18141 0.0291007
0 0.381381 0.24637 0.34272 0.298862 0.0213349
0 0.278941 0.268612 0.101107 0.272291 0.0205704
0 0.753584 0.933992 0.059336 0.104922 0.0199789
0 0.670643 0.194216 0.290538 0.295497 0.0187742
0 0.278211 0.326158 0.100704 0.14357 0.0184525
0 0.266845 0.521518 0.247515 0.430696 0.0180435
0 0.580538 0.469672 0.169255 0.317564 0.0169053
0 0.542423 0.272048 0.801764 0.36571 0.0164102
0 0.513757 0.647015 0.828823 0.705969 0.0127404
0 0.738705 0.933905 0.0875671 0.101499 0.0125819
0 0.522028 0.229452 0.599546 0.303819 0.0124045
0 0.49465 0.212337 0.0530658 0.0925469 0.0114385
0 0.503127 0.616828 0.64128 0.632151 0.0111677
0 0.364044 0.197987 0.139338 0.191647 0.0111105
0 0.346993 0.183772 0.292915 0.367545 0.0105665
0 0.305659 0.49022 0.325388 0.501378 0.0102543
0 0.732351 0.428347 0.398553 0.395889 0.010189
0 0.685738 0.842992 0.621298 0.309444 0.00965909
0 0.49839 0.205644 0.0739965 0.106587 0.0092192
0 0.303457 0.346864 0.277186 0.502901 0.00914763
0 0.776759 0.873883 0.425499 0.252235 0.00885725
0 0.203099 0.570817 0.114572 0.296436 0.00862198
0 0.538827 0.893379 0.0257195 0.0372059 0.00856589
0 0.253893 0.571461 0.213492 0.297502 0.0081383
0 0.283098 0.325415 0.0725453 0.138091 0.00795884
0 0.622599 0.575965 0.402529 0.505869 0.00780549
0 0.700808 0.927345 0.554014 0.145311 0.00744958
0 0.719265 0.796824 0.0275817 0.0374337 0.00726008
0 0.454119 0.18508 0.493831 0.37016 0.00702266
0 0.351452 0.168524 0.0950202 0.142505 0.00687662
0 0.645015 0.06531 0.348062 0.13062 0.00681682
0 0.438364 0.692928 0.610104 0.614145 0.00673841
0 0.740442 0.0547939 0.388129 0.109588 0.00668623
0 0.747064 0.513671 0.505871 0.882317 0.00626161
0 0.735737 0.580749 0.464649 0.531003 0.00623616
0 0.198091 0.643393 0.100059 0.151553 0.00613023
0 0.74222 0.439163 0.155234 0.186062 0.00595412
0 0.730292 0.343676 0.454839 0.571182 0.00584791
0 0.62411 0.805188 0.751781 0.382835 0.0056306
0 0.776683 0.935518 0.431334 0.128964 0.00523643
0 0.340426 0.677483 0.515828 0.645034 0.00517224
0 0.709816 0.930998 0.150946 0.119312 0.00515328
0 0.469064 0.823977 0.616286 0.34596 0.00491834
2 0.49457 0.210066 0.0526542 0.0975866 0.00471591
0 0.780373 0.817559 0.428403 0.363856 0.00467352
0 0.198625 0.609271 0.100338 0.220471 0.00458827
0 0.622052 0.0809502 0.337274 0.1619 0.00443335
0 0.774683 0.989327 0.118816 0.0213452 0.00436698
0 0.727529 0.182074 0.447476 0.284574 0.00434229
0 0.481722 0.775053 0.782705 0.444015 0.004326
0 0.266982 0.321318 0.523255 0.642636 0.0043238
0 0.733685 0.659626 0.532629 0.680748 0.0042861
0 0.83675 0.865231 0.323822 0.269539 0.00424132
0 0.757097 0.14686 0.380298 0.268146 0.00421587
0 0.276408 0.232846 0.536209 0.39857 0.0042071
2 0.659667 0.604891 0.680666 0.790217 0.00416489
0 0.55771 0.188713 0.186357 0.159109 0.00416122
0 0.553277 0.939698 0.493455 0.120604 0.00413227
0 0.531177 0.893538 0.0459942 0.055008 0.00409831
0 0.928627 0.520417 0.142746 0.866232 0.00408813
0 0.91749 0.379645 0.163148 0.691577 0.00402417
0 0.794974 0.0652319 0.31857 0.130464 0.00399493
0 0.459885 0.962505 0.554515 0.0749907 0.00389334
0 0.955364 0.504415 0.0867351 0.879823 0.00389239
0 0.366978 0.0548897 0.325587 0.109779 0.00385643
1 0.709371 0.580146 0.581259 0.839709 0.00384379
0 0.87703 0.853744 0.240811 0.292512 0.00384369
2 0.839756 0.0648481 0.245812 0.129696 0.00383728
0 0.332115 0.160891 0.0571543 0.11704 0.00381707
0 0.764498 0.934862 0.0831415 0.111399 0.00379547
0 0.879604 0.316192 0.239261 0.630814 0.00375208
0 0.819771 0.119678 0.350026 0.239357 0.00374299
0 0.315313 0.0601529 0.313194 0.120306 0.00374121
2 0.130398 0.0445242 0.260795 0.0890485 0.00370421
2 0.216498 0.0435547 0.337792 0.0871094 0.00370164
2 0.15843 0.0366453 0.292156 0.0732907 0.00368139
2 0.813933 0.955308 0.367517 0.0893832 0.00363277
0 0.843319 0.263299 0.309953 0.526599 0.00363189
0 0.17868 0.074365 0.354045 0.14873 0.00363116
0 0.274672 0.437194 0.549345 0.780377 0.00358859
0 0.858009 0.141383 0.274603 0.282766 0.00355996
0 0.431329 0.97388 0.546945 0.0522393 0.00355672
2 0.261358 0.0528269 0.360245 0.105654 0.00354841
0 0.418979 0.0500357 0.331873 0.100071 0.00353807
0 0.286406 0.585715 0.259319 0.342636 0.00350569
0 0.287653 0.305705 0.0472078 0.0976901 0.00344365
0 0.960368 0.386204 0.076182 0.673905 0.00342743
0 0.748287 0.240682 0.503426 0.475193 0.00341762
0 0.236237 0.0824976 0.45878 0.164995 0.00339969
0 0.28899 0.602808 0.577981 0.5595 0.00338598
2 0.473781 0.0429416 0.328424 0.0858832 0.00338275
0 0.713994 0.39662 0.572012 0.724409 0.0033459
0 0.0441286 0.421145 0.0882572 0.687165 0.00332965
0 0.343034 0.842134 0.522794 0.299335 0.00332952
2 0.540424 0.0426949 0.295991 0.0853897 0.00332742
0 0.945048 0.841984 0.106392 0.316031 0.00330025
0 0.21886 0.504913 0.437719 0.748764 0.00329649
0 0.603022 0.656438 0.793956 0.676841 0.00328841
0 0.099411 0.434735 0.198822 0.72566 0.00328565
2 0.5911 0.061854 0.295183 0.123708 0.00326868
0 0.0924902 0.0692835 0.18498 0.138567 0.00326461
0 0.0633158 0.084711 0.126632 0.169422 0.00326417
0 0.0491316 0.548488 0.0982633 0.702506 0.00323149
0 0.395696 0.638426 0.278229 0.214386 0.00319166
0 0.252339 0.135328 0.44425 0.270656 0.00319144
0 0.878768 0.960283 0.236881 0.0794331 0.00318304
0 0.871862 0.0709029 0.223459 0.141806 0.00318181
0 0.894405 0.803107 0.20783 0.393787 0.00316353
0 0.495201 0.224283 0.0521296 0.0642821 0.00316063
0 0.932743 0.214589 0.134514 0.429178 0.00315996
0 0.337724 0.979198 0.45672 0.0416036 0.00315486
0 0.0783977 0.178225 0.156795 0.356449 0.00312421
0 0.954969 0.286981 0.0900617 0.573961 0.00312358
0 0.932825 0.0796557 0.13435 0.159311 0.00311164
0 0.0444546 0.285714 0.0889091 0.531881 0.00310866
0 0.225531 0.834853 0.451062 0.316606 0.00310655
2 0.278322 0.333456 0.104879 0.135147 0.00309701
0 0.0500039 0.113214 0.100008 0.226428 0.00309154
2 0.925397 0.919956 0.149207 0.160088 0.00308029
0 0.951796 0.782674 0.0942363 0.434653 0.00307183
0 0.0699369 0.321207 0.139874 0.559458 0.0030581
0 0.185993 0.978571 0.360493 0.0428577 0.0030517
0 0.269703 0.453172 0.41152 0.600697 0.00305023
0 0.0851018 0.907961 0.170204 0.184077 0.00304754
0 0.919752 0.7058 0.157379 0.5884 0.00300589
0 0.255298 0.979741 0.45135 0.0405177 0.00296552
0 0.946162 0.608527 0.106108 0.776217 0.00296401
0 0.0393854 0.734484 0.0787708 0.531033 0.00294071
0 0.040967 0.795942 0.0819339 0.408116 0.00293858
0 0.042305 0.67275 0.08461 0.638018 0.00293771
0 0.0506162 0.836795 0.101232 0.326409 0.00289814
0 0.515537 0.198922 0.101716 0.119669 0.00289418
0 0.311926 0.347717 0.173275 0.19101 0.00286531
0 0.111643 0.971149 0.223287 0.0577023 0.00284227
0 0.269262 0.341739 0.0782497 0.127906 0.00282166
0 0.212363 0.858508 0.0210809 0.0329584 0.00276506
0 0.731595 0.124117 0.0918224 0.119554 0.00274826
0 0.515903 0.21811 0.0983921 0.216601 0.00273766
0 0.0864001 0.852516 0.170098 0.294968 0.0026528
0 0.202831 0.711325 0.405662 0.577349 0.00260089
0 0.0783979 0.800121 0.156796 0.399757 0.00257925
0 0.281747 0.656958 0.28008 0.178381 0.00253703
0 0.747137 0.974179 0.134965 0.0516412 0.00249097
0 0.346151 0.661204 0.139162 0.168362 0.00247834
0 0.326699 0.296362 0.305123 0.320482 0.00246954
0 0.457441 0.639984 0.151711 0.213227 0.00233107
0 0.717365 0.126475 0.059674 0.117104 0.00230222
0 0.350205 0.643523 0.203246 0.215598 0.00222579
0 0.288181 0.297156 0.0421164 0.0755559 0.00218527
0 0.442731 0.421419 0.231146 0.286246 0.00211392
0 0.720165 0.799036 0.039204 0.0504061 0.00211321
0 0.511078 0.215882 0.0935572 0.107696 0.00206147
0 0.951751 0.906828 0.0964977 0.168361 0.00205297
2 0.197861 0.655501 0.103063 0.123715 0.00204008
0 0.329617 0.352301 0.248352 0.154587 0.00197571
0 0.43258 0.479318 0.255213 0.403655 0.00194179
0 0.35672 0.162604 0.12956 0.135562 0.00192522
0 0.69073 0.920214 0.189975 0.146748 0.00190588
0 0.791489 0.993998 0.147441 0.012004 0.00184727
0 0.497215 0.896481 0.116291 0.0771715 0.0018459
0 0.821462 0.920899 0.199875 0.143011 0.0017838
0 0.767719 0.873694 0.111396 0.215493 0.00170116
0 0.789638 0.447574 0.0613571 0.106617 0.00169915
0 0.293302 0.245903 0.130933 0.313066 0.00164961
0 0.403932 0.36 0.107209 0.162658 0.00164367
0 0.28852 0.531942 0.244169 0.243279 0.00159221
0 0.268195 0.306644 0.126909 0.205171 0.00158751
0 0.439352 0.382114 0.195146 0.211718 0.0015724
0 0.475634 0.659227 0.116223 0.175372 0.00156217
0 0.725559 0.874509 0.0652223 0.218583 0.00155627
0 0.760554 0.479145 0.119772 0.26811 0.0015538
0 0.54942 0.926189 0.0852453 0.115953 0.00154648
0 0.598069 0.268602 0.165463 0.278517 0.00153496
0 0.378835 0.556204 0.331953 0.421704 0.00151329
0 0.330994 0.583612 0.399928 0.364652 0.00150643
0 0.380877 0.359497 0.14549 0.162697 0.00150456
0 0.659304 0.903853 0.263775 0.178932 0.00149431
0 0.918048 0.905542 0.157817 0.180015 0.00148537
0 0.280439 0.368571 0.10352 0.235213 0.00147142
0 0.678536 0.161757 0.208585 0.188644 0.00144338
0 0.697758 0.120869 0.198823 0.199391 0.00142101
0 0.854219 0.907685 0.266228 0.170627 0.00140374
2 0.972446 0.284508 0.0551083 0.310689 0.0013829
2 0.972477 0.221804 0.0550467 0.221055 0.00138021
0 0.719253 0.993402 0.142039 0.0131967 0.00137313
0 0.613561 0.169451 0.0719818 0.131048 0.00136987
0 0.48111 0.91223 0.149046 0.124967 0.00136964
0 0.794893 0.0996156 0.268828 0.199231 0.00136787
0 0.364084 0.411867 0.301353 0.275533 0.00136672
0 0.731993 0.156452 0.0928808 0.158993 0.00136637
0 0.335085 0.184957 0.138177 0.195086 0.00135112
0 0.537737 0.901671 0.0340872 0.0624684 0.00134645
0 0.575593 0.789134 0.0636533 0.059129 0.00133731
0 0.749885 0.545651 0.141957 0.145261 0.00133252
0 0.915736 0.680789 0.0239106 0.0331175 0.00133048
0 0.598426 0.397044 0.163774 0.326587 0.00130291
0 0.41259 0.576052 0.258511 0.366439 0.00129834
0 0.432448 0.0906782 0.228525 0.181356 0.0012966
0 0.278121 0.655259 0.184326 0.180022 0.00129451
0 0.710341 0.444822 0.223273 0.197426 0.00127396
0 0.91804 0.682612 0.0336528 0.0451716 0.00127304
2 0.953197 0.924896 0.0936052 0.142854 0.00125231
0 0.939231 0.718213 0.0857026 0.135043 0.0012409
0 0.805861 0.89649 0.180479 0.176311 0.00123608
0 0.45344 0.902761 0.181867 0.158992 0.00122515
0 0.350998 0.695959 0.143845 0.111913 0.00122361
2 0.970901 0.177351 0.0581989 0.211 0.00122222
0 0.589819 0.91978 0.158775 0.135594 0.00121459
0 0.246879 0.533461 0.165461 0.224399 0.00121378
0 0.824252 0.878887 0.207791 0.22262 0.00120755
0 0.576043 0.289364 0.220807 0.272914 0.0011927
0 0.42389 0.0829569 0.343285 0.165914 0.00118824
2 0.940452 0.00307704 0.119096 0.00615408 0.00118258
0 0.317968 0.451 0.223456 0.390359 0.00117494
2 0.757585 0.924629 0.0522843 0.0767352 0.00117397
2 0.267625 0.353354 0.0757088 0.0945301 0.0011739
2 0.198389 0.632406 0.0994529 0.078079 0.00117308
2 0.600472 0.614514 0.0619535 0.0631436 0.00116918
2 0.77192 0.00825518 0.189951 0.0165104 0.00116799
0 0.726886 0.871996 0.127189 0.19925 0.00116726
0 0.196357 0.857449 0.0610373 0.044832 0.00116629
2 0.963722 0.14597 0.0725565 0.242896 0.00115684
0 0.563659 0.800014 0.0879894 0.0840627 0.00115584
0 0.429704 0.135035 0.264136 0.231603 0.00115172
0 0.52622 0.245884 0.122753 0.23255 0.00115133
2 0.974275 0.34897 0.0514507 0.260834 0.00114996
2 0.506095 0.229437 0.0321342 0.0566 0.00114929
0 0.232725 0.879902 0.0679542 0.0840978 0.00114299
0 0.460745 0.599932 0.161305 0.302513 0.00114101
0 0.493452 0.225162 0.0501127 0.0424807 0.00113938
0 0.308695 0.906633 0.208958 0.170126 0.00113807
0 0.827339 0.931738 0.276581 0.136524 0.00113374
2 0.0573328 0.123663 0.114666 0.247326 0.00113158
0 0.0666371 0.879605 0.130428 0.225237 0.001124
0 0.624798 0.912234 0.221764 0.156099 0.0011189
0 0.342874 0.375588 0.263618 0.240204 0.00111803
0 0.622764 0.205107 0.21549 0.202501 0.00111191
2 0.953721 0.121002 0.0925571 0.211713 0.00111098
0 0.733996 0.750239 0.16057 0.167924 0.00110843
0 0.525352 0.319241 0.132789 0.33843 0.00110596
0 0.699932 0.147786 0.0265679 0.0474641 0.00110567
0 0.777133 0.423202 0.0896944 0.147118 0.00110465
0 0.777561 0.465439 0.0810774 0.20513 0.00110292
0 0.569843 0.872201 0.159015 0.109837 0.00109443
0 0.419819 0.915492 0.173176 0.150971 0.00108899
0 0.34698 0.886083 0.176915 0.186791 0.00108303
2 0.0422188 0.106439 0.0838389 0.212878 0.00108126
2 0.951529 0.84791 0.0969412 0.297672 0.00108114
0 0.105608 0.898706 0.211216 0.195407 0.00107935
0 0.620241 0.0945861 0.230579 0.189172 0.00107767
2 0.939092 0.104161 0.121816 0.208322 0.00107672
2 0.970583 0.39547 0.0588345 0.250987 0.00107342
2 0.0443187 0.149104 0.0871495 0.298208 0.00107198
0 0.236832 0.684237 0.192546 0.233505 0.00106677
0 0.503338 0.181409 0.0233118 0.039362 0.00106383
0 0.392755 0.893869 0.180052 0.178696 0.00106111
0 0.253821 0.972908 0.108507 0.0541837 0.00105555
0 0.48847 0.4596 0.138063 0.31894 0.00105524
0 0.364637 0.910483 0.168162 0.162551 0.0010548
0 0.36344 0.287498 0.211704 0.327868 0.00105389
0 0.791738 0.423071 0.196649 0.157046 0.00105377
0 0.946387 0.764158 0.102469 0.247196 0.00105168
2 0.958298 0.28864 0.0823099 0.416922 0.001047
0 0.324438 0.224418 0.167654 0.245388 0.00104544
0 0.807265 0.148203 0.255743 0.2534 0.00104299
0 0.696516 0.806093 0.0893258 0.0604553 0.00103981
2 0.968934 0.560094 0.0621326 0.236639 0.00103831
1 0.916738 0.060498 0.165807 0.120996 0.00103771
0 0.716386 0.00684094 0.204062 0.0136819 0.00103255
2 0.862673 0.0943935 0.272694 0.188787 0.00103003
0 0.69114 0.935312 0.24752 0.129376 0.00102796
0 0.689793 0.751765 0.136382 0.177047 0.00102515
0 0.8423 0.00486886 0.315401 0.00973773 0.00102307
0 0.24138 0.834758 0.117724 0.0881436 0.00101686
2 0.767888 0.560537 0.158215 0.197828 0.00101605
0 0.135739 0.997166 0.229727 0.0056684 0.00101479
0 0.249862 0.96702 0.241161 0.0659607 0.00101412
0 0.256196 0.908589 0.120332 0.156212 0.00101321
1 0.29875 0.997227 0.208359 0.00554504 0.00101306
0 0.406623 0.117082 0.418956 0.234164 0.0010112
0 0.586598 0.597001 0.0883499 0.0858298 0.00101119
