0 0.490306 0.580361 0.522801 0.327244 0.845634
0 0.425102 0.328521 0.384823 0.213319 0.542751
0 0.49054 0.514236 0.529862 0.468775 0.401593
0 0.423968 0.423948 0.39111 0.400964 0.321763
0 0.404372 0.692552 0.290291 0.109421 0.0867469
0 0.427425 0.710873 0.386711 0.527908 0.0244255
0 0.41835 0.546203 0.387574 0.194452 0.0207448
0 0.43073 0.497319 0.420532 0.551211 0.0197652
0 0.475844 0.718266 0.562715 0.563469 0.0166701
0 0.3689 0.272382 0.279756 0.0903335 0.0154981
0 0.423346 0.287063 0.404801 0.296938 0.0140493
0 0.411587 0.652812 0.34457 0.39661 0.0131931
0 0.501429 0.323985 0.545146 0.224844 0.01218
0 0.513753 0.626477 0.591074 0.392335 0.00883515
0 0.414529 0.654805 0.327458 0.187372 0.00703228
0 0.471216 0.543524 0.511511 0.241052 0.00700345
0 0.406466 0.281421 0.376879 0.110985 0.00659921
0 0.554729 0.701367 0.711209 0.575908 0.00582625
0 0.571469 0.516193 0.711396 0.589027 0.00577908
0 0.158272 0.804066 0.0602698 0.0372841 0.00544728
0 0.427703 0.226035 0.449824 0.435987 0.005166
0 0.545785 0.327796 0.677896 0.262578 0.00506577
0 0.502105 0.69953 0.773387 0.60094 0.00481175
0 0.520601 0.237502 0.598605 0.3745 0.0043342
0 0.405843 0.494623 0.616098 0.551398 0.00429379
0 0.461295 0.337632 0.307065 0.174758 0.00426497
0 0.393894 0.34607 0.787789 0.397665 0.00403062
2 0.390843 0.500977 0.781686 0.597642 0.00392842
0 0.339595 0.274056 0.67919 0.388669 0.00389058
1 0.573323 0.709338 0.824315 0.581324 0.00377036
0 0.412673 0.499252 0.825346 0.615439 0.00376266
2 0.71308 0.868123 0.573841 0.263754 0.00373001
0 0.357903 0.0613426 0.571196 0.118794 0.00372484
0 0.259947 0.0588655 0.519894 0.11557 0.00368162
0 0.408309 0.508856 0.370779 0.114673 0.00355521
2 0.321678 0.22731 0.643356 0.429458 0.00349575
0 0.616121 0.493221 0.764122 0.351846 0.00348594
0 0.342061 0.17771 0.684121 0.355421 0.00348565
0 0.489304 0.058234 0.607015 0.114003 0.00346203
0 0.474167 0.733835 0.948333 0.532331 0.0034225
0 0.0660812 0.0625473 0.132162 0.125095 0.00338922
0 0.641051 0.196527 0.688926 0.373632 0.00334535
2 0.543286 0.82318 0.817192 0.348896 0.00332647
0 0.149679 0.0608225 0.299359 0.121645 0.00328453
0 0.324604 0.267097 0.179557 0.0773233 0.00327707
0 0.806778 0.70637 0.386443 0.535245 0.00324467
0 0.0986554 0.0622641 0.197311 0.124528 0.00324403
0 0.390411 0.350997 0.780822 0.588066 0.00323734
0 0.48772 0.162482 0.65565 0.32365 0.00323467
2 0.533933 0.733133 0.858657 0.526004 0.00322866
0 0.61814 0.602259 0.76372 0.40775 0.00319294
0 0.866918 0.735376 0.266164 0.499158 0.00318179
0 0.559281 0.0606871 0.446727 0.121374 0.00317712
0 0.797086 0.197633 0.405828 0.36113 0.00317108
0 0.638941 0.0612684 0.41758 0.122537 0.00317014
0 0.789691 0.0647786 0.420619 0.125601 0.00316357
0 0.647663 0.057724 0.561669 0.111822 0.00316313
0 0.922048 0.0686624 0.155903 0.137325 0.00316145
0 0.918218 0.150403 0.163563 0.300806 0.00314549
2 0.352061 0.173756 0.704122 0.347512 0.00314285
0 0.501939 0.327507 0.232321 0.186624 0.00313541
0 0.0661743 0.0880534 0.132349 0.169684 0.0031348
0 0.379506 0.575382 0.759012 0.798343 0.00313286
0 0.866799 0.180583 0.266401 0.357491 0.00311841
0 0.727126 0.0616297 0.416933 0.123259 0.00311369
0 0.846955 0.100019 0.30609 0.195941 0.00311092
0 0.336417 0.217932 0.610077 0.435652 0.00309896
0 0.885463 0.213175 0.229074 0.378601 0.0030898
0 0.855016 0.0624768 0.289968 0.124954 0.00308611
0 0.418879 0.667809 0.837758 0.563175 0.00308153
2 0.954826 0.223555 0.0903485 0.398346 0.00307843
0 0.604641 0.629201 0.790718 0.627333 0.00307365
0 0.681082 0.155746 0.637835 0.309791 0.00307348
0 0.913831 0.767836 0.172338 0.425398 0.00305507
0 0.216435 0.178293 0.432871 0.356585 0.00305415
0 0.436158 0.509708 0.435956 0.16118 0.00304895
0 0.947153 0.698498 0.105694 0.52501 0.00303478
0 0.843876 0.632043 0.312247 0.609146 0.00301347
2 0.588533 0.517494 0.822933 0.603609 0.00301146
0 0.911816 0.343535 0.176368 0.447691 0.00300583
0 0.113123 0.610517 0.226246 0.683347 0.00300348
0 0.904438 0.272453 0.191124 0.393362 0.00300337
0 0.941494 0.191205 0.117012 0.37911 0.00299386
0 0.655264 0.421937 0.689472 0.549242 0.00299362
0 0.639706 0.741941 0.720589 0.470317 0.00298788
2 0.903378 0.941165 0.193243 0.11767 0.00297955
0 0.0773769 0.23662 0.154754 0.47324 0.00297557
0 0.0866089 0.361633 0.173218 0.643466 0.00296141
0 0.697052 0.584644 0.110646 0.0664909 0.00296096
0 0.950057 0.391759 0.0998865 0.518644 0.00296009
0 0.601102 0.322071 0.797797 0.446785 0.00295674
0 0.884553 0.459512 0.230894 0.547645 0.00295259
0 0.131369 0.748506 0.262738 0.453777 0.00294813
0 0.614869 0.555111 0.275481 0.137401 0.00292007
0 0.256194 0.6362 0.512387 0.684817 0.00291216
0 0.954208 0.619779 0.0915833 0.577359 0.00291193
0 0.753362 0.337446 0.493277 0.461429 0.00291158
2 0.58835 0.865807 0.616401 0.263366 0.00291013
0 0.232682 0.227475 0.465364 0.454949 0.00290976
0 0.853004 0.500683 0.293992 0.565378 0.00290754
0 0.20088 0.717062 0.401761 0.535322 0.00290467
2 0.082011 0.914776 0.164022 0.170447 0.00288483
2 0.672033 0.236416 0.655934 0.37249 0.00288362
2 0.639126 0.787354 0.721748 0.411005 0.00288138
0 0.952778 0.764241 0.0944439 0.418023 0.00286649
0 0.954944 0.492804 0.0901121 0.514623 0.00286431
0 0.263509 0.294303 0.527018 0.57753 0.00284126
2 0.117907 0.806444 0.235814 0.387113 0.00282012
2 0.45414 0.857698 0.761343 0.279684 0.00281788
2 0.105188 0.848315 0.210377 0.303371 0.00280954
0 0.0971271 0.532771 0.194254 0.703706 0.0028091
0 0.560018 0.471884 0.879964 0.58012 0.00280303
0 0.212571 0.562736 0.425142 0.798781 0.00277305
2 0.339066 0.865234 0.533857 0.266387 0.00277231
0 0.744703 0.82653 0.510593 0.336876 0.00274744
0 0.0891348 0.87896 0.17827 0.242081 0.00273125
2 0.838187 0.89403 0.323625 0.208596 0.00272134
0 0.346889 0.732042 0.682804 0.528057 0.00272083
0 0.864742 0.835493 0.270517 0.320272 0.00272071
2 0.73906 0.914192 0.513731 0.171615 0.00271337
2 0.845431 0.955345 0.309139 0.0893101 0.00270814
2 0.601615 0.897277 0.562045 0.205447 0.00268755
2 0.442499 0.908839 0.677433 0.182323 0.0026857
0 0.258642 0.766132 0.517284 0.455483 0.00267903
2 0.782005 0.936613 0.43599 0.126773 0.0026529
2 0.365508 0.79085 0.719709 0.418301 0.00265176
0 0.218814 0.443124 0.437628 0.717692 0.00265124
0 0.954498 0.829473 0.0910034 0.341054 0.00264118
0 0.362771 0.792243 0.0986282 0.0635193 0.0026362
2 0.949732 0.869878 0.100536 0.260245 0.00262879
2 0.365902 0.926971 0.498118 0.146059 0.00260778
0 0.926029 0.89678 0.147941 0.20644 0.0025911
2 0.280085 0.893205 0.475739 0.211564 0.00256273
2 0.227281 0.4823 0.454562 0.733589 0.00256069
2 0.119669 0.898429 0.239338 0.203141 0.00254427
0 0.354202 0.290039 0.246484 0.128163 0.00249129
2 0.123835 0.868247 0.24767 0.262466 0.00246094
2 0.294149 0.950019 0.440134 0.0999617 0.00240684
2 0.20012 0.869977 0.386633 0.257194 0.0023753
0 0.400494 0.295909 0.435371 0.139376 0.00224021
2 0.210709 0.908522 0.396765 0.182957 0.00218361
2 0.152936 0.922974 0.305872 0.154053 0.0021486
0 0.458441 0.693485 0.170633 0.104642 0.00213889
0 0.531954 0.550533 0.4465 0.18989 0.00209984
2 0.363912 0.792983 0.0985247 0.0679193 0.00208248
0 0.540491 0.462874 0.138871 0.0811285 0.00201854
0 0.457806 0.490123 0.545509 0.140191 0.00186354
0 0.601275 0.526039 0.303763 0.193057 0.00170933
0 0.396019 0.259646 0.339893 0.123496 0.00162101
0 0.424221 0.48002 0.453302 0.117698 0.00152105
0 0.32744 0.294785 0.178901 0.135017 0.00151765
0 0.43599 0.365085 0.352028 0.13072 0.00147976
0 0.223076 0.858569 0.0352015 0.018647 0.0014662
0 0.356705 0.700677 0.191422 0.119384 0.00143336
0 0.345897 0.645116 0.184969 0.182865 0.00142634
0 0.695237 0.573173 0.116033 0.091495 0.00140276
0 0.155646 0.800995 0.0728534 0.0450678 0.00138752
0 0.561684 0.490103 0.339279 0.140601 0.0013301
0 0.343795 0.791859 0.142391 0.0690738 0.00132809
0 0.352746 0.674196 0.19037 0.140095 0.00127702
0 0.387911 0.674426 0.263619 0.129481 0.00127664
0 0.552414 0.580287 0.40383 0.132633 0.00126435
2 0.0543229 0.0261678 0.108646 0.0523356 0.00121856
2 0.0496911 0.143508 0.0993822 0.287016 0.00121337
0 0.361347 0.506299 0.267949 0.0880472 0.00120012
0 0.336677 0.604719 0.184141 0.239672 0.00119954
2 0.642363 0.970176 0.341582 0.0596479 0.00119422
0 0.354485 0.734568 0.184022 0.18367 0.00118443
2 0.865792 0.0528477 0.266222 0.103417 0.00118329
0 0.396536 0.494936 0.338996 0.0919054 0.00118179
0 0.518628 0.468627 0.0969706 0.0867996 0.00116191
2 0.902721 0.0717583 0.194557 0.141089 0.00115992
2 0.0349973 0.168218 0.0699945 0.336435 0.00115866
2 0.268813 0.0121186 0.194554 0.0242371 0.0011497
0 0.640838 0.541058 0.218826 0.155115 0.00114522
2 0.280542 0.962468 0.308708 0.0750644 0.0011438
2 0.308117 0.0490556 0.298053 0.0964247 0.00114062
0 0.509044 0.487171 0.0940971 0.0864842 0.00114042
0 0.264774 0.967801 0.261545 0.0643982 0.00112893
2 0.0869636 0.0531041 0.173927 0.104354 0.00111919
2 0.934827 0.126737 0.130346 0.253474 0.0011073
2 0.0795155 0.0823834 0.159031 0.163018 0.00110578
2 0.0758622 0.0660854 0.151724 0.132171 0.00110212
2 0.98692 0.147968 0.0261595 0.279925 0.00110108
0 0.371335 0.323734 0.282216 0.189967 0.00109722
2 0.517771 0.977273 0.309533 0.0454535 0.00109133
0 0.507686 0.475873 0.0727524 0.0511516 0.00108877
2 0.865196 0.0139208 0.225364 0.0278415 0.00108297
2 0.0369172 0.0510088 0.0738344 0.102018 0.00108263
2 0.904843 0.107887 0.190313 0.215774 0.00108054
2 0.83052 0.0128682 0.231877 0.0257364 0.00107871
0 0.936445 0.885494 0.123508 0.129812 0.00106925
0 0.377672 0.605697 0.274975 0.279578 0.00106779
2 0.694722 0.586759 0.115096 0.0702627 0.00106558
2 0.950355 0.0208142 0.0992892 0.0416284 0.00106315
2 0.941602 0.193881 0.116796 0.343462 0.00105546
2 0.79237 0.0119055 0.23488 0.0238109 0.00105438
0 0.316746 0.942893 0.279208 0.112604 0.00105315
2 0.175094 0.0491682 0.350188 0.0955445 0.00105077
2 0.982 0.202569 0.035999 0.405139 0.00104205
2 0.28887 0.795213 0.246714 0.0889487 0.00104192
0 0.322984 0.514558 0.189195 0.0923654 0.00104174
0 0.344187 0.335389 0.205077 0.195844 0.00103886
2 0.808392 0.0501315 0.333348 0.0971619 0.00103862
0 0.237654 0.983681 0.211309 0.0326388 0.00103821
0 0.34031 0.917485 0.328023 0.16503 0.0010337
0 0.407881 0.786834 0.269663 0.0818836 0.00103149
0 0.268957 0.782004 0.301816 0.102063 0.00103074
2 0.409581 0.805279 0.216578 0.0992616 0.00102789
0 0.403834 0.593148 0.357194 0.313585 0.00102249
2 0.562427 0.974736 0.310942 0.0505276 0.00102209
2 0.0719554 0.0138059 0.143911 0.0276119 0.00102056
0 0.864871 0.633351 0.270258 0.251127 0.00101938
1 0.699176 0.585062 0.100816 0.0660722 0.00101859
2 0.280613 0.271951 0.0880101 0.0463929 0.00101774
2 0.391083 0.979454 0.300584 0.0410919 0.00101385
2 0.0148629 0.190759 0.0297257 0.381518 0.0010122
2 0.214236 0.011518 0.184266 0.0230359 0.00101098
0 0.20018 0.987744 0.199478 0.0245118 0.00100939
2 0.44052 0.982236 0.296604 0.0355277 0.00100706
2 0.940176 0.0814728 0.119648 0.162946 0.00100483
0 0.492018 0.472887 0.0388279 0.0305988 0.00100202
0 0.375795 0.372482 0.219589 0.114184 0.00100195
0 0.592541 0.938824 0.33913 0.121233 0.00100174
2 0.975092 0.111826 0.0498157 0.223652 0.0010005
0 0.428858 0.231881 0.458683 0.194249 0.000997935
2 0.68938 0.618712 0.1359 0.144765 0.000997439
2 0.259727 0.043451 0.259287 0.0836317 0.000994604
2 0.407802 0.8259 0.201502 0.139429 0.00099402
0 0.495933 0.938493 0.192556 0.10678 0.000991706
2 0.355161 0.968214 0.300536 0.0635729 0.000990292
2 0.204847 0.0445698 0.339048 0.0854486 0.000987855
2 0.158735 0.803367 0.0689657 0.0379297 0.000986201
0 0.094184 0.806924 0.188368 0.240419 0.000982211
0 0.0963217 0.910907 0.192643 0.178185 0.000978444
0 0.377455 0.356053 0.243006 0.148633 0.00097601
0 0.518207 0.451922 0.379846 0.0656342 0.000975707
2 0.156901 0.0117587 0.242224 0.0235175 0.000974424
2 0.329539 0.0142584 0.264406 0.0285168 0.000974259
2 0.806554 0.0683797 0.206154 0.133014 0.000974059
1 0.682265 0.586865 0.137049 0.0716011 0.000972615
0 0.328184 0.545578 0.193896 0.16742 0.000971039
2 0.288219 0.0601324 0.221993 0.113308 0.000971036
2 0.359602 0.0515091 0.328749 0.0994624 0.000968611
0 0.585284 0.91543 0.311659 0.166449 0.000964772
2 0.765662 0.0455339 0.259405 0.088857 0.000964276
0 0.167917 0.987235 0.202679 0.0255303 0.000962529
2 0.379484 0.927193 0.29149 0.145614 0.000962245
0 0.382845 0.938505 0.266902 0.12095 0.000956885
2 0.491453 0.0518592 0.345024 0.0996671 0.000956619
0 0.318744 0.481327 0.192147 0.143101 0.0009564
0 0.540212 0.935972 0.23558 0.120877 0.000954825
0 0.52703 0.845612 0.310512 0.171005 0.000952826
0 0.330405 0.746253 0.177641 0.160313 0.000952726
2 0.939932 0.914254 0.120135 0.171293 0.000952086
2 0.909348 0.0393053 0.181304 0.0786106 0.000948556
2 0.753461 0.588972 0.307708 0.165229 0.000946894
2 0.846898 0.0673228 0.255858 0.131049 0.000945009
0 0.520598 0.590241 0.154878 0.110991 0.000944182
2 0.192054 0.793113 0.147333 0.0663357 0.000943688
0 0.244689 0.80401 0.127819 0.130447 0.000942179
2 0.0850135 0.136862 0.170027 0.203946 0.000940956
2 0.935508 0.247611 0.128984 0.354626 0.000940934
2 0.320391 0.549476 0.178177 0.156804 0.000938304
0 0.33262 0.139392 0.0520733 0.0334299 0.000937847
2 0.958864 0.911001 0.0822712 0.177998 0.000937726
0 0.93253 0.877377 0.134701 0.189202 0.000937443
2 0.0254691 0.869174 0.0509381 0.261653 0.000937196
2 0.0883018 0.859859 0.176604 0.232979 0.000937049
0 0.348005 0.367616 0.187969 0.128399 0.000936904
2 0.984315 0.96641 0.0313698 0.0671793 0.000936344
2 0.420894 0.0524626 0.314122 0.100618 0.000935277
0 0.26656 0.743625 0.313507 0.177977 0.000934225
2 0.0268441 0.224599 0.0536882 0.449198 0.000932946
2 0.381618 0.818435 0.164758 0.126171 0.000927451
0 0.152452 0.791927 0.0970748 0.06446 0.000923459
2 0.861743 0.586358 0.276514 0.172915 0.00092314
2 0.952116 0.0988243 0.095767 0.197649 0.000919363
0 0.426571 0.746105 0.378387 0.163617 0.000918092
2 0.102269 0.0130245 0.204537 0.026049 0.000917939
0 0.437348 0.933748 0.269516 0.13086 0.000917261
1 0.662201 0.934155 0.411117 0.131206 0.000916516
0 0.838673 0.579595 0.322654 0.181406 0.000915952
0 0.0956172 0.742864 0.191234 0.293129 0.000915777
2 0.0904255 0.264323 0.180851 0.295355 0.000915579
0 0.28176 0.917398 0.281746 0.162451 0.000915563
0 0.60716 0.0116376 0.246707 0.0232753 0.000915081
2 0.0895225 0.199047 0.179045 0.19606 0.000914997
2 0.0939271 0.36806 0.187854 0.257155 0.000913677
0 0.339361 0.253511 0.206255 0.101147 0.00091312
0 0.684139 0.0115112 0.235494 0.0230225 0.000911705
2 0.0360852 0.286529 0.0721704 0.571488 0.00091166
0 0.683711 0.637907 0.180042 0.163706 0.000911336
0 0.377505 0.702651 0.359134 0.0956129 0.000908887
0 0.282841 0.784725 0.264922 0.0808212 0.000908121
2 0.989663 0.401992 0.0206746 0.231034 0.000907218
2 0.132839 0.0727611 0.265677 0.141717 0.000906895
0 0.156396 0.790914 0.0663228 0.0630444 0.000905791
0 0.467868 0.841457 0.364704 0.19423 0.000902594
0 0.528971 0.0117222 0.243953 0.0234444 0.000902429
