1 0.499049 0.49311 0.601295 0.841107 0.789001
1 0.500269 0.766055 0.998049 0.46789 0.543418
1 0.408552 0.495499 0.817104 0.846228 0.299457
1 0.455474 0.578386 0.467531 0.589454 0.0350293
2 0.797444 0.871078 0.405028 0.257844 0.034853
2 0.791238 0.948155 0.416326 0.103091 0.0338079
1 0.466253 0.825107 0.9039 0.349786 0.0199867
1 0.444923 0.733467 0.445859 0.269572 0.0189643
1 0.742551 0.966632 0.511747 0.0667368 0.015939
1 0.565477 0.765214 0.700693 0.469573 0.0146902
1 0.391924 0.282626 0.783849 0.561051 0.0119595
1 0.817351 0.812467 0.363685 0.375065 0.0108125
2 0.438224 0.0597699 0.876448 0.117322 0.0107735
1 0.558689 0.878431 0.877905 0.243139 0.0105865
1 0.594002 0.73277 0.797209 0.534461 0.0105639
1 0.40629 0.064204 0.791835 0.128408 0.0102103
1 0.890866 0.4651 0.218267 0.907575 0.00972805
1 0.801575 0.512374 0.39685 0.939175 0.0094478
1 0.936883 0.452401 0.126234 0.879965 0.00915402
1 0.73951 0.91682 0.519867 0.166361 0.0091015
1 0.928838 0.632914 0.141268 0.734172 0.00908582
1 0.637171 0.605869 0.720179 0.788262 0.00892105
1 0.646567 0.95326 0.697617 0.0934798 0.00880421
1 0.947122 0.321945 0.105757 0.643891 0.0083111
2 0.435453 0.306262 0.870905 0.612525 0.00825698
1 0.340142 0.0524358 0.675608 0.104872 0.0076748
1 0.161192 0.0497176 0.321801 0.0991783 0.0068653
1 0.902885 0.758646 0.194229 0.482709 0.00652985
1 0.445553 0.785971 0.452905 0.154939 0.00650689
1 0.223926 0.0438493 0.447331 0.0874324 0.0063322
1 0.718238 0.468983 0.553349 0.902102 0.00586378
1 0.856351 0.713242 0.28335 0.573516 0.00576144
1 0.434851 0.161457 0.86859 0.321506 0.00574972
2 0.495357 0.308606 0.619766 0.595091 0.00572902
1 0.114345 0.0630781 0.228689 0.124742 0.00537317
1 0.947585 0.218384 0.10483 0.428825 0.00512949
1 0.387834 0.752565 0.775668 0.494869 0.00511036
1 0.625434 0.0632056 0.559342 0.126411 0.00506679
1 0.0717776 0.0911676 0.143555 0.178276 0.00479114
1 0.726338 0.79895 0.547324 0.4021 0.00474266
1 0.936052 0.268666 0.126015 0.526001 0.00453287
1 0.713956 0.066081 0.492647 0.132162 0.00445683
1 0.727903 0.948514 0.450944 0.10108 0.004425
1 0.558845 0.63674 0.700654 0.726521 0.0044052
1 0.360278 0.715222 0.681843 0.301037 0.0041533
0 0.769957 0.947804 0.413139 0.102385 0.00414932
2 0.469561 0.205724 0.939122 0.408748 0.0040397
1 0.787698 0.381466 0.413125 0.762932 0.0038902
1 0.361082 0.707802 0.702196 0.426311 0.00378987
0 0.893647 0.182504 0.210073 0.365009 0.00363945
1 0.690366 0.684931 0.619268 0.630139 0.00358681
2 0.391889 0.728788 0.783778 0.542423 0.00358092
0 0.826502 0.116562 0.344779 0.23055 0.00356176
1 0.319882 0.449082 0.639764 0.898163 0.00355406
0 0.893339 0.0831658 0.213322 0.166332 0.00346833
1 0.336971 0.202983 0.673943 0.399928 0.00339822
2 0.467472 0.779875 0.934944 0.440251 0.00338865
0 0.676731 0.0607267 0.646352 0.119804 0.0033877
2 0.571168 0.22276 0.469688 0.397563 0.00337926
0 0.828759 0.0756128 0.333306 0.151226 0.00337144
1 0.344097 0.652469 0.684814 0.695061 0.00331433
2 0.603289 0.321424 0.405157 0.582244 0.00328825
1 0.818943 0.235223 0.356465 0.465436 0.00325512
0 0.81459 0.942552 0.291262 0.113067 0.00324527
2 0.555626 0.227838 0.709765 0.455677 0.00316997
0 0.689942 0.201956 0.617587 0.401108 0.00310683
1 0.0650465 0.188137 0.128005 0.365963 0.00309684
1 0.800584 0.945175 0.398832 0.10965 0.00305731
1 0.210665 0.495942 0.421331 0.884623 0.00297923
0 0.585212 0.21991 0.820408 0.437151 0.00282936
2 0.53273 0.284831 0.537789 0.469279 0.0027631
0 0.398962 0.944213 0.795323 0.111574 0.00271583
0 0.0744125 0.528423 0.148825 0.880594 0.00270471
2 0.665569 0.262158 0.656216 0.521046 0.00269575
0 0.0972272 0.124988 0.192168 0.24955 0.00269518
1 0.228262 0.133195 0.454489 0.263728 0.00269023
1 0.606356 0.474212 0.494025 0.845965 0.00265944
1 0.180472 0.176051 0.357103 0.342782 0.00263445
1 0.1947 0.2794 0.389401 0.558801 0.00263407
1 0.0593253 0.326189 0.115741 0.630605 0.00262051
0 0.0605328 0.445288 0.120726 0.81984 0.00261633
0 0.0803758 0.157342 0.156396 0.308632 0.00259955
1 0.269329 0.56964 0.538658 0.81116 0.00258617
0 0.339855 0.973499 0.677689 0.0530024 0.00250808
2 0.173397 0.73286 0.345681 0.534281 0.00250707
0 0.0735184 0.731268 0.143822 0.537464 0.00250006
0 0.600856 0.459464 0.413819 0.82893 0.00248176
0 0.122635 0.523022 0.245271 0.893558 0.00240952
2 0.0644033 0.834672 0.127309 0.327172 0.00232867
2 0.106178 0.453633 0.212357 0.900161 0.00232725
2 0.11103 0.696237 0.22021 0.607527 0.00231992
0 0.0744233 0.947203 0.148847 0.105594 0.00231253
2 0.113741 0.880644 0.226772 0.238713 0.00228845
2 0.155284 0.937741 0.308966 0.121172 0.00228843
2 0.101495 0.803551 0.2005 0.392899 0.00228721
0 0.072087 0.34952 0.139898 0.655521 0.00227884
2 0.207079 0.896575 0.414157 0.204608 0.0022765
0 0.207734 0.974743 0.408402 0.0493381 0.00227477
0 0.109953 0.62112 0.214984 0.733754 0.00226657
0 0.749847 0.940181 0.32055 0.11871 0.00224019
0 0.09028 0.442415 0.18056 0.867243 0.00223102
0 0.121136 0.971646 0.242271 0.0560787 0.00204533
2 0.817988 0.957229 0.364025 0.0855422 0.00189071
2 0.553637 0.438345 0.500924 0.697242 0.00173434
2 0.158452 0.0733414 0.316904 0.146683 0.00161208
0 0.917806 0.884346 0.164388 0.231307 0.00154835
0 0.940105 0.883283 0.11979 0.233434 0.00151216
2 0.975231 0.195312 0.049539 0.37358 0.00150786
2 0.0621518 0.120555 0.122483 0.24111 0.00148523
1 0.195863 0.948304 0.391727 0.102697 0.00147003
1 0.472753 0.183994 0.330215 0.229239 0.00144462
2 0.944227 0.140394 0.111545 0.280788 0.00141226
2 0.970807 0.14522 0.0583856 0.290441 0.0014087
0 0.889263 0.887562 0.221474 0.224875 0.00139284
1 0.859412 0.891893 0.281176 0.216214 0.00139141
0 0.397578 0.11072 0.214164 0.218681 0.00137582
2 0.930067 0.078934 0.139865 0.157478 0.00135986
0 0.0580086 0.0449567 0.116017 0.0899135 0.00135683
2 0.060829 0.168897 0.120583 0.337794 0.00135046
2 0.0692344 0.0756142 0.13691 0.151228 0.00134912
2 0.0538881 0.0856968 0.106111 0.171394 0.00132767
1 0.162487 0.09636 0.324974 0.191083 0.00128657
0 0.561694 0.147959 0.333925 0.141991 0.00128605
0 0.379634 0.717682 0.294121 0.302097 0.0012855
1 0.144005 0.932214 0.28801 0.135571 0.00128441
0 0.301752 0.0800248 0.402499 0.159526 0.00126499
1 0.15418 0.955961 0.308361 0.0880781 0.00125203
0 0.691379 0.913961 0.340948 0.172079 0.0012428
2 0.936548 0.0175677 0.126904 0.0351354 0.00123528
2 0.194224 0.958435 0.388449 0.0831298 0.00121153
0 0.677237 0.0148854 0.276799 0.029698 0.00120717
2 0.921059 0.0490877 0.157883 0.0978227 0.00120609
2 0.0770883 0.0563334 0.154177 0.112367 0.00120497
2 0.97113 0.606708 0.0577398 0.464609 0.00119673
0 0.383306 0.0795811 0.228352 0.158482 0.00119393
0 0.553284 0.0169773 0.296306 0.0336514 0.00119235
2 0.0580563 0.031733 0.115576 0.063466 0.00117868
0 0.544886 0.115569 0.406589 0.197668 0.00117053
0 0.266056 0.0439555 0.481474 0.0879109 0.00116564
2 0.0737715 0.104883 0.147485 0.209766 0.00115608
2 0.970189 0.768367 0.0596225 0.316223 0.00115455
0 0.073584 0.0224064 0.147168 0.0448129 0.00115273
0 0.627884 0.0163077 0.284227 0.0324219 0.00114687
2 0.97017 0.250937 0.0596591 0.48739 0.00114307
0 0.744804 0.0136632 0.255814 0.0273264 0.00114298
1 0.905081 0.13263 0.189839 0.265261 0.00114249
0 0.675057 0.932197 0.470361 0.132272 0.00113701
0 0.823522 0.0147051 0.278142 0.0293919 0.00113262
0 0.600847 0.108506 0.293749 0.208467 0.00113257
2 0.0531379 0.218445 0.104135 0.436891 0.00112257
0 0.296612 0.0140128 0.299507 0.0279011 0.00112093
0 0.502389 0.0173644 0.303714 0.0346121 0.00110847
1 0.872467 0.0552156 0.253787 0.110431 0.00110624
2 0.105248 0.925611 0.210495 0.148778 0.00110585
0 0.106818 0.0182392 0.213635 0.0364783 0.00109934
2 0.266657 0.960127 0.533314 0.0797464 0.00109545
2 0.934874 0.200991 0.129163 0.401982 0.00109261
0 0.484804 0.544704 0.356296 0.304992 0.00108673
0 0.848919 0.918255 0.302162 0.16349 0.00108406
2 0.388713 0.962935 0.580858 0.0741308 0.00107749
0 0.438759 0.115863 0.233248 0.229368 0.00107527
1 0.0998009 0.923021 0.193806 0.153957 0.00107374
0 0.958484 0.836372 0.0830327 0.240188 0.00107213
0 0.901894 0.0160931 0.19229 0.0321861 0.00107105
2 0.955985 0.866877 0.0880304 0.217896 0.00106861
2 0.16625 0.0568586 0.3325 0.113717 0.00105874
1 0.945038 0.568313 0.108542 0.417664 0.00105758
0 0.801824 0.927545 0.251409 0.14491 0.00105451
0 0.321575 0.709936 0.184929 0.355838 0.00105069
0 0.956905 0.869922 0.08619 0.260156 0.00105041
2 0.0411314 0.149272 0.0806029 0.288422 0.00104999
0 0.500276 0.115461 0.35767 0.230922 0.00104489
0 0.480349 0.430665 0.334823 0.221351 0.00104455
0 0.520071 0.0943464 0.53757 0.188693 0.00104131
0 0.617491 0.901752 0.437018 0.196495 0.00103987
1 0.347254 0.122979 0.31811 0.245125 0.00103757
1 0.533726 0.184227 0.332869 0.223266 0.00102865
0 0.220364 0.0148707 0.394825 0.0294349 0.00102472
1 0.431738 0.156659 0.271812 0.238639 0.00102464
0 0.693337 0.0402513 0.396518 0.0805025 0.00102012
2 0.51692 0.959131 0.743386 0.0817371 0.0010193
2 0.0602368 0.168256 0.120454 0.217221 0.00101928
1 0.514482 0.952464 0.674093 0.0950726 0.0010153
1 0.648735 0.921263 0.441275 0.153751 0.00101053
0 0.211821 0.0573194 0.423642 0.114639 0.00100901
2 0.971526 0.351309 0.0567453 0.473966 0.00100849
0 0.957337 0.78024 0.0853263 0.25572 0.00100283
2 0.0580042 0.290679 0.115155 0.559881 0.000999318
0 0.379406 0.297059 0.210957 0.373669 0.000995626
0 0.463039 0.508109 0.290662 0.308298 0.000989106
0 0.738257 0.902299 0.306712 0.195402 0.000986284
0 0.445503 0.65049 0.412306 0.296532 0.000985784
0 0.5141 0.0482029 0.699563 0.0964059 0.000983492
0 0.526058 0.86136 0.479251 0.27728 0.000977657
1 0.115017 0.906692 0.230035 0.184964 0.000976312
0 0.461311 0.612645 0.364667 0.266064 0.000975635
1 0.597367 0.879201 0.486959 0.241597 0.000975086
0 0.483842 0.549317 0.295926 0.244225 0.000968103
0 0.160683 0.0155182 0.321366 0.0306933 0.000967764
0 0.948923 0.761138 0.101582 0.402693 0.000959536
0 0.496292 0.143431 0.419552 0.147684 0.000958843
0 0.384488 0.0149753 0.258459 0.0299506 0.000956349
0 0.437127 0.571225 0.356695 0.214387 0.000953601
1 0.400584 0.202821 0.219311 0.225612 0.00095323
0 0.038523 0.0832605 0.0752515 0.166521 0.000947616
0 0.803545 0.0451822 0.392909 0.0903643 0.000947287
0 0.241508 0.186737 0.427534 0.305383 0.000943934
1 0.262018 0.951497 0.524036 0.0970051 0.000943235
2 0.0874077 0.868376 0.174815 0.263247 0.000941564
2 0.963739 0.540753 0.0725219 0.377545 0.000940605
1 0.854215 0.134731 0.29157 0.269461 0.00093773
0 0.31476 0.665043 0.190169 0.237771 0.000936165
2 0.967308 0.41442 0.0650313 0.478823 0.000936023
0 0.433687 0.0167002 0.306575 0.0334003 0.000934315
2 0.908451 0.166116 0.183097 0.332231 0.000934105
0 0.628651 0.132148 0.237119 0.183279 0.000930947
2 0.212276 0.168122 0.424213 0.298928 0.000923492
0 0.320793 0.308858 0.354345 0.358263 0.000920788
0 0.854403 0.849261 0.270264 0.293655 0.000920381
2 0.0759344 0.776239 0.151869 0.447522 0.000920286
1 0.213041 0.934828 0.426083 0.130343 0.000918378
0 0.61941 0.042286 0.531612 0.084572 0.000914597
0 0.325935 0.644722 0.174884 0.186002 0.000912405
0 0.37786 0.876164 0.45126 0.247671 0.000906948
0 0.400734 0.372229 0.188968 0.33853 0.000906902
2 0.0728275 0.18956 0.145563 0.219904 0.000906719
0 0.778428 0.125919 0.331398 0.251838 0.000905925
0 0.664327 0.0569362 0.386145 0.113872 0.000905906
0 0.463593 0.876174 0.488223 0.247651 0.000905856
0 0.22905 0.0874547 0.4581 0.174909 0.000904595
0 0.42578 0.089578 0.306491 0.178377 0.000904204
0 0.299459 0.877894 0.505309 0.244212 0.000901873
0 0.409266 0.154382 0.234014 0.285357 0.000901322
2 0.253403 0.891084 0.492582 0.217832 0.000901038
1 0.101815 0.880607 0.201548 0.238786 0.000895427
0 0.96417 0.451609 0.0716459 0.453672 0.000894871
0 0.818005 0.187981 0.36399 0.323747 0.00089198
1 0.478886 0.885004 0.552316 0.229993 0.000891787
0 0.948795 0.82406 0.101211 0.35188 0.000891324
2 0.0577861 0.660987 0.115316 0.5978 0.000890272
0 0.744765 0.748216 0.415993 0.28975 0.000890251
0 0.861063 0.794094 0.265161 0.270931 0.000889413
0 0.341331 0.308759 0.370117 0.273681 0.000889103
2 0.0448708 0.461431 0.0890098 0.602933 0.000887594
2 0.0653496 0.225798 0.129776 0.361446 0.000885718
0 0.100023 0.856403 0.198024 0.287193 0.000883912
0 0.412789 0.828882 0.422016 0.293029 0.000883541
2 0.0510157 0.195626 0.100639 0.291159 0.00088272
0 0.260601 0.280546 0.365311 0.437924 0.000882001
0 0.129759 0.875239 0.259517 0.249522 0.000880548
2 0.164722 0.313997 0.329444 0.405132 0.00088
0 0.416311 0.553615 0.285824 0.194935 0.000877544
2 0.214471 0.267117 0.428941 0.371737 0.000875245
2 0.0753767 0.358243 0.150686 0.599372 0.000874631
0 0.76504 0.838939 0.333833 0.322121 0.000874366
0 0.429765 0.0606729 0.620077 0.121344 0.000874359
2 0.0598871 0.434788 0.119363 0.605367 0.000874284
0 0.0964669 0.70551 0.19161 0.393565 0.000872383
0 0.822689 0.821572 0.288291 0.316604 0.000866892
2 0.784792 0.481448 0.430416 0.389666 0.000866847
0 0.717386 0.864895 0.318035 0.27021 0.000865067
0 0.171832 0.295779 0.343664 0.420298 0.000864618
2 0.0879499 0.815303 0.1759 0.369393 0.00086354
0 0.657524 0.114523 0.228832 0.21691 0.000862456
2 0.174865 0.162954 0.34973 0.208631 0.000860466
2 0.723004 0.0572035 0.306753 0.114407 0.000859813
0 0.0943274 0.769381 0.18725 0.32695 0.000858964
0 0.814078 0.66697 0.338808 0.250359 0.000858959
0 0.27389 0.854686 0.511955 0.290629 0.00085888
0 0.272627 0.60716 0.251801 0.291587 0.000858031
2 0.258149 0.936898 0.516297 0.126204 0.000857967
0 0.20822 0.880395 0.416441 0.239211 0.000857497
2 0.0952226 0.264952 0.189621 0.389564 0.000857411
2 0.855146 0.493383 0.289709 0.297582 0.000856095
0 0.382211 0.181208 0.239539 0.235487 0.000854526
0 0.198443 0.164525 0.396886 0.212259 0.000854242
0 0.374161 0.819537 0.283966 0.256654 0.000854229
0 0.745764 0.0995124 0.302047 0.197196 0.000852705
0 0.685539 0.842701 0.417149 0.314598 0.000851761
2 0.365168 0.839353 0.534024 0.321293 0.000851597
1 0.936335 0.361781 0.125988 0.498256 0.000851239
0 0.685747 0.781477 0.476021 0.32219 0.000850838
0 0.821297 0.72426 0.305062 0.257371 0.000850334
0 0.112526 0.695778 0.225051 0.297919 0.000850144
1 0.831131 0.0668295 0.333313 0.133659 0.000849781
0 0.782247 0.0854763 0.245432 0.169593 0.000849086
2 0.159525 0.587901 0.31 0.350756 0.000848879
0 0.112078 0.898591 0.224157 0.202818 0.00084661
0 0.244269 0.528609 0.205441 0.204138 0.000846073
0 0.380332 0.589037 0.253497 0.129925 0.000845577
0 0.237915 0.316847 0.197374 0.17734 0.000843798
0 0.35814 0.383268 0.260942 0.426439 0.000842765
1 0.917663 0.541986 0.164674 0.346121 0.000841907
0 0.937302 0.310562 0.125396 0.250005 0.000841456
1 0.383952 0.954399 0.658438 0.0912014 0.000840578
0 0.159464 0.913177 0.318927 0.173646 0.000839629
0 0.418525 0.751219 0.383695 0.236045 0.000839509
0 0.584842 0.522599 0.329048 0.315751 0.000839177
2 0.11592 0.226238 0.231841 0.282693 0.000838577
0 0.756003 0.706224 0.367609 0.26081 0.00083646
