2 0.55153 0.566206 0.437573 0.315433 0.996579
0 0.314848 0.269468 0.0962555 0.067927 0.580707
0 0.412213 0.20916 0.134937 0.107634 0.541302
0 0.971503 0.539279 0.0569937 0.0575493 0.373538
0 0.412552 0.190626 0.125179 0.0725474 0.0499816
0 0.0604671 0.136356 0.120934 0.266124 0.0488423
0 0.0583425 0.0823146 0.116612 0.149241 0.0446724
0 0.409779 0.170696 0.137759 0.1493 0.0401186
0 0.358289 0.178047 0.266534 0.229342 0.0397204
0 0.360388 0.220816 0.250178 0.152255 0.0344565
0 0.429962 0.119603 0.0432339 0.033456 0.0306227
0 0.97331 0.82476 0.0533805 0.07542 0.0257562
0 0.964249 0.828182 0.0715023 0.0955766 0.0245428
0 0.363388 0.247632 0.199957 0.115934 0.0231854
0 0.0818762 0.0953862 0.163752 0.190202 0.0180753
0 0.847298 0.882389 0.303783 0.233381 0.0178046
0 0.934262 0.840799 0.130524 0.115369 0.0175386
0 0.434979 0.130264 0.0678322 0.0656746 0.0156423
0 0.39213 0.210326 0.0922394 0.112241 0.012875
0 0.770627 0.825262 0.0748589 0.0441803 0.0115368
2 0.41091 0.202458 0.133151 0.0994895 0.0114222
0 0.940777 0.858899 0.118447 0.160039 0.0112395
2 0.552229 0.51435 0.439004 0.210814 0.0112267
0 0.96703 0.844159 0.0648839 0.103503 0.0110535
0 0.357651 0.188287 0.252881 0.163959 0.0104141
0 0.885672 0.952515 0.183087 0.0944993 0.0103505
0 0.979331 0.818606 0.0412418 0.0579101 0.0102942
0 0.982999 0.787732 0.0340017 0.124843 0.0102923
0 0.449096 0.180838 0.0657101 0.0615218 0.0100673
0 0.31514 0.258441 0.0911517 0.0470216 0.0100667
0 0.282214 0.149821 0.558532 0.299642 0.0094844
0 0.387478 0.192546 0.0749788 0.0688604 0.00919306
0 0.29597 0.165372 0.482258 0.24633 0.00871206
0 0.973998 0.793224 0.051987 0.154035 0.00827116
0 0.906065 0.870066 0.187178 0.259868 0.00790668
0 0.984837 0.815706 0.0294161 0.048702 0.00760418
0 0.152671 0.09453 0.296164 0.185474 0.00746129
2 0.54823 0.639408 0.475867 0.451904 0.00744569
2 0.619432 0.566506 0.628403 0.318397 0.00740372
0 0.393655 0.168084 0.417316 0.236338 0.00723619
0 0.42048 0.178993 0.128712 0.0928284 0.00720586
2 0.580565 0.598951 0.383992 0.256049 0.00716802
0 0.92189 0.890676 0.156219 0.218648 0.00694506
0 0.889875 0.56395 0.0361574 0.0198601 0.00677582
0 0.972059 0.512486 0.0556943 0.113622 0.00662521
0 0.298474 0.258769 0.0613225 0.0452608 0.00647704
0 0.289806 0.211862 0.579612 0.423724 0.00613972
0 0.987481 0.804745 0.0250388 0.043644 0.00593713
1 0.0637857 0.270449 0.124017 0.538502 0.00587197
0 0.854734 0.81484 0.287585 0.37032 0.00584158
0 0.362393 0.166572 0.509156 0.283993 0.00582952
0 0.394984 0.130191 0.580992 0.258225 0.0056488
0 0.308466 0.275815 0.109005 0.0931957 0.00549883
0 0.919619 0.81332 0.159129 0.373003 0.00510707
2 0.482063 0.681969 0.599517 0.5469 0.00488945
0 0.279562 0.2691 0.184805 0.0702885 0.00486558
0 0.0368996 0.849439 0.0715136 0.301121 0.00481632
2 0.452497 0.477984 0.660626 0.215833 0.0047468
0 0.354789 0.316304 0.709579 0.632607 0.00466033
0 0.757098 0.825926 0.105329 0.045228 0.00454117
1 0.371738 0.347468 0.743475 0.694936 0.00447134
0 0.970222 0.558635 0.0595551 0.106747 0.0044635
0 0.0512642 0.0544492 0.102528 0.0931046 0.00445732
2 0.636533 0.584297 0.726933 0.370153 0.00442834
2 0.738761 0.88904 0.513926 0.22192 0.00439853
0 0.951308 0.552469 0.0958224 0.40366 0.00439635
0 0.422472 0.235426 0.118945 0.0756693 0.00437022
0 0.776437 0.835793 0.447126 0.326923 0.00428783
0 0.943897 0.496184 0.112046 0.156009 0.0042592
0 0.0654871 0.379466 0.130974 0.758931 0.00418967
2 0.603539 0.48309 0.547434 0.192152 0.00415794
2 0.569274 0.878017 0.861453 0.243966 0.00411171
0 0.758778 0.885687 0.473982 0.228627 0.00406187
0 0.229986 0.100372 0.459972 0.199319 0.00400967
2 0.467192 0.522561 0.896124 0.424771 0.00397305
0 0.842725 0.941545 0.269179 0.115416 0.0039682
1 0.0494892 0.896964 0.0988887 0.206073 0.00391022
1 0.928369 0.743034 0.139769 0.482565 0.00388371
0 0.930537 0.56338 0.138692 0.437456 0.00384029
0 0.37592 0.191699 0.0542319 0.0627801 0.0038382
2 0.504824 0.32852 0.85875 0.374411 0.00378999
2 0.433036 0.438257 0.866072 0.413467 0.00376722
0 0.383513 0.0607768 0.419755 0.121554 0.0037125
0 0.0729998 0.858733 0.144884 0.282535 0.00366021
2 0.586136 0.365491 0.612612 0.351984 0.00365109
0 0.471368 0.222492 0.892597 0.377159 0.00365066
0 0.320515 0.266523 0.0746868 0.0601353 0.00364135
0 0.180025 0.0701485 0.36005 0.140297 0.00364015
0 0.932365 0.545399 0.135271 0.0582768 0.00362208
0 0.363267 0.28169 0.642417 0.199395 0.00360681
0 0.0469184 0.785836 0.0938369 0.414894 0.00359708
0 0.0805153 0.816946 0.161031 0.364049 0.00359457
0 0.906079 0.746935 0.187841 0.502443 0.00356096
2 0.483868 0.394321 0.629321 0.412587 0.00353169
0 0.949552 0.655927 0.0999645 0.400501 0.00350078
2 0.595755 0.703258 0.808491 0.577015 0.00349016
2 0.462623 0.263157 0.925245 0.366516 0.00343977
0 0.383396 0.313088 0.766792 0.365893 0.00343424
2 0.409443 0.275987 0.774259 0.231811 0.00341352
2 0.693075 0.813769 0.61385 0.368543 0.00337828
0 0.182765 0.859033 0.365529 0.281933 0.00337701
2 0.573379 0.802695 0.853242 0.389231 0.00337698
0 0.929961 0.805929 0.138409 0.159934 0.00337663
0 0.889035 0.563826 0.0382019 0.0303513 0.00337518
0 0.254263 0.0669422 0.498254 0.133884 0.00337089
2 0.439537 0.693967 0.879074 0.582065 0.00336385
2 0.208506 0.783621 0.417012 0.404907 0.00333447
0 0.380418 0.403292 0.760836 0.806583 0.00333275
0 0.917017 0.675091 0.165721 0.45582 0.00332123
0 0.390667 0.226876 0.0858373 0.074712 0.00329519
2 0.57283 0.849066 0.742761 0.301867 0.00329273
0 0.198992 0.808332 0.397984 0.383165 0.00329154
2 0.547606 0.873176 0.615576 0.253648 0.00324512
0 0.106883 0.786429 0.213766 0.398668 0.00323033
0 0.937389 0.487299 0.121203 0.512626 0.00322884
1 0.0606978 0.393878 0.121396 0.784111 0.00322853
2 0.73347 0.349034 0.533059 0.384533 0.0032285
2 0.427147 0.860617 0.548166 0.278766 0.00322035
2 0.636252 0.276625 0.658806 0.362619 0.00321752
0 0.670855 0.188926 0.605554 0.365716 0.00320636
2 0.41986 0.8899 0.412229 0.220199 0.00319392
2 0.548766 0.903506 0.56674 0.192989 0.00318846
0 0.414278 0.180144 0.0906601 0.0440202 0.00318035
2 0.177367 0.913102 0.346023 0.173795 0.00316735
0 0.697562 0.763831 0.604876 0.472337 0.0031644
0 0.325499 0.232193 0.128062 0.149821 0.00314733
0 0.202372 0.701616 0.404745 0.513648 0.00314414
2 0.119596 0.753794 0.229989 0.413795 0.00314399
0 0.0435255 0.720786 0.087051 0.466151 0.00311894
2 0.470471 0.285746 0.940942 0.510304 0.00311742
2 0.443738 0.938712 0.388439 0.122575 0.00311521
0 0.51675 0.0813841 0.686203 0.159936 0.00310715
2 0.656555 0.448157 0.686891 0.34513 0.00310303
0 0.0748601 0.400282 0.14972 0.800563 0.00309652
2 0.352073 0.894988 0.446616 0.210023 0.00309478
0 0.209276 0.572713 0.418551 0.485158 0.0030789
2 0.337392 0.782459 0.674784 0.410126 0.00307477
0 0.391643 0.549583 0.783286 0.425872 0.00305042
2 0.689953 0.396067 0.620095 0.375828 0.00304756
0 0.400371 0.692375 0.800743 0.502443 0.00303957
2 0.403842 0.620795 0.803301 0.445099 0.00302592
2 0.10541 0.897678 0.21082 0.204645 0.00302105
0 0.917019 0.0666518 0.165961 0.133304 0.00301235
0 0.792819 0.356935 0.414362 0.462732 0.00299433
0 0.508664 0.0600442 0.421657 0.120088 0.00299258
0 0.756357 0.291774 0.487286 0.375359 0.00299106
1 0.641604 0.551834 0.716792 0.504197 0.00297323
2 0.297519 0.868717 0.530389 0.262566 0.00295789
0 0.824437 0.301796 0.351127 0.435708 0.00295695
0 0.464316 0.268762 0.928633 0.525876 0.00295554
2 0.373639 0.953517 0.380112 0.0929651 0.00293797
0 0.0450927 0.644797 0.0901854 0.53035 0.00293701
0 0.768816 0.194356 0.462368 0.354624 0.00292559
0 0.535353 0.167518 0.866471 0.33405 0.00290966
0 0.414269 0.408136 0.828538 0.567805 0.00290602
2 0.317107 0.95111 0.3933 0.09778 0.00289848
2 0.0980428 0.698921 0.196048 0.490656 0.00289683
0 0.225239 0.89338 0.424022 0.21324 0.00288696
0 0.434546 0.678072 0.869093 0.643856 0.00288494
0 0.694747 0.482116 0.610506 0.519214 0.0028845
0 0.257302 0.450374 0.514605 0.624237 0.00288225
0 0.950099 0.81651 0.0998028 0.121885 0.00287373
0 0.845674 0.0583337 0.301229 0.116667 0.0028429
0 0.746812 0.41101 0.506376 0.505065 0.00283624
2 0.553962 0.747206 0.82424 0.505589 0.00283288
2 0.232602 0.94046 0.397142 0.11908 0.00282896
0 0.913398 0.135266 0.173204 0.270532 0.00281939
2 0.438622 0.778082 0.726851 0.443836 0.00281725
2 0.941112 0.217201 0.117776 0.404119 0.00281012
0 0.785229 0.822867 0.0432177 0.0314861 0.00280918
0 0.673696 0.0592446 0.586375 0.113532 0.00280694
0 0.580169 0.0580721 0.435038 0.116144 0.00278432
2 0.9382 0.351295 0.123601 0.551461 0.00273297
0 0.846469 0.0880223 0.307062 0.171239 0.0027283
0 0.0533034 0.425765 0.106607 0.746184 0.00272789
0 0.666146 0.0572672 0.40758 0.114534 0.00272218
0 0.80459 0.062556 0.39082 0.120981 0.00271895
0 0.971499 0.828707 0.0570012 0.18144 0.00271667
0 0.909178 0.416577 0.181645 0.54373 0.00269492
2 0.0964014 0.585654 0.192803 0.494468 0.00269451
0 0.0461313 0.498971 0.0922626 0.648284 0.00269078
0 0.741847 0.0568005 0.401517 0.113601 0.00268349
0 0.885674 0.899669 0.228652 0.200661 0.00267359
0 0.903764 0.305767 0.190325 0.466603 0.0026722
0 0.866536 0.173318 0.266927 0.339853 0.00266825
0 0.818717 0.16487 0.362565 0.321246 0.00265352
0 0.375003 0.158346 0.230623 0.184763 0.00264086
0 0.933223 0.182319 0.133554 0.362619 0.00261512
2 0.0877995 0.47025 0.175599 0.609924 0.00257584
2 0.314178 0.26533 0.0911229 0.065203 0.00256658
0 0.935176 0.559776 0.127847 0.122847 0.00255711
2 0.0197777 0.894453 0.0374294 0.153134 0.00247615
0 0.4289 0.11789 0.0519942 0.041014 0.00231564
0 0.428303 0.107821 0.0754596 0.0575738 0.00219759
0 0.432946 0.246235 0.0835233 0.0493802 0.00219115
0 0.355156 0.263478 0.18236 0.0774692 0.00214454
0 0.929875 0.818913 0.139823 0.108867 0.00212787
0 0.427104 0.12375 0.0434359 0.0446893 0.00211563
0 0.988 0.766073 0.0239991 0.123495 0.00210864
0 0.425264 0.24133 0.0690178 0.044174 0.00210426
0 0.314631 0.21373 0.136028 0.187609 0.00207482
0 0.421942 0.194292 0.13272 0.14471 0.00207442
1 0.0226973 0.918015 0.0436499 0.149304 0.00205084
0 0.0177435 0.90419 0.0354122 0.0461613 0.00204502
0 0.970944 0.539125 0.0581124 0.0838953 0.00196965
0 0.760005 0.843969 0.120632 0.0842514 0.00196823
0 0.0708104 0.0471117 0.141621 0.0881178 0.001897
1 0.0554145 0.932619 0.109646 0.132329 0.00185585
0 0.418735 0.0972537 0.138989 0.0840434 0.00184074
0 0.887423 0.958604 0.135319 0.0820946 0.00182967
2 0.515557 0.541599 0.380423 0.260749 0.00181676
0 0.413807 0.243295 0.0466374 0.0416467 0.00179192
0 0.040296 0.0876394 0.0797368 0.144246 0.00178681
0 0.265484 0.277972 0.207808 0.0959952 0.00178354
0 0.425331 0.142286 0.0602608 0.0783281 0.00176617
2 0.0183979 0.873395 0.0352349 0.25321 0.00173493
0 0.0567758 0.047683 0.11204 0.0953659 0.0017163
2 0.594016 0.482065 0.24659 0.13296 0.00166941
0 0.742992 0.827555 0.0677575 0.0469799 0.00164555
0 0.815144 0.899835 0.317718 0.200329 0.00164028
0 0.891286 0.558376 0.0370193 0.0347149 0.0016239
0 0.580016 0.470781 0.271408 0.115159 0.00162293
0 0.820446 0.935813 0.359107 0.128374 0.00159356
0 0.929949 0.523709 0.140103 0.102373 0.00157865
1 0.929031 0.596435 0.141938 0.196743 0.00156738
2 0.540891 0.485308 0.359296 0.140072 0.00155315
2 0.622522 0.473299 0.188693 0.10032 0.00152129
2 0.697544 0.632336 0.144641 0.0979725 0.00149183
2 0.514195 0.657628 0.418472 0.169612 0.00147334
2 0.0673301 0.128833 0.13466 0.256725 0.00146899
0 0.786963 0.875365 0.209268 0.14646 0.00145894
0 0.413928 0.0721405 0.173981 0.144281 0.00145038
2 0.624598 0.638515 0.298755 0.180486 0.00144114
0 0.44484 0.165913 0.11248 0.137517 0.00144014
0 0.019101 0.915261 0.0377861 0.112395 0.00143831
2 0.470752 0.686436 0.475631 0.196395 0.00140057
2 0.0829816 0.941901 0.165963 0.116198 0.00139329
0 0.938771 0.473133 0.12168 0.21765 0.00138158
2 0.405888 0.641297 0.35834 0.147184 0.00138013
0 0.0155461 0.905527 0.0300792 0.034917 0.00137512
0 0.12328 0.0716935 0.246561 0.133691 0.00137477
2 0.96783 0.585001 0.0643396 0.177 0.00136639
0 0.83779 0.965585 0.324421 0.0688299 0.0013526
0 0.354791 0.323295 0.188161 0.195403 0.00134627
2 0.66297 0.488425 0.112034 0.0961842 0.00134325
0 0.0199572 0.8208 0.0390292 0.358401 0.00134306
2 0.0364541 0.92223 0.071917 0.15554 0.00133806
2 0.707115 0.619645 0.126103 0.0982537 0.00133139
0 0.399178 0.237276 0.0649519 0.0511532 0.001329
2 0.649859 0.479666 0.137007 0.0834919 0.00132628
2 0.445251 0.64131 0.197817 0.120957 0.00131302
1 0.335202 0.21624 0.15495 0.191757 0.00130718
0 0.633217 0.477752 0.167661 0.109355 0.00130265
0 0.384352 0.178733 0.0360692 0.0402663 0.00129436
0 0.915553 0.9542 0.12965 0.0916008 0.00127566
2 0.967547 0.625384 0.0649068 0.202149 0.0012698
2 0.918674 0.179644 0.161935 0.359288 0.00126692
2 0.967292 0.667784 0.0654154 0.183303 0.0012622
1 0.918607 0.132951 0.162491 0.265903 0.00125055
2 0.967903 0.477992 0.0641945 0.189859 0.00124958
0 0.0671552 0.209482 0.13186 0.418965 0.00124787
2 0.967382 0.417065 0.0652366 0.143798 0.00124566
0 0.912518 0.833859 0.174964 0.0904102 0.00124149
1 0.898918 0.0975284 0.201692 0.193961 0.00123996
2 0.533949 0.665182 0.307095 0.118391 0.00123272
2 0.928625 0.61469 0.142749 0.187649 0.00123199
2 0.360737 0.262105 0.235351 0.0826665 0.00122323
0 0.375251 0.0119702 0.161962 0.0239404 0.00122236
0 0.425068 0.162109 0.129655 0.11677 0.00122137
1 0.0356857 0.920115 0.0699781 0.159769 0.00121645
0 0.332441 0.314153 0.137616 0.176583 0.00120832
2 0.920346 0.0538803 0.159307 0.105228 0.00120609
1 0.0827647 0.935115 0.165529 0.12977 0.00120311
2 0.839662 0.0113591 0.16041 0.0227181 0.00119268
2 0.889733 0.0645577 0.212326 0.128249 0.00118989
2 0.574153 0.692526 0.171268 0.0646534 0.00118818
0 0.107446 0.98416 0.214892 0.0316803 0.00118383
2 0.959971 0.371217 0.0800574 0.165376 0.00117445
2 0.435804 0.192403 0.0855709 0.0812115 0.0011735
0 0.746811 0.866862 0.234803 0.132401 0.00117232
2 0.907137 0.108473 0.185727 0.213512 0.00116948
0 0.540819 0.678797 0.160628 0.0939144 0.00116282
0 0.898511 0.97538 0.117668 0.0485051 0.00116164
1 0.375266 0.285734 0.233203 0.127533 0.00115783
2 0.716772 0.676216 0.21283 0.163307 0.00114158
2 0.874154 0.045966 0.245154 0.0911902 0.00113769
2 0.655844 0.620984 0.234754 0.215038 0.00113647
2 0.40939 0.673163 0.410424 0.175549 0.00113279
2 0.416345 0.0391374 0.257816 0.0770672 0.00113212
2 0.422001 0.561788 0.180577 0.171425 0.00113188
2 0.922547 0.0812703 0.154906 0.161572 0.00113179
0 0.144722 0.984259 0.289445 0.0314827 0.0011299
1 0.9208 0.216985 0.157923 0.431477 0.00112964
0 0.442982 0.628269 0.216396 0.146515 0.0011291
2 0.831488 0.0688548 0.255377 0.135714 0.00112678
2 0.928714 0.664644 0.141613 0.269244 0.00112646
1 0.905898 0.0679483 0.186908 0.134714 0.00112187
2 0.905606 0.043252 0.188788 0.0854937 0.00111968
2 0.882028 0.0124905 0.202746 0.024981 0.0011191
0 0.0137842 0.0653595 0.0275685 0.053732 0.00111698
