1 0.584364 0.546882 0.525955 0.377426 0.977355
2 0.249043 0.214254 0.229774 0.0972854 0.345154
1 0.584348 0.68127 0.540778 0.637461 0.120152
0 0.216936 0.971485 0.0449814 0.0410978 0.0811875
0 0.24806 0.21355 0.225174 0.0965033 0.0763216
0 0.239728 0.976376 0.113789 0.0461182 0.0253556
1 0.251026 0.214433 0.220876 0.107338 0.0198553
1 0.680357 0.678659 0.639285 0.640135 0.0185444
1 0.252481 0.137074 0.224183 0.270366 0.0122275
0 0.224702 0.97463 0.0751252 0.0467034 0.0105639
1 0.586908 0.459832 0.514533 0.307548 0.00982992
1 0.560432 0.619498 0.591076 0.761004 0.0085052
0 0.227676 0.974154 0.226913 0.0516911 0.00823807
1 0.508959 0.437609 0.682005 0.296053 0.00777321
1 0.458366 0.670866 0.887882 0.658268 0.00773172
1 0.445089 0.463153 0.890178 0.722439 0.00753234
1 0.433853 0.522758 0.867706 0.385316 0.00739686
1 0.659292 0.573117 0.66605 0.419914 0.00670769
2 0.221548 0.215023 0.1669 0.0935668 0.00636165
1 0.204215 0.141939 0.369677 0.280786 0.00625795
0 0.229424 0.13728 0.292674 0.272895 0.00623727
1 0.416537 0.405375 0.833073 0.531158 0.0061275
0 0.268655 0.973894 0.218335 0.0510244 0.00566889
2 0.239556 0.2363 0.234573 0.148078 0.00550098
0 0.215177 0.908149 0.427187 0.181612 0.00545335
1 0.187775 0.201486 0.373693 0.397904 0.00534922
1 0.386572 0.0486947 0.57489 0.0973894 0.00501399
0 0.346306 0.141211 0.474294 0.267342 0.00492856
1 0.771298 0.671335 0.457404 0.620629 0.00492335
0 0.227524 0.97498 0.43905 0.0482914 0.00469676
2 0.459625 0.0542681 0.611579 0.108536 0.00449626
0 0.166108 0.887878 0.332216 0.221846 0.00446111
0 0.25014 0.0657853 0.50028 0.129879 0.00441881
0 0.349475 0.0430055 0.580017 0.0859916 0.0042515
1 0.477578 0.402674 0.77133 0.669414 0.00420688
2 0.779997 0.0581156 0.414848 0.116231 0.0041537
0 0.270065 0.0479322 0.538182 0.0954103 0.00411052
1 0.339462 0.47311 0.678924 0.634907 0.00406653
0 0.362278 0.0529162 0.724555 0.104166 0.00404707
2 0.609518 0.0549948 0.604334 0.10999 0.00392018
1 0.164102 0.902122 0.328204 0.195755 0.00383135
0 0.133249 0.974683 0.266497 0.0506336 0.00380219
0 0.317063 0.937537 0.388344 0.121825 0.00380062
1 0.350903 0.454376 0.701806 0.908752 0.0037559
2 0.472944 0.311708 0.945888 0.607178 0.00375507
0 0.299723 0.975276 0.392421 0.0472531 0.00375122
0 0.184925 0.115304 0.36985 0.227966 0.0036167
1 0.896545 0.6666 0.206911 0.605108 0.0035959
0 0.301013 0.210772 0.43155 0.22694 0.00355185
1 0.470121 0.322515 0.940241 0.645031 0.00348768
0 0.487858 0.141811 0.850171 0.283012 0.00345677
0 0.825275 0.0547659 0.337274 0.109188 0.00344585
1 0.478324 0.162796 0.934844 0.322939 0.00338176
0 0.245877 0.281092 0.483163 0.544262 0.00333265
1 0.255099 0.365049 0.257035 0.425963 0.00332406
0 0.19173 0.232602 0.38346 0.465203 0.0033036
0 0.145748 0.0597951 0.291496 0.118698 0.00326497
1 0.506063 0.617188 0.858093 0.765624 0.00323013
2 0.789004 0.205641 0.421992 0.381769 0.00321511
0 0.365454 0.334523 0.68369 0.368005 0.00319508
0 0.716295 0.700402 0.56741 0.598119 0.00315472
0 0.46936 0.620758 0.93872 0.758485 0.00314355
0 0.880367 0.0593619 0.239265 0.118724 0.0031425
1 0.959874 0.55049 0.0802512 0.604497 0.00314166
2 0.361121 0.975324 0.416232 0.0477826 0.00312694
2 0.490988 0.235529 0.981976 0.455316 0.00312569
1 0.144412 0.855839 0.288823 0.288321 0.00309773
2 0.599518 0.371547 0.800964 0.596911 0.00308965
0 0.824073 0.146483 0.351854 0.284657 0.00308382
0 0.134782 0.872925 0.269564 0.254149 0.00307129
2 0.742427 0.371077 0.515145 0.621827 0.00306966
0 0.489077 0.0847978 0.978154 0.165407 0.00306754
1 0.952446 0.501095 0.0951075 0.588043 0.0030637
0 0.159993 0.162021 0.319986 0.318646 0.00305556
2 0.871947 0.964851 0.256106 0.0702988 0.00305247
0 0.545622 0.0540764 0.798656 0.106211 0.00304285
2 0.624914 0.215462 0.750173 0.406341 0.00304097
1 0.954357 0.631934 0.0912869 0.618075 0.00303587
0 0.113336 0.0633549 0.226672 0.12671 0.0030344
0 0.840975 0.0724409 0.31805 0.144882 0.00302787
0 0.864089 0.39854 0.271822 0.576302 0.0029781
0 0.839091 0.221036 0.319844 0.397175 0.0029696
0 0.529054 0.0128428 0.237162 0.025307 0.00296622
2 0.784483 0.14365 0.431035 0.280197 0.00296018
0 0.478546 0.0137985 0.277042 0.027597 0.00294463
1 0.873258 0.509012 0.253484 0.599951 0.00288909
0 0.851199 0.315774 0.297601 0.508274 0.00287477
0 0.423712 0.421178 0.185583 0.113651 0.002871
0 0.134428 0.782618 0.268855 0.434764 0.00286884
2 0.79687 0.893934 0.406259 0.212133 0.0028464
0 0.89941 0.168279 0.201181 0.336559 0.00284629
2 0.14701 0.813722 0.29402 0.368997 0.00283818
1 0.69575 0.481453 0.6085 0.588968 0.00280525
0 0.104119 0.590182 0.208239 0.698631 0.00279612
0 0.938403 0.233279 0.123195 0.438603 0.00279245
0 0.945313 0.390408 0.109374 0.565816 0.00278835
0 0.218426 0.667146 0.436851 0.659315 0.00278284
2 0.582973 0.660272 0.776089 0.679456 0.00276526
0 0.08 0.486811 0.16 0.686178 0.00275257
0 0.104312 0.382516 0.208623 0.657979 0.0027491
2 0.429453 0.973545 0.550088 0.0529093 0.00274552
0 0.382343 0.670893 0.752342 0.65253 0.00274455
0 0.199766 0.975762 0.0896864 0.0460049 0.00271987
2 0.837153 0.972977 0.325694 0.0533634 0.00269932
0 0.284221 0.558076 0.568443 0.869812 0.0026961
0 0.216468 0.765069 0.432936 0.46825 0.00268862
0 0.0908956 0.717887 0.181791 0.505243 0.00267561
1 0.64088 0.442136 0.60403 0.427575 0.00267157
0 0.637638 0.116374 0.724725 0.226865 0.00266684
0 0.17756 0.810223 0.35512 0.37077 0.00266529
0 0.283322 0.701044 0.566643 0.597913 0.0026601
0 0.91509 0.772825 0.16982 0.45435 0.00263197
0 0.808346 0.82151 0.383309 0.344536 0.00261135
2 0.714114 0.866652 0.564541 0.266696 0.00260514
0 0.329763 0.419025 0.659526 0.717708 0.00256248
2 0.621122 0.823377 0.685881 0.352901 0.00255157
0 0.48848 0.653647 0.911404 0.692707 0.00251319
2 0.835227 0.914265 0.329547 0.168049 0.0024915
0 0.15261 0.701625 0.304226 0.557054 0.00248912
0 0.124382 0.466959 0.248765 0.820536 0.00247964
0 0.216139 0.0222573 0.2655 0.0445146 0.00244174
2 0.885805 0.911478 0.22839 0.177044 0.00242535
0 0.39663 0.879927 0.539269 0.240147 0.00242206
0 0.30983 0.885159 0.506149 0.229682 0.00242039
0 0.934686 0.84323 0.130629 0.313541 0.00241314
2 0.918321 0.887093 0.163357 0.225814 0.00239234
2 0.512594 0.95453 0.674243 0.0909409 0.0023835
1 0.765111 0.971546 0.469299 0.0569077 0.0023713
0 0.498627 0.847791 0.642118 0.304418 0.00235863
0 0.446139 0.899722 0.524971 0.197577 0.00230208
2 0.625022 0.889323 0.586421 0.218698 0.00228073
1 0.718652 0.964008 0.499488 0.0719843 0.00227324
0 0.437701 0.447969 0.221346 0.170262 0.00226255
0 0.662246 0.590117 0.675508 0.569518 0.00204671
0 0.476834 0.0297072 0.567583 0.0594143 0.00202783
0 0.468826 0.459471 0.2862 0.198875 0.00200716
0 0.228104 0.200156 0.187302 0.0820687 0.00198041
0 0.247296 0.0332974 0.494592 0.0665948 0.00188517
0 0.438684 0.407842 0.221653 0.100737 0.00185353
0 0.32446 0.962871 0.381133 0.0725967 0.0018006
0 0.24678 0.189277 0.233631 0.161313 0.00177361
0 0.18095 0.0188224 0.290017 0.0376447 0.00165085
0 0.443713 0.014739 0.377562 0.029478 0.00163229
1 0.496061 0.465695 0.357389 0.207338 0.0016195
1 0.550249 0.587519 0.491202 0.284072 0.0016144
0 0.297185 0.0219618 0.332821 0.0438619 0.00158552
0 0.66019 0.0147176 0.260522 0.0293984 0.00154225
0 0.171342 0.175434 0.322403 0.181247 0.00149781
0 0.29815 0.958872 0.225325 0.0805462 0.00146594
2 0.25684 0.180061 0.257534 0.182615 0.00140585
0 0.575997 0.015159 0.271141 0.030318 0.00140278
1 0.192568 0.204577 0.299918 0.112668 0.00139672
0 0.331322 0.017538 0.367618 0.035076 0.00133179
0 0.331219 0.943481 0.296151 0.113038 0.0013226
0 0.266757 0.944602 0.221382 0.108775 0.00130441
0 0.214944 0.196663 0.158641 0.0641729 0.00127777
1 0.857104 0.0684643 0.280753 0.136258 0.00127661
2 0.591035 0.54396 0.512745 0.403389 0.00126492
0 0.577944 0.0120417 0.0645867 0.0232001 0.00126382
1 0.824841 0.0491079 0.348187 0.097793 0.00124657
0 0.583594 0.00956074 0.0508452 0.0178717 0.00124065
1 0.701193 0.938604 0.266901 0.120097 0.00123926
0 0.523013 0.587836 0.404509 0.291538 0.00123068
0 0.818997 0.0137102 0.293307 0.0274204 0.00122574
0 0.780876 0.0120138 0.263233 0.0240275 0.00121862
2 0.125015 0.971717 0.242491 0.0565665 0.00119273
0 0.504222 0.47999 0.375329 0.240735 0.00118732
0 0.706427 0.45673 0.279069 0.113168 0.00117565
2 0.262562 0.210019 0.188084 0.0783367 0.00117528
1 0.638978 0.954105 0.414277 0.0897374 0.00116862
0 0.87316 0.0186958 0.252288 0.0373915 0.00116759
0 0.429465 0.510355 0.204618 0.237268 0.00115889
2 0.655415 0.960498 0.334645 0.0790036 0.00112749
0 0.247922 0.0281743 0.0855967 0.0552042 0.00112518
2 0.0419646 0.150993 0.0839292 0.301987 0.0011244
1 0.591056 0.958958 0.313802 0.0820832 0.00111926
0 0.268946 0.205375 0.12181 0.066503 0.00110714
2 0.0736808 0.0607746 0.147362 0.121549 0.00110421
1 0.655597 0.933028 0.321583 0.132031 0.00110378
2 0.106432 0.980589 0.186278 0.0388228 0.00109291
0 0.0602287 0.228807 0.120457 0.232959 0.00108624
2 0.222843 0.0715635 0.445685 0.143094 0.00108255
0 0.493879 0.409429 0.343461 0.107407 0.00107302
0 0.093744 0.241808 0.187488 0.256714 0.00107207
2 0.215797 0.0380309 0.431593 0.0760617 0.00106658
2 0.739255 0.964242 0.385526 0.0715163 0.00106626
1 0.120586 0.910037 0.236698 0.176948 0.00106278
0 0.29765 0.197486 0.3467 0.145597 0.00105943
0 0.206853 0.204126 0.133676 0.0640305 0.00105751
0 0.529332 0.06108 0.464527 0.12216 0.0010536
0 0.622262 0.387543 0.294606 0.170964 0.00104525
0 0.289813 0.20428 0.130401 0.0684666 0.00103614
0 0.313645 0.972513 0.492279 0.0549732 0.00102418
0 0.563139 0.402357 0.349997 0.134423 0.00102233
1 0.732967 0.47524 0.224063 0.148714 0.00102069
2 0.897232 0.153342 0.204755 0.306685 0.00102003
2 0.886509 0.103118 0.224149 0.204878 0.00101329
2 0.0333785 0.081614 0.0667569 0.163228 0.0010115
0 0.499321 0.122532 0.189619 0.0968278 0.00101107
2 0.0203381 0.175875 0.0406761 0.35175 0.00101017
1 0.886147 0.137217 0.224721 0.274434 0.00100963
2 0.0875128 0.886767 0.175026 0.226466 0.00100915
0 0.731152 0.439365 0.224222 0.0786091 0.0010066
0 0.497172 0.43814 0.425615 0.152785 0.0010057
0 0.509412 0.668456 0.333234 0.157982 0.00100475
0 0.325056 0.94859 0.570446 0.101809 0.00100399
2 0.937559 0.0243292 0.124883 0.0486583 0.000999549
2 0.97386 0.966837 0.0522809 0.066327 0.000996386
1 0.891907 0.0393535 0.216187 0.078707 0.000995254
2 0.0658617 0.242776 0.131723 0.238977 0.000988125
2 0.78261 0.11114 0.205235 0.128856 0.000987304
2 0.375343 0.0304177 0.605513 0.0608355 0.000985791
1 0.824909 0.932047 0.350182 0.134003 0.000985418
0 0.197279 0.19896 0.394558 0.128314 0.000985252
2 0.932836 0.159488 0.129979 0.266135 0.000979486
1 0.427456 0.37552 0.202054 0.15749 0.000979199
0 0.0938644 0.501208 0.187729 0.25243 0.000976336
1 0.688928 0.463722 0.318827 0.1271 0.000975165
0 0.0773437 0.978629 0.142473 0.0427428 0.000968612
2 0.911613 0.973393 0.176773 0.0532148 0.000965185
2 0.990312 0.0954716 0.0193759 0.190943 0.000959715
0 0.373505 0.929786 0.427386 0.138992 0.000959526
2 0.193253 0.21587 0.102308 0.0906323 0.000954829
0 0.0603082 0.187501 0.120616 0.202704 0.000951511
0 0.612766 0.444749 0.334871 0.143007 0.000947147
0 0.096111 0.198317 0.192222 0.26442 0.000943749
0 0.528503 0.119704 0.187987 0.112956 0.000940856
1 0.36921 0.0347045 0.738421 0.0694091 0.000939598
0 0.0967404 0.89524 0.193481 0.209519 0.00093935
0 0.254885 0.0551625 0.371192 0.110325 0.000939211
0 0.419888 0.358193 0.193276 0.184022 0.000938635
2 0.902303 0.0522417 0.195394 0.104483 0.000937102
0 0.504963 0.634961 0.344117 0.189212 0.000935968
0 0.422925 0.966489 0.362637 0.0670226 0.000931677
1 0.164397 0.934605 0.301301 0.129032 0.000930802
2 0.696191 0.913783 0.289897 0.170509 0.000929857
0 0.128048 0.963209 0.248345 0.07215 0.000929242
2 0.969632 0.101295 0.0607359 0.20259 0.000927562
0 0.429492 0.573361 0.1988 0.234561 0.000921382
0 0.598246 0.0317868 0.569003 0.0635736 0.00091902
0 0.13881 0.0167286 0.277621 0.0334572 0.000917204
0 0.707098 0.0185045 0.0381515 0.0299881 0.000915505
1 0.286706 0.0696636 0.573413 0.138749 0.00091457
2 0.0105814 0.191408 0.0211629 0.382816 0.000914102
0 0.662425 0.375908 0.307154 0.219697 0.000913427
1 0.796935 0.0844483 0.26505 0.168897 0.000912112
0 0.0976942 0.550376 0.195388 0.230422 0.000911833
0 0.609063 0.240621 0.210671 0.120848 0.000911268
1 0.516301 0.492966 0.406658 0.261617 0.000911065
0 0.481554 0.426716 0.360113 0.126158 0.000910741
0 0.583716 0.106406 0.284749 0.182358 0.000907404
0 0.4477 0.107613 0.206398 0.136443 0.000906907
2 0.0439736 0.23705 0.0879472 0.474101 0.000905438
0 0.505732 0.093566 0.313553 0.187132 0.00090394
0 0.0941669 0.329416 0.188334 0.306557 0.000903615
2 0.0212789 0.819871 0.0425579 0.360258 0.000903124
0 0.378642 0.916172 0.32121 0.167655 0.000903013
2 0.0781782 0.0202499 0.156356 0.0404998 0.000901569
2 0.202961 0.261476 0.405923 0.280334 0.000900507
2 0.0952288 0.630112 0.190458 0.301624 0.000900401
2 0.0857905 0.1428 0.171581 0.281185 0.00089986
1 0.768878 0.12614 0.236112 0.151311 0.000899547
2 0.0408686 0.802185 0.0817372 0.395629 0.000898911
2 0.36044 0.0374074 0.720881 0.0748149 0.000897213
0 0.421813 0.0899226 0.302598 0.179845 0.000895237
0 0.167036 0.247147 0.334071 0.268473 0.00089294
0 0.610619 0.769059 0.285079 0.235284 0.000891735
2 0.134929 0.541275 0.265953 0.173914 0.000889825
0 0.416827 0.202512 0.333114 0.155278 0.000888045
0 0.576234 0.102974 0.352939 0.205948 0.000887706
0 0.249701 0.248383 0.229835 0.156578 0.000887094
0 0.476635 0.229996 0.262417 0.161119 0.000886688
0 0.092404 0.451524 0.184808 0.267762 0.000886067
2 0.0288828 0.25944 0.0577657 0.51888 0.000885414
0 0.647051 0.411194 0.354896 0.168387 0.000885192
0 0.658212 0.46744 0.383887 0.136575 0.000881663
2 0.0762974 0.282593 0.152595 0.307043 0.000880996
0 0.0826045 0.12434 0.165209 0.248463 0.00088077
0 0.129489 0.173273 0.258977 0.193929 0.000880582
0 0.432197 0.916431 0.298118 0.164678 0.000878764
2 0.990022 0.512651 0.0199567 0.27821 0.000878119
0 0.136881 0.124043 0.273762 0.247395 0.000877319
1 0.841022 0.904425 0.317956 0.191149 0.000877183
2 0.571152 0.727028 0.391936 0.247331 0.000876441
1 0.881572 0.0904934 0.234142 0.180987 0.000876158
2 0.0320249 0.684298 0.0640498 0.584375 0.000873762
1 0.495671 0.0611294 0.467238 0.122259 0.000870934
2 0.67965 0.0383936 0.439821 0.0767872 0.000870675
1 0.425026 0.0667839 0.525763 0.133481 0.000870345
1 0.119585 0.965362 0.23442 0.0664047 0.000866868
1 0.904326 0.886146 0.191349 0.227707 0.000865611
0 0.27001 0.116752 0.378711 0.233503 0.000864452
1 0.671311 0.499471 0.352231 0.208675 0.000863546
0 0.57037 0.741215 0.552166 0.355423 0.000863193
2 0.139169 0.228765 0.278339 0.231985 0.000862869
0 0.357223 0.52705 0.292867 0.339335 0.000862685
1 0.53744 0.633623 0.481616 0.18823 0.000862154
2 0.0500373 0.453838 0.100075 0.560997 0.000861174
0 0.349176 0.214048 0.392528 0.101425 0.000860113
2 0.0950118 0.0524107 0.190024 0.10356 0.000859726
