1 0.491901 0.802362 0.685789 0.264418 0.974015
1 0.791827 0.0697228 0.113418 0.0941312 0.0817856
2 0.793597 0.0736345 0.117904 0.0856304 0.0386501
1 0.719173 0.0622479 0.357029 0.124496 0.0375414
1 0.656027 0.0601379 0.424109 0.119863 0.0199253
1 0.639666 0.802087 0.387434 0.259118 0.0192489
1 0.556988 0.728383 0.162236 0.108677 0.0171633
1 0.484867 0.722102 0.678751 0.496957 0.0171227
1 0.729812 0.0580083 0.239897 0.115593 0.0142696
1 0.381872 0.796865 0.467614 0.276176 0.0131929
0 0.737835 0.0575994 0.221932 0.115199 0.0105911
1 0.813254 0.0628496 0.369243 0.125699 0.00827226
1 0.682705 0.0792671 0.36994 0.158534 0.00756617
1 0.384334 0.719543 0.485749 0.495179 0.00717058
1 0.733578 0.102099 0.482398 0.204198 0.00663454
1 0.561774 0.0595336 0.677997 0.118082 0.00597402
1 0.334557 0.819856 0.372074 0.228693 0.00556463
2 0.798952 0.0623738 0.139229 0.114406 0.00502789
1 0.566815 0.733065 0.565239 0.420939 0.00462685
1 0.484255 0.816684 0.697292 0.366632 0.00433665
1 0.779806 0.157263 0.440387 0.314526 0.00429001
1 0.237117 0.727586 0.474233 0.482696 0.00405099
2 0.751285 0.169247 0.497431 0.335966 0.00393254
1 0.310257 0.750194 0.549786 0.427594 0.00389097
2 0.465335 0.515401 0.735959 0.778949 0.00388038
1 0.386524 0.83606 0.67808 0.287769 0.00382168
1 0.805471 0.0829532 0.389058 0.164082 0.00378666
0 0.800683 0.19297 0.398634 0.383308 0.00373035
1 0.386733 0.646276 0.538674 0.623347 0.00369055
1 0.799406 0.0923174 0.136521 0.137546 0.00366393
0 0.536041 0.0572707 0.906635 0.112691 0.00361508
2 0.755203 0.343153 0.489594 0.670931 0.00361093
0 0.346984 0.647327 0.540252 0.627099 0.00352634
2 0.611165 0.446595 0.777671 0.777354 0.00348762
0 0.227686 0.631912 0.455372 0.665208 0.0034634
0 0.513089 0.0798003 0.928301 0.158622 0.00343715
2 0.54342 0.192704 0.873799 0.376629 0.00343168
2 0.455733 0.658071 0.749243 0.585673 0.00342916
0 0.164534 0.701842 0.329069 0.548078 0.00339829
1 0.698907 0.737982 0.576499 0.449181 0.00337825
1 0.580657 0.844259 0.638449 0.311481 0.00337174
2 0.205961 0.492675 0.411923 0.809172 0.00336581
1 0.138348 0.721406 0.276697 0.521881 0.003339
2 0.829058 0.339395 0.341883 0.664691 0.00330727
1 0.286709 0.687675 0.573418 0.557912 0.00329383
2 0.472469 0.220237 0.667798 0.373386 0.00326792
2 0.656644 0.17368 0.644418 0.341474 0.00326506
0 0.837772 0.257689 0.324455 0.50769 0.00326282
1 0.833954 0.205901 0.332092 0.409312 0.00326121
2 0.359191 0.524563 0.569838 0.713708 0.00325326
2 0.657781 0.339878 0.684438 0.630724 0.0032457
1 0.678313 0.887768 0.643375 0.224464 0.00322447
0 0.769732 0.0612673 0.202707 0.121893 0.00317477
0 0.881992 0.324503 0.236016 0.6359 0.00315999
0 0.891604 0.743176 0.216793 0.472449 0.00315423
0 0.616454 0.827862 0.429373 0.196111 0.00312396
1 0.84609 0.901436 0.307819 0.197127 0.00312373
2 0.13307 0.492825 0.26614 0.809864 0.00308854
2 0.311636 0.437153 0.554435 0.580042 0.00307834
2 0.585721 0.674523 0.785322 0.5497 0.00304826
1 0.799881 0.0588833 0.141912 0.117767 0.00304797
2 0.247459 0.463152 0.494918 0.662675 0.00304316
2 0.923544 0.398449 0.152913 0.722554 0.00303742
2 0.307835 0.23138 0.558055 0.343184 0.00303488
2 0.545232 0.373272 0.856059 0.674473 0.00302979
0 0.502129 0.0533429 0.646125 0.105457 0.00301764
2 0.218211 0.261523 0.436421 0.433114 0.00301751
0 0.42509 0.588888 0.778347 0.728221 0.00300155
1 0.958664 0.782241 0.0826717 0.397967 0.0029992
1 0.667516 0.865726 0.664968 0.262312 0.00298784
0 0.0694605 0.0603303 0.138921 0.120661 0.0029862
2 0.0957059 0.0589799 0.191412 0.117437 0.00296406
2 0.468057 0.35643 0.660175 0.522006 0.00295875
0 0.257269 0.186128 0.514538 0.350584 0.00294326
0 0.389633 0.799519 0.779267 0.400961 0.00294276
2 0.772557 0.450043 0.454887 0.795607 0.00294002
0 0.955764 0.735732 0.0884727 0.475153 0.00293593
0 0.344871 0.0486975 0.453778 0.0973335 0.0029332
2 0.310718 0.297182 0.552285 0.377002 0.00293159
0 0.510857 0.143167 0.852462 0.281994 0.00291885
0 0.238014 0.146725 0.476028 0.289747 0.00290539
2 0.252443 0.327367 0.504886 0.448388 0.00290233
1 0.862365 0.876335 0.27527 0.247331 0.00287927
0 0.800405 0.760935 0.39919 0.444976 0.00287066
0 0.132542 0.644926 0.265085 0.638361 0.00286482
0 0.912948 0.683803 0.174103 0.546397 0.00284741
0 0.712364 0.704709 0.575272 0.522924 0.00284539
2 0.142239 0.0569712 0.284478 0.113942 0.00284209
1 0.693189 0.810121 0.613621 0.330581 0.00283469
2 0.083642 0.458309 0.167284 0.791412 0.00283466
0 0.234014 0.0532231 0.468028 0.102457 0.00281134
0 0.158747 0.15704 0.317495 0.313047 0.00279759
2 0.136802 0.312645 0.273603 0.561618 0.00276672
0 0.348761 0.857855 0.697522 0.282554 0.00276294
2 0.948129 0.493397 0.103742 0.708862 0.00274633
1 0.94127 0.851338 0.11746 0.294532 0.00274606
0 0.344696 0.143407 0.661949 0.283697 0.00274522
0 0.078814 0.409995 0.157628 0.755387 0.002735
0 0.127776 0.42474 0.255553 0.728284 0.00272387
0 0.0706448 0.144545 0.14129 0.281832 0.00270917
2 0.160756 0.201464 0.321513 0.390619 0.00270882
2 0.872403 0.444032 0.255194 0.782694 0.00270723
0 0.957607 0.623818 0.084786 0.600648 0.00270465
0 0.106832 0.575143 0.213665 0.7953 0.0026828
0 0.676516 0.795543 0.628004 0.275523 0.00267632
0 0.11611 0.0565771 0.232221 0.108625 0.00266201
0 0.0791701 0.253205 0.15834 0.504774 0.00266028
0 0.332142 0.80968 0.389951 0.270801 0.00263987
0 0.201909 0.772419 0.403818 0.455163 0.00263636
0 0.810116 0.568352 0.379767 0.738824 0.00261074
0 0.727125 0.605324 0.54575 0.652678 0.00261052
0 0.0828939 0.905157 0.165788 0.189685 0.00256257
0 0.914518 0.533907 0.170964 0.770282 0.00252735
0 0.0623154 0.86999 0.124631 0.260021 0.00252419
1 0.298365 0.849531 0.59673 0.291603 0.00249268
2 0.626514 0.563362 0.695649 0.736637 0.0024785
1 0.288386 0.877333 0.576773 0.245333 0.00247457
0 0.0726425 0.839124 0.145285 0.321752 0.00246624
2 0.718013 0.546308 0.563975 0.75367 0.00239635
0 0.12966 0.862344 0.25932 0.274052 0.0023577
0 0.150757 0.89378 0.301514 0.212441 0.00232407
2 0.791566 0.082238 0.102791 0.0679795 0.00231742
0 0.698308 0.86699 0.258995 0.113351 0.00229014
0 0.671649 0.058789 0.366394 0.11714 0.00223206
1 0.722518 0.870485 0.210581 0.102437 0.00219019
1 0.556214 0.707089 0.165666 0.109417 0.00210088
0 0.702845 0.0317396 0.315811 0.0634462 0.00186386
1 0.562707 0.756851 0.185386 0.160443 0.00183852
1 0.739476 0.0891337 0.253711 0.138793 0.00181885
0 0.707821 0.988669 0.251117 0.0226612 0.00170774
0 0.724669 0.876598 0.205627 0.0957891 0.00159699
1 0.562582 0.713868 0.180083 0.1473 0.00158977
0 0.674547 0.0144198 0.356158 0.0288397 0.00158461
1 0.8445 0.103756 0.294453 0.207513 0.00158309
1 0.585338 0.809524 0.282174 0.265157 0.00153357
0 0.218422 0.80827 0.137817 0.147175 0.00147714
0 0.755279 0.986456 0.287948 0.0270876 0.00144118
0 0.772177 0.877694 0.113044 0.0848614 0.00142334
0 0.558046 0.722201 0.168809 0.0976261 0.00131056
1 0.465489 0.806506 0.388159 0.258792 0.00129418
1 0.812463 0.0947164 0.179581 0.150633 0.00128525
0 0.613823 0.014239 0.320865 0.0284779 0.00127568
0 0.321501 0.744803 0.348673 0.155194 0.00122988
0 0.636618 0.988088 0.348511 0.0238232 0.00122683
0 0.542289 0.0133943 0.305297 0.0267885 0.00121699
0 0.562719 0.704401 0.172885 0.118686 0.00120514
2 0.058104 0.0377568 0.116208 0.0755135 0.00119654
2 0.0357429 0.169477 0.0714857 0.338954 0.00118877
0 0.516249 0.963561 0.48333 0.0728785 0.00118859
2 0.015859 0.206708 0.0317179 0.413417 0.00118747
1 0.32974 0.86094 0.444386 0.141821 0.00118608
0 0.339453 0.76061 0.39553 0.214524 0.00118342
0 0.555086 0.973578 0.476875 0.0528439 0.00117149
0 0.689036 0.842515 0.280062 0.16177 0.00116619
1 0.20932 0.804396 0.114232 0.13277 0.00115983
2 0.836813 0.110718 0.225317 0.176132 0.00115391
0 0.22383 0.763402 0.153492 0.143603 0.00114304
1 0.688031 0.893343 0.299073 0.123485 0.00114219
0 0.77609 0.983866 0.356151 0.0322677 0.00113767
1 0.770955 0.109315 0.359839 0.153645 0.00112596
2 0.032525 0.0780325 0.0650499 0.156065 0.00111277
2 0.0965704 0.13166 0.193141 0.263319 0.00110714
1 0.343626 0.83284 0.47976 0.200706 0.00108767
1 0.644585 0.862965 0.373658 0.119546 0.00108662
2 0.0752756 0.0151539 0.150551 0.0303078 0.00106836
0 0.675335 0.0904452 0.15948 0.0783233 0.0010628
2 0.976903 0.0133528 0.0461938 0.0267056 0.00105553
0 0.577392 0.986384 0.450681 0.0272312 0.00105314
2 0.175803 0.778224 0.0495112 0.0751717 0.00104753
1 0.841785 0.143423 0.31643 0.283635 0.00104311
0 0.292825 0.675086 0.248851 0.14563 0.0010414
1 0.556097 0.657413 0.17743 0.236327 0.00103964
0 0.837332 0.0630705 0.271104 0.125716 0.00103788
0 0.74191 0.99018 0.0613572 0.0185177 0.00103606
0 0.44075 0.961068 0.502836 0.0778639 0.00103486
2 0.0795414 0.0775194 0.159083 0.155039 0.00102195
1 0.501047 0.737939 0.279261 0.140415 0.00101198
0 0.715653 0.0806657 0.223439 0.10046 0.00101158
2 0.279581 0.0442386 0.446581 0.0880597 0.00100932
0 0.364866 0.834423 0.561986 0.197686 0.00100672
0 0.249875 0.824383 0.197909 0.187945 0.00100666
0 0.308898 0.825805 0.322467 0.203531 0.00100541
0 0.572915 0.0445262 0.554503 0.0886513 0.00100508
2 0.0887148 0.052641 0.17743 0.104171 0.00100298
2 0.00866302 0.202414 0.017326 0.404827 0.0010026
2 0.169141 0.0464793 0.338281 0.0926406 0.00100067
2 0.989621 0.914436 0.0207577 0.171112 0.000996318
2 0.174521 0.796927 0.0462857 0.0435486 0.000994452
1 0.77345 0.0716835 0.0710175 0.0394701 0.000991901
2 0.25916 0.0128964 0.252708 0.0257928 0.000990954
2 0.0132159 0.443753 0.0264318 0.602609 0.000989483
1 0.610143 0.897424 0.444594 0.122402 0.000986044
0 0.291305 0.773002 0.285976 0.103519 0.000979692
1 0.174397 0.795615 0.044752 0.0345067 0.000979191
2 0.432215 0.961757 0.565783 0.0764866 0.00097724
0 0.806759 0.977729 0.386481 0.0445417 0.000976139
2 0.158994 0.0753156 0.317989 0.150097 0.000973035
2 0.0288432 0.246901 0.0576864 0.493802 0.000972991
2 0.151992 0.810243 0.303984 0.252322 0.000969618
1 0.645621 0.948484 0.624857 0.103033 0.000968889
0 0.699877 0.95416 0.600247 0.0916798 0.000968857
2 0.00963445 0.368794 0.0192689 0.608198 0.000968552
2 0.099735 0.213222 0.19947 0.426445 0.000968196
0 0.490657 0.950548 0.875358 0.0989039 0.00096482
1 0.769128 0.87335 0.117476 0.0961768 0.000955319
1 0.508012 0.0666538 0.508442 0.133308 0.000951984
2 0.0797578 0.39273 0.159516 0.261498 0.000951343
2 0.0866496 0.473072 0.173299 0.245876 0.000948305
2 0.376094 0.0423123 0.573332 0.0846101 0.000942664
1 0.834453 0.0364317 0.331095 0.0726869 0.000942357
2 0.134135 0.0127607 0.26827 0.0255215 0.000937403
2 0.0878092 0.303622 0.175618 0.306989 0.000936269
2 0.0272049 0.564268 0.0544099 0.56733 0.000931914
2 0.0169705 0.540633 0.0339411 0.576628 0.00092347
0 0.47354 0.0126749 0.330549 0.0253499 0.000921532
1 0.522132 0.0394146 0.514926 0.0779737 0.000920527
2 0.0783766 0.338158 0.156753 0.249002 0.000916396
2 0.0130773 0.298639 0.0261545 0.597279 0.000913836
1 0.158749 0.814372 0.313015 0.28078 0.000913193
2 0.0884253 0.533299 0.176851 0.293406 0.000911355
2 0.311281 0.0666809 0.345394 0.132465 0.000910928
2 0.939751 0.0371126 0.120497 0.0742251 0.000907553
0 0.211505 0.778604 0.122209 0.0983046 0.000907026
2 0.993581 0.896641 0.0128378 0.193236 0.000906878
1 0.222149 0.815051 0.141511 0.1861 0.000904126
2 0.0913652 0.393449 0.18273 0.319987 0.000903611
2 0.0350416 0.632793 0.0700832 0.506669 0.000901774
2 0.798735 0.0546902 0.40253 0.10938 0.000898946
2 0.0845299 0.612077 0.16906 0.246939 0.000897294
2 0.0967275 0.0126602 0.193455 0.0253203 0.000896605
0 0.639268 0.102483 0.379657 0.204967 0.000891503
2 0.98784 0.967667 0.0243201 0.0646656 0.00088888
2 0.316698 0.884517 0.60147 0.230965 0.000888054
0 0.0688869 0.98361 0.136927 0.0327808 0.000887063
2 0.876193 0.0114135 0.247615 0.021994 0.000884584
2 0.329264 0.012341 0.26252 0.024682 0.000881338
2 0.0388577 0.848381 0.0777153 0.303238 0.000880425
1 0.587705 0.663107 0.219709 0.258395 0.000880266
0 0.483943 0.746315 0.310536 0.156999 0.000879388
0 0.562286 0.945184 0.875429 0.109631 0.000876373
2 0.0790305 0.512069 0.158061 0.212358 0.000873102
1 0.720525 0.112121 0.249929 0.121609 0.000871726
2 0.130295 0.173322 0.26059 0.346644 0.000871394
0 0.593549 0.132403 0.33963 0.264806 0.000868307
2 0.0295961 0.811875 0.0591922 0.37625 0.000867973
0 0.293563 0.723339 0.284928 0.191132 0.000866989
0 0.771203 0.950443 0.457593 0.0991131 0.00086681
2 0.0351179 0.738507 0.0702358 0.508521 0.000866482
2 0.897323 0.235408 0.205354 0.42892 0.000866421
0 0.307063 0.870699 0.325572 0.187057 0.000865477
0 0.115386 0.917166 0.230772 0.163478 0.000864653
2 0.066137 0.859655 0.132274 0.28069 0.00086253
0 0.850979 0.16833 0.298043 0.33666 0.000857963
2 0.395131 0.894241 0.566611 0.211518 0.000857005
2 0.0851949 0.986533 0.125411 0.0269337 0.000854112
2 0.975167 0.214692 0.0496662 0.208783 0.000852943
2 0.987538 0.527838 0.0249246 0.195588 0.000851893
2 0.852192 0.146872 0.295617 0.245418 0.0008514
2 0.377446 0.120169 0.258557 0.178372 0.000851107
2 0.984276 0.562847 0.0314481 0.257345 0.000849815
2 0.985775 0.233422 0.0284505 0.19041 0.000846268
2 0.946943 0.915769 0.106114 0.168462 0.000846063
2 0.900383 0.0501736 0.199234 0.100347 0.000844551
0 0.0668903 0.889961 0.133781 0.220078 0.000844205
2 0.987748 0.483483 0.0245037 0.207722 0.000844096
0 0.373935 0.880461 0.565699 0.239078 0.000843626
0 0.851543 0.974237 0.296914 0.0515261 0.00084339
2 0.0264693 0.762319 0.0529387 0.475362 0.000842941
2 0.920363 0.289506 0.159275 0.424023 0.000842136
2 0.102199 0.982855 0.124748 0.0342901 0.000841832
0 0.888479 0.841363 0.223042 0.227989 0.000840895
2 0.413397 0.128903 0.283845 0.209365 0.000838656
2 0.74709 0.131554 0.324335 0.186381 0.000837298
2 0.990008 0.618519 0.0199848 0.260499 0.000836798
0 0.616958 0.742557 0.383664 0.135477 0.000835478
1 0.506697 0.665671 0.271954 0.18854 0.000835456
0 0.0398847 0.921087 0.0797693 0.157826 0.000835229
0 0.642815 0.0926244 0.353114 0.15436 0.000834704
1 0.217505 0.863288 0.433056 0.264538 0.00083291
2 0.2234 0.860939 0.4468 0.278123 0.00083272
2 0.383609 0.0723688 0.466887 0.143346 0.00083243
2 0.866992 0.101311 0.266016 0.202621 0.000832195
1 0.120525 0.908276 0.241051 0.183032 0.000831751
1 0.428618 0.846795 0.659786 0.173829 0.000830727
2 0.0804066 0.661102 0.160813 0.284036 0.000828718
2 0.990248 0.724386 0.0195045 0.186465 0.000826969
2 0.989301 0.375937 0.021398 0.308539 0.000826829
2 0.989283 0.448265 0.0214349 0.242349 0.000825291
2 0.0786027 0.715777 0.157205 0.241446 0.000824311
2 0.814648 0.118373 0.370704 0.236746 0.000821565
0 0.324646 0.790932 0.358396 0.181004 0.000821278
0 0.0955918 0.898226 0.191184 0.203548 0.000821035
0 0.58725 0.102217 0.290276 0.190359 0.000820943
0 0.329754 0.724938 0.323 0.236392 0.000818902
2 0.937077 0.206513 0.125845 0.317355 0.000818553
2 0.865525 0.359631 0.248283 0.193481 0.000818059
2 0.396126 0.914461 0.64317 0.171077 0.000816336
2 0.126792 0.880659 0.253585 0.238683 0.000816052
2 0.992998 0.850349 0.0140042 0.186385 0.000815933
2 0.187561 0.0687448 0.357812 0.135719 0.000815098
