1 0.55541 0.559809 0.652487 0.860347 0.803313
1 0.377893 0.511772 0.739992 0.951714 0.341674
1 0.135402 0.304933 0.270805 0.546777 0.144215
1 0.20499 0.508494 0.40998 0.916757 0.130535
1 0.574629 0.705749 0.612279 0.580021 0.0687645
0 0.427542 0.0930403 0.0450304 0.0644743 0.0622581
0 0.0795157 0.805685 0.10502 0.128845 0.056735
0 0.578329 0.0714386 0.0562472 0.0664577 0.0446119
1 0.132882 0.518172 0.265764 0.899475 0.0302824
1 0.299529 0.434607 0.599059 0.803499 0.0287615
0 0.0843733 0.95492 0.163002 0.0837899 0.0262159
2 0.577082 0.068862 0.0565667 0.0691962 0.0243387
0 0.0895864 0.866784 0.179164 0.266432 0.0223805
1 0.198493 0.5 0.396985 1 0.0210618
1 0.483989 0.64204 0.818036 0.71592 0.0207636
1 0.533214 0.780471 0.698279 0.439057 0.019164
0 0.159786 0.0548419 0.0373347 0.0385572 0.01665
0 0.0542671 0.958608 0.108534 0.0827843 0.0158326
0 0.557288 0.0641256 0.102218 0.0787317 0.0134729
0 0.461323 0.104064 0.124753 0.0893867 0.0130887
0 0.311532 0.149856 0.0804007 0.124917 0.0125564
0 0.0824156 0.966017 0.0654738 0.067642 0.0121904
0 0.425119 0.114999 0.0516363 0.109918 0.0119449
0 0.137361 0.937015 0.0528538 0.0515568 0.0116896
1 0.100982 0.310282 0.198892 0.620563 0.0113113
0 0.102901 0.864043 0.133958 0.251831 0.0100952
1 0.0949366 0.0963072 0.181791 0.192614 0.00985863
1 0.0877524 0.162048 0.173496 0.324095 0.00983549
2 0.31943 0.147175 0.0636889 0.116192 0.00976157
0 0.0643548 0.790172 0.0638631 0.0988904 0.00953802
0 0.272687 0.0508325 0.0810521 0.101665 0.00919075
0 0.253223 0.0654946 0.0288126 0.0665202 0.00783019
0 0.49212 0.0970163 0.0531525 0.0773537 0.00772774
0 0.660279 0.168124 0.0319233 0.0385014 0.00704927
0 0.680347 0.172996 0.078175 0.0571572 0.00696403
0 0.129382 0.859559 0.258765 0.280882 0.0066189
2 0.461946 0.0797631 0.309355 0.123292 0.00645127
0 0.159239 0.056265 0.0403299 0.0557908 0.00642334
0 0.196138 0.831585 0.0476444 0.0806966 0.0063825
0 0.487977 0.0998094 0.0726552 0.0817008 0.00636864
2 0.358862 0.091781 0.509051 0.10626 0.00631671
0 0.429493 0.156795 0.0226683 0.0320288 0.00586658
0 0.32196 0.138952 0.0610238 0.0978714 0.00583052
2 0.365924 0.133142 0.731689 0.184341 0.00581796
1 0.7972 0.769177 0.405083 0.461645 0.00576899
0 0.524789 0.0658099 0.209725 0.13162 0.00567311
0 0.0435755 0.763173 0.0229602 0.035717 0.0055751
0 0.215268 0.851826 0.0867256 0.136942 0.00555466
0 0.304355 0.113538 0.0932892 0.199797 0.00548055
0 0.482953 0.0817953 0.0327231 0.0468787 0.00547951
0 0.490385 0.0732649 0.295193 0.137413 0.00543229
0 0.484236 0.0615413 0.268816 0.123083 0.0051757
1 0.125704 0.0698783 0.237921 0.139757 0.00508554
0 0.276281 0.104925 0.0878363 0.20985 0.00495433
0 0.506778 0.0809208 0.208707 0.131102 0.00478997
0 0.29466 0.0989083 0.116183 0.197817 0.00458675
2 0.404941 0.150675 0.798318 0.260189 0.00455166
0 0.341469 0.0753209 0.64558 0.142803 0.00451495
0 0.10075 0.578861 0.201501 0.842277 0.00426861
0 0.40999 0.130166 0.705549 0.193707 0.0042084
0 0.306653 0.172428 0.0677221 0.0977812 0.00420185
0 0.393822 0.0633377 0.447797 0.126675 0.00417116
0 0.494993 0.0797939 0.541553 0.159588 0.00404821
1 0.954226 0.61795 0.0915483 0.748255 0.00400357
2 0.286341 0.0349751 0.324634 0.0699501 0.0039935
1 0.864235 0.617824 0.271529 0.755047 0.0039442
2 0.182076 0.0501135 0.350882 0.100227 0.0039414
2 0.750278 0.0853493 0.313296 0.170699 0.00391881
2 0.702358 0.0786374 0.320154 0.157275 0.00391409
2 0.323263 0.0448827 0.362117 0.0897654 0.00390271
0 0.599122 0.0742737 0.300075 0.148547 0.00388979
0 0.147231 0.52041 0.294463 0.95459 0.0038643
0 0.333331 0.133478 0.0384833 0.0827969 0.00386329
0 0.530489 0.0615443 0.154622 0.123089 0.00384648
1 0.286242 0.586837 0.569696 0.821536 0.00378338
2 0.647913 0.0742607 0.327128 0.148521 0.00378044
0 0.254728 0.0528922 0.0341371 0.0957889 0.00374039
2 0.533922 0.453379 0.76433 0.871583 0.00372947
0 0.785391 0.264878 0.429219 0.529756 0.00371528
1 0.22291 0.0501202 0.193652 0.10024 0.00371422
0 0.720593 0.454271 0.558815 0.905753 0.00371353
2 0.379002 0.0607652 0.4764 0.12153 0.003665
0 0.322998 0.160728 0.105077 0.154808 0.00366264
2 0.440846 0.268022 0.881692 0.493872 0.00365792
0 0.0846432 0.96277 0.166208 0.07446 0.00364796
1 0.719509 0.771189 0.348377 0.457622 0.00363995
0 0.391266 0.219291 0.775114 0.422315 0.00363188
0 0.676752 0.182004 0.0715143 0.0765641 0.00362776
0 0.441113 0.170223 0.733131 0.294279 0.00362695
0 0.426898 0.448427 0.844873 0.896853 0.00361588
1 0.367383 0.653898 0.713854 0.67831 0.00360375
0 0.886639 0.559757 0.226723 0.858834 0.00357244
1 0.955155 0.755378 0.0844248 0.450912 0.00357045
2 0.659955 0.491167 0.680089 0.967539 0.00354054
0 0.31671 0.956002 0.0390807 0.0405878 0.00350853
0 0.648207 0.0935515 0.46416 0.187103 0.00349539
0 0.662367 0.563239 0.488831 0.871617 0.00347774
0 0.742768 0.0963554 0.370617 0.192711 0.0034656
2 0.411931 0.507819 0.823863 0.933909 0.00346447
2 0.729232 0.594619 0.407424 0.798628 0.00346248
0 0.842342 0.103131 0.315317 0.206262 0.00345148
2 0.836265 0.08812 0.26789 0.17624 0.00341116
0 0.862374 0.272341 0.275253 0.544683 0.00341103
1 0.750885 0.613526 0.498231 0.770327 0.00337657
0 0.832605 0.414391 0.33479 0.822106 0.00337146
0 0.391597 0.398198 0.754042 0.694556 0.00336609
2 0.618071 0.568273 0.552488 0.863454 0.00335916
0 0.94975 0.541727 0.1005 0.856649 0.00334015
0 0.875262 0.135281 0.249476 0.270562 0.00331222
1 0.93097 0.844326 0.13806 0.311347 0.00329087
0 0.0933878 0.821741 0.0788434 0.0941397 0.00328265
0 0.698269 0.237136 0.5546 0.474273 0.00323925
2 0.378043 0.213378 0.756086 0.307088 0.003228
1 0.328077 0.0645227 0.635136 0.129045 0.00319916
0 0.923183 0.188376 0.153634 0.376752 0.00317713
0 0.871683 0.0848092 0.239589 0.169618 0.0031392
0 0.939376 0.276137 0.121247 0.552273 0.0030803
0 0.928566 0.0848384 0.142867 0.169677 0.00307955
0 0.23678 0.585363 0.47356 0.828707 0.00307871
0 0.551097 0.192621 0.733737 0.359497 0.00307607
0 0.055374 0.790615 0.049595 0.0905631 0.00306968
0 0.948625 0.371096 0.102749 0.723278 0.00306243
0 0.284987 0.064009 0.563007 0.128018 0.0030131
2 0.567585 0.0496025 0.0816403 0.099205 0.0029842
0 0.196622 0.0416036 0.13617 0.0832072 0.00294097
0 0.269653 0.855533 0.531772 0.288934 0.00293789
0 0.767408 0.633833 0.465184 0.727075 0.00293145
2 0.719458 0.658463 0.326935 0.591495 0.0029295
0 0.157261 0.0714532 0.312506 0.142906 0.00288892
0 0.0719752 0.974643 0.14395 0.050713 0.00287056
1 0.668821 0.696689 0.425803 0.575268 0.00286652
0 0.328123 0.121287 0.0482611 0.062101 0.00285634
0 0.293697 0.715756 0.581705 0.56406 0.00280709
1 0.644781 0.59058 0.490386 0.81884 0.00277065
0 0.426731 0.768211 0.755188 0.463578 0.00269398
0 0.197416 0.252718 0.394833 0.427445 0.00267096
0 0.479552 0.7022 0.814731 0.595601 0.0026682
2 0.0714188 0.100445 0.142838 0.20089 0.00262776
1 0.0714973 0.118703 0.139974 0.237406 0.0025476
0 0.372647 0.874054 0.69317 0.251892 0.00251246
0 0.322445 0.795949 0.635937 0.404309 0.00244105
0 0.101675 0.955739 0.20335 0.0885222 0.00241235
0 0.910625 0.219009 0.0210403 0.0320549 0.00235465
0 0.693279 0.170187 0.103302 0.0616491 0.00227208
0 0.11009 0.955339 0.126144 0.0857388 0.00224945
0 0.187555 0.0486008 0.102416 0.0951896 0.00215545
0 0.0925344 0.0791111 0.180649 0.131015 0.00214936
0 0.059377 0.979686 0.11846 0.0406284 0.00214309
0 0.0482159 0.768222 0.0304608 0.0467095 0.00209743
0 0.284671 0.0694791 0.108402 0.138958 0.00207939
0 0.0856834 0.957792 0.0761091 0.0772828 0.00204672
1 0.0753805 0.185114 0.146241 0.276038 0.00202202
1 0.07096 0.122309 0.13825 0.15293 0.00196174
0 0.424618 0.119557 0.139973 0.144689 0.00195355
1 0.142605 0.464123 0.123322 0.231884 0.00193469
0 0.141372 0.886327 0.268385 0.206355 0.00192762
2 0.274996 0.052439 0.0802598 0.104878 0.00190224
2 0.313134 0.159405 0.0737683 0.134489 0.00187183
2 0.706772 0.765305 0.346474 0.462752 0.00186095
0 0.468731 0.166032 0.142888 0.225881 0.00184837
2 0.271918 0.0502845 0.123344 0.100569 0.00181003
0 0.219594 0.891581 0.295946 0.216837 0.00179348
0 0.109868 0.236517 0.215671 0.343029 0.00178611
0 0.143771 0.467541 0.122769 0.224687 0.00177313
0 0.273339 0.881518 0.211584 0.21432 0.00172
1 0.531914 0.0534912 0.155672 0.106982 0.00171062
2 0.205626 0.854098 0.0674557 0.126801 0.00170604
0 0.0609034 0.849923 0.121277 0.300154 0.00169675
0 0.0956477 0.95302 0.191295 0.0939591 0.00169468
0 0.144425 0.932943 0.0380431 0.0483173 0.00166849
1 0.070894 0.155816 0.140056 0.311631 0.00163684
0 0.0604239 0.934874 0.11748 0.130252 0.00163207
2 0.300763 0.0487572 0.14903 0.0975143 0.00161979
0 0.0895005 0.0975496 0.167402 0.195099 0.00161401
2 0.503613 0.17692 0.208531 0.247319 0.00159523
0 0.21106 0.643179 0.276451 0.477154 0.0015796
1 0.482062 0.187184 0.170455 0.266403 0.00157325
0 0.697158 0.211604 0.116958 0.127049 0.00153938
0 0.112384 0.302874 0.222315 0.468866 0.00153431
0 0.689855 0.314002 0.114329 0.1868 0.00152452
0 0.910559 0.221722 0.0274434 0.0375511 0.00151022
0 0.688228 0.19356 0.0956277 0.0956893 0.00150344
0 0.537976 0.00770276 0.153148 0.0154055 0.00146984
1 0.202202 0.0465658 0.137066 0.0931316 0.00145809
1 0.0745743 0.858513 0.146862 0.262505 0.00143174
1 0.624032 0.393176 0.247379 0.342708 0.00142418
1 0.130152 0.369365 0.232066 0.455753 0.00141455
1 0.527987 0.320734 0.199729 0.311768 0.00140657
2 0.210522 0.892846 0.256059 0.214307 0.00138502
0 0.0750385 0.810153 0.0562927 0.0809277 0.00138011
2 0.144708 0.935209 0.0371948 0.0442746 0.00137721
2 0.909735 0.220268 0.0243259 0.0280935 0.00135576
0 0.723605 0.164785 0.1739 0.141355 0.0013544
0 0.104946 0.98119 0.209891 0.0376199 0.00134646
1 0.0716432 0.0873607 0.139936 0.167761 0.00133893
2 0.974782 0.939271 0.0504358 0.109722 0.00132922
0 0.301177 0.0717139 0.0250621 0.0481096 0.00132402
0 0.122228 0.0852612 0.187358 0.13086 0.00129974
0 0.0270637 0.977122 0.0532968 0.0451052 0.0012878
1 0.771269 0.751573 0.198083 0.414712 0.00128746
0 0.335359 0.118089 0.0352011 0.0553026 0.0012761
2 0.634735 0.081496 0.197378 0.153208 0.00127314
0 0.533588 0.0914517 0.167545 0.148441 0.00127206
2 0.430823 0.155487 0.0296162 0.0381456 0.00125951
1 0.0874299 0.227991 0.174126 0.309145 0.00125906
0 0.32118 0.118384 0.0612545 0.159025 0.00124972
0 0.299287 0.0676933 0.0295066 0.0625498 0.00123787
0 0.355643 0.143338 0.199282 0.165616 0.00122726
2 0.535205 0.0254228 0.161406 0.0508455 0.00122507
1 0.242683 0.0390946 0.208629 0.0781893 0.00121624
0 0.215521 0.121023 0.203949 0.240485 0.00121349
0 0.0721544 0.716577 0.142456 0.344395 0.00121193
2 0.580172 0.0719681 0.0767803 0.0795271 0.00121067
2 0.0708767 0.119433 0.139394 0.238866 0.0011836
0 0.203204 0.0852898 0.167744 0.164632 0.0011816
0 0.0661701 0.728077 0.131347 0.543846 0.00117724
2 0.506223 0.22791 0.217917 0.267087 0.00116917
1 0.619796 0.464776 0.265383 0.47672 0.00116841
0 0.316385 0.964991 0.0430796 0.0666334 0.00116547
1 0.195151 0.82739 0.046168 0.0797012 0.00115324
2 0.251827 0.0483698 0.0327094 0.0917257 0.0011532
0 0.223908 0.811182 0.139415 0.223133 0.00114937
0 0.123995 0.989807 0.247991 0.0203851 0.00114014
0 0.299336 0.165652 0.100972 0.160726 0.00113692
0 0.129821 0.824827 0.204691 0.14861 0.00113482
0 0.248646 0.844089 0.154167 0.150664 0.00113028
2 0.938553 0.00248566 0.122893 0.00497132 0.00112904
1 0.508205 0.259087 0.215817 0.253278 0.00112338
0 0.129568 0.00386064 0.2301 0.00772129 0.0011186
1 0.0715675 0.199652 0.142257 0.399304 0.00111682
2 0.96597 0.915087 0.0680592 0.144986 0.00111269
2 0.585055 0.0780257 0.0446134 0.0474192 0.00110735
0 0.211455 0.192451 0.274059 0.383597 0.00109982
0 0.634766 0.0831632 0.200303 0.166326 0.00109452
2 0.0985257 0.954653 0.197051 0.0906937 0.00109386
0 0.665633 0.335557 0.134831 0.208652 0.00109371
0 0.366703 0.214489 0.0238914 0.0466217 0.00108359
1 0.443231 0.135331 0.11039 0.17601 0.0010832
0 0.983488 0.72943 0.0330243 0.160772 0.00108273
0 0.957679 0.859152 0.084643 0.245337 0.00108138
1 0.0631594 0.783316 0.126319 0.433368 0.00108123
0 0.664242 0.1655 0.038492 0.0441119 0.00108067
0 0.911543 0.976731 0.016054 0.0465375 0.00107718
0 0.991041 0.666149 0.0179187 0.187129 0.00107371
1 0.572158 0.346257 0.264031 0.362139 0.00107343
2 0.95887 0.82337 0.0822607 0.325736 0.00106819
1 0.186428 0.475315 0.233999 0.247266 0.00105959
0 0.352291 0.988518 0.124151 0.0229638 0.00105878
2 0.330389 0.110821 0.235684 0.221641 0.00105191
0 0.267592 0.162511 0.16738 0.311542 0.00104924
1 0.60838 0.00291244 0.217774 0.00582487 0.00104905
0 0.652944 0.174764 0.0679562 0.055503 0.00104779
1 0.0630668 0.13711 0.096842 0.120794 0.00104506
0 0.111771 0.832828 0.038991 0.0803132 0.00104377
0 0.414239 0.976568 0.241662 0.0468635 0.00104124
0 0.160233 0.180003 0.320465 0.346897 0.00103585
0 0.720541 0.205093 0.104173 0.0960641 0.00103187
0 0.0930151 0.0443 0.184986 0.0886 0.00103084
0 0.366198 0.00594086 0.284648 0.0118817 0.00102695
1 0.666399 0.396973 0.161867 0.336385 0.00102675
2 0.510336 0.278338 0.219436 0.238094 0.00102658
0 0.393151 0.979492 0.21944 0.0410167 0.00102431
0 0.200339 0.996419 0.192598 0.00716254 0.00102139
0 0.702055 0.267203 0.141903 0.250735 0.00102137
0 0.3105 0.163592 0.0653645 0.129413 0.00101821
1 0.954873 0.821787 0.0898339 0.356426 0.00101493
2 0.79016 0.0966774 0.206123 0.193355 0.00101485
2 0.0663059 0.748488 0.132612 0.503023 0.00101439
1 0.468187 0.26118 0.140292 0.233514 0.00101056
0 0.147297 0.00185149 0.242042 0.00370299 0.0010096
0 0.121445 0.47401 0.218517 0.239272 0.00100944
2 0.959757 0.965758 0.0804859 0.0684841 0.00100914
0 0.961277 0.902896 0.0774461 0.167249 0.00100748
2 0.526479 0.0132069 0.176925 0.0264138 0.0010059
0 0.106437 0.45869 0.14621 0.217954 0.00100344
0 0.105373 0.733535 0.173151 0.35133 0.00099943
1 0.73381 0.744365 0.246689 0.440089 0.000995724
2 0.846812 0.0971591 0.188789 0.194318 0.000993499
0 0.674287 0.996351 0.351587 0.00729846 0.00099258
2 0.199332 0.0142681 0.161301 0.0285361 0.000992393
1 0.624659 0.0541338 0.194132 0.108268 0.000988553
1 0.938962 0.979919 0.122076 0.0401617 0.000987894
1 0.357814 0.156161 0.195506 0.210138 0.000987221
0 0.950915 0.822845 0.0981707 0.354309 0.000982874
0 0.451401 0.920349 0.338958 0.159303 0.000980973
0 0.634924 0.047513 0.193968 0.095026 0.000977904
0 0.153987 0.826443 0.252129 0.185079 0.000974694
2 0.971939 0.230638 0.0561224 0.241749 0.000974638
1 0.591356 0.396755 0.327317 0.424587 0.000969804
0 0.35007 0.0457574 0.251245 0.0915147 0.000969009
0 0.375907 0.816368 0.156249 0.248968 0.00096753
0 0.205384 0.507463 0.25602 0.311366 0.000965866
2 0.188238 0.00453449 0.18279 0.00906898 0.000964515
0 0.334456 0.987995 0.127519 0.0240095 0.000962447
0 0.718887 0.196817 0.131022 0.0935943 0.00096128
2 0.160404 0.0523998 0.0456409 0.0432035 0.000960874
0 0.276573 0.0649579 0.0751982 0.0771092 0.000957866
0 0.0752011 0.33249 0.149978 0.554414 0.000954746
2 0.976667 0.325417 0.0466667 0.156022 0.000953841
2 0.963056 0.176863 0.0738884 0.223965 0.000952712
