2 0.569356 0.541033 0.591594 0.917933 0.964895
2 0.564565 0.733876 0.60255 0.532248 0.151565
2 0.548199 0.803632 0.650318 0.392737 0.0533678
1 0.15636 0.567538 0.311663 0.864924 0.0428809
1 0.309263 0.042057 0.158387 0.084114 0.0382446
2 0.175746 0.612011 0.349376 0.775979 0.0334174
2 0.527085 0.84126 0.564204 0.31748 0.0295834
1 0.112657 0.531072 0.224504 0.937856 0.0283285
2 0.476929 0.108625 0.850832 0.217251 0.0249163
2 0.534701 0.0791908 0.89095 0.158382 0.0234146
2 0.954608 0.479714 0.0907837 0.959427 0.0188258
2 0.679253 0.0708428 0.427273 0.141686 0.0174997
2 0.629288 0.0942592 0.375248 0.188518 0.0162954
2 0.287813 0.0346935 0.301464 0.0693871 0.0155548
2 0.935111 0.416174 0.127883 0.828773 0.013358
2 0.375026 0.0592419 0.689095 0.118484 0.0133534
2 0.918731 0.108918 0.159781 0.217836 0.0130877
2 0.521434 0.516685 0.930589 0.899101 0.0122827
2 0.486211 0.88926 0.653681 0.22148 0.0115524
1 0.207276 0.0431075 0.362623 0.086215 0.0115067
2 0.458711 0.193393 0.917422 0.386787 0.0114885
2 0.233237 0.938986 0.466474 0.122028 0.011436
2 0.35623 0.0360415 0.36553 0.0720831 0.0113902
2 0.232611 0.0548239 0.396281 0.109648 0.0113454
2 0.549953 0.0990416 0.478389 0.198083 0.0112544
2 0.430677 0.919278 0.737562 0.161443 0.0108454
2 0.922216 0.319579 0.154567 0.639158 0.0102283
2 0.0225755 0.444803 0.0451509 0.304995 0.0101008
2 0.310885 0.931599 0.621769 0.136802 0.00967293
2 0.485392 0.335484 0.961558 0.561556 0.00910047
2 0.215493 0.0326557 0.362028 0.0653114 0.00896497
2 0.415557 0.0554231 0.511767 0.110846 0.00867749
0 0.172948 0.23267 0.0546807 0.0952157 0.00865547
1 0.0620191 0.518555 0.121743 0.934552 0.00857871
0 0.94756 0.38139 0.104201 0.541145 0.00853074
2 0.949149 0.394881 0.100747 0.525895 0.00846554
2 0.772259 0.0775545 0.438497 0.155109 0.00839584
2 0.310817 0.043318 0.153717 0.0866361 0.00838085
2 0.489148 0.0895156 0.651787 0.179031 0.00819033
2 0.376352 0.954376 0.752704 0.0912471 0.00790962
0 0.962945 0.890423 0.074111 0.191543 0.00785425
2 0.199369 0.927499 0.398737 0.145002 0.00771152
2 0.907138 0.494505 0.183639 0.989009 0.00758514
2 0.797469 0.49979 0.399976 0.978909 0.00756096
2 0.919816 0.201766 0.158129 0.403531 0.00745917
2 0.556277 0.253816 0.887446 0.49712 0.00741117
2 0.380347 0.852408 0.760035 0.295183 0.00682224
2 0.393981 0.563624 0.786299 0.865614 0.00681896
0 0.168205 0.228418 0.0649489 0.114788 0.00644576
0 0.148716 0.232929 0.101957 0.123553 0.00640724
2 0.837246 0.089368 0.323661 0.178736 0.00630854
2 0.567223 0.934334 0.609595 0.131332 0.00628282
1 0.04883 0.445573 0.0952242 0.891147 0.00621319
2 0.735315 0.0959708 0.529369 0.191942 0.0058416
1 0.199005 0.0339837 0.398009 0.0679674 0.00575728
2 0.291927 0.870395 0.582093 0.25921 0.00571957
0 0.02398 0.433313 0.0473603 0.466293 0.00557331
2 0.870076 0.213279 0.259848 0.426558 0.00555044
0 0.991199 0.8399 0.0176011 0.0367101 0.00537502
1 0.0960284 0.371948 0.190328 0.743896 0.00499075
1 0.0653461 0.385325 0.128516 0.77065 0.00498514
0 0.0198259 0.42445 0.0386523 0.31865 0.00497763
2 0.381112 0.141816 0.759409 0.283632 0.00496685
2 0.751389 0.769117 0.488485 0.461765 0.00476974
2 0.187555 0.065193 0.37511 0.130386 0.00474694
0 0.926071 0.220385 0.146332 0.286559 0.00454462
2 0.672894 0.24085 0.654212 0.481699 0.00452793
1 0.922073 0.131649 0.155853 0.263298 0.00437024
2 0.298776 0.180029 0.596898 0.360059 0.00433281
2 0.689755 0.930092 0.137515 0.139817 0.00432884
1 0.142176 0.0499323 0.281777 0.0998646 0.00430774
2 0.667856 0.475537 0.392867 0.826229 0.00425242
2 0.7031 0.445545 0.581115 0.782948 0.00414259
2 0.961538 0.0839697 0.0769246 0.167939 0.004132
2 0.952102 0.427268 0.0957968 0.387799 0.00408436
0 0.246394 0.928047 0.492788 0.143905 0.00403358
2 0.724007 0.540485 0.365427 0.565248 0.00389566
0 0.960255 0.852314 0.0786211 0.272518 0.00388548
1 0.0976675 0.0701555 0.195335 0.140311 0.00387235
0 0.944603 0.254113 0.109306 0.327548 0.00384786
0 0.162686 0.31351 0.32414 0.62702 0.00384272
2 0.738108 0.498389 0.433554 0.836195 0.00382747
2 0.174504 0.776738 0.348173 0.446524 0.00382505
0 0.989267 0.87525 0.0207397 0.108994 0.00377498
0 0.199541 0.211878 0.396419 0.423755 0.0037522
1 0.061291 0.276256 0.122582 0.552512 0.00374213
2 0.304384 0.512463 0.608768 0.975073 0.00372498
0 0.120286 0.305049 0.0377859 0.0530444 0.00370509
1 0.165764 0.206439 0.331528 0.412879 0.00359414
2 0.620442 0.950596 0.571469 0.0988077 0.00358145
2 0.929751 0.781732 0.138704 0.436536 0.00356236
2 0.698037 0.727071 0.512993 0.545859 0.00354912
2 0.926504 0.637231 0.143269 0.725539 0.00347618
2 0.690089 0.593109 0.348549 0.431227 0.00341905
0 0.278352 0.928005 0.556704 0.14399 0.00338109
2 0.957225 0.803633 0.0855492 0.392734 0.00335739
0 0.921919 0.219913 0.155832 0.384534 0.00331215
0 0.135368 0.524511 0.264451 0.950978 0.00327861
2 0.286733 0.0413434 0.208305 0.0826867 0.00325942
2 0.399787 0.554184 0.231645 0.279338 0.0031827
2 0.959333 0.894335 0.0802471 0.193234 0.00316862
2 0.761999 0.628534 0.476002 0.6965 0.00315818
0 0.988713 0.81429 0.0225733 0.201724 0.00315711
0 0.13688 0.390346 0.27376 0.780691 0.00312826
1 0.953678 0.684973 0.0926438 0.630055 0.0030042
0 0.979604 0.86822 0.0401745 0.103116 0.00296989
0 0.284642 0.488825 0.569284 0.97765 0.00281843
2 0.89444 0.865664 0.209143 0.268672 0.00260757
2 0.802097 0.812966 0.394418 0.374069 0.00258203
0 0.136519 0.88868 0.273037 0.22264 0.00258101
0 0.0238059 0.43494 0.0468043 0.679875 0.0025791
1 0.688074 0.936038 0.138021 0.127924 0.00256512
2 0.753177 0.950374 0.477954 0.0992515 0.00251411
0 0.0229745 0.470994 0.0454965 0.334334 0.00251366
2 0.689808 0.825116 0.533939 0.349768 0.00251098
2 0.620756 0.228761 0.208479 0.281567 0.00245975
1 0.615613 0.0814321 0.168506 0.162864 0.00237483
0 0.989405 0.835488 0.0211186 0.139022 0.00234637
0 0.991164 0.748581 0.0176725 0.239664 0.00233392
2 0.700321 0.686285 0.356314 0.607699 0.00229188
1 0.394165 0.043283 0.319557 0.086566 0.00225522
0 0.965199 0.79574 0.0696015 0.259763 0.00224299
2 0.689708 0.844771 0.142888 0.310458 0.0022256
2 0.581561 0.0826979 0.123903 0.165396 0.00220715
2 0.610611 0.0877668 0.1584 0.175534 0.00218768
1 0.588916 0.0792155 0.146333 0.158431 0.00211093
2 0.957227 0.0495164 0.0855456 0.0990328 0.00206889
0 0.413279 0.187347 0.0237858 0.0295602 0.00204324
0 0.102385 0.668131 0.20477 0.206138 0.00203416
0 0.103332 0.6052 0.206664 0.355375 0.00202876
0 0.961875 0.786019 0.0756775 0.387026 0.00202534
0 0.415081 0.183329 0.0211092 0.0307864 0.00202254
0 0.0140364 0.449434 0.0269919 0.321095 0.00196379
0 0.990733 0.785639 0.0185339 0.347894 0.00196266
0 0.194632 0.923967 0.389263 0.138701 0.00193795
2 0.0435393 0.447543 0.0870786 0.354469 0.00191182
1 0.963087 0.468959 0.0738253 0.304581 0.00190784
2 0.966403 0.759909 0.0671947 0.352107 0.0018678
2 0.619308 0.123491 0.262297 0.246981 0.001858
0 0.0239482 0.542608 0.0478963 0.487649 0.00175678
0 0.121709 0.920704 0.243417 0.154178 0.00170522
2 0.763752 0.188657 0.0889218 0.100463 0.00170473
2 0.593938 0.246395 0.232673 0.321265 0.00170116
0 0.982502 0.837407 0.0347942 0.323213 0.0017007
2 0.621391 0.118052 0.1523 0.236104 0.0016955
2 0.691377 0.753344 0.139272 0.160929 0.00168503
0 0.317929 0.471132 0.130378 0.322538 0.00165063
0 0.276746 0.926146 0.553492 0.147707 0.00160683
1 0.5958 0.913474 0.336598 0.173053 0.00160536
2 0.972371 0.101609 0.0545156 0.203217 0.00159092
2 0.0140836 0.469229 0.0270111 0.335786 0.00156703
2 0.967372 0.70385 0.0652552 0.576176 0.00155889
2 0.663731 0.0630155 0.174178 0.126031 0.00154658
1 0.239183 0.0539226 0.478365 0.107845 0.00154382
1 0.26991 0.0616613 0.245317 0.123323 0.00154141
0 0.139671 0.671618 0.128666 0.196038 0.00153237
0 0.178821 0.243434 0.0449041 0.0789523 0.00152871
2 0.934701 0.0525539 0.130044 0.105108 0.00152258
2 0.71123 0.26854 0.234154 0.359599 0.00147858
1 0.688525 0.984651 0.141066 0.0306981 0.00147505
2 0.968743 0.0585871 0.0625144 0.117174 0.00146664
1 0.555291 0.0876017 0.157347 0.175203 0.00146645
0 0.97723 0.630534 0.044682 0.0945534 0.00146168
1 0.307465 0.0635452 0.173024 0.12709 0.00144612
2 0.966516 0.55978 0.066967 0.409777 0.00142072
2 0.972799 0.719857 0.0544011 0.32456 0.00141439
0 0.116486 0.838329 0.232971 0.322711 0.00141358
2 0.660485 0.147247 0.155377 0.294494 0.00140819
2 0.696625 0.738393 0.099908 0.124404 0.00140667
1 0.271578 0.0848738 0.543156 0.169748 0.00140174
0 0.13846 0.30077 0.08997 0.0588116 0.00140108
0 0.103573 0.20196 0.207146 0.262839 0.00139408
2 0.260234 0.0467943 0.275138 0.0935886 0.00139257
0 0.205286 0.924399 0.410572 0.151201 0.00139026
0 0.0359864 0.576476 0.0713558 0.545341 0.00138968
0 0.975637 0.892279 0.0478735 0.150773 0.00138728
2 0.984212 0.116889 0.0313496 0.233778 0.00138325
2 0.669517 0.0265775 0.197158 0.053155 0.001373
2 0.51214 0.87073 0.303267 0.248375 0.00136384
0 0.948439 0.829496 0.102921 0.291845 0.00134492
2 0.586184 0.176479 0.174714 0.186513 0.00134407
2 0.734391 0.211921 0.147973 0.199011 0.00133675
2 0.987958 0.114366 0.0235523 0.228731 0.00132479
1 0.140976 0.6949 0.124665 0.137605 0.00132435
0 0.0987843 0.58988 0.197569 0.529404 0.00131751
2 0.60828 0.0175914 0.177887 0.0351828 0.00130908
2 0.893254 0.0946235 0.209935 0.189247 0.00130869
1 0.367782 0.0466624 0.434783 0.0933248 0.00130131
0 0.0267788 0.415083 0.053332 0.320995 0.00129457
2 0.893051 0.647518 0.213897 0.47198 0.00128477
2 0.648277 0.191305 0.152658 0.222928 0.00128073
2 0.339996 0.902925 0.360881 0.194149 0.00127971
2 0.981607 0.10472 0.0362061 0.209441 0.00127816
2 0.689257 0.890958 0.137695 0.211628 0.00127424
0 0.97768 0.804617 0.0445415 0.37923 0.00127236
1 0.685674 0.740777 0.135905 0.126416 0.00126769
1 0.215345 0.0879355 0.348221 0.175871 0.00126385
1 0.411278 0.0819472 0.554228 0.163894 0.00126009
0 0.377995 0.778989 0.190115 0.435461 0.00125648
1 0.923317 0.105285 0.15336 0.18533 0.00125239
0 0.148025 0.276135 0.120848 0.221847 0.00124855
0 0.946791 0.778019 0.106418 0.350049 0.00124551
1 0.68779 0.977931 0.163524 0.0441377 0.00124145
0 0.20179 0.925849 0.40358 0.148302 0.00123782
0 0.340488 0.475624 0.177258 0.350301 0.00123005
0 0.973578 0.371623 0.0521145 0.331508 0.00121389
0 0.179591 0.226151 0.0827321 0.145099 0.00121348
2 0.346253 0.491061 0.185194 0.377142 0.00120816
2 0.631625 0.0327495 0.205919 0.0654991 0.0011987
1 0.921855 0.198962 0.15629 0.286589 0.00119819
2 0.923606 0.0290651 0.152787 0.0581302 0.0011932
0 0.108169 0.175197 0.216338 0.350394 0.00118668
1 0.962911 0.597458 0.0736139 0.632898 0.00118579
2 0.92377 0.703231 0.152459 0.437667 0.00118567
2 0.680254 0.195194 0.107349 0.214193 0.00117854
1 0.962777 0.760094 0.0740055 0.479812 0.00117524
0 0.0679688 0.431469 0.135938 0.345087 0.0011705
2 0.979535 0.106129 0.0406862 0.212258 0.0011694
0 0.761351 0.189869 0.091338 0.099818 0.00115711
2 0.374422 0.358266 0.0437858 0.0580971 0.00115222
1 0.205412 0.11348 0.382684 0.22696 0.00114927
2 0.371852 0.617047 0.177374 0.418101 0.00114109
1 0.306667 0.082991 0.210502 0.165982 0.00113814
2 0.0208665 0.604119 0.041145 0.589159 0.00113069
0 0.838978 0.0968869 0.303041 0.193774 0.00112914
0 0.15851 0.914844 0.242987 0.146209 0.00112875
0 0.164895 0.295349 0.189457 0.253793 0.00112643
1 0.515131 0.854662 0.301486 0.290677 0.00111882
0 0.126315 0.651424 0.158305 0.258356 0.00111635
2 0.898064 0.00510246 0.203872 0.0102049 0.00111361
1 0.075265 0.00963507 0.15053 0.0192701 0.001113
0 0.104981 0.244918 0.209961 0.176564 0.00110829
2 0.605468 0.144787 0.135571 0.170858 0.00110267
0 0.139505 0.702731 0.124633 0.122522 0.00110185
2 0.51392 0.751595 0.297111 0.331054 0.00109125
0 0.547183 0.249643 0.296395 0.33154 0.00108728
0 0.289842 0.91606 0.46085 0.16788 0.00108291
1 0.407604 0.611745 0.260464 0.405898 0.00107845
1 0.507914 0.0747254 0.247432 0.149451 0.00107755
1 0.631412 0.89177 0.25958 0.21125 0.00107535
0 0.370587 0.876515 0.17207 0.238072 0.00107262
1 0.685568 0.83934 0.153622 0.32132 0.00106636
1 0.657379 0.0699451 0.216753 0.13989 0.00106361
0 0.86548 0.0447872 0.225887 0.0895744 0.00106283
2 0.701398 0.149819 0.195673 0.299638 0.00105833
0 0.0461934 0.291752 0.0923641 0.555173 0.00105769
0 0.427387 0.220975 0.0605214 0.110022 0.00105738
0 0.156652 0.947871 0.313303 0.104258 0.00105524
1 0.401834 0.0320692 0.419754 0.0641383 0.00105296
2 0.580733 0.00519301 0.190471 0.010386 0.00105101
1 0.141064 0.716038 0.121832 0.0992084 0.00105074
1 0.93618 0.758783 0.12764 0.401223 0.00104243
2 0.192862 0.336125 0.27844 0.369978 0.00104206
0 0.455552 0.324779 0.215774 0.261637 0.00104006
1 0.572714 0.100982 0.158688 0.201963 0.00103116
2 0.972994 0.40666 0.0540123 0.216286 0.00103027
2 0.958328 0.954718 0.0833432 0.0905638 0.00102814
0 0.384049 0.894547 0.173796 0.189875 0.00102379
0 0.343769 0.156379 0.207615 0.307648 0.00102306
0 0.394315 0.858402 0.219717 0.270003 0.00102268
0 0.406444 0.112556 0.294057 0.225111 0.00102233
1 0.209124 0.0435682 0.418248 0.0871364 0.00102171
2 0.768255 0.597254 0.186699 0.209644 0.00102107
0 0.978326 0.859266 0.0433487 0.160837 0.00101527
0 0.0753067 0.298778 0.150613 0.491227 0.0010152
1 0.217224 0.014374 0.434448 0.028748 0.00101292
1 0.287125 0.13158 0.23807 0.263161 0.00101245
2 0.048824 0.335697 0.0971108 0.671395 0.00101078
0 0.106307 0.697283 0.19846 0.13964 0.0010105
0 0.0643443 0.560906 0.128689 0.520198 0.00100958
2 0.782334 0.878699 0.296286 0.235575 0.00100919
1 0.348066 0.134385 0.297286 0.26877 0.00100854
2 0.0588478 0.0549948 0.117696 0.10999 0.00100794
2 0.200323 0.40051 0.303347 0.47899 0.0010077
1 0.507789 0.932982 0.305591 0.130213 0.00100677
2 0.417757 0.892711 0.466518 0.214579 0.00100661
2 0.7834 0.00812113 0.287945 0.0162423 0.00100487
1 0.514049 0.902973 0.303589 0.189891 0.00100467
0 0.0785394 0.834374 0.156203 0.331253 0.00100417
0 0.879538 0.716132 0.115149 0.148177 0.00100398
0 0.893626 0.637424 0.212749 0.338086 0.00100295
0 0.461441 0.145622 0.230772 0.291244 0.00100227
0 0.346192 0.643269 0.124819 0.326908 0.00100002
0 0.0123113 0.512477 0.0237898 0.28958 0.000996774
2 0.0366119 0.301311 0.0721975 0.602623 0.000991873
1 0.773855 0.921576 0.340575 0.156848 0.00099172
2 0.0778826 0.443439 0.155765 0.350348 0.00099083
0 0.737903 0.14491 0.144273 0.289821 0.000987107
2 0.917685 0.0116117 0.16463 0.0232233 0.000985851
1 0.670925 0.992606 0.167935 0.0147871 0.000984945
0 0.461492 0.102725 0.321187 0.20545 0.000984663
2 0.055583 0.0787788 0.111166 0.157558 0.000983075
1 0.222779 0.00397216 0.403583 0.00794431 0.000981443
0 0.975319 0.862664 0.0493622 0.235102 0.000980649
2 0.742889 0.79924 0.296422 0.287164 0.000977478
2 0.738322 0.110636 0.319957 0.221272 0.000976511
2 0.0827728 0.231463 0.165546 0.462927 0.000975085
2 0.796923 0.798406 0.290042 0.396602 0.000974601
0 0.307498 0.633893 0.17164 0.439744 0.000974378
2 0.97387 0.364184 0.0515303 0.241587 0.000972744
