2 0.884742 0.876648 0.188759 0.135132 0.551738
2 0.129652 0.501324 0.137982 0.0884424 0.53086
1 0.156079 0.0623979 0.309286 0.124796 0.43985
1 0.16395 0.256746 0.119119 0.0925796 0.359458
2 0.478895 0.142962 0.261477 0.281936 0.356601
1 0.481855 0.143474 0.26025 0.280523 0.231167
2 0.505845 0.597023 0.872048 0.759785 0.203107
2 0.658565 0.385915 0.561796 0.331616 0.16532
2 0.738835 0.39529 0.396848 0.350917 0.0705837
2 0.171095 0.0526367 0.231631 0.105273 0.0663496
2 0.493058 0.40745 0.912158 0.8149 0.0595039
1 0.316482 0.0577563 0.632964 0.113892 0.0553593
2 0.595098 0.38255 0.694402 0.695395 0.0531972
2 0.888837 0.840979 0.218075 0.213008 0.0374241
2 0.0856941 0.0354648 0.171388 0.0709297 0.0371274
2 0.871635 0.874069 0.131631 0.129902 0.0355999
1 0.330969 0.12277 0.661939 0.242149 0.0339355
1 0.13009 0.502045 0.138191 0.0936972 0.033306
2 0.166476 0.258743 0.116272 0.0913802 0.0327632
1 0.88852 0.830148 0.215912 0.241759 0.0315153
2 0.149293 0.0575713 0.298586 0.11503 0.0282684
1 0.399343 0.145513 0.790501 0.288523 0.0279236
1 0.594212 0.100767 0.50526 0.201452 0.02655
1 0.176225 0.0534265 0.225459 0.106853 0.0259228
2 0.450022 0.476654 0.361112 0.176408 0.0242474
1 0.622546 0.138821 0.596505 0.276008 0.0242249
1 0.161234 0.15084 0.322468 0.301681 0.0239791
2 0.0886567 0.0518984 0.177313 0.103797 0.0227374
1 0.499255 0.429683 0.998509 0.859367 0.0208783
1 0.174264 0.0836066 0.348528 0.165175 0.0201806
1 0.505443 0.14444 0.392606 0.285414 0.0201446
2 0.127906 0.491302 0.122985 0.0682188 0.0195465
1 0.76976 0.0821073 0.349182 0.164215 0.0184342
1 0.162936 0.845126 0.207789 0.132374 0.0176164
1 0.330528 0.0875891 0.60426 0.174817 0.0175641
0 0.183948 0.0513835 0.218699 0.102702 0.01694
1 0.65063 0.186004 0.625708 0.369291 0.0159166
1 0.11153 0.0562747 0.22306 0.112549 0.015388
1 0.160312 0.237642 0.102298 0.0496751 0.0139693
1 0.945922 0.851974 0.106788 0.18185 0.0137647
2 0.163016 0.237273 0.109079 0.0512524 0.0129714
1 0.894864 0.866341 0.209956 0.166738 0.0125043
2 0.159551 0.842047 0.201479 0.128226 0.0120496
1 0.614107 0.351316 0.735727 0.698472 0.0119383
0 0.678941 0.677238 0.0543404 0.0546074 0.0118597
2 0.687848 0.860113 0.0748268 0.0867908 0.0118138
1 0.703766 0.847375 0.12581 0.124403 0.0110679
0 0.108462 0.850971 0.0919661 0.104783 0.0106146
1 0.2164 0.219511 0.4328 0.439023 0.0101298
2 0.951184 0.833293 0.0976325 0.0768609 0.00991473
1 0.687669 0.0822002 0.47325 0.163801 0.00971424
0 0.965641 0.983079 0.0687175 0.0334229 0.00967133
0 0.132045 0.501818 0.137192 0.0907934 0.00930427
0 0.688521 0.862134 0.0756645 0.0895092 0.00907205
1 0.0765647 0.0590645 0.152666 0.117743 0.00875529
2 0.430662 0.567644 0.534635 0.404309 0.00869775
0 0.664055 0.672115 0.0860634 0.0711185 0.00867563
1 0.692016 0.859425 0.0982315 0.0994007 0.00858739
2 0.10083 0.485806 0.0605046 0.0549236 0.00826604
0 0.612231 0.894115 0.0366824 0.031276 0.00813277
0 0.0953908 0.86257 0.0622516 0.079691 0.00812683
1 0.0941568 0.0321992 0.188099 0.0643984 0.00798628
1 0.381352 0.309228 0.750637 0.615998 0.00792591
1 0.89071 0.765817 0.21767 0.381579 0.00790787
1 0.185595 0.318606 0.371191 0.637212 0.00741539
2 0.705435 0.848437 0.123165 0.122341 0.00737663
2 0.972183 0.827198 0.0547236 0.0547966 0.00695165
2 0.6077 0.671711 0.197359 0.0755059 0.00674035
2 0.935882 0.870268 0.128236 0.146135 0.00669427
2 0.229013 0.0507683 0.11625 0.101537 0.00660947
2 0.199521 0.0504537 0.141033 0.100907 0.00651459
1 0.136054 0.253649 0.190293 0.0987762 0.00636808
1 0.194771 0.282715 0.0528447 0.0348929 0.00614174
2 0.765436 0.0860367 0.251506 0.172073 0.00613501
0 0.159932 0.235099 0.101697 0.0549627 0.00612893
2 0.960329 0.829967 0.0793428 0.066301 0.00602382
0 0.971234 0.207787 0.0568204 0.0609734 0.00596224
1 0.327196 0.686728 0.633983 0.61152 0.00595148
1 0.959461 0.980909 0.0795347 0.0381829 0.00593337
1 0.922649 0.942951 0.154611 0.113791 0.00584468
2 0.151111 0.503547 0.184247 0.100798 0.00576738
2 0.721616 0.340003 0.481928 0.500765 0.0057447
2 0.0867731 0.696541 0.172013 0.132267 0.00568784
0 0.512654 0.657428 0.956921 0.666746 0.00567251
1 0.845501 0.0720057 0.308998 0.144011 0.00559767
1 0.766455 0.748874 0.467091 0.426895 0.00556493
2 0.370499 0.573647 0.639485 0.489479 0.00548255
1 0.5 0.681881 1 0.606262 0.00535179
1 0.102914 0.521155 0.199427 0.137993 0.00515084
2 0.14715 0.497463 0.0941582 0.0783323 0.00510968
1 0.780892 0.0868057 0.228442 0.171352 0.00510215
0 0.621411 0.673464 0.172158 0.066357 0.00504981
2 0.952 0.800018 0.0959997 0.122775 0.00482697
1 0.583676 0.669919 0.156067 0.0797008 0.00478832
2 0.11006 0.847278 0.0997484 0.11634 0.00468849
2 0.479612 0.683252 0.694465 0.614722 0.0045159
1 0.826061 0.126812 0.347878 0.249666 0.00450985
1 0.734687 0.795064 0.524675 0.319763 0.00439049
1 0.957751 0.259261 0.0836977 0.469605 0.00438112
2 0.317142 0.685928 0.610221 0.609 0.00434005
2 0.162755 0.505848 0.0734742 0.0760753 0.00433162
2 0.188631 0.255552 0.0691138 0.0920944 0.00431467
1 0.0987073 0.608975 0.193259 0.753473 0.00429177
2 0.30118 0.573631 0.562632 0.383852 0.00427222
0 0.0861511 0.710355 0.170133 0.100459 0.00418995
1 0.121139 0.675464 0.240168 0.622258 0.00417553
1 0.957145 0.96132 0.0857107 0.074229 0.00414473
2 0.972618 0.20519 0.0539741 0.0612747 0.00411028
2 0.498393 0.740781 0.996787 0.454202 0.00405612
1 0.890543 0.879516 0.218914 0.240969 0.00399229
1 0.381334 0.578254 0.702119 0.500654 0.00389301
1 0.150599 0.404464 0.301197 0.808928 0.00388172
1 0.82982 0.22008 0.337068 0.436598 0.00383685
2 0.971901 0.793995 0.0561983 0.144451 0.0038109
0 0.612354 0.896605 0.0465786 0.0329622 0.00375456
2 0.894011 0.284649 0.208973 0.563751 0.00374294
1 0.28621 0.255031 0.392716 0.109453 0.00369484
1 0.204126 0.406617 0.408252 0.813234 0.00369445
0 0.455231 0.45769 0.859611 0.91538 0.00366095
1 0.2377 0.646432 0.475399 0.696159 0.00363906
0 0.0909207 0.68383 0.181153 0.162038 0.00363222
0 0.972741 0.168441 0.0545187 0.165654 0.00362606
1 0.462891 0.35736 0.925783 0.71027 0.00358134
1 0.386988 0.437918 0.773975 0.875837 0.00355539
0 0.439268 0.4693 0.318778 0.156947 0.0035323
1 0.11416 0.489988 0.22832 0.772229 0.00347182
2 0.775757 0.459235 0.424309 0.484873 0.00344283
1 0.895124 0.981203 0.209751 0.0375933 0.00339675
0 0.101671 0.48493 0.0613159 0.0498021 0.00337359
1 0.928134 0.207934 0.140891 0.415869 0.00336568
2 0.908533 0.379896 0.182934 0.744446 0.00333935
0 0.203738 0.570478 0.378314 0.773101 0.00332813
1 0.674641 0.766533 0.650607 0.407119 0.0033272
2 0.952897 0.392451 0.0922577 0.671951 0.00323182
2 0.125761 0.844901 0.125948 0.12899 0.00321982
1 0.373914 0.542146 0.701607 0.805068 0.003213
2 0.716902 0.0496979 0.358825 0.0993959 0.00319331
0 0.225303 0.0427974 0.123704 0.0849675 0.00316194
2 0.938793 0.613638 0.120864 0.753662 0.00313516
2 0.751841 0.406385 0.495656 0.707711 0.00309985
1 0.665904 0.845908 0.199507 0.127769 0.00308766
1 0.168945 0.416985 0.337889 0.833969 0.00308399
2 0.667202 0.597354 0.664282 0.785683 0.00307839
2 0.897306 0.610549 0.205387 0.771099 0.00307365
1 0.126232 0.840511 0.135929 0.126622 0.00305849
0 0.361689 0.540192 0.673945 0.747944 0.00305848
1 0.929604 0.874359 0.140792 0.151178 0.00299738
2 0.127952 0.386358 0.255905 0.636497 0.00299561
0 0.157591 0.723414 0.310559 0.509299 0.0029841
2 0.105937 0.862584 0.0880805 0.0851597 0.00298308
0 0.200571 0.163911 0.401142 0.276216 0.00297527
0 0.108601 0.721543 0.214287 0.511366 0.00295772
2 0.691223 0.738726 0.617554 0.506369 0.00294648
1 0.0409798 0.526914 0.0809188 0.161701 0.00293953
0 0.882051 0.720862 0.235898 0.547082 0.00293493
0 0.463379 0.0609252 0.29495 0.12185 0.00293173
0 0.0819235 0.686961 0.159602 0.571919 0.00291107
0 0.689444 0.688789 0.0332229 0.0299631 0.00290579
1 0.787027 0.877887 0.424763 0.244226 0.00290482
2 0.818239 0.41697 0.363522 0.771795 0.00286525
2 0.451275 0.801959 0.883002 0.396082 0.00283104
2 0.121169 0.709801 0.102852 0.0990324 0.00281315
1 0.687959 0.863436 0.0754922 0.0817779 0.00280357
0 0.172376 0.315629 0.344751 0.588569 0.00275545
0 0.428599 0.732987 0.819995 0.534025 0.00274191
0 0.976756 0.194408 0.0464878 0.09018 0.00272404
2 0.494114 0.801235 0.988228 0.286447 0.00272142
2 0.948736 0.54899 0.0979203 0.649347 0.00270779
0 0.22878 0.697626 0.452288 0.511806 0.00270664
0 0.75097 0.019693 0.30579 0.0393861 0.0026616
2 0.152831 0.490231 0.078953 0.0543078 0.00263528
1 0.683127 0.862749 0.631 0.242214 0.00262923
2 0.12757 0.48073 0.135037 0.131885 0.0026203
1 0.517957 0.757841 0.964087 0.418707 0.00261728
0 0.392473 0.80031 0.768053 0.396616 0.00260919
1 0.0835957 0.506801 0.161412 0.102068 0.00260558
2 0.481607 0.0886638 0.267104 0.177328 0.00259999
2 0.455374 0.875377 0.904007 0.249246 0.00259516
0 0.977229 0.161793 0.0455413 0.120191 0.00258517
1 0.944085 0.936613 0.111831 0.126774 0.00258285
1 0.476502 0.477125 0.329142 0.168285 0.00257474
0 0.310385 0.424044 0.62077 0.813616 0.00257439
2 0.0663721 0.911615 0.132744 0.176771 0.00256117
1 0.656029 0.873227 0.137933 0.0782995 0.00254767
1 0.160443 0.238689 0.122999 0.150112 0.00253521
0 0.56736 0.768689 0.863328 0.426397 0.00252762
0 0.481733 0.0151923 0.22198 0.0303847 0.00251962
2 0.062551 0.833213 0.124328 0.333573 0.00251881
1 0.888043 0.949537 0.223913 0.100926 0.00251541
0 0.133729 0.795414 0.259183 0.259395 0.00248695
2 0.0566306 0.0352089 0.113261 0.0704177 0.00248194
2 0.807572 0.0856936 0.175481 0.171387 0.00246132
0 0.476942 0.848788 0.953884 0.302425 0.00243808
0 0.184387 0.782794 0.3188 0.360808 0.00241868
2 0.0352471 0.0379187 0.0704942 0.0758375 0.00240563
0 0.437921 0.0162825 0.208065 0.032565 0.0024023
0 0.315355 0.685477 0.604164 0.570385 0.00239655
0 0.387044 0.894895 0.774088 0.210209 0.00236577
2 0.5 0.852565 1 0.294871 0.00236455
0 0.285141 0.85539 0.558544 0.286731 0.00236263
0 0.0856016 0.797919 0.166002 0.365852 0.0023228
0 0.541178 0.830209 0.909275 0.240965 0.00231251
1 0.516049 0.890851 0.963651 0.218299 0.00230623
1 0.58974 0.795353 0.82052 0.306891 0.00229056
2 0.0797053 0.857941 0.152254 0.246927 0.00227844
1 0.912927 0.900414 0.171888 0.199172 0.00226882
0 0.267499 0.893502 0.527199 0.212995 0.00225982
2 0.121119 0.814484 0.240545 0.271957 0.00225293
2 0.234738 0.81248 0.452068 0.370404 0.0022451
0 0.221565 0.0518506 0.337985 0.103091 0.00224312
2 0.19607 0.278895 0.0522437 0.0452825 0.00223924
2 0.499046 0.0190946 0.141634 0.0367063 0.0022368
0 0.185316 0.933887 0.348293 0.132227 0.00223335
0 0.268789 0.778217 0.500725 0.438724 0.00222887
1 0.652668 0.635857 0.297134 0.148202 0.00217807
2 0.0527264 0.654169 0.103146 0.193226 0.00215445
2 0.0919578 0.886602 0.174687 0.226796 0.00214425
2 0.210597 0.0494382 0.0852515 0.0988765 0.00214215
1 0.663359 0.862412 0.165916 0.0975754 0.00214098
2 0.09236 0.935106 0.18472 0.125026 0.00210556
0 0.154356 0.51761 0.185419 0.127337 0.00210413
2 0.139768 0.885193 0.278175 0.221342 0.00208894
2 0.0536901 0.980969 0.10222 0.0380623 0.00208051
2 0.966263 0.982426 0.0660718 0.0339856 0.00207824
2 0.755328 0.0228764 0.252811 0.0457528 0.00207434
2 0.0832607 0.665741 0.165338 0.182387 0.00206712
2 0.945469 0.518486 0.109062 0.137804 0.0020647
1 0.102026 0.483102 0.0597839 0.0503991 0.00206343
2 0.186246 0.83805 0.24031 0.14926 0.00206198
2 0.150136 0.933321 0.294496 0.133359 0.0020439
2 0.975037 0.54754 0.0499251 0.0904461 0.00202347
0 0.177056 0.882318 0.330907 0.220811 0.00198293
0 0.262919 0.0225982 0.425367 0.0446655 0.00198196
2 0.0269763 0.675753 0.051809 0.276167 0.00197486
0 0.613275 0.897439 0.0485208 0.0478344 0.00188998
1 0.926302 0.490705 0.146672 0.201872 0.00187809
0 0.660373 0.03807 0.460169 0.0761399 0.00187782
2 0.265782 0.25219 0.350735 0.104598 0.00187185
0 0.124776 0.487637 0.136222 0.0680841 0.00183971
2 0.388056 0.556032 0.338172 0.31176 0.00183895
2 0.950593 0.78849 0.0971757 0.219164 0.0018326
1 0.117621 0.229694 0.235242 0.164933 0.00182862
2 0.174987 0.57061 0.230494 0.23614 0.00182155
0 0.341534 0.015444 0.364348 0.0306433 0.00181636
1 0.778617 0.844058 0.310799 0.196197 0.00180652
2 0.948146 0.48605 0.103707 0.181084 0.00176961
2 0.0182303 0.551609 0.0341961 0.333914 0.00176127
0 0.976788 0.213393 0.0464247 0.0976086 0.00175665
1 0.135405 0.240727 0.0524127 0.0437986 0.0017481
0 0.639851 0.678262 0.146314 0.0833889 0.00174687
0 0.977233 0.105742 0.0445343 0.111994 0.00174415
2 0.894588 0.801087 0.210824 0.265347 0.00174023
1 0.466474 0.186941 0.278678 0.220615 0.00169866
1 0.839649 0.709319 0.0837728 0.0897211 0.00169394
2 0.927776 0.503456 0.143188 0.186771 0.00169299
2 0.452375 0.10201 0.205585 0.170128 0.00166475
0 0.985741 0.529314 0.0285183 0.164724 0.00165491
0 0.437766 0.167202 0.17783 0.235745 0.00165282
0 0.686407 0.843597 0.0806292 0.11498 0.00164651
2 0.976887 0.562368 0.0462255 0.110832 0.00164116
2 0.168343 0.489506 0.0503206 0.0425003 0.0016363
2 0.256091 0.976997 0.146871 0.0460052 0.00163567
1 0.137705 0.528991 0.14764 0.150859 0.00162621
2 0.757531 0.842886 0.235083 0.161512 0.00162394
2 0.835672 0.70783 0.0806379 0.0893673 0.00162062
0 0.180935 0.535123 0.241241 0.163402 0.00160227
1 0.630375 0.830839 0.277593 0.157508 0.00159962
1 0.12129 0.287002 0.242581 0.173433 0.00159673
2 0.206607 0.498178 0.316891 0.0977601 0.00159567
2 0.133321 0.240208 0.0471212 0.0420485 0.00159227
0 0.479637 0.0820963 0.264131 0.164193 0.0015829
2 0.0735557 0.980505 0.147111 0.0389901 0.00157589
0 0.952661 0.984301 0.0688303 0.0311589 0.00157047
2 0.965773 0.94167 0.0684542 0.11666 0.00156387
1 0.201912 0.862629 0.212972 0.124834 0.00155754
1 0.24479 0.898806 0.12948 0.0672846 0.00154875
2 0.0193148 0.611993 0.0373867 0.278501 0.00154422
1 0.299849 0.256613 0.502417 0.210564 0.00153925
0 0.974914 0.136568 0.0497034 0.171815 0.00153001
0 0.719192 0.409528 0.45343 0.257166 0.00152408
1 0.595505 0.641861 0.178677 0.136303 0.00152335
1 0.56246 0.658133 0.20429 0.104166 0.00151911
2 0.061367 0.0321864 0.122734 0.0638599 0.00150684
0 0.450868 0.445625 0.32608 0.115569 0.00147609
2 0.0403203 0.968916 0.0797253 0.0621684 0.00147427
1 0.0505877 0.959231 0.0970486 0.0815389 0.00146107
1 0.219141 0.0503206 0.438281 0.100641 0.00145682
1 0.469422 0.0187148 0.0848383 0.0363469 0.00145666
2 0.926404 0.541317 0.145721 0.122789 0.00145644
2 0.0916141 0.705581 0.181273 0.18323 0.00145199
1 0.947177 0.249291 0.104635 0.212167 0.00144188
2 0.354861 0.600128 0.372089 0.281806 0.00143827
1 0.877947 0.893631 0.244107 0.118391 0.00143388
2 0.500003 0.0208677 0.189306 0.0400577 0.00141811
2 0.087929 0.0916051 0.174517 0.18297 0.0014179
2 0.476223 0.064292 0.374017 0.128584 0.00141642
1 0.89165 0.161044 0.2167 0.322089 0.00141381
1 0.0691587 0.560795 0.136679 0.217434 0.00141315
2 0.201838 0.0527675 0.403676 0.105535 0.00141291
0 0.241708 0.0256764 0.0906225 0.0502125 0.00140339
