1 0.501945 0.52965 0.246588 0.155479 0.92173
1 0.715581 0.15946 0.217927 0.146113 0.863475
2 0.196198 0.0959537 0.382511 0.191907 0.809319
2 0.563294 0.959658 0.210539 0.0798615 0.741156
2 0.13804 0.0862465 0.24307 0.172493 0.693378
1 0.167841 0.46278 0.0793653 0.0658806 0.569299
1 0.776839 0.173008 0.352565 0.172971 0.531109
1 0.565654 0.951825 0.216069 0.074567 0.393461
2 0.785366 0.244645 0.362798 0.317261 0.267271
1 0.784985 0.244818 0.36029 0.314224 0.246627
0 0.169519 0.461873 0.0761058 0.069268 0.223117
