2 0.47525 0.142079 0.271027 0.279808 0.883985
2 0.891315 0.877027 0.203948 0.142689 0.811153
0 0.726743 0.367724 0.430767 0.287081 0.49174
1 0.163573 0.257259 0.115324 0.0937352 0.436211
2 0.202816 0.056035 0.272236 0.111989 0.396024
2 0.715478 0.37168 0.443805 0.28697 0.360692
0 0.413648 0.541618 0.494267 0.309754 0.300828
0 0.464941 0.476678 0.353655 0.17465 0.256498
0 0.178484 0.0547929 0.262825 0.109586 0.255839
2 0.155216 0.0539882 0.305765 0.107976 0.250683
0 0.132075 0.499284 0.133245 0.0902854 0.24281
