0 0.466696 0.712548 0.258428 0.33038 0.937263
2 0.674268 0.467966 0.381169 0.430934 0.830631
0 0.590777 0.0297375 0.0540123 0.0588297 0.468556
2 0.540697 0.393064 0.183872 0.226867 0.364111
0 0.388646 0.0511595 0.0698494 0.102319 0.320999
0 0.133582 0.0599874 0.258976 0.11925 0.299749
0 0.741894 0.0984252 0.219996 0.19685 0.282099
2 0.915731 0.122271 0.159955 0.244543 0.271248
2 0.72784 0.470202 0.264597 0.439744 0.260013
2 0.146021 0.0611612 0.280584 0.122322 0.219487
0 0.94805 0.786032 0.103583 0.352562 0.203194
