1 0.506895 0.531424 0.986209 0.916182 0.656477
1 0.111824 0.0652638 0.223648 0.127892 0.186228
1 0.196793 0.129997 0.393587 0.259649 0.129207
1 0.203213 0.0746034 0.406427 0.149207 0.127543
1 0.425389 0.57788 0.708604 0.831401 0.115439
1 0.0900679 0.0680741 0.180136 0.133612 0.0759571
1 0.30957 0.500219 0.617068 0.986674 0.0571246
1 0.257395 0.101631 0.513857 0.203262 0.0565093
2 0.581864 0.562796 0.836273 0.847272 0.0549103
1 0.140751 0.213865 0.281501 0.427731 0.045791
1 0.126724 0.292736 0.250762 0.584485 0.0434073
1 0.0480701 0.130378 0.0958548 0.256181 0.0376186
1 0.571411 0.405619 0.857178 0.811238 0.0348017
1 0.620655 0.839777 0.748351 0.31922 0.0331583
1 0.281296 0.0686444 0.558458 0.137289 0.0331472
1 0.216936 0.209992 0.433299 0.419863 0.0311963
1 0.0825236 0.132789 0.164202 0.263829 0.0301227
1 0.103185 0.184888 0.20637 0.369775 0.0291454
1 0.404179 0.435162 0.808358 0.870324 0.028078
1 0.13537 0.467537 0.27074 0.935073 0.0270576
2 0.835525 0.880594 0.315447 0.238812 0.0260456
1 0.221507 0.512419 0.441404 0.972882 0.0260378
1 0.401726 0.280833 0.800863 0.561667 0.025538
1 0.388258 0.0869281 0.759967 0.173856 0.0236396
1 0.400045 0.162414 0.792212 0.324827 0.022858
1 0.249085 0.395077 0.49817 0.787361 0.0220909
2 0.120391 0.0468736 0.182275 0.0937473 0.0213796
1 0.0858475 0.270769 0.171177 0.541539 0.0189065
1 0.0830141 0.0896383 0.166028 0.178152 0.0187003
2 0.647532 0.836225 0.694795 0.326775 0.0184437
2 0.802051 0.540201 0.385226 0.876432 0.0178641
2 0.0373318 0.0780307 0.0743987 0.156061 0.0165432
1 0.156518 0.0654853 0.243537 0.130971 0.0162454
2 0.754938 0.854427 0.480179 0.291145 0.014903
1 0.309911 0.209668 0.619821 0.419335 0.0136037
1 0.316876 0.65428 0.633752 0.686082 0.0131274
2 0.944675 0.258917 0.11065 0.30582 0.0129596
1 0.428653 0.687351 0.846401 0.625298 0.0123995
1 0.581775 0.199705 0.836451 0.396667 0.0123295
1 0.0711563 0.436096 0.142161 0.871736 0.0116227
1 0.558498 0.91493 0.863203 0.168973 0.0114803
2 0.470827 0.894449 0.933059 0.208574 0.0109216
1 0.288784 0.844666 0.575068 0.310166 0.010115
1 0.408969 0.865927 0.817939 0.265156 0.0100995
1 0.55475 0.721187 0.889187 0.553306 0.00997374
2 0.958976 0.556983 0.0820484 0.417346 0.00985618
2 0.745305 0.605999 0.500003 0.784958 0.00962062
1 0.190012 0.616193 0.378092 0.763786 0.0090052
1 0.068324 0.909571 0.136329 0.180065 0.00898106
2 0.165797 0.0309776 0.264869 0.0619552 0.00884497
1 0.105401 0.908658 0.210802 0.182683 0.00883086
1 0.950418 0.257318 0.0991649 0.297644 0.0086857
1 0.163601 0.066763 0.327202 0.133526 0.00856411
0 0.0517881 0.33322 0.103576 0.498837 0.008336
2 0.876213 0.546253 0.246167 0.873863 0.00829125
2 0.521676 0.9237 0.919181 0.151159 0.00826743
2 0.142751 0.0308253 0.15481 0.0615176 0.00820085
1 0.078933 0.55305 0.157833 0.860352 0.00806015
2 0.680694 0.475557 0.625159 0.752839 0.00804595
2 0.834816 0.434512 0.326413 0.668174 0.00778189
1 0.619032 0.5092 0.743795 0.834206 0.00769235
2 0.959132 0.48311 0.0817369 0.42076 0.00767122
1 0.0492877 0.179371 0.0969431 0.358337 0.00762006
1 0.0129765 0.202029 0.0259531 0.404058 0.00754519
1 0.840016 0.894068 0.319968 0.211864 0.00731824
1 0.304494 0.755008 0.608989 0.483983 0.00708722
2 0.943259 0.395535 0.113481 0.589308 0.00701678
1 0.0531469 0.0788564 0.105997 0.156788 0.00668798
2 0.878768 0.831087 0.242464 0.337329 0.00668776
1 0.128592 0.600389 0.257184 0.796085 0.00653748
1 0.224111 0.736361 0.445079 0.526178 0.00653565
1 0.168611 0.921835 0.337222 0.156331 0.00653334
1 0.400629 0.793155 0.800154 0.413206 0.00646648
2 0.895957 0.466059 0.206847 0.751973 0.00638458
2 0.641739 0.305438 0.697979 0.610877 0.00630058
1 0.133617 0.0808713 0.267234 0.160953 0.00624054
1 0.840989 0.946693 0.318022 0.106589 0.00609702
1 0.838646 0.92331 0.313122 0.152585 0.00607268
0 0.0407203 0.281387 0.0814406 0.558236 0.00577123
1 0.0813708 0.774896 0.161871 0.448113 0.005771
1 0.0603373 0.866273 0.120675 0.267455 0.00552596
1 0.164323 0.878198 0.328645 0.241346 0.00538083
1 0.902685 0.260245 0.194081 0.305643 0.0053562
2 0.620809 0.323646 0.299431 0.331677 0.00533859
1 0.662533 0.154017 0.614432 0.308035 0.00520357
1 0.945391 0.386977 0.108983 0.535821 0.00519271
2 0.918349 0.669581 0.163302 0.654564 0.00479008
1 0.960178 0.457342 0.0796442 0.570916 0.00474524
2 0.928376 0.354416 0.143248 0.496856 0.00455648
2 0.751515 0.26968 0.489457 0.53936 0.00454202
2 0.955622 0.310455 0.0887557 0.419598 0.00445644
1 0.0478855 0.250266 0.0942206 0.500532 0.00437581
1 0.959695 0.597051 0.0806099 0.462999 0.00430809
1 0.91723 0.907106 0.165539 0.185788 0.00426054
2 0.758777 0.148068 0.438341 0.296136 0.00424281
0 0.0131591 0.250501 0.0263182 0.501001 0.00422779
1 0.955453 0.863098 0.0888962 0.273804 0.00421346
2 0.813262 0.915771 0.295855 0.167721 0.00397852
2 0.102477 0.0539252 0.128758 0.107025 0.00395057
1 0.195909 0.0307552 0.271891 0.0607545 0.0039306
1 0.127224 0.941761 0.254448 0.116087 0.00385687
2 0.616778 0.686601 0.761491 0.62287 0.00372579
2 0.133389 0.0241809 0.180195 0.0482507 0.00366564
1 0.881339 0.143311 0.237321 0.286622 0.00361168
2 0.828225 0.68573 0.333534 0.613291 0.00359739
2 0.0596397 0.048295 0.119279 0.0953844 0.00354741
1 0.559141 0.798632 0.862132 0.397806 0.00344935
2 0.900675 0.30742 0.19865 0.404847 0.00344549
1 0.848502 0.130363 0.300167 0.260726 0.00344339
2 0.0225757 0.0648131 0.0451514 0.128407 0.00338503
1 0.939877 0.298866 0.120247 0.377068 0.00338288
2 0.90911 0.759845 0.180607 0.473207 0.00330138
0 0.0468021 0.408079 0.0936043 0.579085 0.00325126
2 0.874335 0.956876 0.250725 0.086249 0.00320198
2 0.068713 0.038676 0.137426 0.0766115 0.00317349
2 0.810093 0.819339 0.366018 0.355442 0.00314827
0 0.825054 0.953296 0.349891 0.0934071 0.00312799
1 0.945667 0.830691 0.108666 0.338619 0.0030397
2 0.503362 0.844938 0.966482 0.306351 0.00299647
2 0.777162 0.894228 0.382041 0.211543 0.00299463
1 0.835195 0.187441 0.326881 0.374882 0.00299376
2 0.773558 0.376416 0.446095 0.544371 0.00297405
1 0.964237 0.222165 0.0708672 0.22487 0.00293108
1 0.865675 0.265172 0.268408 0.431696 0.00288076
2 0.93919 0.857076 0.121621 0.285848 0.00287265
2 0.942585 0.793394 0.114831 0.413213 0.002865
1 0.228886 0.874712 0.329977 0.249721 0.00285132
2 0.0454031 0.0656714 0.0908061 0.12988 0.00284048
1 0.201844 0.902255 0.395891 0.19549 0.00282357
1 0.602445 0.92226 0.472553 0.15548 0.00279576
1 0.946766 0.514198 0.106468 0.454324 0.0027512
2 0.963193 0.228727 0.0736134 0.239667 0.00262204
1 0.870394 0.241761 0.259213 0.270374 0.00261434
0 0.939538 0.971264 0.120925 0.0568034 0.00252756
2 0.843043 0.408108 0.28275 0.364184 0.00251756
0 0.92552 0.980669 0.14633 0.0383038 0.00249329
2 0.717904 0.747686 0.553008 0.494148 0.00246563
0 0.948251 0.988732 0.103498 0.0221061 0.00243585
2 0.501399 0.76453 0.971731 0.467916 0.00235974
1 0.60947 0.95099 0.403134 0.0980197 0.00235102
0 0.938976 0.985898 0.122049 0.0275424 0.00231442
2 0.907931 0.901461 0.184139 0.197079 0.00230507
2 0.100921 0.0213329 0.171395 0.0426658 0.00229023
0 0.193524 0.935144 0.357199 0.129713 0.00227897
1 0.386465 0.153035 0.222904 0.304058 0.00227404
2 0.358844 0.392673 0.255965 0.362529 0.00219374
2 0.950009 0.726005 0.0999827 0.542112 0.00219218
1 0.750949 0.93868 0.38163 0.122616 0.00216927
1 0.919491 0.469695 0.161019 0.525061 0.00214331
0 0.0638934 0.414926 0.126131 0.630074 0.00213935
0 0.0353397 0.955161 0.0706793 0.089678 0.00212838
0 0.237428 0.950529 0.280653 0.0989428 0.00212764
2 0.955742 0.654829 0.0885161 0.549468 0.00210312
0 0.0598678 0.769185 0.119736 0.46163 0.00210046
0 0.044797 0.982537 0.089594 0.0348125 0.00208742
1 0.550409 0.877931 0.403874 0.24239 0.00207489
1 0.0967815 0.874064 0.193563 0.251873 0.00206211
1 0.62848 0.890846 0.398679 0.217269 0.002053
2 0.209837 0.0297488 0.27979 0.0591313 0.00205209
2 0.0146867 0.168544 0.0287492 0.173994 0.00204561
1 0.718423 0.884555 0.466412 0.23089 0.0019989
0 0.27515 0.953028 0.124113 0.0939433 0.00196673
1 0.486261 0.915027 0.419704 0.168942 0.00196435
0 0.0311512 0.415588 0.0622274 0.181996 0.00195515
0 0.0292168 0.446646 0.0584337 0.614366 0.0019501
2 0.015069 0.206031 0.0295095 0.147672 0.00189826
2 0.015471 0.240745 0.0302207 0.214439 0.00188485
2 0.0384216 0.908865 0.0763204 0.165639 0.00187731
2 0.277532 0.9521 0.312259 0.0958009 0.00187195
0 0.958699 0.991249 0.0826025 0.0175024 0.00184443
1 0.418274 0.877544 0.374733 0.244149 0.00182425
0 0.241559 0.916377 0.359007 0.167247 0.00182096
2 0.579216 0.305201 0.421772 0.304418 0.00181659
2 0.207178 0.915229 0.360997 0.169542 0.00181533
1 0.143144 0.112413 0.286287 0.221319 0.00180471
2 0.590032 0.87287 0.294259 0.25426 0.00177234
2 0.960042 0.71116 0.079916 0.237874 0.00174995
1 0.954013 0.801177 0.0918735 0.397646 0.00172546
0 0.947337 0.955616 0.105326 0.0884058 0.00172367
0 0.0678071 0.333841 0.135614 0.386208 0.00170842
2 0.0137869 0.0833757 0.0275738 0.11661 0.00170737
0 0.303771 0.943846 0.332576 0.112308 0.00170538
1 0.330929 0.14008 0.341342 0.276887 0.00170088
2 0.454202 0.943668 0.304323 0.112663 0.00170049
0 0.0823136 0.769443 0.163764 0.348341 0.00170023
1 0.293283 0.881687 0.369974 0.236626 0.00168768
1 0.538555 0.963004 0.424003 0.0739925 0.00168745
1 0.937409 0.223293 0.123335 0.225735 0.00168464
0 0.0772571 0.737761 0.153724 0.524478 0.00164518
0 0.015423 0.249336 0.0302968 0.342526 0.00164388
1 0.295971 0.0512233 0.385641 0.101663 0.00164154
1 0.700183 0.928698 0.599634 0.140472 0.00163605
1 0.235664 0.775265 0.254334 0.334958 0.00162791
0 0.0525356 0.681977 0.105071 0.611289 0.00162199
1 0.487676 0.885041 0.386997 0.229918 0.00156681
1 0.381088 0.915341 0.453229 0.169319 0.00155515
1 0.223608 0.732616 0.219059 0.292964 0.00154519
1 0.429889 0.139365 0.23855 0.273489 0.00153789
2 0.0951043 0.044385 0.190209 0.0881655 0.00152247
1 0.804182 0.265036 0.247541 0.259368 0.00151534
1 0.959437 0.693031 0.0811075 0.542253 0.00150641
2 0.380988 0.950034 0.411862 0.0999313 0.00149607
1 0.0687761 0.837095 0.136738 0.325811 0.00146652
1 0.462283 0.945319 0.356522 0.109362 0.00146284
0 0.0188919 0.479797 0.0377837 0.642402 0.00145047
1 0.835285 0.367451 0.31261 0.429106 0.00144935
1 0.146203 0.877757 0.206834 0.244308 0.00144774
1 0.387582 0.0547233 0.474897 0.108639 0.00142451
2 0.636139 0.942308 0.403616 0.115385 0.00142183
2 0.59653 0.375309 0.29413 0.42657 0.00140974
2 0.0165714 0.135162 0.0328022 0.270325 0.00139711
0 0.155077 0.952959 0.136762 0.0939183 0.00139542
2 0.227013 0.698471 0.217248 0.279316 0.00139046
1 0.891904 0.366716 0.216192 0.487783 0.00138835
1 0.603189 0.394495 0.239606 0.478392 0.00138174
1 0.845267 0.310261 0.309466 0.355587 0.00137569
2 0.628581 0.283119 0.27168 0.279574 0.00137343
1 0.280371 0.917038 0.403944 0.165924 0.00137196
0 0.0518846 0.962601 0.103769 0.0747042 0.00134325
2 0.0695893 0.279649 0.139179 0.513008 0.00133356
1 0.889055 0.477659 0.221889 0.471377 0.00132168
1 0.419416 0.164195 0.331678 0.316776 0.00131522
2 0.431112 0.124991 0.219817 0.249981 0.00130595
2 0.145202 0.951981 0.107537 0.0954434 0.0013052
1 0.244746 0.805596 0.286063 0.388808 0.00130419
2 0.635005 0.85626 0.299477 0.287481 0.00129833
0 0.0102878 0.262361 0.0205755 0.187666 0.00126818
1 0.39819 0.120869 0.151882 0.241738 0.0012603
0 0.036422 0.617647 0.072844 0.707076 0.00125982
2 0.49264 0.960225 0.430741 0.0795494 0.0012597
1 0.746402 0.291032 0.468583 0.290259 0.00125894
1 0.385918 0.214053 0.232892 0.428106 0.0012436
2 0.0413087 0.0436427 0.0826174 0.0866429 0.00122584
1 0.462107 0.756516 0.212373 0.319399 0.00122466
0 0.320153 0.916489 0.44506 0.166679 0.00122231
1 0.19364 0.769607 0.220452 0.366799 0.00122092
2 0.734465 0.59119 0.410108 0.394689 0.0012197
1 0.356678 0.458833 0.251542 0.483385 0.00121382
0 0.074664 0.815977 0.148656 0.368045 0.00120113
0 0.0252485 0.54042 0.050497 0.716737 0.00119451
2 0.253354 0.857895 0.273761 0.28421 0.00117924
0 0.288086 0.96953 0.123718 0.0609397 0.00117897
1 0.663201 0.0176642 0.235289 0.0338488 0.00117874
0 0.323033 0.959379 0.403579 0.081241 0.00117571
0 0.154048 0.4155 0.0208452 0.0303229 0.00117527
1 0.464313 0.0601545 0.573143 0.119374 0.00117213
2 0.0628675 0.0186413 0.125735 0.0372826 0.00116661
1 0.151892 0.150367 0.303784 0.275913 0.00116532
1 0.410243 0.210364 0.382591 0.392476 0.0011611
1 0.0676971 0.404362 0.135394 0.441521 0.00115945
1 0.220569 0.667786 0.179758 0.273382 0.00113952
2 0.864036 0.344333 0.271928 0.430547 0.00113445
2 0.100648 0.224752 0.201295 0.345955 0.00113392
0 0.012871 0.229602 0.025742 0.160766 0.00113233
1 0.695548 0.0209098 0.301219 0.0400351 0.00112573
1 0.326848 0.137363 0.500769 0.27145 0.00112031
1 0.348276 0.456425 0.23053 0.65543 0.00111895
2 0.663946 0.545402 0.396001 0.357945 0.00111261
2 0.129977 0.195252 0.259955 0.321925 0.0011116
1 0.0170549 0.12305 0.033901 0.240304 0.00111028
2 0.0159496 0.197214 0.0318523 0.0957274 0.00110989
1 0.862746 0.547293 0.274509 0.483956 0.00110513
2 0.967472 0.734006 0.0642792 0.194998 0.00110369
2 0.242245 0.146618 0.48449 0.264307 0.00109987
1 0.888688 0.0309134 0.197439 0.0606528 0.00109867
2 0.0540356 0.0229155 0.108071 0.0458311 0.00109772
0 0.0138107 0.441979 0.0271473 0.110316 0.00109245
1 0.294441 0.0930493 0.375238 0.18582 0.00108557
2 0.166423 0.221392 0.332846 0.258456 0.00108399
2 0.961768 0.142116 0.0764145 0.284232 0.00108348
0 0.963893 0.182326 0.0722147 0.182669 0.00107878
1 0.181066 0.173945 0.362132 0.277097 0.00107796
1 0.785404 0.356373 0.38582 0.389467 0.00107635
0 0.0625912 0.545827 0.124408 0.727284 0.00107505
1 0.624002 0.0180882 0.204566 0.0345917 0.00107029
2 0.267312 0.0518023 0.219015 0.103059 0.00106052
0 0.0788612 0.497057 0.157722 0.428899 0.00106045
1 0.26901 0.738534 0.302493 0.296984 0.00105863
1 0.827878 0.239922 0.241998 0.224953 0.00105721
0 0.808701 0.87488 0.323898 0.25024 0.00105502
0 0.00844567 0.293161 0.0168913 0.192442 0.00105271
2 0.720924 0.298518 0.558152 0.282022 0.00105253
2 0.0863639 0.821234 0.172541 0.357531 0.00104942
1 0.535014 0.328794 0.429866 0.324092 0.0010455
1 0.579372 0.281309 0.384145 0.266667 0.00104368
2 0.814159 0.444468 0.291504 0.426439 0.00104217
1 0.614753 0.33346 0.279014 0.332639 0.00103633
2 0.196797 0.198069 0.393594 0.261716 0.00103487
0 0.0624236 0.984006 0.124847 0.0313769 0.00103456
2 0.484188 0.0621531 0.546045 0.122909 0.00103043
2 0.504866 0.314631 0.501585 0.299679 0.00102772
2 0.649743 0.296055 0.38737 0.282446 0.00102363
1 0.831499 0.828085 0.337002 0.34383 0.0010213
0 0.0110233 0.455493 0.0219529 0.0896703 0.00101619
1 0.692356 0.591722 0.360635 0.392393 0.00100887
1 0.454032 0.870186 0.262603 0.259628 0.00100563
0 0.0758914 0.562172 0.150659 0.325205 0.00100497
1 0.859313 0.0280106 0.221407 0.0543245 0.00100495
0 0.0256792 0.414669 0.0513583 0.154481 0.00100357
0 0.0104316 0.166853 0.0208633 0.185495 0.00100214
