2 0.714555 0.161253 0.213895 0.145878 0.735066
2 0.50279 0.531809 0.241189 0.154411 0.511155
1 0.136026 0.0966538 0.2708 0.193308 0.446907
2 0.132155 0.0968441 0.264311 0.193688 0.299193
0 0.169549 0.463604 0.0764804 0.0653295 0.269479
2 0.170295 0.463177 0.0820218 0.0681219 0.264649
1 0.502282 0.530393 0.24151 0.150282 0.257995
1 0.540765 0.959811 0.262256 0.0803784 0.249778
2 0.551618 0.960078 0.239895 0.0798445 0.171112
1 0.526282 0.958713 0.483913 0.0825739 0.161713
2 0.77901 0.1995 0.362853 0.227536 0.122287
1 0.786162 0.192018 0.360191 0.205109 0.114809
1 0.663403 0.960278 0.580733 0.0794438 0.11474
1 0.169327 0.462752 0.0758375 0.0637657 0.112453
1 0.429211 0.957557 0.576225 0.084885 0.103862
1 0.5 0.203949 1 0.407898 0.0791244
1 0.779212 0.245976 0.360219 0.323516 0.0767571
2 0.311187 0.0984401 0.619457 0.19688 0.0665934
2 0.876998 0.360447 0.0801412 0.0700918 0.0589288
1 0.174804 0.187713 0.349607 0.375426 0.0588277
2 0.500958 0.109616 0.998083 0.219233 0.0510518
2 0.895076 0.23508 0.132193 0.108669 0.0390144
1 0.468128 0.0965168 0.932156 0.193034 0.038707
1 0.19098 0.462856 0.121046 0.0682074 0.035346
1 0.5 0.353291 1 0.706582 0.0335861
2 0.830971 0.231802 0.262571 0.114202 0.0317346
0 0.878401 0.359876 0.0767941 0.0701143 0.0312236
1 0.761788 0.347899 0.433084 0.578289 0.0272127
1 0.878229 0.231599 0.166946 0.115076 0.0270507
2 0.141464 0.0660236 0.238654 0.132047 0.0262173
0 0.896265 0.23422 0.131739 0.108769 0.0230195
0 0.192578 0.462602 0.121868 0.0692784 0.022701
2 0.781926 0.259929 0.358064 0.348416 0.0226697
1 0.715281 0.178718 0.218993 0.195892 0.0204352
0 0.187498 0.74812 0.0498397 0.0395874 0.0203273
1 0.130654 0.20616 0.260476 0.41232 0.0200004
1 0.300329 0.0970143 0.600659 0.192974 0.019151
2 0.778782 0.166192 0.347102 0.163347 0.0191096
1 0.652385 0.444586 0.660673 0.746551 0.0173914
1 0.670346 0.599402 0.609903 0.699472 0.0167917
1 0.196989 0.0887981 0.359352 0.177596 0.0167026
1 0.807892 0.219774 0.311505 0.140724 0.0162791
0 0.884826 0.618037 0.0298893 0.0257012 0.0155504
2 0.734093 0.168849 0.480426 0.200396 0.0154333
1 0.49972 0.146194 0.948174 0.262657 0.0153115
1 0.666806 0.517874 0.600335 0.2032 0.0146634
1 0.864906 0.286352 0.202741 0.222853 0.0144456
0 0.880785 0.635845 0.0426521 0.0627601 0.0141941
1 0.397964 0.952808 0.739093 0.0938373 0.0140901
0 0.100448 0.536146 0.0301438 0.0186397 0.0122502
1 0.100924 0.102528 0.199174 0.186768 0.011976
1 0.419512 0.527501 0.616078 0.185379 0.0115953
1 0.36618 0.488653 0.572372 0.287478 0.0107875
2 0.183109 0.447383 0.0557866 0.0396902 0.0105649
1 0.511762 0.636718 0.269168 0.363837 0.00892175
0 0.881774 0.629772 0.0377047 0.0486034 0.00862226
1 0.724382 0.951988 0.551236 0.0945053 0.00851329
1 0.495465 0.47946 0.330556 0.292494 0.00848409
0 0.989028 0.357566 0.0219436 0.0346531 0.00797903
0 0.878957 0.827523 0.106474 0.0579914 0.00789351
1 0.144826 0.062269 0.238551 0.12331 0.00751038
1 0.499518 0.655788 0.746499 0.43963 0.00742934
1 0.682018 0.663115 0.624983 0.501577 0.00730983
1 0.411567 0.888924 0.59749 0.220501 0.00720776
0 0.139972 0.0677571 0.244188 0.135514 0.00705852
1 0.279132 0.172634 0.5581 0.343617 0.00701292
1 0.628435 0.869556 0.731018 0.259368 0.00692085
0 0.182277 0.44625 0.0514277 0.0339901 0.00691243
0 0.69946 0.158588 0.181447 0.140595 0.00687009
2 0.718822 0.959736 0.559603 0.0799694 0.00675689
2 0.431203 0.184406 0.862406 0.368812 0.00673685
1 0.806001 0.294992 0.36241 0.445831 0.0066944
1 0.124681 0.286841 0.249362 0.573682 0.00661605
1 0.224962 0.46033 0.18983 0.0739105 0.00656085
1 0.651569 0.403243 0.589608 0.437294 0.00648992
2 0.713862 0.185846 0.213749 0.209811 0.00637361
1 0.676192 0.152096 0.604863 0.304191 0.00605106
1 0.172279 0.476908 0.0821605 0.093377 0.00590536
2 0.538078 0.645397 0.347168 0.56432 0.00588311
0 0.900404 0.829561 0.149719 0.0630236 0.00588144
1 0.468685 0.682394 0.937369 0.584541 0.00585414
0 0.178816 0.749645 0.0658972 0.043115 0.00573723
1 0.515107 0.6626 0.282017 0.508322 0.00572002
0 0.156046 0.46758 0.0509539 0.0581711 0.00566503
0 0.985587 0.34943 0.027981 0.0565295 0.0055309
0 0.873893 0.639777 0.0572196 0.070839 0.00552146
0 0.420711 0.942578 0.836267 0.114845 0.00548263
1 0.456578 0.501739 0.669178 0.193467 0.0054396
0 0.871889 0.322281 0.0980558 0.144329 0.00532656
0 0.791492 0.261598 0.408007 0.41293 0.00521232
1 0.498449 0.565727 0.25671 0.109392 0.00511589
1 0.12866 0.462563 0.161513 0.0734383 0.00510139
1 0.376746 0.87498 0.753492 0.244784 0.00498483
1 0.816186 0.456688 0.353201 0.720848 0.00496744
1 0.468519 0.572007 0.71881 0.341357 0.00490977
0 0.42485 0.237427 0.8497 0.474853 0.00473415
2 0.0893931 0.10607 0.175336 0.179002 0.00470262
1 0.772563 0.145437 0.420811 0.290873 0.00466504
1 0.179547 0.441658 0.0995648 0.112881 0.00459612
1 0.130649 0.635285 0.261299 0.510622 0.00451342
1 0.139457 0.452441 0.140511 0.0932381 0.00448835
1 0.893775 0.359679 0.112927 0.0704067 0.00440477
1 0.097109 0.337356 0.191756 0.553458 0.00437668
0 0.0899315 0.109902 0.17169 0.171496 0.00436774
1 0.543763 0.664179 0.46467 0.657223 0.00434919
1 0.806448 0.174946 0.38435 0.28815 0.00429926
1 0.220811 0.256276 0.439301 0.512552 0.00421486
2 0.847109 0.960474 0.305783 0.0790518 0.0042042
1 0.908181 0.363313 0.180195 0.512949 0.00414611
0 0.516501 0.53066 0.227793 0.155206 0.00413345
1 0.854924 0.32354 0.28692 0.515176 0.00413058
1 0.437545 0.449709 0.660749 0.156751 0.00412377
1 0.890459 0.25903 0.16771 0.163189 0.00412326
0 0.119993 0.641848 0.231312 0.516492 0.00403495
1 0.228863 0.487399 0.196835 0.118977 0.00401541
1 0.499661 0.681433 0.339336 0.612835 0.0039895
2 0.670644 0.139094 0.593249 0.278187 0.00389799
0 0.196065 0.0652722 0.378341 0.130544 0.00388282
1 0.781137 0.104242 0.424884 0.208485 0.0038143
1 0.823322 0.283713 0.279179 0.227836 0.00368955
0 0.368084 0.965713 0.728153 0.0669152 0.00361131
0 0.0965675 0.697376 0.193135 0.4007 0.00356769
0 0.102532 0.578312 0.205064 0.511166 0.00354742
0 0.405248 0.612253 0.696136 0.550182 0.00353833
2 0.872408 0.234747 0.07836 0.107164 0.00353237
2 0.0619632 0.821499 0.123926 0.329864 0.0034931
0 0.16453 0.547414 0.25292 0.447942 0.00348805
0 0.355745 0.459588 0.460802 0.0972561 0.00342654
0 0.989879 0.348995 0.0202425 0.0540875 0.00342437
2 0.0724078 0.772291 0.144816 0.367687 0.00341893
0 0.467063 0.957107 0.422195 0.0857859 0.00338908
1 0.52615 0.537908 0.422624 0.134892 0.00338586
1 0.751601 0.92758 0.496797 0.144344 0.00338126
0 0.101092 0.488978 0.199063 0.4798 0.00338064
0 0.133911 0.35198 0.267631 0.361011 0.00335203
0 0.117176 0.768792 0.234353 0.427884 0.0033397
2 0.883266 0.342915 0.0619606 0.0329985 0.00332958
0 0.91946 0.90549 0.16108 0.18902 0.003326
0 0.143441 0.497918 0.281241 0.44328 0.00326234
0 0.199239 0.454587 0.159827 0.105823 0.0032122
0 0.112215 0.959599 0.224429 0.0808026 0.00319636
1 0.358266 0.368062 0.71498 0.64057 0.00317238
0 0.246912 0.964269 0.493824 0.0696858 0.00314272
0 0.879055 0.209209 0.163904 0.163541 0.0031414
1 0.175824 0.383714 0.183304 0.228968 0.00311924
0 0.142066 0.87725 0.284133 0.244948 0.00310907
0 0.901864 0.464791 0.192468 0.576924 0.00310828
1 0.876987 0.449026 0.245846 0.55984 0.00306723
0 0.415441 0.913888 0.821821 0.170551 0.00305663
0 0.346823 0.548127 0.449184 0.301635 0.00305571
2 0.678563 0.704106 0.624575 0.554325 0.00304923
0 0.209773 0.518626 0.190785 0.267521 0.00300646
0 0.776764 0.190491 0.376728 0.205132 0.0029975
0 0.360148 0.439355 0.473063 0.12165 0.00298813
1 0.0918513 0.180035 0.178142 0.297799 0.00298436
2 0.423364 0.708304 0.704661 0.583392 0.00296564
1 0.530632 0.575761 0.348423 0.0987679 0.00291124
0 0.0803032 0.851211 0.160606 0.289443 0.00290412
2 0.349126 0.866929 0.698252 0.262749 0.0028739
0 0.911735 0.84658 0.175052 0.10269 0.00284005
1 0.213857 0.334093 0.427713 0.578773 0.00283875
0 0.242417 0.868363 0.484781 0.259875 0.00279226
0 0.921132 0.845437 0.15712 0.261948 0.00279158
0 0.918299 0.351786 0.161265 0.085667 0.00278459
0 0.876842 0.570676 0.242878 0.492092 0.00273484
1 0.195626 0.0585578 0.391253 0.116921 0.00271061
0 0.0688612 0.167597 0.137722 0.320802 0.00270728
1 0.0640341 0.205983 0.125498 0.411967 0.00270559
0 0.704603 0.185012 0.194396 0.200041 0.00269708
0 0.0309286 0.167717 0.0507187 0.0571856 0.00266951
1 0.133466 0.138364 0.266932 0.21098 0.00265404
0 0.108118 0.533103 0.0333329 0.0210888 0.00265316
0 0.15969 0.808862 0.319381 0.371198 0.00263454
1 0.153364 0.112617 0.306727 0.190735 0.00263438
0 0.887852 0.670059 0.222188 0.383194 0.00259735
0 0.886886 0.34265 0.0545777 0.030189 0.0025889
1 0.451984 0.853824 0.903969 0.289152 0.00258455
0 0.752344 0.886372 0.494618 0.222456 0.00257713
0 0.924663 0.799192 0.148399 0.331898 0.00257711
0 0.171087 0.452963 0.0758784 0.048963 0.00253282
2 0.805241 0.558906 0.389506 0.509914 0.00252893
0 0.731672 0.164811 0.19449 0.155433 0.0025244
2 0.497896 0.839426 0.948655 0.310834 0.00251719
2 0.55896 0.774939 0.847974 0.450122 0.0025088
1 0.264258 0.458335 0.283293 0.0855516 0.00250107
0 0.612901 0.961065 0.512861 0.07787 0.00249817
2 0.688304 0.788282 0.605583 0.420365 0.0024558
0 0.914091 0.718362 0.169807 0.359382 0.00244063
1 0.877683 0.359264 0.0725291 0.0720567 0.00240195
1 0.8992 0.287641 0.2016 0.236094 0.00238647
0 0.422391 0.749622 0.844781 0.500756 0.00237849
0 0.154856 0.476356 0.046405 0.041032 0.00237396
0 0.359289 0.838008 0.718579 0.321192 0.00236299
0 0.949106 0.0170295 0.0816747 0.0332343 0.00236222
0 0.462562 0.810914 0.925124 0.376663 0.00232451
0 0.886407 0.64681 0.029297 0.0562407 0.00228378
2 0.769434 0.656376 0.460642 0.401341 0.00227978
0 0.8054 0.852027 0.388602 0.264647 0.00222989
0 0.858881 0.641927 0.0839528 0.0680883 0.00219979
1 0.213737 0.432453 0.172026 0.130858 0.00218709
1 0.778048 0.275014 0.34585 0.231187 0.00218453
0 0.193993 0.745605 0.0570691 0.036759 0.00217322
0 0.987618 0.347241 0.0245582 0.110236 0.00216436
1 0.19787 0.0385191 0.395739 0.0770383 0.00211943
2 0.834324 0.800701 0.329072 0.349521 0.00207982
1 0.57084 0.933604 0.207724 0.130196 0.00205809
1 0.231665 0.520304 0.205183 0.185233 0.00205338
1 0.251317 0.0438681 0.502633 0.0873006 0.00199332
1 0.897471 0.248364 0.205058 0.321539 0.00199239
0 0.985603 0.332673 0.0287934 0.101844 0.00199115
1 0.500706 0.615917 0.263663 0.209717 0.00194714
0 0.920726 0.329621 0.158548 0.137743 0.00193011
1 0.710724 0.217347 0.210753 0.250593 0.00189872
0 0.145712 0.482144 0.127176 0.103927 0.00189547
0 0.0961945 0.534916 0.0396201 0.0209675 0.00188808
1 0.611422 0.948485 0.540935 0.10303 0.00187233
2 0.46384 0.528876 0.166248 0.148189 0.00187077
0 0.98912 0.361662 0.0216901 0.0564575 0.00187007
0 0.0913655 0.101278 0.182731 0.202555 0.00185857
0 0.0373305 0.160399 0.065324 0.0713119 0.00184801
1 0.916559 0.38219 0.158911 0.199115 0.00184297
1 0.527857 0.55972 0.496912 0.101869 0.00183064
0 0.0284958 0.202714 0.0569916 0.405427 0.00182604
1 0.619464 0.960415 0.0933967 0.0556434 0.00182295
1 0.154205 0.512595 0.101511 0.156592 0.00181081
1 0.182492 0.519287 0.104989 0.17355 0.00177969
0 0.0211216 0.224231 0.0422432 0.400547 0.00177748
1 0.156724 0.153505 0.313449 0.270905 0.00176557
0 0.480054 0.514091 0.197845 0.122282 0.00174669
0 0.951442 0.266765 0.0971166 0.301078 0.00174275
0 0.712752 0.167177 0.289199 0.158481 0.00173403
0 0.042066 0.185284 0.0838956 0.368504 0.0017296
0 0.908556 0.854913 0.182887 0.144059 0.0017258
0 0.675927 0.0110786 0.201218 0.0216689 0.0017249
0 0.915517 0.645712 0.166194 0.0923145 0.00172005
1 0.273429 0.472828 0.317111 0.106462 0.00168933
2 0.856564 0.353458 0.128282 0.0864007 0.0016865
0 0.0975347 0.543452 0.0396595 0.0371692 0.00168649
2 0.574698 0.964332 0.188569 0.0697721 0.00165687
0 0.161608 0.743978 0.108102 0.048258 0.0016521
1 0.886666 0.387995 0.105705 0.120568 0.00163527
1 0.842164 0.358549 0.158996 0.076266 0.00163214
1 0.525463 0.589702 0.462083 0.131359 0.00161017
0 0.618928 0.956496 0.0923728 0.0491703 0.00159525
0 0.0905358 0.54175 0.0524017 0.0365273 0.00159407
1 0.913396 0.190574 0.173208 0.226783 0.00159324
0 0.681365 0.982654 0.484087 0.0346928 0.00157704
2 0.526528 0.960151 0.137616 0.0796983 0.00157486
1 0.482238 0.570305 0.212093 0.14826 0.00157163
0 0.72919 0.0133701 0.170131 0.0260132 0.00156411
0 0.929986 0.0169628 0.0381859 0.0323203 0.00156274
1 0.580192 0.530667 0.370496 0.15887 0.00155184
2 0.233684 0.0516977 0.313156 0.103395 0.00154815
0 0.0146175 0.777613 0.0292349 0.132294 0.00153738
0 0.731695 0.986469 0.463759 0.0270612 0.00152861
0 0.0145309 0.734879 0.0290618 0.182548 0.00152307
0 0.752257 0.0169272 0.233105 0.0327582 0.0015141
0 0.449723 0.514327 0.136778 0.122919 0.00150956
1 0.535878 0.62595 0.330277 0.177244 0.00149895
0 0.200242 0.747623 0.0862938 0.0408285 0.00149746
0 0.150653 0.473612 0.061749 0.0495996 0.00149081
1 0.115292 0.468573 0.228268 0.140343 0.00149011
2 0.0814461 0.148973 0.143939 0.0903144 0.00148223
0 0.67797 0.185947 0.135432 0.0844359 0.00144848
0 0.0143665 0.701755 0.028733 0.195924 0.00143987
2 0.866217 0.256653 0.0722357 0.0617998 0.00143645
0 0.879857 0.0187254 0.22254 0.0369484 0.0014273
0 0.486178 0.543397 0.219771 0.147198 0.00142618
0 0.547791 0.483225 0.145956 0.0599836 0.00141743
0 0.014865 0.264324 0.0297301 0.392403 0.00141567
0 0.745446 0.016406 0.128053 0.0323383 0.00140044
0 0.984157 0.36583 0.0316868 0.106228 0.00138254
0 0.887805 0.618876 0.0455594 0.0317131 0.00137225
1 0.189131 0.131266 0.378261 0.217051 0.00136566
1 0.869448 0.379693 0.10552 0.101425 0.00136467
0 0.903501 0.641904 0.126251 0.0841649 0.0013602
0 0.788822 0.164144 0.269767 0.164958 0.00135989
0 0.0145581 0.774595 0.0291162 0.208521 0.00135765
0 0.607087 0.525527 0.306123 0.170105 0.00134843
0 0.913524 0.168935 0.172951 0.253664 0.00134637
0 0.931758 0.258766 0.136485 0.327895 0.00133762
2 0.204474 0.077883 0.37927 0.154034 0.00133462
1 0.865119 0.25124 0.066747 0.0697471 0.00133083
2 0.618669 0.963918 0.0937486 0.0639496 0.00131416
2 0.237664 0.0553831 0.472644 0.110766 0.00131243
1 0.158322 0.42636 0.316644 0.165455 0.00130353
0 0.115252 0.0552343 0.16695 0.10904 0.00128947
0 0.989953 0.6747 0.0198526 0.0247144 0.00127855
0 0.69997 0.0069349 0.0389956 0.0138698 0.00127193
1 0.469276 0.607435 0.189853 0.220517 0.00127123
0 0.0751474 0.889853 0.150295 0.220295 0.00126755
0 0.0806946 0.924751 0.161389 0.150499 0.00126536
0 0.0649037 0.843573 0.129807 0.312855 0.00125389
0 0.727849 0.0107601 0.0980826 0.0215202 0.00125316
1 0.136116 0.447497 0.272233 0.120397 0.00125151
0 0.750091 0.125485 0.135866 0.079064 0.00123752
2 0.683187 0.189698 0.135498 0.0801504 0.00123577
0 0.647671 0.9463 0.579329 0.1074 0.00123093
1 0.529859 0.935468 0.312888 0.127747 0.00123012
1 0.942185 0.0377712 0.113739 0.0731933 0.00122752
