1 0.573685 0.621436 0.535423 0.544235 0.911539
0 0.121767 0.509331 0.0459868 0.0398874 0.0732322
1 0.577366 0.52442 0.539843 0.350846 0.0724866
1 0.481169 0.774698 0.873962 0.450604 0.0307591
1 0.566932 0.715141 0.542182 0.371701 0.0197774
0 0.0930208 0.491837 0.103734 0.076481 0.0180757
0 0.568027 0.722031 0.548291 0.38807 0.0165546
2 0.572841 0.67325 0.549807 0.469163 0.0141673
1 0.515161 0.753837 0.688692 0.400741 0.0126507
0 0.0944772 0.50462 0.102206 0.0451817 0.0124001
1 0.46868 0.849596 0.871588 0.300807 0.00962678
2 0.456154 0.0616781 0.784259 0.123356 0.00796276
1 0.461942 0.972124 0.822638 0.0557523 0.00667391
1 0.4944 0.53485 0.381629 0.369073 0.00626855
2 0.439704 0.0826264 0.879409 0.165253 0.00577403
2 0.630107 0.642461 0.647028 0.558073 0.00576588
1 0.482652 0.509047 0.744275 0.315157 0.00556154
0 0.0790153 0.500621 0.143323 0.0565643 0.00507265
2 0.588349 0.974383 0.682294 0.050927 0.00498869
0 0.0745004 0.520169 0.147284 0.192091 0.00497436
2 0.4564 0.14261 0.912801 0.283515 0.00478112
0 0.0889754 0.963839 0.172554 0.0723228 0.00468966
0 0.0741571 0.46723 0.148267 0.113759 0.0043028
1 0.55378 0.706285 0.818968 0.540591 0.00427301
1 0.355833 0.961419 0.711667 0.0747278 0.00385996
2 0.076688 0.484194 0.153376 0.290227 0.00375638
1 0.586125 0.829699 0.753829 0.335718 0.00371333
1 0.547355 0.60407 0.788456 0.512115 0.0037044
2 0.625185 0.0752145 0.705316 0.149584 0.00357525
0 0.5 0.885813 1 0.228373 0.00349687
2 0.540494 0.104837 0.87093 0.209442 0.00342341
0 0.0484685 0.966056 0.0969371 0.0675255 0.00338333
1 0.63644 0.871223 0.677367 0.249633 0.00337419
0 0.252072 0.95631 0.504144 0.0873805 0.00336455
2 0.620456 0.75622 0.680569 0.461809 0.00333666
2 0.571788 0.46613 0.588095 0.286058 0.00332961
2 0.658787 0.977757 0.627794 0.0435928 0.00330717
2 0.78608 0.626602 0.379432 0.550696 0.00325225
2 0.894598 0.971722 0.210804 0.0565549 0.00314344
2 0.463114 0.291921 0.926228 0.578969 0.00313006
0 0.54768 0.545039 0.810232 0.39731 0.00303358
2 0.0722044 0.53856 0.144409 0.240376 0.00301644
2 0.0793128 0.404567 0.158626 0.360551 0.0029786
0 0.0770088 0.444298 0.153378 0.165584 0.00297459
0 0.159068 0.0640649 0.318136 0.12813 0.00292058
2 0.847418 0.622396 0.305164 0.521698 0.00289918
2 0.757631 0.0758429 0.484738 0.149497 0.00287823
0 0.203057 0.907337 0.406114 0.185327 0.0028725
0 0.816328 0.0820813 0.367344 0.164163 0.00285189
0 0.463286 0.106238 0.926573 0.21138 0.00284102
0 0.312673 0.0603674 0.625346 0.119739 0.00282436
2 0.858047 0.977914 0.283906 0.0441714 0.00276351
0 0.516333 0.626872 0.967333 0.567084 0.00276118
0 0.0770777 0.46758 0.154155 0.289213 0.00275205
2 0.630129 0.551069 0.641663 0.44358 0.00272558
0 0.131323 0.174963 0.262645 0.24948 0.00271877
0 0.135634 0.124359 0.271268 0.211686 0.00269418
2 0.091181 0.3542 0.182362 0.359567 0.00268125
2 0.820135 0.7079 0.359731 0.493121 0.00266813
0 0.14495 0.0906899 0.2899 0.176079 0.00264576
0 0.119847 0.228444 0.239695 0.255667 0.00264214
1 0.636395 0.769239 0.6699 0.461522 0.002626
0 0.103594 0.28216 0.207188 0.280323 0.0026226
2 0.128012 0.819461 0.256024 0.308884 0.00260618
2 0.553074 0.415449 0.779904 0.415234 0.00260604
2 0.0845672 0.613991 0.169134 0.388564 0.00260508
2 0.846507 0.533872 0.306985 0.416181 0.00260356
0 0.0963323 0.512843 0.192665 0.235093 0.00259839
0 0.0808718 0.424201 0.161744 0.348694 0.00257969
2 0.122155 0.78039 0.24431 0.310864 0.00257783
2 0.832001 0.12177 0.335998 0.236306 0.00257276
0 0.106591 0.655776 0.213181 0.331634 0.0025621
2 0.113139 0.714184 0.226279 0.29622 0.00255436
2 0.488796 0.237219 0.944175 0.468925 0.00253462
0 0.84779 0.160964 0.30442 0.284196 0.00249254
0 0.878292 0.430079 0.243416 0.325725 0.00248877
2 0.688798 0.905717 0.590215 0.180927 0.00248687
2 0.671414 0.104759 0.628043 0.207411 0.00248543
0 0.411902 0.473434 0.823804 0.345958 0.00248003
0 0.427817 0.553999 0.855634 0.475029 0.00247098
0 0.284321 0.0870401 0.568641 0.169495 0.00247046
0 0.5 0.499796 1 0.362565 0.00246254
0 0.190457 0.114517 0.380913 0.220148 0.00246222
0 0.0901443 0.378641 0.180289 0.325483 0.00245466
2 0.738908 0.713728 0.471165 0.484492 0.0024461
2 0.869599 0.770932 0.260802 0.394224 0.00244522
0 0.890282 0.368291 0.219435 0.277259 0.0024428
0 0.877049 0.222468 0.245902 0.298934 0.002413
2 0.583303 0.149015 0.792482 0.29717 0.00240796
2 0.740006 0.530646 0.482629 0.42424 0.00240576
0 0.128062 0.85215 0.256124 0.280458 0.00238872
0 0.886507 0.315307 0.226987 0.259294 0.00238757
2 0.886763 0.913495 0.226474 0.17301 0.00234359
0 0.161724 0.959591 0.323449 0.0805302 0.00234024
0 0.876814 0.27218 0.246372 0.276087 0.00233746
0 0.431574 0.178123 0.863147 0.325392 0.00231571
0 0.419544 0.698154 0.802187 0.52321 0.00231255
1 0.432994 0.466378 0.865987 0.562297 0.00230497
0 0.155846 0.597324 0.311692 0.48722 0.00230452
0 0.502293 0.810443 0.995413 0.376362 0.0022683
0 0.697341 0.481639 0.573104 0.390647 0.00225515
0 0.111995 0.339979 0.223991 0.366908 0.00225136
0 0.472906 0.388216 0.945811 0.384953 0.0022364
0 0.49131 0.227297 0.982619 0.449605 0.00221403
0 0.864035 0.850137 0.271931 0.293165 0.00221227
0 0.642463 0.423718 0.68076 0.345361 0.00219919
2 0.824011 0.871691 0.351978 0.237255 0.00218725
0 0.679171 0.130591 0.610964 0.260677 0.00218357
0 0.145373 0.670409 0.290747 0.403392 0.00215145
2 0.446844 0.427505 0.893689 0.553256 0.00211399
0 0.102733 0.890621 0.205466 0.218758 0.00208151
0 0.459579 0.278712 0.919157 0.398126 0.00206435
0 0.145842 0.770779 0.291683 0.380461 0.0020612
0 0.735467 0.184275 0.504993 0.311571 0.0020517
0 0.650591 0.356296 0.664545 0.293035 0.00203088
0 0.487817 0.330306 0.975634 0.412996 0.0020176
2 0.592801 0.236608 0.762565 0.39259 0.00200592
0 0.5 0.417872 1 0.453762 0.00198056
0 0.73448 0.245409 0.513291 0.277103 0.00195703
0 0.701799 0.296562 0.568313 0.253916 0.00194935
2 0.563756 0.336358 0.814591 0.338668 0.00194202
2 0.496343 0.462504 0.992686 0.592275 0.00194112
0 0.0422457 0.972491 0.0844915 0.0550171 0.00191735
2 0.696112 0.807636 0.572222 0.353448 0.00191707
0 0.178181 0.984824 0.356362 0.0299328 0.00184738
0 0.49675 0.307127 0.993501 0.585389 0.00184543
0 0.493497 0.987241 0.49881 0.0255171 0.00177798
0 0.089242 0.98781 0.178484 0.0237461 0.00167363
1 0.580223 0.77273 0.310249 0.254085 0.00165969
0 0.776941 0.987574 0.446118 0.0248521 0.0016576
0 0.152104 0.915611 0.303299 0.167663 0.00157515
1 0.083133 0.538417 0.163858 0.155588 0.00155017
2 0.0384457 0.966307 0.0768914 0.0673862 0.00154011
0 0.538816 0.706835 0.413028 0.359631 0.00150117
0 0.518225 0.981907 0.566932 0.0361855 0.00148931
1 0.680823 0.582008 0.446538 0.327735 0.00148775
2 0.652416 0.780802 0.207431 0.23888 0.00144595
1 0.664951 0.576769 0.354835 0.278568 0.0014377
0 0.581302 0.991978 0.159818 0.0157133 0.00143606
0 0.197701 0.948331 0.395402 0.103338 0.00142725
1 0.477084 0.0604076 0.63615 0.120815 0.00137106
1 0.555169 0.843648 0.447545 0.110147 0.00136436
0 0.654953 0.787087 0.260225 0.226374 0.00135531
0 0.0536644 0.99067 0.107329 0.0186594 0.00135327
0 0.235105 0.98609 0.47021 0.0278206 0.00135035
1 0.62636 0.780832 0.230506 0.237667 0.00133832
1 0.599797 0.472541 0.518375 0.251591 0.00132289
0 0.888676 0.995018 0.0524983 0.00965609 0.00131812
2 0.549671 0.827594 0.574153 0.15448 0.0013174
1 0.543054 0.842711 0.562359 0.125788 0.00130154
1 0.53746 0.673165 0.421751 0.391524 0.00129916
0 0.387506 0.986774 0.474862 0.026452 0.00129056
2 0.0780463 0.524613 0.154194 0.182545 0.00128309
1 0.773214 0.536262 0.399295 0.44386 0.00128077
1 0.645978 0.617426 0.397936 0.313227 0.00127655
2 0.541746 0.0523601 0.81712 0.104074 0.00127167
0 0.677386 0.986955 0.577713 0.0260895 0.00126697
0 0.10442 0.449754 0.203806 0.157762 0.0012614
0 0.0964986 0.475808 0.107838 0.1113 0.00124644
0 0.580787 0.844744 0.327752 0.10789 0.00124106
0 0.706631 0.779191 0.257274 0.237523 0.00123835
2 0.557169 0.531552 0.513882 0.351406 0.00122492
1 0.17426 0.534079 0.348521 0.193126 0.00122348
0 0.79251 0.982794 0.41498 0.0344115 0.00120954
1 0.125901 0.54436 0.239259 0.153 0.00120582
2 0.0494078 0.965433 0.0988157 0.0686725 0.00119782
2 0.603485 0.808599 0.439171 0.186628 0.00119198
0 0.0971874 0.993252 0.191957 0.0132393 0.00118981
1 0.844713 0.517916 0.270325 0.519905 0.00118847
0 0.12213 0.544584 0.244259 0.14518 0.00118068
2 0.820293 0.560177 0.325312 0.479694 0.00117895
0 0.494331 0.656347 0.375282 0.261923 0.00116907
0 0.0820661 0.359249 0.164132 0.366877 0.00116885
0 0.064275 0.484277 0.0405759 0.036809 0.00116748
0 0.118372 0.509244 0.0552442 0.0501317 0.00116458
0 0.738421 0.783516 0.372377 0.247523 0.00116165
1 0.551759 0.867114 0.600492 0.18682 0.00115616
1 0.720741 0.509801 0.464627 0.34206 0.00114954
2 0.090113 0.0636859 0.180226 0.125696 0.00114673
2 0.744074 0.0541449 0.511853 0.10779 0.00114556
2 0.779467 0.563673 0.381169 0.361219 0.00113689
2 0.672796 0.54056 0.494834 0.360468 0.00112817
2 0.585874 0.731655 0.310603 0.337703 0.00112691
2 0.644602 0.0549216 0.710797 0.109208 0.00112634
2 0.53102 0.0707773 0.499505 0.139874 0.00112065
0 0.173037 0.92575 0.309215 0.128738 0.00111988
2 0.441792 0.0671297 0.460883 0.132405 0.00110881
0 0.504222 0.516491 0.372635 0.374604 0.00110108
0 0.167435 0.485285 0.334869 0.105479 0.00109311
1 0.369223 0.0581381 0.691971 0.116276 0.00109148
1 0.567976 0.828051 0.377641 0.142788 0.00109139
0 0.482267 0.953032 0.526326 0.0928196 0.00108801
2 0.082391 0.731338 0.164782 0.289034 0.001081
0 0.22477 0.925991 0.260264 0.0881222 0.00107045
1 0.400327 0.634702 0.184282 0.288137 0.00106576
0 0.399612 0.60602 0.172734 0.138561 0.00106172
1 0.243133 0.942125 0.486266 0.114924 0.00105553
0 0.493656 0.61365 0.36894 0.218122 0.00104991
0 0.972619 0.660513 0.0403424 0.0366368 0.00104511
0 0.056989 0.48281 0.0644791 0.0435167 0.0010429
2 0.93559 0.0737999 0.126627 0.144258 0.00103973
1 0.722695 0.057991 0.536596 0.115586 0.00103964
0 0.790423 0.760373 0.419154 0.283524 0.00103862
1 0.624002 0.0609515 0.751997 0.121903 0.00103751
0 0.537755 0.627505 0.44129 0.43404 0.00103739
1 0.703687 0.841621 0.533779 0.218868 0.00103695
2 0.390124 0.590102 0.181824 0.193134 0.00103626
2 0.349072 0.0522201 0.698143 0.103526 0.00103432
2 0.898563 0.562341 0.181154 0.515643 0.00102351
2 0.154013 0.560004 0.308026 0.165883 0.00102294
2 0.568237 0.835761 0.289986 0.128852 0.00102279
1 0.721795 0.486302 0.422259 0.254805 0.00101048
2 0.692028 0.0671595 0.437296 0.132779 0.00101045
2 0.646918 0.512774 0.516989 0.25975 0.00100944
1 0.623541 0.721644 0.268692 0.276175 0.00100629
0 0.0598821 0.737427 0.119764 0.299838 0.00100076
2 0.517472 0.915414 0.540977 0.169172 0.000997616
2 0.554754 0.866274 0.320885 0.126654 0.000997395
2 0.868591 0.0516347 0.259775 0.102573 0.000996254
0 0.467387 0.444251 0.301741 0.184924 0.000990788
2 0.657044 0.47167 0.359481 0.199224 0.000988283
1 0.585223 0.801852 0.368659 0.19496 0.000986552
0 0.559545 0.988678 0.151829 0.0226436 0.000984557
2 0.0796337 0.682192 0.159267 0.508338 0.000983595
2 0.759617 0.062454 0.392408 0.12287 0.000982745
0 0.969026 0.663969 0.0465219 0.0611079 0.00098182
0 0.262877 0.927935 0.290041 0.104986 0.000981517
1 0.439067 0.673894 0.254179 0.211526 0.000980345
2 0.18239 0.585906 0.36478 0.13877 0.000976187
1 0.536648 0.915418 0.465495 0.168765 0.000975317
2 0.398763 0.64888 0.189608 0.346379 0.000974722
0 0.426575 0.426999 0.194457 0.152008 0.000972505
2 0.0470015 0.0479288 0.094003 0.0957361 0.000971466
0 0.627989 0.479223 0.438366 0.214356 0.000968665
0 0.598137 0.994201 0.143027 0.0112498 0.000967459
0 0.196968 0.909303 0.0592067 0.0303604 0.000967162
0 0.105887 0.0559721 0.211774 0.111768 0.000966979
0 0.484612 0.703555 0.350705 0.291824 0.000965409
2 0.082205 0.138041 0.16441 0.276082 0.000964358
1 0.577471 0.865225 0.337086 0.117258 0.000963656
1 0.433048 0.669759 0.242243 0.300946 0.000963423
0 0.0917271 0.854221 0.183454 0.291558 0.000962862
0 0.0657134 0.794727 0.131427 0.410547 0.000962418
2 0.437618 0.6931 0.246941 0.354965 0.000961643
0 0.551451 0.537231 0.500964 0.307846 0.000956892
2 0.00396173 0.0621892 0.00792347 0.120084 0.000954566
0 0.880573 0.994236 0.121265 0.0111683 0.000954126
2 0.0812392 0.762472 0.162478 0.146757 0.000952318
1 0.525235 0.799625 0.338506 0.208707 0.000950564
0 0.353806 0.954334 0.658102 0.090123 0.000950134
0 0.509295 0.946108 0.71146 0.105625 0.000949468
2 0.59461 0.427225 0.497968 0.161609 0.000948652
2 0.748921 0.625227 0.351615 0.318317 0.000946624
2 0.618465 0.766543 0.255218 0.229297 0.000945316
2 0.0885222 0.949782 0.177044 0.100436 0.000945008
2 0.0793551 0.806129 0.15871 0.387742 0.000943296
0 0.0895503 0.469632 0.0969647 0.0683936 0.000941657
1 0.546982 0.87196 0.48641 0.126774 0.000941154
2 0.602464 0.881533 0.608537 0.209366 0.000941094
0 0.0431325 0.558736 0.0844099 0.116045 0.000940876
1 0.562186 0.575053 0.522416 0.234216 0.000935623
2 0.854076 0.565919 0.249466 0.347685 0.000934442
1 0.632929 0.544449 0.417002 0.259507 0.000933751
2 0.233885 0.06704 0.46777 0.132179 0.000930048
2 0.913121 0.0541702 0.173757 0.108036 0.000929895
0 0.73657 0.457206 0.196759 0.177486 0.000928603
0 0.211639 0.543065 0.423277 0.186052 0.00092857
2 0.332239 0.068146 0.50013 0.134276 0.000927073
2 0.813683 0.592768 0.28804 0.321484 0.000927061
2 0.624102 0.665915 0.39871 0.316813 0.000925567
0 0.396664 0.403914 0.13024 0.118326 0.000925539
0 0.974744 0.0576601 0.0505113 0.113093 0.000924403
2 0.0734955 0.864959 0.146991 0.270082 0.00091985
2 0.385713 0.627405 0.281631 0.281959 0.000913976
2 0.0800739 0.261858 0.160148 0.523716 0.000912282
2 0.964693 0.0500314 0.070614 0.100063 0.000910614
2 0.00234603 0.0777546 0.00469206 0.155509 0.000907168
2 0.381251 0.532649 0.193572 0.29061 0.000906048
0 0.4425 0.641438 0.264217 0.186723 0.000902217
1 0.527062 0.593652 0.453266 0.310048 0.000902103
0 0.863122 0.941426 0.273755 0.114505 0.000901818
0 0.20221 0.498216 0.404421 0.109139 0.000901361
0 0.195979 0.304592 0.327894 0.133971 0.000900538
2 0.0765905 0.309946 0.149907 0.107514 0.000900198
2 0.96528 0.087662 0.0694397 0.175324 0.000899317
2 0.0758265 0.274671 0.148459 0.141459 0.000892224
1 0.902748 0.0754983 0.188385 0.14849 0.000892203
0 0.778814 0.824039 0.442371 0.219888 0.00089215
0 0.762551 0.741737 0.3305 0.284277 0.00089143
2 0.0817667 0.4124 0.161615 0.219995 0.000891033
2 0.781305 0.860997 0.437391 0.1836 0.000890968
2 0.14385 0.0638535 0.2877 0.125211 0.000890905
0 0.296645 0.94701 0.593289 0.104675 0.000890662
0 0.756559 0.476767 0.347864 0.224567 0.000888791
0 0.305289 0.928544 0.351601 0.126319 0.000888752
2 0.971343 0.07251 0.0573149 0.14502 0.000887805
1 0.613561 0.678761 0.368337 0.336471 0.000886401
2 0.0798204 0.190115 0.159641 0.380231 0.000885907
2 0.945415 0.517085 0.10917 0.49551 0.000885731
0 0.0919413 0.422371 0.183883 0.221235 0.000884568
