1 0.125318 0.368126 0.196679 0.187683 0.826433
1 0.547135 0.512728 0.631136 0.401884 0.7867
0 0.272641 0.74582 0.0804729 0.056248 0.449182
2 0.272055 0.745859 0.0830574 0.056488 0.399252
1 0.545132 0.632633 0.637462 0.558108 0.308598
2 0.124125 0.366977 0.195073 0.192507 0.25701
0 0.399552 0.0519786 0.0350463 0.0278193 0.159356
0 0.243849 0.2351 0.0472452 0.0255185 0.125645
0 0.534755 0.0216845 0.143181 0.043369 0.121971
2 0.336216 0.197282 0.0539905 0.0696339 0.0888533
0 0.337243 0.196941 0.0561164 0.0701412 0.0835271
0 0.52559 0.199379 0.0808107 0.0408988 0.0577468
0 0.474332 0.15052 0.032775 0.0195564 0.0564116
2 0.703443 0.356463 0.279949 0.127201 0.0467279
1 0.450207 0.391378 0.861273 0.656757 0.0438543
2 0.535432 0.0214865 0.144568 0.042973 0.0423359
0 0.67424 0.123824 0.0287206 0.0201785 0.0389953
1 0.695661 0.358466 0.299668 0.131093 0.0369023
1 0.448269 0.482184 0.827873 0.422835 0.0355784
2 0.0971767 0.391942 0.123327 0.110668 0.02722
1 0.171087 0.366441 0.286131 0.192568 0.0265602
0 0.745059 0.117954 0.0389014 0.0238041 0.0254096
0 0.669306 0.123173 0.0362111 0.0223825 0.0247662
0 0.413119 0.197136 0.0270198 0.0197281 0.0216639
0 0.561536 0.206495 0.160201 0.0477762 0.0207796
1 0.641872 0.948224 0.546492 0.103523 0.0201262
0 0.366948 0.197489 0.119827 0.0714347 0.0174552
1 0.68093 0.407622 0.329404 0.226519 0.0173686
0 0.155501 0.734993 0.0281098 0.0218343 0.0165762
0 0.491576 0.0314225 0.252284 0.0628451 0.0157288
1 0.225752 0.454207 0.409817 0.39711 0.0154244
1 0.60753 0.447926 0.493244 0.313483 0.0152457
1 0.148799 0.448273 0.246737 0.382766 0.0133882
0 0.471734 0.153264 0.0429503 0.0249826 0.012923
0 0.244305 0.240233 0.0506916 0.0367401 0.0120574
0 0.299937 0.745965 0.138271 0.0605592 0.0118966
1 0.128866 0.364971 0.257732 0.205156 0.0109833
1 0.206239 0.535682 0.38004 0.620246 0.010733
0 0.463113 0.922 0.0940367 0.0797516 0.0106947
1 0.49446 0.530225 0.519878 0.327692 0.010628
2 0.648392 0.415799 0.407202 0.246828 0.0105448
2 0.0927875 0.414384 0.122424 0.0953202 0.0103195
1 0.543452 0.192907 0.573501 0.0949949 0.0101805
1 0.271556 0.738331 0.0840783 0.0668457 0.0100534
1 0.125219 0.317609 0.198166 0.299488 0.00972507
0 0.43541 0.194995 0.257079 0.0807526 0.00936091
1 0.211865 0.359238 0.36971 0.224943 0.00933731
0 0.563649 0.969226 0.0377889 0.0244335 0.00911527
1 0.667281 0.968204 0.594445 0.0635924 0.00894163
1 0.466062 0.341526 0.79302 0.399898 0.00874545
0 0.837392 0.68888 0.0677316 0.0486263 0.0087008
0 0.40085 0.194899 0.186956 0.0776428 0.00834476
1 0.526504 0.197829 0.678315 0.146067 0.00831954
0 0.399834 0.0465578 0.0421014 0.0377699 0.00800948
1 0.542783 0.582307 0.633127 0.292334 0.00793122
1 0.154671 0.526772 0.272142 0.591959 0.00775765
1 0.632743 0.508689 0.449682 0.460628 0.00724982
1 0.547558 0.947131 0.570073 0.10417 0.00723514
1 0.540618 0.136611 0.563157 0.21819 0.00715316
0 0.573106 0.0557895 0.384132 0.111579 0.00675869
1 0.129719 0.321278 0.17693 0.111784 0.00664753
2 0.146149 0.31489 0.143325 0.106802 0.00660985
0 0.271269 0.727329 0.0874365 0.0892736 0.00655674
0 0.395451 0.0542494 0.0483434 0.0367788 0.00626525
0 0.147061 0.328226 0.146369 0.0902693 0.0061611
0 0.41066 0.197642 0.0331349 0.0233401 0.00614971
1 0.34775 0.524157 0.500756 0.319114 0.00611419
0 0.587099 0.0601464 0.533508 0.120293 0.00603509
1 0.139998 0.387038 0.244249 0.166529 0.00571067
0 0.291007 0.195972 0.136392 0.0721657 0.00569489
0 0.568964 0.116416 0.45401 0.232504 0.00567583
1 0.473894 0.190657 0.381845 0.101454 0.00551472
0 0.468492 0.0354471 0.327459 0.0708943 0.00548898
1 0.463434 0.920834 0.0995168 0.0844729 0.00544399
0 0.475975 0.15177 0.037887 0.0297575 0.00542488
1 0.486941 0.259896 0.774772 0.481275 0.0053364
0 0.496881 0.122068 0.440538 0.244137 0.00530163
0 0.748242 0.119175 0.0489962 0.0277223 0.00518973
0 0.679245 0.124014 0.039386 0.025493 0.0050665
0 0.270415 0.756222 0.0823219 0.0774885 0.0049031
2 0.667029 0.380769 0.365606 0.182442 0.00488188
1 0.516299 0.141382 0.721361 0.279936 0.0048639
1 0.321501 0.692778 0.183101 0.16841 0.00484173
0 0.645734 0.0747101 0.599511 0.14942 0.00483246
1 0.175652 0.388345 0.351305 0.167662 0.00480114
0 0.580661 0.975909 0.0753648 0.0374523 0.0047856
0 0.535996 0.0360266 0.146612 0.0715636 0.00475144
1 0.116138 0.484571 0.232276 0.514564 0.00474347
2 0.464573 0.917478 0.0975268 0.0760559 0.0046985
2 0.337568 0.185265 0.0484322 0.0516853 0.00461052
0 0.487774 0.0425955 0.233161 0.0529608 0.0045868
0 0.195703 0.744671 0.234744 0.0588457 0.00456874
0 0.479887 0.0527344 0.355338 0.105469 0.00455818
0 0.418132 0.197197 0.0343571 0.0221031 0.00454294
2 0.103834 0.34729 0.207669 0.240534 0.00453735
1 0.466206 0.962913 0.582018 0.0731852 0.00449296
0 0.522613 0.923776 0.211811 0.0897695 0.00445715
1 0.736341 0.974814 0.493283 0.0503714 0.00438128
0 0.152848 0.732769 0.0352748 0.0288031 0.00425217
1 0.46001 0.732618 0.542466 0.497532 0.00423795
0 0.550687 0.0148609 0.170349 0.0293289 0.0042182
1 0.617895 0.581682 0.506618 0.444964 0.00420664
1 0.356138 0.741926 0.257172 0.0695484 0.0041937
0 0.703049 0.123166 0.0910629 0.0238899 0.00419189
1 0.734329 0.514908 0.504798 0.489658 0.00419068
1 0.115746 0.252845 0.208894 0.432177 0.00412663
1 0.233022 0.375445 0.466044 0.191102 0.00411391
0 0.58005 0.934693 0.339966 0.11649 0.00409647
0 0.284831 0.742692 0.0568951 0.0500374 0.00407442
1 0.407428 0.579631 0.631502 0.448581 0.00405658
1 0.685827 0.159755 0.584548 0.319511 0.00398496
0 0.610118 0.212645 0.060613 0.0484664 0.00390351
2 0.682598 0.451894 0.421491 0.353923 0.0038357
1 0.514944 0.605197 0.602796 0.208416 0.00376363
0 0.337156 0.201904 0.0725385 0.0813973 0.00376221
2 0.566359 0.33806 0.575434 0.544204 0.00374683
0 0.466083 0.170523 0.592306 0.140173 0.00371489
0 0.388106 0.0522059 0.0608759 0.0315217 0.00370746
1 0.515299 0.922261 0.196843 0.0903232 0.0037059
1 0.758611 0.224312 0.443378 0.44289 0.00369688
0 0.725635 0.112137 0.514478 0.223432 0.00368602
0 0.28605 0.224635 0.136817 0.0380646 0.00365081
0 0.467931 0.0590344 0.657108 0.118069 0.00363375
1 0.263592 0.608564 0.488775 0.501293 0.003596
1 0.823004 0.157033 0.31578 0.314065 0.00357263
1 0.0984445 0.39497 0.156573 0.142381 0.00356483
2 0.10337 0.594355 0.20674 0.515018 0.00355662
0 0.574488 0.0252913 0.276613 0.0495329 0.00348526
0 0.400796 0.0336189 0.0442656 0.063275 0.00348041
1 0.500936 0.910687 0.171345 0.108739 0.00339893
1 0.394469 0.973715 0.542212 0.0520802 0.00339817
0 0.454144 0.235123 0.712723 0.179682 0.00337939
0 0.556637 0.179343 0.200913 0.0933135 0.00335955
0 0.65813 0.122229 0.0609548 0.0251567 0.00335885
1 0.675843 0.264198 0.491026 0.517589 0.00335719
0 0.404863 0.147393 0.73527 0.262 0.00334054
0 0.873126 0.0752588 0.253749 0.150518 0.00332453
2 0.893364 0.970498 0.213272 0.0590035 0.00329971
0 0.451356 0.195375 0.295575 0.0613426 0.00329925
0 0.389393 0.420777 0.122329 0.106099 0.00326621
1 0.86633 0.975983 0.26734 0.0480338 0.00325206
2 0.0874622 0.685634 0.174924 0.331782 0.0032477
0 0.911501 0.080275 0.176999 0.16055 0.003227
0 0.607893 0.935562 0.465267 0.127233 0.00321121
0 0.456677 0.931101 0.0822006 0.0646626 0.00319974
2 0.65368 0.309244 0.398278 0.4017 0.00319678
0 0.471213 0.156811 0.0472456 0.0363465 0.00315901
1 0.602752 0.56407 0.475808 0.288364 0.00314615
1 0.140058 0.626589 0.265866 0.498391 0.00313877
2 0.0960292 0.193357 0.192058 0.334863 0.00311538
2 0.0730295 0.784164 0.146059 0.307937 0.00311119
0 0.671859 0.124928 0.0472934 0.0299548 0.00310221
0 0.18997 0.0608944 0.373281 0.121789 0.00309819
1 0.339799 0.228902 0.638325 0.454514 0.00309756
2 0.0761083 0.736899 0.152217 0.298013 0.00309322
1 0.718353 0.617227 0.539451 0.645294 0.00308544
1 0.813679 0.528169 0.372641 0.49283 0.00308375
0 0.273647 0.060281 0.489129 0.120562 0.00308156
0 0.400407 0.594972 0.49308 0.371434 0.00308074
0 0.912466 0.117227 0.175068 0.229644 0.00306304
1 0.878542 0.188512 0.213867 0.360041 0.00306004
0 0.88632 0.105754 0.204237 0.210478 0.00304926
2 0.0914877 0.818486 0.182975 0.294487 0.0030367
2 0.714281 0.393296 0.487102 0.42448 0.0030186
0 0.123467 0.214717 0.233824 0.414013 0.00301563
0 0.295696 0.304019 0.555697 0.313996 0.00297437
1 0.546133 0.851422 0.728258 0.291398 0.00296563
0 0.128581 0.0673788 0.257163 0.134758 0.00296555
2 0.855386 0.623681 0.289227 0.526192 0.00292379
2 0.090172 0.138162 0.180344 0.250814 0.00291992
0 0.12995 0.962675 0.259899 0.0746494 0.0029083
0 0.906377 0.225342 0.187246 0.360541 0.00289156
0 0.36573 0.974806 0.615467 0.0495483 0.00288039
0 0.13368 0.149701 0.264129 0.299403 0.00287939
0 0.827166 0.462587 0.345669 0.455345 0.00287006
1 0.660108 0.612178 0.364017 0.193467 0.00284789
2 0.818835 0.640874 0.362331 0.598805 0.00283329
0 0.316971 0.15028 0.594131 0.30056 0.00282428
2 0.314974 0.197999 0.0929798 0.0741206 0.00282189
0 0.858485 0.413568 0.283029 0.440527 0.0028137
1 0.612599 0.877626 0.675638 0.241063 0.00279193
0 0.271091 0.114146 0.513713 0.226364 0.0027898
0 0.113787 0.09547 0.227575 0.190339 0.00278284
1 0.861929 0.26068 0.242374 0.457788 0.00277461
0 0.157921 0.0934354 0.315842 0.18487 0.00275307
2 0.68023 0.663247 0.504439 0.643955 0.00270394
2 0.144974 0.332954 0.144541 0.0938963 0.00270295
0 0.905068 0.349296 0.189865 0.390205 0.00269805
0 0.907782 0.286501 0.184435 0.358022 0.00269354
0 0.145893 0.899165 0.291786 0.194254 0.00268192
2 0.20266 0.971442 0.405319 0.0558981 0.00267002
0 0.152708 0.712824 0.299684 0.3934 0.00264191
0 0.278832 0.63813 0.485293 0.447551 0.00262801
1 0.732503 0.42457 0.509421 0.465162 0.00262066
2 0.242908 0.743668 0.144565 0.063636 0.00261736
1 0.16368 0.418247 0.321006 0.225781 0.0026077
0 0.67507 0.119449 0.0343686 0.0312806 0.00259181
0 0.374619 0.77598 0.554799 0.411647 0.00258354
0 0.471914 0.936417 0.606933 0.123818 0.0025795
0 0.708566 0.119548 0.115649 0.0267242 0.00257604
0 0.112634 0.850871 0.225268 0.271685 0.0025694
0 0.473429 0.148247 0.0392707 0.0257661 0.00250742
0 0.889135 0.914875 0.221729 0.165227 0.00249284
1 0.336282 0.196047 0.0570611 0.0774487 0.00249003
0 0.153878 0.814361 0.302535 0.347258 0.00248191
0 0.728223 0.936446 0.543553 0.124784 0.00247875
0 0.2138 0.810595 0.356385 0.370099 0.00246611
2 0.788641 0.671156 0.372542 0.614975 0.00244454
2 0.845005 0.718591 0.30999 0.532785 0.00242567
1 0.279355 0.399503 0.558711 0.182939 0.00241442
1 0.411664 0.569811 0.36726 0.193313 0.00241395
0 0.25949 0.741041 0.450537 0.499218 0.00237864
0 0.410049 0.798017 0.422314 0.388029 0.00236376
0 0.104753 0.298305 0.209506 0.332199 0.0023503
0 0.413956 0.193709 0.0317393 0.0289803 0.00234684
0 0.288842 0.820012 0.431041 0.350754 0.00234461
0 0.382929 0.0417077 0.0783731 0.0566783 0.00231779
0 0.58086 0.0402874 0.261755 0.0790455 0.00231476
1 0.328819 0.760779 0.19851 0.0854425 0.00230307
1 0.353123 0.253394 0.193802 0.181134 0.00229851
1 0.557575 0.792901 0.708726 0.399765 0.00229187
2 0.864425 0.80952 0.27115 0.380959 0.00228944
1 0.436893 0.212076 0.27444 0.114198 0.00227799
0 0.299703 0.858952 0.556924 0.274945 0.00226513
1 0.361141 0.577466 0.242556 0.180304 0.00224816
0 0.201253 0.866219 0.402506 0.257292 0.002248
0 0.376362 0.890457 0.664838 0.215188 0.00224222
0 0.871922 0.848798 0.256157 0.254983 0.00223231
0 0.846582 0.919868 0.293459 0.152916 0.0022239
0 0.477176 0.924202 0.136278 0.0871822 0.0022085
0 0.732059 0.124893 0.0764263 0.0371635 0.0022045
2 0.830414 0.75455 0.299551 0.46003 0.00219129
2 0.37153 0.194628 0.121441 0.0749673 0.00213502
1 0.601679 0.637168 0.480378 0.135074 0.00213055
1 0.365031 0.692609 0.278906 0.174591 0.00212721
1 0.143892 0.331442 0.148213 0.0924699 0.00212684
0 0.407818 0.0511599 0.065657 0.0345065 0.00210889
0 0.337103 0.189329 0.227897 0.0932055 0.00208097
0 0.708075 0.124255 0.121769 0.0341902 0.00207295
0 0.117041 0.352263 0.200634 0.230606 0.00207063
0 0.60959 0.978796 0.138513 0.0419853 0.00206132
1 0.19895 0.443041 0.3979 0.258845 0.00203742
1 0.737957 0.35605 0.2149 0.127529 0.00201576
2 0.773441 0.803631 0.4366 0.376992 0.00201551
0 0.521425 0.0123347 0.12375 0.0246695 0.00200362
1 0.501493 0.637332 0.7159 0.140705 0.00199531
1 0.684694 0.827615 0.578845 0.331316 0.00197097
2 0.648369 0.675231 0.451457 0.0781784 0.0019468
1 0.430354 0.911719 0.176341 0.107237 0.00194519
1 0.291061 0.201269 0.145635 0.0811313 0.00192761
1 0.669402 0.0307898 0.49999 0.0615796 0.0019071
0 0.219493 0.760194 0.205025 0.0904674 0.00190589
0 0.258215 0.706435 0.234758 0.140494 0.0018997
0 0.244487 0.248628 0.0574098 0.0510111 0.00189586
2 0.838852 0.82924 0.300796 0.290123 0.00188409
1 0.0963432 0.468055 0.150154 0.26311 0.00187761
0 0.255722 0.0704354 0.0407262 0.0239509 0.00187545
0 0.144025 0.284995 0.0474111 0.0400115 0.00185441
0 0.0930143 0.371003 0.153692 0.186026 0.0018303
1 0.732056 0.623233 0.267935 0.177588 0.00182107
0 0.829523 0.872002 0.324365 0.223147 0.00181539
1 0.409744 0.718268 0.382875 0.128465 0.00181251
2 0.73318 0.85705 0.53364 0.279678 0.00179441
1 0.417468 0.891203 0.20988 0.151909 0.00177929
0 0.58771 0.979113 0.119678 0.041151 0.00176912
0 0.592462 0.974218 0.476931 0.0515642 0.00173458
1 0.140589 0.458456 0.242438 0.260569 0.00172782
0 0.715248 0.356375 0.260592 0.128238 0.00172109
0 0.712329 0.985642 0.529953 0.0287161 0.0017183
0 0.505986 0.939819 0.375633 0.120031 0.0017066
0 0.281685 0.246818 0.133262 0.059393 0.00170608
1 0.395316 0.751005 0.370476 0.121177 0.001704
1 0.650681 0.66359 0.448244 0.0942275 0.00168856
0 0.254229 0.0658743 0.0350782 0.0280586 0.00168322
0 0.131137 0.322757 0.175948 0.121781 0.00168173
0 0.0231679 0.0342669 0.0463358 0.0613455 0.00165599
1 0.552264 0.904463 0.279638 0.131001 0.00165374
0 0.328116 0.192576 0.0693595 0.0652683 0.00164957
1 0.367805 0.769888 0.30051 0.113915 0.00164837
1 0.322969 0.654298 0.189449 0.252606 0.00164417
1 0.671748 0.36896 0.398015 0.160028 0.00163687
0 0.735541 0.119965 0.0834891 0.0271 0.00163665
1 0.728014 0.688323 0.297828 0.0578625 0.00163452
2 0.504623 0.51649 0.532783 0.309051 0.00163005
0 0.413521 0.204664 0.0357332 0.0388256 0.00162549
2 0.106372 0.369217 0.148106 0.149776 0.00162062
1 0.710473 0.682524 0.337062 0.0732168 0.00155342
1 0.437456 0.269631 0.288892 0.240412 0.00155138
0 0.755861 0.355683 0.182226 0.126286 0.0015436
0 0.370758 0.438042 0.16352 0.140653 0.0014696
1 0.620961 0.0555244 0.37695 0.110685 0.00146491
0 0.457592 0.0357224 0.540053 0.0714447 0.0014529
0 0.62432 0.982827 0.512866 0.0343467 0.00144159
0 0.49872 0.0113144 0.18817 0.0226288 0.00143522
0 0.669522 0.129648 0.0410047 0.0344155 0.00143261
0 0.747593 0.0789919 0.137276 0.0980217 0.0014262
2 0.752167 0.689887 0.244493 0.0533144 0.00141797
0 0.447853 0.93578 0.0782832 0.056723 0.00141226
0 0.225881 0.740744 0.22161 0.0536742 0.00139869
0 0.339348 0.186167 0.0460911 0.063819 0.0013947
