1 0.586832 0.544521 0.52331 0.370028 0.960127
0 0.24479 0.213321 0.212778 0.0890446 0.290267
2 0.243899 0.212925 0.209276 0.0888992 0.257261
0 0.21463 0.971834 0.0476422 0.0438301 0.108069
1 0.583744 0.632788 0.539075 0.51251 0.0846206
1 0.504798 0.328756 0.763227 0.657511 0.04935
1 0.246038 0.214589 0.217647 0.0987735 0.0389064
0 0.133256 0.97424 0.266512 0.0511864 0.0257693
1 0.550869 0.506934 0.626386 0.360559 0.0254124
1 0.560935 0.702251 0.672939 0.589476 0.0202679
0 0.21365 0.97433 0.0626695 0.0507603 0.0171397
1 0.492698 0.334252 0.724617 0.409377 0.0160341
1 0.234785 0.368664 0.232171 0.617598 0.0159095
1 0.497069 0.452825 0.74381 0.477883 0.0152812
0 0.280489 0.974924 0.265265 0.0498909 0.0149916
1 0.260959 0.343909 0.266499 0.393342 0.0145997
1 0.418821 0.20707 0.576672 0.131645 0.0140698
0 0.214468 0.973865 0.379381 0.0522703 0.0140252
0 0.318359 0.972118 0.57379 0.0557642 0.0140134
1 0.245071 0.294978 0.220001 0.260558 0.013916
1 0.514475 0.197463 0.792699 0.394925 0.0131908
0 0.243695 0.974685 0.117437 0.0495666 0.0116677
1 0.442835 0.145837 0.626437 0.26088 0.0106854
0 0.175289 0.973606 0.232282 0.0515881 0.0104423
1 0.230719 0.428058 0.303987 0.642364 0.0103246
0 0.275028 0.975939 0.386281 0.0480755 0.00999042
1 0.34166 0.18434 0.414154 0.156715 0.00917888
1 0.467496 0.973369 0.663234 0.053261 0.00869876
0 0.201561 0.981039 0.112933 0.0372902 0.00734699
1 0.241498 0.131312 0.241931 0.25441 0.00721924
1 0.335916 0.426447 0.477267 0.627189 0.00718809
0 0.422285 0.426312 0.179652 0.12259 0.00669453
1 0.182462 0.197032 0.364925 0.202714 0.00669184
1 0.576384 0.362909 0.563522 0.609876 0.00668532
1 0.731083 0.638874 0.504371 0.528163 0.00663612
0 0.316176 0.941691 0.594493 0.115127 0.0064996
0 0.314143 0.970143 0.423025 0.0597139 0.00647008
1 0.179493 0.371488 0.345886 0.629075 0.00640257
1 0.746553 0.969195 0.439145 0.0616103 0.00639907
1 0.506987 0.522433 0.363298 0.316587 0.0061882
1 0.445033 0.715108 0.684042 0.569783 0.00610674
0 0.188231 0.963698 0.376461 0.072604 0.00606261
1 0.623104 0.971806 0.613531 0.0563877 0.00603212
1 0.311546 0.132231 0.370236 0.264463 0.0060175
1 0.857551 0.158879 0.252427 0.316516 0.00590211
0 0.556021 0.012542 0.121823 0.0244494 0.00589841
1 0.756235 0.289778 0.386574 0.576155 0.0057752
1 0.402517 0.061762 0.607992 0.123524 0.00577081
0 0.84844 0.116296 0.284596 0.230844 0.00565819
1 0.186491 0.138825 0.372981 0.256951 0.00562084
1 0.464964 0.643757 0.781604 0.555977 0.0054947
1 0.58938 0.42257 0.52427 0.326257 0.00539592
0 0.252347 0.0237713 0.0808493 0.0463215 0.00525308
1 0.772032 0.204414 0.363188 0.40486 0.00523057
1 0.180551 0.258454 0.357764 0.450385 0.0051803
0 0.136446 0.985673 0.272891 0.0282909 0.00515267
1 0.263953 0.471076 0.444358 0.671022 0.00506967
0 0.621306 0.706668 0.0550398 0.0621111 0.00505184
1 0.424765 0.412913 0.18003 0.09816 0.00492592
1 0.247551 0.2453 0.216923 0.144394 0.00490366
1 0.504836 0.125015 0.777264 0.249611 0.00484872
1 0.363423 0.684223 0.682067 0.5358 0.00475908
0 0.375743 0.0581543 0.631767 0.116309 0.00470883
1 0.844123 0.251966 0.268648 0.493815 0.00465479
0 0.783006 0.0945415 0.392739 0.189083 0.00458935
0 0.722847 0.117409 0.461295 0.233595 0.00458815
0 0.519604 0.0879775 0.685518 0.175955 0.00451827
0 0.243326 0.199962 0.218606 0.124378 0.00444392
1 0.135935 0.463091 0.259037 0.628321 0.00427383
0 0.645996 0.0937376 0.578231 0.187475 0.00423022
1 0.675398 0.720324 0.610546 0.551711 0.00420672
0 0.47028 0.939309 0.746313 0.120166 0.00412506
0 0.708471 0.0174983 0.0429688 0.0325303 0.00411795
0 0.183585 0.209072 0.338976 0.099065 0.0040346
1 0.817045 0.311231 0.317036 0.585658 0.00402613
0 0.227739 0.9015 0.455088 0.195936 0.00386505
0 0.201338 0.950746 0.402676 0.0985089 0.00385952
1 0.681885 0.563794 0.379846 0.24371 0.00384529
1 0.711217 0.381754 0.511128 0.532647 0.0038313
1 0.835428 0.970152 0.323797 0.0596962 0.00380706
1 0.122192 0.386155 0.244385 0.434815 0.00379846
1 0.103782 0.448633 0.207563 0.39937 0.00374992
1 0.233372 0.71552 0.432212 0.514376 0.00374288
1 0.107358 0.660364 0.206733 0.466611 0.00372133
1 0.142945 0.325753 0.28589 0.438883 0.00371171
0 0.157991 0.248578 0.315983 0.307613 0.00368597
2 0.198603 0.211127 0.310586 0.0987367 0.00364789
0 0.213605 0.0283411 0.242275 0.0562262 0.00362611
0 0.103515 0.987801 0.201732 0.0243986 0.00361258
0 0.853783 0.088225 0.292434 0.17645 0.00359374
2 0.0948502 0.788163 0.1897 0.34597 0.00358224
1 0.821021 0.6571 0.357958 0.517241 0.00357884
2 0.090845 0.731961 0.18169 0.326099 0.00357307
1 0.263889 0.613336 0.487793 0.503016 0.00355107
1 0.4385 0.48007 0.595748 0.404419 0.00354874
0 0.878848 0.122745 0.242305 0.243368 0.00354229
1 0.869659 0.220684 0.226419 0.357149 0.00354126
1 0.637052 0.431488 0.602547 0.439507 0.00351124
2 0.876988 0.968545 0.246024 0.0629102 0.00351025
0 0.569086 0.00986663 0.0787471 0.0197333 0.00349778
0 0.750289 0.970162 0.495919 0.0596762 0.00348755
0 0.597986 0.0115792 0.146715 0.0222539 0.00346856
1 0.8759 0.363356 0.206594 0.343975 0.00341302
0 0.101377 0.178777 0.202755 0.276663 0.00340535
0 0.214161 0.0684134 0.418042 0.136827 0.00330424
1 0.118219 0.528907 0.224069 0.529632 0.00329465
2 0.0987353 0.650134 0.197471 0.406468 0.0032876
1 0.878509 0.298864 0.203739 0.34665 0.00328332
1 0.304917 0.234346 0.360653 0.132451 0.00326431
0 0.884049 0.165887 0.231902 0.320162 0.00323934
1 0.0996312 0.72509 0.196308 0.378178 0.00322351
1 0.418977 0.552137 0.666973 0.432362 0.00321218
0 0.733985 0.943021 0.532029 0.111852 0.00318953
1 0.754816 0.410194 0.446532 0.348152 0.00318536
0 0.607617 0.939527 0.707951 0.118806 0.00314108
0 0.572532 0.0142242 0.19896 0.0277217 0.00310778
0 0.160056 0.841756 0.318584 0.314921 0.0030917
1 0.481494 0.774091 0.841791 0.451818 0.00308807
0 0.137166 0.0732548 0.274332 0.14651 0.00307048
0 0.0779436 0.147325 0.155887 0.263017 0.00305441
1 0.102917 0.550724 0.205835 0.379343 0.00304304
0 0.421143 0.455651 0.185215 0.18349 0.00301838
0 0.12057 0.854363 0.24114 0.291274 0.00300948
0 0.260469 0.0225498 0.112183 0.0440837 0.00300428
1 0.102863 0.788751 0.205727 0.382715 0.00299941
0 0.848266 0.140725 0.0364172 0.0241612 0.00299404
1 0.243525 0.195219 0.215574 0.131937 0.00299302
1 0.665531 0.538598 0.496738 0.229103 0.00298675
1 0.839293 0.583125 0.321413 0.444564 0.00297538
0 0.111489 0.814805 0.220042 0.354884 0.00296891
1 0.137867 0.770089 0.261817 0.449743 0.00296869
1 0.920368 0.37523 0.159264 0.333152 0.00291908
0 0.345866 0.865488 0.606496 0.267376 0.00291708
0 0.320994 0.983199 0.413069 0.0336018 0.0029167
0 0.190741 0.123947 0.381482 0.247894 0.00291025
1 0.585539 0.508362 0.535539 0.214009 0.00290704
1 0.929021 0.426229 0.141958 0.347047 0.00290558
0 0.11479 0.109129 0.22958 0.218258 0.0028906
0 0.875871 0.0966665 0.064784 0.0365269 0.00287791
0 0.236033 0.851996 0.449689 0.293764 0.0028698
0 0.112627 0.962014 0.220182 0.0743248 0.00284663
0 0.786808 0.978589 0.426385 0.0428228 0.00284517
2 0.503107 0.597354 0.351083 0.234942 0.00279763
0 0.8851 0.219054 0.2298 0.369998 0.00279688
1 0.716056 0.46788 0.527505 0.397766 0.00272982
0 0.918511 0.486384 0.162979 0.398071 0.0027207
0 0.873055 0.917953 0.25389 0.164094 0.00271482
0 0.868782 0.535897 0.262435 0.427257 0.00270031
0 0.246661 0.0315928 0.240312 0.0616429 0.00268842
0 0.905966 0.321746 0.188068 0.318994 0.00267616
0 0.889367 0.277974 0.221266 0.324506 0.00265567
2 0.263696 0.195956 0.0941201 0.051477 0.00263477
0 0.235383 0.945028 0.330247 0.106113 0.00261546
1 0.436018 0.841464 0.682826 0.309275 0.00260332
0 0.228475 0.0315492 0.345752 0.0623943 0.00256727
0 0.8157 0.983773 0.3686 0.0324532 0.0024971
0 0.29667 0.79543 0.57621 0.405646 0.00248798
0 0.811279 0.925922 0.360558 0.146433 0.00248485
1 0.672436 0.605373 0.358929 0.251729 0.00246651
0 0.694613 0.974817 0.52628 0.050367 0.00245998
2 0.855787 0.769674 0.288426 0.378944 0.00240404
0 0.357805 0.954593 0.495855 0.0908133 0.00238872
0 0.116435 0.480124 0.0454192 0.0331535 0.00238477
0 0.563961 0.0202173 0.349113 0.0398241 0.00237451
0 0.655435 0.0182324 0.202021 0.0356272 0.00233757
0 0.6164 0.984525 0.438281 0.0309507 0.0023366
1 0.418772 0.500683 0.186138 0.298072 0.00232536
2 0.86304 0.879886 0.273919 0.217059 0.00229229
0 0.888567 0.111483 0.0980018 0.0658538 0.00228926
0 0.0724255 0.915765 0.144851 0.167141 0.0022862
0 0.0919069 0.989176 0.100393 0.0214286 0.00228259
1 0.505244 0.611493 0.356492 0.232635 0.00226121
1 0.71591 0.789899 0.537645 0.409397 0.00225537
2 0.882942 0.821328 0.234115 0.325116 0.00225326
1 0.618476 0.481489 0.465834 0.161752 0.00222634
2 0.761961 0.78987 0.44429 0.378341 0.00221996
0 0.583702 0.00975705 0.050661 0.0195141 0.00221028
0 0.886069 0.852265 0.227861 0.243174 0.00218077
0 0.465446 0.830575 0.732645 0.331304 0.00214685
2 0.423429 0.415617 0.181743 0.10021 0.0021378
1 0.744247 0.476887 0.207845 0.146306 0.00212274
0 0.079046 0.989508 0.0649013 0.0208435 0.00211207
2 0.707579 0.479383 0.282351 0.151572 0.00211182
0 0.913434 0.995495 0.0561321 0.00873242 0.00209245
0 0.540937 0.0284191 0.318297 0.0559947 0.00206398
0 0.567299 0.0176514 0.237726 0.0349567 0.00201405
0 0.76394 0.956036 0.47212 0.0879278 0.00201331
2 0.227964 0.200145 0.173738 0.0643118 0.00200478
1 0.660988 0.516667 0.38576 0.230666 0.00198904
1 0.745374 0.583387 0.476635 0.337959 0.0019675
0 0.474515 0.0175766 0.308332 0.0346462 0.00195384
0 0.161276 0.918702 0.322552 0.162596 0.00195374
0 0.744954 0.859512 0.485785 0.278249 0.00195363
0 0.633746 0.833625 0.617156 0.329559 0.0019255
0 0.818367 0.875434 0.335764 0.234748 0.00190357
2 0.831698 0.835992 0.310496 0.273441 0.0018944
0 0.250077 0.0318029 0.0795048 0.0636059 0.00188203
1 0.42555 0.43527 0.184225 0.138024 0.00186664
0 0.86162 0.0625025 0.27676 0.123075 0.00186363
1 0.450242 0.491452 0.240493 0.252905 0.00185658
0 0.84891 0.136477 0.039186 0.032226 0.00183774
0 0.19034 0.990039 0.158701 0.0193043 0.00183344
0 0.625988 0.0121633 0.162009 0.0233394 0.00181222
0 0.231211 0.0155473 0.109932 0.0310946 0.00181207
0 0.844511 0.141402 0.0475162 0.0268026 0.00176648
0 0.861759 0.0931147 0.0517991 0.0391046 0.00176051
0 0.385685 0.980548 0.549592 0.0389047 0.00175787
0 0.681085 0.0334391 0.332782 0.0665226 0.00175695
0 0.0183286 0.992418 0.0366573 0.0149346 0.00175404
0 0.690584 0.956887 0.490325 0.0862255 0.00174526
0 0.478517 0.0998893 0.0396608 0.0245737 0.00173384
0 0.766457 0.0642844 0.0524657 0.0327146 0.00170645
0 0.883959 0.0884615 0.0932152 0.050042 0.00170628
0 0.286343 0.202841 0.129895 0.064846 0.00170279
0 0.624113 0.697505 0.0437278 0.037746 0.00167175
1 0.575399 0.577264 0.46545 0.283963 0.00166348
0 0.188614 0.0376741 0.360851 0.074842 0.0016616
0 0.311468 0.218296 0.388092 0.104824 0.00166127
0 0.766491 0.127021 0.257132 0.158735 0.00163563
0 0.535551 0.0262809 0.215372 0.0514808 0.00162448
0 0.534735 0.98395 0.530561 0.0320999 0.00162425
1 0.730341 0.5387 0.532741 0.265936 0.00160949
0 0.0281422 0.986435 0.0562845 0.0271302 0.00160935
0 0.608998 0.0312908 0.54131 0.0625817 0.00159363
1 0.481421 0.633255 0.302428 0.186415 0.00157624
0 0.245976 0.0169985 0.0910743 0.033997 0.00155916
0 0.0441309 0.0662089 0.0882618 0.0625469 0.00155339
0 0.0264322 0.957253 0.0480499 0.0389095 0.00154362
0 0.873892 0.0940084 0.252216 0.123236 0.00153755
0 0.910366 0.0945764 0.166942 0.142633 0.00153132
0 0.115116 0.482385 0.0547955 0.0400562 0.00152909
0 0.480094 0.0975779 0.0323402 0.0212855 0.00150883
1 0.624381 0.547729 0.45337 0.291152 0.00150542
0 0.0780045 0.481636 0.156009 0.296752 0.00150115
0 0.458803 0.0352884 0.501077 0.069799 0.00149186
0 0.0647405 0.889769 0.129481 0.220462 0.00148208
0 0.22545 0.964046 0.065153 0.0559506 0.00146877
1 0.801571 0.510962 0.381062 0.319096 0.00146702
0 0.794924 0.0503676 0.404585 0.100214 0.00146068
0 0.827138 0.0798258 0.239014 0.124455 0.00144887
0 0.53305 0.0114608 0.180642 0.0229215 0.0014391
0 0.194921 0.97299 0.0885676 0.0502861 0.0014359
0 0.0353337 0.984618 0.0706673 0.0300876 0.00143305
0 0.554448 0.261485 0.0301061 0.0270277 0.00143005
0 0.912911 0.0736536 0.174177 0.145162 0.00142717
0 0.854455 0.127361 0.0483902 0.0493429 0.00142685
0 0.0569868 0.674918 0.113974 0.327806 0.00142284
0 0.0640871 0.0550648 0.128174 0.089623 0.00141991
0 0.230791 0.938754 0.430921 0.119117 0.00141658
0 0.223695 0.0428146 0.44739 0.0850073 0.00141304
0 0.0759783 0.988419 0.151957 0.0226554 0.00138978
0 0.496546 0.444676 0.346303 0.16567 0.00138897
2 0.568672 0.499142 0.506243 0.275589 0.00136902
0 0.233519 0.0190399 0.233174 0.0374962 0.00135782
1 0.413571 0.544081 0.168276 0.177377 0.00135201
0 0.323709 0.0332037 0.49862 0.0661916 0.00135092
0 0.184137 0.239607 0.368274 0.157861 0.00134862
0 0.67761 0.0384595 0.437536 0.0758342 0.00132597
2 0.639405 0.642983 0.386628 0.212169 0.00130576
0 0.0482041 0.989279 0.0964082 0.0212227 0.00130142
0 0.141197 0.989182 0.194568 0.0212696 0.00129582
0 0.0462526 0.120084 0.0925052 0.240167 0.00129556
1 0.387 0.508588 0.161664 0.33631 0.00129475
1 0.553084 0.500755 0.470835 0.279634 0.00129436
0 0.484649 0.0379311 0.721683 0.0747704 0.00129138
0 0.0573771 0.718087 0.114754 0.230132 0.00128728
0 0.383111 0.0275278 0.666342 0.0538435 0.0012731
1 0.845153 0.545226 0.289828 0.401882 0.00126954
1 0.391108 0.467376 0.23857 0.216371 0.00126935
0 0.800445 0.113524 0.273084 0.154058 0.00126877
1 0.66561 0.634332 0.437422 0.253114 0.00126758
0 0.0811034 0.522976 0.156719 0.132905 0.00126064
0 0.344803 0.443995 0.344333 0.167148 0.00125358
0 0.0658618 0.45958 0.131724 0.478741 0.00125041
1 0.211022 0.202044 0.422044 0.125107 0.00124349
0 0.741704 0.994984 0.159353 0.00971143 0.00124185
0 0.21093 0.925693 0.421859 0.148614 0.00124183
0 0.916378 0.0995918 0.166563 0.192628 0.00124147
0 0.0399215 0.760097 0.079843 0.130908 0.00123937
0 0.18403 0.179328 0.368061 0.173707 0.00123781
0 0.42048 0.410829 0.169763 0.0904706 0.00123544
0 0.0497075 0.0756434 0.0905778 0.0422333 0.00120963
0 0.0300982 0.152495 0.0601963 0.30499 0.00120935
0 0.273276 0.0400695 0.246852 0.0796362 0.00120841
0 0.0477495 0.0436631 0.095499 0.0867455 0.00120514
0 0.0528127 0.37233 0.105625 0.193591 0.00120469
0 0.745816 0.0179805 0.181554 0.0357008 0.00120305
2 0.576588 0.645797 0.459872 0.194021 0.00120087
0 0.336619 0.176039 0.410266 0.188841 0.00118441
0 0.488943 0.117293 0.0784152 0.0610875 0.00118426
0 0.896768 0.994741 0.128671 0.0104207 0.00118296
0 0.114869 0.519189 0.183841 0.115777 0.00118294
0 0.748241 0.0438572 0.414734 0.0868425 0.0011822
1 0.606537 0.628966 0.396261 0.219592 0.00118107
0 0.0519164 0.855662 0.103833 0.288676 0.00117583
0 0.949879 0.0814295 0.100242 0.160177 0.00117361
0 0.702505 0.0167428 0.0638063 0.032488 0.00116691
0 0.0260021 0.281852 0.0520043 0.0953685 0.00116664
2 0.743858 0.475186 0.205055 0.155705 0.00116299
1 0.719404 0.485743 0.54248 0.167149 0.0011586
