1 0.485141 0.595214 0.511805 0.348757 0.95377
1 0.53855 0.699382 0.633922 0.573412 0.258888
1 0.484274 0.751105 0.536943 0.496108 0.0530979
1 0.579713 0.633157 0.762144 0.452503 0.026071
1 0.53451 0.780314 0.761053 0.437063 0.0246074
1 0.494635 0.661263 0.500464 0.205361 0.0238446
1 0.416755 0.780956 0.47864 0.432532 0.0130324
0 0.607997 0.469546 0.177986 0.0926744 0.0126034
1 0.565013 0.590911 0.364577 0.347507 0.0118506
1 0.298309 0.787831 0.57685 0.420155 0.00972055
1 0.70423 0.604148 0.523614 0.403784 0.00938359
1 0.404729 0.60049 0.389442 0.364762 0.00901244
1 0.444376 0.679921 0.463009 0.162293 0.00895944
1 0.65265 0.669889 0.632667 0.545869 0.008152
1 0.623796 0.563224 0.663806 0.422513 0.00751131
1 0.751229 0.978074 0.417781 0.0438519 0.00728363
1 0.430355 0.161459 0.804952 0.321623 0.00617513
1 0.414448 0.064657 0.712348 0.129314 0.00612329
1 0.619193 0.977258 0.63214 0.045484 0.00609095
0 0.663937 0.982793 0.483072 0.0344137 0.00604767
1 0.371695 0.970176 0.712771 0.0593092 0.00596345
1 0.407847 0.093194 0.720129 0.186167 0.00593518
1 0.17703 0.798696 0.345971 0.399211 0.00561737
1 0.456262 0.974969 0.754367 0.0500618 0.0055595
1 0.391191 0.695926 0.355771 0.161096 0.00529155
1 0.484795 0.542637 0.655246 0.452068 0.00502955
1 0.398836 0.842427 0.789115 0.31362 0.00488351
1 0.429998 0.884905 0.763354 0.228369 0.00461697
0 0.587311 0.983633 0.476288 0.0327336 0.00458419
1 0.286068 0.95012 0.572136 0.0968916 0.00455498
1 0.442495 0.276494 0.836101 0.547859 0.00452541
2 0.597886 0.0724143 0.646172 0.144829 0.00450432
1 0.10699 0.822916 0.21398 0.342495 0.00447304
1 0.477488 0.481606 0.954975 0.63223 0.0044145
2 0.474969 0.111746 0.807155 0.22302 0.00436812
1 0.692599 0.076596 0.573009 0.153192 0.00432982
1 0.434403 0.699992 0.601653 0.127602 0.00432884
1 0.53857 0.6773 0.393672 0.167557 0.00427549
1 0.526287 0.90591 0.715109 0.186114 0.00424725
2 0.739099 0.120035 0.511338 0.239254 0.00422112
1 0.821198 0.977379 0.357603 0.0452415 0.00420441
1 0.23913 0.854203 0.473016 0.290025 0.00419258
2 0.0601958 0.411081 0.120392 0.374194 0.00411162
1 0.686404 0.162731 0.583519 0.324675 0.00400418
1 0.43335 0.485977 0.651143 0.554544 0.00385813
1 0.404499 0.405388 0.75648 0.7146 0.00385456
1 0.563318 0.93144 0.727542 0.133667 0.00374038
0 0.77571 0.0773913 0.448581 0.154668 0.0037396
1 0.156506 0.434789 0.277179 0.720357 0.00370476
2 0.054967 0.297457 0.109934 0.40824 0.00365854
2 0.592693 0.486562 0.214963 0.127316 0.00365229
1 0.503836 0.708448 0.893495 0.54498 0.00361728
1 0.218479 0.437713 0.395964 0.731327 0.00358358
0 0.7809 0.110492 0.4382 0.220004 0.00357411
1 0.21547 0.944739 0.430939 0.110522 0.003537
1 0.100353 0.424591 0.196582 0.630877 0.003504
2 0.859386 0.97265 0.281228 0.0547003 0.00347314
1 0.751435 0.67213 0.45768 0.488343 0.00346657
2 0.0703572 0.506255 0.140714 0.378257 0.00344465
0 0.276686 0.0633096 0.526551 0.12623 0.00344287
0 0.841836 0.0846057 0.316328 0.169211 0.00341659
0 0.0993521 0.36955 0.194064 0.653863 0.00341405
2 0.723785 0.227993 0.497537 0.451216 0.00338376
0 0.873834 0.122295 0.252332 0.242212 0.00336092
0 0.218207 0.106882 0.415811 0.211171 0.00332792
0 0.178168 0.0658919 0.343479 0.131386 0.00330596
1 0.320116 0.130537 0.593963 0.259108 0.00330203
1 0.0759294 0.743358 0.151859 0.340696 0.00329927
1 0.518199 0.55774 0.963602 0.511988 0.00326586
1 0.171365 0.877667 0.342731 0.244666 0.00325994
0 0.07099 0.201839 0.14198 0.347656 0.00325412
1 0.770555 0.755128 0.41649 0.439291 0.0032302
1 0.158067 0.216233 0.283187 0.420983 0.0032291
0 0.102371 0.269332 0.20189 0.516547 0.00322566
2 0.553394 0.517693 0.320134 0.18202 0.00321662
0 0.250713 0.984595 0.501427 0.03081 0.00321651
0 0.89773 0.166666 0.20454 0.324008 0.0031821
1 0.49807 0.50237 0.468878 0.498308 0.00318078
1 0.715891 0.513742 0.501056 0.494889 0.00317706
2 0.570566 0.240595 0.782279 0.476306 0.00317162
0 0.180367 0.148699 0.32351 0.296327 0.00316406
1 0.706931 0.934013 0.586139 0.128822 0.00315334
0 0.143107 0.389209 0.253804 0.739339 0.00314046
0 0.129545 0.0720837 0.25909 0.144167 0.00311848
0 0.114343 0.203204 0.221054 0.386853 0.00311712
2 0.0706408 0.606827 0.141282 0.372983 0.00306547
0 0.0916897 0.149237 0.183379 0.278679 0.0030456
0 0.771745 0.983072 0.45651 0.0338565 0.00304533
0 0.237106 0.137981 0.457541 0.275353 0.00302646
1 0.0735555 0.687795 0.147111 0.337818 0.00301734
0 0.150665 0.103875 0.30133 0.203723 0.00299631
1 0.134687 0.714322 0.249155 0.483786 0.00298605
0 0.130231 0.153003 0.252065 0.305286 0.00298385
0 0.602334 0.485733 0.237743 0.126855 0.00291394
1 0.117702 0.625305 0.220693 0.541107 0.00291008
0 0.904982 0.224846 0.190036 0.397868 0.00285818
0 0.704763 0.94361 0.590475 0.112587 0.00282997
0 0.20318 0.982678 0.406361 0.0346008 0.0028231
0 0.796663 0.184778 0.391751 0.360618 0.00280048
1 0.434783 0.71571 0.443195 0.19528 0.00277351
1 0.531702 0.534457 0.399603 0.376121 0.00276275
0 0.215288 0.226329 0.430575 0.444331 0.00274935
0 0.890995 0.540885 0.218009 0.394876 0.0027221
1 0.540644 0.687459 0.608668 0.149953 0.00272101
2 0.37293 0.312357 0.704141 0.624715 0.00267902
0 0.903885 0.644476 0.192229 0.384332 0.00265112
0 0.239651 0.421207 0.479302 0.767896 0.00264192
0 0.316435 0.215986 0.594024 0.425438 0.00262531
0 0.856489 0.917628 0.287022 0.163419 0.00260318
1 0.743864 0.252872 0.482198 0.502153 0.0025908
0 0.904351 0.285243 0.191298 0.351539 0.00258227
0 0.900728 0.330492 0.198544 0.342509 0.00257922
0 0.892593 0.437835 0.214814 0.337132 0.00257755
0 0.199811 0.352895 0.399622 0.678035 0.0025467
0 0.875543 0.734004 0.248915 0.407587 0.00253557
1 0.814143 0.472288 0.333971 0.367953 0.00248194
0 0.17769 0.970052 0.355381 0.0593229 0.00243479
1 0.679174 0.812492 0.619303 0.369621 0.00243437
0 0.404898 0.452573 0.773617 0.737305 0.00240935
0 0.828792 0.221699 0.317108 0.39961 0.00240758
0 0.0796775 0.677943 0.159355 0.274114 0.00239292
2 0.890307 0.819632 0.219386 0.316602 0.00238328
2 0.619381 0.323315 0.66609 0.624877 0.00237139
0 0.778584 0.920011 0.416929 0.156448 0.00233121
1 0.62404 0.483874 0.636622 0.600427 0.00232831
1 0.725733 0.416645 0.468256 0.607534 0.00229089
0 0.306651 0.364685 0.577434 0.679808 0.00228267
1 0.745772 0.831575 0.480166 0.309985 0.00227069
0 0.753306 0.990506 0.14182 0.0186794 0.00226052
2 0.864212 0.878133 0.271577 0.214603 0.00225149
0 0.841893 0.296431 0.284428 0.368023 0.00224572
0 0.741354 0.292517 0.471493 0.55296 0.00222481
2 0.566785 0.498117 0.273981 0.148558 0.00221337
0 0.852025 0.41603 0.260277 0.332433 0.00217368
2 0.657748 0.67794 0.155349 0.168459 0.00216442
0 0.84078 0.359195 0.285169 0.332286 0.00212934
1 0.707445 0.673913 0.291373 0.176227 0.00204747
0 0.728498 0.986032 0.182356 0.0272271 0.00202184
2 0.529583 0.549893 0.385599 0.258583 0.0019997
0 0.746432 0.983866 0.128137 0.0317181 0.0019808
0 0.202804 0.931727 0.405609 0.136545 0.00193568
0 0.0806717 0.663266 0.161343 0.391706 0.00191487
0 0.480304 0.98411 0.615869 0.0317791 0.00190997
0 0.599618 0.46565 0.213172 0.111458 0.00185428
0 0.642727 0.952286 0.640348 0.0954285 0.00184346
0 0.752069 0.870579 0.467743 0.245957 0.00183904
0 0.347271 0.984202 0.545834 0.0315962 0.00180971
0 0.0812937 0.994908 0.150175 0.00999642 0.00180487
0 0.122965 0.993611 0.202084 0.0122509 0.00177967
2 0.362275 0.703367 0.289703 0.171176 0.0017592
2 0.419376 0.676413 0.415033 0.149298 0.00174375
0 0.112585 0.936572 0.222466 0.124704 0.00172787
1 0.429294 0.74202 0.590838 0.159618 0.00171376
0 0.821174 0.0363941 0.348347 0.0723974 0.00171277
0 0.103455 0.966461 0.177387 0.0667646 0.00168564
0 0.0625582 0.712536 0.125116 0.29094 0.00164047
0 0.0725608 0.723109 0.145122 0.151114 0.00163435
1 0.523882 0.749753 0.583339 0.232741 0.00161383
0 0.932171 0.152041 0.133007 0.105429 0.00161381
1 0.855874 0.0428285 0.288253 0.0847168 0.00161083
0 0.293771 0.944489 0.587543 0.110316 0.00160478
1 0.200388 0.0494914 0.400775 0.0982806 0.00160346
0 0.104361 0.89223 0.208723 0.21536 0.00158132
1 0.398472 0.753709 0.372907 0.240186 0.00154818
0 0.126622 0.96966 0.250686 0.0601042 0.00153534
0 0.0642447 0.311977 0.128489 0.362378 0.00152849
1 0.120623 0.0460679 0.241246 0.0917251 0.00149942
0 0.0729718 0.567647 0.145944 0.407604 0.00149217
0 0.0908843 0.825962 0.181769 0.348076 0.00149169
1 0.577298 0.954123 0.63982 0.0916081 0.00148453
1 0.718521 0.680772 0.494112 0.172189 0.00147625
0 0.706471 0.983759 0.167424 0.0324823 0.00145366
1 0.783038 0.0472391 0.433924 0.094162 0.00143425
1 0.342813 0.723006 0.245147 0.159686 0.00142809
1 0.739764 0.0352191 0.520472 0.0696105 0.00142485
0 0.887928 0.0181753 0.224144 0.0357313 0.00140832
0 0.798606 0.978467 0.402787 0.0430661 0.00139701
2 0.860511 0.0403754 0.278978 0.0800636 0.00138583
1 0.326175 0.67938 0.207357 0.140532 0.00137879
0 0.0385066 0.982888 0.0770132 0.0342241 0.00137331
0 0.433386 0.659933 0.439672 0.172427 0.00137324
0 0.0532528 0.970996 0.106506 0.0579648 0.00136008
0 0.0345629 0.729404 0.0691259 0.318128 0.00135728
1 0.636219 0.0362259 0.427782 0.0719135 0.00135054
0 0.450525 0.628795 0.463145 0.230006 0.00134335
1 0.693106 0.722188 0.577892 0.157156 0.00133587
1 0.504874 0.788776 0.556851 0.262498 0.00132144
1 0.26473 0.0551449 0.529461 0.110111 0.00131936
2 0.612307 0.544932 0.264266 0.23666 0.00130185
0 0.763632 0.937364 0.472737 0.123947 0.00129697
2 0.0478683 0.0405501 0.0957367 0.0803328 0.00128964
1 0.353939 0.753166 0.275524 0.225999 0.0012745
1 0.284436 0.0436491 0.489119 0.086653 0.00127349
0 0.618009 0.550664 0.269482 0.24667 0.0012704
0 0.620515 0.0450146 0.51417 0.0893791 0.00125562
0 0.0560606 0.401243 0.112121 0.471648 0.00124965
0 0.104018 0.745331 0.208036 0.185586 0.00124781
0 0.121144 0.914045 0.242288 0.17136 0.00124146
1 0.510448 0.526822 0.421925 0.203482 0.00121765
0 0.785943 0.991025 0.189043 0.0173031 0.00120986
1 0.709944 0.042983 0.383549 0.0851693 0.00120778
1 0.166362 0.911399 0.332724 0.176481 0.00119948
0 0.0972712 0.71322 0.194542 0.173651 0.00118872
0 0.0586673 0.993871 0.117335 0.0122104 0.00118801
1 0.631738 0.057492 0.589344 0.114863 0.00118238
1 0.385748 0.0406031 0.588146 0.080461 0.00117623
0 0.724055 0.0179193 0.223255 0.0354314 0.00117191
0 0.718285 0.674682 0.270482 0.176257 0.00116804
0 0.068021 0.484101 0.136042 0.476761 0.00116443
2 0.50643 0.605079 0.454514 0.35123 0.0011598
1 0.318819 0.719919 0.210193 0.206623 0.00115855
0 0.0685924 0.986475 0.137185 0.0269455 0.0011517
1 0.908268 0.0561955 0.183463 0.110789 0.00115014
1 0.541632 0.0501166 0.832791 0.0993956 0.00115003
0 0.0634291 0.366776 0.126858 0.18398 0.00114754
0 0.879752 0.0138433 0.190396 0.0276866 0.0011465
1 0.358033 0.0552681 0.514283 0.109993 0.00114099
0 0.696303 0.990534 0.198725 0.0181938 0.00113724
0 0.325372 0.662091 0.212968 0.169029 0.00113526
2 0.0846255 0.041532 0.169251 0.0795012 0.00113476
0 0.65851 0.478069 0.375037 0.115605 0.0011323
0 0.927951 0.112098 0.144098 0.193252 0.00113141
0 0.491917 0.597116 0.465455 0.335302 0.00112517
0 0.0668238 0.587595 0.133648 0.148517 0.00112427
0 0.058758 0.781327 0.117516 0.437345 0.00111325
0 0.912226 0.146827 0.175547 0.149063 0.0011071
0 0.298254 0.993533 0.203866 0.0124706 0.00110374
1 0.384154 0.776973 0.328677 0.317937 0.00110292
0 0.876644 0.0546949 0.246712 0.106942 0.00109822
0 0.0691618 0.56202 0.138324 0.23624 0.00109729
0 0.139503 0.992121 0.20257 0.0152081 0.00109593
2 0.181009 0.0696158 0.362017 0.137676 0.00109487
2 0.507553 0.504206 0.402427 0.160694 0.00109084
1 0.614429 0.565236 0.260009 0.270762 0.00108413
0 0.235013 0.916024 0.470026 0.162837 0.00108137
2 0.0867806 0.0695419 0.173561 0.137816 0.00107793
0 0.935609 0.172687 0.128781 0.158387 0.0010756
2 0.100419 0.0295336 0.200838 0.0586762 0.00107214
2 0.0826874 0.13269 0.165375 0.265379 0.00106684
0 0.333094 0.991278 0.20453 0.0168324 0.00106107
0 0.505082 0.947121 0.748947 0.10482 0.00106096
1 0.318404 0.757824 0.207267 0.210904 0.00105966
0 0.387245 0.944768 0.739414 0.109228 0.00105835
0 0.0687339 0.771531 0.137468 0.147016 0.00105381
2 0.620191 0.671528 0.230779 0.181269 0.00104914
0 0.0675217 0.254306 0.135043 0.336917 0.00104369
0 0.063822 0.424342 0.127644 0.266465 0.00104317
2 0.338413 0.781456 0.257578 0.343665 0.00104044
2 0.624283 0.792449 0.375429 0.371053 0.00104037
0 0.0188013 0.967244 0.0376026 0.0575782 0.00103398
2 0.805757 0.0703108 0.388486 0.139387 0.00103078
1 0.544496 0.781793 0.410774 0.362586 0.0010294
0 0.897616 0.993973 0.126244 0.0117577 0.00102853
2 0.259067 0.0672082 0.415838 0.13231 0.00102656
2 0.0819933 0.172169 0.163987 0.344339 0.0010258
0 0.0709019 0.235627 0.141804 0.471255 0.00102386
0 0.53671 0.462044 0.0919325 0.0756707 0.00102161
1 0.455848 0.7746 0.346811 0.346561 0.00101888
2 0.887887 0.0526022 0.224225 0.105204 0.00101802
2 0.6164 0.0705357 0.38678 0.138685 0.00101775
1 0.534082 0.636834 0.413096 0.24338 0.00101544
2 0.752364 0.0719452 0.296509 0.142206 0.00101418
2 0.444048 0.071097 0.373901 0.140684 0.00100968
0 0.690716 0.437488 0.3704 0.171036 0.00100956
2 0.366194 0.0654879 0.356094 0.129285 0.00100837
0 0.710829 0.0728796 0.31442 0.143809 0.00100525
0 0.638205 0.364301 0.0676583 0.0266577 0.00100448
0 0.6589 0.259579 0.0581599 0.0387553 0.000999455
2 0.0727673 0.233598 0.145535 0.467196 0.000997046
2 0.612481 0.774322 0.506784 0.294623 0.000992187
2 0.0197958 0.967268 0.0395917 0.0586866 0.000987809
0 0.830288 0.149073 0.339424 0.181809 0.000987198
0 0.740733 0.37982 0.271485 0.102897 0.000986853
2 0.0838596 0.0990773 0.167719 0.195685 0.000986296
0 0.71864 0.385714 0.235206 0.0646082 0.00098257
1 0.142425 0.0808426 0.28485 0.159872 0.000982495
0 0.231468 0.900575 0.344316 0.150135 0.000975864
0 0.0839774 0.984507 0.156806 0.0308381 0.000974389
0 0.237424 0.993558 0.167544 0.0125527 0.000971061
2 0.00902228 0.0430971 0.0180446 0.0860703 0.000970805
0 0.632425 0.365929 0.0484874 0.0254718 0.000969123
2 0.538601 0.637117 0.400907 0.234792 0.000962603
2 0.299472 0.744406 0.188063 0.263415 0.000959576
0 0.374081 0.650122 0.308785 0.19026 0.000958458
0 0.150294 0.894113 0.300589 0.211773 0.000958002
0 0.906488 0.915503 0.187024 0.15993 0.000956444
2 0.142164 0.108869 0.284328 0.211678 0.000953836
2 0.0821306 0.379172 0.164261 0.168502 0.000953812
0 0.910129 0.126556 0.049748 0.0451971 0.000953445
0 0.11756 0.773948 0.235121 0.191836 0.000951629
0 0.683555 0.811807 0.28921 0.330936 0.000948866
0 0.929065 0.915755 0.139586 0.143179 0.000948072
0 0.907416 0.123136 0.185169 0.228771 0.000947194
2 0.00867509 0.0609104 0.0173502 0.11687 0.000945371
0 0.665593 0.251352 0.251746 0.0874741 0.000944677
0 0.666424 0.375236 0.12746 0.0462469 0.000943322
2 0.271745 0.13344 0.375875 0.205552 0.000943077
0 0.104031 0.0298619 0.208061 0.0592888 0.000940703
0 0.30538 0.901811 0.341193 0.152791 0.000938454
0 0.097671 0.568054 0.195342 0.199675 0.000937181
