2 0.488094 0.475886 0.976188 0.951772 0.869434
2 0.87263 0.204112 0.254739 0.400601 0.0961883
0 0.983572 0.439407 0.0320263 0.0639755 0.0493442
2 0.857258 0.375896 0.281778 0.736445 0.0328969
2 0.660816 0.46159 0.640145 0.916407 0.0324478
0 0.710015 0.924403 0.0298717 0.0618193 0.0312801
2 0.731924 0.353755 0.521864 0.697812 0.0284691
2 0.932938 0.0807652 0.134004 0.160532 0.0265504
2 0.918939 0.178792 0.162122 0.357583 0.0244752
2 0.781848 0.219193 0.430471 0.430803 0.0235333
0 0.982992 0.430241 0.034017 0.0860101 0.0185209
2 0.300703 0.50099 0.601406 0.91882 0.0174483
2 0.619351 0.337774 0.692828 0.670327 0.0163724
2 0.790381 0.416539 0.40937 0.824498 0.0133294
2 0.891269 0.128041 0.217462 0.256081 0.0129361
0 0.0251315 0.848081 0.0470473 0.0926341 0.0128238
2 0.0503078 0.489105 0.100616 0.921595 0.0121236
2 0.878303 0.475011 0.243394 0.950023 0.0120574
2 0.47198 0.237935 0.518368 0.475524 0.0115868
2 0.140884 0.485084 0.281768 0.939835 0.0113077
2 0.832244 0.491487 0.329205 0.982975 0.0104534
2 0.207673 0.50185 0.415052 0.897111 0.00998973
2 0.891643 0.085424 0.215315 0.169779 0.00971604
2 0.720033 0.184974 0.540865 0.369725 0.00834115
0 0.982986 0.402087 0.0340278 0.14505 0.0082057
2 0.0894441 0.500228 0.178888 0.920778 0.00798658
2 0.065011 0.60425 0.129889 0.718524 0.00787152
2 0.512737 0.601957 0.885839 0.762262 0.00772857
2 0.926097 0.477819 0.146768 0.928714 0.00760975
2 0.36889 0.245696 0.555744 0.491392 0.00721694
2 0.402439 0.330032 0.775205 0.65957 0.00642965
2 0.377983 0.951 0.67022 0.0979993 0.0061373
0 0.065189 0.689978 0.129443 0.570455 0.0060562
2 0.624668 0.209013 0.713975 0.417037 0.00603613
2 0.799184 0.562398 0.388337 0.808804 0.00551799
2 0.294711 0.351604 0.589421 0.68703 0.0054276
2 0.602054 0.935526 0.671474 0.128948 0.00539213
0 0.0682365 0.786334 0.13478 0.418767 0.0053709
2 0.607688 0.61785 0.586272 0.723446 0.00527334
2 0.630763 0.956304 0.65737 0.0873914 0.00485754
2 0.915362 0.0608212 0.15948 0.121642 0.00474059
0 0.17721 0.789587 0.354421 0.403719 0.00470682
0 0.0883376 0.68121 0.176522 0.600556 0.0046697
2 0.620568 0.737464 0.633301 0.525073 0.00456078
0 0.129845 0.0466856 0.0815148 0.0933713 0.00445406
2 0.640143 0.140162 0.627357 0.280324 0.00419502
2 0.208673 0.711612 0.415776 0.562494 0.00409444
2 0.509843 0.946689 0.68551 0.106622 0.00403509
2 0.697803 0.565047 0.468307 0.857489 0.00399929
2 0.283028 0.148103 0.550823 0.296207 0.00396217
2 0.244159 0.107526 0.481369 0.215052 0.00393685
0 0.981285 0.335353 0.037429 0.45265 0.00390977
0 0.426335 0.959955 0.0830095 0.0771286 0.00390282
2 0.170275 0.153756 0.336498 0.304919 0.00385623
2 0.499839 0.665953 0.735148 0.649471 0.00371425
0 0.0913456 0.830986 0.182691 0.338027 0.00366607
2 0.487503 0.15195 0.478648 0.3039 0.00366423
2 0.359827 0.961243 0.560798 0.0775146 0.00363179
2 0.243763 0.945984 0.438735 0.108032 0.00361781
2 0.651941 0.973254 0.610343 0.0534911 0.00360751
2 0.173385 0.112358 0.346771 0.224717 0.00357052
2 0.217215 0.798258 0.427387 0.392795 0.00348041
2 0.2408 0.078418 0.0976512 0.156836 0.0034471
2 0.219313 0.928545 0.411858 0.14291 0.00336583
0 0.102126 0.657247 0.0790281 0.0632592 0.0033455
2 0.097935 0.376972 0.195234 0.753944 0.0032686
0 0.427559 0.243125 0.774581 0.486251 0.003247
2 0.389695 0.891692 0.687777 0.214652 0.00324372
2 0.671442 0.281145 0.283276 0.344172 0.0031367
2 0.944364 0.53712 0.108607 0.857824 0.00313582
2 0.77417 0.980242 0.375114 0.0395154 0.00308573
2 0.662303 0.819064 0.649177 0.310691 0.00307796
2 0.202572 0.873907 0.39 0.252185 0.00298248
2 0.329803 0.116157 0.619311 0.232314 0.00297965
0 0.432918 0.34279 0.80367 0.685579 0.00284161
2 0.927465 0.974466 0.14507 0.0510679 0.00281336
2 0.101343 0.657876 0.079267 0.0668435 0.00279246
0 0.432316 0.166087 0.679565 0.332175 0.00276408
2 0.685836 0.658982 0.608924 0.60604 0.00267952
0 0.235988 0.0992351 0.0929249 0.19437 0.00262831
2 0.864331 0.982275 0.238266 0.0354509 0.00262356
2 0.113256 0.17558 0.226512 0.351161 0.00261946
0 0.0393456 0.754566 0.0786911 0.490867 0.0025864
2 0.514607 0.878508 0.677651 0.242984 0.00257673
1 0.0463999 0.669963 0.0912432 0.660075 0.00257366
0 0.170191 0.176176 0.340383 0.352352 0.00256735
0 0.0958506 0.259557 0.191701 0.519115 0.00255859
2 0.780964 0.866182 0.422887 0.209823 0.00249338
0 0.17344 0.317283 0.34688 0.634566 0.00245201
1 0.961997 0.317733 0.0757801 0.373502 0.00244527
2 0.278108 0.85497 0.524636 0.285168 0.00243824
2 0.218102 0.0921541 0.137409 0.184032 0.00241066
2 0.873832 0.622108 0.251555 0.672285 0.00240591
0 0.023259 0.874064 0.0444923 0.163528 0.00239894
0 0.0471912 0.79381 0.0943824 0.412381 0.00236661
2 0.548384 0.0504548 0.141578 0.10091 0.00231114
0 0.0401578 0.491101 0.0803156 0.629073 0.00228825
2 0.890674 0.981512 0.218652 0.0369753 0.00228144
0 0.0359515 0.6739 0.0719031 0.645303 0.0022683
1 0.896215 0.324216 0.207569 0.382958 0.00226559
1 0.0559392 0.506841 0.109983 0.715921 0.00224082
0 0.140482 0.0593401 0.0942513 0.11868 0.00219805
2 0.968137 0.296244 0.0637253 0.39951 0.00216683
0 0.0258991 0.836263 0.0449674 0.0647152 0.00214516
0 0.927368 0.845442 0.145265 0.265127 0.00214494
2 0.937448 0.771749 0.125104 0.365219 0.00209723
2 0.799015 0.686294 0.38723 0.548886 0.00207765
1 0.572311 0.0530537 0.0903732 0.106107 0.00206534
2 0.488432 0.125889 0.295677 0.251778 0.00206294
2 0.85143 0.863381 0.282994 0.21505 0.00203436
0 0.0246332 0.636593 0.0492665 0.670467 0.00202068
0 0.0449491 0.96213 0.0661416 0.072265 0.00198255
0 0.975002 0.432109 0.0499959 0.690408 0.00197388
1 0.919351 0.331014 0.161297 0.437919 0.00196067
1 0.599372 0.858997 0.243979 0.278891 0.00192967
0 0.242682 0.152579 0.0231263 0.0836381 0.00192507
2 0.457572 0.782288 0.824831 0.434642 0.00191608
2 0.878126 0.345664 0.243748 0.308224 0.00190478
2 0.947129 0.28505 0.105743 0.475753 0.00186862
2 0.431105 0.156822 0.301924 0.313645 0.00184081
2 0.133168 0.365096 0.266337 0.263154 0.00182338
2 0.57697 0.0344175 0.0764976 0.068835 0.00178329
0 0.879931 0.855356 0.233489 0.230534 0.00172367
2 0.852761 0.180527 0.294477 0.359532 0.00170931
1 0.888107 0.180943 0.22365 0.361887 0.00170318
1 0.0445238 0.411603 0.0890476 0.534192 0.00167921
1 0.972265 0.473917 0.0554585 0.717687 0.00164907
2 0.605934 0.858499 0.175262 0.279928 0.00163724
1 0.476634 0.146353 0.371172 0.291983 0.00162708
2 0.930143 0.0412151 0.139715 0.0824302 0.00162495
2 0.496147 0.0660941 0.250725 0.132188 0.00161127
1 0.0720702 0.489977 0.144088 0.548322 0.0015872
1 0.169308 0.0787852 0.234095 0.157293 0.00158255
2 0.857775 0.74002 0.282097 0.432845 0.00157338
0 0.162879 0.0708314 0.182769 0.141663 0.00156289
0 0.260052 0.100077 0.147296 0.200154 0.00156077
0 0.963833 0.423779 0.0723333 0.511403 0.00155338
2 0.133794 0.0438799 0.0821443 0.0877599 0.00151236
0 0.0375865 0.936741 0.0748042 0.126517 0.00148775
1 0.0733413 0.678172 0.146683 0.535114 0.00147636
0 0.0515399 0.862694 0.101779 0.258088 0.00147255
2 0.695283 0.350662 0.30967 0.414351 0.0014525
2 0.501612 0.108048 0.240829 0.212453 0.00143974
1 0.961949 0.518068 0.0760007 0.732781 0.00141837
0 0.982302 0.370754 0.0353953 0.220778 0.00140632
0 0.41611 0.987068 0.0585867 0.023652 0.00140615
2 0.109774 0.392854 0.219549 0.28136 0.00139442
0 0.238362 0.134241 0.0399304 0.127849 0.00137217
2 0.376987 0.505461 0.384204 0.693453 0.00134957
2 0.856266 0.106075 0.287468 0.208644 0.0013407
2 0.7968 0.566309 0.380193 0.29144 0.00133761
0 0.645899 0.844414 0.210717 0.21913 0.00132189
2 0.604882 0.502825 0.377649 0.433137 0.00130622
0 0.428705 0.988776 0.0887741 0.0224481 0.0012878
1 0.392906 0.283709 0.218791 0.567417 0.00128401
2 0.666391 0.0649704 0.315209 0.127203 0.00128374
2 0.256876 0.792487 0.228148 0.380655 0.00127059
0 0.0511117 0.144688 0.102223 0.289377 0.00126947
0 0.101625 0.0752969 0.154327 0.150594 0.00125777
0 0.753573 0.917119 0.138534 0.0843652 0.00125604
2 0.907581 0.254326 0.184838 0.508653 0.00124748
1 0.0679043 0.347926 0.134662 0.418904 0.00124639
1 0.89615 0.488729 0.2077 0.588187 0.00124565
1 0.774979 0.594537 0.309839 0.235275 0.00124366
2 0.0497736 0.349866 0.0995471 0.528296 0.00123482
0 0.56178 0.0635534 0.113274 0.127107 0.00122758
2 0.741172 0.157672 0.384966 0.304582 0.00122345
0 0.0371598 0.898742 0.0735297 0.202516 0.00120855
2 0.795205 0.577059 0.22193 0.228152 0.00120554
2 0.752895 0.427734 0.318687 0.429297 0.00120538
1 0.556845 0.868374 0.358111 0.251637 0.0011991
2 0.37358 0.153467 0.242745 0.306935 0.00119855
2 0.69975 0.0660205 0.206925 0.126064 0.00119657
0 0.882768 0.238227 0.0975678 0.178783 0.00119174
2 0.839836 0.354872 0.149446 0.280573 0.00119088
0 0.136227 0.347461 0.272455 0.29981 0.00118358
0 0.294674 0.586671 0.22953 0.660882 0.00118117
0 0.428171 0.983453 0.0854272 0.0330944 0.00117986
2 0.938678 0.0712781 0.122643 0.142556 0.00116962
0 0.590101 0.890065 0.287501 0.142413 0.00116885
2 0.964824 0.547951 0.069964 0.679114 0.00116616
0 0.169018 0.102832 0.245168 0.205544 0.00116613
2 0.513846 0.00482018 0.216119 0.00964036 0.00116551
2 0.118253 0.509867 0.236506 0.563295 0.00116301
1 0.913414 0.25532 0.173173 0.466019 0.0011619
0 0.0917326 0.105671 0.183233 0.211343 0.00115394
2 0.868718 0.458264 0.262564 0.367256 0.00114878
2 0.0862284 0.491356 0.172457 0.466246 0.00114518
0 0.660548 0.812636 0.317993 0.295232 0.00114399
0 0.289839 0.690655 0.243161 0.480629 0.00114305
2 0.904431 0.0661763 0.191138 0.132353 0.00113511
1 0.0983306 0.698205 0.0862177 0.164581 0.0011345
0 0.826936 0.554133 0.325962 0.281915 0.00113226
2 0.777825 0.660008 0.299666 0.334095 0.00112196
1 0.099544 0.736418 0.0918821 0.23906 0.00112103
2 0.406449 0.601501 0.373616 0.517819 0.00112032
0 0.0398 0.114754 0.0795999 0.225935 0.00111308
0 0.059731 0.901728 0.116989 0.18307 0.00111251
2 0.477078 0.9965 0.322411 0.00699921 0.00109454
2 0.423448 0.455184 0.440072 0.640882 0.0010924
2 0.0637909 0.335499 0.126134 0.457694 0.00108677
0 0.319653 0.532386 0.204199 0.747912 0.00108602
2 0.541764 0.0962691 0.170978 0.189709 0.0010794
2 0.850029 0.523605 0.291649 0.316225 0.00107153
1 0.858231 0.536418 0.283539 0.471629 0.00106786
0 0.332799 0.612163 0.293061 0.596957 0.00106626
2 0.540151 0.923447 0.408222 0.136142 0.00106215
0 0.240742 0.15028 0.0316188 0.0888341 0.00105441
0 0.345786 0.438681 0.356322 0.659292 0.00104719
1 0.634579 0.85082 0.211904 0.291808 0.00104229
2 0.577379 0.797903 0.223212 0.401972 0.00104114
0 0.365561 0.542256 0.305892 0.705479 0.00103612
2 0.143243 0.505858 0.187414 0.646307 0.00103452
2 0.743328 0.341725 0.333357 0.458333 0.00103344
0 0.373799 0.157468 0.281504 0.314936 0.00103259
2 0.961706 0.797576 0.0765876 0.404847 0.00103151
0 0.192268 0.353878 0.384537 0.305255 0.00103059
1 0.905929 0.407207 0.187799 0.41526 0.00102952
1 0.616399 0.268888 0.344422 0.338939 0.00102934
0 0.3315 0.698717 0.30291 0.418726 0.00102711
1 0.430705 0.302153 0.306559 0.604306 0.00102677
2 0.44035 0.652052 0.326503 0.415962 0.00102291
1 0.106587 0.490656 0.124764 0.639706 0.00102192
0 0.127636 0.0697438 0.0825661 0.139488 0.0010216
0 0.619062 0.402353 0.330177 0.500556 0.00101997
2 0.743325 0.0542992 0.11908 0.103734 0.00101789
2 0.354549 0.648705 0.300917 0.500038 0.00101459
2 0.84625 0.0331009 0.13943 0.0662019 0.00101277
2 0.518754 0.0100588 0.199609 0.0201176 0.0010106
2 0.634199 0.168214 0.404716 0.32919 0.00101044
2 0.135186 0.0111139 0.089122 0.0222278 0.00100822
2 0.669645 0.800907 0.249276 0.35545 0.00100548
2 0.738892 0.0307706 0.465972 0.0615412 0.00100424
1 0.776583 0.645728 0.358893 0.335568 0.00100251
2 0.485097 0.687435 0.252247 0.358856 0.0010022
2 0.621436 0.830958 0.217472 0.338084 0.00100128
2 0.464974 0.193469 0.351586 0.386937 0.000997673
2 0.0834924 0.888466 0.166985 0.195853 0.000997302
2 0.547201 0.459345 0.467764 0.446934 0.000996617
0 0.720543 0.925019 0.0504555 0.0702973 0.000995357
2 0.500855 0.497658 0.483025 0.419582 0.000994377
2 0.597023 0.581702 0.306123 0.688461 0.000994228
0 0.268117 0.756932 0.244313 0.41026 0.000991807
1 0.723054 0.0721801 0.354701 0.142887 0.000986768
2 0.106571 0.165857 0.201033 0.330006 0.000986364
0 0.0169793 0.307203 0.0339587 0.614406 0.000985774
2 0.291981 0.998622 0.327483 0.00275659 0.000985605
2 0.575658 0.14522 0.411841 0.287833 0.000981434
0 0.0609336 0.09537 0.120605 0.188908 0.000975015
2 0.837846 0.411203 0.150066 0.335721 0.000970713
0 0.237034 0.342237 0.301119 0.340278 0.000970556
2 0.968848 0.824804 0.062304 0.350393 0.000968638
1 0.0750618 0.583812 0.150124 0.597121 0.000967928
1 0.484521 0.2072 0.442917 0.414399 0.000967592
2 0.648027 0.230104 0.289525 0.414957 0.000966838
0 0.580662 0.691732 0.29361 0.523575 0.000959768
0 0.160294 0.312056 0.320588 0.297818 0.000959295
2 0.235842 0.0685411 0.104714 0.137082 0.000958994
1 0.5999 0.855424 0.12615 0.285554 0.000957639
2 0.525079 0.00852617 0.400195 0.0170523 0.00095728
2 0.730143 0.999155 0.360491 0.00168994 0.000956649
1 0.415482 0.233094 0.271971 0.466189 0.000955621
1 0.0995074 0.651935 0.0873175 0.125982 0.000952408
0 0.270319 0.289171 0.273051 0.315806 0.000946924
2 0.474369 0.0364895 0.302537 0.072979 0.000946643
0 0.0397506 0.230142 0.0795012 0.460283 0.00094362
0 0.816259 0.539785 0.184527 0.297797 0.000942846
0 0.866922 0.445893 0.266155 0.381604 0.000942387
2 0.963631 0.730213 0.0727009 0.539575 0.000942277
0 0.346182 0.105325 0.327269 0.210649 0.000942271
0 0.371497 0.11927 0.231496 0.23854 0.000942022
2 0.889305 0.99606 0.22139 0.0078808 0.000940499
0 0.708424 0.43553 0.384076 0.393157 0.00094045
0 0.284527 0.532675 0.184906 0.801433 0.000939029
2 0.715956 0.816553 0.207727 0.279766 0.000937977
2 0.149686 0.407339 0.299373 0.306847 0.000937522
2 0.695139 0.0225636 0.316734 0.0451272 0.000937138
2 0.141669 0.00924217 0.10668 0.0184843 0.000935332
0 0.792234 0.76106 0.040384 0.0621912 0.000935176
0 0.36829 0.66394 0.331645 0.451825 0.000931264
2 0.209494 0.0769509 0.163753 0.153902 0.000930134
2 0.786043 0.844258 0.233312 0.242398 0.000928747
0 0.719511 0.816633 0.196135 0.285761 0.000927039
2 0.969371 0.648247 0.0605963 0.605823 0.000925446
1 0.839838 0.367199 0.148734 0.28371 0.00092104
2 0.161854 0.998265 0.264696 0.00346991 0.00092082
2 0.633429 0.994803 0.326011 0.0103932 0.00092063
2 0.769798 0.074653 0.268922 0.149218 0.000920469
2 0.803706 0.337605 0.229763 0.384721 0.000918826
0 0.296701 0.40431 0.28916 0.578449 0.000918789
2 0.314905 0.869981 0.402652 0.245392 0.000917375
1 0.879367 0.274375 0.241266 0.332749 0.000916624
2 0.628346 0.0212985 0.547294 0.0425969 0.000916373
2 0.082063 0.751701 0.133308 0.357854 0.000916127
2 0.32402 0.895175 0.471266 0.186988 0.000915936
2 0.709979 0.771945 0.239255 0.373781 0.000915741
2 0.103222 0.50164 0.102293 0.446267 0.000914305
1 0.636398 0.0792564 0.579082 0.158513 0.000914136
0 0.294936 0.152173 0.260362 0.302093 0.000912231
2 0.594997 0.931917 0.369129 0.107992 0.000908553
