2 0.468788 0.636604 0.565479 0.515468 0.977853
1 0.473857 0.0732746 0.866496 0.146549 0.121374
2 0.462022 0.0714839 0.7921 0.142968 0.0890457
0 0.673026 0.231962 0.0620938 0.0305647 0.0593187
1 0.474553 0.165198 0.893538 0.330396 0.0419031
1 0.613271 0.0746174 0.72857 0.149235 0.041396
2 0.434087 0.0720554 0.163515 0.131566 0.038192
1 0.421141 0.105295 0.820176 0.210546 0.0321153
2 0.460132 0.5587 0.577493 0.365862 0.0290153
2 0.449796 0.169152 0.857919 0.338303 0.0276255
1 0.373504 0.0716946 0.285472 0.135197 0.0260565
2 0.347305 0.0710217 0.341285 0.136677 0.0258137
1 0.43262 0.0723652 0.168081 0.131668 0.0230304
2 0.405787 0.0707748 0.227551 0.13849 0.0218253
0 0.55586 0.386258 0.0394581 0.0383786 0.0198988
0 0.033649 0.172434 0.0672979 0.0613304 0.0169322
0 0.468516 0.653595 0.592297 0.540047 0.0115708
1 0.640732 0.113985 0.691407 0.227971 0.0113569
2 0.49485 0.695878 0.554361 0.386553 0.00862515
1 0.323544 0.0724303 0.40349 0.142313 0.00788965
0 0.689012 0.388017 0.0349209 0.0391299 0.00697832
1 0.501417 0.0702787 0.308144 0.135321 0.00667268
2 0.469476 0.767972 0.682202 0.450576 0.0063611
2 0.467791 0.679802 0.773652 0.601461 0.0062581
2 0.518285 0.974109 0.779212 0.0515701 0.00586678
0 0.496822 0.0701583 0.323652 0.139369 0.00551827
2 0.641747 0.744711 0.502958 0.468305 0.00527989
0 0.43585 0.074585 0.166453 0.127608 0.0048704
0 0.335708 0.113743 0.671416 0.224613 0.00472772
2 0.586502 0.71255 0.745744 0.559404 0.00440052
2 0.451035 0.0505283 0.119548 0.079241 0.00429144
2 0.441954 0.337274 0.799952 0.674548 0.00419925
2 0.43605 0.597794 0.482084 0.363019 0.0038203
0 0.334513 0.069716 0.377521 0.139432 0.00380005
0 0.113772 0.114056 0.227543 0.208698 0.00375776
0 0.466016 0.660865 0.809719 0.601351 0.00374479
0 0.30319 0.192856 0.60638 0.380011 0.00373972
2 0.582258 0.666207 0.504774 0.46971 0.00372862
2 0.711585 0.718635 0.472225 0.476721 0.00368488
1 0.585083 0.215495 0.768695 0.428191 0.00365372
1 0.443192 0.0755997 0.533543 0.139771 0.0035388
2 0.53876 0.879992 0.810837 0.223319 0.00346067
0 0.421725 0.540925 0.53921 0.334546 0.0034079
2 0.437946 0.52149 0.678374 0.610998 0.00337704
2 0.449719 0.804081 0.866939 0.387413 0.00335989
0 0.0755656 0.179871 0.151131 0.306762 0.00334973
0 0.453596 0.582057 0.706522 0.429604 0.0032721
2 0.755112 0.090506 0.489775 0.181012 0.003198
2 0.0667106 0.222131 0.133421 0.340212 0.00314563
2 0.46148 0.965699 0.922961 0.0662903 0.00309439
2 0.489647 0.905936 0.844112 0.1878 0.00306329
0 0.428443 0.229319 0.856887 0.458033 0.00294822
0 0.154263 0.0939868 0.0605244 0.0320684 0.00293076
2 0.865874 0.968824 0.268252 0.0623525 0.0029228
2 0.504638 0.492088 0.575724 0.387928 0.00290393
2 0.789219 0.12632 0.421561 0.251568 0.00289432
0 0.193604 0.638456 0.360226 0.569036 0.00286843
0 0.185766 0.216087 0.371531 0.432173 0.00283245
0 0.341223 0.653328 0.65544 0.591076 0.00282992
2 0.587082 0.569723 0.562992 0.423027 0.00281494
0 0.245965 0.958296 0.49193 0.0834088 0.00279839
0 0.327057 0.063859 0.521153 0.127718 0.00278575
0 0.316805 0.0240068 0.1292 0.0466507 0.00278464
2 0.105566 0.669356 0.211133 0.366939 0.00276796
0 0.0887032 0.293986 0.177406 0.379516 0.00272261
2 0.536235 0.23819 0.818172 0.47638 0.00271033
0 0.100747 0.347879 0.201494 0.390814 0.00270782
0 0.108753 0.647515 0.217505 0.337889 0.00268817
0 0.672984 0.239049 0.072469 0.0502838 0.00267104
0 0.11653 0.592914 0.233059 0.366907 0.00266372
0 0.901518 0.16078 0.196964 0.294071 0.00265689
0 0.601717 0.525275 0.587134 0.393656 0.00263883
0 0.543083 0.387626 0.0679836 0.0452438 0.00263761
0 0.914277 0.214686 0.171446 0.310751 0.00261495
0 0.0983636 0.430182 0.196727 0.308157 0.00260374
0 0.921129 0.581502 0.157741 0.331436 0.00259873
0 0.529851 0.513041 0.856214 0.475545 0.00258866
2 0.723891 0.974812 0.552217 0.0503761 0.00258387
0 0.075235 0.101434 0.15047 0.202869 0.00257401
0 0.920782 0.526056 0.158436 0.312589 0.00257378
0 0.0973964 0.724811 0.194793 0.336891 0.00257106
0 0.910013 0.26831 0.179974 0.300532 0.00255555
0 0.890651 0.644967 0.218698 0.377716 0.00253377
0 0.754723 0.135047 0.452548 0.269542 0.00253011
0 0.916044 0.470863 0.167913 0.298813 0.00251399
0 0.223136 0.905024 0.446271 0.189952 0.00250547
0 0.107369 0.489717 0.214738 0.298784 0.00250161
0 0.90542 0.359861 0.189161 0.278536 0.00249712
0 0.909487 0.416265 0.181026 0.291655 0.0024829
2 0.645841 0.900507 0.675344 0.192202 0.00247156
2 0.653749 0.200157 0.641507 0.395659 0.00246936
2 0.836685 0.693329 0.32663 0.416346 0.00245321
0 0.099399 0.776317 0.198798 0.325466 0.00245159
1 0.534316 0.0726046 0.491041 0.145209 0.00240924
0 0.14738 0.0952571 0.0448201 0.0288407 0.00237073
2 0.706123 0.588395 0.481467 0.434603 0.00236637
0 0.17304 0.289521 0.34608 0.520562 0.00236488
0 0.295695 0.0248009 0.0754641 0.0459158 0.00236383
2 0.629297 0.780311 0.679655 0.429515 0.00235091
2 0.534282 0.465507 0.714691 0.542226 0.00234736
2 0.862942 0.764594 0.274116 0.376804 0.00233491
0 0.705818 0.523855 0.490245 0.36227 0.00232788
0 0.338188 0.0235401 0.227103 0.0462936 0.00232582
0 0.331931 0.356714 0.663861 0.498588 0.00231375
0 0.369371 0.445735 0.738742 0.461776 0.00230175
2 0.772003 0.76124 0.392224 0.410709 0.00229882
0 0.893547 0.18004 0.1744 0.31888 0.00229685
0 0.774597 0.662393 0.388266 0.4701 0.00229206
0 0.778231 0.586203 0.383033 0.398008 0.0022805
0 0.467653 0.479517 0.799195 0.657352 0.00227732
0 0.486766 0.354891 0.963917 0.703639 0.00227566
0 0.745064 0.225071 0.454503 0.41062 0.00225065
0 0.623458 0.234883 0.678987 0.464042 0.00224787
0 0.274726 0.512494 0.539283 0.434586 0.00224755
0 0.88457 0.236307 0.190156 0.297497 0.00222354
0 0.797771 0.513435 0.346913 0.337854 0.00221945
0 0.397258 0.718677 0.794515 0.521358 0.00220677
0 0.676662 0.456131 0.546975 0.524129 0.00220475
0 0.115549 0.850146 0.231099 0.26514 0.00220409
0 0.726938 0.406457 0.466483 0.365336 0.00218862
0 0.854814 0.278251 0.248691 0.288516 0.00218786
0 0.5 0.910959 1 0.177918 0.00217906
0 0.742064 0.318718 0.443873 0.345451 0.00216061
2 0.879055 0.913434 0.241891 0.173132 0.00215595
2 0.871457 0.847175 0.257087 0.287973 0.00215576
0 0.528142 0.424002 0.943716 0.476852 0.00215564
0 0.830437 0.327276 0.298429 0.265611 0.0021096
0 0.825678 0.454837 0.298272 0.308545 0.00210643
0 0.825299 0.387661 0.30872 0.276464 0.00208705
2 0.598837 0.375604 0.651913 0.526102 0.00204444
2 0.728319 0.792081 0.494657 0.380211 0.00204248
0 0.393737 0.613573 0.39711 0.385671 0.00194224
0 0.684969 0.21336 0.0903615 0.0697607 0.0018885
0 0.484394 0.818794 0.968789 0.359366 0.00183703
2 0.599608 0.837008 0.760285 0.314751 0.00180462
1 0.590005 0.697598 0.380075 0.247487 0.0017409
0 0.559877 0.387453 0.053994 0.0446643 0.0017402
0 0.0337198 0.201855 0.0674396 0.121064 0.00172012
1 0.350873 0.0825172 0.526886 0.164241 0.00171476
2 0.0352518 0.163869 0.0705037 0.0702336 0.00168764
0 0.715792 0.904973 0.568415 0.179607 0.00165588
1 0.658557 0.0612101 0.682886 0.12242 0.00165285
0 0.0370532 0.211459 0.0741064 0.239429 0.00164478
0 0.6983 0.38813 0.0548518 0.0445567 0.00163673
0 0.552407 0.0657083 0.681666 0.131417 0.00161061
0 0.68785 0.247223 0.102154 0.059883 0.0016096
2 0.0431839 0.212223 0.0863679 0.328661 0.00159877
0 0.676038 0.85359 0.647924 0.267313 0.00156767
0 0.169528 0.100086 0.0945444 0.0474626 0.00156712
1 0.3188 0.0601361 0.562845 0.120272 0.00150222
0 0.753478 0.233841 0.237916 0.064914 0.00149745
2 0.273423 0.489115 0.242116 0.216135 0.00146917
1 0.450773 0.103282 0.658733 0.17806 0.00146888
1 0.456536 0.659716 0.536021 0.404824 0.00143891
2 0.082245 0.103152 0.16449 0.206304 0.00141371
0 0.0718447 0.165676 0.143689 0.0748855 0.00141182
0 0.695159 0.219405 0.112856 0.0600673 0.00141098
1 0.407915 0.0793281 0.244464 0.13169 0.00140962
0 0.52613 0.387226 0.101735 0.0526391 0.00140022
0 0.44024 0.657735 0.497568 0.394044 0.00137782
0 0.376847 0.670892 0.363549 0.285572 0.0013768
1 0.289052 0.473965 0.316171 0.189126 0.00137534
0 0.493796 0.400673 0.166895 0.0699 0.00137179
0 0.389506 0.737604 0.401492 0.254912 0.00130407
0 0.344353 0.0540989 0.645086 0.106956 0.00129189
0 0.637784 0.229604 0.145815 0.0381982 0.00128934
0 0.480492 0.983322 0.549132 0.0333555 0.00128234
0 0.382945 0.0215286 0.292064 0.0427372 0.00123985
0 0.274192 0.0260572 0.301122 0.0517265 0.00121121
0 0.426542 0.986784 0.506255 0.0264329 0.00120976
0 0.081182 0.132282 0.162364 0.13879 0.00120823
0 0.418589 0.700588 0.456275 0.285778 0.00120728
0 0.326929 0.553354 0.269697 0.412525 0.00119803
0 0.282832 0.0317482 0.0556833 0.0566571 0.00119485
0 0.248702 0.554678 0.16814 0.384979 0.00117455
0 0.664056 0.983089 0.595085 0.0338229 0.00117177
1 0.608071 0.725471 0.302727 0.296645 0.00116121
0 0.606823 0.389637 0.168681 0.0559009 0.00115441
0 0.771879 0.250388 0.284068 0.0974385 0.00114329
0 0.92375 0.0976981 0.145674 0.182948 0.00112555
2 0.510421 0.814571 0.639762 0.146989 0.00112524
0 0.361588 0.0200388 0.438396 0.0400776 0.00112148
1 0.518145 0.787501 0.585298 0.206066 0.00111978
0 0.0835081 0.456248 0.167016 0.197669 0.00111835
0 0.541646 0.375262 0.072265 0.0663014 0.0011172
0 0.403013 0.436644 0.347609 0.129377 0.00111574
0 0.925294 0.127244 0.141367 0.14835 0.00111164
1 0.128945 0.152089 0.25789 0.129971 0.00110715
2 0.293597 0.0619959 0.487988 0.120328 0.00110673
1 0.469333 0.145839 0.362756 0.272605 0.00110525
2 0.398944 0.988401 0.498522 0.0231975 0.00110483
1 0.596083 0.677527 0.566256 0.22508 0.00110381
2 0.598513 0.770583 0.395357 0.23057 0.00108807
0 0.0315986 0.16377 0.0631972 0.0750784 0.00108313
1 0.44543 0.146253 0.237195 0.264896 0.00107739
0 0.473204 0.833028 0.65728 0.101257 0.00107546
0 0.689585 0.386082 0.0464767 0.0422531 0.00106799
0 0.278395 0.537812 0.177344 0.334266 0.00106685
2 0.482577 0.557087 0.554291 0.258663 0.00106056
2 0.267684 0.459277 0.275531 0.156074 0.00106021
0 0.380349 0.454832 0.353913 0.157897 0.00105827
0 0.0657218 0.231087 0.131444 0.299679 0.00105498
0 0.92722 0.154408 0.135509 0.130813 0.00105381
0 0.283738 0.545555 0.198902 0.441599 0.00105248
0 0.37956 0.989482 0.463206 0.0210361 0.00105154
1 0.737041 0.056226 0.525918 0.111993 0.00104863
0 0.548035 0.567046 0.413338 0.227851 0.00104559
2 0.115443 0.131528 0.230885 0.147052 0.0010438
2 0.118521 0.106155 0.237042 0.212185 0.00104239
2 0.0167517 0.24419 0.0335035 0.305179 0.00104156
0 0.7049 0.170199 0.336737 0.161774 0.00103839
2 0.251629 0.502504 0.174116 0.248138 0.00103445
0 0.745379 0.284794 0.250808 0.14672 0.0010335
0 0.253755 0.0541604 0.507509 0.107642 0.00103272
0 0.482929 0.787201 0.568171 0.199434 0.00103161
2 0.11993 0.245061 0.239861 0.231924 0.00103051
2 0.932691 0.0800944 0.134424 0.156792 0.00102911
0 0.667878 0.274376 0.0987596 0.117229 0.00102674
1 0.25289 0.553695 0.186434 0.475306 0.00102485
0 0.0463067 0.299675 0.0926134 0.493297 0.00102463
0 0.272287 0.0310174 0.189688 0.0599486 0.00102255
2 0.612256 0.734207 0.430995 0.279832 0.00101967
2 0.607983 0.686423 0.535282 0.255294 0.00101574
2 0.575087 0.674188 0.356921 0.229733 0.00101549
0 0.232334 0.060365 0.405066 0.117053 0.00101008
0 0.348577 0.617429 0.303762 0.31034 0.00100877
2 0.0312075 0.152409 0.0624151 0.0968485 0.000995516
0 0.300279 0.0214 0.249798 0.0427995 0.000995062
2 0.17995 0.0822979 0.3599 0.164596 0.000992352
2 0.0391951 0.111181 0.0783901 0.222363 0.000991761
1 0.688808 0.690109 0.507316 0.229935 0.000975626
2 0.385889 0.513168 0.391021 0.266275 0.000974733
2 0.480454 0.149205 0.47198 0.268053 0.000974406
2 0.531359 0.916476 0.427179 0.161913 0.000971367
0 0.583974 0.665914 0.583696 0.199409 0.000970293
0 0.228393 0.988273 0.456786 0.0234539 0.000964823
1 0.134443 0.209133 0.268885 0.177411 0.000963085
2 0.081349 0.35028 0.162698 0.553037 0.000962698
0 0.0875908 0.395576 0.175182 0.392567 0.000960851
2 0.557936 0.69508 0.381849 0.305576 0.000957345
0 0.109977 0.265192 0.219955 0.195394 0.000956024
1 0.823044 0.0492491 0.353912 0.098132 0.000956001
1 0.0646159 0.215288 0.129232 0.160888 0.000954581
0 0.247198 0.0900358 0.264988 0.117162 0.000953807
0 0.506757 0.91365 0.46934 0.154733 0.000952872
2 0.635622 0.079678 0.625813 0.15647 0.000950899
0 0.489988 0.954178 0.729969 0.0890736 0.00094805
0 0.759964 0.204409 0.251149 0.0923428 0.000946026
0 0.0829612 0.483385 0.165922 0.3533 0.00094447
2 0.475414 0.883186 0.672081 0.13513 0.000943817
1 0.585931 0.825376 0.661036 0.149735 0.000942425
2 0.205759 0.0957162 0.268907 0.156133 0.000936266
2 0.361365 0.106977 0.564816 0.195419 0.000936248
1 0.437958 0.791341 0.425567 0.194351 0.000935428
1 0.396743 0.770479 0.4303 0.235196 0.00093274
0 0.0418305 0.0446999 0.083661 0.0893997 0.000932697
2 0.639694 0.788388 0.561596 0.260195 0.00093228
0 0.416096 0.475738 0.368206 0.168248 0.000931138
2 0.476984 0.850791 0.398655 0.118947 0.000926966
0 0.452571 0.872377 0.674514 0.11872 0.000926734
2 0.0223406 0.210912 0.0446811 0.185274 0.00092659
2 0.774311 0.682312 0.451378 0.202553 0.000920048
2 0.608243 0.685184 0.290945 0.177662 0.000918535
0 0.390633 0.39932 0.381054 0.0787626 0.000917678
0 0.507146 0.537505 0.474075 0.231852 0.000916231
0 0.731506 0.981506 0.536988 0.0369888 0.000915526
2 0.691198 0.708434 0.479679 0.290677 0.000911184
0 0.585124 0.407314 0.261494 0.0947053 0.000908539
2 0.250489 0.543938 0.17514 0.408792 0.000907098
2 0.0278442 0.105916 0.0556885 0.211831 0.000906555
0 0.439665 0.828011 0.412424 0.10601 0.000905684
1 0.73528 0.0728065 0.52944 0.144157 0.000905512
2 0.501404 0.128118 0.698025 0.194291 0.000905336
2 0.191424 0.0589528 0.254963 0.117906 0.000902927
2 0.0798888 0.562813 0.159778 0.502847 0.000900509
0 0.571724 0.593315 0.36676 0.176106 0.000899562
0 0.935903 0.0586513 0.125344 0.113623 0.000899467
0 0.41723 0.485724 0.441098 0.204083 0.000898287
0 0.395053 0.409134 0.400995 0.12682 0.000898199
0 0.768606 0.183188 0.273027 0.135712 0.0008961
2 0.473999 0.635844 0.567968 0.35253 0.000893118
2 0.282251 0.458426 0.16831 0.151917 0.000889834
2 0.0636036 0.0672021 0.127207 0.130154 0.000884264
2 0.47685 0.160531 0.296264 0.321062 0.000881363
0 0.604889 0.573293 0.320071 0.220782 0.00088135
0 0.938217 0.125391 0.120885 0.210008 0.000878178
2 0.922279 0.0477671 0.155442 0.0955343 0.000875228
0 0.515743 0.894003 0.668342 0.154516 0.000875106
0 0.163482 0.0933608 0.0825632 0.0366246 0.000873883
2 0.533933 0.670293 0.473885 0.186039 0.000871765
0 0.577827 0.947947 0.757531 0.101804 0.000871419
2 0.070585 0.584287 0.14117 0.3206 0.000868707
0 0.914132 0.0544475 0.163505 0.107015 0.000867678
0 0.810335 0.253749 0.37933 0.117935 0.000865455
0 0.327574 0.916395 0.339625 0.156907 0.000864074
0 0.217069 0.551191 0.186259 0.389097 0.000863906
0 0.408555 0.916579 0.357939 0.16147 0.000863254
0 0.306853 0.0444223 0.114119 0.0851338 0.000863059
0 0.727804 0.399502 0.160991 0.0635284 0.000861612
2 0.960434 0.0445457 0.0791323 0.0890913 0.00085877
