0 0.495314 0.535176 0.417183 0.35685 0.86303
0 0.36797 0.462054 0.159788 0.136231 0.374565
0 0.496271 0.476155 0.414582 0.240413 0.353998
0 0.474476 0.649098 0.134938 0.119527 0.314924
0 0.567133 0.483437 0.275669 0.22386 0.198057
0 0.0890668 0.0746427 0.0563215 0.0348142 0.194542
0 0.607099 0.406456 0.167821 0.105844 0.145997
0 0.626186 0.233227 0.027465 0.0198067 0.0999421
0 0.522855 0.633587 0.227265 0.154732 0.0921586
0 0.320034 0.72263 0.0268873 0.0221408 0.0692641
0 0.106339 0.989322 0.212677 0.0213553 0.0545975
0 0.590987 0.414515 0.200095 0.126894 0.0502053
0 0.476373 0.633745 0.134428 0.0845283 0.0476444
0 0.5709 0.519073 0.266652 0.150866 0.0451212
0 0.437331 0.464332 0.291292 0.137173 0.0424623
0 0.141394 0.989906 0.282788 0.0201881 0.0381414
0 0.10598 0.986952 0.114679 0.0259004 0.0362241
0 0.53805 0.573777 0.341904 0.273481 0.0360209
0 0.643451 0.538374 0.4799 0.384255 0.0300593
0 0.364289 0.436619 0.149887 0.0898007 0.0298913
0 0.476076 0.482285 0.387488 0.182271 0.0286603
0 0.0809406 0.986533 0.114057 0.026846 0.0265805
0 0.544657 0.595363 0.27831 0.23186 0.0265786
0 0.329951 0.425813 0.0791327 0.0667809 0.0234822
0 0.228939 0.0210372 0.143355 0.041735 0.0223593
2 0.434082 0.0579956 0.837168 0.115991 0.0184453
1 0.399831 0.0553818 0.794288 0.110764 0.0170094
0 0.0926588 0.98757 0.185318 0.0248608 0.0155159
2 0.210541 0.0202568 0.107923 0.0405135 0.015223
0 0.388204 0.477121 0.123578 0.103207 0.0148152
0 0.112899 0.989141 0.140743 0.0217171 0.0133343
0 0.0605349 0.986059 0.12107 0.0278818 0.0133214
0 0.302109 0.0520761 0.604218 0.104152 0.0133062
0 0.615691 0.48383 0.352452 0.260748 0.01188
1 0.453048 0.0713254 0.870411 0.142651 0.011755
0 0.324955 0.725294 0.0378773 0.0282381 0.01159
1 0.255161 0.977757 0.50504 0.0444856 0.0112235
0 0.168537 0.0235666 0.337073 0.0468483 0.0107275
2 0.434682 0.107158 0.827031 0.214316 0.0104761
1 0.214986 0.97094 0.429972 0.0578067 0.0104543
0 0.492795 0.577577 0.17412 0.268728 0.00953854
0 0.504371 0.619782 0.480871 0.500393 0.00932223
0 0.114328 0.991772 0.107312 0.0164562 0.00930414
0 0.176569 0.987146 0.353137 0.0257075 0.00919934
0 0.581304 0.450118 0.262838 0.199353 0.00917716
0 0.298138 0.462619 0.332977 0.145366 0.0088996
0 0.255854 0.0208731 0.206115 0.0417462 0.00839325
0 0.539648 0.426447 0.0778115 0.055917 0.00828858
0 0.523073 0.556723 0.265015 0.269707 0.00818652
0 0.120456 0.940551 0.240911 0.117112 0.00777522
1 0.212322 0.937855 0.424645 0.12429 0.00768781
0 0.693993 0.621851 0.545364 0.56171 0.00767079
0 0.206669 0.0211934 0.0910971 0.0410188 0.00709214
0 0.469356 0.62039 0.15475 0.180909 0.00702578
2 0.327062 0.976543 0.614675 0.046914 0.00684861
0 0.183689 0.953887 0.367379 0.0912945 0.00663194
0 0.134106 0.0483838 0.150633 0.092218 0.0065621
1 0.156191 0.883381 0.311217 0.233237 0.00621116
0 0.41028 0.469299 0.369998 0.17736 0.00613358
2 0.457637 0.0787315 0.771645 0.157372 0.00599928
2 0.223205 0.0200689 0.163109 0.0401101 0.00593376
2 0.454013 0.165229 0.908025 0.330011 0.00592633
1 0.167087 0.0485521 0.257207 0.0963695 0.00585648
0 0.166484 0.956008 0.332969 0.0864971 0.00585627
0 0.105293 0.0657 0.0969804 0.0526944 0.00582003
1 0.184351 0.0245498 0.368703 0.0476034 0.00572394
0 0.87729 0.968503 0.244389 0.0629948 0.00562385
1 0.207066 0.892374 0.41243 0.211636 0.00553444
0 0.498288 0.661086 0.602 0.580883 0.00546037
0 0.495418 0.410589 0.407601 0.377193 0.0053991
0 0.624449 0.234089 0.0359997 0.0257323 0.00535918
0 0.549628 0.669635 0.374034 0.550667 0.00532669
0 0.705464 0.486278 0.524679 0.269602 0.0052175
0 0.918796 0.960996 0.162409 0.0780082 0.00521698
2 0.189726 0.0207495 0.100077 0.0414989 0.00520246
2 0.824442 0.972342 0.340084 0.0553158 0.00491999
0 0.23692 0.140816 0.439993 0.281631 0.00487554
0 0.630179 0.472294 0.559357 0.2469 0.00484817
0 0.158192 0.0493527 0.259528 0.097992 0.00481571
0 0.16272 0.0314716 0.296746 0.0617053 0.00460614
2 0.474729 0.975111 0.720314 0.0495499 0.00452878
1 0.254023 0.0274308 0.508045 0.0540495 0.00448254
0 0.199065 0.026293 0.0811246 0.0517025 0.00441874
0 0.263473 0.933752 0.519692 0.129253 0.00437831
0 0.110383 0.879255 0.220766 0.24149 0.0043659
0 0.930569 0.923834 0.138861 0.152331 0.00433731
0 0.13514 0.99217 0.0957542 0.0154026 0.00431296
2 0.731786 0.974001 0.491058 0.0519985 0.00429058
0 0.850766 0.936083 0.296612 0.127161 0.00425611
0 0.0845371 0.0804327 0.063404 0.0516168 0.00417229
0 0.468509 0.552153 0.339775 0.281544 0.00399993
0 0.347905 0.135016 0.648998 0.269588 0.00399489
0 0.301639 0.503579 0.464341 0.219492 0.003906
1 0.104161 0.855865 0.207521 0.286779 0.00388531
2 0.598741 0.974808 0.722877 0.0503849 0.00387217
0 0.322178 0.729527 0.0340837 0.0367438 0.00375988
0 0.320944 0.719936 0.0314525 0.0294518 0.00373462
0 0.332463 0.5548 0.494308 0.365526 0.00369319
2 0.0961588 0.824728 0.192318 0.348356 0.0035905
1 0.110996 0.90406 0.221992 0.190729 0.00358617
0 0.790885 0.938703 0.41823 0.120774 0.00338799
0 0.942851 0.946498 0.113594 0.106106 0.00336417
0 0.208742 0.238652 0.043382 0.0330815 0.00335114
2 0.109615 0.976754 0.113681 0.0463718 0.00334008
0 0.361281 0.633686 0.62969 0.537856 0.00333234
0 0.133632 0.174791 0.267264 0.333719 0.00332169
1 0.144044 0.913507 0.288087 0.172986 0.00329131
0 0.117697 0.85389 0.231935 0.28951 0.00326136
0 0.350798 0.939764 0.664556 0.116577 0.0032281
0 0.843967 0.083782 0.312066 0.167564 0.0031751
0 0.899443 0.143041 0.201114 0.281569 0.00314955
0 0.867766 0.118218 0.264468 0.233858 0.0031367
0 0.482735 0.679276 0.0659924 0.058342 0.00310873
0 0.526468 0.443385 0.470243 0.187141 0.00310533
2 0.422843 0.234644 0.845686 0.465163 0.00309988
0 0.19396 0.0211493 0.0628543 0.04141 0.00307733
0 0.78701 0.0822924 0.42598 0.16388 0.0030414
2 0.0826707 0.794512 0.165341 0.392712 0.00302496
0 0.54237 0.0791448 0.779238 0.156257 0.00302476
0 0.629469 0.229584 0.0367246 0.0279472 0.00302272
0 0.286492 0.47559 0.516232 0.198775 0.0029642
0 0.608765 0.397153 0.534329 0.411916 0.00294707
0 0.113881 0.191908 0.227763 0.369357 0.00294098
0 0.281399 0.169677 0.526889 0.335216 0.00293558
0 0.914668 0.185756 0.170663 0.332148 0.00284865
0 0.609993 0.123098 0.770977 0.245662 0.00282328
0 0.93138 0.881789 0.13676 0.216172 0.00282302
0 0.0940134 0.232331 0.188027 0.37098 0.00282015
0 0.465992 0.936984 0.712446 0.115967 0.00281508
0 0.71841 0.11354 0.558037 0.226219 0.00280941
2 0.0612397 0.752072 0.122479 0.347523 0.00280548
0 0.401248 0.430584 0.492056 0.244516 0.00280165
2 0.476126 0.627783 0.123535 0.078948 0.00278888
0 0.373254 0.542366 0.739987 0.408587 0.00277146
0 0.059618 0.364232 0.119236 0.256236 0.00276157
0 0.0734505 0.297358 0.146901 0.301936 0.00275346
0 0.577171 0.40392 0.282761 0.123289 0.00274746
0 0.0577323 0.41875 0.115465 0.280612 0.0027207
1 0.316848 0.0348838 0.633696 0.0696339 0.00272018
0 0.591398 0.683722 0.627569 0.592917 0.00270731
0 0.0653716 0.527439 0.130743 0.304139 0.00270231
0 0.395767 0.69105 0.791535 0.604147 0.00269849
0 0.163625 0.84761 0.32725 0.300039 0.00268387
0 0.0588558 0.473346 0.117712 0.292933 0.00267904
0 0.0689639 0.581845 0.137928 0.324398 0.00265888
0 0.0645887 0.636505 0.129177 0.326178 0.00265713
0 0.532747 0.155843 0.924056 0.309838 0.00265688
0 0.0638015 0.69132 0.127603 0.321017 0.00264415
0 0.68439 0.206162 0.605555 0.404324 0.00257908
0 0.905823 0.233896 0.188354 0.287273 0.00257397
0 0.184291 0.197507 0.365811 0.389178 0.00255865
2 0.280915 0.0216244 0.310506 0.0430259 0.00254241
0 0.64331 0.93698 0.69513 0.118491 0.00253159
0 0.251971 0.721535 0.503942 0.523478 0.00250098
0 0.120693 0.783787 0.241386 0.432262 0.00249962
1 0.172567 0.916751 0.345133 0.165126 0.00248138
0 0.493316 0.669481 0.0966136 0.080595 0.00246716
0 0.312646 0.461846 0.625292 0.312432 0.00244686
0 0.77858 0.176357 0.437091 0.337453 0.00244463
0 0.167306 0.7689 0.334613 0.4622 0.00242688
1 0.550466 0.64103 0.305861 0.135467 0.00242449
0 0.905826 0.288096 0.188348 0.240136 0.00241844
0 0.890903 0.554404 0.218194 0.275975 0.00241115
0 0.896923 0.444745 0.206154 0.241334 0.00241085
0 0.881827 0.499242 0.236346 0.25848 0.00240815
1 0.179179 0.0489281 0.358358 0.0975677 0.00239591
0 0.905962 0.387542 0.188076 0.239626 0.00239535
0 0.905177 0.610449 0.189645 0.278805 0.00239394
0 0.912121 0.662198 0.175758 0.283253 0.0023935
0 0.226048 0.987478 0.452095 0.0250437 0.00237762
0 0.621682 0.396957 0.13217 0.0867797 0.00237478
0 0.902829 0.333591 0.194343 0.239406 0.00235694
0 0.92001 0.700705 0.15998 0.277072 0.00235308
0 0.925183 0.748626 0.149634 0.276313 0.00232495
0 0.928493 0.81403 0.143015 0.264568 0.0022837
0 0.80475 0.888356 0.39025 0.214616 0.00227201
0 0.272698 0.507836 0.545395 0.418258 0.00227117
0 0.330592 0.417698 0.0657102 0.0502986 0.00227063
0 0.172974 0.68275 0.345948 0.522577 0.00226142
0 0.352545 0.431675 0.199485 0.084708 0.00225351
0 0.269004 0.419482 0.519542 0.269942 0.00223757
0 0.160169 0.0197976 0.239464 0.0395477 0.00222479
0 0.107401 0.982255 0.125629 0.0339745 0.00222197
0 0.225679 0.556954 0.451358 0.454202 0.00222092
0 0.163744 0.409202 0.327489 0.330604 0.00221389
0 0.0612263 0.0674281 0.122032 0.0565821 0.00221128
0 0.222611 0.884921 0.43931 0.224145 0.00220794
0 0.13932 0.261559 0.278639 0.335681 0.00220712
0 0.423468 0.695598 0.47679 0.600578 0.00220673
0 0.35203 0.207013 0.70406 0.394527 0.0022061
0 0.745335 0.45011 0.507204 0.247401 0.00219762
0 0.624014 0.203526 0.740989 0.330852 0.00219011
0 0.645333 0.306031 0.667174 0.279835 0.0021854
0 0.135169 0.342674 0.270338 0.28787 0.0021681
0 0.42973 0.21348 0.751792 0.305166 0.00216561
0 0.731464 0.39788 0.513425 0.404954 0.00216056
0 0.218605 0.801524 0.43721 0.357261 0.00215687
2 0.598922 0.714559 0.685706 0.544929 0.0021534
0 0.46021 0.343643 0.481323 0.335317 0.00215057
0 0.738841 0.551817 0.518559 0.393341 0.0021439
2 0.491993 0.72957 0.506208 0.520985 0.00213252
0 0.329684 0.766333 0.62188 0.467333 0.00212691
0 0.209487 0.325697 0.418975 0.275281 0.0021186
0 0.501958 0.306243 0.481583 0.274334 0.00211752
0 0.625365 0.244977 0.0341791 0.0438177 0.00209934
0 0.757632 0.390387 0.484737 0.240157 0.00208492
0 0.735431 0.303276 0.506807 0.356016 0.00206929
1 0.23317 0.0433493 0.362652 0.0862698 0.00206822
2 0.557135 0.800331 0.560962 0.368627 0.00205029
0 0.281549 0.347961 0.423496 0.21681 0.00204153
0 0.490265 0.200733 0.73246 0.217745 0.00203247
2 0.682581 0.746725 0.604257 0.467744 0.00202535
0 0.342146 0.334638 0.648887 0.323111 0.00201779
0 0.708345 0.72135 0.565552 0.514109 0.00201052
0 0.780711 0.265154 0.437746 0.215356 0.00200464
0 0.314212 0.262182 0.552197 0.225326 0.00199562
0 0.265037 0.221683 0.477348 0.250564 0.00199109
0 0.77533 0.317018 0.449341 0.222365 0.00197874
0 0.748572 0.681782 0.49938 0.364726 0.00197683
0 0.28331 0.781079 0.552118 0.336097 0.00196484
0 0.216176 0.0494111 0.432352 0.0983913 0.00194563
0 0.539813 0.648207 0.359377 0.130751 0.00192431
2 0.75247 0.82608 0.479926 0.317545 0.00189005
0 0.6384 0.229402 0.0541096 0.0265837 0.00186587
2 0.691561 0.853449 0.591874 0.268492 0.00184137
0 0.795832 0.739492 0.406854 0.272127 0.00181717
0 0.319798 0.878927 0.580841 0.183438 0.00180189
0 0.36291 0.408433 0.147811 0.0954582 0.00179868
0 0.80338 0.815819 0.39324 0.257397 0.00177386
0 0.542738 0.833803 0.842564 0.299164 0.00176865
0 0.684571 0.880038 0.611017 0.229786 0.00176249
0 0.401874 0.800086 0.648816 0.376976 0.00175576
0 0.408888 0.868635 0.661695 0.210119 0.0017166
0 0.194192 0.992419 0.200824 0.0149191 0.00170081
0 0.528267 0.524172 0.146338 0.131272 0.00163527
0 0.814604 0.954927 0.370791 0.0901457 0.00163014
0 0.252246 0.949661 0.504491 0.0992061 0.00162995
1 0.264324 0.0552767 0.463545 0.110553 0.00162523
0 0.143208 0.987016 0.178915 0.0259681 0.00156645
0 0.359901 0.989455 0.458544 0.02109 0.00151839
0 0.0663753 0.0503362 0.130872 0.0936767 0.00150802
0 0.0641684 0.0953479 0.128337 0.188734 0.00149855
0 0.0882785 0.0736155 0.072198 0.0410622 0.00147763
0 0.419216 0.643871 0.36277 0.135846 0.00145408
0 0.0644824 0.0629963 0.128965 0.125993 0.00144982
0 0.635061 0.523038 0.45069 0.156947 0.00144735
0 0.0921906 0.858943 0.184381 0.282113 0.00142854
0 0.397341 0.399025 0.228071 0.110326 0.00139303
0 0.19794 0.236283 0.0627559 0.0342012 0.00139034
0 0.674676 0.411583 0.343945 0.126251 0.00138331
0 0.664977 0.437627 0.385473 0.175642 0.00138143
0 0.224144 0.030224 0.13669 0.0595313 0.00138136
0 0.343977 0.726298 0.0835424 0.0338972 0.00137458
1 0.167091 0.0768106 0.222547 0.147228 0.00135046
0 0.349856 0.430099 0.120693 0.0726147 0.00134845
0 0.088615 0.0985226 0.0697137 0.0748174 0.00132699
0 0.549904 0.615927 0.395886 0.204401 0.00132695
0 0.304729 0.995719 0.0818472 0.0085628 0.00130388
1 0.402083 0.593031 0.298763 0.236366 0.00130136
0 0.433193 0.988787 0.457401 0.0224259 0.0012933
0 0.326839 0.995565 0.115664 0.00885257 0.00129181
0 0.157245 0.0161085 0.314489 0.0316013 0.00128386
0 0.563796 0.987052 0.459922 0.0258969 0.00126926
0 0.567627 0.557155 0.349096 0.180211 0.00126574
1 0.371324 0.042003 0.722177 0.0834649 0.00126329
0 0.0994355 0.0538464 0.198871 0.104753 0.00123178
0 0.62272 0.22268 0.0307941 0.0416905 0.00121185
0 0.325085 0.738443 0.0505266 0.0523606 0.00120938
0 0.095072 0.889122 0.190144 0.221755 0.00120098
1 0.548182 0.648171 0.451417 0.145361 0.00118943
0 0.568364 0.378773 0.383716 0.111761 0.00117782
0 0.925108 0.0361798 0.147328 0.0716455 0.00117005
1 0.944192 0.905522 0.111345 0.188956 0.00116034
0 0.200497 0.925244 0.400995 0.146558 0.00115409
0 0.0649988 0.149629 0.129998 0.299258 0.00115369
1 0.481775 0.655394 0.164989 0.123924 0.00113975
0 0.719004 0.985992 0.501968 0.0280157 0.00113652
0 0.133869 0.0849368 0.158878 0.0875352 0.00113613
1 0.30885 0.463701 0.438916 0.152347 0.00113544
0 0.875547 0.945042 0.248905 0.109916 0.00112905
0 0.324404 0.440835 0.41669 0.110997 0.00112815
0 0.0137546 0.368311 0.0275093 0.196889 0.00112241
0 0.586391 0.646646 0.425919 0.179043 0.00110655
0 0.285211 0.727421 0.0958082 0.0330183 0.00110575
0 0.757771 0.97882 0.484459 0.04236 0.00110231
1 0.581374 0.602974 0.424939 0.239564 0.00109677
0 0.0483274 0.756176 0.0966549 0.346826 0.00108433
2 0.343355 0.0707822 0.476548 0.141347 0.00107892
2 0.587813 0.59504 0.515633 0.194973 0.00107851
2 0.944014 0.873882 0.111972 0.252236 0.00107785
1 0.884045 0.0361219 0.225455 0.0720603 0.00107489
2 0.194482 0.0660556 0.299103 0.131299 0.00107161
0 0.334036 0.71901 0.0608495 0.0225112 0.00106923
0 0.944988 0.119023 0.110025 0.238046 0.00106364
0 0.624087 0.56492 0.555435 0.16387 0.00106291
0 0.312543 0.722481 0.0505477 0.0305104 0.0010481
2 0.946878 0.0980208 0.106244 0.196042 0.00103976
2 0.932693 0.0390058 0.134613 0.0779805 0.00103788
1 0.0809248 0.148634 0.118227 0.213133 0.00103521
0 0.0168374 0.305573 0.0336748 0.267156 0.00103406
