1 0.399656 0.800872 0.500221 0.258014 0.885
1 0.486532 0.805158 0.696019 0.273585 0.697047
1 0.793251 0.0602452 0.413497 0.12049 0.0416433
0 0.790165 0.0748963 0.113539 0.0802301 0.040897
2 0.791743 0.0737078 0.117005 0.0841863 0.0408706
1 0.421002 0.8302 0.551492 0.339601 0.0298821
1 0.559399 0.744769 0.171907 0.138301 0.0253975
1 0.589719 0.802322 0.485449 0.261541 0.0225281
1 0.619755 0.823602 0.426037 0.205724 0.019616
1 0.378338 0.707935 0.534247 0.456856 0.0149494
1 0.856567 0.133483 0.280421 0.265954 0.0147065
1 0.789292 0.0737448 0.118256 0.0843547 0.0133588
1 0.786553 0.0571644 0.168198 0.114016 0.0127057
1 0.484389 0.854595 0.736073 0.29081 0.0121781
1 0.643906 0.762448 0.377749 0.336966 0.0120605
1 0.475187 0.812862 0.311107 0.230938 0.0117737
1 0.612798 0.059076 0.771608 0.118152 0.00962817
1 0.863793 0.0580765 0.266704 0.116153 0.0091661
1 0.841367 0.0713258 0.317266 0.142652 0.00902262
1 0.549511 0.836462 0.576485 0.185508 0.00861309
1 0.844918 0.0987709 0.310163 0.196164 0.00851676
1 0.502533 0.112667 0.87044 0.225074 0.00819707
1 0.478163 0.229251 0.917686 0.458503 0.0076952
1 0.305129 0.832229 0.324718 0.19015 0.00684517
1 0.626637 0.852678 0.746725 0.290663 0.00677037
1 0.844536 0.214114 0.291232 0.425693 0.00667524
1 0.560299 0.714661 0.171246 0.0759638 0.00666285
1 0.460626 0.739671 0.647536 0.380363 0.006518
2 0.452617 0.803926 0.361036 0.247185 0.00607347
1 0.549433 0.802384 0.172926 0.248688 0.00597508
1 0.501988 0.0747098 0.873226 0.14942 0.00597306
1 0.629176 0.727341 0.527703 0.426016 0.00574907
1 0.686836 0.846674 0.283389 0.15532 0.00558104
1 0.71923 0.790694 0.508031 0.32123 0.00532353
1 0.740303 0.0573785 0.252099 0.114757 0.00519376
1 0.591697 0.940663 0.686216 0.118287 0.00518889
1 0.788015 0.156916 0.374895 0.313832 0.00494247
1 0.678646 0.808593 0.608773 0.382814 0.00479851
1 0.471607 0.333524 0.899866 0.664158 0.0046129
0 0.824517 0.271045 0.332076 0.539212 0.00456396
2 0.47146 0.457918 0.742477 0.68265 0.00455214
2 0.463748 0.0711876 0.865808 0.142375 0.00427464
0 0.76871 0.878476 0.11742 0.0824469 0.00417558
0 0.458842 0.108407 0.84681 0.216394 0.00415912
1 0.328569 0.907276 0.657138 0.184058 0.00404065
1 0.723974 0.87252 0.20929 0.0968692 0.00383658
1 0.516304 0.74693 0.260496 0.147634 0.00377798
0 0.863598 0.0583694 0.272804 0.116739 0.00374728
0 0.46779 0.160551 0.885383 0.320734 0.00373327
1 0.78348 0.969601 0.395959 0.0592945 0.00372299
1 0.859051 0.0837237 0.281898 0.163286 0.00369265
1 0.644877 0.869366 0.374408 0.108056 0.00361267
2 0.761226 0.87484 0.138097 0.0951406 0.0036123
0 0.777829 0.333167 0.425016 0.6537 0.00359784
2 0.0815804 0.454048 0.163161 0.427228 0.00355524
1 0.760531 0.875379 0.138039 0.0903961 0.00349811
1 0.20137 0.701105 0.256302 0.406638 0.00340764
2 0.754946 0.423095 0.458378 0.489115 0.00335202
0 0.396491 0.065448 0.792981 0.130896 0.00333352
1 0.337021 0.659971 0.585012 0.580256 0.00329389
0 0.102211 0.440995 0.204367 0.63675 0.00327372
2 0.872488 0.965813 0.255025 0.0683733 0.00323139
2 0.637962 0.436515 0.637653 0.522196 0.00318704
1 0.7726 0.242646 0.378676 0.48188 0.00315921
0 0.454168 0.336588 0.848811 0.668085 0.00315544
2 0.0715089 0.353011 0.143018 0.477079 0.00315382
2 0.102136 0.557782 0.204271 0.369299 0.00308831
1 0.837262 0.971269 0.325476 0.0573695 0.00308031
0 0.334659 0.128503 0.598537 0.256059 0.00306851
1 0.229983 0.943958 0.459966 0.112085 0.00305482
1 0.359392 0.796582 0.717073 0.40021 0.00302845
0 0.292135 0.0627038 0.58427 0.125157 0.00302393
1 0.176399 0.661965 0.246159 0.508659 0.00301984
0 0.133854 0.0659277 0.267709 0.131855 0.00299162
0 0.0696378 0.312076 0.139276 0.441886 0.00296281
2 0.351499 0.442715 0.582809 0.722957 0.00290356
0 0.0834514 0.193692 0.166903 0.311976 0.00289751
0 0.0724555 0.244458 0.144911 0.37432 0.00289732
2 0.703226 0.367765 0.543753 0.632477 0.00289699
1 0.223178 0.789047 0.145153 0.115463 0.00289558
0 0.176091 0.0594734 0.352183 0.118683 0.00289205
1 0.775148 0.760135 0.413276 0.328129 0.00288898
1 0.469156 0.729939 0.835176 0.452487 0.0028532
0 0.756501 0.059084 0.310139 0.118168 0.00283553
0 0.249368 0.0955765 0.49459 0.188715 0.0028281
0 0.118768 0.369822 0.205696 0.710448 0.00281495
0 0.225211 0.863639 0.450422 0.270813 0.00280349
0 0.108631 0.13398 0.217261 0.232666 0.00280198
0 0.221771 0.127258 0.418087 0.253957 0.00280082
0 0.21739 0.783857 0.1364 0.0935692 0.00279048
2 0.711241 0.470806 0.514847 0.470297 0.00276456
0 0.133033 0.0937252 0.266066 0.179566 0.00275309
2 0.102034 0.657458 0.204068 0.4031 0.00272317
2 0.878129 0.847337 0.243741 0.291577 0.00272029
0 0.0963734 0.69064 0.192747 0.354991 0.00270424
1 0.140334 0.704062 0.267832 0.438783 0.00270389
0 0.154179 0.42211 0.295474 0.632506 0.00269736
0 0.137744 0.483239 0.242816 0.654184 0.00268891
0 0.115383 0.563648 0.230766 0.527131 0.00268033
2 0.919082 0.813543 0.161837 0.300612 0.00267882
1 0.742003 0.83443 0.505196 0.298377 0.00267204
1 0.755675 0.0716269 0.204314 0.0936098 0.00266263
0 0.836715 0.386988 0.326569 0.457579 0.00263061
2 0.823878 0.858213 0.352244 0.269182 0.00262673
0 0.312771 0.243521 0.565573 0.478615 0.00261111
2 0.84388 0.890501 0.312241 0.209521 0.00259894
0 0.141092 0.130221 0.282184 0.257261 0.00258697
0 0.351543 0.414138 0.599066 0.793101 0.00258085
0 0.91655 0.771185 0.166901 0.329497 0.00256842
0 0.894561 0.725791 0.210877 0.32075 0.00255401
1 0.686542 0.877739 0.284964 0.0859085 0.00255228
0 0.10324 0.792922 0.20648 0.347269 0.00253834
0 0.208306 0.238227 0.4061 0.463924 0.00253369
0 0.867669 0.439485 0.264662 0.388216 0.00252973
0 0.126394 0.208594 0.252788 0.387399 0.0025256
0 0.739972 0.991366 0.0536811 0.017026 0.00251889
2 0.124092 0.815367 0.248183 0.344629 0.00250321
0 0.139858 0.842747 0.279716 0.305474 0.00249766
0 0.879293 0.67887 0.241415 0.317052 0.00246653
2 0.529064 0.371124 0.800703 0.732678 0.00245722
1 0.790628 0.876147 0.408844 0.231689 0.00243923
0 0.237365 0.403709 0.383141 0.536432 0.00243015
1 0.809708 0.715383 0.343854 0.3296 0.00240684
0 0.87892 0.620267 0.24216 0.315588 0.00235383
2 0.780349 0.446865 0.424671 0.359163 0.00233918
2 0.884726 0.51893 0.230547 0.361879 0.00232745
0 0.654016 0.0183848 0.213514 0.0361925 0.00230529
1 0.852973 0.106713 0.247552 0.150037 0.00230057
0 0.395302 0.882514 0.13435 0.0904293 0.00229923
1 0.713369 0.722094 0.52214 0.465546 0.00228288
0 0.185239 0.328063 0.370479 0.648451 0.00228042
2 0.56154 0.716119 0.169382 0.0792761 0.00227778
2 0.306098 0.83455 0.319565 0.185373 0.00226764
0 0.680696 0.0557889 0.370115 0.11115 0.00223522
1 0.247456 0.81032 0.205551 0.157848 0.00220459
0 0.273315 0.374258 0.475357 0.706839 0.00218462
0 0.164395 0.568189 0.320879 0.600908 0.00216277
0 0.647016 0.0365868 0.327018 0.0723719 0.0021596
0 0.84506 0.666246 0.275104 0.313523 0.00215061
1 0.73703 0.848171 0.187276 0.148677 0.00210912
2 0.338803 0.81696 0.399769 0.223628 0.00204546
1 0.493734 0.868509 0.518541 0.177234 0.00204083
0 0.246829 0.506996 0.446459 0.705237 0.00202771
0 0.746517 0.658584 0.459525 0.50294 0.00201645
0 0.844273 0.598703 0.281738 0.318023 0.00198902
0 0.560203 0.722032 0.169584 0.0940186 0.00196986
2 0.748316 0.57342 0.461129 0.519332 0.00196423
1 0.47613 0.855899 0.360424 0.162573 0.00194065
2 0.44794 0.687273 0.805237 0.491457 0.00193861
0 0.327307 0.546081 0.577017 0.770648 0.00190749
0 0.570194 0.683638 0.790143 0.526802 0.00190446
0 0.827622 0.538085 0.318473 0.345454 0.00190421
2 0.587858 0.539395 0.743144 0.597203 0.00184796
1 0.617008 0.907145 0.432017 0.12812 0.00182276
1 0.218987 0.757029 0.137302 0.142843 0.00179279
1 0.787894 0.0976962 0.120487 0.119298 0.00179251
1 0.820537 0.868926 0.358926 0.115443 0.00178465
0 0.646344 0.611999 0.639186 0.554291 0.00178298
0 0.416781 0.598078 0.660679 0.640196 0.00177469
0 0.761251 0.849745 0.139213 0.144903 0.00175029
1 0.365983 0.826288 0.444998 0.198334 0.00170096
1 0.420699 0.897622 0.425564 0.165069 0.00168945
1 0.223723 0.743335 0.151532 0.199143 0.00165767
2 0.65778 0.987073 0.508018 0.0258537 0.0016132
1 0.432407 0.903056 0.548634 0.193888 0.00157955
0 0.626827 0.989132 0.524103 0.021735 0.00157844
1 0.557909 0.878909 0.555292 0.134486 0.00155201
0 0.602395 0.0269774 0.275256 0.0530728 0.0015499
1 0.422036 0.894827 0.354074 0.138079 0.00150408
0 0.625671 0.0154612 0.17407 0.0309224 0.00149716
1 0.685547 0.87679 0.531898 0.103828 0.00145952
0 0.555497 0.775826 0.139018 0.0796177 0.0014414
1 0.289548 0.879683 0.323053 0.240634 0.00144002
1 0.410402 0.74555 0.485743 0.169105 0.00139913
0 0.734845 0.989301 0.0672798 0.0207113 0.0013971
1 0.619823 0.915061 0.549663 0.144505 0.00137607
1 0.652338 0.056729 0.431298 0.113105 0.00135508
0 0.706297 0.0169632 0.286977 0.0333057 0.00131952
0 0.73132 0.024129 0.270631 0.0478672 0.00127985
1 0.39851 0.876482 0.167687 0.0962932 0.00127954
2 0.362501 0.854455 0.212225 0.142859 0.00126992
0 0.234595 0.0220747 0.425516 0.043355 0.00126119
1 0.60977 0.0391985 0.741943 0.0772898 0.0012455
1 0.281058 0.80102 0.265313 0.137774 0.00123601
1 0.42661 0.892245 0.236478 0.121544 0.00121883
1 0.759768 0.901243 0.480464 0.18619 0.00121879
2 0.405435 0.78643 0.549915 0.256063 0.00121861
2 0.454371 0.872758 0.296586 0.104583 0.0012165
0 0.687989 0.0128193 0.280565 0.0255097 0.00120199
1 0.850408 0.880005 0.299184 0.1727 0.0012001
1 0.638072 0.747371 0.333062 0.151349 0.0011963
0 0.632586 0.0330042 0.581164 0.0649839 0.00118924
0 0.213945 0.0305805 0.393824 0.0603844 0.0011783
0 0.359457 0.748359 0.435452 0.189006 0.00117368
0 0.719174 0.991265 0.130604 0.0172516 0.0011668
0 0.0709957 0.98397 0.140371 0.0318416 0.00114645
1 0.206704 0.81433 0.413407 0.179872 0.00114358
1 0.231068 0.869047 0.208687 0.261905 0.00113713
0 0.114453 0.0182417 0.214404 0.0362403 0.00113693
0 0.0868848 0.0135515 0.161868 0.0268439 0.00113343
0 0.0382353 0.016571 0.0764705 0.0330003 0.00113265
1 0.685234 0.910255 0.629532 0.176709 0.00112494
0 0.702452 0.0581028 0.215802 0.116206 0.0011213
1 0.483616 0.0310506 0.690535 0.0611515 0.00111933
1 0.519364 0.714725 0.266848 0.196666 0.00111581
1 0.210585 0.847729 0.158597 0.220573 0.00111282
1 0.224856 0.830189 0.337464 0.195435 0.00111038
1 0.166889 0.0340317 0.328727 0.0674445 0.00110882
0 0.0685125 0.0153779 0.137025 0.0307557 0.00110425
1 0.139747 0.0236336 0.268779 0.0467549 0.0010978
2 0.428666 0.925921 0.691578 0.147221 0.00109109
2 0.3982 0.881951 0.140377 0.0932129 0.0010881
0 0.313179 0.0183691 0.48434 0.0359445 0.00108765
1 0.77658 0.101043 0.168783 0.128174 0.00108751
1 0.388112 0.89279 0.20852 0.122952 0.00108017
2 0.868444 0.0715109 0.263111 0.141563 0.00107493
2 0.530025 0.981787 0.556542 0.0364252 0.00107061
2 0.365925 0.952842 0.515333 0.0943162 0.00106539
1 0.369861 0.0208322 0.52482 0.0408661 0.00106335
0 0.12228 0.984892 0.24456 0.0296925 0.00106003
0 0.938366 0.847727 0.119207 0.183045 0.00105583
1 0.195439 0.0592214 0.390877 0.117369 0.00105333
1 0.315662 0.893994 0.373657 0.171344 0.00103534
1 0.673225 0.800742 0.320219 0.244462 0.0010349
1 0.316831 0.76949 0.34007 0.14542 0.00103423
1 0.279706 0.0573526 0.527614 0.114197 0.00103095
2 0.308593 0.88473 0.411936 0.23054 0.00102856
2 0.495974 0.974762 0.590083 0.0504759 0.00102699
1 0.55777 0.696483 0.1768 0.16323 0.00102451
0 0.729174 0.979668 0.541652 0.0406645 0.00102407
1 0.536658 0.907736 0.706035 0.183337 0.00102231
0 0.939405 0.882667 0.117105 0.126297 0.00101693
2 0.421399 0.966011 0.571757 0.0679785 0.00101289
2 0.176872 0.0792424 0.339263 0.158034 0.00100898
2 0.0862519 0.067526 0.172504 0.135052 0.00100706
0 0.650697 0.0956308 0.0711447 0.0465143 0.00100305
0 0.408638 0.762376 0.543139 0.237633 0.00100288
2 0.0750461 0.399027 0.150092 0.329262 0.000998834
2 0.00539941 0.0346693 0.0107988 0.0686217 0.000996932
1 0.117245 0.0544 0.227706 0.106673 0.000991929
0 0.0735466 0.989192 0.0990851 0.0215155 0.00098903
1 0.50522 0.0549321 0.731544 0.109587 0.000986714
2 0.29438 0.923872 0.543923 0.151651 0.000986634
2 0.277365 0.0735624 0.372059 0.145995 0.00098372
2 0.23905 0.864029 0.282359 0.271943 0.000980882
0 0.174896 0.986683 0.349791 0.0262303 0.000979235
1 0.381433 0.923879 0.432262 0.147206 0.000976007
1 0.441317 0.870406 0.250361 0.109843 0.000974468
1 0.364003 0.775549 0.451607 0.198728 0.00097057
0 0.101031 0.945382 0.193409 0.107061 0.000958806
2 0.217049 0.780981 0.128981 0.0885282 0.000956079
2 0.0470682 0.7988 0.0941363 0.402401 0.000946793
2 0.293152 0.962094 0.467754 0.0758116 0.000946196
2 0.361991 0.0735302 0.389195 0.145939 0.000945433
0 0.705699 0.0706071 0.269088 0.102673 0.00094535
2 0.223162 0.975718 0.446325 0.048564 0.000945317
2 0.843888 0.897997 0.312225 0.174818 0.000943882
0 0.969886 0.0546048 0.0602286 0.107816 0.000940971
0 0.610952 0.0173569 0.235635 0.0347137 0.000940635
2 0.851319 0.0912371 0.297362 0.182474 0.000940619
2 0.0335963 0.726277 0.0671926 0.302632 0.000934503
2 0.0568926 0.808439 0.113785 0.324407 0.00093439
2 0.0766461 0.291036 0.153292 0.44451 0.000932054
2 0.0614233 0.370703 0.122847 0.426793 0.000931804
2 0.00429721 0.0596215 0.00859442 0.11467 0.000926985
0 0.927333 0.580346 0.137254 0.11185 0.000923876
0 0.31974 0.530541 0.0519332 0.0400295 0.000918429
0 0.686993 0.945909 0.626013 0.106625 0.000916569
2 0.00162922 0.0995746 0.00325845 0.191421 0.000916434
2 0.192257 0.866883 0.162353 0.266234 0.000912861
2 0.594345 0.0703403 0.508617 0.138214 0.000910395
2 0.541857 0.943013 0.668679 0.11248 0.000910187
2 0.0879873 0.103038 0.175975 0.206076 0.000909323
2 0.0761716 0.460719 0.152343 0.176548 0.000906249
2 0.0799768 0.144242 0.159954 0.288484 0.000898801
2 0.0800456 0.327685 0.160091 0.260396 0.000898423
2 0.463563 0.0732296 0.403782 0.144821 0.000897458
2 0.00326096 0.443034 0.00652191 0.294773 0.000895522
2 0.204335 0.821898 0.40867 0.226165 0.000895076
1 0.262316 0.725935 0.230558 0.212527 0.000894379
2 0.00215113 0.135371 0.00430226 0.270743 0.000893462
2 0.00427117 0.276807 0.00854235 0.36335 0.00089284
2 0.065765 0.219795 0.13153 0.43959 0.000891873
2 0.0844371 0.50756 0.163803 0.163719 0.000890906
2 0.0746591 0.908934 0.149318 0.180116 0.000890808
2 0.133696 0.1107 0.258414 0.206814 0.000888179
2 0.201548 0.982164 0.403096 0.0356541 0.000885802
2 0.943031 0.0442595 0.113938 0.088519 0.000884758
0 0.0613663 0.0414601 0.122733 0.080325 0.000882875
2 0.0777227 0.843896 0.155445 0.282693 0.00088218
2 0.00292132 0.189081 0.00584264 0.376147 0.000880641
1 0.170482 0.858542 0.217367 0.248788 0.000879763
0 0.0885119 0.91712 0.177024 0.161144 0.000878222
1 0.201747 0.747969 0.276129 0.177171 0.000878025
1 0.732308 0.82641 0.205686 0.19785 0.00087748
2 0.193418 0.86907 0.280121 0.261859 0.000877479
0 0.81939 0.263764 0.230605 0.141766 0.000876973
2 0.778265 0.978653 0.44347 0.0426933 0.000876608
0 0.306551 0.527214 0.0609151 0.0481649 0.000874307
0 0.176473 0.559178 0.109977 0.0568767 0.000871117
