1 0.559885 0.612849 0.585315 0.636547 0.911153
1 0.543396 0.699225 0.579744 0.449257 0.568245
1 0.277736 0.0903088 0.496205 0.18047 0.51174
2 0.925226 0.648084 0.103073 0.0798239 0.365609
1 0.148891 0.0809175 0.260598 0.161835 0.313342
1 0.349158 0.286677 0.62141 0.573354 0.274755
1 0.211798 0.0822995 0.396088 0.164599 0.271607
1 0.924251 0.648764 0.0996984 0.0796603 0.216552
1 0.562275 0.490742 0.570149 0.399236 0.179397
1 0.530674 0.781459 0.570606 0.304648 0.17764
1 0.305928 0.260771 0.547675 0.521542 0.167527
1 0.403282 0.0947853 0.736718 0.189571 0.155695
1 0.277582 0.182179 0.494773 0.361993 0.13733
1 0.461763 0.474906 0.365148 0.365674 0.0997029
1 0.427904 0.294149 0.43855 0.571714 0.0945352
1 0.48065 0.274817 0.806442 0.549634 0.0861634
1 0.46544 0.138967 0.841377 0.275234 0.0783327
1 0.711469 0.756897 0.205876 0.202853 0.074524
1 0.0591879 0.0222228 0.080633 0.0414419 0.0744554
1 0.435721 0.154839 0.200204 0.152226 0.0601265
1 0.467983 0.403727 0.35902 0.217375 0.0519221
1 0.429813 0.212222 0.788118 0.420283 0.0503761
1 0.426778 0.13543 0.182029 0.120561 0.0503044
1 0.314213 0.12397 0.40277 0.126539 0.0434339
1 0.680933 0.759101 0.270172 0.223043 0.0347879
1 0.423908 0.382671 0.802453 0.765343 0.0325329
0 0.0665886 0.0211419 0.0698241 0.0413594 0.0272293
0 0.034065 0.341242 0.06813 0.0474394 0.0258137
1 0.108507 0.0239639 0.189228 0.0479277 0.0241922
1 0.58441 0.752859 0.477341 0.34194 0.0225114
1 0.537335 0.825672 0.260384 0.196779 0.021542
1 0.641674 0.776914 0.696429 0.377332 0.0209673
0 0.0483165 0.476523 0.0354559 0.0290234 0.0208645
1 0.725161 0.79961 0.179239 0.108551 0.020235
1 0.602704 0.783626 0.428872 0.250294 0.0199323
1 0.475052 0.37165 0.343364 0.160713 0.0181294
0 0.958013 0.411435 0.0744047 0.0426658 0.0167989
1 0.137516 0.040462 0.275032 0.0809233 0.0134258
1 0.865841 0.634834 0.239834 0.110208 0.0129796
1 0.602655 0.820466 0.393355 0.206373 0.0128135
1 0.921384 0.647412 0.113958 0.131159 0.012321
1 0.144821 0.187172 0.289641 0.374343 0.0120427
1 0.251238 0.113061 0.447941 0.141519 0.01175
1 0.530802 0.0986705 0.823871 0.196974 0.011659
1 0.349029 0.161239 0.355331 0.179022 0.0111166
1 0.567593 0.832747 0.521241 0.334506 0.0108515
1 0.608457 0.162566 0.759544 0.324916 0.0104928
2 0.0582135 0.0197749 0.0898465 0.0395499 0.010301
1 0.254099 0.3072 0.495468 0.614399 0.010034
1 0.185165 0.0870338 0.159436 0.140452 0.0100217
1 0.921197 0.732112 0.113669 0.268006 0.00968359
1 0.737238 0.774639 0.503176 0.431452 0.0095995
1 0.923161 0.6104 0.114676 0.160268 0.0092684
1 0.618734 0.225341 0.726446 0.448136 0.00908732
1 0.551164 0.389383 0.710032 0.721367 0.00905336
1 0.432178 0.702156 0.356464 0.252361 0.00899274
1 0.137971 0.061053 0.275941 0.121788 0.00888729
1 0.820997 0.594715 0.333802 0.203552 0.00884008
1 0.684477 0.809711 0.26468 0.128698 0.00878402
1 0.570755 0.599903 0.536267 0.403224 0.00871269
2 0.497631 0.850389 0.175992 0.112044 0.00838338
1 0.913532 0.767049 0.136444 0.33984 0.00824843
1 0.489678 0.809996 0.769293 0.380009 0.00788159
1 0.205952 0.102237 0.226715 0.10974 0.00786974
1 0.533019 0.920124 0.633184 0.159753 0.0077991
1 0.684942 0.681544 0.590914 0.43667 0.00765233
1 0.606447 0.819189 0.429554 0.130601 0.00756519
1 0.823716 0.680207 0.329205 0.169156 0.00756016
1 0.93495 0.707933 0.121853 0.212545 0.00755666
2 0.196921 0.101049 0.131105 0.0997932 0.00753488
2 0.0868179 0.0195985 0.121624 0.039197 0.00708813
0 0.0509236 0.020155 0.101847 0.0403099 0.00661121
1 0.515125 0.972324 0.669453 0.0553525 0.00652258
1 0.706649 0.662526 0.192057 0.173994 0.00639888
2 0.72633 0.803193 0.187639 0.102324 0.00637697
1 0.428375 0.767581 0.358116 0.263947 0.00624218
1 0.513342 0.789377 0.21808 0.266126 0.00617384
1 0.662312 0.0966902 0.644783 0.19338 0.00617219
1 0.867088 0.56019 0.229779 0.264706 0.0061573
1 0.86746 0.156022 0.244395 0.311355 0.00609825
1 0.932211 0.647283 0.135579 0.129803 0.00607497
1 0.935782 0.647093 0.128436 0.0884264 0.00599976
1 0.0537674 0.0530584 0.107535 0.106117 0.0059968
1 0.931399 0.579852 0.137203 0.235778 0.00588664
1 0.60803 0.727259 0.420397 0.260562 0.00579545
1 0.48996 0.162785 0.337884 0.168483 0.00577018
1 0.628736 0.310443 0.684314 0.59117 0.00562
1 0.504885 0.81596 0.189712 0.218678 0.00548052
1 0.931537 0.748191 0.136926 0.311752 0.00542454
0 0.968158 0.110455 0.0513636 0.0477609 0.00520295
1 0.513188 0.705324 0.242713 0.254177 0.00495113
1 0.842557 0.19442 0.287508 0.38176 0.00487685
1 0.925412 0.781443 0.149177 0.383599 0.00485335
1 0.842164 0.0956432 0.315671 0.191286 0.00475241
1 0.905388 0.584487 0.189224 0.355267 0.00471212
1 0.124384 0.23385 0.248768 0.4677 0.00461061
0 0.572484 0.390607 0.140815 0.102708 0.00456234
1 0.302303 0.0833195 0.369778 0.166125 0.00455567
1 0.715453 0.62135 0.49869 0.399808 0.00448831
1 0.438142 0.583837 0.70151 0.466069 0.00436937
1 0.350697 0.799703 0.624186 0.393976 0.00433703
1 0.647751 0.897175 0.60762 0.20565 0.00432321
1 0.363766 0.964195 0.696171 0.0686252 0.00419238
1 0.406437 0.179294 0.260534 0.21944 0.00416097
1 0.711186 0.693414 0.206578 0.228361 0.00413273
1 0.838287 0.785771 0.323426 0.428459 0.00408743
1 0.627484 0.561414 0.434048 0.24857 0.0040851
1 0.597379 0.425658 0.582994 0.476588 0.00402779
1 0.886646 0.115669 0.215045 0.230426 0.00394487
1 0.0584596 0.0251448 0.116919 0.0486862 0.00392303
1 0.888745 0.0791559 0.222511 0.158312 0.00386095
1 0.827759 0.547293 0.318532 0.309398 0.00384564
1 0.41996 0.718116 0.328756 0.16119 0.00384277
1 0.741107 0.557869 0.193781 0.202563 0.00382306
0 0.432293 0.522202 0.646358 0.446403 0.00380962
0 0.0370884 0.383648 0.0741768 0.128138 0.00378887
1 0.703394 0.58189 0.273486 0.197307 0.00373595
1 0.628593 0.661277 0.359715 0.220873 0.00363539
1 0.491877 0.497132 0.441599 0.269153 0.00361999
1 0.426949 0.658372 0.776324 0.526152 0.00361364
1 0.319572 0.164347 0.42113 0.228448 0.00357245
1 0.0963661 0.0792789 0.189799 0.157174 0.00355345
0 0.422465 0.467222 0.72158 0.372483 0.00353574
0 0.886714 0.0830712 0.226572 0.166142 0.00350054
0 0.0354344 0.471431 0.0708688 0.0378426 0.00349933
1 0.403962 0.849064 0.774637 0.300448 0.00348086
1 0.459664 0.442743 0.387734 0.251003 0.00347499
0 0.862734 0.167925 0.250508 0.313613 0.00347204
1 0.168812 0.321739 0.326886 0.552543 0.0034656
0 0.461344 0.710283 0.814758 0.503363 0.00345389
0 0.0479073 0.346816 0.0958146 0.0567779 0.0034251
0 0.333985 0.704414 0.143902 0.116601 0.00342123
1 0.601724 0.668881 0.424748 0.293853 0.00341623
1 0.419412 0.545243 0.288409 0.170444 0.00340159
0 0.0556173 0.472802 0.0592801 0.0406372 0.0033966
1 0.119337 0.29864 0.238674 0.460216 0.00339228
1 0.237271 0.951818 0.474542 0.0944928 0.00337674
2 0.76683 0.538122 0.144186 0.0926515 0.00336495
2 0.0655507 0.431862 0.131101 0.243912 0.00336388
0 0.898266 0.122343 0.203468 0.242537 0.00333008
1 0.857987 0.279419 0.248323 0.439537 0.0032852
0 0.252767 0.65176 0.41527 0.563597 0.00326078
2 0.0665325 0.50166 0.133065 0.357561 0.00325276
2 0.0785755 0.68803 0.157151 0.362302 0.00324352
0 0.154035 0.943963 0.30807 0.112074 0.00323199
0 0.889839 0.166541 0.220323 0.316192 0.00322418
1 0.546869 0.862282 0.28139 0.122636 0.0032173
1 0.473799 0.370204 0.868681 0.513295 0.00320499
1 0.703892 0.949142 0.560014 0.100101 0.00316873
2 0.0806414 0.400516 0.161283 0.24762 0.00316492
2 0.0895014 0.785858 0.179003 0.336806 0.00312444
2 0.0717565 0.608798 0.143513 0.383049 0.00310523
0 0.136307 0.985369 0.272614 0.0289466 0.00309343
1 0.832684 0.32304 0.298255 0.405133 0.00308633
2 0.107776 0.820778 0.215552 0.313579 0.00306724
1 0.133956 0.814781 0.255473 0.349264 0.00305199
1 0.261681 0.579599 0.42538 0.521931 0.00304952
1 0.683642 0.415631 0.590022 0.43454 0.00303056
1 0.777449 0.610815 0.414362 0.16863 0.00301504
1 0.6152 0.801953 0.397996 0.0963345 0.00300922
1 0.553456 0.696134 0.329488 0.287981 0.00300557
0 0.888647 0.225188 0.222705 0.368999 0.00299619
0 0.113054 0.673681 0.212345 0.471909 0.00298297
0 0.110923 0.38256 0.208461 0.378337 0.00298226
0 0.352777 0.528822 0.140921 0.081701 0.00297654
1 0.689937 0.565939 0.542766 0.40757 0.0029741
0 0.872599 0.22682 0.226579 0.301706 0.00297347
2 0.352234 0.52851 0.139097 0.0812401 0.00296839
0 0.114489 0.497916 0.213261 0.446543 0.00295883
2 0.886904 0.95364 0.226192 0.0927206 0.00294532
1 0.756527 0.54281 0.163653 0.0943907 0.0029409
1 0.318404 0.724292 0.548332 0.489966 0.00293304
1 0.732574 0.521913 0.20899 0.188985 0.00290541
0 0.289457 0.485095 0.50738 0.463973 0.0029038
1 0.354326 0.45864 0.147009 0.232769 0.00289024
0 0.152876 0.898283 0.305752 0.203434 0.00288564
0 0.334771 0.371683 0.633887 0.603323 0.00285
1 0.756523 0.592648 0.185447 0.193164 0.00284337
2 0.920811 0.6359 0.0895383 0.0569908 0.00284187
0 0.449969 0.346982 0.181855 0.102162 0.00283544
1 0.281573 0.127112 0.33728 0.158992 0.00283135
0 0.904935 0.371759 0.190129 0.236292 0.00281301
1 0.87564 0.319614 0.219456 0.249187 0.00281105
0 0.900171 0.276818 0.199658 0.343553 0.00280435
2 0.894726 0.556133 0.210549 0.382042 0.00278817
1 0.437457 0.208387 0.217636 0.259924 0.00278253
2 0.054155 0.0227681 0.10831 0.0455362 0.00275191
0 0.0459599 0.411879 0.0919198 0.221534 0.00275163
2 0.898676 0.464079 0.202647 0.325936 0.00269761
2 0.804684 0.792808 0.390632 0.414384 0.00269503
2 0.124665 0.855971 0.249331 0.275093 0.0026788
1 0.196582 0.876795 0.38609 0.244452 0.00267516
1 0.606343 0.852699 0.423161 0.142795 0.00263209
2 0.838012 0.954624 0.323976 0.089408 0.00254789
1 0.493554 0.865339 0.168388 0.120391 0.00254182
1 0.76253 0.52627 0.153401 0.134075 0.00252727
2 0.436572 0.385331 0.415545 0.120027 0.00252238
1 0.843609 0.442413 0.279971 0.284276 0.00251547
1 0.768391 0.667551 0.430317 0.190987 0.0025094
0 0.190953 0.984714 0.381907 0.0303471 0.00244175
2 0.332494 0.703507 0.144617 0.118344 0.00243697
2 0.847046 0.897626 0.305908 0.204747 0.00240602
1 0.76639 0.879816 0.466049 0.234768 0.00238879
2 0.123964 0.0197543 0.215268 0.0390322 0.00236194
0 0.179275 0.941717 0.358551 0.116566 0.00231228
0 0.950029 0.39707 0.0907141 0.0678297 0.00227718
0 0.0966844 0.987743 0.127728 0.0242761 0.00226361
1 0.432163 0.413156 0.454488 0.137047 0.00225889
0 0.0640725 0.402192 0.128145 0.165722 0.00221516
0 0.0929445 0.99076 0.123862 0.0178999 0.00220433
0 0.499599 0.868414 0.189953 0.11142 0.00218456
1 0.411546 0.394928 0.476135 0.114167 0.00216279
0 0.348464 0.472517 0.138571 0.199548 0.00215297
1 0.196192 0.110199 0.180268 0.138804 0.00212727
1 0.510161 0.542992 0.493649 0.233342 0.002116
0 0.113112 0.986425 0.203973 0.0269377 0.00211227
2 0.43073 0.682681 0.356108 0.227851 0.00210698
0 0.0442285 0.47418 0.0806726 0.033381 0.00210527
1 0.931452 0.694094 0.137096 0.210163 0.00206962
1 0.736143 0.638973 0.209712 0.132843 0.00202146
0 0.105344 0.941501 0.206597 0.115569 0.00201517
1 0.423345 0.611103 0.310285 0.271954 0.00199975
0 0.72675 0.803247 0.18361 0.102135 0.00197245
2 0.156231 0.0202262 0.312461 0.0404524 0.00195698
0 0.0941412 0.977153 0.122945 0.0452276 0.00195252
1 0.344371 0.720315 0.184242 0.144912 0.00194608
0 0.0638853 0.994027 0.110087 0.0116627 0.00193943
1 0.520129 0.367088 0.254205 0.151252 0.00191236
2 0.511068 0.379173 0.269108 0.129863 0.00188729
1 0.350122 0.526375 0.136464 0.0838558 0.00186421
1 0.425716 0.487749 0.293127 0.233893 0.00186361
0 0.404155 0.380156 0.236423 0.186245 0.00183781
0 0.95532 0.418375 0.0815901 0.0527889 0.00182343
0 0.376537 0.390214 0.177888 0.199388 0.00180853
1 0.0618329 0.0685468 0.123666 0.137094 0.00178991
1 0.831915 0.723565 0.318563 0.260385 0.00177219
0 0.934586 0.616634 0.130829 0.153304 0.00176552
0 0.921023 0.639336 0.0893157 0.06307 0.00175975
0 0.926876 0.649514 0.0995871 0.0819166 0.00175131
1 0.16551 0.145621 0.33102 0.257037 0.00173087
1 0.587802 0.873881 0.462844 0.143764 0.00169879
0 0.0364207 0.334175 0.0728413 0.0408981 0.00168174
0 0.0855194 0.896443 0.171039 0.207114 0.00167221
2 0.934706 0.717496 0.126656 0.243854 0.00165978
0 0.366459 0.447234 0.179912 0.254338 0.00165066
0 0.257016 0.706006 0.322184 0.123399 0.00164236
1 0.734714 0.63042 0.183875 0.104207 0.00163407
0 0.87791 0.028316 0.211192 0.0563851 0.00163362
1 0.67294 0.531712 0.340408 0.217091 0.00163167
0 0.963392 0.119445 0.0646422 0.0756225 0.00163078
1 0.0530014 0.111598 0.106003 0.223196 0.00163049
0 0.922456 0.0946801 0.141364 0.0976731 0.00162329
1 0.221779 0.0571516 0.443558 0.114027 0.00162203
1 0.0731159 0.18003 0.144819 0.36006 0.00161165
0 0.958599 0.0782638 0.0779169 0.137728 0.00158874
2 0.792972 0.517761 0.0885067 0.0463048 0.00157646
1 0.401022 0.797803 0.351071 0.265211 0.00154497
1 0.289603 0.730573 0.335233 0.167058 0.00153515
1 0.369099 0.750382 0.221643 0.190057 0.0015244
0 0.851358 0.0238903 0.215623 0.0474595 0.00149784
1 0.212722 0.164985 0.19245 0.238443 0.00147315
1 0.355816 0.559802 0.155319 0.148494 0.00146866
1 0.418902 0.381713 0.255671 0.173216 0.00146845
0 0.0785496 0.991807 0.109386 0.0158632 0.00146362
0 0.911325 0.218491 0.171529 0.124489 0.00145527
1 0.331778 0.704148 0.141701 0.115436 0.00143062
1 0.350154 0.615355 0.159732 0.290954 0.00142487
0 0.0791827 0.365248 0.158365 0.096792 0.00142334
0 0.94549 0.413903 0.101348 0.0542344 0.00141719
1 0.488439 0.441033 0.631351 0.181171 0.00138699
1 0.452142 0.469519 0.552176 0.216464 0.001385
1 0.940099 0.653995 0.0693892 0.0681774 0.00138362
2 0.0500621 0.208127 0.100124 0.416254 0.00138165
1 0.492297 0.67758 0.20037 0.281328 0.00137382
0 0.425923 0.128599 0.174025 0.104964 0.00136906
2 0.275095 0.701139 0.358674 0.131476 0.0013554
1 0.394686 0.0921387 0.383572 0.180827 0.00135535
1 0.413126 0.854989 0.351574 0.152949 0.00135387
1 0.547655 0.893686 0.289053 0.15279 0.00135363
0 0.0355624 0.462784 0.0711248 0.0556379 0.00135176
1 0.656118 0.886604 0.467814 0.179773 0.00134771
0 0.037153 0.517399 0.074306 0.179046 0.0013366
1 0.546414 0.903574 0.463315 0.183405 0.00132255
1 0.750523 0.786668 0.435556 0.144962 0.00131606
0 0.0829641 0.252242 0.165928 0.39773 0.00131354
0 0.337012 0.650935 0.154505 0.236275 0.00131224
0 0.963196 0.0992116 0.0736089 0.198423 0.00130726
0 0.43681 0.359288 0.160522 0.130774 0.00130193
0 0.431165 0.355415 0.321759 0.140595 0.00129398
0 0.0775385 0.346763 0.155077 0.060732 0.00129109
0 0.907161 0.0774455 0.185677 0.151814 0.00128817
0 0.114344 0.925894 0.228687 0.148213 0.00127558
0 0.259385 0.948279 0.518769 0.103392 0.00127259
0 0.894772 0.041031 0.20394 0.0805954 0.00126963
1 0.674673 0.804727 0.60646 0.105766 0.00126543
0 0.814301 0.0304309 0.347755 0.0602542 0.0012644
1 0.356355 0.0507075 0.668513 0.101415 0.0012444
1 0.364073 0.780765 0.245993 0.259656 0.00124254
1 0.346676 0.754161 0.214449 0.225364 0.00123859
0 0.508664 0.367262 0.268351 0.154604 0.00122201
