1 0.689553 0.641547 0.305748 0.475859 0.87911
0 0.0120666 0.554803 0.0238538 0.074517 0.0579477
2 0.429709 0.389586 0.243893 0.117811 0.0509662
1 0.429008 0.390572 0.24426 0.128188 0.036416
1 0.60997 0.584432 0.674983 0.563895 0.0271378
1 0.762899 0.639366 0.460121 0.486489 0.024218
2 0.752817 0.642286 0.447018 0.492641 0.0239367
1 0.654877 0.727072 0.239693 0.285351 0.0238246
0 0.0120594 0.557634 0.0233061 0.1057 0.023729
0 0.380736 0.928084 0.0275235 0.0331139 0.0235367
1 0.405029 0.36678 0.310576 0.193029 0.0222259
0 0.31306 0.256533 0.0628512 0.102918 0.0213365
2 0.312079 0.256439 0.0646789 0.104095 0.0202685
1 0.504295 0.401338 0.480756 0.185751 0.0191589
0 0.371769 0.928039 0.0473434 0.03911 0.0186593
1 0.576458 0.527332 0.574038 0.428065 0.01779
1 0.561296 0.63402 0.544535 0.478225 0.0176927
2 0.704369 0.560661 0.278457 0.285732 0.0166025
0 0.364061 0.925732 0.0623833 0.0516315 0.0164978
1 0.414183 0.403547 0.400869 0.807094 0.0160158
1 0.417144 0.303723 0.283584 0.339261 0.015587
1 0.418705 0.488518 0.30313 0.500637 0.0140634
0 0.803007 0.41259 0.0481903 0.0846516 0.0139517
0 0.315914 0.231701 0.0757882 0.151805 0.013108
1 0.525425 0.453511 0.450797 0.27179 0.0126858
1 0.690848 0.575358 0.291353 0.299799 0.0119042
1 0.410077 0.433031 0.702424 0.866062 0.0113836
1 0.298299 0.325678 0.589371 0.648633 0.0113798
2 0.0120184 0.555944 0.0239871 0.0732353 0.0112991
1 0.638367 0.62218 0.415449 0.471972 0.0110386
0 0.011943 0.56404 0.023886 0.245299 0.0108616
1 0.459325 0.345512 0.6096 0.354627 0.010362
1 0.506283 0.483091 0.644845 0.516648 0.0101275
2 0.73154 0.564774 0.225056 0.248293 0.0100178
0 0.482938 0.428182 0.0242512 0.0411644 0.00999113
1 0.263699 0.228607 0.522819 0.457126 0.00983735
1 0.355016 0.289683 0.511679 0.439233 0.00912212
1 0.482344 0.302051 0.737901 0.383747 0.0087035
1 0.732141 0.5694 0.224118 0.267808 0.00865963
1 0.509152 0.459868 0.616725 0.879045 0.00847926
0 0.702486 0.649804 0.327808 0.482032 0.00825967
1 0.724059 0.650833 0.227189 0.429849 0.0081354
1 0.270078 0.162344 0.540156 0.324687 0.00762341
1 0.665325 0.772694 0.21645 0.191918 0.00747287
0 0.33532 0.226066 0.114034 0.167919 0.00726853
0 0.032284 0.560595 0.0642054 0.122442 0.00717896
0 0.0267311 0.415957 0.0531363 0.429101 0.00703163
0 0.016936 0.465768 0.0330229 0.381602 0.00702996
1 0.332395 0.497333 0.658768 0.79842 0.00698358
0 0.0649634 0.34475 0.128519 0.565592 0.00690504
1 0.47824 0.327314 0.807628 0.573961 0.00675914
1 0.371578 0.392774 0.73426 0.670438 0.00663949
2 0.307095 0.16103 0.614191 0.322061 0.00663147
1 0.432249 0.239187 0.81461 0.476168 0.00660215
1 0.195256 0.211475 0.388534 0.422816 0.00652835
1 0.491193 0.408289 0.468963 0.561671 0.00639792
0 0.0370264 0.357383 0.0740528 0.517897 0.00636498
1 0.589814 0.542231 0.777544 0.857282 0.00632153
1 0.822738 0.680461 0.353528 0.572473 0.00617002
0 0.0743722 0.453794 0.147307 0.412513 0.00593641
1 0.215438 0.97138 0.337348 0.05724 0.00589098
0 0.0154369 0.520047 0.0301618 0.351654 0.00580278
1 0.0757762 0.316225 0.149239 0.603522 0.0057304
0 0.462366 0.9255 0.017588 0.0261291 0.0056769
0 0.0556629 0.365846 0.0218809 0.0265368 0.00560921
2 0.580156 0.701962 0.0773869 0.10028 0.00553641
1 0.707685 0.70843 0.337885 0.577995 0.00553318
1 0.628689 0.512374 0.108057 0.214488 0.00547557
0 0.0390014 0.577288 0.0777492 0.176282 0.00534926
1 0.0431772 0.313671 0.0863543 0.55805 0.00525196
1 0.716019 0.795474 0.108861 0.141396 0.00521324
1 0.220209 0.114316 0.440418 0.228632 0.00520607
1 0.751104 0.724621 0.1746 0.293946 0.00490139
0 0.101817 0.483218 0.202152 0.346699 0.00479486
0 0.015803 0.603202 0.0309057 0.345847 0.0047631
1 0.350158 0.18409 0.700317 0.365713 0.00469236
2 0.429258 0.173447 0.822247 0.346895 0.00461735
1 0.176714 0.157008 0.348875 0.313138 0.00460594
1 0.120008 0.729079 0.238329 0.530723 0.00459727
1 0.309604 0.967433 0.350758 0.0651338 0.00459674
1 0.427755 0.511982 0.85551 0.961301 0.00454984
1 0.0402771 0.741869 0.0805542 0.499403 0.00453797
1 0.181947 0.0965295 0.363895 0.193059 0.00449
0 0.0967078 0.736994 0.191539 0.514428 0.004453
0 0.636114 0.690197 0.548731 0.578079 0.00438387
1 0.167014 0.96587 0.326674 0.0682608 0.0043815
0 0.167446 0.0946694 0.327743 0.189339 0.00435673
0 0.0499413 0.263902 0.0998826 0.50011 0.00433947
2 0.0179837 0.728267 0.0358214 0.472254 0.00432875
1 0.641738 0.75094 0.207959 0.221806 0.00428398
1 0.380628 0.375318 0.141496 0.104415 0.00421928
1 0.689098 0.797095 0.177355 0.143381 0.00421324
0 0.014146 0.598298 0.0274243 0.188868 0.00411172
0 0.136613 0.144354 0.270979 0.286649 0.00409697
1 0.709807 0.777684 0.129248 0.185751 0.00406047
0 0.103864 0.553347 0.207057 0.392149 0.00403414
1 0.839377 0.96795 0.304057 0.0632026 0.00402422
0 0.0797033 0.138531 0.159228 0.275204 0.0039574
0 0.110339 0.201813 0.212453 0.403626 0.00395091
0 0.105265 0.0949852 0.21053 0.18997 0.00394064
1 0.618464 0.586127 0.15915 0.365309 0.00393414
0 0.400354 0.962498 0.448208 0.0750037 0.00393225
2 0.423061 0.144952 0.66953 0.288101 0.00392261
0 0.0743359 0.762841 0.148672 0.472219 0.00390981
0 0.355872 0.917552 0.0460304 0.056679 0.00388383
0 0.108016 0.93738 0.216032 0.12524 0.00382459
0 0.489124 0.960036 0.531109 0.0793157 0.00382042
0 0.0617118 0.19762 0.122171 0.390948 0.00380913
0 0.106644 0.844001 0.213288 0.311999 0.003763
0 0.133685 0.419996 0.263756 0.524168 0.00374401
1 0.365515 0.315879 0.177894 0.229275 0.00373842
0 0.151632 0.956781 0.302827 0.0855538 0.00372076
1 0.681903 0.701651 0.293328 0.337708 0.00367106
2 0.926048 0.963392 0.147904 0.0732162 0.00366368
0 0.711118 0.730006 0.347111 0.539729 0.00362618
1 0.628916 0.486864 0.0883835 0.167859 0.00362532
1 0.760568 0.545615 0.1666 0.215063 0.00362049
0 0.0300589 0.486045 0.0595966 0.252979 0.00360344
1 0.311969 0.254184 0.0628962 0.111063 0.00351972
0 0.153542 0.819751 0.307061 0.35599 0.00343164
1 0.727165 0.7971 0.271834 0.141944 0.00340236
2 0.587924 0.511856 0.521248 0.552006 0.00337076
1 0.440602 0.304255 0.373788 0.46079 0.00327214
0 0.601548 0.965364 0.470477 0.0679355 0.00324645
0 0.176977 0.869495 0.350232 0.257132 0.00323787
0 0.460181 0.136926 0.621695 0.271067 0.00321578
0 0.348265 0.240124 0.139997 0.141259 0.00320465
1 0.647259 0.969738 0.377815 0.0599752 0.00316603
0 0.209851 0.915671 0.419703 0.162811 0.00315365
0 0.323286 0.916792 0.494477 0.153901 0.00306084
2 0.502294 0.278229 0.751593 0.556342 0.00304826
0 0.506187 0.921697 0.653611 0.153427 0.00300558
0 0.589656 0.808464 0.583649 0.380251 0.00292227
2 0.151142 0.743191 0.297853 0.497313 0.00292039
0 0.932666 0.0969333 0.134669 0.193867 0.00290447
1 0.447967 0.378851 0.209294 0.111857 0.00290188
2 0.760094 0.966459 0.384282 0.066766 0.00288044
2 0.431286 0.360567 0.241335 0.186931 0.00287258
2 0.852635 0.606095 0.294731 0.555721 0.00285205
2 0.848104 0.702976 0.303792 0.55707 0.00284666
1 0.735363 0.548413 0.38023 0.2231 0.00284656
1 0.156816 0.773153 0.310729 0.446586 0.00275802
0 0.552193 0.751963 0.72719 0.496074 0.00275665
0 0.579745 0.697893 0.0793138 0.108356 0.00275454
2 0.389485 0.379158 0.141921 0.0910394 0.00273322
2 0.559098 0.117418 0.505066 0.231739 0.00272215
2 0.862419 0.531964 0.275161 0.485768 0.00268796
0 0.474014 0.435909 0.044417 0.0613325 0.00267974
0 0.613754 0.111412 0.459683 0.219807 0.00265901
0 0.192571 0.467322 0.38008 0.511601 0.00264726
2 0.285274 0.56075 0.567719 0.769024 0.00264232
0 0.938075 0.145779 0.123851 0.283773 0.00263539
2 0.522992 0.154849 0.656734 0.306228 0.0026085
0 0.881827 0.087643 0.236346 0.175286 0.00260566
0 0.700436 0.103502 0.474435 0.204387 0.00257944
0 0.929624 0.190775 0.140751 0.363399 0.00254701
2 0.564327 0.38815 0.703335 0.760377 0.00254694
0 0.927043 0.892105 0.145915 0.208517 0.00253828
2 0.705113 0.969196 0.333048 0.0616081 0.00252984
0 0.820681 0.100042 0.358637 0.199261 0.00252626
1 0.615146 0.535969 0.181501 0.263756 0.00250136
0 0.16119 0.640708 0.317909 0.460313 0.00249755
2 0.671471 0.517925 0.657059 0.637938 0.00249688
2 0.591703 0.217257 0.687366 0.43433 0.00249376
0 0.0183627 0.555408 0.0367254 0.0779354 0.00247893
0 0.805681 0.406195 0.03694 0.0793376 0.00247488
0 0.360798 0.933716 0.0732484 0.055192 0.00246261
1 0.779155 0.85569 0.44169 0.281642 0.00244023
0 0.902554 0.262008 0.194893 0.418768 0.00239008
2 0.876693 0.439222 0.246615 0.421471 0.00238972
1 0.198116 0.819594 0.393621 0.348282 0.00238912
0 0.577149 0.155286 0.638381 0.306166 0.00238567
1 0.821121 0.89427 0.354856 0.204046 0.00237003
2 0.203486 0.625316 0.402786 0.630498 0.00236947
2 0.754955 0.780604 0.448111 0.43637 0.00236574
0 0.467326 0.785704 0.918234 0.428593 0.00234923
1 0.425101 0.330365 0.255054 0.228212 0.00234588
1 0.479737 0.719954 0.959473 0.554912 0.00233233
0 0.194165 0.982788 0.323686 0.0344232 0.00231012
2 0.885444 0.354804 0.229113 0.405263 0.0022982
0 0.620839 0.216371 0.708134 0.432741 0.00227345
0 0.724589 0.158289 0.542659 0.313942 0.00226081
0 0.212318 0.841233 0.406836 0.306121 0.00225335
1 0.313541 0.273645 0.0663462 0.136952 0.0022315
0 0.62736 0.477282 0.09112 0.147246 0.00223041
2 0.851458 0.818888 0.297084 0.330488 0.00222844
1 0.663491 0.644242 0.250433 0.261509 0.00221582
2 0.692049 0.339565 0.601327 0.662383 0.00219953
0 0.314913 0.83436 0.566229 0.325768 0.00217626
0 0.781053 0.191137 0.4336 0.380762 0.00215425
1 0.644984 0.603925 0.214572 0.34477 0.00214787
1 0.42362 0.415976 0.230395 0.179625 0.00213237
1 0.751863 0.626535 0.233343 0.362124 0.00209129
2 0.231273 0.719566 0.450625 0.554385 0.00209006
1 0.803154 0.781629 0.392961 0.415746 0.00206323
0 0.145016 0.983885 0.290032 0.0322311 0.00205772
0 0.350136 0.933649 0.0942718 0.0715105 0.00204443
0 0.450088 0.705963 0.900175 0.588075 0.00203652
0 0.243335 0.98692 0.052535 0.025605 0.00201873
0 0.805525 0.50748 0.388949 0.576728 0.00201532
0 0.368936 0.22607 0.185685 0.168116 0.00194756
0 0.0770716 0.58136 0.154143 0.1616 0.00194351
0 0.0431546 0.425004 0.0863093 0.487759 0.00193967
1 0.581325 0.744721 0.0894882 0.194756 0.00193141
0 0.791163 0.394004 0.416783 0.540434 0.00192103
2 0.8004 0.412209 0.0485029 0.0883436 0.0019149
1 0.654544 0.792251 0.249432 0.293631 0.00191403
2 0.0128909 0.5228 0.0252533 0.152081 0.00189686
2 0.0179313 0.551702 0.0358627 0.0728283 0.0018946
1 0.0392819 0.457821 0.0779083 0.337496 0.00188695
2 0.762598 0.54558 0.203935 0.216392 0.00187511
1 0.800175 0.419461 0.0627638 0.0976264 0.00184762
1 0.782966 0.667927 0.222641 0.414782 0.00182219
1 0.599884 0.524588 0.310645 0.245814 0.0017819
2 0.617618 0.492401 0.123676 0.1778 0.00175355
0 0.0200675 0.597811 0.0396745 0.225909 0.00174014
0 0.439045 0.351373 0.22426 0.186299 0.00172467
0 0.068624 0.889739 0.137248 0.220522 0.00171686
0 0.0959682 0.983259 0.191936 0.0328864 0.00171494
2 0.641065 0.503323 0.121171 0.205121 0.00171449
1 0.589625 0.495006 0.286571 0.184052 0.00171316
1 0.823796 0.543546 0.267021 0.223462 0.00170999
1 0.618552 0.660797 0.155826 0.19421 0.00170669
0 0.0732308 0.971445 0.146462 0.0566517 0.00167913
1 0.610519 0.768216 0.150379 0.234003 0.00167624
0 0.46342 0.927069 0.0207186 0.033743 0.00167342
0 0.301009 0.275733 0.0393786 0.0909494 0.00167125
1 0.789298 0.578556 0.34317 0.255799 0.00164492
1 0.587995 0.601481 0.0971037 0.32057 0.00164477
1 0.71366 0.811909 0.123463 0.179126 0.00162663
2 0.624648 0.481452 0.0985428 0.156241 0.00161369
0 0.792006 0.433182 0.0848789 0.127361 0.00159786
1 0.300724 0.219998 0.218472 0.20528 0.00159171
0 0.0606044 0.84705 0.121209 0.305901 0.00156798
1 0.751772 0.624208 0.353337 0.351343 0.0015653
0 0.0774435 0.913435 0.154887 0.17254 0.00155687
1 0.306482 0.246725 0.181436 0.133538 0.00155339
1 0.768088 0.782539 0.283155 0.191852 0.00152199
0 0.664042 0.648909 0.0819383 0.110357 0.00151958
0 0.0120067 0.0580062 0.0237416 0.114255 0.00148293
1 0.372048 0.235989 0.188093 0.149522 0.00147982
0 0.0271311 0.723724 0.0542623 0.487475 0.00147624
0 0.0381202 0.823748 0.0762404 0.303721 0.00147224
0 0.257328 0.779527 0.0301522 0.0503682 0.00147106
1 0.57927 0.705461 0.0816918 0.124017 0.00146442
1 0.325883 0.32569 0.174712 0.244302 0.00146419
0 0.29963 0.969344 0.219311 0.0613114 0.00145071
0 0.84421 0.976898 0.31158 0.0462035 0.00144113
0 0.463649 0.921869 0.0186559 0.0325221 0.00143976
0 0.250996 0.986454 0.0326588 0.0266381 0.00143658
0 0.78649 0.980236 0.305338 0.0395283 0.00142268
0 0.815622 0.412405 0.0783323 0.0951492 0.00141992
0 0.0308262 0.965115 0.0616524 0.0697699 0.00141469
1 0.461692 0.420638 0.375335 0.192667 0.00141341
0 0.251826 0.983018 0.0270914 0.0326056 0.00140975
0 0.0648961 0.953365 0.129792 0.0932708 0.00138743
0 0.0560392 0.991822 0.112078 0.015709 0.00138637
0 0.0517693 0.127339 0.103539 0.254678 0.00137953
0 0.422165 0.385309 0.259791 0.130254 0.00136336
0 0.0174926 0.090263 0.0349851 0.175277 0.00135928
0 0.0762516 0.0214876 0.148556 0.0424954 0.00134534
0 0.173681 0.0148468 0.235288 0.0292279 0.00134017
1 0.635762 0.677122 0.192097 0.18485 0.00133852
0 0.345955 0.962855 0.286009 0.0742904 0.00132811
0 0.288813 0.255439 0.142248 0.11619 0.00132259
0 0.0126614 0.67625 0.0253228 0.51314 0.00131679
2 0.720789 0.796373 0.109992 0.144883 0.00131309
0 0.58857 0.601197 0.0964758 0.326663 0.0013129
0 0.414822 0.941691 0.382872 0.0925078 0.00131266
1 0.306394 0.207463 0.122087 0.225527 0.0013063
0 0.364772 0.898493 0.0669869 0.0834615 0.00130599
1 0.460802 0.353957 0.187946 0.178438 0.00129795
0 0.363269 0.953993 0.067215 0.0880171 0.00128946
0 0.0435285 0.0584384 0.087057 0.116877 0.00128848
0 0.399173 0.21837 0.25901 0.198417 0.00128633
0 0.260781 0.98361 0.31284 0.0327409 0.00128021
0 0.0379994 0.212317 0.0759988 0.424634 0.00124648
1 0.718588 0.850475 0.354646 0.250441 0.00124602
0 0.0824848 0.503994 0.16497 0.231485 0.00124273
1 0.762564 0.806438 0.346557 0.181585 0.00123241
2 0.815684 0.413067 0.0783552 0.0928892 0.0012322
1 0.580309 0.776044 0.0980933 0.274452 0.00122953
0 0.324146 0.214731 0.0622591 0.1088 0.00122168
0 0.939422 0.0665282 0.120684 0.132403 0.00121696
0 0.321782 0.236235 0.0605418 0.0905209 0.00121282
0 0.451913 0.983587 0.2726 0.0328266 0.00121206
0 0.104942 0.992974 0.0985663 0.013495 0.0012107
0 0.958534 0.0709543 0.081596 0.136301 0.00120936
0 0.056717 0.0759858 0.113434 0.148623 0.00120846
0 0.0187967 0.270593 0.0375935 0.541187 0.0012064
0 0.272835 0.977911 0.266382 0.0441789 0.00120327
1 0.727438 0.86134 0.189063 0.27732 0.00119594
0 0.0117944 0.537799 0.0235887 0.106569 0.001178
0 0.234693 0.987229 0.0815043 0.0253901 0.00117065
0 0.0969157 0.0178915 0.193831 0.0349017 0.00116939
0 0.537631 0.983764 0.29372 0.0324715 0.00116828
1 0.715837 0.8619 0.133421 0.27476 0.0011672
0 0.161365 0.930506 0.322731 0.138129 0.00116444
2 0.778746 0.641808 0.272257 0.421133 0.00115119
1 0.803166 0.462514 0.121214 0.191026 0.00114948
