2 0.533049 0.52635 0.71399 0.80415 0.634011
2 0.667461 0.184224 0.173579 0.252323 0.631106
2 0.428233 0.6033 0.404684 0.552671 0.515425
2 0.306473 0.610056 0.423875 0.543086 0.472936
2 0.678023 0.48349 0.314888 0.791926 0.43058
2 0.700057 0.597544 0.263924 0.691863 0.373546
2 0.200861 0.589674 0.3043 0.377906 0.354482
2 0.719487 0.59361 0.224635 0.370323 0.333923
2 0.321727 0.585541 0.546423 0.427326 0.244706
2 0.566047 0.593646 0.549802 0.711082 0.207035
2 0.634365 0.89427 0.187641 0.211461 0.160774
1 0.636148 0.886387 0.188635 0.221321 0.147638
2 0.667019 0.268055 0.191392 0.413669 0.119244
2 0.253545 0.592122 0.205247 0.36695 0.0795925
2 0.633409 0.94396 0.159105 0.112079 0.0607257
2 0.693008 0.892703 0.296146 0.214594 0.0571726
2 0.39414 0.486701 0.209527 0.273474 0.0393816
2 0.614857 0.864419 0.117882 0.152939 0.03887
2 0.354294 0.518611 0.613474 0.709804 0.0386905
2 0.625396 0.669763 0.431166 0.653248 0.0375776
2 0.38217 0.637543 0.634221 0.594225 0.0374673
0 0.331705 0.503162 0.553704 0.67364 0.0311654
2 0.687926 0.681536 0.300857 0.619494 0.0290407
1 0.639469 0.853617 0.184761 0.156191 0.0277219
0 0.484469 0.294493 0.118222 0.233947 0.0248178
2 0.494431 0.660301 0.774469 0.670694 0.0247308
2 0.419306 0.468392 0.129796 0.236225 0.0224059
2 0.59298 0.396008 0.178064 0.263931 0.0223786
2 0.494854 0.674328 0.0897243 0.161995 0.0221587
2 0.487018 0.293978 0.120068 0.234128 0.0219636
2 0.278244 0.689858 0.460377 0.593071 0.0218431
2 0.649991 0.21368 0.216417 0.313029 0.0217564
2 0.40773 0.413875 0.101995 0.126304 0.0215598
2 0.207731 0.698537 0.323416 0.588785 0.0176104
2 0.666728 0.156188 0.121218 0.177512 0.0173003
2 0.53913 0.372272 0.600813 0.503578 0.0152376
2 0.613791 0.938077 0.128415 0.123846 0.015007
2 0.741313 0.845272 0.422102 0.307572 0.0120503
2 0.54105 0.387885 0.237114 0.285458 0.012017
2 0.382728 0.694258 0.160564 0.32901 0.01182
2 0.600664 0.866703 0.521323 0.266595 0.0117816
2 0.705554 0.71651 0.415864 0.550717 0.0113536
2 0.523976 0.314972 0.486138 0.507638 0.0113224
2 0.375119 0.398532 0.426062 0.461599 0.0109251
2 0.371624 0.634217 0.192969 0.386845 0.00950625
1 0.63225 0.923528 0.181883 0.152944 0.00894195
1 0.487406 0.36098 0.119647 0.367713 0.00844976
2 0.697251 0.187428 0.263408 0.30557 0.00843955
1 0.646405 0.85409 0.168518 0.119784 0.00831369
2 0.448575 0.294519 0.19752 0.237194 0.00822205
2 0.74776 0.218592 0.363026 0.3931 0.00809356
1 0.723457 0.366589 0.109627 0.249849 0.00785333
2 0.389328 0.468881 0.163662 0.236612 0.00778819
2 0.768098 0.631233 0.443598 0.699825 0.00747473
2 0.720827 0.491417 0.310026 0.694911 0.0073913
1 0.746735 0.202338 0.489661 0.387282 0.007381
1 0.699024 0.869751 0.0655503 0.0861645 0.0073478
1 0.751616 0.310543 0.470084 0.576449 0.00718239
1 0.384419 0.726102 0.155987 0.317242 0.00700412
2 0.660888 0.94525 0.119855 0.107887 0.00654798
1 0.465457 0.362689 0.173861 0.387175 0.00644707
0 0.367204 0.452157 0.734408 0.655609 0.00644144
1 0.746849 0.430334 0.445279 0.800031 0.00623873
2 0.602733 0.852826 0.109423 0.123735 0.006117
2 0.454302 0.343265 0.794813 0.576676 0.00595561
0 0.446316 0.25783 0.638373 0.392446 0.0059303
1 0.268021 0.60022 0.20151 0.356673 0.00589922
2 0.634605 0.855324 0.11739 0.15132 0.00580073
1 0.536344 0.365959 0.240499 0.349445 0.00579188
1 0.645972 0.223687 0.226767 0.332547 0.0057362
1 0.482373 0.389978 0.182945 0.283315 0.00573607
2 0.810865 0.553872 0.353479 0.731659 0.00562585
0 0.232224 0.683069 0.420357 0.570681 0.00556909
1 0.209152 0.686226 0.410736 0.579244 0.00556105
1 0.738778 0.170461 0.342442 0.323315 0.00551591
1 0.595453 0.441708 0.18055 0.359855 0.00548846
0 0.452806 0.292093 0.192455 0.242841 0.00542005
2 0.693544 0.866477 0.0770484 0.0982278 0.00540772
2 0.676347 0.144252 0.0968823 0.148933 0.00537687
1 0.675543 0.259523 0.201847 0.379951 0.00530064
2 0.738318 0.443781 0.424842 0.820535 0.00502843
0 0.668267 0.162169 0.165715 0.213831 0.00490894
0 0.169006 0.686361 0.314478 0.567707 0.00488286
2 0.3981 0.370612 0.548158 0.482861 0.00479035
2 0.452774 0.357395 0.193655 0.369706 0.00478812
2 0.785354 0.928684 0.395727 0.142632 0.00463303
2 0.595668 0.319893 0.118947 0.111923 0.00457966
1 0.724804 0.333172 0.102171 0.178089 0.00450689
2 0.466581 0.456493 0.0698007 0.118474 0.00450546
0 0.303913 0.351876 0.603565 0.497151 0.00440928
1 0.644324 0.806804 0.17584 0.228348 0.00434212
0 0.198416 0.558574 0.313024 0.438351 0.00430472
2 0.445177 0.46654 0.186685 0.255591 0.00422184
0 0.408936 0.439479 0.104519 0.181813 0.00412147
1 0.788547 0.500036 0.399014 0.800303 0.00406846
2 0.472466 0.461134 0.0527876 0.10151 0.00396505
1 0.744742 0.429586 0.159554 0.368134 0.00395023
1 0.428869 0.73111 0.248058 0.314075 0.0039469
2 0.0983389 0.680659 0.196678 0.583981 0.00394123
2 0.466706 0.853148 0.584275 0.253125 0.00392638
1 0.717179 0.604724 0.225668 0.348578 0.00389946
1 0.655918 0.386941 0.2521 0.315011 0.00384557
0 0.421845 0.288892 0.843691 0.470033 0.00382439
2 0.540058 0.922645 0.466006 0.15471 0.00382184
2 0.724222 0.336866 0.101974 0.180759 0.00372761
2 0.788352 0.164271 0.414263 0.321669 0.0037276
2 0.819952 0.857295 0.346173 0.253294 0.0037178
0 0.818082 0.0243469 0.0481458 0.0486938 0.00370242
2 0.428351 0.690341 0.246056 0.361977 0.00369157
0 0.496884 0.678838 0.0861361 0.154988 0.00366174
2 0.856426 0.969761 0.261764 0.0604774 0.00365478
2 0.229489 0.693652 0.0730283 0.148255 0.00359394
2 0.643688 0.702492 0.0829363 0.17404 0.0035855
0 0.712538 0.150152 0.342512 0.300304 0.00358525
0 0.14616 0.765326 0.291044 0.418084 0.00350547
0 0.388611 0.346186 0.777222 0.562066 0.00349566
2 0.369393 0.830234 0.479384 0.294028 0.00347058
2 0.937129 0.594206 0.119878 0.612603 0.0034669
2 0.46035 0.963236 0.366811 0.0735288 0.0034622
1 0.830949 0.537511 0.335265 0.692857 0.00343707
0 0.100444 0.69326 0.200889 0.553459 0.00338165
2 0.562415 0.404256 0.111254 0.211697 0.00337205
2 0.376686 0.710351 0.130347 0.196007 0.0033586
2 0.633695 0.849235 0.0891602 0.139689 0.00335792
1 0.940615 0.539956 0.113629 0.638481 0.00334863
1 0.401787 0.628371 0.198182 0.434414 0.00332624
2 0.900073 0.15806 0.199855 0.310592 0.00329403
0 0.480775 0.201751 0.583462 0.307369 0.00325342
2 0.925208 0.960146 0.149583 0.0797071 0.00325302
1 0.442642 0.434282 0.203109 0.252151 0.00324047
0 0.105811 0.83617 0.211622 0.296623 0.00323808
0 0.332253 0.755356 0.52413 0.437584 0.00323528
2 0.382681 0.282672 0.733276 0.522225 0.00319315
1 0.39135 0.496285 0.225028 0.29491 0.00318547
0 0.13229 0.651392 0.26458 0.568186 0.00317489
2 0.829162 0.645762 0.341677 0.639203 0.00316606
1 0.787822 0.146264 0.419176 0.292528 0.00315929
0 0.639304 0.152912 0.262597 0.305824 0.00313617
1 0.32975 0.665999 0.262653 0.328002 0.00312063
0 0.685834 0.188757 0.139607 0.24456 0.0031186
1 0.70898 0.315984 0.135945 0.256207 0.00311301
2 0.936126 0.691719 0.122615 0.540411 0.00311179
2 0.473673 0.443181 0.0661049 0.143983 0.00310743
1 0.641672 0.946136 0.181414 0.107729 0.00310206
2 0.89338 0.116371 0.21324 0.232742 0.00306135
1 0.810228 0.262008 0.378249 0.479878 0.0030518
1 0.562147 0.672095 0.2615 0.337481 0.00303782
2 0.401758 0.971015 0.361419 0.0579693 0.00302866
1 0.81347 0.188843 0.37198 0.365688 0.00300802
1 0.81448 0.409852 0.369958 0.703773 0.00299967
1 0.535212 0.43894 0.208779 0.354893 0.00298499
0 0.089149 0.958331 0.178298 0.0833383 0.00297383
2 0.89215 0.973882 0.212738 0.052235 0.00296323
2 0.848373 0.154524 0.300835 0.299586 0.00295756
1 0.476051 0.469611 0.0464389 0.0838193 0.00292744
0 0.826331 0.139575 0.347337 0.27915 0.00291345
0 0.0868106 0.561149 0.173621 0.524388 0.00290127
2 0.932265 0.261506 0.134655 0.458809 0.00288844
0 0.174598 0.978871 0.326405 0.0422577 0.00287884
0 0.859702 0.1211 0.280596 0.2422 0.00287237
2 0.179069 0.538569 0.256256 0.272621 0.00285856
1 0.936829 0.37652 0.12565 0.586111 0.00285498
1 0.165827 0.601353 0.224399 0.354728 0.00282854
0 0.676781 0.19575 0.197027 0.251548 0.00282701
1 0.490573 0.664134 0.104762 0.191341 0.00282414
1 0.677392 0.638053 0.269587 0.330893 0.00280146
2 0.169563 0.182256 0.335618 0.337481 0.0027813
0 0.440281 0.819911 0.0268278 0.0327369 0.00277385
2 0.482082 0.287903 0.0914404 0.213454 0.00277021
0 0.372367 0.977204 0.395816 0.0455927 0.00276564
0 0.103443 0.116914 0.206886 0.233828 0.00275567
0 0.415198 0.206302 0.830395 0.361625 0.00275298
0 0.135481 0.974785 0.27039 0.0504302 0.00275232
2 0.258232 0.194367 0.516463 0.356546 0.0027303
0 0.138836 0.109768 0.277671 0.219535 0.00270389
0 0.319751 0.980351 0.407646 0.039298 0.00269554
2 0.682821 0.183075 0.137985 0.195782 0.00269129
0 0.54945 0.14702 0.484387 0.294039 0.00268577
2 0.717453 0.521564 0.225384 0.482175 0.00266217
2 0.356936 0.23961 0.713871 0.43598 0.00265811
1 0.737108 0.629832 0.1873 0.29427 0.00265114
0 0.215862 0.15119 0.400496 0.279377 0.00263966
0 0.0851699 0.171417 0.17034 0.330038 0.00263529
0 0.143671 0.143381 0.287342 0.270527 0.00262151
0 0.37936 0.466362 0.186962 0.236814 0.00260285
2 0.340977 0.179521 0.609595 0.355447 0.00259678
0 0.920452 0.865105 0.159095 0.24781 0.00258239
0 0.226508 0.107686 0.412223 0.215372 0.00257425
2 0.0795981 0.251865 0.159196 0.420879 0.00257339
0 0.325565 0.115131 0.410008 0.230262 0.00254446
1 0.312772 0.616918 0.262663 0.367235 0.00253456
2 0.876721 0.874026 0.238363 0.221538 0.00253355
1 0.489767 0.695091 0.118546 0.241636 0.0025149
0 0.0696745 0.309754 0.139349 0.485613 0.00251476
2 0.680099 0.614227 0.295311 0.377325 0.00251157
0 0.0724369 0.403489 0.144874 0.576851 0.00250444
2 0.882618 0.799808 0.233319 0.357185 0.00248935
2 0.257417 0.273696 0.510526 0.486516 0.00245165
0 0.405741 0.129595 0.474445 0.259189 0.00242501
2 0.214555 0.60052 0.18278 0.35327 0.00241285
0 0.158626 0.265101 0.317252 0.478983 0.00240815
1 0.602868 0.908465 0.116885 0.18307 0.00240117
1 0.623003 0.641867 0.172352 0.324212 0.00239491
2 0.489476 0.657456 0.108466 0.231091 0.00238682
1 0.438269 0.286801 0.249489 0.243743 0.00236669
1 0.63913 0.78979 0.199019 0.308112 0.00236582
0 0.110714 0.254017 0.221429 0.459845 0.00234782
2 0.804698 0.776528 0.389031 0.402144 0.00234423
2 0.756539 0.638252 0.146102 0.283676 0.00234283
2 0.538711 0.643012 0.20445 0.267283 0.00231297
2 0.338469 0.494724 0.100994 0.0911414 0.00228726
1 0.445278 0.4958 0.26883 0.32823 0.00226494
2 0.653891 0.856523 0.138037 0.120021 0.00224074
2 0.477552 0.472201 0.0432238 0.0797149 0.00222484
2 0.719229 0.315883 0.113891 0.251413 0.00221009
1 0.652005 0.293379 0.251716 0.42434 0.00220145
1 0.681589 0.593705 0.307126 0.404766 0.0021458
0 0.755249 0.61981 0.146632 0.324542 0.00209462
2 0.632704 0.86213 0.17647 0.169419 0.0020868
0 0.0955575 0.607931 0.0811568 0.0733571 0.00205203
1 0.570972 0.446074 0.13607 0.3351 0.00200102
2 0.675607 0.949933 0.0920868 0.100133 0.00195972
2 0.420539 0.495052 0.102627 0.155953 0.00193341
0 0.759601 0.558702 0.137982 0.252042 0.00192975
1 0.674843 0.827386 0.313915 0.178582 0.00192813
2 0.639204 0.91505 0.137188 0.169899 0.00192037
2 0.671402 0.866559 0.117579 0.100015 0.00191524
0 0.0979546 0.597177 0.0910247 0.104163 0.00190427
1 0.600594 0.39398 0.174149 0.273547 0.00187516
2 0.178072 0.648735 0.193109 0.250886 0.00184747
1 0.610305 0.775394 0.255763 0.345351 0.00181517
1 0.450453 0.331091 0.226808 0.32829 0.00179976
0 0.541684 0.302898 0.227729 0.249275 0.00179582
1 0.537488 0.615514 0.206443 0.338919 0.00179473
2 0.654055 0.730587 0.0634563 0.141908 0.00178817
2 0.47907 0.421437 0.0908884 0.195137 0.00178791
2 0.677002 0.216977 0.126045 0.170228 0.00177638
1 0.602736 0.31396 0.108601 0.131318 0.00177334
0 0.473863 0.288357 0.0746004 0.205952 0.00175604
1 0.734199 0.481642 0.19556 0.472071 0.00174055
1 0.283051 0.687359 0.281449 0.264771 0.00173959
0 0.0146547 0.964797 0.0292406 0.0667029 0.00169715
1 0.544353 0.687734 0.237611 0.268786 0.00167811
1 0.695572 0.769132 0.262488 0.3267 0.00167529
0 0.440975 0.279582 0.258115 0.257775 0.00165524
1 0.494078 0.48 0.258573 0.38139 0.00162988
0 0.652659 0.136883 0.14101 0.148675 0.00162257
1 0.446567 0.586495 0.238878 0.43164 0.00161974
0 0.264895 0.55202 0.21716 0.297408 0.00161271
1 0.507841 0.752793 0.101949 0.148156 0.0016123
1 0.435517 0.644424 0.219633 0.41582 0.00158759
2 0.364384 0.620019 0.0842923 0.136893 0.00158549
2 0.504987 0.661774 0.0720075 0.167789 0.00158392
1 0.612051 0.325535 0.143771 0.186531 0.00158289
1 0.395809 0.799614 0.145697 0.110752 0.00157495
2 0.444721 0.784801 0.0392719 0.105364 0.00156584
1 0.571518 0.745278 0.257959 0.423648 0.00156555
2 0.340219 0.624485 0.11906 0.144981 0.00155883
0 0.490873 0.251665 0.122554 0.16266 0.00155231
1 0.675843 0.898259 0.324533 0.165947 0.00154074
0 0.811687 0.0297634 0.0568068 0.0595267 0.00153552
1 0.519278 0.577979 0.220113 0.393989 0.00152426
1 0.638011 0.462761 0.278758 0.396064 0.00151646
1 0.449742 0.554291 0.319356 0.445869 0.0014743
0 0.732967 0.133639 0.226092 0.248764 0.00146107
0 0.747211 0.486645 0.169321 0.394 0.00146076
2 0.71303 0.682648 0.37375 0.215664 0.00144912
2 0.0970796 0.598823 0.0849969 0.0969998 0.00142366
1 0.252779 0.640396 0.169774 0.261633 0.00142164
0 0.341397 0.453055 0.11038 0.204102 0.00142156
1 0.677563 0.864729 0.314612 0.119653 0.00141381
2 0.562594 0.325016 0.0519121 0.103929 0.00141193
2 0.570159 0.380913 0.17434 0.307141 0.00140736
1 0.707686 0.651227 0.214223 0.295102 0.00140571
2 0.679062 0.95956 0.114765 0.0808796 0.00140062
2 0.593407 0.349193 0.118177 0.183443 0.00139684
1 0.167218 0.661923 0.24069 0.235484 0.00139562
1 0.311351 0.715386 0.287087 0.364456 0.0013918
2 0.596931 0.944118 0.107989 0.111764 0.00139122
2 0.65203 0.843418 0.0926241 0.138907 0.00138867
1 0.504363 0.726942 0.10148 0.206941 0.00136656
0 0.0104538 0.955981 0.020668 0.0763793 0.00136311
1 0.959834 0.0693576 0.0782699 0.137493 0.00134471
2 0.723144 0.326426 0.107277 0.114932 0.00133093
2 0.227943 0.581043 0.128957 0.155242 0.00132792
0 0.339552 0.483692 0.102532 0.130904 0.00132461
1 0.266086 0.683018 0.178556 0.181385 0.00132326
1 0.421908 0.773723 0.274577 0.223136 0.00131376
2 0.225677 0.65291 0.135391 0.23767 0.00130861
2 0.43727 0.873609 0.267993 0.221072 0.00129929
2 0.389017 0.874347 0.169927 0.2306 0.00129827
2 0.249595 0.530647 0.182493 0.251025 0.00129646
0 0.471346 0.228871 0.0511671 0.0988361 0.00129383
1 0.740783 0.776416 0.209579 0.302277 0.00129049
1 0.778335 0.644565 0.311068 0.278276 0.00128319
0 0.0161883 0.956183 0.0321731 0.0876344 0.00128
2 0.816939 0.0147514 0.0534693 0.0295028 0.00127967
2 0.485733 0.398855 0.101297 0.158264 0.00124929
1 0.765255 0.394515 0.203437 0.27195 0.00124413
0 0.011796 0.618253 0.023592 0.54523 0.00124396
