1 0.309267 0.432287 0.482688 0.730663 0.95009
1 0.306137 0.569499 0.493802 0.755134 0.291809
1 0.323892 0.674271 0.459207 0.555892 0.0694894
1 0.265808 0.542968 0.37193 0.480407 0.0491344
1 0.409962 0.569765 0.634052 0.757908 0.0334903
0 0.802917 0.967018 0.0442979 0.063638 0.0323784
1 0.666207 0.539407 0.667585 0.825766 0.0322602
0 0.636351 0.0604927 0.0393157 0.0976085 0.0309364
0 0.81491 0.962506 0.0615564 0.0716177 0.0294056
0 0.45272 0.957599 0.0487541 0.0536636 0.0268334
1 0.238116 0.433548 0.323668 0.740422 0.02507
1 0.842705 0.534387 0.309632 0.809761 0.0244533
1 0.440888 0.643778 0.516833 0.611561 0.0196865
0 0.297768 0.0177868 0.024797 0.0355736 0.0178048
0 0.443796 0.0605598 0.142908 0.12112 0.0141898
2 0.634798 0.0602946 0.0399443 0.0977582 0.014105
0 0.897492 0.48994 0.201133 0.857603 0.0130958
1 0.225357 0.576883 0.29283 0.447057 0.0123386
1 0.58225 0.468734 0.826266 0.900241 0.0119596
0 0.935364 0.487016 0.129205 0.736796 0.011411
1 0.53888 0.259704 0.863263 0.519408 0.0111498
0 0.0201119 0.80066 0.0308709 0.0512809 0.0107723
1 0.341889 0.323323 0.577369 0.531672 0.0105308
0 0.0239961 0.802201 0.0224553 0.0472902 0.0103487
1 0.62409 0.640292 0.626927 0.643938 0.0103025
0 0.797784 0.981723 0.024459 0.0332185 0.0102411
1 0.402922 0.273994 0.708362 0.527505 0.00931881
1 0.478204 0.16317 0.798436 0.322435 0.00925145
0 0.7916 0.977379 0.051073 0.0430798 0.00862127
1 0.383633 0.718127 0.444802 0.502785 0.00655696
1 0.3934 0.852932 0.434778 0.251755 0.00640779
1 0.324157 0.375961 0.435156 0.532547 0.00615504
1 0.76892 0.63339 0.450505 0.673294 0.00580238
1 0.631867 0.229279 0.640337 0.458558 0.00580061
0 0.476794 0.0609072 0.115348 0.121814 0.00576397
1 0.443044 0.833014 0.156005 0.2992 0.00575714
0 0.639396 0.0597422 0.0270445 0.101523 0.00561652
0 0.271244 0.0391346 0.0802718 0.0782691 0.00542179
0 0.292955 0.0253453 0.0350002 0.0506906 0.00533519
1 0.868085 0.444577 0.257461 0.873151 0.00531809
1 0.682243 0.138656 0.43874 0.275324 0.00525644
1 0.423246 0.82063 0.466812 0.322681 0.00514329
0 0.837869 0.960257 0.110066 0.0747142 0.00512651
1 0.317039 0.858768 0.459499 0.234795 0.00510389
1 0.590063 0.774248 0.62113 0.39191 0.00505967
1 0.750668 0.216314 0.4897 0.432628 0.0049263
1 0.678122 0.348614 0.626143 0.697227 0.00489492
1 0.518985 0.737807 0.601894 0.463639 0.00485366
1 0.547325 0.0991664 0.580107 0.198333 0.00477148
1 0.2516 0.480711 0.503199 0.835003 0.00468875
1 0.881549 0.962264 0.218017 0.0754716 0.00463854
1 0.124566 0.452144 0.247452 0.784402 0.00461931
1 0.208241 0.320356 0.270391 0.499487 0.00459515
1 0.230418 0.653717 0.460835 0.640504 0.0045026
0 0.794574 0.981374 0.0397559 0.0353322 0.00446232
0 0.949199 0.366685 0.101042 0.615207 0.0044513
0 0.432884 0.0530262 0.0907209 0.106052 0.00443032
1 0.882355 0.899501 0.22775 0.184084 0.00442762
1 0.797435 0.329281 0.398974 0.654754 0.00437338
0 0.279729 0.0343508 0.0643625 0.0687016 0.0043095
1 0.413374 0.362349 0.641717 0.596866 0.00427241
1 0.765145 0.15234 0.442623 0.304681 0.00424729
1 0.802021 0.974336 0.372084 0.0513284 0.00423695
1 0.611932 0.877187 0.477193 0.202482 0.00423379
1 0.202843 0.216471 0.159912 0.270683 0.00422866
1 0.940767 0.55987 0.116116 0.763044 0.00419704
1 0.681777 0.88822 0.486066 0.181052 0.00418753
1 0.767227 0.980376 0.389738 0.0392474 0.00410981
1 0.079981 0.5364 0.159767 0.727303 0.00407078
1 0.627412 0.979625 0.406398 0.040751 0.00406958
1 0.700403 0.709177 0.577271 0.529362 0.00405829
1 0.419054 0.117996 0.574036 0.235992 0.00405127
1 0.698165 0.981444 0.383028 0.0371111 0.00402874
1 0.29582 0.237964 0.557233 0.449613 0.00402607
1 0.355869 0.976881 0.367719 0.0462377 0.00401444
1 0.403205 0.96877 0.417512 0.0624607 0.00397181
1 0.0712006 0.624947 0.141417 0.577568 0.00395993
0 0.665077 0.0592288 0.093323 0.108111 0.0039599
1 0.782634 0.728396 0.420123 0.491648 0.00394312
1 0.626283 0.0870373 0.594777 0.174075 0.00393088
2 0.563481 0.969073 0.447077 0.0618535 0.00392582
1 0.803337 0.831605 0.378994 0.313832 0.00388204
1 0.790315 0.899037 0.408866 0.183114 0.00388083
1 0.331759 0.123247 0.505484 0.246494 0.00382807
1 0.546457 0.838289 0.48278 0.284043 0.00376984
2 0.802107 0.165282 0.384293 0.330565 0.00371708
1 0.878477 0.335892 0.235945 0.665371 0.0036539
1 0.70286 0.814584 0.575496 0.34465 0.00362779
2 0.462613 0.0567663 0.146664 0.113533 0.00361931
0 0.421403 0.0605258 0.110784 0.121052 0.00358467
1 0.85306 0.733938 0.287429 0.483473 0.00355362
1 0.70698 0.0982689 0.413056 0.196538 0.00355247
1 0.85931 0.804611 0.273759 0.369862 0.00351518
1 0.531062 0.933449 0.415227 0.133101 0.00348905
1 0.751891 0.117642 0.408294 0.235284 0.00347791
0 0.887295 0.888359 0.223327 0.200744 0.00346301
1 0.419586 0.911346 0.487446 0.177309 0.00345033
1 0.475173 0.881629 0.434375 0.236742 0.00344688
2 0.929583 0.960258 0.140833 0.0794835 0.00344373
1 0.394688 0.73865 0.258673 0.416851 0.00342405
0 0.93294 0.859633 0.13325 0.259702 0.00335742
2 0.935771 0.169393 0.127357 0.338787 0.00334501
1 0.949434 0.213317 0.100071 0.424606 0.00329008
2 0.214 0.161962 0.428 0.272439 0.00328835
1 0.281744 0.18648 0.560625 0.326231 0.00327
1 0.143736 0.350987 0.287021 0.578418 0.0032663
1 0.193726 0.169338 0.387452 0.292129 0.00325717
2 0.951352 0.695198 0.0954861 0.518666 0.00324427
1 0.400706 0.392642 0.287236 0.347328 0.00324397
0 0.80222 0.968646 0.0643854 0.0627077 0.00323703
0 0.614001 0.0584873 0.0758654 0.106897 0.00319639
0 0.0164927 0.805062 0.0304915 0.0627554 0.00318395
0 0.947967 0.802481 0.103153 0.359717 0.00317329
2 0.920712 0.131239 0.158575 0.262477 0.00316308
1 0.168655 0.675524 0.337311 0.582597 0.00312532
1 0.923546 0.286774 0.152907 0.533568 0.00312027
1 0.436858 0.784797 0.163706 0.317763 0.00311528
0 0.20159 0.296491 0.359053 0.461826 0.00305649
1 0.856749 0.198295 0.286445 0.393299 0.00305459
0 0.119342 0.85493 0.237976 0.249796 0.00303216
0 0.103242 0.693738 0.205348 0.547936 0.00299393
0 0.872273 0.813438 0.254386 0.345461 0.00297137
0 0.188844 0.732834 0.35699 0.480959 0.00291165
2 0.178404 0.113732 0.356809 0.227464 0.00290881
1 0.186629 0.275903 0.205101 0.408151 0.00289929
1 0.207003 0.220339 0.414006 0.390659 0.00289705
0 0.100331 0.963368 0.200661 0.0732636 0.00289143
0 0.298329 0.978316 0.435713 0.0433683 0.00288423
1 0.161437 0.14103 0.322873 0.282059 0.00287086
0 0.441954 0.0891196 0.190496 0.177559 0.00286118
0 0.240393 0.262427 0.480787 0.417808 0.00283051
1 0.264917 0.296325 0.529834 0.475533 0.00282909
1 0.253779 0.115109 0.498705 0.230218 0.00280773
0 0.86159 0.12177 0.27682 0.24354 0.00278837
1 0.388413 0.441613 0.310469 0.222079 0.00274634
0 0.275843 0.815396 0.463927 0.321735 0.00274019
0 0.241112 0.980862 0.413861 0.0382753 0.00270832
2 0.459434 0.948088 0.0533126 0.0644467 0.00270805
0 0.180706 0.981301 0.323611 0.0373975 0.00268197
0 0.8602 0.933488 0.159809 0.120459 0.0025758
1 0.377383 0.438819 0.31689 0.397964 0.00242687
1 0.466472 0.857519 0.105939 0.251414 0.0023987
1 0.458122 0.9407 0.0582756 0.0820159 0.00239402
0 0.0192191 0.816625 0.0371121 0.0999681 0.00234906
0 0.507023 0.032798 0.0506079 0.065596 0.00233897
1 0.274853 0.285144 0.336664 0.395076 0.00228601
0 0.0294285 0.801213 0.0513943 0.0552229 0.00218461
2 0.169922 0.191186 0.210461 0.225414 0.00209088
0 0.026195 0.0407004 0.051631 0.0808044 0.00204625
0 0.964024 0.302402 0.071951 0.581895 0.00204103
1 0.69753 0.0603805 0.158774 0.111262 0.00199875
0 0.307783 0.0210985 0.0499906 0.042197 0.0019288
0 0.628156 0.0597882 0.0545546 0.103617 0.00191624
0 0.0194189 0.0618977 0.0385576 0.118931 0.00191112
1 0.449456 0.874772 0.153742 0.202093 0.00186181
1 0.445371 0.732575 0.154559 0.409413 0.00185504
0 0.858415 0.863959 0.205916 0.253767 0.00178282
1 0.456551 0.819842 0.272927 0.262582 0.00177302
2 0.95689 0.395771 0.0862205 0.538038 0.00176804
2 0.443784 0.0300627 0.0517303 0.0601255 0.00173802
1 0.449106 0.053749 0.172352 0.107498 0.0017169
1 0.160026 0.210453 0.296742 0.263519 0.0016914
0 0.0164105 0.870599 0.0326939 0.22463 0.00162748
2 0.413891 0.0665521 0.136671 0.132863 0.00159954
0 0.960518 0.396031 0.0787372 0.489359 0.00158712
0 0.815052 0.979436 0.0685232 0.0411289 0.00158019
0 0.782757 0.979244 0.0613022 0.0384103 0.00157485
0 0.0284461 0.806068 0.0362111 0.0586066 0.00156433
0 0.414376 0.081338 0.144582 0.161769 0.00155758
1 0.597785 0.0575467 0.112234 0.115093 0.0015436
0 0.839689 0.979118 0.116056 0.0417648 0.00154098
1 0.161551 0.297516 0.160127 0.414468 0.00153526
1 0.550227 0.061761 0.25921 0.123522 0.00153127
0 0.0297228 0.0836139 0.0594456 0.156019 0.00153098
0 0.031576 0.262855 0.0631521 0.371236 0.00153059
0 0.739937 0.0253839 0.0471453 0.0503061 0.00152158
1 0.395835 0.535531 0.298345 0.224201 0.00149876
2 0.458628 0.880643 0.122153 0.205111 0.00148821
0 0.0272073 0.187793 0.0544145 0.272352 0.0014825
0 0.286494 0.0177738 0.0663295 0.0355476 0.00148093
0 0.478886 0.399083 0.136303 0.313445 0.00146603
0 0.323675 0.0162803 0.0841154 0.0325605 0.00146042
0 0.684012 0.0614312 0.158566 0.106453 0.00144873
0 0.445762 0.0430253 0.0641613 0.0860506 0.00144865
2 0.201928 0.182471 0.140253 0.208941 0.00144687
0 0.599411 0.0568471 0.108296 0.111429 0.00144456
0 0.0116959 0.332255 0.0233918 0.474081 0.00144443
0 0.0507648 0.153076 0.10153 0.306151 0.00144351
1 0.250924 0.347711 0.337533 0.481352 0.00143924
0 0.931702 0.357016 0.136115 0.364162 0.00141321
0 0.920191 0.390059 0.159618 0.235272 0.00141124
0 0.020452 0.311452 0.040904 0.456299 0.00141122
0 0.0188762 0.0400262 0.0361665 0.0800525 0.0014033
0 0.419026 0.027198 0.0968943 0.054396 0.0013953
0 0.0343508 0.675294 0.0687015 0.367551 0.00139124
0 0.0184903 0.842735 0.0369805 0.302331 0.00137574
1 0.392761 0.578632 0.316439 0.377604 0.00137072
0 0.0411038 0.210455 0.0701531 0.0974662 0.00136858
1 0.956033 0.0668092 0.0868241 0.133618 0.00136187
1 0.420794 0.619701 0.256048 0.467182 0.00135433
1 0.330582 0.358935 0.37935 0.275242 0.00134969
2 0.27562 0.0115221 0.0746652 0.0230441 0.00134966
0 0.959579 0.846184 0.0794991 0.30163 0.00134389
0 0.304506 0.0200687 0.0352775 0.0401375 0.00134013
1 0.369615 0.697291 0.332384 0.492337 0.00133705
1 0.18233 0.366355 0.197002 0.574188 0.00133674
1 0.341508 0.463973 0.289395 0.345229 0.00131423
1 0.379285 0.524918 0.337381 0.367027 0.00131349
1 0.482206 0.0649388 0.287266 0.129878 0.00131302
1 0.711589 0.0727821 0.240705 0.134346 0.00131164
2 0.645171 0.0550411 0.0948713 0.110082 0.00131046
0 0.904999 0.975646 0.032148 0.0413915 0.00131024
0 0.962081 0.783867 0.0758381 0.432265 0.00130935
1 0.380117 0.466653 0.324463 0.155259 0.001309
0 0.0308577 0.786658 0.0552694 0.0878108 0.00129958
1 0.4667 0.114625 0.241548 0.22925 0.00129503
1 0.946841 0.476491 0.105969 0.587834 0.00128214
1 0.290824 0.387151 0.475344 0.385314 0.00126935
0 0.459063 0.0479293 0.103107 0.0958586 0.00126845
1 0.30228 0.304289 0.453168 0.39352 0.00126697
1 0.215449 0.659092 0.163993 0.276531 0.00126348
2 0.197974 0.588131 0.215165 0.427442 0.00126139
2 0.953251 0.129956 0.0932894 0.259911 0.00125652
2 0.958284 0.0726662 0.0834323 0.145332 0.00125554
0 0.432951 0.0222517 0.0487806 0.0445034 0.00125548
0 0.46244 0.440788 0.178659 0.228368 0.0012529
1 0.417994 0.0638619 0.122098 0.127724 0.00124993
2 0.399612 0.462713 0.320607 0.171953 0.0012377
1 0.506069 0.0323862 0.0523061 0.0647725 0.00123724
1 0.23553 0.042461 0.148492 0.084922 0.00123572
0 0.441924 0.385861 0.208508 0.337925 0.00123526
0 0.872507 0.434307 0.254986 0.265142 0.00123244
1 0.467127 0.927147 0.16009 0.111242 0.00123003
2 0.270365 0.0385598 0.0819345 0.0771196 0.00122849
0 0.0407575 0.209664 0.0794603 0.127596 0.00122655
2 0.459808 0.954165 0.0735779 0.0604394 0.00121692
1 0.623577 0.0517001 0.155556 0.1034 0.00121592
0 0.046487 0.0578963 0.0910208 0.110191 0.00121333
0 0.964103 0.701362 0.0717942 0.597275 0.00121195
2 0.47209 0.80921 0.225795 0.257713 0.0011935
0 0.916049 0.35181 0.167901 0.276155 0.00118947
0 0.791738 0.98475 0.117936 0.0305001 0.00118499
0 0.428583 0.936884 0.100169 0.103481 0.00117496
1 0.953673 0.0965294 0.0924003 0.193059 0.00117186
0 0.0594413 0.868923 0.11838 0.233995 0.00116391
1 0.463107 0.62064 0.199543 0.438939 0.00116312
2 0.289585 0.0101735 0.0662016 0.0203469 0.00116046
1 0.750343 0.0565671 0.101001 0.109899 0.00115568
0 0.500995 0.0227944 0.0723417 0.0455888 0.00115532
0 0.826442 0.110881 0.137967 0.220536 0.00115471
2 0.506658 0.0249714 0.0554389 0.0499428 0.00115403
2 0.46364 0.0141234 0.144702 0.0282468 0.00115162
0 0.939312 0.901067 0.0768585 0.116617 0.00114988
1 0.231703 0.204729 0.223565 0.255557 0.00114613
1 0.420906 0.994527 0.132334 0.0109453 0.00114292
1 0.434228 0.693222 0.202992 0.483323 0.0011412
0 0.981807 0.440934 0.0363859 0.260097 0.00113847
0 0.205562 0.190415 0.145589 0.226752 0.00113801
0 0.025192 0.653463 0.0503839 0.483732 0.00112935
0 0.0110362 0.550361 0.0220725 0.609753 0.00112732
1 0.452609 0.547089 0.37303 0.277064 0.00112627
1 0.169144 0.515484 0.187163 0.293393 0.00111836
2 0.469389 0.0275394 0.130932 0.0550789 0.00111787
1 0.933982 0.438796 0.131516 0.424035 0.00111013
1 0.320205 0.675912 0.460263 0.362884 0.00110912
2 0.463105 0.875758 0.318298 0.208724 0.00110048
2 0.212174 0.669197 0.155139 0.255116 0.00109995
2 0.639713 0.0498957 0.0501755 0.0956694 0.00109695
0 0.9659 0.254785 0.0681999 0.509569 0.00109627
1 0.431902 0.551197 0.277288 0.254906 0.00109246
0 0.950343 0.281668 0.0981102 0.311976 0.00109035
0 0.959982 0.886815 0.078969 0.196702 0.0010897
1 0.322244 0.0552771 0.170192 0.110554 0.00108211
0 0.0457549 0.161144 0.0899509 0.208184 0.00107682
0 0.800429 0.0805543 0.178343 0.161109 0.00107474
2 0.401018 0.101222 0.171957 0.201339 0.00107274
2 0.960371 0.498227 0.0790451 0.734285 0.0010714
2 0.957028 0.230941 0.0859433 0.461882 0.00107064
0 0.930856 0.429621 0.137113 0.280633 0.00106982
1 0.304362 0.635363 0.392628 0.309471 0.00106805
2 0.45411 0.0251055 0.171984 0.050211 0.00106562
0 0.0116944 0.429576 0.0233888 0.55617 0.00106514
0 0.83889 0.470993 0.322219 0.272211 0.0010626
0 0.859031 0.993236 0.152539 0.0135279 0.00106089
1 0.273664 0.587495 0.281435 0.346296 0.00105988
0 0.245778 0.0413884 0.134767 0.0827768 0.00105746
1 0.327628 0.496854 0.411822 0.35898 0.00105581
2 0.399175 0.354134 0.286736 0.276621 0.00105428
0 0.831237 0.978842 0.0958445 0.0419755 0.00105246
0 0.522857 0.412292 0.171733 0.292839 0.00105241
0 0.16871 0.169764 0.241077 0.213606 0.00104712
0 0.845144 0.922531 0.174889 0.149453 0.00104503
0 0.0139387 0.621235 0.0278775 0.533538 0.0010449
0 0.0312154 0.230545 0.0619652 0.154977 0.00104169
2 0.435525 0.482166 0.393662 0.165329 0.0010394
2 0.739667 0.00677617 0.0558195 0.0135523 0.00103868
2 0.96443 0.599423 0.0708866 0.656403 0.0010369
1 0.354871 0.0870678 0.379246 0.174136 0.00103641
2 0.377119 0.997286 0.233426 0.00542889 0.00103596
2 0.880586 0.470179 0.238828 0.332646 0.00103398
