1 0.383818 0.589623 0.239829 0.381612 0.901949
1 0.384499 0.702821 0.238093 0.594358 0.227041
2 0.382053 0.585425 0.240964 0.373517 0.061679
1 0.455634 0.688501 0.393374 0.60185 0.0437522
1 0.475847 0.595575 0.443573 0.404859 0.0365466
1 0.34848 0.683354 0.346335 0.600447 0.0262009
2 0.979018 0.044333 0.0413577 0.088666 0.025637
1 0.531183 0.56834 0.614795 0.483946 0.0253955
1 0.472007 0.645157 0.496927 0.588725 0.0244324
1 0.320834 0.519877 0.377313 0.513186 0.0226018
1 0.593358 0.591452 0.768248 0.559091 0.017999
0 0.97743 0.0447662 0.0451393 0.0895323 0.0167584
1 0.22412 0.496398 0.447242 0.863681 0.0167331
0 0.91656 0.468187 0.121447 0.183127 0.0146169
1 0.283389 0.679319 0.554493 0.582814 0.0126579
1 0.368113 0.635624 0.201813 0.253915 0.0124657
1 0.117121 0.458418 0.233595 0.88678 0.0123831
1 0.371073 0.501017 0.286184 0.590304 0.0122396
1 0.287171 0.458743 0.438823 0.684901 0.0120681
0 0.917853 0.442784 0.118767 0.130543 0.0115216
1 0.286059 0.552072 0.572117 0.820464 0.0110278
0 0.899634 0.61956 0.193983 0.626857 0.0109326
1 0.0883988 0.500403 0.173977 0.769443 0.0104727
1 0.37938 0.486353 0.598602 0.635476 0.0104637
0 0.98453 0.577117 0.0307709 0.158909 0.00968062
2 0.972414 0.0736994 0.0549805 0.147399 0.00955999
1 0.326458 0.563524 0.552924 0.634845 0.00932645
0 0.915189 0.596853 0.169201 0.497095 0.00920063
0 0.962683 0.452143 0.0214063 0.0421375 0.00894738
0 0.896946 0.494961 0.199449 0.802423 0.00890302
1 0.0187919 0.440273 0.0365115 0.543106 0.00872645
1 0.884727 0.658206 0.224072 0.615335 0.00870443
1 0.482194 0.493304 0.819651 0.667623 0.00854021
1 0.668537 0.604588 0.651808 0.685487 0.00816505
0 0.983849 0.600282 0.0323027 0.255788 0.00788796
0 0.806114 0.533335 0.0442358 0.0739311 0.00769729
1 0.15005 0.543299 0.3001 0.795606 0.00762194
0 0.88753 0.501448 0.224656 0.433765 0.00761714
1 0.327226 0.637655 0.122736 0.216967 0.00739483
1 0.56966 0.699875 0.707617 0.578532 0.00735326
0 0.983642 0.543326 0.032717 0.0763783 0.00694348
0 0.973611 0.100182 0.0527782 0.200364 0.00673708
1 0.123705 0.27285 0.244456 0.512996 0.00668235
0 0.96554 0.195132 0.0687179 0.390263 0.00664555
0 0.95992 0.255171 0.0795854 0.510342 0.00648423
1 0.0222937 0.594122 0.0445367 0.587712 0.00646768
1 0.0962942 0.325731 0.189268 0.5618 0.00631632
0 0.884803 0.366677 0.230394 0.721697 0.00619255
1 0.0177886 0.329503 0.0341559 0.501898 0.00612893
0 0.950296 0.64865 0.0976188 0.578987 0.00595956
1 0.815542 0.674499 0.356762 0.577736 0.00581122
1 0.0257935 0.671741 0.0515869 0.498918 0.00577175
0 0.94794 0.328735 0.102293 0.657471 0.00555707
0 0.0122715 0.231537 0.0240482 0.0975397 0.00547352
0 0.920899 0.324096 0.157563 0.648191 0.00532215
0 0.983684 0.559073 0.0326319 0.111842 0.00529965
0 0.933582 0.461848 0.129004 0.71735 0.00514064
0 0.797929 0.520594 0.0232304 0.0468536 0.0050944
0 0.93783 0.26762 0.12352 0.527941 0.00505098
1 0.380564 0.452875 0.761128 0.736459 0.00498691
0 0.871415 0.67449 0.25717 0.568864 0.0048318
0 0.926313 0.4409 0.0962225 0.0728232 0.00482428
0 0.0110247 0.288396 0.0220495 0.289093 0.00479225
0 0.849381 0.447051 0.293712 0.859928 0.00479192
1 0.0343163 0.710501 0.0686326 0.476224 0.0047676
1 0.74398 0.658745 0.497014 0.62195 0.0047064
1 0.29483 0.75828 0.428906 0.439143 0.00467615
1 0.157649 0.681581 0.314962 0.561878 0.00467045
1 0.022067 0.263638 0.0425315 0.452554 0.00457593
1 0.368531 0.641264 0.265209 0.300351 0.00456181
0 0.90769 0.128214 0.182388 0.256428 0.00438339
1 0.948747 0.0482463 0.100539 0.0964925 0.00432053
0 0.0149678 0.277564 0.0293992 0.21785 0.00428268
1 0.968156 0.114139 0.0636872 0.228278 0.00419625
1 0.233302 0.321189 0.466604 0.575 0.00402396
0 0.70601 0.478186 0.573845 0.862787 0.00392384
0 0.0109584 0.28742 0.0219168 0.423861 0.0039145
0 0.190817 0.489232 0.0341194 0.0460788 0.0038616
1 0.476676 0.764078 0.441394 0.408531 0.00383844
0 0.922935 0.503642 0.132497 0.258309 0.00382975
1 0.134565 0.19269 0.263909 0.359936 0.00381314
1 0.794497 0.981913 0.366016 0.0361748 0.00376455
1 0.300784 0.367634 0.601567 0.645228 0.00374665
1 0.446977 0.373561 0.690873 0.648695 0.00373895
0 0.897832 0.0852594 0.204336 0.170519 0.00372194
1 0.583166 0.495122 0.761762 0.794877 0.0037167
1 0.637665 0.983659 0.335242 0.0326812 0.0037138
1 0.697685 0.982804 0.363931 0.0343914 0.00367246
2 0.412163 0.637899 0.177621 0.306603 0.00366394
1 0.519123 0.883022 0.454768 0.168643 0.00362174
0 0.878816 0.465541 0.237675 0.235601 0.0036009
1 0.408644 0.634282 0.18704 0.308648 0.00358746
0 0.946721 0.779487 0.104583 0.376294 0.00353564
0 0.886161 0.23207 0.220463 0.46414 0.00352304
2 0.589998 0.983592 0.317887 0.0328155 0.00351273
2 0.976197 0.0455585 0.0473381 0.0911169 0.00347949
0 0.111941 0.189785 0.219868 0.36208 0.00346877
0 0.860733 0.12741 0.272679 0.254596 0.00344288
0 0.823383 0.89468 0.349178 0.172503 0.00343993
0 0.917345 0.430639 0.131709 0.237528 0.00343287
0 0.046742 0.197712 0.0934841 0.366384 0.00343126
1 0.854056 0.98305 0.273132 0.0339001 0.00337933
0 0.961849 0.444169 0.0265238 0.0574606 0.00336998
2 0.935485 0.973776 0.129029 0.0524474 0.00336487
1 0.236747 0.855994 0.462378 0.23557 0.00331534
0 0.938865 0.862699 0.120583 0.240981 0.00330021
1 0.355485 0.97951 0.355536 0.0409801 0.00329976
2 0.43377 0.187085 0.633661 0.334029 0.00326884
0 0.829078 0.712487 0.333825 0.517579 0.00324472
1 0.0563595 0.74531 0.112613 0.434334 0.00322348
0 0.926256 0.532772 0.146198 0.337868 0.0032018
0 0.274312 0.982437 0.38216 0.0351263 0.00318694
2 0.487933 0.981761 0.391894 0.0364789 0.00318428
0 0.883772 0.891636 0.227914 0.177345 0.00317628
0 0.384401 0.979781 0.362907 0.0404385 0.00315608
2 0.296689 0.213503 0.551629 0.352687 0.00313985
1 0.892246 0.982463 0.21538 0.035074 0.00313485
0 0.143891 0.143292 0.282966 0.274292 0.00311824
0 0.93886 0.437643 0.0754479 0.0788734 0.00309882
0 0.215664 0.983152 0.373003 0.0336951 0.00308601
1 0.776682 0.743563 0.429001 0.458558 0.00306973
1 0.216683 0.182664 0.431843 0.325826 0.00304015
1 0.944581 0.0960342 0.110262 0.192068 0.00302551
0 0.191234 0.850715 0.376061 0.237102 0.00301728
0 0.851149 0.0936479 0.297703 0.187296 0.00300473
0 0.100167 0.845429 0.199265 0.266362 0.00299717
1 0.626509 0.889184 0.465251 0.180257 0.00299502
0 0.844689 0.323019 0.304324 0.625973 0.00294848
0 0.699791 0.888339 0.446645 0.189228 0.00291216
0 0.0857484 0.157511 0.171497 0.315022 0.00290636
0 0.0937586 0.965168 0.187517 0.0696643 0.00289215
0 0.151789 0.830425 0.303577 0.276694 0.00289072
0 0.210472 0.126345 0.407931 0.236533 0.00285891
1 0.581794 0.765459 0.67762 0.41747 0.00284216
0 0.137013 0.97889 0.269857 0.0422197 0.00274365
0 0.778175 0.0882217 0.425555 0.176443 0.00274164
0 0.844935 0.97326 0.06847 0.0489046 0.0027409
0 0.101194 0.135583 0.202388 0.271165 0.00273189
0 0.0117967 0.357588 0.0235934 0.493485 0.00272636
0 0.276358 0.144117 0.469204 0.265307 0.00271763
0 0.15528 0.111291 0.310561 0.222581 0.00271748
0 0.794672 0.20565 0.405491 0.40253 0.0027095
2 0.476996 0.152854 0.546842 0.290551 0.00268438
2 0.18342 0.104226 0.36684 0.208451 0.00265959
0 0.650982 0.337782 0.678398 0.639794 0.00263566
2 0.541061 0.195539 0.657811 0.353371 0.00263121
0 0.0116279 0.192027 0.0232558 0.384055 0.00262737
0 0.968537 0.471733 0.0550221 0.223661 0.00262246
0 0.979898 0.740122 0.0402031 0.323764 0.00259418
0 0.721434 0.127057 0.501705 0.245564 0.00258625
0 0.351863 0.151509 0.53034 0.282641 0.00258512
0 0.590805 0.150013 0.558145 0.284302 0.00254635
0 0.515878 0.102726 0.44408 0.205453 0.00253717
2 0.377164 0.148198 0.567674 0.278459 0.00253051
0 0.647382 0.198631 0.679549 0.376482 0.00252082
0 0.62997 0.100707 0.428926 0.201414 0.00252017
0 0.256925 0.104145 0.464214 0.20829 0.0025152
0 0.417267 0.097671 0.439849 0.195342 0.0024897
1 0.285184 0.653397 0.275061 0.251957 0.00247791
0 0.82114 0.984424 0.0293543 0.0273088 0.00242551
0 0.966651 0.539546 0.0666979 0.591222 0.00229921
0 0.962311 0.742345 0.0753774 0.51531 0.00229872
0 0.0104262 0.764829 0.0208525 0.457131 0.00227035
0 0.834517 0.984849 0.0450779 0.0266238 0.00224966
1 0.965783 0.210943 0.0680722 0.421887 0.00223783
1 0.361348 0.651145 0.368676 0.287304 0.00221748
0 0.952486 0.483695 0.0950283 0.554934 0.00221309
0 0.0113343 0.211171 0.0221383 0.119109 0.00218782
0 0.00996848 0.266636 0.019937 0.161239 0.00217238
1 0.374172 0.692766 0.25928 0.200154 0.00215068
0 0.010354 0.420644 0.020708 0.516213 0.00212078
0 0.95447 0.839782 0.0192688 0.041212 0.00205721
0 0.0362659 0.285968 0.0717079 0.407985 0.00203903
0 0.0587854 0.329315 0.116859 0.483059 0.00203824
0 0.858422 0.964383 0.0420723 0.0674366 0.0019638
1 0.321373 0.684735 0.124785 0.321972 0.00196243
1 0.91507 0.0501633 0.16986 0.100327 0.00190944
0 0.0105767 0.516997 0.0211533 0.601138 0.00180509
0 0.962486 0.822184 0.0742481 0.355632 0.00178444
0 0.0101021 0.21179 0.0202043 0.0650237 0.00174259
0 0.825731 0.98732 0.0242168 0.0220601 0.00174107
0 0.98643 0.993979 0.0258887 0.010013 0.00172643
0 0.930254 0.407426 0.129444 0.177086 0.00171616
0 0.0416356 0.122494 0.0832506 0.240046 0.00170606
0 0.964653 0.657529 0.0706934 0.633083 0.00166268
0 0.0650093 0.39711 0.128896 0.525183 0.00163912
0 0.015216 0.711216 0.030432 0.55939 0.00161319
0 0.982829 0.743709 0.0343422 0.240166 0.00159268
1 0.453077 0.643016 0.284324 0.300982 0.00158595
1 0.927013 0.0640933 0.145974 0.128187 0.00156927
1 0.962195 0.265812 0.075611 0.531625 0.00154023
0 0.670575 0.945384 0.103495 0.109232 0.00153524
0 0.978266 0.973852 0.0424646 0.0481015 0.00151343
0 0.864259 0.966738 0.0261833 0.0611478 0.00150825
0 0.00930118 0.301122 0.0186024 0.19828 0.00150549
0 0.0341403 0.097749 0.0681792 0.195498 0.00148137
0 0.874747 0.502459 0.250507 0.245985 0.0014749
1 0.390981 0.722033 0.238465 0.14579 0.00147353
0 0.863747 0.976253 0.0264015 0.0416985 0.00146884
2 0.384173 0.698583 0.411503 0.202286 0.00143817
0 0.359237 0.441518 0.0671819 0.0853003 0.00140519
0 0.988955 0.529325 0.021901 0.0571587 0.00139991
0 0.876914 0.494192 0.0371822 0.0906485 0.00139475
0 0.942907 0.460083 0.114187 0.45174 0.00138966
0 0.352302 0.437778 0.049504 0.0757343 0.00137824
0 0.0445601 0.0760044 0.0877332 0.14919 0.00135883
0 0.983002 0.711382 0.0339953 0.160268 0.00135384
0 0.0145973 0.843129 0.0291947 0.313743 0.00134512
0 0.810354 0.982932 0.0610878 0.0291426 0.00133428
2 0.292752 0.603663 0.252413 0.268722 0.00130666
1 0.882615 0.0506257 0.165265 0.101251 0.0012914
0 0.951365 0.837976 0.0276125 0.043681 0.00125631
0 0.927722 0.372733 0.129149 0.291546 0.00123846
0 0.838222 0.989535 0.0466932 0.0185005 0.00123591
0 0.289673 0.455832 0.112595 0.141903 0.00122972
0 0.838531 0.0464025 0.0812336 0.0928049 0.00122026
0 0.778783 0.374257 0.0458058 0.048466 0.00121745
0 0.969975 0.0405366 0.0589523 0.0810732 0.00121688
0 0.890115 0.492217 0.0586193 0.102141 0.00121347
0 0.0419674 0.556852 0.0839347 0.546978 0.00120662
1 0.902881 0.107856 0.194237 0.215711 0.00119818
0 0.0623847 0.830254 0.124769 0.319097 0.00119324
0 0.0724396 0.352681 0.144879 0.357224 0.00118606
0 0.344586 0.428496 0.0318369 0.0565686 0.00118549
0 0.0545696 0.774969 0.109139 0.405283 0.00117876
0 0.777219 0.368941 0.0605438 0.0709318 0.00117828
1 0.855993 0.045523 0.0777199 0.0910461 0.00117726
0 0.707357 0.915593 0.191774 0.154035 0.00116344
1 0.396991 0.0660826 0.122064 0.132165 0.00116153
0 0.664266 0.0536702 0.101016 0.104808 0.00116126
0 0.984401 0.529583 0.0311816 0.275634 0.00114353
0 0.0680889 0.236707 0.136178 0.281847 0.0011397
0 0.068839 0.2825 0.137678 0.249196 0.00112269
1 0.945539 0.153953 0.107355 0.307906 0.00110861
0 0.0510377 0.480595 0.102 0.604218 0.00110399
0 0.00736179 0.495484 0.0147186 0.0962111 0.00109815
1 0.406829 0.711707 0.404335 0.188498 0.00109346
2 0.378257 0.709152 0.253751 0.22352 0.00108684
0 0.779524 0.383405 0.0454113 0.0797732 0.00108097
0 0.692695 0.977812 0.0562122 0.0401971 0.00107745
1 0.907837 0.0228905 0.184326 0.045781 0.00107637
0 0.31769 0.456253 0.17827 0.153753 0.00107583
0 0.763699 0.369645 0.075262 0.0878358 0.00107137
0 0.915206 0.412064 0.152353 0.299535 0.0010706
0 0.96516 0.86974 0.0694618 0.256033 0.00107051
0 0.0198599 0.981351 0.0397199 0.0310353 0.00106521
0 0.367226 0.472585 0.0999308 0.146527 0.00106177
1 0.353381 0.701929 0.182946 0.327942 0.00105595
0 0.969084 0.121209 0.0616383 0.242417 0.0010559
0 0.20234 0.488273 0.0599856 0.062024 0.00105163
0 0.00790596 0.330702 0.0158119 0.130278 0.00104761
0 0.189442 0.496808 0.0413893 0.0569148 0.00104667
0 0.434762 0.593603 0.132966 0.241065 0.00104055
0 0.480993 0.637029 0.251293 0.311477 0.00104015
0 0.94777 0.372771 0.104459 0.434896 0.00103815
0 0.746074 0.896093 0.251858 0.189444 0.001036
0 0.620006 0.608196 0.0792292 0.122236 0.00103486
0 0.0180915 0.305465 0.0357703 0.243936 0.00102666
2 0.438386 0.832249 0.203828 0.335502 0.00101616
0 0.327301 0.612801 0.119658 0.251854 0.00101381
2 0.97993 0.0410971 0.0401396 0.0821942 0.000993357
1 0.48915 0.6668 0.375211 0.273925 0.000988547
0 0.012884 0.470225 0.0252088 0.212476 0.00098685
2 0.357718 0.88727 0.285621 0.217581 0.000984484
0 0.354385 0.462013 0.245937 0.161576 0.000983048
0 0.0489594 0.655508 0.0978514 0.511949 0.000975743
0 0.82487 0.989991 0.0642952 0.0182559 0.000972638
2 0.936073 0.993858 0.127854 0.0122846 0.000971478
2 0.123332 0.383616 0.246663 0.332897 0.000970077
2 0.406615 0.063025 0.114852 0.123928 0.000969899
0 0.986681 0.990964 0.0246216 0.0168754 0.000969735
0 0.981873 0.945056 0.0362533 0.109888 0.000968664
0 0.0273673 0.89206 0.0543999 0.215015 0.000967072
0 0.821417 0.565692 0.111507 0.150462 0.000965193
0 0.00742543 0.515179 0.0145761 0.108199 0.00096482
0 0.0814734 0.0861225 0.162733 0.171582 0.000964421
1 0.282147 0.609772 0.301575 0.257189 0.000960732
0 0.846361 0.963735 0.0695422 0.0712998 0.000954477
0 0.897447 0.491365 0.0723136 0.123397 0.000953917
0 0.381275 0.541295 0.24455 0.298879 0.000952893
2 0.441764 0.81317 0.310526 0.330133 0.000950174
0 0.7855 0.356317 0.106368 0.148699 0.000949027
0 0.0778149 0.429625 0.15563 0.300779 0.000947974
0 0.820341 0.0564172 0.113318 0.112834 0.000946519
0 0.980636 0.113818 0.0387276 0.227636 0.000944008
0 0.626936 0.208498 0.195036 0.215491 0.000938883
0 0.968322 0.872531 0.0615947 0.109793 0.000938073
0 0.697476 0.489872 0.147504 0.174023 0.000937928
0 0.777248 0.383854 0.0947437 0.115508 0.000937849
0 0.913915 0.792211 0.172171 0.320289 0.000937372
0 0.0856982 0.27508 0.137783 0.121157 0.000931533
0 0.9832 0.676733 0.0335999 0.124663 0.000928622
0 0.342273 0.546854 0.307007 0.353477 0.000928502
0 0.545887 0.635321 0.301595 0.31399 0.000928084
0 0.869644 0.560469 0.231265 0.208369 0.000928044
2 0.930917 0.998896 0.138102 0.00220856 0.000925175
0 0.596126 0.0942219 0.177984 0.183635 0.000924728
2 0.318836 0.69445 0.121567 0.340768 0.000922547
0 0.430654 0.513 0.147838 0.1699 0.000921888
2 0.281953 0.905744 0.197093 0.168697 0.000921847
