1 0.436027 0.600997 0.322435 0.547738 0.807993
0 0.172926 0.282532 0.0254921 0.0416734 0.176136
0 0.057718 0.759936 0.0827126 0.0612967 0.121913
2 0.437801 0.602887 0.319448 0.557089 0.109463
1 0.667385 0.627394 0.650496 0.656472 0.0659835
1 0.523882 0.603681 0.506368 0.583775 0.0588364
1 0.317713 0.671376 0.613979 0.519368 0.0239137
0 0.808686 0.324825 0.0287262 0.0691066 0.0229803
1 0.436963 0.591804 0.449367 0.567369 0.0173355
1 0.404021 0.514899 0.793136 0.758294 0.0152899
2 0.472978 0.524899 0.234782 0.38267 0.0132288
0 0.171671 0.283136 0.0344952 0.0492742 0.0127753
0 0.0790718 0.748188 0.129284 0.091221 0.0124725
0 0.0569166 0.770369 0.0807428 0.0885372 0.0124004
1 0.112879 0.52965 0.222784 0.737704 0.0120313
1 0.301411 0.539634 0.591857 0.748143 0.0117024
0 0.0484259 0.758036 0.0593776 0.0643329 0.0113392
1 0.250934 0.721558 0.485263 0.462893 0.0113022
1 0.629186 0.521615 0.545589 0.840471 0.0104551
1 0.174305 0.697541 0.336606 0.519579 0.0101949
1 0.382944 0.618622 0.742352 0.602852 0.00988162
1 0.50935 0.462729 0.455366 0.632727 0.00979304
1 0.0700186 0.529264 0.138863 0.635855 0.00955291
1 0.400651 0.502982 0.402493 0.767067 0.00912822
0 0.0745064 0.720494 0.116595 0.141834 0.00885316
0 0.176246 0.280072 0.0344593 0.0455661 0.00849068
0 0.298135 0.0817774 0.02224 0.0365416 0.00710182
1 0.491631 0.359017 0.535595 0.563876 0.00708987
1 0.513185 0.465157 0.161509 0.263778 0.00683031
0 0.0647519 0.655937 0.104385 0.295029 0.00673689
0 0.0601512 0.534593 0.120302 0.604916 0.00673536
0 0.044471 0.45766 0.0210771 0.0476446 0.00642322
1 0.107967 0.634572 0.210045 0.444914 0.00587794
1 0.441184 0.455907 0.308453 0.651034 0.00560489
1 0.0611686 0.644949 0.119439 0.402604 0.00553969
0 0.0752662 0.485323 0.149498 0.822337 0.0055279
2 0.85086 0.560873 0.288177 0.765988 0.00526134
1 0.410466 0.344295 0.395124 0.555565 0.00489936
0 0.173165 0.292259 0.0310714 0.06644 0.00486765
0 0.068827 0.707413 0.132295 0.465912 0.00481559
1 0.858535 0.529169 0.273558 0.807108 0.0047215
1 0.328816 0.3519 0.549112 0.623804 0.00468852
0 0.903169 0.521296 0.193662 0.777553 0.00463591
0 0.947851 0.534128 0.101397 0.764661 0.00434784
0 0.0205765 0.564606 0.0294987 0.0382136 0.0042397
0 0.164134 0.733356 0.321437 0.480508 0.00401592
1 0.430677 0.220299 0.56189 0.403762 0.00397154
0 0.113733 0.731156 0.221238 0.504486 0.00386569
0 0.0457621 0.353869 0.0915242 0.531483 0.00380018
1 0.231272 0.788366 0.447061 0.359543 0.00374023
1 0.550513 0.755357 0.618678 0.392941 0.00369696
0 0.132885 0.820368 0.260557 0.333785 0.00347179
1 0.489018 0.473328 0.377138 0.271864 0.00339881
2 0.621657 0.981971 0.390922 0.0360576 0.00335682
0 0.0891885 0.402957 0.178377 0.677198 0.00328386
0 0.844506 0.52952 0.298673 0.797933 0.0032361
1 0.343582 0.262725 0.537194 0.482293 0.0032343
0 0.782162 0.0339166 0.0509016 0.0658788 0.0032326
1 0.599662 0.377456 0.588611 0.600882 0.00322446
1 0.532034 0.233867 0.555235 0.428395 0.00320993
0 0.950038 0.379944 0.0981777 0.495928 0.00315173
0 0.487331 0.812156 0.425308 0.309253 0.00314316
2 0.527623 0.980947 0.425691 0.0381055 0.00311684
0 0.0965314 0.289162 0.19102 0.46511 0.00310674
0 0.874168 0.610831 0.251665 0.645171 0.00301948
0 0.993321 0.23627 0.0129356 0.0421299 0.00301596
0 0.528598 0.848831 0.500754 0.235969 0.00299612
1 0.576145 0.869075 0.458101 0.196122 0.00298932
2 0.928857 0.973941 0.142285 0.052119 0.00297755
2 0.728111 0.982981 0.332205 0.0340377 0.00295716
0 0.17672 0.980535 0.320337 0.0389297 0.00294915
0 0.0489211 0.202854 0.0978423 0.352862 0.00294112
0 0.117536 0.952004 0.235071 0.095992 0.00293671
2 0.482599 0.161792 0.491098 0.304854 0.00292439
0 0.441243 0.773237 0.351085 0.38762 0.00288263
0 0.948748 0.280111 0.100849 0.390169 0.00288121
0 0.109874 0.188164 0.21406 0.337171 0.0028669
0 0.0420189 0.451913 0.0224917 0.0558714 0.00285129
2 0.826185 0.983515 0.271886 0.0329692 0.00284234
0 0.935414 0.0930291 0.129173 0.186058 0.00283666
1 0.29669 0.220209 0.481414 0.389997 0.00280993
0 0.131353 0.155288 0.257517 0.293175 0.00279229
1 0.225834 0.312877 0.433462 0.485399 0.00277522
1 0.205779 0.462385 0.403545 0.576795 0.00277346
0 0.0870627 0.15213 0.174125 0.304261 0.00275929
0 0.102387 0.126948 0.204773 0.253895 0.00275897
2 0.515576 0.465366 0.196084 0.266839 0.00275875
0 0.911162 0.390726 0.176507 0.477948 0.00275551
0 0.942105 0.690833 0.113265 0.507647 0.00273096
0 0.947248 0.194288 0.105032 0.316734 0.00272043
0 0.129612 0.114827 0.259224 0.229654 0.00271492
0 0.935561 0.148616 0.128879 0.280307 0.00268731
2 0.387439 0.166583 0.482439 0.312586 0.00268479
0 0.183632 0.10804 0.367263 0.216081 0.00268137
0 0.255105 0.983 0.414066 0.0340003 0.00266662
1 0.482702 0.537515 0.230242 0.380743 0.00264981
0 0.144404 0.269584 0.278935 0.395165 0.00263309
0 0.156835 0.973711 0.307875 0.0525784 0.00262719
2 0.59823 0.155378 0.448596 0.291305 0.00262208
0 0.880591 0.0813563 0.238818 0.162713 0.00261203
0 0.052037 0.813182 0.104074 0.327366 0.00258977
0 0.618144 0.878915 0.462176 0.18265 0.00258474
0 0.14918 0.406096 0.289132 0.498255 0.00255531
0 0.0466552 0.464595 0.0228397 0.0417423 0.00254976
0 0.827247 0.0822572 0.345505 0.164514 0.00254562
0 0.2001 0.143146 0.353275 0.266225 0.00254211
0 0.127217 0.73148 0.235096 0.136051 0.00253002
2 0.565054 0.115691 0.406326 0.231383 0.00250986
0 0.425739 0.981235 0.332901 0.0375296 0.00250745
0 0.325839 0.102412 0.382776 0.204825 0.00250146
2 0.81267 0.668633 0.356709 0.599258 0.0024979
0 0.668567 0.105825 0.383636 0.21165 0.00249599
0 0.771464 0.0861464 0.386166 0.172293 0.00248908
0 0.89133 0.981605 0.217341 0.0367892 0.00248372
2 0.450392 0.980676 0.352222 0.0386484 0.00248256
1 0.493591 0.494537 0.201967 0.321995 0.00248098
0 0.283206 0.768243 0.475965 0.395231 0.00247972
0 0.921372 0.867471 0.157255 0.220122 0.0024743
1 0.477234 0.606033 0.286674 0.365929 0.00247182
2 0.467142 0.117392 0.398981 0.234783 0.00246588
0 0.0262033 0.565147 0.0164114 0.0300635 0.00245136
0 0.299619 0.0943448 0.0288965 0.0610426 0.00243297
0 0.298526 0.157905 0.369084 0.292653 0.0024272
0 0.733 0.889904 0.426516 0.167898 0.00241302
0 0.19666 0.302853 0.385662 0.420705 0.00241197
0 0.918753 0.8022 0.162132 0.307604 0.00240854
0 0.906825 0.267736 0.185146 0.344255 0.00240506
0 0.220941 0.199792 0.412785 0.34814 0.00237961
1 0.482607 0.493831 0.284973 0.272104 0.00236674
0 0.670244 0.354619 0.577251 0.5517 0.00234823
0 0.576735 0.230434 0.567956 0.400513 0.00234016
0 0.63514 0.150247 0.453968 0.279106 0.00231528
0 0.877818 0.131491 0.244364 0.24012 0.00230552
0 0.020141 0.551853 0.0397529 0.081989 0.00229968
0 0.871285 0.358945 0.24227 0.51915 0.00229835
0 0.831299 0.897258 0.323215 0.159566 0.00229674
0 0.709336 0.144846 0.448192 0.269791 0.00228456
0 0.0553427 0.75577 0.110685 0.383792 0.00226103
0 0.80714 0.137846 0.349104 0.25799 0.00223689
0 0.832501 0.190537 0.314897 0.317319 0.00223347
0 0.774366 0.193924 0.419318 0.331287 0.00221844
0 0.0396498 0.549961 0.0792996 0.497395 0.00219459
0 0.795779 0.33211 0.386038 0.49195 0.00219382
1 0.474171 0.623346 0.244311 0.486424 0.00217714
0 0.0186949 0.568179 0.0334623 0.0652238 0.00214983
0 0.826083 0.32638 0.0645569 0.0691411 0.00213651
1 0.510792 0.511452 0.396111 0.280409 0.00213638
0 0.874821 0.883039 0.243255 0.186577 0.00213315
0 0.864911 0.753272 0.270178 0.408446 0.00207697
0 0.0965388 0.406764 0.0241247 0.0312533 0.00205644
0 0.0520382 0.853261 0.0965452 0.255773 0.00193703
0 0.138688 0.765096 0.264641 0.144999 0.0019289
0 0.0850968 0.755594 0.0291292 0.0540815 0.00191993
0 0.804963 0.744813 0.366506 0.440572 0.00191959
0 0.798073 0.325541 0.0454734 0.0671496 0.00188662
1 0.566341 0.464828 0.271683 0.270586 0.00188265
0 0.70388 0.70019 0.553648 0.530716 0.00187884
0 0.153274 0.710237 0.285083 0.181323 0.00187508
0 0.180781 0.281395 0.0468851 0.0456277 0.00185197
1 0.0912764 0.841875 0.159251 0.234249 0.00183455
2 0.393784 0.664127 0.247332 0.419356 0.00183304
0 0.703974 0.792547 0.556956 0.336093 0.00181781
1 0.543089 0.464497 0.0986971 0.265556 0.00175466
1 0.481456 0.572559 0.409395 0.363214 0.00173672
0 0.0424055 0.453493 0.0308929 0.0607409 0.00173435
0 0.0604133 0.417787 0.0999045 0.149991 0.00170892
0 0.76441 0.0385438 0.0765591 0.0770645 0.00168779
0 0.0532518 0.617056 0.106504 0.513239 0.00168736
0 0.0464817 0.56701 0.0925179 0.278867 0.00168619
0 0.0563134 0.421433 0.112627 0.61567 0.00167199
0 0.966211 0.0299278 0.0642674 0.0558845 0.00166466
1 0.380195 0.723606 0.226303 0.293423 0.00166139
0 0.176141 0.268714 0.0346598 0.0637598 0.00164965
1 0.461382 0.704281 0.211921 0.321574 0.001611
1 0.106939 0.787285 0.196478 0.126062 0.00160976
0 0.0576068 0.474009 0.112216 0.245534 0.00160399
0 0.475223 0.497775 0.263537 0.306897 0.00155371
1 0.415629 0.706704 0.258966 0.321357 0.00149055
0 0.467229 0.573178 0.275385 0.460938 0.00146868
0 0.177144 0.295561 0.0424429 0.0741846 0.00145147
0 0.0555896 0.527304 0.110675 0.420239 0.00143829
0 0.0542692 0.297789 0.108538 0.537482 0.00142758
1 0.569755 0.546835 0.435636 0.310791 0.00136506
0 0.806176 0.332546 0.0461414 0.0851591 0.00135214
1 0.369298 0.778873 0.202554 0.178722 0.00134732
1 0.572661 0.488476 0.38429 0.277981 0.0013291
0 0.369891 0.783706 0.206302 0.170046 0.00131682
0 0.991444 0.273142 0.0168551 0.150541 0.00131542
2 0.470941 0.679492 0.227333 0.377571 0.00130716
0 0.54303 0.465232 0.197104 0.273726 0.00128571
1 0.157016 0.792733 0.311565 0.178556 0.00128527
0 0.0952522 0.418831 0.0328157 0.0594241 0.00124731
1 0.177065 0.727246 0.347958 0.207031 0.00124187
0 0.126375 0.674997 0.237287 0.253532 0.00123876
0 0.168422 0.294573 0.042807 0.0776037 0.00123871
1 0.401405 0.7895 0.299986 0.161454 0.00122934
2 0.37375 0.721684 0.204984 0.295661 0.00122042
0 0.869528 0.325793 0.228695 0.107785 0.00121987
0 0.987689 0.262886 0.0240631 0.253221 0.00121692
1 0.0569112 0.850157 0.111011 0.287533 0.00120133
1 0.370381 0.825578 0.206792 0.172921 0.00119956
2 0.517054 0.600599 0.295773 0.503147 0.0011952
0 0.403815 0.652634 0.268516 0.468176 0.00118585
0 0.144399 0.280913 0.100209 0.0590562 0.00118242
2 0.41091 0.734686 0.324065 0.270439 0.00116809
0 0.834153 0.333854 0.0963931 0.0938443 0.00116738
0 0.0674737 0.440503 0.0889764 0.0927739 0.0011638
0 0.0504151 0.0973352 0.10083 0.183197 0.00115855
0 0.0183367 0.588004 0.0358676 0.166314 0.00115709
0 0.211423 0.291475 0.121242 0.0772478 0.00115541
2 0.962503 0.793024 0.0749932 0.413953 0.0011533
2 0.384487 0.765014 0.389567 0.215032 0.00115122
0 0.048818 0.248584 0.0976359 0.497168 0.00114795
1 0.420245 0.774445 0.392589 0.215359 0.0011216
0 0.0179635 0.0736178 0.035927 0.144251 0.00111977
0 0.0536555 0.134111 0.107311 0.265846 0.00111814
0 0.826384 0.312223 0.0793718 0.0905911 0.00111296
2 0.0710249 0.859397 0.134578 0.268752 0.00111072
0 0.0743816 0.644574 0.148763 0.348885 0.00110809
1 0.434181 0.737511 0.340737 0.270349 0.00110641
2 0.368573 0.763999 0.201837 0.206304 0.00110121
1 0.96067 0.496513 0.0786609 0.627875 0.00110083
0 0.316725 0.0960126 0.0657279 0.0645064 0.00109956
2 0.772676 0.0127011 0.0856603 0.0254022 0.00108451
1 0.548353 0.621602 0.348296 0.34183 0.00108159
1 0.392473 0.849649 0.412704 0.300701 0.0010789
2 0.550915 0.639616 0.24004 0.491438 0.00107747
0 0.992703 0.201331 0.0145945 0.127574 0.00107414
0 0.803975 0.0402156 0.0999565 0.0801838 0.00107256
0 0.986421 0.208061 0.0269961 0.168564 0.00106677
1 0.960172 0.832931 0.0793518 0.334138 0.00106655
0 0.988121 0.392648 0.0232558 0.132117 0.00106466
0 0.751234 0.0506766 0.105576 0.101353 0.00106139
0 0.305105 0.101425 0.0607253 0.0772309 0.00106049
1 0.478825 0.694605 0.305451 0.388618 0.00105989
2 0.381453 0.873904 0.399972 0.236955 0.00105667
0 0.991859 0.365493 0.0159892 0.0929648 0.00105027
2 0.961375 0.451776 0.0772501 0.620321 0.00104461
1 0.347996 0.746695 0.278424 0.251869 0.00104454
1 0.381398 0.802167 0.382679 0.221733 0.00103482
2 0.960332 0.685522 0.0793368 0.580855 0.00103391
0 0.966765 0.0494031 0.0664701 0.0985821 0.00102897
0 0.964251 0.0833483 0.0710547 0.161376 0.00101536
0 0.219717 0.317205 0.146979 0.121307 0.00101525
0 0.0375095 0.775816 0.0743268 0.124013 0.00100578
2 0.961502 0.340064 0.0769964 0.615031 0.0010057
0 0.309599 0.0669199 0.0571878 0.0680215 0.000999087
0 0.254788 0.846305 0.0303178 0.0385394 0.000995643
0 0.0250492 0.550253 0.0292727 0.0642573 0.000991085
0 0.948453 0.0315272 0.0943071 0.0624596 0.000989779
1 0.119315 0.830212 0.231408 0.219428 0.000984001
0 0.538393 0.388797 0.109864 0.16416 0.000982015
0 0.207793 0.224467 0.0328381 0.0477194 0.000980954
0 0.107734 0.642571 0.215468 0.320029 0.000975319
0 0.0883594 0.410545 0.0443783 0.05063 0.00097427
2 0.407453 0.884404 0.275231 0.170374 0.000969235
1 0.162355 0.362753 0.143217 0.220236 0.000967588
0 0.881782 0.344586 0.236436 0.148577 0.000964278
2 0.973272 0.0177528 0.0534565 0.0355056 0.000961988
0 0.456507 0.456195 0.318395 0.264385 0.000961671
0 0.1182 0.686306 0.0191576 0.0304154 0.000957637
1 0.959018 0.615066 0.0815907 0.605051 0.000957502
0 0.523349 0.387229 0.14516 0.206351 0.000954995
0 0.784617 0.0318978 0.0349273 0.0631907 0.000952592
0 0.179538 0.697217 0.345858 0.227308 0.000948973
0 0.596024 0.473658 0.308701 0.274381 0.000943435
2 0.962617 0.139193 0.0747663 0.278386 0.000942241
0 0.145898 0.0589193 0.108474 0.117839 0.000941712
0 0.0768542 0.559261 0.153708 0.34353 0.000939562
0 0.96302 0.247272 0.0739594 0.494545 0.000939506
0 0.297128 0.0654505 0.0668099 0.106921 0.000936028
2 0.38822 0.900747 0.421972 0.158938 0.000935394
0 0.787644 0.305362 0.092528 0.106585 0.000931773
2 0.395674 0.850707 0.34425 0.19569 0.000931699
1 0.356583 0.749837 0.177077 0.237408 0.000931262
1 0.958585 0.763324 0.0825628 0.473351 0.000929929
2 0.505788 0.704681 0.316093 0.412047 0.000929122
0 0.211368 0.363137 0.18083 0.219828 0.000925479
0 0.0490567 0.475396 0.02512 0.0454309 0.000924626
0 0.960596 0.426779 0.0785084 0.58546 0.000921919
0 0.166217 0.0560737 0.0875573 0.112147 0.000920656
1 0.384085 0.882876 0.23352 0.177599 0.000918557
2 0.119864 0.878731 0.235935 0.201265 0.000914831
1 0.482214 0.815541 0.403002 0.265591 0.000913129
2 0.132926 0.854129 0.265852 0.262688 0.000911563
0 0.0564804 0.0725569 0.111292 0.136301 0.000911497
2 0.965131 0.209331 0.069739 0.418662 0.000911023
0 0.239025 0.803498 0.0400866 0.0546581 0.00090962
1 0.54407 0.407543 0.0962002 0.166049 0.000908058
0 0.0662375 0.522745 0.132475 0.297587 0.000903963
0 0.182573 0.306072 0.0604776 0.0843414 0.00090023
0 0.57425 0.434411 0.24813 0.262335 0.000899706
2 0.572623 0.711964 0.242917 0.399706 0.000899001
2 0.962017 0.0628793 0.0749012 0.116787 0.000896617
2 0.878316 0.992592 0.243368 0.0148163 0.0008942
2 0.757639 0.0199128 0.110425 0.0398256 0.000893148
0 0.831747 0.260564 0.204549 0.21292 0.000891407
2 0.59312 0.64127 0.364832 0.247087 0.000890568
0 0.873221 0.28604 0.253558 0.16866 0.000890164
2 0.360341 0.883513 0.225802 0.183451 0.000887796
