1 0.582715 0.560859 0.694945 0.440321 0.845704
1 0.563586 0.454657 0.753451 0.692307 0.20755
2 0.650382 0.0589414 0.658462 0.117524 0.0910081
2 0.546467 0.128939 0.691285 0.257877 0.0740894
1 0.554396 0.292417 0.816184 0.582847 0.0652437
2 0.619181 0.0811177 0.65998 0.161861 0.0652223
1 0.519235 0.169177 0.75595 0.338354 0.0580381
2 0.464287 0.170503 0.834307 0.341006 0.0521963
1 0.462139 0.427586 0.924278 0.855172 0.050299
0 0.761099 0.88051 0.110995 0.0645451 0.0399364
1 0.531065 0.706126 0.798744 0.558361 0.0312559
1 0.55355 0.0413836 0.669212 0.0827672 0.0239979
1 0.644318 0.16874 0.711365 0.33684 0.0239952
1 0.59093 0.0526799 0.81814 0.10536 0.0228931
1 0.659231 0.0256678 0.670674 0.0510579 0.0202971
1 0.670155 0.0825625 0.65969 0.165125 0.0188288
1 0.568095 0.0280172 0.656962 0.0560343 0.0175507
2 0.586527 0.260584 0.669047 0.515722 0.0159387
2 0.64318 0.170603 0.713639 0.338576 0.0121059
1 0.698671 0.0391185 0.602658 0.078237 0.00767572
1 0.587416 0.0580388 0.55647 0.116078 0.00691568
1 0.593086 0.135239 0.813827 0.267879 0.00642373
1 0.66608 0.130604 0.66784 0.261208 0.00640041
2 0.49642 0.696264 0.893936 0.589054 0.00572893
1 0.613178 0.234388 0.773644 0.46639 0.00563794
2 0.472655 0.972278 0.784425 0.0552594 0.00549615
2 0.760736 0.0197056 0.456799 0.0394112 0.00528143
1 0.765928 0.432038 0.279166 0.165258 0.00503672
1 0.709457 0.437947 0.386287 0.179497 0.00494053
2 0.737259 0.0186414 0.2401 0.0367849 0.0047805
1 0.497536 0.629213 0.826594 0.496915 0.00458017
1 0.701727 0.0647715 0.596547 0.129543 0.00406095
2 0.59202 0.753448 0.717537 0.466569 0.00352243
1 0.624521 0.47488 0.597959 0.486839 0.00348001
2 0.444606 0.118999 0.246901 0.234282 0.00339688
2 0.641505 0.687642 0.620893 0.527042 0.00329878
1 0.451368 0.0955775 0.855035 0.189557 0.00326232
1 0.427352 0.111383 0.276163 0.220035 0.00315344
2 0.761274 0.875832 0.111272 0.0683189 0.00313297
1 0.478192 0.125918 0.937168 0.248268 0.00309668
2 0.828927 0.967201 0.297136 0.063853 0.00306351
0 0.52901 0.562377 0.911028 0.437395 0.00304758
2 0.737828 0.724588 0.474363 0.486955 0.00302267
2 0.846003 0.959741 0.307994 0.0805175 0.00300562
2 0.639163 0.541214 0.571503 0.385904 0.00294073
0 0.348311 0.0684033 0.696621 0.136194 0.00293436
0 0.202881 0.0663904 0.405761 0.132781 0.00292582
0 0.792617 0.518295 0.414766 0.439434 0.00289893
2 0.817067 0.0180068 0.365867 0.0350114 0.00289074
1 0.792331 0.0190584 0.415338 0.0377575 0.00285884
2 0.816695 0.675029 0.366611 0.594957 0.00282291
1 0.634812 0.441874 0.554783 0.188295 0.00279139
0 0.160483 0.963776 0.320965 0.0724478 0.00278372
2 0.809012 0.798859 0.344635 0.358119 0.00276302
0 0.5 0.439588 1 0.730929 0.0027531
2 0.846547 0.803431 0.306907 0.391091 0.0027432
2 0.679437 0.804385 0.604816 0.381578 0.00269675
0 0.157823 0.129527 0.315645 0.234946 0.0026825
0 0.198933 0.0926405 0.397865 0.182536 0.00267738
0 0.127349 0.17528 0.254699 0.288117 0.0026675
0 0.106544 0.215497 0.213087 0.283603 0.0026534
0 0.42638 0.971145 0.842129 0.055915 0.00264169
0 0.0947646 0.271371 0.189529 0.274862 0.00262631
0 0.0947987 0.32922 0.189597 0.281671 0.00260695
0 0.366469 0.101629 0.732939 0.199164 0.00259077
2 0.74094 0.217066 0.518121 0.41311 0.0025899
2 0.0962851 0.392685 0.19257 0.297179 0.00258746
2 0.661056 0.466011 0.524053 0.339199 0.00257357
2 0.342011 0.969326 0.684022 0.0613479 0.00256849
0 0.814247 0.429216 0.371507 0.348883 0.00255961
0 0.731223 0.521039 0.455055 0.369428 0.00255961
0 0.098281 0.449439 0.196562 0.31405 0.0025328
2 0.516369 0.932001 0.873372 0.132163 0.00252218
0 0.393387 0.13939 0.786774 0.278781 0.00251458
0 0.101971 0.597266 0.203943 0.330482 0.00250101
0 0.173252 0.917513 0.346503 0.164255 0.00247911
0 0.0974113 0.498043 0.194823 0.330922 0.00247204
0 0.128087 0.731211 0.256174 0.328356 0.00240412
0 0.141568 0.782204 0.283135 0.329388 0.00239686
0 0.110178 0.677659 0.220355 0.309352 0.00239563
0 0.83999 0.894408 0.320021 0.211137 0.00238616
0 0.900512 0.723666 0.091961 0.0848166 0.00236518
2 0.661675 0.368944 0.558971 0.395561 0.00235728
0 0.391091 0.645937 0.782181 0.462005 0.00235461
2 0.73911 0.604759 0.482151 0.530585 0.0023175
0 0.414802 0.209596 0.829603 0.403103 0.00231056
0 0.862802 0.373429 0.274395 0.300706 0.00229854
2 0.820972 0.281682 0.358057 0.368806 0.00227855
2 0.720791 0.0156811 0.304012 0.0305217 0.00225751
0 0.125086 0.842564 0.250172 0.274612 0.00218702
0 0.433226 0.71146 0.866453 0.492194 0.00217639
0 0.880692 0.326899 0.238615 0.293321 0.00216448
0 0.467444 0.308494 0.934888 0.550619 0.0021598
0 0.474227 0.465791 0.948454 0.510679 0.00212119
0 0.729389 0.425307 0.48362 0.350505 0.00210744
1 0.373929 0.101493 0.374505 0.202744 0.00204886
2 0.828947 0.88577 0.342107 0.226253 0.00198295
0 0.505484 0.922423 0.962109 0.154649 0.00197529
0 0.669182 0.91125 0.661637 0.173694 0.00197104
2 0.451043 0.076833 0.24011 0.152433 0.00192997
0 0.496845 0.77995 0.99369 0.434582 0.00192396
1 0.473401 0.17051 0.265644 0.255717 0.00186886
2 0.726153 0.371365 0.492987 0.324326 0.0018594
1 0.812703 0.429041 0.174377 0.157505 0.0018533
1 0.715154 0.316761 0.523125 0.341773 0.00184437
1 0.615005 0.0788458 0.496728 0.153176 0.00184022
0 0.76103 0.865157 0.114629 0.090646 0.00181668
0 0.807888 0.876955 0.213454 0.0721475 0.00164457
2 0.468862 0.818565 0.883403 0.353428 0.00163594
1 0.762833 0.82714 0.127516 0.173237 0.00160952
2 0.4783 0.147402 0.288956 0.294803 0.00160736
0 0.787417 0.974062 0.425166 0.0517572 0.00158598
2 0.381528 0.117095 0.357006 0.23419 0.00157872
2 0.498799 0.111922 0.332342 0.220758 0.00157411
2 0.504994 0.0817733 0.364123 0.163547 0.00155096
0 0.796227 0.863815 0.190994 0.0904368 0.00149918
1 0.621594 0.514693 0.590489 0.331129 0.00149798
1 0.836819 0.917597 0.281523 0.16316 0.00145395
1 0.740039 0.503668 0.345163 0.313717 0.00143209
1 0.840838 0.822012 0.28393 0.180284 0.00142031
2 0.47593 0.18793 0.27309 0.225335 0.00140591
1 0.769725 0.0482644 0.46055 0.0955163 0.00138912
0 0.46945 0.841267 0.938899 0.309712 0.00138106
2 0.792164 0.432144 0.214899 0.168793 0.00137188
1 0.434938 0.661451 0.425656 0.232199 0.00136724
1 0.442608 0.148377 0.265835 0.296755 0.00134719
2 0.721667 0.562899 0.403091 0.242917 0.00133832
1 0.368732 0.549366 0.241401 0.417898 0.00133423
1 0.473889 0.279653 0.307574 0.476535 0.00132016
0 0.520086 0.0686753 0.418979 0.136188 0.00131521
2 0.374774 0.0746426 0.38487 0.148232 0.00130751
0 0.725261 0.97278 0.468437 0.0544399 0.00129943
0 0.839357 0.911899 0.281314 0.144733 0.00129242
1 0.402971 0.155457 0.375053 0.310914 0.00127841
1 0.775348 0.915383 0.15794 0.144691 0.00123117
2 0.391169 0.556661 0.284667 0.412492 0.00122394
1 0.540686 0.105774 0.422862 0.210108 0.00121543
0 0.920494 0.724944 0.129663 0.100075 0.00117716
1 0.434894 0.179736 0.400662 0.354606 0.00116726
2 0.4484 0.577434 0.423726 0.377646 0.00116277
1 0.923483 0.62072 0.153034 0.558286 0.00114292
1 0.667697 0.100347 0.552823 0.188016 0.00114194
1 0.473255 0.210492 0.275218 0.228275 0.00112978
1 0.849331 0.843943 0.293382 0.129691 0.00112949
1 0.474566 0.320464 0.240788 0.338782 0.00111443
1 0.338314 0.0483249 0.676627 0.095179 0.00110787
0 0.430068 0.72038 0.402753 0.108756 0.00110427
2 0.714974 0.0130638 0.402365 0.0248188 0.00110333
1 0.785553 0.812508 0.187772 0.214421 0.00110205
1 0.479542 0.609224 0.455887 0.325805 0.00110019
0 0.921866 0.663622 0.136845 0.220941 0.00109984
1 0.432452 0.706717 0.433143 0.141195 0.00109113
2 0.532075 0.134528 0.378712 0.269057 0.00108311
2 0.784863 0.585912 0.268551 0.227298 0.00107305
1 0.652628 0.675013 0.514627 0.190888 0.00106993
2 0.340533 0.988944 0.425932 0.022113 0.00106874
0 0.827821 0.927277 0.344358 0.145232 0.00106783
1 0.531184 0.709558 0.648597 0.178786 0.00106526
1 0.587925 0.457994 0.734986 0.220979 0.00106328
1 0.591395 0.691388 0.612434 0.175628 0.00106014
2 0.924129 0.636887 0.151742 0.526464 0.00106005
0 0.396343 0.98762 0.475787 0.0247606 0.00105811
1 0.357232 0.14472 0.370906 0.286085 0.00105736
1 0.784646 0.098676 0.427121 0.194479 0.00105579
1 0.472747 0.275375 0.279488 0.358856 0.00105227
1 0.743314 0.576334 0.355532 0.230847 0.00105187
1 0.610704 0.59466 0.598881 0.349729 0.00104771
1 0.351306 0.0913496 0.494967 0.182699 0.00103981
1 0.675007 0.571796 0.500005 0.226025 0.0010361
0 0.923247 0.627981 0.135232 0.348922 0.00103035
2 0.435705 0.753128 0.395259 0.117134 0.00102939
2 0.488035 0.795727 0.700122 0.167932 0.00102786
2 0.924244 0.495562 0.151512 0.544061 0.00102151
2 0.633855 0.12049 0.359364 0.240981 0.00101885
2 0.844163 0.823208 0.30162 0.216081 0.0010181
0 0.744013 0.435955 0.411741 0.16966 0.00101758
2 0.489402 0.311605 0.295919 0.267309 0.00101133
2 0.520607 0.318384 0.424684 0.228251 0.00100467
1 0.407963 0.0570591 0.581892 0.114118 0.00100332
2 0.702543 0.601145 0.444778 0.198608 0.000997299
2 0.385062 0.77603 0.376421 0.16811 0.000995998
2 0.629851 0.752758 0.670185 0.203378 0.000993587
2 0.484512 0.230835 0.30776 0.242013 0.000992922
2 0.589108 0.138753 0.272394 0.277507 0.000992914
2 0.695668 0.105811 0.608663 0.200478 0.000980279
0 0.834241 0.512074 0.211443 0.35241 0.000972776
2 0.537497 0.848955 0.300906 0.181123 0.000970906
1 0.487009 0.39572 0.260905 0.445207 0.000967003
1 0.518249 0.393037 0.58345 0.365259 0.000966828
2 0.840151 0.0728831 0.314153 0.142691 0.000966671
1 0.40093 0.625165 0.296068 0.269237 0.000964213
0 0.809798 0.414326 0.173583 0.147988 0.000963686
2 0.495753 0.820987 0.376647 0.194469 0.000963674
2 0.430354 0.810654 0.338876 0.18871 0.000963556
0 0.315528 0.989127 0.424847 0.0217459 0.000960265
2 0.0985856 0.923111 0.183835 0.142248 0.000957452
2 0.532354 0.533984 0.686231 0.395223 0.000953275
2 0.4308 0.839177 0.300268 0.192186 0.000950192
2 0.527036 0.770758 0.659971 0.212777 0.000949188
2 0.63963 0.669296 0.489858 0.207434 0.000947072
0 0.843376 0.432385 0.217895 0.178171 0.00094074
0 0.523042 0.984735 0.53011 0.0305289 0.000940477
2 0.790133 0.0480999 0.419734 0.0961999 0.000939726
0 0.807773 0.40169 0.179669 0.105149 0.000939144
0 0.509616 0.172681 0.331838 0.257412 0.000935056
1 0.849658 0.870118 0.300683 0.223159 0.000932441
2 0.661392 0.150274 0.401284 0.300549 0.000931515
1 0.331362 0.540741 0.180867 0.431175 0.000929623
2 0.819267 0.664991 0.324992 0.341633 0.000928573
2 0.360977 0.813447 0.304439 0.18573 0.000926247
2 0.619501 0.788061 0.598324 0.273898 0.000925364
2 0.00251175 0.059926 0.00502351 0.115684 0.00092525
2 0.303424 0.577779 0.186109 0.334517 0.00092518
2 0.0866912 0.0680276 0.173382 0.134457 0.000921672
2 0.556056 0.82193 0.414285 0.176753 0.000920899
0 0.396997 0.470771 0.295381 0.210004 0.000920248
2 0.693411 0.148949 0.591645 0.210129 0.000918881
1 0.565302 0.629485 0.543765 0.293346 0.000918067
2 0.579713 0.865334 0.298691 0.180312 0.000913351
1 0.43667 0.765268 0.510325 0.120418 0.000912499
2 0.846252 0.912483 0.306816 0.175035 0.000911521
2 0.730493 0.657721 0.515514 0.332697 0.000910116
1 0.416988 0.728072 0.475882 0.0933954 0.000909433
0 0.788878 0.381274 0.189612 0.0660263 0.000909326
2 0.640646 0.184007 0.325763 0.368013 0.00090806
1 0.950601 0.546391 0.0987985 0.483091 0.000907474
2 0.492214 0.35292 0.436045 0.260504 0.000904355
2 0.054887 0.565626 0.109774 0.312483 0.00089895
2 0.0677298 0.765278 0.13546 0.469444 0.000894078
2 0.28124 0.0644829 0.515267 0.1265 0.000894041
2 0.911078 0.706418 0.141587 0.138824 0.000893363
0 0.337185 0.480611 0.183094 0.266811 0.000893033
2 0.309014 0.84752 0.268745 0.162198 0.000892179
2 0.045233 0.662408 0.0904659 0.332068 0.000891648
2 0.00194692 0.0805176 0.00389384 0.161035 0.000890164
2 0.349084 0.842105 0.269032 0.182633 0.000888153
1 0.8837 0.467706 0.215914 0.465361 0.000887873
2 0.0390557 0.629782 0.0781113 0.279447 0.000885985
1 0.453569 0.729546 0.660219 0.0957558 0.000885175
2 0.930844 0.38924 0.137589 0.439283 0.000885174
2 0.813213 0.162624 0.366645 0.314158 0.000884065
2 0.384585 0.743639 0.475995 0.153601 0.00088288
2 0.538608 0.379098 0.530646 0.345255 0.00088224
2 0.0395931 0.578466 0.0791861 0.2661 0.000881891
2 0.00219011 0.119425 0.00438021 0.23885 0.000881084
2 0.731722 0.163782 0.44762 0.298705 0.000880861
2 0.48984 0.740659 0.752508 0.12686 0.00087995
0 0.240944 0.85264 0.282405 0.148378 0.000879148
0 0.168771 0.37333 0.291348 0.137334 0.000878473
0 0.7869 0.546361 0.26721 0.281833 0.000878345
0 0.904063 0.485254 0.17188 0.407805 0.000876638
2 0.425384 0.885103 0.235268 0.121054 0.000874931
2 0.298028 0.646027 0.30572 0.203103 0.000870744
0 0.623728 0.979445 0.554073 0.041111 0.000869645
0 0.395869 0.951423 0.566547 0.0949226 0.000869077
2 0.957183 0.454018 0.085633 0.41778 0.000865911
2 0.0408856 0.042217 0.0817712 0.0844341 0.000865781
2 0.948912 0.610771 0.102176 0.452634 0.000864361
2 0.0771929 0.101264 0.154386 0.202527 0.000863285
0 0.171979 0.35222 0.31413 0.156259 0.000863137
2 0.420123 0.707779 0.427906 0.136336 0.000862623
0 0.405192 0.91031 0.0557586 0.0288116 0.000861922
2 0.764071 0.92924 0.471857 0.140745 0.000860472
2 0.0903778 0.878511 0.172997 0.195242 0.000859279
1 0.952217 0.472945 0.0955662 0.418654 0.000858665
1 0.663656 0.719422 0.630286 0.168931 0.000857566
2 0.924688 0.711623 0.14076 0.279002 0.000856706
2 0.456018 0.641613 0.42055 0.263999 0.000856662
2 0.0734572 0.374066 0.130486 0.0964785 0.000856389
0 0.941132 0.613223 0.117735 0.392575 0.00085525
2 0.492364 0.708546 0.667528 0.16924 0.000854174
2 0.0819747 0.796691 0.152488 0.262235 0.000853483
0 0.208802 0.315742 0.317031 0.154527 0.000852788
0 0.277352 0.86623 0.282635 0.149876 0.000852432
2 0.0761346 0.224319 0.152269 0.203952 0.00085212
2 0.00241886 0.483177 0.00483773 0.298131 0.000851394
2 0.0702744 0.113787 0.12669 0.0819607 0.000851266
2 0.0765069 0.145754 0.153014 0.291507 0.000850431
2 0.335595 0.54646 0.189924 0.434267 0.000850366
2 0.501611 0.27441 0.425433 0.248072 0.000849629
2 0.00321815 0.665535 0.0064363 0.309806 0.000848562
2 0.0546615 0.0485233 0.109323 0.0913543 0.000847104
2 0.00283026 0.537646 0.00566051 0.316364 0.000846316
0 0.197647 0.987922 0.395294 0.0239232 0.000845001
2 0.924969 0.629746 0.142825 0.337289 0.000843995
2 0.815375 0.207544 0.294433 0.205416 0.000843677
0 0.22087 0.0481113 0.44174 0.0958546 0.00084339
2 0.0346852 0.502557 0.0693705 0.221511 0.000843199
2 0.0033444 0.168897 0.00668879 0.337794 0.000843175
2 0.0819859 0.819016 0.153325 0.17862 0.000842901
1 0.896099 0.622763 0.193916 0.463633 0.000842787
0 0.248151 0.825589 0.311918 0.148976 0.000841288
2 0.383748 0.864371 0.270595 0.166573 0.000839957
0 0.206309 0.865211 0.317768 0.168167 0.000839744
0 0.470226 0.908969 0.235014 0.0863418 0.000839157
0 0.332115 0.536124 0.18082 0.452345 0.000838961
0 0.881379 0.382735 0.214077 0.299098 0.000838466
2 0.0594789 0.260772 0.118958 0.281749 0.00083781
2 0.070562 0.195982 0.127748 0.0948281 0.000836287
1 0.710899 0.607915 0.419711 0.173402 0.000836178
