1 0.547997 0.63565 0.794286 0.723685 0.947764
2 0.897374 0.236205 0.116488 0.0786918 0.489114
1 0.896198 0.237616 0.108826 0.0814372 0.345145
1 0.569416 0.539652 0.711212 0.538237 0.276664
0 0.896853 0.236737 0.106839 0.0824291 0.196161
1 0.360982 0.828484 0.435678 0.340125 0.1389
1 0.460514 0.826757 0.652931 0.345405 0.115771
0 0.0226978 0.431002 0.0453957 0.0372576 0.100768
1 0.535064 0.799664 0.812955 0.39638 0.0785436
1 0.385555 0.922799 0.404077 0.154402 0.0670846
1 0.492422 0.887919 0.733098 0.224163 0.0644385
1 0.40385 0.873514 0.565411 0.252972 0.0530794
1 0.538564 0.310779 0.818757 0.610037 0.0431965
2 0.0216279 0.434499 0.0432559 0.0411275 0.0362537
1 0.55577 0.447365 0.67868 0.356009 0.0297887
1 0.425012 0.946046 0.345995 0.107658 0.0220499
1 0.89648 0.271242 0.111142 0.14665 0.0202271
1 0.853407 0.237166 0.196935 0.089467 0.019556
1 0.547543 0.457128 0.794102 0.664341 0.0193791
1 0.496537 0.207207 0.993074 0.413903 0.0173477
1 0.860448 0.142153 0.253818 0.281909 0.0172139
1 0.30882 0.467943 0.172787 0.171459 0.0150597
1 0.496046 0.110751 0.925054 0.221272 0.0150552
1 0.776047 0.2604 0.359491 0.512885 0.0145123
1 0.875361 0.252375 0.153948 0.109282 0.0143418
1 0.451944 0.0685107 0.873563 0.137021 0.0140449
1 0.590105 0.425036 0.716562 0.463926 0.0138146
0 0.0238925 0.440695 0.047785 0.0557324 0.0107828
1 0.90269 0.36549 0.134597 0.480395 0.0106857
1 0.844117 0.198165 0.233813 0.391181 0.010561
1 0.902082 0.176265 0.132037 0.217287 0.0100112
1 0.918726 0.235629 0.161804 0.0904598 0.00961314
1 0.90367 0.328111 0.121091 0.311851 0.00943386
1 0.478643 0.932288 0.532682 0.135424 0.00934441
0 0.869085 0.0581742 0.261831 0.114155 0.00929706
1 0.898449 0.202652 0.117477 0.162181 0.00924919
1 0.443027 0.431345 0.448383 0.311651 0.0092402
1 0.469808 0.391898 0.512274 0.348028 0.00842937
1 0.752056 0.427044 0.440141 0.629032 0.00752676
1 0.849017 0.0627351 0.299903 0.12547 0.00749128
1 0.829973 0.312708 0.260882 0.484799 0.00723445
1 0.900327 0.275072 0.115511 0.291187 0.00707658
1 0.300664 0.0622393 0.600879 0.124479 0.00706747
1 0.481522 0.526557 0.550693 0.449775 0.00702293
1 0.494291 0.353289 0.703981 0.479974 0.00694929
1 0.914312 0.366594 0.171375 0.578184 0.00693499
1 0.390171 0.382009 0.380696 0.356148 0.00692253
1 0.687995 0.364625 0.544101 0.542675 0.00684304
1 0.340218 0.465752 0.251704 0.178039 0.00649316
1 0.39779 0.743128 0.516903 0.50934 0.00645674
1 0.241212 0.0791807 0.467393 0.157581 0.00641346
0 0.0162739 0.107481 0.0325479 0.0326963 0.00635661
1 0.628144 0.486056 0.619412 0.4307 0.00631775
1 0.190124 0.15341 0.352663 0.306819 0.0061753
1 0.855889 0.165287 0.288223 0.319691 0.00617197
1 0.603114 0.0682521 0.766537 0.136504 0.00594239
1 0.919482 0.31152 0.161037 0.436483 0.00583749
1 0.854461 0.428619 0.291077 0.639479 0.00576309
1 0.345027 0.821643 0.65932 0.356145 0.00554462
1 0.401162 0.14826 0.782923 0.295685 0.0055312
1 0.155755 0.215056 0.296012 0.422495 0.00533911
1 0.229215 0.46804 0.338498 0.176922 0.00530585
1 0.176916 0.0628632 0.345089 0.125726 0.00524743
1 0.919469 0.192913 0.161062 0.205758 0.00514057
1 0.0655523 0.281264 0.131105 0.33718 0.0050794
1 0.334608 0.938905 0.51424 0.12219 0.00495471
1 0.110285 0.255281 0.215521 0.462333 0.00488884
1 0.177393 0.268805 0.354787 0.530152 0.00477597
1 0.640824 0.611453 0.564144 0.687382 0.00471458
1 0.15698 0.085049 0.312231 0.168983 0.00462583
1 0.385306 0.665038 0.755296 0.640603 0.00446056
1 0.4731 0.571072 0.77163 0.607276 0.00445198
1 0.278655 0.635191 0.549367 0.673768 0.00428009
1 0.827823 0.267692 0.260494 0.148344 0.00427507
1 0.921002 0.288237 0.157997 0.297205 0.00427178
1 0.79916 0.765262 0.339729 0.45074 0.00422426
1 0.395252 0.293568 0.781011 0.56395 0.00417388
1 0.913979 0.305343 0.140251 0.22408 0.00416972
1 0.302774 0.776221 0.332971 0.213956 0.00416458
1 0.858252 0.0743938 0.283496 0.148788 0.00411472
1 0.881054 0.199119 0.155592 0.181534 0.00406429
1 0.918155 0.277808 0.16369 0.18203 0.00402659
1 0.609646 0.950065 0.745769 0.0980206 0.00402244
1 0.871285 0.325465 0.173628 0.258555 0.00399911
1 0.319821 0.824644 0.335387 0.301289 0.00385072
1 0.535438 0.349193 0.927519 0.416555 0.00383862
1 0.810775 0.473346 0.378451 0.653225 0.00380289
0 0.661198 0.057463 0.0472218 0.0254126 0.00379639
1 0.751172 0.71934 0.428917 0.521917 0.00375513
2 0.672037 0.591676 0.509397 0.35361 0.00374184
2 0.726404 0.786556 0.47764 0.417931 0.00371291
1 0.0913416 0.196002 0.182683 0.358098 0.00370834
1 0.269235 0.931099 0.538471 0.137801 0.00370429
1 0.0672046 0.348219 0.134409 0.285737 0.00361698
1 0.386668 0.465072 0.353162 0.184229 0.00360166
1 0.482544 0.953502 0.560799 0.0929965 0.0035845
1 0.556019 0.367772 0.466945 0.183476 0.00356872
1 0.66112 0.535387 0.534255 0.406388 0.00353997
1 0.400067 0.475978 0.652105 0.475002 0.00349633
1 0.252816 0.834827 0.505632 0.330346 0.00349182
2 0.128587 0.066583 0.257174 0.133166 0.0034445
0 0.828102 0.235406 0.26148 0.0990275 0.00338302
1 0.812806 0.680975 0.374388 0.614551 0.00337906
1 0.237449 0.567577 0.461906 0.628612 0.00337108
2 0.673985 0.665817 0.518887 0.486501 0.00335583
1 0.323625 0.399631 0.556953 0.361044 0.00334919
1 0.473263 0.749615 0.805988 0.494357 0.00330046
1 0.120482 0.358396 0.23574 0.369633 0.00329679
1 0.11847 0.138345 0.23694 0.269483 0.00327108
0 0.128353 0.0938083 0.256705 0.186264 0.00324568
1 0.142395 0.82476 0.28479 0.346791 0.00323733
1 0.826491 0.60352 0.347018 0.512896 0.00321281
1 0.752056 0.604407 0.411144 0.395043 0.0031333
1 0.729189 0.528981 0.457648 0.460968 0.00310357
1 0.654106 0.788627 0.574691 0.413216 0.00308797
0 0.0594966 0.422003 0.118993 0.295929 0.00307461
2 0.0786125 0.608134 0.157225 0.415375 0.00304974
1 0.085007 0.654265 0.170014 0.470781 0.00298591
1 0.0688874 0.558223 0.137775 0.340677 0.00293486
2 0.837903 0.783202 0.324195 0.429565 0.00292481
0 0.172404 0.42955 0.338636 0.401427 0.00290625
2 0.789644 0.948123 0.420711 0.103754 0.00290399
2 0.0540144 0.515127 0.108029 0.311697 0.0029
1 0.243124 0.764129 0.246619 0.219406 0.00289804
0 0.0227382 0.481675 0.0454764 0.149992 0.00289693
0 0.209625 0.499578 0.411625 0.530419 0.00281902
2 0.0947672 0.681552 0.189534 0.46072 0.0027846
0 0.444277 0.0118228 0.389564 0.0226168 0.00277489
2 0.812091 0.811126 0.336455 0.366625 0.00268418
2 0.125682 0.787789 0.251363 0.400607 0.00259657
2 0.018958 0.426874 0.0379159 0.05561 0.00253199
0 0.520526 0.0093022 0.0889947 0.0186044 0.00241651
1 0.679619 0.891468 0.640762 0.216084 0.00239506
1 0.585517 0.392327 0.549075 0.220004 0.00236095
0 0.0515178 0.430886 0.103036 0.0413073 0.00234141
1 0.847639 0.183365 0.234045 0.211996 0.0023257
0 0.024438 0.110796 0.0488759 0.0954103 0.00227002
1 0.243319 0.73821 0.220448 0.170938 0.00223706
2 0.504264 0.959226 0.615704 0.0815478 0.00222882
0 0.0556376 0.328935 0.111275 0.24895 0.00221916
1 0.375932 0.89338 0.415146 0.21324 0.00221198
2 0.805021 0.887086 0.389957 0.225829 0.00219659
2 0.81582 0.853707 0.36836 0.282462 0.00217664
1 0.914071 0.241719 0.171858 0.211819 0.00212455
0 0.0675732 0.268596 0.135146 0.450092 0.00210292
2 0.021258 0.440821 0.0425159 0.0573068 0.00206388
0 0.11159 0.0350001 0.223181 0.0694848 0.00203702
2 0.770451 0.849137 0.438054 0.295219 0.00190812
1 0.459629 0.476222 0.473535 0.241404 0.00190246
0 0.0302779 0.260659 0.0605558 0.0467662 0.0018962
2 0.0197549 0.450154 0.0395097 0.0700106 0.00188632
0 0.104563 0.049435 0.209126 0.0985755 0.00187982
2 0.754843 0.892743 0.490315 0.213452 0.00187209
1 0.503922 0.363644 0.343906 0.154284 0.00187182
1 0.182564 0.81633 0.170147 0.32846 0.00185176
2 0.286764 0.465906 0.222394 0.173347 0.00183624
0 0.533024 0.00910331 0.0447188 0.0182066 0.00183401
1 0.884413 0.347778 0.204868 0.376876 0.00178946
2 0.0995554 0.0635175 0.199111 0.124715 0.00176678
1 0.255212 0.789028 0.201591 0.248557 0.00176463
2 0.0204396 0.410445 0.0408793 0.0850918 0.00175978
0 0.0715525 0.158893 0.143105 0.317787 0.0017566
0 0.505598 0.0293473 0.558593 0.0579767 0.00174013
1 0.643944 0.416141 0.441741 0.247062 0.00167961
0 0.771963 0.0604066 0.456074 0.120064 0.00167633
2 0.886476 0.219714 0.0856727 0.0460132 0.00165682
1 0.849889 0.310605 0.22532 0.231842 0.00163875
0 0.370383 0.0301323 0.412511 0.0596899 0.00163684
1 0.896359 0.149149 0.188947 0.271923 0.00163461
0 0.0756685 0.304374 0.151337 0.316034 0.00163427
0 0.897448 0.0506225 0.205105 0.100036 0.00162496
1 0.171443 0.0374065 0.342886 0.0739796 0.00162035
0 0.594027 0.0124979 0.212622 0.0241075 0.00161095
1 0.192314 0.0537875 0.384629 0.106798 0.00160199
0 0.540498 0.0191323 0.285014 0.0381734 0.00159144
0 0.49487 0.0103542 0.191068 0.0207084 0.00158295
0 0.0511403 0.050186 0.102281 0.099674 0.00157793
2 0.0232623 0.416507 0.0465246 0.0779932 0.00156293
1 0.479112 0.0304027 0.532271 0.0607724 0.00155792
1 0.44537 0.0270746 0.371921 0.0532817 0.00154969
1 0.535234 0.530151 0.709518 0.328841 0.001548
2 0.0259068 0.482464 0.0518136 0.213614 0.00153802
1 0.150349 0.0481505 0.300699 0.0955556 0.0015224
1 0.205444 0.754913 0.26178 0.201319 0.00152108
1 0.393699 0.511887 0.375096 0.27021 0.00150882
1 0.065031 0.356947 0.130062 0.19004 0.00150808
2 0.301339 0.7695 0.332047 0.21548 0.00150376
0 0.0650087 0.300627 0.130017 0.161271 0.00150141
1 0.917269 0.343973 0.152184 0.374876 0.00148025
1 0.486381 0.391553 0.375465 0.210401 0.00147996
1 0.559296 0.0375363 0.718387 0.0750432 0.00147747
1 0.358802 0.0463136 0.554762 0.0922691 0.00145169
2 0.0206599 0.46321 0.0413198 0.11143 0.0014504
0 0.669623 0.0414782 0.1223 0.0736221 0.00141656
1 0.253892 0.503545 0.246134 0.250457 0.0014058
1 0.234807 0.0440048 0.469613 0.087404 0.00140223
0 0.86852 0.0955182 0.26296 0.189999 0.00140097
1 0.62306 0.592411 0.569122 0.332813 0.00138289
1 0.261228 0.811513 0.233386 0.376975 0.00138105
0 0.602183 0.0435475 0.597272 0.0864111 0.00137992
1 0.283703 0.905722 0.514409 0.188555 0.00137676
1 0.173101 0.782887 0.198423 0.246144 0.00137421
1 0.388504 0.0371392 0.387624 0.0737168 0.00137414
1 0.44817 0.520326 0.457571 0.305972 0.00137395
1 0.256983 0.943448 0.423224 0.11246 0.00137344
1 0.639766 0.0437079 0.547079 0.0867002 0.00136981
1 0.57706 0.555528 0.642361 0.246066 0.00135658
2 0.197194 0.0615381 0.384754 0.121449 0.00135534
0 0.0404611 0.145798 0.0809221 0.154598 0.00135291
1 0.215664 0.734873 0.349414 0.174585 0.00134919
1 0.60313 0.967975 0.622013 0.0640507 0.00134404
1 0.174393 0.814373 0.206006 0.371254 0.00133393
1 0.503572 0.412266 0.486826 0.262734 0.00133202
0 0.0505396 0.122252 0.101079 0.109137 0.0013288
0 0.230326 0.942594 0.452105 0.114344 0.00132824
2 0.230949 0.725075 0.171074 0.167221 0.00132751
1 0.404057 0.543861 0.384872 0.371036 0.00132323
0 0.771285 0.0553761 0.0589339 0.0349146 0.00131769
1 0.0541591 0.398946 0.108318 0.103935 0.00131647
1 0.0542981 0.44448 0.108596 0.0616608 0.00131071
1 0.915388 0.258031 0.169225 0.245756 0.00128151
1 0.845228 0.689594 0.288183 0.233256 0.00128104
0 0.919218 0.189034 0.161563 0.189935 0.00127194
0 0.0874347 0.111903 0.174869 0.214715 0.00127135
1 0.333267 0.434986 0.227269 0.210328 0.0012682
2 0.0335676 0.50556 0.0671352 0.41272 0.0012626
2 0.642509 0.967193 0.592089 0.0656138 0.00125936
2 0.353785 0.846309 0.390229 0.307382 0.00125463
1 0.385841 0.77987 0.419282 0.177239 0.00122934
0 0.144153 0.423839 0.288305 0.0689488 0.001223
0 0.717108 0.0469035 0.565785 0.0926395 0.00121177
1 0.766679 0.691945 0.432205 0.193402 0.00120976
1 0.459972 0.366477 0.247562 0.14864 0.00120703
1 0.392509 0.403108 0.262243 0.22747 0.00120458
2 0.0180037 0.115423 0.0360074 0.0629368 0.0011896
1 0.729594 0.667808 0.411901 0.164598 0.00118803
0 0.0659491 0.358514 0.131898 0.193789 0.00116626
1 0.691311 0.686587 0.537287 0.191578 0.00116542
0 0.916282 0.167411 0.167435 0.244606 0.00116419
2 0.917685 0.655303 0.155966 0.268203 0.00114929
0 0.222919 0.0231236 0.260456 0.0456543 0.00114688
2 0.924281 0.325554 0.151439 0.352184 0.00114424
2 0.552514 0.313592 0.313145 0.163654 0.00114158
2 0.0199519 0.482631 0.0399037 0.15263 0.00113918
0 0.0655434 0.488027 0.131087 0.167505 0.00113287
2 0.396133 0.070083 0.365143 0.138565 0.00112022
0 0.0654376 0.181323 0.130875 0.222217 0.0011167
1 0.790503 0.279537 0.36998 0.187808 0.00111567
1 0.126565 0.0699647 0.25313 0.139085 0.00111473
1 0.39599 0.590024 0.344135 0.503024 0.00111313
2 0.288846 0.0642332 0.407961 0.127455 0.0011098
0 0.882983 0.0557422 0.234034 0.111484 0.00110932
0 0.856898 0.0795878 0.244438 0.146609 0.00110917
2 0.0796276 0.795259 0.159255 0.409482 0.00110838
0 0.0174393 0.491414 0.0348787 0.166587 0.00110733
2 0.0467518 0.56128 0.0935035 0.54607 0.00110721
1 0.90403 0.240439 0.0937127 0.0651857 0.00110325
2 0.0124816 0.526625 0.0249632 0.338488 0.00110305
1 0.802356 0.183722 0.357766 0.219607 0.00110125
1 0.359118 0.560346 0.299856 0.428049 0.00109906
1 0.175891 0.444848 0.351782 0.0881761 0.00109692
2 0.817528 0.622267 0.212481 0.2017 0.00109497
1 0.693942 0.940205 0.612116 0.11959 0.00108474
2 0.0144154 0.50031 0.0288307 0.236387 0.00108357
2 0.718798 0.973366 0.531795 0.0532686 0.00108128
1 0.349395 0.420558 0.255625 0.264955 0.00107799
1 0.766657 0.590226 0.318181 0.30735 0.00107122
2 0.315286 0.584497 0.314567 0.436019 0.0010707
2 0.842644 0.603525 0.164823 0.210354 0.00107058
0 0.827663 0.228981 0.147974 0.0720801 0.00106505
0 0.486468 0.913228 0.464105 0.173545 0.00106219
0 0.0692364 0.187917 0.138473 0.312142 0.00105774
1 0.917432 0.623056 0.165136 0.434201 0.00105713
0 0.674759 0.0357019 0.082982 0.0692738 0.00105669
0 0.784294 0.060191 0.0859004 0.0464878 0.00105632
2 0.0667836 0.581402 0.133567 0.56747 0.00104865
0 0.0199767 0.376814 0.0399534 0.224578 0.00104839
1 0.182114 0.390878 0.364228 0.121066 0.00104724
1 0.231728 0.732988 0.165531 0.155652 0.00104358
1 0.571256 0.320012 0.305132 0.148047 0.00103578
1 0.455342 0.913346 0.40138 0.173309 0.00103527
1 0.496049 0.646143 0.233381 0.569545 0.00103351
2 0.00977748 0.049082 0.019555 0.0981639 0.00103098
1 0.309894 0.528141 0.188773 0.27475 0.0010306
2 0.0151797 0.061332 0.0303594 0.117379 0.00102694
2 0.386377 0.771065 0.416542 0.179185 0.0010259
1 0.385661 0.400817 0.349935 0.245886 0.00102588
1 0.507725 0.674226 0.168868 0.600247 0.00102584
1 0.404419 0.364286 0.172961 0.152674 0.00102258
0 0.0619895 0.145862 0.123979 0.192838 0.00101928
1 0.198754 0.957742 0.397508 0.0838568 0.00101105
0 0.0753102 0.733856 0.15062 0.177071 0.00101021
1 0.900492 0.694179 0.174843 0.195771 0.00100795
0 0.92046 0.892955 0.15677 0.214089 0.00100424
2 0.918556 0.714636 0.153866 0.257038 0.00100327
1 0.520797 0.596124 0.217993 0.469097 0.00100286
0 0.518307 0.0731618 0.419099 0.146264 0.00100019
2 0.375894 0.574914 0.332344 0.437386 0.000997646
2 0.503012 0.695392 0.210948 0.600128 0.000997018
2 0.902129 0.33958 0.185731 0.420838 0.000993682
