1 0.466643 0.576791 0.565517 0.726686 0.739744
2 0.508319 0.366731 0.431013 0.262815 0.736131
1 0.487545 0.718358 0.59731 0.472038 0.517864
1 0.410221 0.726913 0.438075 0.448798 0.304007
1 0.507698 0.368527 0.432256 0.260029 0.0523798
0 0.887343 0.239089 0.0384485 0.0175704 0.0415566
0 0.886603 0.241839 0.0427167 0.0221497 0.0319579
0 0.763293 0.413378 0.0530007 0.0315236 0.0306761
1 0.400763 0.795711 0.417969 0.321368 0.0237857
1 0.496083 0.531647 0.467535 0.600353 0.0205696
2 0.523973 0.427347 0.466971 0.400925 0.0147295
0 0.025775 0.0183426 0.0494115 0.0356667 0.0139789
1 0.410931 0.0619199 0.821863 0.12384 0.0138139
1 0.479526 0.472003 0.620585 0.479471 0.0132381
1 0.439294 0.220038 0.870138 0.440075 0.0119733
1 0.436935 0.0850555 0.776455 0.170111 0.0113429
1 0.512055 0.272749 0.431868 0.460505 0.0098097
1 0.399064 0.755961 0.740782 0.476251 0.00941657
1 0.411126 0.140602 0.820481 0.2805 0.00759243
1 0.612546 0.438582 0.628916 0.451012 0.00748278
1 0.351603 0.82343 0.621625 0.351408 0.00734392
1 0.449764 0.818402 0.559888 0.343242 0.00722106
0 0.0670349 0.021403 0.13407 0.0428061 0.00651071
1 0.575101 0.0709389 0.708607 0.141878 0.00644183
1 0.458185 0.637917 0.534285 0.393285 0.0064051
0 0.0947053 0.028522 0.189411 0.0567099 0.00623292
1 0.547777 0.110115 0.825831 0.219877 0.00599021
1 0.562746 0.940984 0.652221 0.117204 0.00596803
1 0.546124 0.195065 0.832152 0.390129 0.00592207
1 0.67183 0.0771728 0.606483 0.154346 0.00563703
1 0.749449 0.0883868 0.490223 0.176774 0.00563259
1 0.248601 0.130445 0.489736 0.260889 0.00543901
1 0.705024 0.111992 0.556339 0.223186 0.00538571
1 0.379989 0.97348 0.526331 0.052935 0.00537688
1 0.585536 0.553424 0.631058 0.678996 0.00534456
1 0.807181 0.119104 0.358842 0.237641 0.00529311
0 0.55368 0.386068 0.543306 0.296325 0.00528932
1 0.619912 0.325125 0.634906 0.351618 0.00507976
2 0.108847 0.0186452 0.217694 0.0368617 0.00507912
0 0.0376353 0.02197 0.0752706 0.0412278 0.00507866
0 0.300457 0.0960928 0.600915 0.192186 0.00493011
0 0.761517 0.407922 0.0609401 0.0457264 0.0048548
1 0.686927 0.410003 0.569207 0.428149 0.00470789
1 0.286508 0.749328 0.562336 0.478791 0.00465972
1 0.676649 0.495778 0.589039 0.547706 0.00463889
1 0.457774 0.969389 0.565918 0.0611322 0.00456474
1 0.856835 0.150425 0.256455 0.30085 0.0045506
1 0.822253 0.080579 0.34563 0.16087 0.00454375
0 0.129708 0.0373369 0.259416 0.0744157 0.00445305
1 0.604235 0.250696 0.689327 0.499535 0.00439998
1 0.849375 0.10842 0.280844 0.216117 0.00438981
1 0.543349 0.834052 0.752521 0.32769 0.00420932
1 0.340924 0.444408 0.549539 0.449065 0.00396509
0 0.251316 0.0630296 0.502633 0.126059 0.00384772
0 0.175816 0.126593 0.34621 0.253186 0.0038249
1 0.310847 0.64372 0.250425 0.286546 0.00381245
1 0.619039 0.66711 0.679475 0.604297 0.00380368
1 0.504984 0.955234 0.677441 0.0893894 0.0037991
0 0.556848 0.270818 0.638662 0.460426 0.00379337
1 0.712817 0.586549 0.503006 0.736851 0.00371479
1 0.568952 0.381625 0.311305 0.238407 0.0036706
2 0.601769 0.960802 0.712881 0.0773892 0.00365493
1 0.311925 0.653494 0.509401 0.525395 0.00362677
1 0.441655 0.587023 0.771896 0.64977 0.00362091
1 0.20476 0.18584 0.389417 0.369329 0.00361319
1 0.793659 0.239688 0.340372 0.474485 0.00353281
1 0.791063 0.442093 0.378073 0.398558 0.00342747
2 0.0471258 0.0183756 0.0942515 0.0363901 0.00342162
1 0.718718 0.356158 0.502557 0.414304 0.00334482
2 0.0882642 0.743927 0.176528 0.348284 0.00332812
0 0.128467 0.136373 0.256934 0.25246 0.00332321
1 0.640113 0.321756 0.61398 0.484521 0.00331853
1 0.202734 0.712372 0.380905 0.487994 0.00328601
1 0.828065 0.0877607 0.343871 0.175521 0.00328418
0 0.477838 0.415443 0.729161 0.44252 0.00323268
2 0.106342 0.789763 0.212683 0.350056 0.0032076
0 0.463237 0.262671 0.818098 0.525342 0.00317297
2 0.0670824 0.692681 0.134165 0.353973 0.00315458
2 0.848242 0.12588 0.303516 0.250325 0.00313177
1 0.171389 0.516392 0.32486 0.504797 0.00312626
0 0.162211 0.182018 0.313658 0.363836 0.00311975
1 0.152117 0.446903 0.28534 0.435931 0.00307681
0 0.425412 0.321139 0.674396 0.465866 0.00305437
2 0.0849842 0.281832 0.169968 0.340388 0.00305404
0 0.106573 0.0194307 0.213146 0.038064 0.00301087
2 0.583068 0.314514 0.266677 0.140958 0.0030096
2 0.0809079 0.33995 0.161816 0.325529 0.00299955
2 0.889296 0.959377 0.221408 0.0812466 0.00299828
0 0.927935 0.319819 0.144131 0.334242 0.00299811
0 0.617151 0.311381 0.206858 0.139149 0.00297277
2 0.10274 0.227949 0.205479 0.345444 0.0029635
0 0.115019 0.190136 0.230038 0.341949 0.00296044
1 0.702054 0.266728 0.5048 0.524642 0.00294981
0 0.86367 0.167388 0.27266 0.323465 0.00294178
0 0.178925 0.684422 0.339311 0.530332 0.00294067
0 0.161477 0.964427 0.322954 0.0711468 0.00292049
0 0.399665 0.013205 0.278591 0.0255728 0.00291219
1 0.624407 0.765171 0.689866 0.447315 0.00290688
1 0.873132 0.35441 0.21551 0.346571 0.00289457
1 0.617431 0.310389 0.204723 0.135018 0.00289374
2 0.0617936 0.619201 0.123587 0.365264 0.00289201
0 0.868591 0.423312 0.262817 0.40457 0.00288807
1 0.729906 0.736452 0.488264 0.505903 0.00286006
2 0.0786312 0.552632 0.157262 0.347746 0.00285978
0 0.094511 0.501547 0.189022 0.355426 0.00285678
0 0.91553 0.214941 0.168941 0.372692 0.00285374
1 0.772229 0.583093 0.415596 0.525715 0.00284602
0 0.145056 0.265146 0.282529 0.521705 0.00283823
0 0.8827 0.1684 0.211166 0.320852 0.00282611
2 0.0855513 0.401912 0.171103 0.328621 0.00282156
0 0.201354 0.253942 0.374541 0.507884 0.0028118
0 0.685441 0.556413 0.121989 0.11893 0.00280449
1 0.230054 0.414147 0.335534 0.475295 0.00277557
0 0.66997 0.548596 0.161455 0.133211 0.00275846
0 0.840783 0.476525 0.318434 0.420873 0.00274849
0 0.130865 0.0571129 0.26173 0.112656 0.00274834
1 0.469993 0.520527 0.57141 0.214182 0.0027366
0 0.100788 0.264296 0.0324439 0.0265839 0.00273233
2 0.740607 0.771475 0.47664 0.447088 0.00271093
0 0.840518 0.589359 0.318964 0.435591 0.0026857
0 0.909834 0.305036 0.148836 0.338438 0.00265309
0 0.750615 0.300791 0.438446 0.483139 0.00263745
0 0.142135 0.403603 0.268915 0.45267 0.00263464
0 0.214649 0.326018 0.326137 0.58834 0.00261939
0 0.155215 0.898754 0.31043 0.196955 0.00261013
2 0.767268 0.669855 0.412301 0.562876 0.00260096
1 0.6654 0.554423 0.159141 0.125187 0.00259289
0 0.640167 0.536624 0.210172 0.162134 0.00258049
0 0.90629 0.234784 0.159141 0.33159 0.0025664
1 0.363481 0.630048 0.361644 0.261923 0.00255388
0 0.348198 0.303875 0.0984443 0.112377 0.00251967
0 0.317092 0.856607 0.631038 0.281794 0.00251031
0 0.810772 0.25586 0.325875 0.496665 0.00250914
0 0.893273 0.248617 0.0592263 0.0380626 0.00249545
0 0.274623 0.362618 0.0257582 0.0186856 0.0024855
1 0.390329 0.714354 0.395184 0.337537 0.00246483
2 0.577038 0.372232 0.29356 0.250028 0.00244462
0 0.122134 0.847885 0.244269 0.279337 0.00244193
1 0.468081 0.395064 0.314625 0.212297 0.00243804
2 0.828998 0.699022 0.342004 0.457467 0.00243608
2 0.853055 0.965196 0.29389 0.069054 0.00238789
0 0.889601 0.907494 0.220797 0.180077 0.00238232
2 0.824149 0.80468 0.317328 0.365969 0.00234992
2 0.866682 0.875062 0.266637 0.221596 0.00234841
0 0.87322 0.852852 0.25356 0.248642 0.0022999
1 0.641158 0.872559 0.717685 0.252059 0.00229335
2 0.861986 0.820424 0.276028 0.322106 0.00227597
2 0.0283846 0.0177714 0.0567691 0.0354919 0.00226282
1 0.418144 0.480654 0.385722 0.255208 0.00225917
0 0.377097 0.317676 0.156908 0.140388 0.00224335
1 0.512638 0.541152 0.478298 0.168648 0.00219372
0 0.0207135 0.590838 0.0410581 0.0428991 0.00217642
0 0.0819775 0.0493573 0.163955 0.0973295 0.00215001
0 0.48743 0.0183797 0.224782 0.0364183 0.00209491
0 0.081898 0.0167088 0.163796 0.0334176 0.00208886
1 0.546082 0.514891 0.410349 0.215295 0.00208317
0 0.21455 0.0358436 0.429101 0.0716871 0.00198928
1 0.458948 0.427547 0.298716 0.146436 0.00198876
2 0.669099 0.814941 0.646449 0.364002 0.00194831
0 0.809918 0.864216 0.358867 0.260248 0.00194501
0 0.915124 0.246946 0.103933 0.0380974 0.00192384
1 0.558887 0.422554 0.48157 0.287054 0.00191126
0 0.664932 0.542647 0.129779 0.101377 0.00187969
0 0.617812 0.287362 0.197584 0.0913411 0.00187449
2 0.695514 0.90817 0.608972 0.181718 0.00187078
0 0.846566 0.9058 0.306868 0.182021 0.00185839
0 0.0276629 0.0175601 0.0553259 0.0351202 0.00184721
1 0.275929 0.590183 0.162262 0.181861 0.0018455
1 0.463893 0.446513 0.330514 0.112279 0.00182198
1 0.45482 0.560015 0.612869 0.180916 0.00181491
0 0.475081 0.0201448 0.596358 0.0392754 0.00180917
1 0.397894 0.598267 0.435062 0.201877 0.00176517
0 0.205274 0.0284836 0.410549 0.0559499 0.00173468
0 0.245873 0.0196964 0.128188 0.0386882 0.00173266
0 0.442944 0.010972 0.135412 0.021944 0.0017034
0 0.659481 0.520931 0.184728 0.195496 0.00169225
1 0.457311 0.787076 0.292167 0.272372 0.00169133
0 0.295417 0.0293088 0.590834 0.0574977 0.00165402
1 0.417525 0.0269571 0.510107 0.053282 0.00160835
1 0.454219 0.606193 0.641162 0.223133 0.00158531
0 0.298003 0.0179996 0.480372 0.0353159 0.00157877
0 0.334948 0.299119 0.0712998 0.101832 0.00156995
0 0.693444 0.585545 0.0824913 0.0580919 0.00156899
1 0.305509 0.609245 0.220966 0.22068 0.00156723
0 0.591766 0.516105 0.311709 0.20804 0.00154168
0 0.52102 0.317567 0.398494 0.142373 0.00153766
1 0.360596 0.358228 0.139397 0.234566 0.00153479
0 0.719776 0.547253 0.257203 0.139885 0.0015149
2 0.466159 0.378569 0.32415 0.251105 0.00150739
1 0.403566 0.524054 0.442732 0.320463 0.00150053
1 0.560048 0.374052 0.568489 0.219221 0.00149803
1 0.274346 0.0327477 0.548692 0.0654954 0.00149747
1 0.522025 0.0359865 0.762403 0.0716919 0.00148968
2 0.259035 0.57644 0.126236 0.156498 0.00146784
0 0.0208623 0.60589 0.0417245 0.0671642 0.00144601
0 0.778591 0.0420098 0.442819 0.0833734 0.00144382
0 0.913435 0.276508 0.117136 0.0964292 0.00142937
2 0.431253 0.874011 0.592876 0.166533 0.00142451
0 0.566131 0.0389806 0.866117 0.0770327 0.00142293
0 0.929525 0.237746 0.1346 0.0417139 0.00141679
2 0.365633 0.360206 0.142436 0.223351 0.001415
1 0.551849 0.0540768 0.803264 0.108094 0.00141081
1 0.302535 0.681286 0.210255 0.240808 0.00140107
1 0.306299 0.738267 0.219843 0.346154 0.00139418
0 0.0232574 0.614259 0.0465147 0.175454 0.00138898
1 0.635744 0.354055 0.506798 0.183564 0.00138061
1 0.335608 0.0395224 0.671215 0.0790449 0.0013496
1 0.369245 0.703358 0.34396 0.23476 0.00134473
2 0.898427 0.2048 0.0647797 0.0834826 0.0013438
0 0.482047 0.850721 0.482777 0.200778 0.00133331
0 0.924898 0.252067 0.125935 0.0529264 0.00133158
1 0.454459 0.89379 0.330584 0.110616 0.00131502
1 0.405103 0.889382 0.509912 0.121618 0.00129643
0 0.766282 0.424649 0.0618824 0.0575968 0.00129431
0 0.257845 0.565946 0.133535 0.126495 0.00127171
2 0.0216471 0.0308247 0.0432942 0.0579988 0.00126649
0 0.930081 0.0770255 0.139837 0.150774 0.0012592
1 0.672984 0.0366202 0.654031 0.0719854 0.00125705
0 0.0701066 0.493184 0.140213 0.271149 0.00125225
0 0.841329 0.0432841 0.317343 0.0860702 0.00125145
1 0.258404 0.577072 0.128069 0.154771 0.00124908
1 0.321022 0.772228 0.27371 0.306755 0.0012408
1 0.328542 0.0296545 0.542089 0.0589727 0.00123321
2 0.499132 0.838138 0.355293 0.220381 0.00123145
0 0.699571 0.570052 0.085112 0.0864746 0.00122332
0 0.329124 0.0390415 0.658247 0.078083 0.00121846
1 0.431987 0.418262 0.327567 0.289258 0.00120736
1 0.433278 0.825888 0.338502 0.254958 0.00120735
0 0.18282 0.987874 0.36564 0.0237244 0.00119279
1 0.358704 0.752416 0.316199 0.315437 0.00118038
0 0.669046 0.0303675 0.661907 0.0593562 0.00117454
0 0.077423 0.46302 0.154846 0.387655 0.00116971
1 0.623748 0.0524485 0.569768 0.104897 0.00116694
1 0.492588 0.435266 0.500496 0.217397 0.00116593
1 0.4936 0.860643 0.563905 0.193121 0.00116112
0 0.886769 0.0417183 0.224108 0.082052 0.00115455
0 0.223358 0.0162021 0.133945 0.0324043 0.00115098
1 0.270688 0.64886 0.225835 0.314774 0.00114966
1 0.723185 0.053123 0.553631 0.106246 0.00114174
1 0.507268 0.423831 0.414125 0.15302 0.00113807
2 0.73655 0.376159 0.118776 0.100903 0.00113318
1 0.413342 0.658894 0.51775 0.255744 0.001133
0 0.936787 0.241197 0.126427 0.157727 0.00112364
0 0.339332 0.323825 0.138925 0.152957 0.00111976
0 0.0312133 0.626597 0.0624267 0.264381 0.00111408
1 0.476304 0.836617 0.25073 0.230782 0.00111205
2 0.440565 0.966487 0.588158 0.0670255 0.00110851
0 0.88657 0.244866 0.0493143 0.0324034 0.00110644
0 0.282231 0.0197494 0.196062 0.0388525 0.00110555
0 0.875445 0.240037 0.0616024 0.0253281 0.00109916
0 0.254217 0.548363 0.125643 0.0970156 0.00109466
0 0.450125 0.895275 0.312541 0.108097 0.00109205
2 0.0845604 0.0811952 0.169121 0.153505 0.00109196
0 0.444799 0.0111959 0.200761 0.0223918 0.00108982
2 0.85567 0.0746196 0.28866 0.147357 0.00108662
2 0.520922 0.970423 0.61485 0.0591538 0.00108294
2 0.44329 0.901784 0.619029 0.163992 0.00108133
0 0.878416 0.0822334 0.242983 0.162984 0.00107876
0 0.146196 0.0188848 0.179575 0.0368272 0.00107408
1 0.509818 0.908307 0.659528 0.176882 0.00106887
1 0.63413 0.457953 0.29497 0.325913 0.00106811
0 0.101051 0.0601862 0.0654358 0.0423497 0.00106611
1 0.59339 0.450888 0.413481 0.365267 0.00106477
0 0.129597 0.266553 0.107509 0.0347982 0.00106431
2 0.642255 0.0674052 0.346774 0.133966 0.00105994
2 0.392874 0.958472 0.525305 0.0830549 0.00105562
0 0.68476 0.552923 0.405311 0.128468 0.0010529
0 0.0460722 0.745359 0.0921444 0.226016 0.00105134
2 0.0395371 0.630439 0.0790742 0.349396 0.00105045
0 0.133251 0.265231 0.155425 0.0414667 0.00105019
0 0.500628 0.0110104 0.278272 0.0220207 0.00104715
2 0.643326 0.358908 0.330992 0.153601 0.0010461
2 0.926417 0.885454 0.142118 0.229092 0.00104371
0 0.0697755 0.536825 0.139551 0.147821 0.00103976
2 0.691594 0.440311 0.218423 0.150101 0.00103925
2 0.35951 0.39896 0.135871 0.367401 0.00103907
0 0.0468889 0.46452 0.0937779 0.492678 0.00103896
2 0.0485863 0.753044 0.0971726 0.441836 0.00103117
0 0.579994 0.0689933 0.45087 0.13654 0.00102567
0 0.132215 0.98835 0.26443 0.0227617 0.00102143
0 0.100765 0.99369 0.145815 0.0122433 0.00101749
0 0.0286184 0.363199 0.0572367 0.243905 0.00101629
2 0.057596 0.806917 0.115192 0.264271 0.00101405
2 0.223834 0.592005 0.438886 0.194842 0.00101322
1 0.337535 0.364482 0.150222 0.240411 0.00101299
0 0.0830277 0.84039 0.166055 0.31922 0.00101294
1 0.421997 0.873353 0.40405 0.154168 0.00101271
2 0.323249 0.0693764 0.452832 0.137977 0.0010096
0 0.274179 0.649684 0.206907 0.303536 0.00100879
2 0.602803 0.865109 0.511976 0.203594 0.00100873
1 0.269123 0.719203 0.208046 0.289245 0.00100742
1 0.427814 0.750341 0.358596 0.279386 0.0010005
1 0.605837 0.59109 0.292784 0.188459 0.000998461
2 0.26717 0.985323 0.491694 0.0293547 0.000996035
2 0.304066 0.981714 0.5037 0.0365727 0.000993318
0 0.338114 0.407657 0.217602 0.301466 0.000990399
2 0.334211 0.969004 0.507858 0.0619924 0.000987607
2 0.789322 0.0670694 0.421357 0.132431 0.000986426
2 0.0747432 0.820225 0.149486 0.331626 0.000984854
2 0.602384 0.977694 0.559694 0.044612 0.000984792
