0 0.239139 0.321673 0.300192 0.297644 0.796156
0 0.458687 0.609996 0.227663 0.284193 0.534483
0 0.0232795 0.270337 0.0455529 0.144801 0.196562
0 0.435867 0.530186 0.267132 0.454024 0.166286
0 0.168274 0.916305 0.143794 0.110087 0.0983716
0 0.325354 0.458183 0.495075 0.602434 0.0887718
0 0.276759 0.709227 0.0374208 0.0461093 0.0849838
0 0.240135 0.459189 0.306036 0.575305 0.0770571
0 0.511839 0.532212 0.115521 0.117925 0.0393285
0 0.0245214 0.282023 0.0490428 0.341305 0.028145
0 0.0212096 0.226418 0.0424193 0.389762 0.0273415
0 0.689793 0.977991 0.0404011 0.0429919 0.0207454
0 0.480574 0.536941 0.17944 0.132257 0.0203169
0 0.230799 0.286274 0.276415 0.225244 0.019797
0 0.0239165 0.176656 0.047833 0.353312 0.0190972
0 0.085753 0.524949 0.0566236 0.069257 0.0189092
0 0.174427 0.24293 0.348854 0.471617 0.0175481
0 0.0201532 0.342483 0.0403064 0.400373 0.0168059
0 0.242538 0.546625 0.328609 0.785665 0.0166775
0 0.326173 0.318227 0.487698 0.330919 0.0159534
0 0.328479 0.552988 0.518419 0.402683 0.0145885
0 0.245207 0.240585 0.323322 0.451669 0.0145792
0 0.203919 0.340002 0.407838 0.444687 0.0138216
0 0.283685 0.931822 0.428684 0.136356 0.0133673
0 0.256331 0.663259 0.088054 0.140792 0.0132751
0 0.687455 0.991882 0.0436285 0.0155629 0.0123847
0 0.360225 0.239056 0.565031 0.478111 0.0118397
0 0.0227651 0.394694 0.0455302 0.477837 0.0114456
0 0.538101 0.65139 0.398683 0.36658 0.0113278
0 0.207569 0.456189 0.415138 0.635225 0.0112509
0 0.0217964 0.220569 0.0429278 0.0685636 0.0111846
0 0.352875 0.650633 0.515975 0.380886 0.0102965
0 0.1326 0.182712 0.2652 0.364787 0.0100407
0 0.0137908 0.294883 0.0272625 0.162679 0.00978268
0 0.665893 0.981641 0.233995 0.0367182 0.00937178
0 0.464321 0.731978 0.242179 0.532907 0.0093026
0 0.544225 0.72977 0.406529 0.540174 0.00926114
2 0.121367 0.931133 0.0470746 0.0400896 0.00907009
0 0.45091 0.573804 0.210987 0.2179 0.00906281
0 0.420869 0.563243 0.148515 0.199761 0.00897676
0 0.0218046 0.235307 0.0428548 0.0966645 0.0087947
0 0.0395773 0.176685 0.0791546 0.35337 0.00864713
0 0.0500358 0.514251 0.0999569 0.724496 0.0086252
0 0.20131 0.926487 0.272215 0.139461 0.00845915
0 0.251637 0.238803 0.503274 0.477607 0.00826791
0 0.096553 0.525907 0.0342388 0.0654876 0.0081274
0 0.18417 0.907417 0.0665574 0.0883274 0.00812262
0 0.0696782 0.529114 0.021215 0.0300905 0.00762799
0 0.072048 0.526464 0.025656 0.037257 0.00762112
0 0.498387 0.550887 0.145105 0.158121 0.00760184
0 0.181659 0.55754 0.363319 0.866725 0.00759796
0 0.0308441 0.319262 0.0605323 0.39029 0.00748483
0 0.40271 0.730112 0.344313 0.533174 0.00726828
0 0.709548 0.970739 0.335735 0.0585211 0.00700205
0 0.290233 0.303029 0.190372 0.251073 0.00698113
0 0.121662 0.931172 0.0498568 0.045482 0.00696258
0 0.148543 0.931408 0.204341 0.136142 0.00693326
0 0.70356 0.98368 0.288474 0.0326403 0.00672845
2 0.122385 0.916095 0.0519059 0.0724853 0.00664544
2 0.0222096 0.259006 0.0444193 0.127204 0.0066251
0 0.0479315 0.268388 0.0958629 0.180861 0.00614671
0 0.0492137 0.230838 0.0984274 0.24141 0.00604407
0 0.313292 0.955101 0.526119 0.089797 0.00601703
0 0.299198 0.351842 0.181682 0.237792 0.00587327
0 0.260555 0.55955 0.509374 0.869177 0.00582841
0 0.0556389 0.292841 0.111278 0.228801 0.00568852
0 0.771593 0.971464 0.370737 0.0570725 0.00538992
0 0.191922 0.931757 0.369793 0.134363 0.00533452
0 0.185217 0.140443 0.370434 0.280886 0.00531973
0 0.120892 0.914403 0.0518022 0.0723642 0.0052673
0 0.467386 0.415903 0.026608 0.0365806 0.00519145
0 0.43561 0.235387 0.85963 0.470775 0.00516785
0 0.0859974 0.161859 0.171995 0.323719 0.00512013
0 0.197111 0.364102 0.212349 0.211232 0.00504991
0 0.448409 0.346803 0.860669 0.690061 0.00497281
0 0.217492 0.380251 0.258781 0.172458 0.00483598
0 0.345936 0.410418 0.597035 0.79725 0.00482722
0 0.240275 0.648046 0.0522501 0.116219 0.00477626
0 0.442763 0.634117 0.162338 0.231151 0.00472498
0 0.321678 0.724506 0.529672 0.54816 0.00461373
0 0.00779056 0.302912 0.0155811 0.0536658 0.00461058
0 0.701983 0.99043 0.0590048 0.0183356 0.00458797
0 0.276839 0.715904 0.0417052 0.0598152 0.00449599
0 0.189685 0.901461 0.370363 0.194182 0.00447519
0 0.478659 0.172341 0.890477 0.344683 0.00442547
2 0.796809 0.971135 0.354055 0.0577307 0.00440579
2 0.59987 0.089433 0.522455 0.178372 0.0044029
2 0.525965 0.12619 0.628094 0.252379 0.00434824
0 0.669065 0.986852 0.0874741 0.0257916 0.00426605
0 0.303195 0.267782 0.16694 0.170848 0.0042373
0 0.632718 0.969324 0.434295 0.0613522 0.00419836
0 0.0508634 0.719967 0.101727 0.421886 0.00417161
0 0.35204 0.926856 0.525392 0.144124 0.0041675
0 0.587029 0.0896045 0.6482 0.178318 0.00411056
0 0.131052 0.68332 0.262104 0.600173 0.00410761
0 0.454719 0.0967575 0.75823 0.19197 0.00410023
0 0.672889 0.980176 0.0779981 0.0394965 0.00409511
0 0.509128 0.136346 0.778442 0.272693 0.00409031
0 0.574777 0.130484 0.565817 0.260968 0.00405686
0 0.377886 0.969077 0.500916 0.061847 0.00404869
0 0.648503 0.0992551 0.467206 0.197519 0.00399316
2 0.852526 0.604001 0.286086 0.743496 0.0039397
0 0.22676 0.115047 0.45352 0.230095 0.00393182
0 0.0156403 0.283499 0.0312806 0.0921667 0.00392311
0 0.197858 0.910241 0.0927998 0.0942985 0.00387465
0 0.698664 0.17 0.585932 0.339751 0.00375069
0 0.324474 0.118802 0.628961 0.237604 0.00373054
0 0.751631 0.915002 0.418656 0.162945 0.00371959
0 0.189273 0.28233 0.191138 0.206126 0.00368367
0 0.157055 0.817154 0.313359 0.361581 0.00365052
0 0.751772 0.1261 0.437638 0.251647 0.00362963
0 0.50947 0.541468 0.0740219 0.12002 0.00356706
0 0.603109 0.979897 0.272316 0.0402051 0.00353709
2 0.709701 0.272109 0.564774 0.544218 0.003533
0 0.787694 0.18309 0.41497 0.365905 0.00350196
0 0.264578 0.76937 0.509434 0.45398 0.00350174
0 0.414445 0.613145 0.159651 0.28293 0.0034286
0 0.499709 0.97124 0.383879 0.0575195 0.00342375
0 0.262818 0.683014 0.0772726 0.12509 0.00337457
0 0.0603753 0.794363 0.120147 0.401716 0.00335776
0 0.524712 0.643705 0.474732 0.497962 0.00332947
0 0.839651 0.118941 0.319729 0.23713 0.0032886
0 0.916059 0.218895 0.167446 0.431385 0.00328731
0 0.891303 0.170573 0.217395 0.338803 0.00325115
2 0.927438 0.960476 0.145124 0.0790471 0.00324902
0 0.562402 0.216628 0.633816 0.430657 0.00324367
0 0.0540114 0.7799 0.108023 0.303497 0.00323575
0 0.93578 0.593371 0.126153 0.66644 0.00323205
2 0.811335 0.561567 0.364178 0.80986 0.00323014
0 0.709621 0.954351 0.326027 0.0906257 0.00320839
0 0.00893041 0.329989 0.0176594 0.0921183 0.00317373
0 0.183946 0.325696 0.180576 0.289907 0.00315777
0 0.46067 0.551317 0.537662 0.629698 0.00312473
2 0.757525 0.380618 0.474664 0.754482 0.00312015
0 0.178518 0.894906 0.0491807 0.0623384 0.00309224
0 0.925657 0.284504 0.14799 0.536617 0.00308622
2 0.749818 0.614419 0.472662 0.71454 0.00307692
0 0.675555 0.914544 0.412505 0.157481 0.00304928
2 0.886506 0.968125 0.226988 0.0637499 0.00302059
0 0.929307 0.423509 0.139753 0.607483 0.00300299
0 0.852286 0.608487 0.295428 0.675315 0.00300135
0 0.82898 0.21691 0.340951 0.433616 0.00292372
0 0.657006 0.37812 0.662223 0.750212 0.00284281
0 0.563145 0.679222 0.571379 0.594487 0.00276544
0 0.0543107 0.773405 0.108023 0.19183 0.0027596
0 0.0370896 0.369789 0.0728538 0.5127 0.00271854
0 0.097547 0.525942 0.0627 0.0687362 0.00268943
0 0.823314 0.46531 0.346309 0.892437 0.00267203
0 0.758163 0.573196 0.456976 0.810094 0.00266434
0 0.94403 0.671188 0.108898 0.590767 0.00264386
0 0.0746707 0.30183 0.149341 0.307325 0.00262965
0 0.25183 0.363718 0.281878 0.214683 0.00260959
0 0.270697 0.271167 0.235825 0.183927 0.00260237
0 0.511674 0.907606 0.434677 0.144589 0.00259366
0 0.515002 0.57145 0.247703 0.201622 0.00258576
0 0.929675 0.880405 0.14065 0.231052 0.00258394
0 0.0155085 0.406747 0.031017 0.546479 0.00257851
0 0.823641 0.910179 0.352718 0.173347 0.00256478
0 0.555874 0.31716 0.632475 0.627471 0.00256436
0 0.155722 0.295808 0.122786 0.241511 0.00251787
0 0.745694 0.982345 0.289847 0.0353102 0.00251162
2 0.84037 0.704919 0.308153 0.579349 0.00240833
0 0.143295 0.325145 0.100158 0.294359 0.00239958
0 0.650833 0.613935 0.610418 0.762399 0.00239162
0 0.10288 0.418539 0.0919293 0.282743 0.00237727
2 0.942578 0.74228 0.112278 0.474838 0.00236975
0 0.938617 0.78516 0.121416 0.362802 0.0023057
0 0.187794 0.39875 0.191596 0.139811 0.0023005
0 0.446944 0.446449 0.665035 0.892898 0.00229402
0 0.407541 0.592087 0.119789 0.163181 0.00228191
0 0.91595 0.821592 0.1681 0.316739 0.00224058
0 0.0149246 0.310296 0.0292058 0.235496 0.00221741
0 0.506165 0.738269 0.586958 0.497097 0.00220135
0 0.467223 0.425533 0.0325422 0.0527374 0.00215992
0 0.553878 0.55159 0.632351 0.843445 0.00215862
2 0.240404 0.639635 0.0537325 0.0968461 0.00215325
0 0.0177336 0.769742 0.0333431 0.058465 0.00208124
0 0.0107765 0.585715 0.0215531 0.26124 0.00206837
0 0.153748 0.901862 0.123402 0.103326 0.0020478
0 0.746633 0.7156 0.4745 0.558168 0.00200187
0 0.0147792 0.147806 0.0295584 0.295612 0.00199612
0 0.205031 0.913734 0.195905 0.121446 0.00198701
0 0.630387 0.831864 0.600945 0.31813 0.0019747
0 0.0124902 0.0504141 0.0242846 0.100097 0.00195934
2 0.788317 0.772694 0.399532 0.444804 0.00190466
0 0.0110982 0.495778 0.0221964 0.462885 0.00189777
0 0.340545 0.986159 0.256654 0.0276829 0.00188344
0 0.331701 0.689842 0.202792 0.114468 0.00188264
2 0.151271 0.90663 0.106735 0.0934308 0.00187706
0 0.270531 0.245658 0.2369 0.128654 0.00185461
0 0.764684 0.814337 0.45529 0.363131 0.00185056
0 0.0961784 0.0167632 0.158263 0.0325711 0.00183161
0 0.172859 0.899603 0.162445 0.167747 0.00182932
0 0.847444 0.794078 0.305112 0.381462 0.00181535
0 0.437846 0.667205 0.22043 0.150339 0.00181152
0 0.23869 0.661745 0.127158 0.144942 0.00180837
0 0.352445 0.663431 0.294029 0.16107 0.00178108
0 0.752069 0.945463 0.377975 0.108245 0.00173181
0 0.263836 0.236419 0.175337 0.114357 0.00170819
0 0.0536673 0.751639 0.107335 0.130152 0.0016836
0 0.141336 0.280333 0.0929464 0.182 0.00164981
0 0.0360112 0.0460804 0.0720225 0.0921608 0.00164501
1 0.216538 0.373993 0.362092 0.190569 0.00164305
0 0.0107844 0.611919 0.0215688 0.395622 0.0016411
0 0.123883 0.479522 0.134445 0.16357 0.00164008
0 0.0124237 0.0996013 0.0248474 0.195315 0.00163814
0 0.0208436 0.674048 0.0416872 0.510138 0.00163191
0 0.542404 0.510799 0.0527115 0.0708912 0.00162437
1 0.0799543 0.330425 0.159909 0.347721 0.0015933
0 0.42296 0.653299 0.152153 0.199091 0.00158382
0 0.211698 0.248336 0.167715 0.136664 0.00157404
0 0.129336 0.394527 0.102144 0.35247 0.00155815
0 0.655119 0.959973 0.34845 0.0795457 0.00152924
0 0.00906603 0.592115 0.0179751 0.0803626 0.00152901
0 0.101705 0.404157 0.137766 0.33116 0.00151549
0 0.19932 0.92665 0.0806862 0.100292 0.00151455
0 0.0125861 0.592837 0.0243803 0.102121 0.00150857
2 0.958763 0.117996 0.0824627 0.235992 0.00150387
0 0.172942 0.204932 0.0444102 0.0679906 0.00150087
0 0.316669 0.234336 0.138286 0.129821 0.00147058
0 0.275037 0.725474 0.0462345 0.0623238 0.00146484
0 0.281675 0.984309 0.326376 0.0313823 0.00141949
0 0.830615 0.98103 0.33877 0.0379402 0.00141724
0 0.523556 0.518698 0.0895319 0.0933812 0.00141377
0 0.375988 0.982918 0.322809 0.0341641 0.00141135
0 0.535639 0.920953 0.0255144 0.0385542 0.00140972
0 0.112592 0.0197054 0.225183 0.0381614 0.00140191
0 0.422924 0.624562 0.220109 0.262916 0.00139315
0 0.848004 0.97399 0.303992 0.0520198 0.00137813
1 0.644369 0.042542 0.423052 0.0840813 0.00137404
0 0.191356 0.929872 0.0997319 0.140256 0.00136568
0 0.357157 0.613519 0.287029 0.284242 0.0013556
0 0.22585 0.937267 0.025715 0.0366702 0.00135483
0 0.148936 0.388634 0.107792 0.189206 0.00134958
1 0.473269 0.612566 0.228242 0.270746 0.00134329
0 0.530665 0.510708 0.0760555 0.0762061 0.00133567
1 0.671036 0.0340245 0.348071 0.0672216 0.00132962
1 0.664487 0.0648958 0.400153 0.12976 0.00130413
0 0.314902 0.360938 0.352833 0.237763 0.00129832
0 0.0842191 0.0345376 0.168438 0.0685702 0.00129427
0 0.480341 0.414111 0.0601635 0.0431434 0.00129242
0 0.69991 0.0271508 0.338793 0.0534802 0.00128048
0 0.578689 0.0319175 0.335805 0.0625537 0.00127703
0 0.0501816 0.151791 0.0999585 0.303583 0.00127501
0 0.207283 0.89104 0.214153 0.203114 0.00127237
0 0.0423067 0.0586496 0.0838053 0.115605 0.00127034
1 0.954175 0.0893746 0.0909367 0.17644 0.00126637
0 0.0534693 0.698903 0.106939 0.22699 0.00126096
0 0.218365 0.979626 0.400209 0.0407475 0.00125712
2 0.952456 0.0873245 0.0950887 0.174649 0.00125577
0 0.0610261 0.882342 0.122052 0.235316 0.00124786
0 0.462451 0.520588 0.244145 0.192185 0.00124471
2 0.9577 0.193104 0.0846005 0.386209 0.00122551
0 0.0875622 0.0479328 0.175124 0.0951628 0.00122063
0 0.434769 0.661613 0.349254 0.174207 0.00121216
0 0.112981 0.942442 0.225961 0.115116 0.00121121
0 0.732544 0.0572129 0.380229 0.113954 0.00120976
0 0.0660445 0.441919 0.131565 0.605211 0.00120803
0 0.207972 0.0174095 0.212404 0.0337551 0.00120583
0 0.00852572 0.366604 0.0170514 0.13928 0.00119962
0 0.0273887 0.848825 0.0547775 0.302349 0.00119804
1 0.125461 0.854111 0.250922 0.221847 0.00119446
1 0.955261 0.203269 0.0892128 0.406538 0.0011927
1 0.891922 0.0804797 0.216156 0.160456 0.00119007
0 0.127655 0.446368 0.141298 0.243398 0.00118452
1 0.12188 0.953237 0.0548943 0.09089 0.00117577
0 0.565864 0.97899 0.407976 0.0420202 0.00117379
0 0.176573 0.215681 0.0589186 0.0762218 0.00117142
0 0.12242 0.260241 0.244841 0.206915 0.00116638
2 0.95896 0.270135 0.082079 0.540269 0.00116145
0 0.517718 0.440464 0.217386 0.112934 0.00115475
0 0.0479476 0.827609 0.0958952 0.344783 0.00114946
0 0.155755 0.256461 0.125057 0.155648 0.00114519
0 0.0139174 0.356142 0.0273207 0.325486 0.00114196
1 0.116846 0.296289 0.233692 0.259535 0.00114136
0 0.214955 0.428641 0.25872 0.19853 0.00114074
1 0.563434 0.0301225 0.348593 0.0588293 0.00113514
1 0.856587 0.0745176 0.286826 0.14813 0.00113404
0 0.276711 0.652965 0.135613 0.166866 0.00113051
0 0.718885 0.933964 0.355095 0.132072 0.00112789
0 0.0796743 0.937693 0.159349 0.124615 0.00112397
0 0.173634 0.244374 0.221887 0.191891 0.00112389
0 0.563417 0.526123 0.201999 0.114991 0.0011223
1 0.958308 0.875495 0.0821132 0.24901 0.00112206
1 0.7292 0.0675193 0.382845 0.134689 0.00111819
1 0.0969215 0.0441638 0.193843 0.0871883 0.0011127
1 0.134083 0.229972 0.268166 0.219881 0.00110883
1 0.235936 0.405585 0.401899 0.182318 0.00110662
0 0.187799 0.436119 0.19455 0.174227 0.00109415
0 0.83007 0.99378 0.0805837 0.0122019 0.00109366
2 0.960263 0.486179 0.0794706 0.590403 0.00109348
1 0.091041 0.373883 0.182082 0.416794 0.00108988
0 0.148611 0.0271968 0.297223 0.0528998 0.00108812
0 0.449566 0.67174 0.1616 0.172416 0.00108799
0 0.559559 0.0437563 0.48283 0.0862105 0.00108576
0 0.055653 0.0323439 0.111306 0.0631825 0.0010849
0 0.18589 0.257837 0.154446 0.157125 0.00107857
1 0.527947 0.0416568 0.438063 0.0820187 0.00107825
0 0.0531905 0.61609 0.106381 0.48327 0.00107776
0 0.0946588 0.908003 0.189318 0.18264 0.00107748
