1 0.525958 0.474458 0.560633 0.767525 0.673352
1 0.544838 0.61452 0.636011 0.494639 0.189065
1 0.549523 0.799056 0.884293 0.40036 0.0878958
1 0.534425 0.36344 0.540784 0.594367 0.0817382
1 0.5023 0.910424 0.987352 0.177665 0.0578047
1 0.40751 0.74356 0.81502 0.502256 0.0383385
1 0.493745 0.264496 0.98749 0.528992 0.0300602
1 0.640784 0.939516 0.710731 0.120416 0.0285345
1 0.487695 0.660594 0.531573 0.410401 0.027603
1 0.307434 0.719306 0.614868 0.530176 0.0238672
1 0.721858 0.900936 0.555609 0.197489 0.0201191
1 0.744191 0.862335 0.510329 0.273369 0.0177162
1 0.0257497 0.713224 0.0513537 0.424143 0.0166153
1 0.0223141 0.674755 0.0439188 0.334677 0.0153185
1 0.221196 0.680903 0.437618 0.589344 0.0147416
1 0.486906 0.154762 0.971382 0.309524 0.0145699
2 0.49437 0.212905 0.988741 0.425433 0.0143111
1 0.434215 0.289702 0.773716 0.460051 0.0135751
1 0.605908 0.5247 0.763808 0.675837 0.0130831
1 0.0897964 0.746111 0.179593 0.483533 0.0127841
1 0.481015 0.11103 0.935385 0.22152 0.011734
1 0.453484 0.47824 0.906967 0.881456 0.011686
2 0.5 0.968714 1 0.0617698 0.0110432
1 0.502694 0.860411 0.994612 0.279179 0.0108453
1 0.645655 0.766532 0.697013 0.461989 0.0107179
1 0.465627 0.610602 0.931253 0.600228 0.00976891
1 0.821158 0.84534 0.357683 0.305835 0.00902725
1 0.43607 0.693904 0.546877 0.333074 0.00889239
0 0.742909 0.95049 0.42582 0.0990209 0.00886965
1 0.595505 0.703139 0.755455 0.586999 0.00872802
2 0.758268 0.438061 0.476827 0.739636 0.00844045
0 0.789696 0.944327 0.420607 0.111345 0.00828126
1 0.0225231 0.558277 0.0441944 0.439368 0.00782538
1 0.0315213 0.402639 0.0619119 0.615968 0.0077653
1 0.308597 0.589301 0.611434 0.720843 0.00768317
1 0.0403964 0.359104 0.0792818 0.583202 0.00746615
1 0.269978 0.478608 0.536518 0.840444 0.00744686
1 0.0244644 0.467439 0.047915 0.549855 0.00742609
1 0.75099 0.94784 0.472977 0.104319 0.00739287
1 0.437967 0.704124 0.764365 0.36325 0.00700605
1 0.353262 0.382502 0.706525 0.765004 0.00689064
1 0.696209 0.808598 0.594512 0.380115 0.00669196
2 0.60773 0.471444 0.77967 0.794711 0.00664667
1 0.0516916 0.298259 0.101916 0.555772 0.006602
2 0.528765 0.327556 0.580986 0.52572 0.00655214
1 0.590151 0.182951 0.809792 0.365903 0.0062685
1 0.62039 0.104095 0.711196 0.207441 0.00590341
1 0.950774 0.824014 0.0984529 0.347744 0.00568878
1 0.554865 0.230836 0.693764 0.452196 0.00561001
1 0.0695147 0.261536 0.137078 0.49119 0.00552915
2 0.889637 0.392108 0.220727 0.636409 0.00529389
1 0.775581 0.921753 0.448837 0.156494 0.0050145
2 0.678733 0.168816 0.632753 0.337631 0.00484958
2 0.693547 0.103506 0.602872 0.207012 0.00468935
1 0.697769 0.481122 0.593112 0.799337 0.00456194
1 0.342542 0.0933293 0.685084 0.186659 0.00445434
1 0.279767 0.26512 0.559534 0.520444 0.00412819
2 0.921831 0.391585 0.154088 0.594609 0.00393799
1 0.442983 0.936537 0.885965 0.124911 0.00392088
2 0.821919 0.370255 0.356162 0.592901 0.00385294
2 0.636046 0.218618 0.720175 0.437236 0.00385254
1 0.0820399 0.19072 0.163767 0.368094 0.00384291
2 0.297221 0.0906935 0.594443 0.181387 0.00376395
2 0.633869 0.3371 0.725001 0.550963 0.00373031
2 0.77153 0.0896001 0.456939 0.178593 0.00366902
2 0.472101 0.896789 0.944203 0.206423 0.00364521
0 0.801092 0.919611 0.397816 0.159566 0.00361443
1 0.685196 0.62989 0.61657 0.676381 0.00360655
1 0.110037 0.141366 0.219172 0.280138 0.00357024
1 0.374759 0.901779 0.749519 0.196442 0.00347155
2 0.906231 0.127215 0.186538 0.25443 0.00325606
1 0.356467 0.146507 0.712934 0.293013 0.00315063
1 0.862865 0.772443 0.27427 0.435258 0.00311588
0 0.825237 0.952954 0.349526 0.0940928 0.00308311
1 0.416064 0.219452 0.832127 0.436566 0.00301378
1 0.931899 0.162924 0.135255 0.322805 0.003008
2 0.723724 0.291426 0.542397 0.545057 0.00288235
1 0.944609 0.724399 0.108644 0.487314 0.00287625
1 0.907598 0.484674 0.184804 0.743527 0.00286995
1 0.782021 0.161851 0.435861 0.321755 0.00279497
1 0.929595 0.256993 0.139592 0.49046 0.0027261
2 0.927583 0.491519 0.141303 0.65926 0.0027148
1 0.870962 0.688785 0.257809 0.53879 0.00266584
0 0.95434 0.797602 0.0913205 0.404797 0.00264277
0 0.0157605 0.61824 0.0315209 0.298492 0.00264164
1 0.931834 0.591552 0.13274 0.599849 0.00251974
1 0.814901 0.944403 0.370198 0.111195 0.00243204
1 0.784804 0.248435 0.430392 0.488178 0.00241139
0 0.0157282 0.535932 0.0314563 0.291521 0.00234942
1 0.638976 0.445688 0.434452 0.290121 0.00207863
1 0.862353 0.884444 0.275294 0.231111 0.00206747
0 0.965875 0.8147 0.0682503 0.180404 0.0020079
0 0.0154698 0.240286 0.0309395 0.365161 0.00200091
0 0.0154193 0.688678 0.0308386 0.398206 0.00196087
0 0.0150604 0.484693 0.0301209 0.337392 0.0019469
0 0.0154047 0.180085 0.0308094 0.36017 0.0018916
0 0.0753009 0.108978 0.150602 0.217956 0.00186463
0 0.0206399 0.152258 0.0412797 0.304516 0.00180408
2 0.820301 0.960116 0.359399 0.0797679 0.00178858
0 0.61903 0.952497 0.536467 0.0950064 0.00173032
0 0.411633 0.555906 0.351897 0.357127 0.00170447
1 0.0825 0.103852 0.164343 0.20653 0.00168461
0 0.959728 0.745126 0.0805433 0.43042 0.0016814
0 0.016688 0.311678 0.033376 0.462832 0.00166789
1 0.834686 0.923027 0.30562 0.153946 0.00165036
1 0.593882 0.48257 0.385299 0.326674 0.00164708
1 0.891928 0.864973 0.216144 0.270054 0.00164647
1 0.648033 0.414141 0.505263 0.257367 0.00162005
1 0.0568025 0.649646 0.113503 0.309903 0.00157691
0 0.261119 0.982551 0.487562 0.0348973 0.00157017
1 0.63568 0.424795 0.345217 0.261869 0.00153291
0 0.48939 0.986995 0.46601 0.0260104 0.00151919
1 0.94822 0.875708 0.102976 0.248584 0.00151035
1 0.460143 0.699342 0.437194 0.288036 0.00150125
2 0.0813575 0.0811931 0.162498 0.161633 0.00146983
0 0.973182 0.8151 0.0536082 0.145571 0.0014478
1 0.502794 0.316393 0.387999 0.531027 0.00144196
1 0.675192 0.44531 0.44987 0.356717 0.00143745
0 0.196715 0.988215 0.393429 0.0235694 0.00142543
0 0.0155944 0.390621 0.0311888 0.424075 0.00142521
1 0.0622924 0.196751 0.123837 0.332378 0.00142125
0 0.57326 0.970168 0.524409 0.059664 0.00141382
1 0.832454 0.0468625 0.335092 0.0936644 0.00138661
0 0.344716 0.983093 0.488987 0.0338144 0.00138251
1 0.281088 0.0500875 0.562176 0.100175 0.00138196
1 0.465101 0.600867 0.442599 0.391105 0.00135304
1 0.475505 0.801467 0.538313 0.20082 0.00134749
2 0.818277 0.928658 0.363445 0.142683 0.00134349
1 0.444772 0.778289 0.523179 0.168693 0.0013187
1 0.697034 0.922462 0.491404 0.155075 0.00131199
1 0.873099 0.0641407 0.253802 0.126519 0.00131062
0 0.0464354 0.589752 0.0928709 0.25568 0.00131
1 0.536868 0.401952 0.413686 0.560192 0.00130115
2 0.506959 0.761578 0.527907 0.197778 0.00129862
1 0.559622 0.19971 0.547504 0.243809 0.00129833
2 0.651783 0.394154 0.521456 0.213624 0.00129446
1 0.718278 0.414018 0.482005 0.291861 0.00128438
1 0.416792 0.813246 0.547202 0.148337 0.00126468
0 0.0177719 0.765034 0.0355438 0.446104 0.0012642
2 0.958326 0.727451 0.0833483 0.464077 0.00126285
2 0.950719 0.306528 0.0980552 0.435894 0.00125113
0 0.0197848 0.819821 0.0395696 0.360359 0.00124722
2 0.941218 0.0968727 0.117564 0.193745 0.00124683
0 0.0428506 0.533892 0.0857012 0.258262 0.00123143
0 0.0212314 0.583797 0.0413506 0.155297 0.0012298
1 0.479586 0.950717 0.652517 0.0966118 0.00122193
2 0.522241 0.735439 0.458161 0.207561 0.00121534
1 0.451675 0.848552 0.55957 0.235547 0.00120345
0 0.023342 0.850485 0.0466839 0.299029 0.00120159
1 0.761311 0.443456 0.358438 0.412566 0.00120064
2 0.491451 0.852029 0.591001 0.258697 0.00120017
2 0.876258 0.05739 0.247485 0.11478 0.00119777
0 0.330627 0.951734 0.661255 0.0942955 0.0011975
1 0.0624796 0.700696 0.124295 0.430475 0.00119611
2 0.948462 0.140845 0.103077 0.28169 0.00119124
0 0.469438 0.526308 0.418128 0.429641 0.00119081
0 0.577119 0.713934 0.374367 0.225349 0.00118964
0 0.0397537 0.0643658 0.0795075 0.127747 0.00118753
2 0.678587 0.352307 0.448394 0.232641 0.00118747
1 0.36935 0.04998 0.738699 0.0988999 0.00118514
0 0.455001 0.598228 0.429116 0.308141 0.0011774
1 0.124424 0.0663487 0.248847 0.132697 0.00117474
2 0.515544 0.807838 0.560957 0.224496 0.00117165
0 0.111598 0.895634 0.223196 0.208732 0.00116398
0 0.37857 0.582397 0.272034 0.340219 0.00115307
1 0.0863619 0.164443 0.168508 0.200408 0.00115242
2 0.95325 0.519227 0.0928749 0.519304 0.00115219
0 0.904343 0.0689044 0.191313 0.137809 0.00114961
0 0.508343 0.468047 0.446361 0.501007 0.00114916
0 0.082523 0.0594353 0.165046 0.118439 0.0011461
1 0.407262 0.80014 0.509155 0.110431 0.0011437
2 0.567293 0.71484 0.346865 0.228805 0.00113396
1 0.947066 0.330674 0.10576 0.451815 0.0011319
1 0.189624 0.0558555 0.379248 0.11116 0.00112761
0 0.0694716 0.305789 0.138501 0.439296 0.00112419
0 0.0669104 0.865974 0.133821 0.268053 0.00112246
0 0.857735 0.905546 0.28453 0.188908 0.00111828
1 0.773866 0.0490466 0.452268 0.0968469 0.00111322
0 0.964158 0.797913 0.0689791 0.0643871 0.00110598
0 0.935526 0.103119 0.128699 0.202657 0.00109466
1 0.574399 0.448466 0.399009 0.214041 0.00109187
1 0.794979 0.058448 0.410042 0.116896 0.00108672
1 0.765767 0.365226 0.468465 0.223928 0.00107704
2 0.947415 0.224186 0.104861 0.448372 0.00107016
2 0.146492 0.986396 0.292985 0.027207 0.00106984
2 0.126141 0.0729108 0.252282 0.144035 0.0010682
0 0.403684 0.64759 0.351358 0.305742 0.00106313
0 0.475341 0.430967 0.344073 0.537961 0.00105877
2 0.438782 0.8849 0.375228 0.165356 0.00105213
2 0.255191 0.0711008 0.44154 0.14076 0.00105032
1 0.193377 0.937823 0.386754 0.123183 0.00104287
0 0.130671 0.970495 0.261343 0.05901 0.00104156
1 0.544921 0.177515 0.447951 0.204335 0.00104093
0 0.16079 0.0576834 0.32158 0.114933 0.00103436
2 0.654595 0.405398 0.392489 0.190842 0.00103171
0 0.655101 0.0558037 0.689798 0.110599 0.00103154
2 0.631488 0.728885 0.45726 0.23156 0.00102898
1 0.390554 0.708386 0.338988 0.289307 0.00102274
1 0.426891 0.760298 0.417626 0.19835 0.00102237
1 0.115874 0.635398 0.231748 0.217291 0.0010221
1 0.501803 0.278942 0.504007 0.4806 0.00102196
0 0.059008 0.482076 0.117627 0.284419 0.00102067
0 0.742739 0.053029 0.514522 0.104861 0.00101763
1 0.0998742 0.215446 0.199748 0.268247 0.00101597
1 0.405639 0.844356 0.547537 0.143771 0.00101388
1 0.956037 0.765637 0.0876628 0.452995 0.00101096
2 0.691353 0.259688 0.253157 0.253142 0.00100913
1 0.483543 0.376337 0.326877 0.520889 0.00100818
2 0.155948 0.0920237 0.303841 0.181466 0.00100807
2 0.364849 0.706568 0.266127 0.29984 0.001007
1 0.502481 0.276395 0.424204 0.374606 0.00100629
2 0.947857 0.385423 0.103799 0.486982 0.00100498
2 0.463573 0.884622 0.596101 0.203526 0.00100463
0 0.429504 0.50313 0.324513 0.499214 0.00100422
2 0.832964 0.0671817 0.334073 0.133555 0.00100295
2 0.230562 0.102653 0.408235 0.202829 0.000999477
1 0.45878 0.287581 0.323349 0.432544 0.00099936
0 0.934643 0.833641 0.130713 0.332717 0.000999356
0 0.595811 0.682139 0.319959 0.243037 0.000994988
1 0.230755 0.95 0.461511 0.0984753 0.000992848
2 0.683365 0.327253 0.37243 0.242673 0.000992488
0 0.665058 0.690168 0.354666 0.253536 0.000992423
1 0.109772 0.893793 0.219544 0.212414 0.000991885
2 0.447772 0.686291 0.440211 0.297297 0.000990199
2 0.451727 0.908034 0.331546 0.183932 0.000989639
2 0.533299 0.198036 0.491675 0.242071 0.000989325
0 0.43813 0.390238 0.252871 0.506192 0.000987904
1 0.124087 0.112991 0.219463 0.198451 0.000985217
2 0.294505 0.685704 0.16308 0.306423 0.000984969
1 0.81898 0.458331 0.233271 0.460656 0.000984805
2 0.633394 0.171625 0.327264 0.193354 0.000982698
1 0.159212 0.927376 0.318424 0.143861 0.000981813
0 0.95805 0.624536 0.083632 0.544154 0.00098015
0 0.879186 0.882034 0.241627 0.235933 0.000979376
2 0.301306 0.661219 0.134081 0.252418 0.000978718
2 0.672508 0.477337 0.414003 0.388372 0.000975292
2 0.957418 0.600799 0.084722 0.55171 0.000975245
0 0.10323 0.932706 0.20646 0.134587 0.000971946
0 0.581301 0.0495689 0.693799 0.0981281 0.000971768
0 0.351202 0.593124 0.226268 0.255716 0.000969888
0 0.31801 0.994124 0.193535 0.0115511 0.000964617
2 0.023127 0.593018 0.0451553 0.168247 0.000961372
0 0.0793848 0.991482 0.15877 0.0167153 0.000959433
2 0.635406 0.764407 0.527681 0.236746 0.000957501
2 0.39348 0.902784 0.330662 0.194077 0.000954319
2 0.392079 0.874178 0.369601 0.189688 0.000952191
0 0.427188 0.794176 0.386248 0.11802 0.000949735
2 0.105342 0.238382 0.210685 0.301432 0.000949697
1 0.427934 0.828315 0.43844 0.111065 0.000948711
0 0.0680063 0.434137 0.136013 0.412108 0.00094687
1 0.533416 0.493606 0.438954 0.291247 0.000942458
0 0.554576 0.408884 0.487359 0.256494 0.000940093
2 0.345154 0.0716811 0.579018 0.142516 0.0009373
0 0.938389 0.0547747 0.123222 0.109549 0.000936919
0 0.0726897 0.775659 0.145265 0.344456 0.000934124
1 0.792963 0.410683 0.414074 0.285743 0.000933171
1 0.537472 0.04591 0.609277 0.0906628 0.000931234
1 0.91238 0.076082 0.173687 0.149921 0.000930189
1 0.0772108 0.835392 0.153434 0.329216 0.000927484
2 0.496934 0.67897 0.417596 0.228044 0.000926352
0 0.321709 0.614531 0.177828 0.222785 0.000925063
2 0.109857 0.683179 0.219713 0.204037 0.000924458
2 0.646557 0.244157 0.351421 0.279784 0.000922095
0 0.69019 0.235842 0.313815 0.263348 0.000919523
2 0.832785 0.469017 0.23434 0.452317 0.00091912
2 0.68511 0.300305 0.275038 0.233793 0.000917994
0 0.398301 0.358505 0.190423 0.393842 0.000917664
2 0.487834 0.0741632 0.388406 0.147101 0.000917492
1 0.529716 0.424745 0.468991 0.253963 0.000915492
1 0.457727 0.0526944 0.794692 0.104211 0.00091066
2 0.599068 0.856503 0.57504 0.273684 0.00090463
0 0.643624 0.157167 0.283205 0.173996 0.000904304
0 0.433476 0.824 0.390821 0.112941 0.000903548
0 0.564557 0.655311 0.384919 0.197616 0.00090287
2 0.778646 0.468562 0.258351 0.437648 0.000901879
2 0.724898 0.739761 0.492585 0.228243 0.000901873
0 0.726878 0.711999 0.477259 0.243932 0.000899631
1 0.551502 0.738876 0.351875 0.202839 0.000899338
2 0.454266 0.91658 0.437925 0.166839 0.000896734
0 0.682926 0.656504 0.270183 0.226636 0.000895583
1 0.946733 0.413603 0.106381 0.487565 0.00089525
2 0.926602 0.341165 0.146797 0.347498 0.000893597
1 0.816127 0.340968 0.367746 0.260677 0.000886816
2 0.667945 0.0605622 0.664111 0.121124 0.000885728
1 0.70684 0.0612282 0.58632 0.122456 0.000884564
2 0.712546 0.0656243 0.434339 0.130675 0.000884505
0 0.727256 0.662611 0.398345 0.251809 0.000877827
2 0.362957 0.299876 0.247291 0.227929 0.000877443
2 0.448753 0.0754209 0.554689 0.149416 0.00087337
1 0.946361 0.185591 0.106941 0.371182 0.000870619
2 0.394044 0.0581428 0.788088 0.116286 0.000868409
0 0.761465 0.283005 0.36883 0.214777 0.000868002
1 0.638145 0.370834 0.329963 0.262016 0.000867372
0 0.536455 0.918777 0.316613 0.162447 0.000866299
2 0.105342 0.301788 0.210684 0.267099 0.000864922
2 0.596648 0.187051 0.403273 0.221867 0.000861571
1 0.33357 0.371731 0.309388 0.382307 0.000861541
2 0.513764 0.0954031 0.388368 0.178167 0.000860389
2 0.27832 0.72438 0.240234 0.294948 0.000858726
0 0.374197 0.4887 0.255505 0.41568 0.000856532
