2 0.467247 0.481761 0.453933 0.660181 0.966372
2 0.535832 0.47718 0.309436 0.648319 0.0439937
0 0.24485 0.710592 0.0371722 0.0778325 0.0331795
0 0.175383 0.926099 0.0424308 0.132318 0.0229604
0 0.245897 0.705342 0.0324377 0.0581214 0.0215171
2 0.457196 0.380582 0.467243 0.465289 0.0209098
2 0.463541 0.576291 0.40394 0.464314 0.0204279
2 0.542101 0.380323 0.294504 0.46369 0.0131296
0 0.715245 0.796347 0.0485757 0.0752539 0.0114493
1 0.134286 0.545672 0.268572 0.792693 0.0086943
0 0.36588 0.464646 0.271731 0.600369 0.00867196
2 0.464036 0.648164 0.388355 0.363522 0.00822179
0 0.181237 0.886874 0.025558 0.0495247 0.0074048
2 0.17575 0.923542 0.0368387 0.124234 0.00716376
2 0.469605 0.665968 0.421149 0.61878 0.00645711
1 0.0229575 0.534564 0.045915 0.508538 0.00621075
2 0.574033 0.470014 0.45479 0.671024 0.00590594
0 0.180747 0.902976 0.0290979 0.079112 0.00587879
1 0.0245715 0.461318 0.049143 0.46681 0.0055254
2 0.507445 0.634064 0.265016 0.356676 0.00538171
1 0.0226527 0.670314 0.0453055 0.46872 0.00531576
0 0.448444 0.603769 0.408776 0.598849 0.00508437
1 0.123145 0.64106 0.24629 0.662951 0.00505692
1 0.512071 0.640543 0.254341 0.34212 0.00489688
1 0.0273311 0.390744 0.0546622 0.477521 0.00471014
1 0.109767 0.357892 0.216348 0.60824 0.0046086
1 0.0305124 0.729383 0.0610249 0.457784 0.0044581
0 0.431509 0.432087 0.404051 0.585014 0.00418655
0 0.344355 0.582148 0.3285 0.688585 0.00400691
2 0.507637 0.266275 0.373596 0.365173 0.00377972
1 0.104091 0.271279 0.203089 0.466126 0.00375719
1 0.0312501 0.26084 0.0625003 0.38934 0.00369562
2 0.484278 0.444321 0.326744 0.558073 0.00361098
0 0.30371 0.64623 0.261971 0.659859 0.00354832
2 0.576294 0.662297 0.332949 0.358853 0.00350419
2 0.819635 0.58048 0.344982 0.683595 0.00338865
1 0.456853 0.657155 0.329093 0.302372 0.00338535
1 0.330797 0.596788 0.101333 0.267719 0.00334006
0 0.534227 0.324717 0.671125 0.431066 0.00328034
0 0.205458 0.924433 0.0967018 0.130768 0.00327085
2 0.428893 0.277492 0.560793 0.417811 0.00325806
0 0.308953 0.687417 0.359955 0.570343 0.00325668
0 0.431791 0.478917 0.516639 0.60885 0.00325096
1 0.0700143 0.758772 0.140029 0.420317 0.00323924
0 0.392412 0.65417 0.330189 0.613164 0.00320839
0 0.0985134 0.864932 0.197027 0.233475 0.00316562
0 0.307593 0.777997 0.342293 0.397299 0.00315733
0 0.112642 0.737689 0.225285 0.46866 0.00314646
2 0.705183 0.519889 0.513219 0.756981 0.0031052
2 0.0482658 0.196817 0.0965317 0.339305 0.0030899
2 0.549705 0.577248 0.391113 0.483829 0.00308368
0 0.206078 0.887034 0.401055 0.198069 0.00307367
0 0.0880467 0.960438 0.176093 0.0791246 0.00304774
2 0.548895 0.369861 0.528638 0.561169 0.00302076
0 0.208558 0.969051 0.35286 0.0618973 0.00298442
0 0.166258 0.708355 0.332515 0.54295 0.00298433
2 0.866941 0.640392 0.254058 0.628684 0.00298414
0 0.138148 0.97779 0.247634 0.0444201 0.0029748
0 0.26625 0.967433 0.321994 0.0651345 0.00295196
0 0.261588 0.729214 0.309488 0.502343 0.00295104
0 0.390027 0.303153 0.593642 0.606306 0.00292546
1 0.554401 0.673226 0.200433 0.285416 0.0029099
1 0.170011 0.468298 0.339841 0.754885 0.00290887
1 0.124066 0.19731 0.248131 0.353937 0.00290367
0 0.114404 0.197072 0.225975 0.361714 0.00290085
2 0.931983 0.975682 0.136034 0.048637 0.0028935
0 0.305689 0.977885 0.319989 0.0442308 0.00288508
2 0.680919 0.983566 0.291486 0.0328688 0.00288406
0 0.362206 0.801696 0.38763 0.333768 0.00285156
2 0.629204 0.983145 0.324368 0.0337098 0.002838
1 0.370995 0.593921 0.183271 0.273718 0.00282407
0 0.497312 0.266286 0.422751 0.532572 0.00281859
0 0.909516 0.107683 0.180968 0.215366 0.00281375
2 0.781627 0.984057 0.279743 0.0318855 0.00281355
2 0.729914 0.983884 0.274257 0.0322313 0.00281143
2 0.445963 0.253433 0.76303 0.431431 0.00279282
0 0.943272 0.544431 0.111665 0.566481 0.00278343
0 0.490814 0.174429 0.477287 0.348857 0.00277271
0 0.348159 0.981965 0.360625 0.0360695 0.00273765
0 0.13546 0.103463 0.27092 0.206926 0.00273617
0 0.107149 0.121331 0.214299 0.242662 0.00273469
0 0.0943616 0.150677 0.188723 0.301354 0.00272933
2 0.568614 0.703981 0.394554 0.489943 0.00269727
0 0.442187 0.830419 0.396365 0.263407 0.0026864
1 0.534685 0.693144 0.387937 0.256386 0.00268465
0 0.336242 0.18929 0.672483 0.37474 0.0026831
0 0.247857 0.694102 0.0297262 0.0389763 0.00268169
0 0.908408 0.167259 0.183184 0.32399 0.00267905
2 0.832428 0.984158 0.244769 0.0316842 0.00266936
2 0.751176 0.611336 0.435946 0.668038 0.00266832
0 0.476826 0.386572 0.543932 0.530039 0.00265822
0 0.135561 0.150675 0.269819 0.284454 0.00265796
0 0.404841 0.982633 0.367352 0.0347332 0.00263521
2 0.15776 0.147256 0.31229 0.273767 0.0026339
0 0.912728 0.217883 0.174545 0.362548 0.00263362
0 0.873545 0.103581 0.252911 0.207163 0.00262834
2 0.570491 0.982517 0.330956 0.0349663 0.00262461
0 0.937108 0.29692 0.125783 0.410175 0.00258869
2 0.944183 0.650057 0.109492 0.49524 0.0025818
0 0.755619 0.115468 0.39943 0.230937 0.00257892
2 0.603644 0.555782 0.327588 0.58842 0.00257683
0 0.845337 0.118153 0.309326 0.236305 0.00255591
0 0.182846 0.0937291 0.365693 0.187458 0.00255518
0 0.93986 0.387574 0.120281 0.476659 0.00254891
0 0.621862 0.862656 0.369669 0.194315 0.0025372
0 0.516547 0.982282 0.345628 0.0354368 0.00253061
0 0.869358 0.98388 0.234418 0.0322397 0.00252675
2 0.143119 0.193415 0.282508 0.350412 0.00249893
2 0.735072 0.325721 0.506264 0.5214 0.00249704
0 0.558045 0.215412 0.602082 0.369827 0.00249435
0 0.578105 0.152229 0.588534 0.295195 0.00248552
0 0.625274 0.118404 0.482966 0.236808 0.00248457
0 0.560846 0.83715 0.368031 0.246927 0.00248456
1 0.191658 0.300134 0.382745 0.513947 0.00248249
0 0.893522 0.982345 0.212956 0.0353101 0.00246997
2 0.810543 0.688311 0.348521 0.557399 0.00245545
0 0.286654 0.103728 0.45246 0.207456 0.00244202
2 0.818653 0.333889 0.346498 0.54938 0.00242681
0 0.354076 0.112907 0.500683 0.225815 0.00241629
0 0.311386 0.158248 0.52122 0.298129 0.00241465
0 0.864777 0.536769 0.268604 0.572557 0.00240043
0 0.941857 0.755842 0.11616 0.357798 0.00239742
0 0.531641 0.121972 0.462242 0.243944 0.00239303
0 0.928008 0.876167 0.143984 0.196445 0.00238748
0 0.237184 0.70698 0.0526718 0.0869285 0.00237554
0 0.482428 0.782869 0.394274 0.358086 0.00236727
0 0.676767 0.154858 0.497545 0.294833 0.00236683
0 0.720749 0.210894 0.526229 0.374408 0.00235999
0 0.371563 0.302565 0.735706 0.489854 0.00235353
2 0.217472 0.151398 0.395189 0.283092 0.0023493
0 0.756558 0.160981 0.442371 0.308707 0.00234699
0 0.436456 0.124567 0.530862 0.249134 0.00233597
0 0.864021 0.158281 0.270097 0.301147 0.00233583
0 0.929686 0.799251 0.140629 0.288897 0.00231158
0 0.675682 0.875962 0.382217 0.166853 0.00230193
0 0.814538 0.218615 0.35083 0.398476 0.00230173
0 0.796742 0.883252 0.345913 0.160828 0.00229751
2 0.652038 0.605294 0.414303 0.60899 0.0022184
0 0.844668 0.278391 0.30765 0.400958 0.00221718
2 0.333219 0.635426 0.103271 0.159595 0.0021887
0 0.793676 0.721782 0.377778 0.48661 0.00218795
0 0.186804 0.0405733 0.0851211 0.0811465 0.0021831
0 0.847698 0.38706 0.302246 0.480328 0.00218227
0 0.696451 0.705949 0.535317 0.521377 0.00216021
2 0.519595 0.703976 0.122077 0.190629 0.00215286
0 0.854489 0.890316 0.281758 0.161497 0.00213507
0 0.140194 0.911972 0.125559 0.164803 0.00211073
1 0.476875 0.610398 0.360542 0.378835 0.00209132
2 0.872905 0.714623 0.253377 0.428958 0.00208245
2 0.64235 0.681473 0.481357 0.469922 0.00205545
0 0.295882 0.658497 0.140221 0.174393 0.00205153
1 0.31094 0.488391 0.147787 0.544101 0.00197451
0 0.862178 0.761713 0.275614 0.370963 0.00196627
0 0.57146 0.278591 0.227565 0.248253 0.00196396
0 0.631946 0.718028 0.592626 0.418536 0.00191948
1 0.425916 0.645383 0.321541 0.237051 0.00186288
1 0.485087 0.480193 0.332102 0.515295 0.00185558
2 0.568871 0.285755 0.235642 0.262553 0.00184998
1 0.489462 0.696726 0.22745 0.225461 0.0018132
1 0.547566 0.421471 0.315209 0.265532 0.00176448
0 0.292634 0.333839 0.11795 0.186498 0.00175894
0 0.0211006 0.52064 0.0406412 0.0626127 0.00172974
0 0.183083 0.897359 0.061705 0.19703 0.00172452
0 0.018386 0.593993 0.0367721 0.480212 0.00171838
0 0.605381 0.266375 0.158819 0.223068 0.00168624
1 0.332797 0.4846 0.106631 0.530285 0.00164647
1 0.608747 0.697534 0.283388 0.285193 0.00163406
0 0.0468093 0.248268 0.0936186 0.496537 0.00160091
2 0.533813 0.297461 0.24643 0.277106 0.0015895
0 0.170745 0.891982 0.0678542 0.209876 0.00157194
1 0.428549 0.58208 0.303709 0.307009 0.00156435
1 0.285276 0.411679 0.104854 0.253078 0.00154779
0 0.0263548 0.496755 0.0527096 0.486845 0.00154159
0 0.56746 0.666077 0.356058 0.329229 0.00153773
2 0.538759 0.393158 0.29398 0.219389 0.00152767
0 0.337932 0.492325 0.110361 0.488509 0.00152718
2 0.356513 0.570468 0.150869 0.328263 0.00151682
0 0.0219709 0.215273 0.0439418 0.430546 0.00150173
0 0.290862 0.371381 0.117955 0.220397 0.00149569
1 0.56357 0.733319 0.371805 0.214608 0.00149048
0 0.0322429 0.413244 0.0644857 0.566547 0.00148997
0 0.0427447 0.316899 0.0854895 0.516466 0.00147793
0 0.352626 0.440481 0.251532 0.432113 0.00147776
0 0.304878 0.641832 0.228638 0.214505 0.00146269
0 0.0137201 0.12985 0.0274401 0.215917 0.00145999
1 0.377163 0.642864 0.209849 0.184432 0.00145749
2 0.545902 0.652821 0.191386 0.319319 0.00143592
0 0.294574 0.701842 0.140417 0.0959101 0.00143469
2 0.558756 0.345956 0.250023 0.380091 0.00142938
0 0.227345 0.924941 0.153755 0.133844 0.00139855
2 0.336073 0.615054 0.113848 0.22626 0.00137315
2 0.352858 0.393933 0.248836 0.337735 0.00137246
0 0.229689 0.698295 0.0687107 0.104179 0.00136681
2 0.449745 0.46048 0.327983 0.467434 0.00136276
0 0.0117227 0.826676 0.0234454 0.343979 0.00135802
0 0.57493 0.353158 0.216493 0.277256 0.00135349
2 0.488862 0.700569 0.206057 0.210643 0.0013438
0 0.3285 0.595913 0.11137 0.278604 0.00133959
1 0.575011 0.475387 0.224164 0.400348 0.00133021
0 0.243325 0.913661 0.192929 0.153775 0.00132593
1 0.40284 0.623221 0.253293 0.223757 0.00132224
0 0.0150028 0.68173 0.0300055 0.510916 0.00131175
0 0.0437011 0.255316 0.0855767 0.23679 0.00130017
0 0.0150437 0.167043 0.0300874 0.333134 0.00127705
1 0.315036 0.434812 0.16336 0.385167 0.00127503
0 0.0221677 0.328005 0.0440955 0.0838311 0.00126066
1 0.622209 0.751752 0.254194 0.170922 0.00125895
2 0.520173 0.27282 0.189532 0.233751 0.00125318
2 0.574991 0.577874 0.135771 0.163314 0.00123991
1 0.274478 0.461731 0.0907111 0.51544 0.00123391
1 0.571904 0.578267 0.136635 0.170456 0.0012305
0 0.319287 0.629856 0.145076 0.209853 0.00122682
2 0.321404 0.484409 0.173662 0.507629 0.00122475
1 0.382831 0.678826 0.257335 0.227407 0.00122103
0 0.0144345 0.858908 0.028869 0.275498 0.00122061
0 0.0205526 0.0876717 0.0411052 0.164401 0.00121027
0 0.112568 0.891239 0.206503 0.159325 0.00121022
1 0.485091 0.701229 0.335632 0.213335 0.00121004
0 0.143532 0.907267 0.173898 0.167314 0.00120717
0 0.0119642 0.736638 0.0239284 0.503762 0.00120612
0 0.0217558 0.533702 0.042488 0.105857 0.00120198
0 0.0398445 0.588483 0.0787585 0.372376 0.00120116
1 0.289805 0.371729 0.115167 0.216028 0.00119511
1 0.344057 0.442687 0.225124 0.435159 0.00119143
0 0.0910804 0.973673 0.0256649 0.0442383 0.00119042
0 0.594637 0.242788 0.197541 0.238517 0.00117424
2 0.959587 0.766248 0.0808258 0.467504 0.00116854
0 0.333115 0.648517 0.110989 0.165414 0.00115438
0 0.545126 0.193377 0.156614 0.0768875 0.0011524
1 0.252984 0.410606 0.101323 0.290439 0.00112717
2 0.417704 0.528175 0.28038 0.379065 0.00112203
1 0.432255 0.698293 0.396513 0.231485 0.00111983
1 0.687082 0.712907 0.13591 0.246114 0.00111937
1 0.369003 0.672553 0.190303 0.211243 0.00111773
0 0.506257 0.7196 0.21164 0.168781 0.00110842
0 0.205784 0.0520832 0.136986 0.103597 0.00110669
0 0.0288197 0.461776 0.0562779 0.271452 0.00110606
2 0.4053 0.68966 0.350313 0.249513 0.00110453
2 0.731834 0.732684 0.0897205 0.205235 0.00110364
0 0.0277088 0.523179 0.0249005 0.0467714 0.00109811
0 0.526838 0.197468 0.112446 0.0804218 0.00109118
0 0.021408 0.98167 0.0428161 0.0340214 0.00108835
2 0.518532 0.254469 0.134698 0.201985 0.00108155
0 0.212942 0.876664 0.132612 0.236196 0.00108052
1 0.557929 0.429699 0.253799 0.326816 0.0010778
2 0.961234 0.285352 0.0775329 0.570703 0.00107248
0 0.559542 0.233616 0.185578 0.157464 0.00105726
2 0.951573 0.155441 0.0968537 0.310883 0.00105666
2 0.583363 0.502377 0.203249 0.358947 0.0010538
1 0.609394 0.504775 0.166776 0.353758 0.00103983
2 0.549316 0.587421 0.184023 0.187455 0.00103704
2 0.552463 0.266247 0.181666 0.218196 0.00103546
0 0.0400805 0.422724 0.0800428 0.364764 0.00103353
2 0.720167 0.716777 0.0673665 0.234851 0.00103142
0 0.0202282 0.623965 0.0396237 0.229608 0.00102369
2 0.961438 0.491874 0.0771235 0.590485 0.00102022
0 0.545698 0.202435 0.288835 0.147087 0.00101568
2 0.959888 0.641657 0.080224 0.606596 0.00101403
1 0.959139 0.0777987 0.0799862 0.155597 0.00101347
1 0.329179 0.372932 0.192947 0.24023 0.00100322
1 0.607485 0.433724 0.375041 0.284972 0.0010001
0 0.358942 0.496242 0.155622 0.464211 0.000999397
2 0.956464 0.0949493 0.0866043 0.185601 0.000997477
0 0.015981 0.102538 0.0316247 0.0767842 0.000997294
1 0.342963 0.665745 0.186585 0.188883 0.000994365
2 0.632707 0.480922 0.196274 0.409872 0.000991829
1 0.527048 0.716737 0.237065 0.17663 0.000991463
1 0.157426 0.0625753 0.12673 0.125151 0.000991183
1 0.958811 0.81684 0.0821453 0.366321 0.000981866
0 0.220897 0.707571 0.0874049 0.0914849 0.000981721
2 0.959929 0.224182 0.080142 0.448363 0.000981604
0 0.338698 0.311082 0.182908 0.197883 0.000977887
2 0.18089 0.02977 0.117071 0.0595399 0.000977303
2 0.181089 0.0259127 0.139019 0.0518254 0.000971177
0 0.288729 0.599008 0.227424 0.286183 0.000967739
2 0.511248 0.759473 0.294933 0.226284 0.000962047
1 0.603124 0.636177 0.32493 0.311857 0.000955013
0 0.519113 0.235373 0.132649 0.161019 0.000953321
2 0.380717 0.744218 0.239418 0.352933 0.000949352
2 0.636795 0.450755 0.297006 0.395882 0.000946974
0 0.0931342 0.240951 0.186268 0.308547 0.000946493
0 0.277813 0.660196 0.219389 0.183948 0.000945318
0 0.0347031 0.918186 0.0693683 0.161614 0.000944642
1 0.364643 0.746637 0.185063 0.354775 0.000943289
1 0.776441 0.79297 0.185524 0.118706 0.000942414
0 0.524818 0.218863 0.117195 0.124225 0.000941605
1 0.311048 0.66347 0.1825 0.182855 0.000941368
0 0.265611 0.903824 0.256263 0.172332 0.000940948
0 0.105434 0.998703 0.210868 0.00259479 0.000929568
2 0.874604 0.994419 0.250793 0.0111627 0.000927468
0 0.576263 0.553428 0.241477 0.258704 0.000927427
0 0.1724 0.906993 0.0459944 0.0843255 0.000923672
0 0.0690232 0.840059 0.138046 0.297366 0.000923528
1 0.959756 0.550966 0.0803451 0.540538 0.000922998
1 0.701097 0.400902 0.309839 0.265733 0.000921312
1 0.959807 0.342081 0.0801994 0.523406 0.000918785
0 0.0546084 0.157898 0.108907 0.315796 0.000917272
1 0.958697 0.662969 0.0824469 0.563567 0.000913086
0 0.374815 0.297548 0.287967 0.252011 0.000912459
0 0.181564 0.906853 0.258232 0.160581 0.000911684
