1 0.544753 0.674971 0.794791 0.609039 0.896494
1 0.545532 0.797614 0.791115 0.400036 0.245726
1 0.736882 0.413109 0.444049 0.524664 0.0875369
1 0.613917 0.560615 0.617804 0.565929 0.0377951
1 0.69124 0.490825 0.516376 0.70199 0.0364862
1 0.545298 0.871781 0.792309 0.25591 0.0359916
1 0.936448 0.0309029 0.121207 0.0600999 0.0256033
1 0.640806 0.7218 0.60298 0.540612 0.0236719
1 0.645164 0.819798 0.592677 0.354578 0.0184612
1 0.672448 0.645619 0.492798 0.658588 0.0166041
2 0.941758 0.024519 0.116485 0.0488054 0.0163244
1 0.909146 0.157447 0.181312 0.31178 0.0152538
1 0.888843 0.207218 0.214494 0.407514 0.0134821
1 0.661463 0.887639 0.551609 0.223755 0.0110197
1 0.767965 0.342457 0.429162 0.38088 0.0109277
1 0.838485 0.235545 0.173432 0.137586 0.0101781
1 0.608859 0.552883 0.660772 0.812203 0.009053
1 0.871085 0.0383601 0.25783 0.0767201 0.00900099
1 0.858961 0.275493 0.2535 0.541669 0.00879161
2 0.849341 0.234422 0.151261 0.132163 0.00848396
1 0.68487 0.770755 0.517519 0.427057 0.00805882
1 0.73917 0.270546 0.424439 0.523603 0.00801843
1 0.933228 0.0679102 0.132477 0.133488 0.00797703
1 0.85622 0.271164 0.22613 0.206 0.00797116
1 0.709129 0.906401 0.490922 0.187197 0.00787603
1 0.545452 0.912434 0.809899 0.174756 0.00725006
1 0.643644 0.931363 0.590547 0.137275 0.00697196
1 0.932533 0.11579 0.134934 0.23158 0.00664137
1 0.738669 0.824171 0.413578 0.327587 0.00612259
1 0.645478 0.933612 0.357512 0.132449 0.0059047
1 0.474991 0.486332 0.949983 0.713241 0.0059047
2 0.922929 0.0261841 0.154141 0.0520715 0.0054905
1 0.845278 0.0279866 0.309443 0.0553348 0.00525171
1 0.553973 0.394447 0.724937 0.621336 0.00512423
1 0.520718 0.625153 0.757533 0.403805 0.00508452
1 0.811064 0.309346 0.377872 0.564744 0.0048715
1 0.346651 0.773538 0.383187 0.197444 0.00481812
1 0.766766 0.415195 0.466468 0.684871 0.0046976
1 0.894285 0.124544 0.21143 0.249078 0.00466318
1 0.471931 0.608775 0.943861 0.608517 0.00455534
1 0.756066 0.894692 0.371174 0.195568 0.00449116
1 0.630033 0.914021 0.395981 0.171958 0.00443541
0 0.942691 0.0251978 0.113094 0.0496359 0.00437065
0 0.41497 0.810055 0.511288 0.319469 0.00436589
1 0.538418 0.947657 0.804719 0.103483 0.0042679
1 0.904082 0.078046 0.191837 0.154553 0.0042458
1 0.848219 0.194828 0.285674 0.388212 0.00387814
1 0.722289 0.867539 0.457678 0.256865 0.00384322
1 0.472745 0.550369 0.94549 0.741594 0.00363265
1 0.85472 0.895946 0.164848 0.151029 0.00358347
2 0.934515 0.0300164 0.13097 0.0588058 0.00350324
2 0.410574 0.818867 0.520845 0.341193 0.00341579
0 0.474603 0.741869 0.631594 0.353148 0.00340746
1 0.860528 0.818207 0.278944 0.32982 0.00339103
2 0.855456 0.916719 0.289089 0.166562 0.00327391
1 0.701121 0.927412 0.475938 0.118882 0.00315387
1 0.82609 0.726417 0.347821 0.515779 0.00315343
0 0.447499 0.681782 0.587451 0.379431 0.00313272
1 0.765639 0.850734 0.360247 0.254491 0.0031105
1 0.826944 0.0473952 0.346112 0.0947903 0.00307401
0 0.381565 0.737675 0.449242 0.35469 0.0030711
2 0.840321 0.818427 0.319359 0.357646 0.00304792
0 0.143591 0.0585072 0.287183 0.117014 0.00300755
2 0.412532 0.0584111 0.660712 0.1162 0.00299523
0 0.550638 0.641869 0.835282 0.41207 0.00298854
1 0.932278 0.0440748 0.135445 0.0879143 0.00292122
0 0.340088 0.782102 0.384778 0.31984 0.00289549
1 0.723107 0.909003 0.42434 0.133191 0.0028622
0 0.19565 0.0536038 0.3913 0.106257 0.00283186
2 0.480585 0.0811316 0.82693 0.160709 0.00281567
2 0.112044 0.812633 0.224088 0.332693 0.00281029
1 0.652671 0.947835 0.46725 0.10417 0.00280129
0 0.136607 0.121921 0.273214 0.194943 0.00278717
2 0.0784259 0.51962 0.156852 0.245347 0.00278412
2 0.07796 0.673997 0.15592 0.265129 0.00277859
2 0.0981464 0.467388 0.196293 0.227225 0.00277585
0 0.125885 0.174083 0.251769 0.229365 0.00275799
0 0.143835 0.0807906 0.287669 0.15292 0.00275766
1 0.464171 0.321107 0.928343 0.624224 0.00275685
2 0.0730673 0.626164 0.146135 0.26439 0.00275206
2 0.431959 0.820308 0.845772 0.359265 0.00273752
2 0.0695807 0.570965 0.139161 0.254834 0.00272016
2 0.864599 0.296205 0.254291 0.272872 0.00271187
2 0.104696 0.420815 0.209391 0.243539 0.00270256
0 0.195585 0.958053 0.39117 0.083895 0.00269984
2 0.587869 0.213178 0.74467 0.426355 0.00268608
0 0.367104 0.055301 0.734209 0.109777 0.00268399
0 0.104349 0.22379 0.208698 0.234877 0.00267607
2 0.471538 0.260231 0.943076 0.520462 0.00267434
2 0.0790227 0.72646 0.158045 0.282048 0.00267304
1 0.927988 0.0683723 0.144024 0.136745 0.00266185
1 0.846009 0.108954 0.300867 0.217907 0.00265992
2 0.479788 0.562671 0.959576 0.540501 0.00264398
0 0.102992 0.385395 0.205985 0.26951 0.00262482
0 0.823722 0.592133 0.352557 0.64837 0.00262068
0 0.781627 0.507183 0.436746 0.739746 0.00261561
0 0.0941836 0.273881 0.188367 0.250064 0.00261521
0 0.207866 0.86249 0.415732 0.267812 0.00259671
1 0.431558 0.956341 0.829314 0.0846461 0.00258429
0 0.0990569 0.333349 0.198114 0.273201 0.00258076
2 0.466274 0.140969 0.932548 0.279277 0.00255837
2 0.276401 0.805565 0.541646 0.383293 0.002502
0 0.502157 0.637452 0.961589 0.538747 0.00249235
1 0.431119 0.821322 0.835943 0.353671 0.0024909
0 0.865825 0.292141 0.259465 0.270767 0.00248883
0 0.558417 0.699706 0.883166 0.329178 0.00246186
1 0.77315 0.768471 0.340476 0.200966 0.0024276
2 0.342219 0.957922 0.684437 0.0811943 0.00242048
0 0.456752 0.777772 0.875623 0.412921 0.00241587
0 0.295664 0.0693734 0.591328 0.131891 0.00237693
2 0.662391 0.0971137 0.619818 0.193494 0.00236342
0 0.282905 0.109365 0.553143 0.197288 0.00236215
0 0.445088 0.1045 0.873284 0.200866 0.00236019
0 0.152412 0.157521 0.304824 0.223011 0.00235144
1 0.81249 0.0335881 0.37502 0.0660094 0.00232624
0 0.337198 0.823554 0.673095 0.348952 0.00226134
0 0.124009 0.736368 0.246554 0.338227 0.0022391
0 0.114641 0.361755 0.229282 0.245754 0.0022384
0 0.272419 0.154671 0.529742 0.23731 0.00223463
0 0.141984 0.199658 0.283969 0.239795 0.00223303
0 0.45628 0.143051 0.912559 0.242001 0.00222129
0 0.175156 0.791298 0.350311 0.382513 0.0022168
0 0.114486 0.671263 0.223743 0.2758 0.00221359
0 0.123557 0.3993 0.247113 0.223426 0.00220855
0 0.126674 0.442586 0.253347 0.206764 0.00220797
0 0.111265 0.611281 0.222531 0.264093 0.00220539
0 0.116297 0.305697 0.232595 0.26817 0.00219136
0 0.118501 0.497854 0.237003 0.244356 0.00218579
0 0.124488 0.249606 0.248976 0.271469 0.00217541
0 0.112278 0.547079 0.224556 0.263009 0.00216949
0 0.474494 0.350446 0.948987 0.61585 0.0021596
0 0.187204 0.360117 0.347751 0.200715 0.00212612
0 0.440675 0.64475 0.830931 0.310307 0.00210974
1 0.682084 0.766669 0.525475 0.288729 0.00210682
1 0.82216 0.861756 0.237149 0.222277 0.00210176
0 0.222459 0.304368 0.418721 0.249723 0.00209147
0 0.484999 0.595833 0.969998 0.560176 0.00205806
0 0.181229 0.403202 0.355144 0.19825 0.00205713
0 0.270078 0.250902 0.540156 0.288621 0.00204904
0 0.473936 0.314554 0.947873 0.345078 0.00203895
0 0.463077 0.195121 0.926154 0.25341 0.0020329
0 0.479178 0.374629 0.958356 0.307221 0.00201486
1 0.56119 0.936908 0.51481 0.126184 0.00201448
2 0.328366 0.761897 0.329608 0.170479 0.00201109
0 0.464966 0.284438 0.929931 0.546593 0.00200554
2 0.783197 0.267249 0.293532 0.211893 0.00199756
1 0.924404 0.101513 0.151192 0.200719 0.00199628
1 0.85315 0.0743494 0.293701 0.147184 0.00198564
0 0.472098 0.443583 0.944196 0.620341 0.00197839
0 0.187821 0.456085 0.375642 0.194976 0.00196745
0 0.246266 0.561031 0.492531 0.328146 0.00194977
0 0.480406 0.49474 0.960812 0.469388 0.00193663
0 0.177818 0.521506 0.355635 0.28756 0.00192713
0 0.869918 0.174083 0.207061 0.273245 0.00192402
2 0.824517 0.244576 0.210128 0.167719 0.00192264
0 0.485757 0.446404 0.971515 0.277879 0.00191958
0 0.477081 0.385159 0.954162 0.45103 0.00190424
0 0.885289 0.0208476 0.229423 0.0409928 0.00183798
1 0.86839 0.245059 0.248312 0.170777 0.00182596
1 0.82531 0.770473 0.240241 0.185027 0.00181478
2 0.836566 0.767279 0.212722 0.192334 0.00180325
1 0.405863 0.784349 0.482359 0.239793 0.00180166
1 0.83558 0.916675 0.197982 0.107657 0.00168875
2 0.927795 0.0202545 0.14441 0.0402087 0.00167926
1 0.675307 0.559489 0.452035 0.186326 0.00165345
1 0.869544 0.21675 0.144572 0.168583 0.00164477
1 0.757937 0.283729 0.331522 0.24865 0.00160543
1 0.670669 0.604789 0.432675 0.295327 0.00159824
1 0.68044 0.535769 0.41955 0.387795 0.00159717
1 0.291926 0.763273 0.261162 0.162341 0.00154022
1 0.818098 0.808919 0.252416 0.274722 0.00147765
1 0.87528 0.238403 0.249439 0.290545 0.0014768
1 0.677438 0.522704 0.443769 0.274677 0.00147075
1 0.699646 0.959423 0.530478 0.081155 0.00146627
1 0.69975 0.469984 0.405039 0.279577 0.00144787
1 0.577819 0.882365 0.476222 0.235271 0.00144219
0 0.854279 0.769339 0.174055 0.194509 0.00140022
1 0.717189 0.585262 0.499631 0.191886 0.00138296
2 0.603673 0.534374 0.259538 0.200879 0.00137748
1 0.629582 0.860644 0.458394 0.212431 0.00136948
2 0.920731 0.124525 0.158539 0.24905 0.00136235
1 0.852775 0.334966 0.274655 0.331963 0.00132909
1 0.876447 0.869662 0.192335 0.208328 0.00131736
1 0.919747 0.0893374 0.160507 0.178675 0.00131277
0 0.917432 0.0153023 0.165136 0.0304829 0.00130474
1 0.405497 0.834762 0.486432 0.181997 0.00129605
2 0.677082 0.461366 0.422381 0.262392 0.00129588
0 0.897594 0.152266 0.185839 0.304531 0.00129485
1 0.661056 0.655225 0.412756 0.450104 0.00127491
1 0.769038 0.918191 0.326702 0.100729 0.00126806
1 0.915512 0.123484 0.155402 0.246968 0.00123207
1 0.233949 0.768532 0.288925 0.169785 0.00122867
0 0.589921 0.553536 0.241043 0.233102 0.00122357
2 0.085107 0.405461 0.170214 0.251239 0.00122273
2 0.918852 0.0278586 0.162297 0.0557171 0.00121271
0 0.714279 0.362254 0.306343 0.206109 0.00121148
0 0.816054 0.768452 0.253776 0.194561 0.00119272
1 0.351962 0.819254 0.378723 0.147146 0.00118955
1 0.808188 0.885106 0.383623 0.180735 0.00115584
2 0.9099 0.173478 0.180201 0.346956 0.00113898
2 0.70315 0.56526 0.440506 0.168912 0.00113737
2 0.762575 0.564977 0.474851 0.222564 0.00113733
2 0.0881968 0.444446 0.176394 0.159917 0.00112941
2 0.578967 0.519267 0.187415 0.173049 0.00112614
1 0.872083 0.888731 0.255834 0.222538 0.00112265
1 0.781121 0.0485191 0.437757 0.0970381 0.00110405
0 0.546016 0.574027 0.16933 0.289389 0.00110258
1 0.577561 0.574929 0.205479 0.267672 0.00109507
0 0.0835686 0.420415 0.167137 0.227968 0.00109192
1 0.553665 0.63521 0.160311 0.512057 0.00109153
0 0.731384 0.326723 0.346269 0.289695 0.0010801
0 0.0516168 0.872299 0.103234 0.106706 0.00107831
0 0.850186 0.348816 0.289351 0.433629 0.00107367
2 0.28033 0.762246 0.239474 0.162153 0.00107363
0 0.836659 0.231276 0.184269 0.145794 0.00106962
1 0.629377 0.538365 0.307086 0.206661 0.0010679
2 0.732536 0.333515 0.347885 0.322317 0.00106202
1 0.798924 0.916499 0.402151 0.167002 0.00105195
2 0.777395 0.591372 0.445211 0.300726 0.00104543
2 0.770854 0.247772 0.38586 0.194979 0.00104166
0 0.0470572 0.803193 0.0941144 0.260711 0.00103685
0 0.00517016 0.0464973 0.0103403 0.0918403 0.00103471
0 0.0778648 0.870771 0.15573 0.151232 0.00102632
1 0.715622 0.421826 0.336818 0.181418 0.00101863
2 0.782737 0.350899 0.426354 0.43811 0.00101389
1 0.201871 0.760547 0.403741 0.179455 0.00101227
0 0.0871755 0.397427 0.174351 0.436234 0.00100629
2 0.546043 0.538632 0.4634 0.211749 0.00100433
0 0.00299096 0.0833059 0.00598192 0.166612 0.00100051
0 0.00421311 0.0617747 0.00842621 0.118518 0.000997875
1 0.213309 0.805634 0.372316 0.231833 0.000997818
0 0.146023 0.041861 0.292046 0.0830905 0.000991729
0 0.742249 0.928436 0.515502 0.105115 0.000990278
0 0.0532679 0.0409126 0.106536 0.0818251 0.000990191
0 0.717349 0.712082 0.460266 0.204578 0.000988061
1 0.585395 0.838206 0.440471 0.188569 0.000983371
0 0.64372 0.405856 0.367849 0.151973 0.000979122
1 0.656748 0.693676 0.580002 0.312615 0.000978274
0 0.771495 0.281952 0.432524 0.227441 0.000978167
0 0.846992 0.71778 0.141328 0.0971378 0.000976299
0 0.898136 0.853333 0.203728 0.257531 0.000973981
2 0.479162 0.950938 0.587372 0.0981249 0.000964124
2 0.648499 0.554939 0.37246 0.228321 0.000962914
0 0.927988 0.834602 0.144024 0.322133 0.000960034
1 0.880944 0.169524 0.166197 0.339048 0.00095962
0 0.586076 0.578357 0.391805 0.298972 0.000957742
2 0.0832971 0.47429 0.166193 0.0956793 0.00095648
0 0.827963 0.832469 0.243886 0.276833 0.000951259
2 0.087291 0.374329 0.174582 0.492634 0.00094922
0 0.00271313 0.114499 0.00542625 0.228997 0.000945243
1 0.326464 0.834165 0.331168 0.126598 0.00093923
0 0.596985 0.6273 0.30534 0.480224 0.00093536
1 0.738507 0.613717 0.509074 0.264762 0.000932328
2 0.160637 0.913551 0.321275 0.172419 0.000932113
2 0.831666 0.61528 0.336668 0.373601 0.000928803
2 0.28327 0.046322 0.56654 0.0915434 0.000928351
0 0.696877 0.380075 0.273442 0.127904 0.000925472
2 0.445622 0.850008 0.547812 0.148344 0.000924235
2 0.523782 0.935683 0.672169 0.127515 0.000923616
2 0.307569 0.97663 0.496942 0.0467393 0.000920546
2 0.922284 0.120313 0.155432 0.240625 0.000920132
1 0.915985 0.868389 0.168029 0.263222 0.000917965
2 0.082636 0.464871 0.165272 0.370545 0.000917667
2 0.0707189 0.909315 0.140856 0.130218 0.000917418
0 0.867952 0.850098 0.178897 0.249327 0.000914914
2 0.929229 0.559987 0.130933 0.331666 0.000908688
2 0.641939 0.809109 0.51575 0.279334 0.000907503
0 0.616692 0.607204 0.391767 0.374141 0.00090671
2 0.0915965 0.0721081 0.183193 0.144216 0.000904572
2 0.278562 0.840204 0.300437 0.277906 0.000901458
1 0.788636 0.949481 0.422728 0.101039 0.000900669
1 0.597594 0.793909 0.511092 0.290285 0.000899909
2 0.565884 0.825551 0.44993 0.204601 0.000899865
2 0.0833598 0.177599 0.16672 0.355197 0.000898331
2 0.444437 0.830549 0.629866 0.187819 0.000897791
0 0.70607 0.964919 0.153926 0.0699034 0.000897672
2 0.00303637 0.148528 0.00607275 0.297056 0.000897602
2 0.243547 0.884554 0.309032 0.230893 0.000897053
2 0.332014 0.88975 0.378691 0.182211 0.000896085
0 0.880405 0.742962 0.18946 0.180327 0.000894541
2 0.0835711 0.912968 0.164586 0.171033 0.000894344
0 0.716656 0.464407 0.412656 0.222396 0.000893822
0 0.0554547 0.871704 0.102409 0.0628658 0.000893655
2 0.618659 0.441207 0.287009 0.222066 0.000892151
2 0.44353 0.794097 0.66772 0.27638 0.000890234
2 0.0813618 0.265763 0.162724 0.303901 0.000890179
2 0.371164 0.848169 0.417416 0.136906 0.000887033
0 0.699173 0.501709 0.411917 0.254249 0.000886015
0 0.565956 0.125553 0.300611 0.131534 0.000885693
2 0.339794 0.908902 0.503239 0.182197 0.000885287
2 0.858476 0.35784 0.27703 0.483412 0.000885066
0 0.830838 0.693451 0.230579 0.167329 0.000884772
1 0.823441 0.0884319 0.353118 0.176864 0.00088461
2 0.384169 0.967693 0.518103 0.0646147 0.000884461
2 0.0528103 0.78314 0.105621 0.43372 0.000884388
2 0.19927 0.771165 0.389115 0.169653 0.000884083
0 0.090818 0.0494584 0.181636 0.0969071 0.000883846
0 0.496321 0.0484098 0.781021 0.0959864 0.000881888
0 0.623764 0.441598 0.287843 0.22319 0.00087695
1 0.298352 0.813006 0.283284 0.235764 0.000876595
