2 0.237331 0.387223 0.312488 0.192222 0.911052
0 0.943702 0.939356 0.112596 0.117365 0.710562
2 0.407856 0.800404 0.21916 0.16843 0.532394
0 0.408795 0.799797 0.224099 0.167583 0.224482
0 0.475776 0.697982 0.0853662 0.0452461 0.116528
0 0.0163143 0.10965 0.0245242 0.0232788 0.102583
2 0.47585 0.698283 0.0861579 0.0438177 0.0809867
0 0.705807 0.945506 0.0299019 0.0209061 0.080826
1 0.230212 0.388071 0.321438 0.186968 0.0609618
0 0.941351 0.892485 0.117298 0.21503 0.0421405
0 0.942817 0.175784 0.0315593 0.0281602 0.0374295
2 0.341877 0.391557 0.520798 0.19841 0.0203372
2 0.233251 0.467774 0.318399 0.348898 0.0170877
0 0.958388 0.969424 0.0832249 0.0607481 0.0120662
0 0.886465 0.935753 0.22707 0.127673 0.0119157
0 0.857663 0.960675 0.272489 0.0779076 0.0118317
0 0.70732 0.944485 0.0388705 0.0230167 0.011784
0 0.0168588 0.107336 0.0271915 0.0303766 0.0103624
0 0.236599 0.470094 0.318605 0.354664 0.0099718
0 0.868667 0.940331 0.262666 0.119338 0.00980233
0 0.457227 0.74055 0.123433 0.124959 0.00935874
1 0.566203 0.774646 0.548014 0.231246 0.00932418
0 0.431408 0.772997 0.174749 0.168215 0.00907696
2 0.541996 0.797567 0.497094 0.185825 0.00894595
2 0.421956 0.834789 0.244695 0.250807 0.0072964
1 0.580764 0.80643 0.623582 0.275707 0.00721655
0 0.235092 0.305491 0.315546 0.363074 0.00720698
0 0.143573 0.942365 0.0239846 0.0229839 0.00678925
0 0.937871 0.849331 0.123614 0.298928 0.00675888
2 0.225963 0.478655 0.346076 0.503943 0.00662369
0 0.559135 0.781894 0.534821 0.21788 0.00639248
0 0.226022 0.384606 0.337601 0.197919 0.00607234
0 0.919929 0.92396 0.160143 0.152079 0.00590456
0 0.357087 0.380471 0.549784 0.196092 0.00561767
0 0.466577 0.704477 0.100062 0.0565624 0.00555889
1 0.412374 0.800467 0.223648 0.164869 0.0054616
2 0.538008 0.851813 0.50801 0.296374 0.00532565
0 0.826274 0.872113 0.33774 0.255307 0.00495825
0 0.378773 0.804621 0.162353 0.168712 0.00480896
2 0.415875 0.783872 0.178561 0.127866 0.00477804
0 0.398021 0.853412 0.257948 0.288449 0.00477314
0 0.215794 0.550139 0.415577 0.575673 0.00475643
2 0.18696 0.398365 0.21653 0.166602 0.00460215
1 0.48599 0.541287 0.825566 0.805384 0.00459903
2 0.533596 0.969124 0.513893 0.0602846 0.00455403
0 0.373541 0.300414 0.589457 0.431124 0.00443737
0 0.567827 0.730056 0.73094 0.379783 0.00438147
0 0.464165 0.759071 0.110304 0.165615 0.00434256
2 0.363008 0.44993 0.578842 0.343018 0.00433871
0 0.274413 0.46116 0.548826 0.39761 0.00429046
2 0.340869 0.781583 0.389427 0.223488 0.00428262
2 0.744181 0.969105 0.451143 0.0617907 0.00423917
0 0.402492 0.487659 0.63112 0.462584 0.00419721
0 0.399013 0.395842 0.619615 0.399169 0.00419317
1 0.583215 0.738463 0.705476 0.437965 0.00417271
0 0.264598 0.399025 0.529197 0.345128 0.00417045
0 0.386047 0.746695 0.266468 0.271894 0.00415254
0 0.957335 0.923017 0.0847193 0.0889922 0.00412873
1 0.528469 0.521608 0.943061 0.934072 0.00409715
1 0.378108 0.439288 0.599825 0.455026 0.00409347
0 0.953209 0.902541 0.0921463 0.0459186 0.00405936
0 0.965556 0.905569 0.0674494 0.0514483 0.00388841
2 0.609088 0.771212 0.710982 0.374451 0.00387499
0 0.349409 0.81067 0.551406 0.227991 0.00383833
2 0.564904 0.968923 0.721667 0.0621542 0.00375733
1 0.250535 0.414717 0.279612 0.137541 0.0037323
2 0.167362 0.52397 0.334723 0.540728 0.00372251
2 0.501403 0.57131 0.893506 0.732514 0.003697
0 0.450961 0.708997 0.0836192 0.0675569 0.00360636
2 0.589097 0.868826 0.686798 0.248573 0.0035856
0 0.267372 0.260147 0.431939 0.483677 0.00350769
0 0.942988 0.930637 0.114023 0.082016 0.00347045
1 0.431842 0.811576 0.321209 0.153269 0.00334953
0 0.213603 0.0656391 0.421335 0.131108 0.0033439
2 0.333669 0.733552 0.394874 0.315716 0.00332546
0 0.0242584 0.10887 0.0418052 0.0255876 0.00331142
0 0.520917 0.847837 0.55093 0.299524 0.00329743
0 0.938468 0.925112 0.102008 0.0619692 0.00328051
0 0.773012 0.935264 0.453976 0.122627 0.00325005
0 0.213548 0.357021 0.264606 0.129244 0.00322806
0 0.0142852 0.0973182 0.0285704 0.0563753 0.00320728
0 0.133419 0.0651685 0.266838 0.130337 0.00319935
0 0.313119 0.850641 0.510146 0.298718 0.00311851
0 0.29874 0.0709939 0.59319 0.141398 0.00307545
2 0.515985 0.54309 0.96803 0.893753 0.00303987
0 0.383555 0.260128 0.730774 0.499103 0.00301891
0 0.894748 0.07864 0.210503 0.15728 0.00298143
0 0.944259 0.175237 0.0398033 0.0321696 0.002978
2 0.437217 0.854205 0.306745 0.288954 0.00293023
0 0.447989 0.390354 0.789288 0.514784 0.00292177
0 0.93223 0.411645 0.13554 0.415246 0.00290894
0 0.122297 0.127433 0.244593 0.229674 0.00287687
0 0.17996 0.125681 0.35374 0.24915 0.00285068
0 0.32136 0.0985878 0.631532 0.194459 0.00284413
0 0.191971 0.377619 0.220832 0.178183 0.00283551
0 0.440388 0.210598 0.709184 0.342292 0.00282129
0 0.106729 0.964211 0.213458 0.0715785 0.00281988
0 0.464423 0.969829 0.3734 0.0597904 0.00281496
0 0.93939 0.35344 0.12122 0.422468 0.00280758
0 0.443012 0.286509 0.73889 0.333459 0.00280393
0 0.484056 0.0770332 0.599761 0.1531 0.00279195
0 0.940233 0.179798 0.0413198 0.0398592 0.00278876
0 0.622908 0.925295 0.719011 0.136876 0.00278304
0 0.357891 0.808937 0.118218 0.159378 0.00275893
0 0.921932 0.46545 0.156135 0.407412 0.00275826
0 0.33322 0.97001 0.545524 0.0589374 0.00275692
0 0.106438 0.189658 0.212876 0.310543 0.00274963
0 0.452109 0.265211 0.904217 0.524955 0.00273899
0 0.70991 0.942447 0.0440016 0.0302589 0.00273056
0 0.403051 0.968301 0.338655 0.0627762 0.00272187
0 0.48962 0.707331 0.947377 0.46114 0.00272041
0 0.435109 0.163198 0.870217 0.326397 0.00271516
2 0.569072 0.700688 0.823626 0.543269 0.0027039
2 0.629072 0.5953 0.73276 0.706377 0.0026618
0 0.138293 0.905057 0.276586 0.180537 0.00265977
0 0.651871 0.087615 0.641053 0.17523 0.00265895
0 0.169119 0.285102 0.338239 0.453202 0.00265419
0 0.915497 0.112837 0.169005 0.216111 0.0026524
0 0.808789 0.0768358 0.382422 0.153672 0.00262759
0 0.420767 0.114552 0.735914 0.227556 0.00262554
0 0.14649 0.943435 0.0291829 0.0276172 0.00262297
0 0.223797 0.967846 0.447595 0.0627123 0.00260547
2 0.314394 0.326911 0.0880005 0.0653639 0.00258521
0 0.929505 0.768043 0.140753 0.386109 0.00258153
0 0.459663 0.790602 0.343731 0.158579 0.00257613
0 0.254615 0.205284 0.509231 0.385618 0.00257402
0 0.420339 0.833093 0.838569 0.333815 0.00256388
0 0.931205 0.143571 0.13759 0.237302 0.00256126
0 0.915611 0.812068 0.162349 0.300187 0.00254196
0 0.0973129 0.809682 0.194626 0.320214 0.00253823
2 0.81045 0.537444 0.367629 0.626858 0.00252274
0 0.905284 0.517099 0.189432 0.42761 0.00250989
0 0.0875502 0.766439 0.1751 0.338748 0.00250544
0 0.111142 0.553337 0.222283 0.51136 0.00249844
0 0.939383 0.208833 0.121235 0.288527 0.00249125
1 0.483318 0.680653 0.0994605 0.0799653 0.00248426
0 0.944217 0.272659 0.111566 0.362167 0.00247307
2 0.318126 0.315959 0.0936137 0.0476111 0.00242325
0 0.38708 0.720853 0.733622 0.36028 0.00241772
0 0.571349 0.116008 0.825925 0.229299 0.00241041
0 0.0872615 0.703602 0.174523 0.348334 0.00238924
0 0.475146 0.770984 0.291467 0.192544 0.0023877
0 0.290829 0.884872 0.581659 0.219296 0.00238378
0 0.47496 0.476702 0.873697 0.645045 0.00238316
0 0.627712 0.862172 0.731711 0.270329 0.002375
0 0.895785 0.577606 0.20843 0.393069 0.00234591
0 0.528864 0.255384 0.85431 0.485082 0.00233866
0 0.0973468 0.650721 0.194694 0.35887 0.00233021
2 0.316508 0.543577 0.624095 0.813541 0.00232718
0 0.915863 0.683065 0.168275 0.407165 0.00232646
0 0.494109 0.542914 0.96296 0.852278 0.00231946
0 0.948501 0.977664 0.102999 0.0437952 0.00228176
0 0.874853 0.431154 0.250295 0.439396 0.00227666
2 0.748053 0.609446 0.484642 0.655546 0.00226416
0 0.699866 0.944374 0.0500084 0.0244693 0.0022513
0 0.771554 0.105985 0.453478 0.207669 0.00221495
0 0.535602 0.348642 0.836367 0.572364 0.00219593
0 0.978152 0.899679 0.0436968 0.0397675 0.00219179
0 0.835767 0.383987 0.328465 0.471698 0.00218807
0 0.684681 0.157564 0.600283 0.301373 0.00218319
0 0.396611 0.777616 0.793222 0.420421 0.00217535
0 0.292876 0.574934 0.585753 0.7123 0.00215496
0 0.0380136 0.108604 0.0714771 0.0264378 0.00213705
2 0.741639 0.819848 0.493139 0.334171 0.00213703
0 0.795241 0.483197 0.401049 0.593988 0.0021344
1 0.183963 0.424217 0.20776 0.113133 0.00213413
0 0.0157794 0.121134 0.0288419 0.0539358 0.00211199
0 0.801585 0.337165 0.39683 0.440427 0.0020622
0 0.5 0.681105 1 0.601941 0.00206211
0 0.281125 0.66148 0.56225 0.442427 0.0020518
0 0.722402 0.245106 0.525208 0.378413 0.00204987
0 0.595343 0.428677 0.798371 0.608431 0.00203486
0 0.776519 0.198172 0.440996 0.25365 0.0020184
0 0.783948 0.271073 0.43152 0.349247 0.00198084
2 0.713915 0.740859 0.544386 0.476838 0.00196638
0 0.870904 0.758303 0.249789 0.338996 0.00196212
0 0.739267 0.403231 0.507372 0.57264 0.00195708
0 0.515082 0.222514 0.374302 0.199996 0.00193477
1 0.418335 0.82966 0.259941 0.192556 0.00191771
0 0.170014 0.343729 0.173152 0.112738 0.00191647
2 0.219945 0.376637 0.157629 0.146128 0.00188914
0 0.360771 0.3042 0.0277294 0.0235324 0.00188436
0 0.458965 0.695503 0.0490778 0.0384795 0.00188159
1 0.510159 0.677644 0.167633 0.0951073 0.00185818
0 0.798396 0.590955 0.401049 0.475735 0.00184986
0 0.832081 0.721857 0.327236 0.382816 0.00183979
0 0.266101 0.340994 0.243506 0.0899508 0.00182673
0 0.785893 0.693687 0.421542 0.44157 0.00180898
0 0.0151835 0.132275 0.0273533 0.0695748 0.00180002
0 0.699108 0.948621 0.0572814 0.0337023 0.00179017
0 0.960009 0.193016 0.0790196 0.125554 0.00174032
0 0.968403 0.914859 0.0631931 0.0707587 0.00173556
0 0.312398 0.329161 0.091618 0.0706905 0.00170154
1 0.422827 0.803155 0.43382 0.161558 0.00167491
2 0.167814 0.384384 0.17077 0.180131 0.00167178
0 0.225006 0.385439 0.437057 0.168787 0.00166196
0 0.260284 0.367764 0.342723 0.147566 0.00164231
1 0.227265 0.434576 0.416039 0.117118 0.00163808
0 0.0149109 0.150687 0.0298218 0.103505 0.00161995
0 0.197663 0.344057 0.209752 0.0986718 0.00160912
0 0.0188639 0.0647265 0.0377278 0.129453 0.00159647
1 0.532311 0.697794 0.261054 0.0555166 0.00156908
1 0.197978 0.410035 0.24289 0.152543 0.00155581
0 0.146037 0.344739 0.125734 0.101303 0.00155497
1 0.206561 0.448704 0.413121 0.18207 0.00154248
1 0.423744 0.863069 0.39475 0.212457 0.00152905
0 0.0146612 0.154984 0.0293224 0.198241 0.00151804
0 0.918826 0.915776 0.0605557 0.0420143 0.00151116
0 0.283204 0.358919 0.20827 0.134495 0.00149652
0 0.925513 0.177081 0.0729998 0.0323616 0.00149514
0 0.98008 0.905169 0.0395732 0.0535913 0.0014621
0 0.539699 0.18701 0.362269 0.174533 0.00143546
0 0.687037 0.950777 0.0769409 0.0358044 0.00143476
0 0.171675 0.457643 0.248369 0.260783 0.00141751
0 0.832743 0.938019 0.334514 0.123961 0.00140501
1 0.348935 0.307029 0.0536202 0.0322111 0.00139452
1 0.850547 0.931033 0.298906 0.137933 0.00138841
0 0.313 0.324241 0.14641 0.0636025 0.00138484
2 0.193467 0.378541 0.185283 0.136653 0.00136781
2 0.432343 0.798588 0.163615 0.118841 0.00130622
0 0.961808 0.159622 0.075309 0.0970094 0.00128964
1 0.434847 0.839126 0.472087 0.156626 0.00125752
1 0.412551 0.881069 0.235344 0.237862 0.00125445
0 0.920072 0.921929 0.0686575 0.0529068 0.0012195
0 0.486914 0.250014 0.312688 0.16015 0.00121944
0 0.0273758 0.0510343 0.0547517 0.101321 0.00121855
0 0.0415152 0.060247 0.0830304 0.115971 0.00121656
0 0.242244 0.413653 0.484487 0.180477 0.00121471
0 0.959073 0.19847 0.0812388 0.326957 0.00120315
0 0.736605 0.951862 0.258209 0.0568664 0.00119051
1 0.186214 0.422924 0.235164 0.204431 0.00118824
0 0.590142 0.171332 0.214735 0.131671 0.00118536
0 0.404629 0.749475 0.232456 0.125407 0.00116565
0 0.0510688 0.995479 0.102138 0.00878562 0.00116465
2 0.262933 0.47043 0.525865 0.166257 0.00115495
0 0.329584 0.359991 0.285384 0.136806 0.00115007
0 0.0644067 0.0441642 0.128813 0.0883283 0.00112767
0 0.157085 0.497379 0.28071 0.163701 0.00112422
0 0.489266 0.221977 0.344389 0.159905 0.00112387
0 0.300948 0.330847 0.174112 0.0731853 0.00111616
0 0.428984 0.724839 0.0383202 0.0406072 0.00111441
0 0.0823392 0.988309 0.164678 0.0232667 0.00111429
0 0.140503 0.945699 0.037323 0.0303074 0.00110586
0 0.704922 0.957432 0.0398155 0.048764 0.00110212
0 0.351125 0.302324 0.0476148 0.0254245 0.00110122
0 0.639583 0.967626 0.413875 0.0647484 0.0010939
0 0.958112 0.26045 0.0818527 0.227711 0.00108945
0 0.342236 0.830753 0.229711 0.148004 0.00108554
0 0.14993 0.330514 0.136121 0.0810247 0.0010766
0 0.551847 0.184645 0.295152 0.124507 0.00107381
1 0.262802 0.434836 0.525605 0.147102 0.00107316
0 0.490249 0.190168 0.354479 0.131497 0.00106691
2 0.198013 0.356409 0.208469 0.128137 0.00105915
0 0.0822556 0.927732 0.164511 0.144537 0.00105734
0 0.140854 0.952969 0.163186 0.0519943 0.00105374
0 0.461495 0.0164918 0.278883 0.0322101 0.00105257
1 0.250434 0.473318 0.479217 0.220278 0.00105165
0 0.023841 0.376676 0.047682 0.329192 0.00104963
0 0.113242 0.108893 0.224491 0.0681465 0.00104879
0 0.96022 0.116017 0.078116 0.200607 0.00104269
1 0.348097 0.438297 0.465422 0.1632 0.00104004
1 0.858659 0.0141096 0.226458 0.0281079 0.00102763
0 0.68981 0.973181 0.40899 0.0536375 0.00102579
0 0.421153 0.761622 0.182046 0.0982014 0.00102184
0 0.104568 0.0229208 0.192546 0.0458416 0.00101775
0 0.611582 0.163884 0.176751 0.0807204 0.00101753
0 0.61752 0.200747 0.182242 0.0491746 0.00101314
1 0.518403 0.755125 0.344784 0.181771 0.00101234
0 0.519523 0.801374 0.4555 0.151373 0.00101195
0 0.0666921 0.16366 0.133258 0.139448 0.00100779
0 0.377457 0.0890544 0.0662275 0.0312995 0.00100692
0 0.485974 0.988969 0.404179 0.0220622 0.00100654
0 0.0375229 0.400785 0.0750459 0.32165 0.00100609
0 0.0529537 0.126136 0.104143 0.0674597 0.00100551
0 0.911392 0.0391998 0.176473 0.0777716 0.000998305
0 0.0252225 0.188446 0.0504449 0.306222 0.000996284
0 0.178468 0.324749 0.197885 0.0824656 0.000993927
0 0.0875628 0.0366232 0.175126 0.0732149 0.000993516
0 0.893924 0.0167959 0.196841 0.0335918 0.000991686
0 0.0170542 0.342774 0.0341084 0.26571 0.000990984
0 0.832159 0.0129353 0.240644 0.0257885 0.00099022
0 0.567317 0.180365 0.314311 0.0809786 0.000988188
1 0.809879 0.0118534 0.210145 0.0237067 0.000986567
0 0.0574587 0.893493 0.114917 0.213015 0.00098287
0 0.95725 0.127565 0.0850967 0.25513 0.000979032
0 0.0339383 0.855107 0.0678767 0.264192 0.000977086
2 0.712004 0.918278 0.0644244 0.0637737 0.000975963
0 0.0156862 0.681711 0.0313723 0.275598 0.000975813
2 0.945039 0.0903733 0.109922 0.180747 0.000975604
0 0.184839 0.433801 0.314031 0.216171 0.000974022
0 0.98607 0.894532 0.0277692 0.032748 0.000973593
0 0.160876 0.986483 0.321752 0.0270344 0.000973539
0 0.412396 0.349151 0.306165 0.14408 0.000972943
0 0.051654 0.218019 0.103308 0.257865 0.000970739
0 0.951738 0.266415 0.0963915 0.467281 0.000970053
0 0.786762 0.0125843 0.225312 0.0251686 0.000967664
0 0.399366 0.128976 0.18943 0.101794 0.000967394
0 0.475529 0.157809 0.31855 0.128994 0.000967059
0 0.689371 0.0238456 0.264396 0.0476912 0.000966525
0 0.754477 0.0136119 0.21723 0.0272237 0.000966454
