2 0.296739 0.735329 0.395441 0.323148 0.97951
0 0.797484 0.663335 0.160292 0.127947 0.784141
2 0.550192 0.442104 0.366473 0.287783 0.695257
2 0.5392 0.481134 0.367383 0.215082 0.62715
0 0.750794 0.782794 0.139706 0.0915562 0.434025
0 0.704269 0.18779 0.416596 0.243517 0.407881
0 0.549481 0.443418 0.367866 0.290812 0.385408
0 0.825577 0.90951 0.06523 0.0834688 0.367538
0 0.582802 0.355124 0.143879 0.111977 0.286665
0 0.475279 0.311205 0.0319734 0.0281764 0.195628
0 0.674016 0.226246 0.101108 0.0757948 0.183074
0 0.6316 0.131134 0.269153 0.131119 0.16524
0 0.710612 0.809432 0.215271 0.145078 0.114464
0 0.629622 0.16227 0.271058 0.196635 0.110672
0 0.822917 0.92673 0.0552533 0.047351 0.104478
0 0.465378 0.96373 0.0290388 0.0217228 0.104094
0 0.613314 0.117429 0.23106 0.101629 0.0787236
0 0.707988 0.318423 0.448185 0.522134 0.0779243
0 0.618772 0.362864 0.216575 0.128481 0.0738468
0 0.754486 0.719515 0.145157 0.228159 0.0612715
0 0.578301 0.112447 0.159948 0.0868964 0.0528617
0 0.782568 0.770976 0.191678 0.339239 0.0515402
0 0.0876622 0.428297 0.0631074 0.044824 0.0504778
0 0.789748 0.729962 0.173361 0.258285 0.043704
0 0.776966 0.782675 0.19235 0.10257 0.0408591
0 0.644752 0.423766 0.560457 0.339195 0.0393312
0 0.42312 0.589463 0.624111 0.626076 0.0364738
0 0.0599888 0.399844 0.119978 0.0995241 0.0294947
0 0.543419 0.113615 0.0903228 0.0567564 0.027035
0 0.603929 0.485527 0.484995 0.405105 0.0263309
0 0.60928 0.112187 0.106339 0.0985119 0.0247635
0 0.80658 0.908141 0.106102 0.0856808 0.0242393
0 0.745373 0.782127 0.275645 0.370926 0.0233585
0 0.547029 0.591535 0.378476 0.620303 0.0216823
0 0.551048 0.353841 0.217241 0.1176 0.0207039
0 0.688597 0.141759 0.120336 0.0922178 0.0195757
0 0.475247 0.314809 0.0368351 0.0347105 0.0191844
2 0.408701 0.714981 0.616256 0.367896 0.017767
0 0.0623166 0.404089 0.124633 0.147531 0.0169341
0 0.68004 0.195112 0.109141 0.142659 0.0166385
0 0.734648 0.662076 0.293678 0.132691 0.0149363
0 0.659298 0.324582 0.54741 0.649163 0.014893
2 0.0581498 0.336753 0.114508 0.241063 0.0135752
0 0.594068 0.436558 0.27579 0.268319 0.0132142
0 0.539713 0.914258 0.0243705 0.0197429 0.0130669
0 0.699232 0.223338 0.146088 0.103759 0.0123726
0 0.824452 0.7782 0.324294 0.359701 0.0120281
0 0.651628 0.703598 0.457681 0.348158 0.0117079
0 0.861101 0.909806 0.141436 0.0854058 0.0116644
0 0.72782 0.16759 0.345345 0.216246 0.0115142
0 0.947381 0.22569 0.0365096 0.0230121 0.0112368
0 0.800105 0.866259 0.134601 0.177346 0.0112189
2 0.0555886 0.379204 0.109818 0.190929 0.0110978
0 0.765043 0.211405 0.300901 0.219612 0.0109566
0 0.823261 0.893257 0.0654976 0.0501366 0.0109222
0 0.477628 0.174199 0.784685 0.250041 0.0107737
0 0.800689 0.781793 0.276439 0.0997783 0.0099246
2 0.469572 0.70568 0.722579 0.561859 0.00952895
0 0.519916 0.115946 0.0411111 0.0498941 0.00946626
0 0.326763 0.00842442 0.0638392 0.0168488 0.00946525
0 0.857561 0.667233 0.279825 0.141693 0.00936923
0 0.363839 0.0120591 0.132052 0.0236054 0.00907981
0 0.05652 0.316096 0.11304 0.271597 0.00877397
0 0.532107 0.114155 0.0644952 0.0548302 0.00855457
0 0.0642569 0.380096 0.128514 0.210705 0.00846685
0 0.295489 0.0107125 0.141177 0.0213789 0.00841182
2 0.519999 0.769202 0.840777 0.461595 0.00818443
0 0.679699 0.689625 0.40267 0.251303 0.00808963
0 0.065727 0.282994 0.12987 0.35119 0.00795118
0 0.680736 0.127301 0.286237 0.12555 0.00785818
0 0.588756 0.786537 0.607436 0.426926 0.00774453
0 0.619029 0.613842 0.527254 0.662249 0.00772082
0 0.29312 0.72972 0.39034 0.317998 0.00759104
0 0.719008 0.785067 0.209763 0.1085 0.00751154
0 0.284465 0.0602009 0.566519 0.120402 0.00744003
1 0.061286 0.426372 0.122572 0.195704 0.00741028
0 0.341239 0.0112378 0.132628 0.022444 0.00740608
0 0.455117 0.123871 0.881211 0.247741 0.00737063
0 0.750932 0.77976 0.396953 0.353894 0.00736584
0 0.780363 0.23833 0.249216 0.154622 0.00729882
0 0.737456 0.210821 0.496352 0.308679 0.00729609
0 0.819163 0.919869 0.0616526 0.0634613 0.0072605
0 0.889948 0.908011 0.219761 0.0907086 0.00726046
0 0.592235 0.206122 0.518435 0.30175 0.007155
0 0.665181 0.232231 0.0800334 0.0745456 0.00692834
0 0.39088 0.0952694 0.756409 0.190539 0.00678091
2 0.0577005 0.469774 0.113469 0.347986 0.00676808
0 0.647281 0.450938 0.577393 0.773931 0.00635374
0 0.484142 0.165255 0.968284 0.330511 0.00627442
0 0.327008 0.0147962 0.239029 0.0293626 0.006267
2 0.0367298 0.391038 0.0724707 0.0935204 0.00616699
0 0.601922 0.391332 0.255723 0.182065 0.00616671
0 0.586955 0.480821 0.288022 0.212995 0.00595327
0 0.841121 0.720735 0.299902 0.241932 0.00595301
0 0.632224 0.136792 0.322759 0.273585 0.00595129
0 0.395331 0.393316 0.0239481 0.0193167 0.00583448
1 0.0637286 0.268642 0.126562 0.387165 0.00574814
0 0.0942094 0.256332 0.184469 0.453879 0.00570187
0 0.780469 0.680875 0.20262 0.173766 0.00565476
0 0.486501 0.644211 0.794147 0.698725 0.00559282
0 0.642723 0.276777 0.545088 0.460536 0.00554335
0 0.519852 0.124056 0.533339 0.248112 0.00544397
0 0.739257 0.85029 0.278574 0.211727 0.00525406
0 0.140415 0.27168 0.279301 0.400512 0.00505086
0 0.533459 0.366817 0.344272 0.135201 0.00481785
0 0.737512 0.160821 0.464181 0.321642 0.00479325
0 0.471552 0.96303 0.0398792 0.020451 0.00468889
0 0.464233 0.970421 0.0318887 0.0359303 0.00466079
0 0.0809189 0.423912 0.0769825 0.0549906 0.00462408
0 0.784546 0.198295 0.430907 0.258867 0.00459273
0 0.511658 0.773414 0.85176 0.453171 0.0045862
0 0.468484 0.537746 0.849792 0.48688 0.00458598
0 0.82903 0.88836 0.0916274 0.129979 0.00456706
0 0.792336 0.252195 0.195637 0.121177 0.00452939
2 0.0516108 0.399695 0.102462 0.112138 0.00450231
0 0.471947 0.336024 0.0514655 0.0765843 0.00442081
0 0.285935 0.127672 0.5562 0.255241 0.0043223
0 0.0584116 0.43303 0.114882 0.45915 0.00431482
0 0.227908 0.0840271 0.439809 0.16708 0.00428234
0 0.478766 0.308703 0.0415813 0.0345744 0.00425745
0 0.463633 0.467783 0.880972 0.346449 0.0042485
0 0.544609 0.913398 0.0279576 0.0204506 0.00419278
0 0.430698 0.228998 0.861395 0.434338 0.00397769
2 0.270719 0.742924 0.541437 0.345335 0.00394626
2 0.0654499 0.512551 0.13039 0.433606 0.00384099
0 0.536053 0.916244 0.028025 0.0229746 0.00381731
0 0.468417 0.310215 0.0460265 0.0308105 0.00379248
0 0.170479 0.334475 0.339746 0.317257 0.00375565
0 0.75532 0.109497 0.489359 0.218995 0.00374488
0 0.460678 0.966802 0.0419923 0.0259117 0.0037216
0 0.808649 0.908255 0.343831 0.116325 0.00367699
0 0.8083 0.258084 0.3834 0.398415 0.00361193
0 0.844726 0.131579 0.310549 0.255049 0.00360771
0 0.90257 0.67698 0.194861 0.2515 0.00359816
0 0.167061 0.2123 0.3334 0.414727 0.00359031
0 0.187666 0.139486 0.363955 0.278972 0.00357464
0 0.277428 0.760147 0.554856 0.389329 0.00355866
2 0.02707 0.387381 0.0536326 0.0815499 0.00353229
0 0.203708 0.0649783 0.407416 0.129957 0.00352945
2 0.446759 0.767747 0.71881 0.413445 0.0035188
0 0.630733 0.0880263 0.0495735 0.0455636 0.00350469
0 0.868995 0.906231 0.258137 0.129908 0.00344455
0 0.59806 0.438641 0.262519 0.133406 0.00344296
2 0.414707 0.755053 0.151475 0.163114 0.00343161
0 0.814715 0.736431 0.273835 0.19361 0.00342994
0 0.767349 0.900071 0.4473 0.141562 0.00342499
0 0.94413 0.226437 0.0474207 0.0266275 0.00340957
0 0.310482 0.610811 0.481813 0.539432 0.00330965
0 0.195028 0.349159 0.384458 0.489624 0.00329271
0 0.159281 0.0911161 0.318561 0.180476 0.00326556
0 0.873988 0.083002 0.252024 0.166004 0.00326044
0 0.296935 0.200031 0.580284 0.395499 0.00324462
0 0.877724 0.358546 0.244551 0.472676 0.00323098
0 0.788959 0.648617 0.145235 0.0980351 0.00322929
0 0.898139 0.893824 0.203723 0.186595 0.00319324
0 0.0721173 0.556642 0.144235 0.475256 0.00318765
0 0.902209 0.957091 0.195581 0.0858172 0.00315382
0 0.388239 0.400517 0.0406916 0.0321433 0.00315357
2 0.480223 0.97261 0.602572 0.0547797 0.00315205
0 0.715943 0.886804 0.535164 0.179429 0.00311359
0 0.880148 0.962137 0.238059 0.075727 0.00311273
0 0.767954 0.975247 0.369211 0.0495063 0.0031082
0 0.842356 0.967646 0.257303 0.0647082 0.00310411
0 0.0813375 0.202819 0.162675 0.379462 0.00308094
0 0.144403 0.516877 0.288807 0.557917 0.00307889
0 0.0632269 0.455149 0.126454 0.254433 0.00303131
2 0.579581 0.974627 0.516158 0.0507464 0.003023
0 0.213265 0.492793 0.418666 0.69478 0.00301757
0 0.426637 0.971856 0.564951 0.0562874 0.00300951
0 0.11582 0.130878 0.231639 0.255103 0.00299396
0 0.209876 0.251055 0.411119 0.498959 0.00299019
0 0.685695 0.580195 0.402527 0.442782 0.00296489
0 0.132054 0.768344 0.261965 0.370508 0.00294273
0 0.258076 0.570074 0.516153 0.568357 0.00293884
0 0.683751 0.811807 0.306718 0.15228 0.00293793
0 0.50454 0.577801 0.990919 0.693859 0.00293298
0 0.103524 0.753779 0.207049 0.321563 0.00291668
2 0.248526 0.774648 0.306452 0.24547 0.00290961
0 0.270731 0.0244415 0.316034 0.047909 0.00290065
0 0.281938 0.44256 0.562523 0.603825 0.00286861
0 0.286819 0.796881 0.457446 0.39124 0.00286835
0 0.694474 0.977169 0.471581 0.0456616 0.00286118
2 0.261973 0.653258 0.523946 0.441254 0.00284096
0 0.528334 0.835798 0.785427 0.292229 0.00283628
0 0.443176 0.398538 0.871635 0.428181 0.00278713
0 0.939178 0.605757 0.121643 0.299812 0.00278618
0 0.188192 0.0127282 0.376385 0.025057 0.00278556
0 0.60134 0.870307 0.726492 0.216964 0.00277544
0 0.112452 0.960009 0.224903 0.0799813 0.00275817
0 0.14298 0.837877 0.28596 0.312528 0.00275759
0 0.0834412 0.65498 0.166882 0.394942 0.0027281
0 0.752479 0.390243 0.484961 0.671853 0.00272679
0 0.633923 0.435076 0.195437 0.113373 0.00271168
0 0.409501 0.340521 0.702259 0.520817 0.00270138
0 0.924814 0.492346 0.150372 0.38243 0.00263568
2 0.0620574 0.417241 0.122497 0.137891 0.0026226
0 0.426363 0.750874 0.129817 0.17421 0.00261586
0 0.278151 0.270842 0.54759 0.541683 0.00258197
0 0.569599 0.113448 0.1448 0.0590569 0.00254653
2 0.350302 0.580943 0.668656 0.586268 0.00254261
0 0.769917 0.631413 0.435201 0.34632 0.00249164
0 0.299645 0.621362 0.171471 0.0934058 0.00245768
2 0.35786 0.972789 0.481942 0.0544226 0.00244974
0 0.709585 0.135262 0.127599 0.0815077 0.00244771
0 0.715609 0.135236 0.33072 0.0992129 0.00241231
0 0.720033 0.138045 0.236669 0.0902403 0.00238108
0 0.749094 0.842173 0.414714 0.226443 0.00237936
0 0.186722 0.970993 0.373443 0.0576458 0.00236749
2 0.662086 0.545503 0.565118 0.559626 0.00236451
0 0.615687 0.0901538 0.0853981 0.0495484 0.00235871
2 0.304829 0.639415 0.216769 0.126921 0.00235535
2 0.271798 0.64039 0.145852 0.127936 0.00230315
0 0.662539 0.851468 0.105045 0.0671551 0.00229746
0 0.260975 0.973862 0.455222 0.051796 0.00227884
2 0.512809 0.521307 0.298961 0.133641 0.00226027
0 0.381 0.40839 0.0247297 0.0229108 0.00225134
1 0.316064 0.754844 0.348722 0.281301 0.00220896
0 0.384964 0.863965 0.594283 0.253864 0.00220054
0 0.465925 0.958347 0.0309978 0.0360846 0.00217178
0 0.95382 0.229872 0.0601519 0.0344343 0.00216037
0 0.19628 0.0246739 0.39256 0.0486537 0.00213641
0 0.849979 0.920575 0.300042 0.112062 0.00212875
0 0.629536 0.0820569 0.0445559 0.0324514 0.00212267
0 0.273036 0.626369 0.13661 0.101828 0.0021175
2 0.0303839 0.401922 0.0607679 0.110659 0.0020665
1 0.0636305 0.416233 0.115979 0.128064 0.00205862
0 0.725198 0.244658 0.204708 0.122079 0.00204727
0 0.659676 0.242406 0.0672531 0.0616925 0.00200513
0 0.704066 0.721143 0.310937 0.248156 0.00197916
0 0.985145 0.507127 0.0288551 0.0227114 0.00196883
0 0.548389 0.32349 0.0487342 0.045151 0.00191919
0 0.524838 0.520842 0.322619 0.132295 0.00187135
1 0.0656531 0.492641 0.129386 0.327956 0.00184967
0 0.759966 0.902237 0.263978 0.097805 0.00184255
0 0.576643 0.333476 0.108118 0.0666368 0.00181113
0 0.876731 0.877249 0.195551 0.15412 0.0018047
0 0.842127 0.919028 0.222872 0.104763 0.00180085
0 0.408203 0.708673 0.16436 0.205798 0.00179689
0 0.0797546 0.395355 0.159509 0.112764 0.00179276
0 0.533228 0.47362 0.333365 0.200231 0.00177772
0 0.32074 0.0194519 0.272262 0.0389039 0.00177708
0 0.277845 0.614942 0.132268 0.0751469 0.00177655
0 0.63807 0.222434 0.231819 0.102035 0.00175007
0 0.752669 0.175559 0.339059 0.164842 0.00174121
0 0.476009 0.300805 0.0336697 0.0450723 0.00170885
0 0.324775 0.616879 0.187722 0.0892331 0.00169757
0 0.652742 0.0723294 0.306473 0.130116 0.00168546
0 0.738881 0.65823 0.397164 0.144022 0.00168446
0 0.448297 0.979156 0.370852 0.0416887 0.00165089
0 0.530639 0.911721 0.0503326 0.0255154 0.00164721
0 0.443764 0.701887 0.0715853 0.0567777 0.00164453
0 0.395417 0.390013 0.0261548 0.0268121 0.00164413
0 0.671395 0.416812 0.113975 0.0727178 0.0016394
0 0.3114 0.0187529 0.452217 0.0366823 0.00163575
0 0.82047 0.234445 0.2784 0.16555 0.00162369
0 0.948259 0.229148 0.0409764 0.0334666 0.00161212
0 0.760953 0.775564 0.116041 0.0767459 0.00160934
0 0.306315 0.640568 0.246318 0.134103 0.00158858
0 0.556074 0.0772251 0.320808 0.146145 0.00157405
0 0.651743 0.359406 0.298947 0.136673 0.00156827
0 0.806597 0.654331 0.142314 0.082251 0.00153347
2 0.509115 0.493313 0.290446 0.189712 0.00153194
0 0.376206 0.718132 0.226029 0.239553 0.00152915
0 0.623278 0.0867355 0.266641 0.147129 0.0015263
0 0.322731 0.97536 0.369285 0.0480694 0.00151915
1 0.284218 0.785442 0.331862 0.224819 0.00151299
2 0.240201 0.641848 0.20073 0.131152 0.00149462
0 0.697435 0.780897 0.311517 0.117867 0.00148554
1 0.365513 0.749445 0.247841 0.167262 0.0014735
1 0.501028 0.749603 0.297045 0.172329 0.00146805
1 0.324186 0.754933 0.335043 0.148669 0.00146367
2 0.239988 0.725627 0.28034 0.300633 0.00145833
0 0.620466 0.320367 0.242609 0.171567 0.00145729
1 0.44363 0.753108 0.420798 0.1601 0.00144966
0 0.491348 0.988149 0.346538 0.0236691 0.0014408
0 0.647911 0.202552 0.187006 0.143069 0.00143031
0 0.399863 0.0183983 0.25408 0.0367133 0.00142879
2 0.274874 0.66795 0.347874 0.187957 0.00141511
0 0.635675 0.484709 0.407948 0.206846 0.00141394
0 0.442312 0.325711 0.103443 0.0508147 0.00140467
1 0.101507 0.426261 0.200465 0.149244 0.00139843
0 0.293889 0.606112 0.152441 0.0576636 0.0013931
0 0.00900346 0.364757 0.0180069 0.0415959 0.00138194
0 0.567021 0.324673 0.251045 0.164878 0.00137405
2 0.441703 0.701739 0.0730672 0.0543647 0.00137369
0 0.952699 0.208907 0.0609067 0.0668403 0.00136336
0 0.810693 0.928665 0.378614 0.117512 0.00134433
0 0.601864 0.989527 0.401182 0.0209464 0.00134154
0 0.594893 0.994866 0.0412272 0.0101505 0.00132151
0 0.35746 0.664944 0.266917 0.156841 0.00131875
0 0.665189 0.292628 0.327159 0.231708 0.00131529
0 0.386861 0.39517 0.035686 0.035238 0.00130192
0 0.233829 0.634858 0.184612 0.121173 0.00129939
0 0.171975 0.804908 0.0633967 0.050169 0.00129754
0 0.762546 0.789274 0.0863506 0.0864662 0.0012898
0 0.831547 0.651733 0.0899114 0.0639681 0.00128745
0 0.530913 0.127956 0.0609715 0.0392648 0.00128631
0 0.316286 0.026833 0.46137 0.0526411 0.00128603
1 0.278987 0.826451 0.438758 0.147508 0.00128373
0 0.538025 0.917672 0.0310357 0.030574 0.00128153
