1 0.637813 0.686342 0.278717 0.202652 0.794633
1 0.69799 0.784664 0.401669 0.404257 0.0882812
1 0.645451 0.721159 0.278986 0.145884 0.0557674
1 0.641571 0.789979 0.277397 0.407642 0.035811
1 0.739911 0.710382 0.496668 0.264948 0.0275808
1 0.577698 0.685394 0.409818 0.206233 0.0220688
1 0.620793 0.693443 0.3251 0.114622 0.0209103
1 0.58953 0.786116 0.397735 0.412045 0.0197559
1 0.615946 0.713401 0.340365 0.0959402 0.0147641
1 0.582749 0.687195 0.163708 0.20526 0.00991422
1 0.631751 0.620436 0.299402 0.341128 0.00820313
1 0.629837 0.73668 0.336421 0.152005 0.0063506
1 0.480728 0.797926 0.403055 0.39853 0.00554762
1 0.752065 0.652969 0.454703 0.271599 0.00531604
0 0.391043 0.269477 0.732986 0.533717 0.00530973
0 0.377401 0.104302 0.653134 0.208018 0.00513246
0 0.375048 0.171975 0.703205 0.343003 0.00493834
1 0.695871 0.617132 0.416968 0.354938 0.00490625
1 0.443416 0.186355 0.836071 0.372394 0.00444896
0 0.381774 0.0733979 0.631254 0.146796 0.0043527
1 0.539332 0.773447 0.588327 0.389714 0.00427127
1 0.439212 0.407614 0.815066 0.815228 0.00412247
0 0.416393 0.372966 0.790233 0.737052 0.00399568
1 0.615662 0.703982 0.566227 0.0971431 0.00396978
0 0.850494 0.163614 0.287749 0.327229 0.00395047
2 0.713968 0.706685 0.127874 0.0846474 0.00387889
0 0.788565 0.94332 0.0320066 0.0253292 0.00375794
0 0.477838 0.118196 0.787325 0.236225 0.00372072
0 0.866978 0.0714726 0.266043 0.142811 0.00365875
0 0.882088 0.114719 0.235823 0.228578 0.00365226
2 0.0830655 0.321748 0.166131 0.477121 0.00360855
0 0.513379 0.071631 0.635867 0.143262 0.00360712
0 0.825452 0.212483 0.332857 0.419283 0.00360688
0 0.808696 0.0803517 0.382608 0.160703 0.00359298
0 0.792892 0.125198 0.403481 0.248961 0.00357547
0 0.716092 0.707625 0.133738 0.0881056 0.00357487
0 0.444886 0.70951 0.797207 0.315246 0.00354702
1 0.445901 0.618976 0.707519 0.39961 0.00354179
2 0.0910807 0.782683 0.182161 0.335615 0.0034975
2 0.885583 0.96424 0.228835 0.0715197 0.00348163
1 0.317181 0.977774 0.462714 0.0444529 0.00345305
1 0.754488 0.975048 0.410019 0.0499044 0.00345253
0 0.861735 0.0831532 0.27653 0.166306 0.00342411
0 0.117943 0.304108 0.235886 0.565518 0.00341876
0 0.623293 0.0722278 0.598832 0.144456 0.00332445
0 0.263747 0.289186 0.524474 0.578373 0.00331468
2 0.356519 0.355902 0.589207 0.679498 0.00330064
2 0.637607 0.679556 0.272522 0.186428 0.00329704
0 0.714271 0.826573 0.485312 0.339988 0.00325563
0 0.168325 0.337287 0.336651 0.540746 0.00324971
2 0.0946727 0.427712 0.189345 0.328951 0.00323156
1 0.210542 0.974907 0.366213 0.0496789 0.00319663
1 0.572091 0.729241 0.137162 0.120481 0.00319272
2 0.0781798 0.736355 0.15636 0.331981 0.00316731
1 0.805238 0.97226 0.357291 0.0552443 0.00316604
0 0.192142 0.2934 0.384284 0.574199 0.00313036
1 0.751627 0.784595 0.496747 0.394933 0.00310251
0 0.269588 0.0680069 0.539176 0.135641 0.00308033
1 0.68517 0.976497 0.416193 0.0470063 0.00307763
0 0.0873886 0.244339 0.174777 0.404646 0.00307189
0 0.5693 0.173674 0.787277 0.347349 0.00303674
2 0.467284 0.977313 0.461753 0.0453741 0.00301834
1 0.852167 0.969159 0.295666 0.0613949 0.00300293
0 0.605352 0.976811 0.417244 0.0463776 0.00299415
0 0.874587 0.212698 0.250827 0.39307 0.00299036
0 0.584239 0.836822 0.471818 0.317538 0.00298324
0 0.128764 0.0719789 0.257528 0.143958 0.00297364
0 0.125697 0.377209 0.251394 0.372539 0.00297297
2 0.0814253 0.534929 0.162851 0.29597 0.0029658
2 0.0647421 0.693124 0.129484 0.346761 0.00296541
0 0.172863 0.0664725 0.345727 0.132711 0.00295252
1 0.435422 0.809182 0.730097 0.373168 0.00295034
1 0.829776 0.600971 0.288935 0.304734 0.00294556
0 0.133131 0.961322 0.266263 0.0773562 0.00294302
0 0.240533 0.101002 0.481065 0.199557 0.00292988
2 0.158863 0.970758 0.317726 0.0574417 0.00291923
0 0.21382 0.143001 0.420209 0.285275 0.00289344
0 0.759178 0.238432 0.436766 0.467293 0.00287318
0 0.10815 0.140645 0.216299 0.260806 0.00283997
2 0.116286 0.780427 0.232571 0.376446 0.0028379
2 0.0687485 0.606218 0.137497 0.363026 0.0028377
2 0.760623 0.814833 0.478755 0.370334 0.00283378
1 0.642102 0.795686 0.313247 0.287816 0.0028025
0 0.508779 0.281697 0.796115 0.563005 0.00280028
2 0.867846 0.679947 0.264308 0.297924 0.00279689
2 0.549172 0.423205 0.712984 0.741703 0.00279288
0 0.625149 0.23512 0.672421 0.464841 0.00278692
1 0.453709 0.67783 0.815294 0.34733 0.00278597
2 0.451226 0.455862 0.819735 0.881847 0.00277671
0 0.153364 0.199477 0.291658 0.386241 0.00277138
0 0.125349 0.0994218 0.250699 0.194644 0.00274215
2 0.149074 0.89542 0.298148 0.202125 0.00274153
0 0.144165 0.142991 0.28833 0.285982 0.00273591
0 0.177368 0.376924 0.354735 0.361228 0.00273076
0 0.53 0.897978 0.5602 0.194469 0.00272028
2 0.123109 0.848424 0.246218 0.272417 0.00269281
0 0.214863 0.228464 0.429725 0.447811 0.00268718
1 0.663545 0.670936 0.240063 0.163362 0.00266341
2 0.897352 0.612792 0.205295 0.280836 0.00263958
2 0.805839 0.84251 0.388322 0.314981 0.00262578
1 0.717627 0.705218 0.134145 0.0897458 0.00261121
1 0.628269 0.585599 0.390956 0.431367 0.00260645
2 0.690829 0.400671 0.521047 0.576294 0.00260515
0 0.632148 0.622083 0.0971495 0.0707531 0.00258216
0 0.262116 0.346523 0.442038 0.418271 0.00256322
1 0.65162 0.766516 0.455916 0.194238 0.00256009
2 0.676517 0.311781 0.545286 0.563288 0.00254943
2 0.891537 0.909987 0.216927 0.180025 0.0025465
0 0.441557 0.931001 0.60745 0.126787 0.00252723
1 0.569879 0.575654 0.45001 0.493398 0.00251935
0 0.885541 0.320074 0.228917 0.342162 0.00250882
2 0.89266 0.556337 0.214679 0.281321 0.00250543
0 0.160141 0.79524 0.301937 0.385043 0.00249551
0 0.127418 0.513053 0.246083 0.408752 0.00246413
1 0.70066 0.584143 0.487597 0.460401 0.00246296
1 0.737243 0.83303 0.505301 0.326127 0.00244919
0 0.881526 0.35847 0.236948 0.313395 0.00243152
0 0.732412 0.300865 0.459284 0.490368 0.00243137
0 0.185865 0.440423 0.354012 0.380378 0.00242414
0 0.459855 0.764393 0.834579 0.440222 0.00242207
0 0.894219 0.505323 0.211562 0.279288 0.00241699
0 0.87422 0.403749 0.25156 0.305535 0.0023959
2 0.847039 0.872997 0.305922 0.241902 0.0023849
0 0.124297 0.695612 0.248595 0.442025 0.00237441
0 0.444999 0.553994 0.698142 0.565606 0.00237356
0 0.291517 0.928326 0.534048 0.137754 0.00236772
0 0.131286 0.605736 0.262571 0.539895 0.00236269
0 0.884943 0.458156 0.230115 0.30042 0.00234195
1 0.393254 0.512216 0.731343 0.737748 0.00233218
0 0.246455 0.694507 0.492909 0.455884 0.00233005
0 0.237238 0.900057 0.425712 0.193565 0.00232558
0 0.19317 0.543951 0.320459 0.589768 0.00231728
0 0.801133 0.906221 0.384965 0.182393 0.00230958
0 0.239433 0.808755 0.478866 0.370737 0.00230501
2 0.74424 0.369002 0.453561 0.391269 0.00229903
1 0.453153 0.621022 0.827222 0.513612 0.00226176
0 0.173472 0.694492 0.302876 0.510858 0.00224766
0 0.267302 0.464945 0.469609 0.60348 0.00224641
0 0.173259 0.874695 0.346518 0.241695 0.00224134
1 0.724734 0.719901 0.550532 0.122954 0.00223806
0 0.477711 0.661514 0.901357 0.484007 0.00222853
0 0.818494 0.322001 0.335532 0.283047 0.00222457
0 0.27099 0.773031 0.0407152 0.0352278 0.00221055
0 0.351404 0.654144 0.702808 0.5183 0.00219826
0 0.687011 0.662851 0.192939 0.155374 0.00217085
0 0.139289 0.84028 0.278578 0.303956 0.0021673
2 0.659949 0.538312 0.559021 0.620681 0.00214851
1 0.650541 0.750075 0.643189 0.157079 0.0021425
2 0.726681 0.441071 0.483098 0.452137 0.00213851
0 0.846875 0.534279 0.256681 0.28187 0.00210819
0 0.499845 0.49663 0.742428 0.742288 0.00209895
0 0.351311 0.824082 0.665633 0.345042 0.00209368
0 0.396741 0.524049 0.741213 0.824952 0.00208612
0 0.724013 0.513214 0.484761 0.476619 0.00207013
1 0.771279 0.701738 0.411807 0.103116 0.00206499
0 0.835441 0.479911 0.292236 0.270471 0.0019839
0 0.811997 0.424412 0.34815 0.302993 0.00197642
1 0.629927 0.685315 0.473848 0.135278 0.00187764
0 0.971556 0.979392 0.0568881 0.0408162 0.00186964
0 0.837493 0.0446722 0.325014 0.0890555 0.00164442
2 0.571927 0.727991 0.130801 0.129221 0.00163228
0 0.276348 0.772484 0.0542338 0.0383329 0.00161802
0 0.917804 0.0560766 0.164392 0.10993 0.00153716
0 0.571209 0.737951 0.128814 0.105338 0.00152624
0 0.886213 0.0400679 0.227574 0.079624 0.00150042
1 0.814713 0.0506901 0.370573 0.100191 0.00149912
1 0.572379 0.756179 0.143118 0.183826 0.00145559
1 0.878124 0.0453114 0.243752 0.089765 0.0014535
0 0.591134 0.638197 0.170635 0.101464 0.0014525
0 0.796658 0.944778 0.0513256 0.0309654 0.00144933
1 0.589546 0.656305 0.169825 0.139189 0.00143786
0 0.167865 0.989065 0.335731 0.0216484 0.00143692
0 0.928931 0.0854881 0.142138 0.168183 0.00139741
2 0.63302 0.621369 0.0956826 0.0680826 0.00138392
1 0.815266 0.683068 0.369469 0.141343 0.00137237
0 0.751454 0.0218038 0.339205 0.0429854 0.00135503
0 0.0657669 0.791385 0.131534 0.269627 0.0013494
0 0.676705 0.623391 0.185301 0.0786723 0.00133339
1 0.90935 0.0737612 0.1813 0.145803 0.00132924
0 0.166373 0.995223 0.119781 0.00938639 0.00132883
0 0.189363 0.995365 0.137532 0.00904964 0.00132623
0 0.601926 0.687853 0.204588 0.211345 0.00131103
1 0.696943 0.0165279 0.357612 0.0323374 0.00130819
0 0.210733 0.987365 0.421466 0.0252705 0.00130693
0 0.612461 0.677356 0.338325 0.189602 0.00129226
0 0.599215 0.624883 0.158488 0.0771268 0.00125311
2 0.891409 0.0424149 0.217182 0.0841201 0.0012407
0 0.0688095 0.776117 0.137619 0.413584 0.00122961
0 0.257382 0.36329 0.321908 0.207701 0.00122441
1 0.664869 0.0252527 0.409525 0.0496935 0.0012019
0 0.633208 0.637125 0.344398 0.109299 0.00120184
2 0.672464 0.780819 0.614376 0.19446 0.00119267
1 0.494565 0.696624 0.336917 0.197006 0.0011926
1 0.198576 0.0379154 0.348205 0.0751728 0.00119177
1 0.647541 0.0344119 0.450565 0.0680132 0.0011906
2 0.0371556 0.0128939 0.0743113 0.0257877 0.00118719
0 0.842611 0.969894 0.314778 0.0594124 0.00118127
1 0.523218 0.0412486 0.569349 0.0816584 0.00117646
2 0.963295 0.975795 0.0713322 0.0476673 0.00117254
0 0.757172 0.672996 0.343028 0.166302 0.00116969
0 0.905252 0.975793 0.189497 0.047897 0.00116317
2 0.244536 0.0756513 0.344629 0.150431 0.00115906
1 0.226859 0.0304327 0.350758 0.0600518 0.00115198
2 0.0791511 0.0734133 0.158302 0.146827 0.00113967
1 0.724643 0.0478106 0.47285 0.0948685 0.0011325
1 0.671309 0.799387 0.398381 0.241597 0.00112986
0 0.253741 0.381505 0.24915 0.181994 0.00112577
1 0.610037 0.805523 0.217128 0.303293 0.00112418
1 0.859493 0.0763387 0.281013 0.151025 0.00112349
1 0.146491 0.0445963 0.292981 0.0885722 0.00112225
0 0.0744145 0.384744 0.148829 0.288044 0.00112143
1 0.461142 0.0339795 0.52804 0.0670136 0.00111933
1 0.0908224 0.0197864 0.181645 0.0393744 0.00111923
1 0.231421 0.0618134 0.413369 0.122912 0.00111872
2 0.706654 0.0728125 0.340614 0.144763 0.00111715
1 0.120108 0.0383715 0.238238 0.0763679 0.00110964
0 0.311836 0.989438 0.486699 0.021123 0.00110339
1 0.757643 0.752586 0.484714 0.195032 0.0010977
0 0.151769 0.994513 0.164673 0.0108848 0.00109601
2 0.320013 0.0452086 0.563733 0.0894507 0.0010959
0 0.0750668 0.452865 0.150134 0.118627 0.00109249
2 0.183215 0.0762609 0.347555 0.151899 0.00109176
1 0.267053 0.0387016 0.430185 0.0765466 0.00109014
2 0.0622621 0.843548 0.124524 0.164749 0.00108932
0 0.0640449 0.0132724 0.12809 0.0265448 0.00108473
1 0.131484 0.0645858 0.262968 0.12713 0.00108203
1 0.567111 0.778952 0.153567 0.248553 0.00107127
2 0.827492 0.0700864 0.345017 0.139425 0.0010694
0 0.806659 0.947139 0.0857935 0.0395836 0.00106069
0 0.701135 0.619285 0.23123 0.0904415 0.00105126
2 0.638869 0.0696848 0.330729 0.1382 0.00104831
1 0.423009 0.0492564 0.750962 0.0975757 0.00104719
2 0.0058322 0.0344249 0.0116644 0.0682203 0.00104425
1 0.640465 0.0535537 0.428712 0.106238 0.00104239
1 0.486781 0.743291 0.312992 0.154195 0.00104078
0 0.0760902 0.566517 0.15218 0.203567 0.00103911
2 0.590868 0.660189 0.173496 0.146093 0.00103139
0 0.93467 0.0672624 0.13066 0.132604 0.00102943
0 0.218465 0.995171 0.167583 0.00943245 0.00102775
1 0.556884 0.0571738 0.557816 0.114142 0.00102355
2 0.749749 0.78753 0.500502 0.22947 0.00102241
1 0.311067 0.0551746 0.485085 0.10987 0.0010197
0 0.921855 0.0323589 0.15629 0.0637982 0.00101548
2 0.324686 0.0712645 0.333377 0.141028 0.0010151
2 0.394699 0.0727293 0.469922 0.143533 0.00101345
2 0.965386 0.944524 0.0689864 0.109129 0.00100778
2 0.567288 0.748592 0.126506 0.0807373 0.00100667
2 0.491287 0.0737232 0.317127 0.146499 0.00100246
0 0.127247 0.988968 0.254042 0.0215229 0.000998086
0 0.0374315 0.545425 0.0748631 0.369551 0.000998043
0 0.620569 0.611556 0.369585 0.0866122 0.000997727
2 0.0830602 0.104942 0.16612 0.209884 0.000997522
0 0.07765 0.842981 0.1553 0.308877 0.0009971
0 0.294512 0.362686 0.281388 0.179835 0.000996638
2 0.00506486 0.0634501 0.0101297 0.1225 0.000992317
2 0.00274555 0.0813756 0.0054911 0.162751 0.00099141
2 0.0796958 0.161215 0.159392 0.32243 0.000984367
2 0.902608 0.0501099 0.194784 0.10022 0.000981237
2 0.00263922 0.116849 0.00527844 0.233698 0.000979885
1 0.0795628 0.0582431 0.159126 0.114319 0.00097642
1 0.460026 0.0478462 0.471183 0.0956317 0.000970877
0 0.205289 0.379954 0.408697 0.205452 0.000970284
0 0.818396 0.666413 0.363208 0.183317 0.000969626
2 0.553143 0.0724419 0.390567 0.143543 0.00096751
0 0.247402 0.348771 0.404894 0.255739 0.000960666
2 0.752181 0.825715 0.456983 0.19451 0.000958877
0 0.485765 0.724404 0.312913 0.144247 0.000957701
0 0.92863 0.948951 0.142624 0.101609 0.000956165
0 0.811839 0.958619 0.342019 0.0679699 0.000950921
2 0.642903 0.8183 0.295544 0.3634 0.000950085
2 0.952698 0.114261 0.0946041 0.228521 0.000947164
2 0.572263 0.801991 0.155095 0.278788 0.000947048
0 0.389694 0.98589 0.508871 0.0282199 0.000945034
0 0.303863 0.338133 0.320411 0.195794 0.000941822
0 0.0790512 0.394486 0.158102 0.483806 0.000939863
0 0.472849 0.680916 0.357178 0.0979435 0.0009398
0 0.0788712 0.4539 0.157742 0.220294 0.000938633
2 0.797536 0.826007 0.404929 0.233573 0.000936034
2 0.0543964 0.165414 0.108793 0.330829 0.000933781
0 0.781239 0.683095 0.437523 0.174737 0.000931086
0 0.0618289 0.850173 0.123658 0.147612 0.000929411
2 0.0556018 0.217602 0.111204 0.424288 0.000926974
2 0.437546 0.140202 0.53819 0.194176 0.000925192
2 0.00262331 0.266721 0.00524661 0.315383 0.000925051
2 0.0902501 0.843117 0.1805 0.185057 0.000924711
2 0.121702 0.173821 0.220911 0.21834 0.000922424
2 0.0525071 0.0480344 0.105014 0.0935893 0.000922418
0 0.909213 0.0127275 0.179493 0.025455 0.000920002
2 0.0761422 0.247522 0.152284 0.425081 0.000919999
2 0.423277 0.0598979 0.65867 0.119796 0.000917441
0 0.249011 0.94707 0.498022 0.104783 0.000915042
0 0.6298 0.631734 0.101877 0.0988768 0.000914685
2 0.447932 0.0996338 0.53475 0.190428 0.000913997
2 0.00838786 0.85207 0.0167757 0.25044 0.000908196
2 0.0880687 0.859895 0.176137 0.280081 0.000906276
0 0.735583 0.973501 0.494515 0.0529974 0.00090618
2 0.910266 0.0948372 0.179467 0.189674 0.000904314
2 0.935346 0.112606 0.129309 0.225212 0.00090366
2 0.00435592 0.171747 0.00871184 0.343493 0.000903334
2 0.00694976 0.80411 0.0138995 0.305414 0.000901805
