2 0.620564 0.388413 0.421029 0.285839 0.98485
0 0.934362 0.754504 0.128296 0.0842231 0.229582
0 0.256636 0.283768 0.217051 0.147046 0.168116
0 0.934756 0.785049 0.130489 0.147821 0.127341
0 0.921505 0.742422 0.105497 0.0618899 0.0961175
0 0.907267 0.740465 0.0725429 0.0580385 0.0851258
0 0.112081 0.779786 0.0262192 0.0243147 0.0503171
0 0.748298 0.033528 0.0308826 0.022818 0.0458647
0 0.93361 0.783042 0.131867 0.278291 0.0266694
2 0.662455 0.407578 0.339972 0.255676 0.0235278
0 0.273843 0.254798 0.179579 0.0871438 0.0227742
2 0.622173 0.475476 0.431012 0.477059 0.0150175
0 0.618625 0.479979 0.42345 0.483988 0.0138511
0 0.0287998 0.505273 0.0506694 0.0411973 0.0127076
0 0.609576 0.392207 0.423897 0.286777 0.0125231
0 0.905628 0.728075 0.0675326 0.0349648 0.0113479
0 0.239865 0.331562 0.274831 0.246006 0.0110877
0 0.932571 0.837012 0.132943 0.319414 0.0110204
0 0.0144032 0.465217 0.028043 0.076737 0.0100485
0 0.42061 0.311098 0.0276605 0.0271923 0.0099176
0 0.201067 0.380631 0.359375 0.344253 0.00901454
0 0.0396758 0.505707 0.0244419 0.0252041 0.00891717
0 0.742105 0.0366708 0.0450019 0.0328822 0.00891223
0 0.520193 0.391613 0.517241 0.303416 0.00789632
0 0.875444 0.825852 0.242803 0.272102 0.00775285
0 0.25439 0.375535 0.264792 0.328532 0.00770066
2 0.704371 0.406428 0.499328 0.333801 0.00678298
2 0.686326 0.44744 0.546774 0.437866 0.00677945
0 0.93406 0.715845 0.130251 0.385565 0.00650795
0 0.93211 0.703381 0.12865 0.27551 0.00646885
0 0.02688 0.51839 0.0529596 0.0874031 0.00645752
0 0.353009 0.380663 0.441728 0.341776 0.00644982
0 0.107588 0.780295 0.0379715 0.0273619 0.00618832
0 0.203375 0.285285 0.342432 0.160769 0.00594253
0 0.189043 0.472206 0.374525 0.607816 0.00583098
0 0.0288618 0.487729 0.0567531 0.14496 0.00582358
0 0.01373 0.460379 0.0274601 0.140178 0.00534316
0 0.036052 0.387173 0.0721039 0.389597 0.00529948
0 0.87092 0.768371 0.250141 0.238046 0.00525659
0 0.463871 0.378536 0.864066 0.313745 0.00517432
0 0.0211564 0.47528 0.0416025 0.324227 0.00492128
2 0.457077 0.968347 0.681157 0.063126 0.00490923
0 0.264259 0.247375 0.139939 0.072029 0.00481679
0 0.441284 0.36925 0.622296 0.322089 0.00474984
0 0.847433 0.827149 0.298816 0.340982 0.00464457
0 0.099351 0.359835 0.198702 0.376661 0.00460279
1 0.0490395 0.657179 0.098079 0.460547 0.00453265
0 0.0827785 0.678995 0.156679 0.593112 0.00451916
0 0.508757 0.474729 0.917844 0.561868 0.00448106
0 0.405225 0.52247 0.794631 0.687703 0.00447342
0 0.191372 0.306432 0.382744 0.406929 0.00440829
0 0.298711 0.238728 0.051657 0.0554567 0.00439808
0 0.0104294 0.456847 0.0208588 0.0423557 0.00432782
1 0.0295838 0.616819 0.0591676 0.410978 0.00425337
0 0.022122 0.527454 0.0424815 0.307427 0.00419828
0 0.0142781 0.456732 0.0285562 0.23408 0.00411342
0 0.023412 0.57383 0.0460385 0.316932 0.00407833
2 0.660525 0.49338 0.532056 0.600077 0.00404264
1 0.13191 0.689609 0.254685 0.604995 0.00404197
0 0.204651 0.216697 0.369098 0.421674 0.0040238
0 0.0544686 0.696947 0.108937 0.481304 0.00401929
0 0.917005 0.964882 0.165989 0.0702368 0.00393858
0 0.136875 0.332341 0.273751 0.383934 0.00382145
0 0.748252 0.0238092 0.0415406 0.0399668 0.00377895
2 0.513113 0.472439 0.874684 0.579739 0.0036931
0 0.354377 0.969223 0.629803 0.0615534 0.00364403
2 0.341545 0.110297 0.68309 0.2202 0.00363631
0 0.297018 0.224989 0.0431269 0.0279489 0.00362854
0 0.295043 0.112693 0.590086 0.224674 0.00358232
1 0.72722 0.54216 0.514427 0.649141 0.00356897
2 0.367432 0.0698893 0.734865 0.139779 0.00354729
0 0.842994 0.767021 0.314012 0.123374 0.00350446
0 0.872192 0.977194 0.255617 0.0456118 0.00346677
0 0.118536 0.590817 0.226694 0.530556 0.00344582
0 0.446715 0.067199 0.663734 0.133863 0.00342305
0 0.223313 0.130522 0.431299 0.261044 0.0033982
0 0.14092 0.696045 0.275032 0.57913 0.00339005
0 0.150337 0.530149 0.287154 0.654391 0.00338224
0 0.0110046 0.46939 0.0217018 0.0660542 0.00333034
2 0.545668 0.570231 0.607929 0.698044 0.00331284
0 0.829626 0.865527 0.340748 0.258835 0.00330927
1 0.652687 0.443716 0.36332 0.182792 0.00330671
0 0.241751 0.0730568 0.483501 0.146114 0.00329758
0 0.114124 0.754165 0.226305 0.489222 0.00327199
0 0.36676 0.310804 0.487526 0.22548 0.00327079
0 0.178878 0.0744681 0.357756 0.148936 0.00326402
0 0.492429 0.551674 0.982177 0.880596 0.0032219
0 0.0730474 0.812072 0.146095 0.356317 0.00320186
0 0.2885 0.243116 0.575417 0.479252 0.00318842
2 0.619397 0.973873 0.675418 0.0522547 0.00317806
0 0.160115 0.944037 0.32023 0.111925 0.00316754
0 0.463375 0.940565 0.763729 0.116485 0.00311558
0 0.045896 0.503416 0.0369389 0.0318087 0.00311291
2 0.826541 0.832233 0.339 0.323762 0.00310189
0 0.518959 0.316554 0.663364 0.450415 0.00309214
0 0.328218 0.130846 0.656436 0.261596 0.00308722
0 0.860289 0.69714 0.268189 0.391344 0.00308265
2 0.48485 0.829987 0.930624 0.330066 0.00306154
0 0.840687 0.0759003 0.318626 0.151801 0.00305734
0 0.158335 0.867314 0.31667 0.264835 0.00305605
0 0.134412 0.105611 0.268824 0.202946 0.00301838
0 0.787886 0.97723 0.360108 0.0455393 0.00299518
0 0.0138649 0.392305 0.0277299 0.281303 0.00295949
0 0.0985179 0.138911 0.197036 0.245101 0.00294716
2 0.933197 0.634037 0.130175 0.469364 0.00293763
0 0.143 0.800955 0.281324 0.387782 0.00293362
2 0.393113 0.159624 0.786225 0.318162 0.00291037
0 0.345874 0.255961 0.691747 0.503094 0.00290965
0 0.370301 0.326411 0.639128 0.294193 0.00290049
0 0.108355 0.251504 0.216709 0.362254 0.00289105
1 0.780531 0.590325 0.435243 0.553389 0.00288925
0 0.805403 0.068609 0.389193 0.137218 0.00288911
0 0.156691 0.139492 0.313382 0.274196 0.0028864
0 0.109349 0.837481 0.218698 0.319471 0.00286576
0 0.221312 0.961934 0.442623 0.0751174 0.00285968
0 0.0846372 0.184625 0.169274 0.293934 0.00285779
0 0.0179433 0.48161 0.0348293 0.128153 0.00284808
0 0.862331 0.116368 0.275338 0.229622 0.00280952
0 0.66316 0.0674066 0.62958 0.133974 0.00279588
2 0.914371 0.568312 0.167021 0.444311 0.00279484
0 0.67009 0.365174 0.61793 0.362833 0.00278286
0 0.911935 0.514357 0.172925 0.395369 0.00277629
0 0.705849 0.549568 0.546789 0.643144 0.00276
2 0.570999 0.317801 0.724358 0.460251 0.00270964
0 0.89416 0.140831 0.211681 0.269123 0.00269694
0 0.626565 0.571736 0.46529 0.675156 0.00267257
0 0.780447 0.578858 0.422406 0.653479 0.00267239
0 0.938869 0.368842 0.12174 0.323367 0.00264747
0 0.934375 0.420835 0.129668 0.338121 0.00264515
0 0.572363 0.935055 0.815426 0.121015 0.00261688
0 0.265896 0.852613 0.523535 0.292549 0.00261214
0 0.934019 0.318377 0.131962 0.322017 0.00260403
0 0.402089 0.335345 0.790349 0.400161 0.00260214
0 0.722889 0.445438 0.552544 0.399359 0.00260187
0 0.298055 0.928534 0.59611 0.140995 0.00258069
0 0.66787 0.121685 0.65319 0.242097 0.00257007
0 0.193244 0.660211 0.375736 0.679579 0.00256975
1 0.626459 0.418075 0.400356 0.235015 0.00256207
1 0.712427 0.416746 0.573686 0.349452 0.00255769
0 0.786784 0.919047 0.426432 0.151515 0.00255544
1 0.703072 0.424373 0.26258 0.22183 0.0025376
0 0.194145 0.817886 0.381352 0.35326 0.00252219
0 0.917423 0.197624 0.165153 0.303384 0.002512
0 0.743228 0.024069 0.0604566 0.0466333 0.00250893
0 0.924682 0.26283 0.150636 0.301906 0.00247467
0 0.765565 0.109871 0.462673 0.218539 0.00247418
0 0.776028 0.841655 0.439977 0.313101 0.00242276
0 0.880196 0.755538 0.239608 0.121542 0.00240285
0 0.485575 0.118079 0.921908 0.233565 0.00239398
0 0.00924198 0.485427 0.0183765 0.0843481 0.00238721
0 0.475619 0.602706 0.734423 0.706471 0.00237069
0 0.635419 0.311696 0.692543 0.496695 0.00235939
0 0.43683 0.859019 0.798567 0.275283 0.00233675
0 0.549244 0.255843 0.889173 0.49944 0.00233481
0 0.822258 0.769749 0.323256 0.339239 0.00231278
2 0.437859 0.25397 0.875021 0.496745 0.00230584
1 0.579616 0.429401 0.346531 0.207292 0.00222872
2 0.699606 0.37943 0.26212 0.190683 0.00221637
0 0.309564 0.249803 0.102649 0.0797559 0.0022131
2 0.627394 0.787199 0.689853 0.356754 0.00218813
0 0.694686 0.284058 0.599964 0.363164 0.00214538
2 0.475359 0.79547 0.770022 0.35971 0.00213245
0 0.703595 0.186805 0.582556 0.329634 0.00213221
0 0.0334155 0.467806 0.0651176 0.12253 0.00211925
0 0.798977 0.67948 0.359888 0.449572 0.00210649
0 0.708177 0.416526 0.248051 0.234809 0.00204057
0 0.014893 0.510886 0.0297861 0.302339 0.00202356
0 0.25157 0.768841 0.488229 0.405845 0.0020127
0 0.745388 0.371068 0.176403 0.163383 0.00201071
0 0.0700583 0.444261 0.140117 0.177995 0.0020014
0 0.660486 0.315949 0.184308 0.136257 0.0020001
2 0.662477 0.680404 0.598437 0.469811 0.00199485
0 0.0405706 0.455276 0.0811411 0.15548 0.00198383
0 0.0835906 0.994814 0.060706 0.0101881 0.00198147
0 0.0148402 0.202259 0.0283638 0.05085 0.00188329
0 0.0160724 0.429083 0.0311611 0.118073 0.00187561
2 0.507627 0.707371 0.6437 0.448685 0.00186539
0 0.599277 0.696869 0.603064 0.460868 0.00186341
0 0.333987 0.794988 0.631289 0.344234 0.00186292
0 0.318075 0.720494 0.635285 0.466389 0.00183469
0 0.723665 0.0298383 0.0889897 0.0382209 0.00183212
0 0.292739 0.290443 0.365569 0.153428 0.0018207
0 0.264607 0.245706 0.258495 0.09874 0.00178774
2 0.721658 0.373612 0.216527 0.156287 0.00178716
1 0.673567 0.482638 0.457903 0.182706 0.00171848
0 0.639191 0.363523 0.351351 0.23659 0.00171676
0 0.0273647 0.365663 0.0547295 0.342677 0.00168296
0 0.01096 0.438279 0.0217211 0.0635729 0.0016691
0 0.933631 0.715235 0.129735 0.192531 0.00165915
0 0.0139314 0.211734 0.0278628 0.0896556 0.0016253
0 0.42578 0.311992 0.0377391 0.0307041 0.00161603
0 0.0642477 0.414275 0.128495 0.216985 0.00160451
0 0.668762 0.375079 0.322849 0.148777 0.00160194
2 0.70735 0.447531 0.457548 0.192383 0.00159417
0 0.115548 0.994453 0.113889 0.011018 0.00157728
0 0.111211 0.771956 0.0345296 0.0429851 0.00157648
0 0.0164766 0.570857 0.0329531 0.403102 0.00157044
0 0.564776 0.590103 0.0227341 0.0190361 0.00156065
2 0.574628 0.453082 0.342368 0.155214 0.00153642
0 0.0168064 0.208222 0.0322694 0.0675548 0.00146841
0 0.547279 0.35708 0.285895 0.219872 0.00146594
0 0.791078 0.0291084 0.169393 0.0478646 0.00145703
0 0.181102 0.88517 0.0534394 0.044303 0.00145223
0 0.667593 0.434784 0.382148 0.215452 0.0014516
0 0.650792 0.288238 0.199273 0.0860072 0.00142598
0 0.00946838 0.506854 0.0187489 0.0845848 0.00141914
0 0.046236 0.516421 0.0916806 0.263309 0.00141728
0 0.270817 0.235362 0.204896 0.107723 0.00141605
0 0.0254481 0.535901 0.0500784 0.153965 0.00141342
0 0.434201 0.310473 0.0646256 0.0400811 0.00141144
0 0.76881 0.987645 0.46238 0.0247095 0.00140814
0 0.744578 0.0266458 0.350757 0.0526409 0.00139421
0 0.551416 0.328287 0.340652 0.166699 0.00139373
0 0.754911 0.0220002 0.222625 0.0436569 0.00139331
2 0.712261 0.442466 0.243225 0.190466 0.00139264
0 0.0156302 0.0285976 0.0296305 0.0559965 0.00138744
0 0.0810239 0.77667 0.0959999 0.0437461 0.00136444
0 0.0788473 0.994451 0.130238 0.0109593 0.00135166
0 0.0141121 0.227236 0.0282243 0.201173 0.00134206
1 0.055124 0.541768 0.109623 0.358526 0.00133001
0 0.0215761 0.836331 0.0431523 0.327337 0.00131482
0 0.609019 0.325894 0.168015 0.153761 0.00131082
0 0.0136612 0.764264 0.0273223 0.325385 0.00131078
0 0.0422521 0.343315 0.0845041 0.389224 0.00127948
0 0.824142 0.0421463 0.320012 0.0819101 0.00125716
0 0.0345512 0.852857 0.0691024 0.294287 0.00125353
0 0.0144192 0.140483 0.0288384 0.257434 0.00125246
2 0.569842 0.401344 0.32653 0.256051 0.00124822
0 0.0822401 0.888769 0.16448 0.222461 0.00124507
0 0.947196 0.93998 0.105607 0.118972 0.00124295
0 0.854498 0.0131642 0.236481 0.0262357 0.00124052
0 0.947343 0.891263 0.105314 0.217475 0.00123376
0 0.765817 0.0170935 0.361535 0.0339825 0.00121668
0 0.68023 0.988051 0.424096 0.0238975 0.00121603
0 0.416436 0.324969 0.0553399 0.0527734 0.00121461
0 0.499935 0.319613 0.211371 0.0770242 0.00121455
0 0.662916 0.0265557 0.226972 0.0523185 0.00120583
0 0.139375 0.988108 0.278751 0.0232486 0.00120446
0 0.180004 0.986109 0.360008 0.0277821 0.0012033
0 0.0201599 0.611702 0.0403199 0.487887 0.00119915
0 0.708148 0.311364 0.251004 0.109537 0.00119862
0 0.0175816 0.0561903 0.0351633 0.107612 0.00119764
0 0.729731 0.0686836 0.108188 0.105695 0.00119529
2 0.721019 0.508022 0.485263 0.175436 0.00119119
0 0.0116713 0.208602 0.0224217 0.0626882 0.00118811
0 0.0106817 0.519454 0.0212773 0.105716 0.00118718
1 0.609252 0.462014 0.441353 0.136724 0.00118506
2 0.524224 0.368919 0.228242 0.238817 0.00118078
2 0.873298 0.970414 0.253404 0.0591719 0.00117641
0 0.900994 0.0351352 0.195957 0.0696627 0.0011727
0 0.0155702 0.815239 0.0311405 0.369521 0.00116893
0 0.421725 0.308721 0.0330379 0.0326211 0.00116762
0 0.607196 0.296928 0.140976 0.0995633 0.00116247
0 0.631142 0.280854 0.190066 0.0652159 0.00116035
0 0.247905 0.303536 0.323419 0.17262 0.00115959
0 0.0316265 0.0841045 0.0632531 0.168209 0.00115553
0 0.896743 0.0161965 0.192403 0.0323657 0.0011544
0 0.838074 0.94557 0.323853 0.106995 0.00115412
0 0.88088 0.731792 0.238241 0.122224 0.00115303
0 0.10023 0.963193 0.20046 0.0736147 0.00114182
0 0.576281 0.984256 0.471635 0.0314873 0.00114076
0 0.682311 0.322061 0.275075 0.154423 0.00114025
0 0.0216847 0.720919 0.0433694 0.381233 0.00113147
0 0.0149712 0.25488 0.0299424 0.342065 0.00113001
0 0.0567398 0.0328687 0.11348 0.0657374 0.00112482
0 0.663428 0.0358501 0.39407 0.0715284 0.00112424
0 0.687225 0.354838 0.289324 0.202044 0.00112302
0 0.111315 0.437285 0.22263 0.17304 0.00112085
0 0.587329 0.279597 0.101659 0.0640538 0.00110951
0 0.297791 0.29891 0.298423 0.0664637 0.0011085
0 0.342766 0.278123 0.367381 0.148068 0.00110537
0 0.0225835 0.12765 0.045167 0.2553 0.00110219
0 0.273271 0.0279452 0.404767 0.0556735 0.00109979
0 0.0758114 0.755 0.114363 0.112693 0.00109192
0 0.223178 0.983561 0.446357 0.0328781 0.00109112
0 0.378729 0.0211218 0.395367 0.0415717 0.00108553
0 0.427721 0.986132 0.46956 0.0277351 0.00108536
0 0.106206 0.924909 0.212412 0.149868 0.00108399
0 0.488218 0.36701 0.162518 0.219185 0.0010796
0 0.847738 0.0664292 0.280906 0.129495 0.001079
0 0.149513 0.0376912 0.296667 0.0750192 0.00107772
0 0.205725 0.258291 0.0614386 0.0431449 0.00107608
0 0.163287 0.898254 0.0923152 0.0719792 0.00107367
0 0.658233 0.275905 0.262401 0.0886591 0.00107198
2 0.607644 0.495941 0.295454 0.138097 0.00107145
0 0.422763 0.282276 0.0709608 0.0818177 0.00107097
1 0.801455 0.060956 0.39709 0.120712 0.00106972
0 0.0121059 0.196913 0.0240456 0.0455839 0.00106901
0 0.35745 0.0149267 0.295801 0.0292293 0.00106723
1 0.925105 0.0552616 0.148363 0.107932 0.00106564
1 0.0630028 0.593247 0.125655 0.492322 0.00106543
0 0.224383 0.0360026 0.448767 0.071668 0.00106309
0 0.338633 0.985996 0.449524 0.0280083 0.00106137
2 0.899297 0.041977 0.201405 0.083954 0.00105574
0 0.562617 0.312568 0.151204 0.132341 0.00105411
0 0.786353 0.0476978 0.151925 0.0856384 0.00105285
0 0.0191415 0.278581 0.038283 0.425131 0.00104012
0 0.0268243 0.295719 0.0536485 0.445989 0.00103241
1 0.90996 0.797273 0.18008 0.17328 0.00102844
0 0.0677273 0.774635 0.134237 0.220909 0.00102835
