1 0.904736 0.0802588 0.170606 0.149322 0.441107
2 0.906083 0.0792101 0.175006 0.154765 0.32118
2 0.658275 0.634755 0.622889 0.45502 0.092907
0 0.068361 0.827033 0.128255 0.284243 0.0621584
1 0.910565 0.107782 0.178871 0.208349 0.0593248
0 0.0735023 0.738301 0.116679 0.0673408 0.0375231
1 0.909509 0.0992903 0.180982 0.191937 0.0372211
2 0.654419 0.589979 0.613064 0.663463 0.0275679
2 0.656816 0.456755 0.59698 0.881995 0.0268268
1 0.559881 0.441405 0.801429 0.876098 0.0252329
0 0.0665268 0.768793 0.128596 0.136067 0.0245827
1 0.909619 0.160867 0.177632 0.31113 0.0235608
0 0.971103 0.988722 0.0528906 0.0216831 0.0212874
2 0.843072 0.290379 0.294216 0.574959 0.0154312
1 0.52399 0.281973 0.857313 0.563551 0.0153407
0 0.953228 0.180394 0.0478313 0.0259395 0.0153223
0 0.513532 0.668906 0.868928 0.482783 0.0150229
2 0.767767 0.377195 0.389741 0.732997 0.0146327
2 0.929984 0.0511169 0.13744 0.102045 0.014282
0 0.114787 0.836314 0.229573 0.29039 0.013906
2 0.887503 0.113495 0.141578 0.0762419 0.0125859
1 0.904142 0.248574 0.184472 0.489523 0.0123287
2 0.47236 0.775007 0.904101 0.442049 0.0116931
0 0.0851402 0.738234 0.091039 0.0542664 0.0113652
1 0.491702 0.142384 0.851003 0.284007 0.0112157
0 0.187511 0.830653 0.375021 0.318034 0.0111571
0 0.727753 0.112052 0.0340333 0.0390063 0.0104049
1 0.724686 0.30924 0.479938 0.609427 0.00981791
0 0.0819423 0.857358 0.163885 0.218972 0.00972508
1 0.474229 0.0805424 0.762675 0.16036 0.00971075
2 0.477292 0.07455 0.898316 0.148399 0.00961772
1 0.834223 0.290212 0.278703 0.56967 0.00882715
2 0.512344 0.142143 0.925941 0.283122 0.00859525
1 0.594632 0.531774 0.675024 0.776822 0.00858032
1 0.856807 0.105697 0.268125 0.20527 0.0076592
1 0.613792 0.270764 0.630006 0.534262 0.00762345
1 0.851983 0.172768 0.257862 0.342178 0.00739843
0 0.904971 0.274167 0.190059 0.548334 0.00727367
0 0.0709736 0.766227 0.141947 0.401319 0.00700112
0 0.31543 0.837381 0.62563 0.311557 0.00696954
0 0.143286 0.769849 0.286573 0.404912 0.00682636
0 0.334688 0.981266 0.0454032 0.0309197 0.00648624
2 0.908585 0.0829631 0.18283 0.165926 0.00611502
0 0.64448 0.673567 0.617609 0.380016 0.00603266
2 0.548966 0.185386 0.505024 0.358548 0.00585634
2 0.428112 0.160789 0.686026 0.314971 0.0057972
0 0.479866 0.792283 0.915475 0.399871 0.00573783
0 0.93276 0.989676 0.13448 0.020623 0.00568062
1 0.54375 0.194515 0.831869 0.388566 0.00525606
1 0.868192 0.296176 0.263616 0.592353 0.00516703
0 0.160001 0.425939 0.0296792 0.0184993 0.00513545
0 0.096569 0.731847 0.0659346 0.0417948 0.0050258
1 0.830577 0.0855116 0.307862 0.171023 0.0049562
2 0.927139 0.0692554 0.145722 0.132607 0.00492881
0 0.0700438 0.730472 0.134573 0.0914821 0.0048944
2 0.522213 0.485055 0.813774 0.931333 0.0048933
2 0.73054 0.667289 0.518768 0.37852 0.00479679
1 0.719518 0.753564 0.298519 0.193175 0.00479333
1 0.500965 0.265411 0.408821 0.523387 0.00477359
2 0.464038 0.174603 0.305384 0.338607 0.0047422
1 0.411718 0.108273 0.236931 0.181702 0.00473736
1 0.568744 0.0993233 0.782247 0.198137 0.00454374
0 0.129622 0.85505 0.259244 0.289901 0.00435485
2 0.720178 0.760331 0.291001 0.179179 0.00427963
2 0.825107 0.377362 0.316471 0.668814 0.00419556
1 0.939101 0.0497671 0.11444 0.0995343 0.00418498
2 0.898369 0.100943 0.157661 0.102357 0.00414217
2 0.595721 0.74108 0.709045 0.353157 0.00405094
0 0.106944 0.73503 0.179967 0.0833463 0.00403293
2 0.465302 0.971656 0.714324 0.056688 0.00400558
2 0.948439 0.0491512 0.0965175 0.0941168 0.00395104
2 0.0710631 0.717174 0.142126 0.436093 0.00393532
2 0.849624 0.348232 0.300752 0.634142 0.00393203
0 0.230741 0.86433 0.461481 0.27134 0.00390842
2 0.710757 0.803353 0.542029 0.39102 0.0039068
2 0.719045 0.46678 0.510511 0.736031 0.00380769
1 0.897207 0.143543 0.159546 0.189985 0.00374059
0 0.356155 0.935141 0.70614 0.128596 0.003732
0 0.545073 0.636497 0.708099 0.598833 0.00372281
2 0.661225 0.719301 0.614158 0.275068 0.00367146
0 0.385561 0.972971 0.687575 0.0540585 0.0035905
0 0.118992 0.776648 0.228713 0.155645 0.00355981
0 0.522115 0.21669 0.749999 0.425308 0.00354544
2 0.902672 0.142966 0.177185 0.273914 0.00345583
0 0.052785 0.826046 0.10557 0.0967779 0.00344501
0 0.316639 0.981791 0.398597 0.0364188 0.00340257
2 0.382824 0.461801 0.654 0.90588 0.0033744
0 0.358005 0.751999 0.713228 0.43944 0.00336469
2 0.780642 0.825054 0.400027 0.33885 0.00334138
2 0.844687 0.437578 0.310625 0.60889 0.0032743
2 0.771175 0.734844 0.42967 0.268003 0.00326664
2 0.0752222 0.38797 0.150444 0.310992 0.00326085
2 0.794158 0.615831 0.387272 0.354434 0.00325141
2 0.0803579 0.436595 0.160716 0.318517 0.00322125
0 0.394526 0.879138 0.768275 0.239097 0.00322071
2 0.0683797 0.340057 0.136759 0.356399 0.00318816
2 0.930448 0.0404498 0.120299 0.0761991 0.00316131
0 0.43765 0.923428 0.839186 0.150788 0.00315913
2 0.894788 0.973058 0.210424 0.0538844 0.00309161
2 0.073833 0.630735 0.147666 0.429677 0.00308308
0 0.466893 0.271308 0.878703 0.541919 0.0030775
0 0.110845 0.7241 0.221689 0.504932 0.00305005
2 0.846276 0.67036 0.307448 0.427734 0.00304359
1 0.383975 0.428604 0.76795 0.857207 0.00304297
0 0.367493 0.98165 0.164574 0.0357926 0.00302585
2 0.0771014 0.555686 0.154203 0.3779 0.00301199
0 0.973325 0.992871 0.0508115 0.0141544 0.0029892
2 0.82152 0.499747 0.32639 0.499272 0.00298672
0 0.210877 0.38035 0.407132 0.760701 0.00296053
2 0.850233 0.761077 0.299534 0.388062 0.00292772
2 0.823123 0.825701 0.353755 0.348599 0.00292129
0 0.384611 0.395869 0.763812 0.783069 0.00291575
1 0.371599 0.109328 0.430498 0.189686 0.00289256
0 0.257584 0.0682236 0.515168 0.136447 0.00286879
2 0.0919642 0.31556 0.183928 0.526118 0.0028335
0 0.49146 0.169259 0.982919 0.337288 0.00282148
0 0.0721626 0.282589 0.0286863 0.0331062 0.00281204
0 0.159919 0.372685 0.290155 0.712094 0.00279847
1 0.71901 0.782114 0.293047 0.134844 0.00278644
2 0.838253 0.556908 0.296668 0.33753 0.00276229
0 0.353305 0.068513 0.706609 0.136095 0.0027555
2 0.854607 0.527419 0.290785 0.515768 0.00275406
0 0.719744 0.791988 0.295754 0.111364 0.00274361
0 0.117813 0.312196 0.235626 0.616689 0.00272942
1 0.90258 0.132576 0.19484 0.255963 0.00271603
0 0.260725 0.72793 0.52145 0.478531 0.00268679
0 0.102028 0.18437 0.204057 0.284137 0.00267987
0 0.438771 0.118286 0.87637 0.234598 0.00267589
2 0.877773 0.589643 0.244455 0.430519 0.00266179
0 0.257061 0.440362 0.514122 0.857992 0.00266045
0 0.138283 0.142697 0.276565 0.254286 0.00264891
0 0.213744 0.0996734 0.427489 0.193113 0.00263999
0 0.340249 0.981895 0.143958 0.035133 0.00263363
2 0.0973305 0.487069 0.194661 0.593614 0.00262084
0 0.0821028 0.220036 0.164206 0.286099 0.00261924
2 0.641784 0.969381 0.553436 0.0612371 0.0025893
0 0.0969732 0.527604 0.193946 0.54647 0.0025477
0 0.193021 0.68573 0.386043 0.557243 0.00253983
0 0.0435626 0.28111 0.0871251 0.0444722 0.00251354
0 0.114458 0.599152 0.228916 0.608838 0.00248466
0 0.345281 0.982152 0.0692629 0.0348674 0.00247136
0 0.142094 0.470896 0.271332 0.778519 0.00243036
2 0.87556 0.901818 0.248881 0.187829 0.00241592
0 0.389961 0.18542 0.779922 0.360247 0.00238415
0 0.399404 0.520471 0.650739 0.776662 0.00235738
2 0.742535 0.971648 0.41619 0.0567039 0.00234697
0 0.291891 0.26992 0.583782 0.529533 0.00234316
2 0.870668 0.977274 0.250113 0.0454521 0.00231725
0 0.194124 0.502275 0.388248 0.732715 0.00231511
2 0.786322 0.975434 0.375657 0.0491319 0.00227428
1 0.917339 0.0575502 0.148409 0.114521 0.00220625
2 0.538111 0.923625 0.82065 0.149726 0.00219749
0 0.910124 0.0806756 0.179752 0.161351 0.00207963
2 0.458206 0.122745 0.295997 0.210383 0.00207663
0 0.732411 0.114065 0.0457343 0.0474513 0.00207261
1 0.89944 0.206716 0.166822 0.375768 0.00205122
2 0.961427 0.0336677 0.065311 0.0633739 0.00203563
0 0.640921 0.596373 0.602072 0.249285 0.00203292
2 0.648273 0.917178 0.652004 0.162741 0.00202966
2 0.760605 0.870703 0.442898 0.254352 0.00200404
0 0.0748594 0.882227 0.149349 0.168892 0.00196653
2 0.833171 0.895637 0.299028 0.200173 0.00196529
0 0.311093 0.982884 0.142603 0.0334795 0.00189558
0 0.0682234 0.690917 0.133247 0.177483 0.0018795
1 0.446439 0.138884 0.273733 0.247508 0.00187236
1 0.308794 0.0546867 0.617588 0.109373 0.00186339
0 0.0729953 0.664606 0.144703 0.472435 0.00186306
0 0.24553 0.981281 0.381422 0.0374378 0.00180504
2 0.48093 0.143877 0.364969 0.251446 0.0017558
0 0.396281 0.985393 0.401284 0.0292133 0.0017493
0 0.333341 0.977337 0.0399203 0.0239664 0.00173471
0 0.33652 0.955055 0.512544 0.0895657 0.0017097
1 0.720095 0.814098 0.303788 0.137191 0.00170567
1 0.322928 0.0791235 0.464416 0.154823 0.00166235
0 0.711981 0.562452 0.498002 0.354441 0.00165122
0 0.669555 0.554963 0.545681 0.233447 0.00164269
1 0.366981 0.124973 0.31745 0.227887 0.00160805
0 0.14654 0.876239 0.293081 0.183813 0.00160174
0 0.681004 0.631519 0.583467 0.284132 0.00159345
0 0.0449377 0.837975 0.0898754 0.0739322 0.00157027
2 0.410224 0.0852106 0.167853 0.146226 0.00153139
1 0.850005 0.0755455 0.29999 0.149544 0.00152377
0 0.841918 0.986538 0.316163 0.026924 0.0015108
1 0.735485 0.793981 0.408826 0.107586 0.00150027
0 0.77545 0.985583 0.449101 0.0288329 0.00150022
2 0.341814 0.0851887 0.367901 0.16075 0.00144515
1 0.736133 0.791625 0.511316 0.192012 0.00143531
0 0.0433328 0.19714 0.0866657 0.208981 0.00140767
0 0.116606 0.893509 0.227975 0.153912 0.0014065
0 0.96904 0.98182 0.059699 0.0348162 0.00140412
0 0.558296 0.615103 0.430207 0.247836 0.00137577
0 0.198699 0.983435 0.397398 0.0328947 0.00135293
0 0.950158 0.18117 0.0648829 0.0275965 0.00133551
0 0.0615064 0.319677 0.123013 0.498561 0.00133482
1 0.73511 0.84231 0.517823 0.307206 0.00132869
2 0.700201 0.78868 0.591816 0.137399 0.00132473
0 0.132139 0.793983 0.264278 0.17934 0.00130463
1 0.701087 0.82654 0.597827 0.210948 0.00129881
0 0.764319 0.540916 0.465743 0.293536 0.00129571
1 0.840092 0.0597319 0.319816 0.11943 0.00128324
0 0.814489 0.751563 0.355796 0.20283 0.00126767
2 0.0773219 0.162303 0.154644 0.301641 0.00125754
0 0.3993 0.0572757 0.147268 0.0906253 0.00125131
0 0.176521 0.732636 0.325479 0.103412 0.00124364
0 0.959761 0.170118 0.0638406 0.0495311 0.00123012
2 0.962734 0.0278872 0.0541777 0.0536172 0.00122257
0 0.491928 0.0667489 0.35177 0.129095 0.00121124
1 0.41562 0.0955735 0.173178 0.165287 0.0012027
0 0.951027 0.989014 0.0979465 0.0219719 0.00120112
0 0.0675218 0.766579 0.135044 0.300542 0.00118734
2 0.295111 0.0491029 0.590223 0.0963889 0.00118514
1 0.762797 0.837721 0.474407 0.173331 0.00118435
0 0.692054 0.499692 0.475165 0.237599 0.00118155
0 0.05696 0.189542 0.11392 0.232218 0.00117577
0 0.709122 0.566352 0.457941 0.182567 0.00116587
0 0.173823 0.765311 0.331404 0.153868 0.00116516
2 0.923968 0.652266 0.146488 0.14428 0.00116515
0 0.701312 0.359466 0.390417 0.208775 0.00115983
0 0.599312 0.630197 0.56612 0.236102 0.00115645
0 0.946731 0.94362 0.0984966 0.108817 0.00115371
1 0.809676 0.0403244 0.380649 0.0799521 0.00114927
0 0.0413958 0.855776 0.0827915 0.119362 0.00114265
2 0.739278 0.767844 0.509324 0.176438 0.00114016
1 0.269627 0.060222 0.467688 0.119291 0.00113966
0 0.658969 0.666894 0.67448 0.277191 0.00113953
1 0.910375 0.180528 0.17925 0.361057 0.00112911
0 0.691693 0.377188 0.308479 0.166515 0.00112582
0 0.289214 0.962442 0.469849 0.0748405 0.00112039
0 0.958098 0.183919 0.0591385 0.0353464 0.00111407
0 0.459914 0.79781 0.444125 0.167597 0.00110498
2 0.501578 0.099366 0.409665 0.179768 0.00110061
1 0.728785 0.871696 0.341765 0.21792 0.00109711
2 0.721736 0.786442 0.300711 0.125773 0.00109379
0 0.477959 0.0941468 0.305197 0.164114 0.0010926
1 0.681478 0.748607 0.423954 0.206645 0.00109173
1 0.389879 0.1573 0.177863 0.27494 0.00109054
0 0.190768 0.886187 0.381537 0.180034 0.00109025
0 0.0567316 0.355781 0.113463 0.206227 0.00108918
2 0.850133 0.72613 0.288558 0.259973 0.00108436
1 0.824948 0.760347 0.334741 0.203728 0.0010808
0 0.151489 0.692611 0.291187 0.181579 0.00107101
1 0.79772 0.13359 0.40456 0.197021 0.00107084
0 0.708426 0.983603 0.569675 0.0327937 0.00106761
2 0.488181 0.981537 0.518555 0.0369251 0.00106668
1 0.302999 0.0950458 0.574037 0.18706 0.00106322
2 0.91976 0.609756 0.15722 0.267478 0.0010613
2 0.0822186 0.0641351 0.164437 0.124362 0.00106051
1 0.803783 0.102121 0.392434 0.166174 0.00105887
0 0.901632 0.950197 0.196735 0.0983053 0.00105801
0 0.916572 0.0495664 0.166857 0.0991329 0.00105584
2 0.365832 0.0698524 0.243203 0.129639 0.00105065
2 0.0848515 0.388539 0.169703 0.262132 0.00104326
0 0.04374 0.0429283 0.0874799 0.085663 0.00104322
0 0.420995 0.819285 0.526857 0.179166 0.00103843
0 0.48325 0.0533252 0.711506 0.106217 0.00103592
0 0.187504 0.714046 0.353202 0.135115 0.0010279
0 0.402786 0.849757 0.521441 0.20813 0.00101812
0 0.443175 0.94875 0.59829 0.100941 0.0010164
2 0.0674771 0.86049 0.134954 0.252499 0.00101192
0 0.0302109 0.705629 0.0517345 0.031567 0.00101118
2 0.0827763 0.206006 0.165553 0.412012 0.00100897
0 0.576149 0.980789 0.532693 0.0384211 0.00100864
2 0.875394 0.198969 0.235654 0.353274 0.00100527
0 0.375683 0.935382 0.490134 0.129236 0.00100287
2 0.0728975 0.226233 0.145795 0.156155 0.00100119
0 0.706559 0.471838 0.432892 0.181086 0.000999831
0 0.208151 0.90966 0.416302 0.156687 0.000998579
0 0.75092 0.621713 0.49816 0.220675 0.000998312
2 0.753177 0.305899 0.186651 0.179617 0.000997249
0 0.674898 0.418195 0.250342 0.0912874 0.000996711
2 0.0864461 0.0928313 0.172892 0.167967 0.00099417
0 0.233686 0.0535291 0.467373 0.106462 0.000993806
0 0.501648 0.779348 0.473149 0.187091 0.00099318
1 0.763374 0.0462452 0.473252 0.0921113 0.000986927
0 0.722406 0.568107 0.434943 0.120745 0.000984878
0 0.314043 0.916672 0.276844 0.112597 0.000978097
1 0.797275 0.0520025 0.374319 0.100509 0.000977344
2 0.523583 0.19828 0.324108 0.227744 0.000973941
0 0.0854883 0.376517 0.170977 0.314283 0.0009719
2 0.93309 0.674171 0.127121 0.090072 0.000971657
0 0.500979 0.607746 0.307552 0.169195 0.00097041
0 0.258638 0.91549 0.345643 0.133265 0.000969604
1 0.937805 0.207388 0.12439 0.414777 0.000969101
0 0.377131 0.89266 0.401961 0.163445 0.000965892
0 0.171727 0.0500922 0.343454 0.100009 0.000965241
2 0.656137 0.982634 0.550622 0.0347321 0.000964981
2 0.0504694 0.0479799 0.100939 0.0919779 0.000962101
0 0.735648 0.475446 0.516446 0.225461 0.000960645
0 0.673923 0.430425 0.306965 0.0923952 0.000953918
0 0.0779996 0.755497 0.112287 0.0984095 0.000952557
0 0.956708 0.188584 0.0588798 0.0531556 0.000948267
0 0.674609 0.785686 0.19307 0.0955446 0.000945953
2 0.530845 0.0530294 0.653262 0.105431 0.000939283
0 0.2427 0.949325 0.485401 0.101073 0.000937819
2 0.00883417 0.045345 0.0176683 0.0906901 0.000936522
0 0.530943 0.808009 0.516227 0.170906 0.00093531
0 0.811339 0.536821 0.371905 0.215088 0.00093525
0 0.096651 0.6712 0.190988 0.221153 0.000934523
0 0.0741942 0.676144 0.148388 0.274842 0.000933645
1 0.922561 0.912244 0.148123 0.172549 0.000933354
