2 0.549578 0.601291 0.781814 0.51229 0.964279
0 0.403756 0.250269 0.0778265 0.048556 0.169421
2 0.814193 0.114075 0.371613 0.228151 0.131232
0 0.0709051 0.442936 0.0559936 0.0391734 0.10374
0 0.581797 0.983783 0.0621543 0.0312301 0.0649943
0 0.619366 0.809547 0.0699741 0.0515619 0.0592663
0 0.365548 0.31001 0.0481629 0.0281909 0.0568141
0 0.818037 0.114513 0.363794 0.227077 0.0502222
0 0.814169 0.174947 0.359033 0.345938 0.0485643
0 0.940437 0.430651 0.0901952 0.0680162 0.0462017
2 0.549454 0.700286 0.787479 0.599427 0.0446722
1 0.773084 0.024092 0.453832 0.048184 0.0361663
0 0.213123 0.955112 0.0374462 0.0335605 0.0335175
0 0.0965587 0.561461 0.0421392 0.035134 0.0273339
2 0.801573 0.026196 0.396853 0.0518606 0.0270563
0 0.924186 0.435548 0.0572863 0.0551714 0.0259483
1 0.527385 0.137671 0.945229 0.275078 0.0227285
1 0.502953 0.210824 0.994094 0.421648 0.0207392
0 0.513861 0.983859 0.378055 0.0322819 0.0202172
2 0.803802 0.0384317 0.392395 0.0768635 0.0193489
2 0.531317 0.690035 0.748342 0.344876 0.0171212
1 0.8054 0.0360514 0.389199 0.0721028 0.0170769
1 0.543581 0.0925167 0.912839 0.185033 0.0158383
2 0.672622 0.596062 0.516855 0.488546 0.014579
1 0.923782 0.0207803 0.152436 0.0412064 0.0135134
1 0.81433 0.143799 0.37134 0.286801 0.0135003
1 0.549928 0.113477 0.900145 0.226954 0.0128238
0 0.0198291 0.198603 0.0375313 0.0194809 0.0116633
2 0.527252 0.506137 0.768614 0.754746 0.0114049
1 0.816185 0.0822715 0.367631 0.163725 0.0110471
0 0.809657 0.236345 0.32659 0.460218 0.00960645
1 0.498617 0.315588 0.954613 0.629353 0.00920363
2 0.494375 0.971484 0.642051 0.0570312 0.00892604
0 0.442092 0.984702 0.382495 0.0305968 0.00869513
1 0.795712 0.201282 0.345505 0.40038 0.00844822
1 0.527449 0.445491 0.785116 0.889279 0.00841399
0 0.923065 0.443441 0.0549745 0.0359039 0.00837099
0 0.208991 0.954175 0.0489821 0.0371571 0.00835041
2 0.914053 0.0196324 0.171894 0.0392649 0.00831231
0 0.888393 0.157493 0.073432 0.0571909 0.008185
2 0.558965 0.977075 0.548791 0.0458508 0.0074179
0 0.378973 0.275276 0.0744859 0.0976251 0.00725783
0 0.184475 0.386832 0.0464885 0.0497271 0.0072259
1 0.815926 0.0533296 0.368148 0.106253 0.00715901
0 0.941321 0.410227 0.0989937 0.108446 0.00708643
2 0.408382 0.699855 0.512141 0.360889 0.00698836
2 0.517211 0.535572 0.708783 0.372726 0.00695407
0 0.395539 0.27175 0.0968111 0.0904337 0.00674143
2 0.918903 0.0196084 0.162194 0.0389533 0.00671743
2 0.662208 0.724226 0.555415 0.547602 0.00652203
2 0.471023 0.752825 0.661502 0.494351 0.00640903
2 0.740781 0.778522 0.442435 0.438176 0.00632923
1 0.459628 0.0630278 0.885397 0.126056 0.00617274
0 0.163186 0.842004 0.0716733 0.0303944 0.00612423
2 0.793375 0.558065 0.3541 0.388222 0.00612107
2 0.759145 0.352072 0.392014 0.694984 0.0060394
2 0.95123 0.428705 0.0636827 0.0658738 0.0059272
0 0.680603 0.771323 0.192355 0.126934 0.00590369
0 0.550995 0.985199 0.124294 0.0296029 0.00587755
2 0.805173 0.292716 0.308485 0.57101 0.00586647
0 0.393561 0.299402 0.109292 0.0499193 0.00583886
0 0.358345 0.643098 0.401076 0.46619 0.00583025
0 0.0912775 0.565346 0.0559773 0.0429279 0.00550304
0 0.0834469 0.444205 0.0804966 0.0393034 0.00544069
2 0.715477 0.526204 0.473282 0.343993 0.00530075
0 0.0632734 0.44131 0.0746419 0.0460135 0.00526952
1 0.681659 0.77188 0.196342 0.123183 0.00526132
2 0.437917 0.615545 0.555636 0.516418 0.0047813
0 0.859269 0.264099 0.132339 0.0871038 0.00476333
2 0.691566 0.978644 0.509076 0.0427115 0.00474073
2 0.479452 0.909096 0.750683 0.18045 0.00469309
0 0.390225 0.97439 0.46793 0.0512204 0.0044775
2 0.681028 0.768667 0.194059 0.126534 0.00445971
0 0.474226 0.968344 0.767987 0.0633114 0.0043516
2 0.564036 0.866692 0.764374 0.262187 0.00427381
0 0.0708005 0.422695 0.0636033 0.0784358 0.00421497
2 0.644775 0.532071 0.577191 0.421224 0.00418469
0 0.886126 0.173177 0.0779077 0.0836583 0.00402504
2 0.852552 0.610271 0.294896 0.483104 0.00397819
0 0.820171 0.269168 0.359658 0.538336 0.0039494
0 0.447332 0.863847 0.726804 0.272215 0.0038817
1 0.517369 0.745913 0.545746 0.183039 0.00384188
0 0.41483 0.0584615 0.82966 0.116923 0.00383418
0 0.51916 0.953702 0.583281 0.092293 0.00378997
2 0.797559 0.788611 0.335269 0.394439 0.00376701
0 0.405729 0.761059 0.655455 0.475722 0.00372274
2 0.0595149 0.613224 0.11903 0.390981 0.00371544
0 0.314106 0.574777 0.51593 0.618281 0.00356525
2 0.0627334 0.686118 0.125467 0.358415 0.00351098
0 0.439681 0.0893881 0.810578 0.177541 0.00350989
2 0.714014 0.682533 0.455001 0.325685 0.00348946
2 0.10231 0.33466 0.204619 0.337789 0.00348272
0 0.483565 0.574649 0.619157 0.369927 0.00345537
2 0.778956 0.978152 0.385315 0.0434119 0.0034436
1 0.590351 0.755055 0.378095 0.159147 0.00342423
2 0.676513 0.441624 0.530489 0.584528 0.00341488
0 0.212008 0.366221 0.11092 0.0917781 0.00338566
0 0.468038 0.814983 0.787882 0.369949 0.00334572
2 0.790303 0.427604 0.343661 0.567237 0.00332938
0 0.383077 0.599136 0.684432 0.676484 0.0033235
0 0.264439 0.495106 0.416885 0.578231 0.00331241
0 0.139427 0.562911 0.242329 0.601582 0.00330674
1 0.45906 0.771583 0.404532 0.17845 0.00327681
2 0.759211 0.655251 0.398206 0.484955 0.00326868
2 0.0771809 0.726418 0.154362 0.355929 0.00326284
2 0.694341 0.471699 0.348904 0.203132 0.00323666
0 0.083691 0.460119 0.167382 0.398379 0.00323524
0 0.0468277 0.430754 0.0932056 0.0596681 0.00321574
2 0.072385 0.512633 0.14477 0.409885 0.00320998
0 0.1195 0.442949 0.201009 0.452092 0.00320534
0 0.108978 0.373527 0.204836 0.405258 0.00319638
2 0.901266 0.964489 0.197468 0.0710221 0.00319561
0 0.47369 0.570932 0.666783 0.500674 0.00316061
0 0.305745 0.361978 0.295132 0.266739 0.00315773
0 0.45953 0.486167 0.608646 0.496253 0.00315523
0 0.112706 0.271932 0.219864 0.383611 0.00315375
0 0.192683 0.0555539 0.380167 0.1109 0.00311424
2 0.104809 0.814451 0.209617 0.321771 0.00309044
0 0.859274 0.229799 0.143606 0.144827 0.00307912
0 0.114055 0.958256 0.228109 0.0834885 0.0030629
0 0.31975 0.781495 0.544013 0.437011 0.00303676
0 0.223214 0.400914 0.360374 0.504735 0.00303348
0 0.139006 0.766939 0.26733 0.448702 0.00302506
0 0.159421 0.24494 0.246994 0.400597 0.00300499
0 0.360792 0.147221 0.623814 0.293756 0.00300071
0 0.133099 0.0612924 0.266198 0.122585 0.00299763
0 0.309632 0.0763852 0.589747 0.149703 0.00297818
0 0.288562 0.313472 0.274456 0.23118 0.00296936
0 0.202119 0.965365 0.404237 0.0692694 0.00296573
2 0.85979 0.78707 0.28042 0.401533 0.00296159
0 0.13217 0.889829 0.26434 0.220341 0.00295855
0 0.135438 0.670787 0.250871 0.547053 0.00295296
0 0.158591 0.298386 0.273643 0.396564 0.00292631
2 0.674141 0.888108 0.602104 0.217362 0.00290926
0 0.544226 0.53937 0.776228 0.598544 0.00289719
0 0.871029 0.499507 0.257941 0.403857 0.00289439
0 0.374874 0.458323 0.477143 0.539107 0.00289313
0 0.163667 0.849508 0.0767649 0.0477448 0.00289241
0 0.54294 0.497462 0.765164 0.414779 0.0028813
0 0.346218 0.212484 0.540606 0.417653 0.00288041
2 0.828885 0.4958 0.296447 0.379532 0.00287927
0 0.273866 0.978919 0.431885 0.0420941 0.00287018
0 0.27646 0.284686 0.304742 0.352469 0.00286971
0 0.337892 0.689017 0.539587 0.522812 0.00286333
0 0.11135 0.84367 0.2227 0.297469 0.00286129
2 0.871799 0.975601 0.256097 0.0487985 0.00284893
2 0.745326 0.464963 0.403751 0.489362 0.00284617
2 0.961536 0.42562 0.0456093 0.0586899 0.00282207
0 0.0981841 0.191745 0.196368 0.322486 0.00282175
0 0.404952 0.349249 0.508843 0.32011 0.00281252
2 0.819338 0.422401 0.321583 0.411327 0.00281134
0 0.364725 0.306488 0.0551669 0.0379462 0.00280698
0 0.112228 0.124641 0.224456 0.217356 0.00278551
2 0.829416 0.42898 0.341169 0.519139 0.00276354
0 0.13026 0.0853716 0.260519 0.166931 0.00276021
1 0.777065 0.0494575 0.445871 0.0982985 0.00275892
0 0.165996 0.0738316 0.331991 0.1433 0.00275223
0 0.502222 0.962895 0.473959 0.0737915 0.00273754
0 0.179059 0.851909 0.358119 0.288361 0.00272606
0 0.131566 0.193283 0.253576 0.35771 0.00272247
0 0.229451 0.202425 0.388709 0.391859 0.00272074
2 0.849404 0.832819 0.301191 0.334362 0.00271312
0 0.210084 0.950529 0.0406135 0.0359263 0.00270928
0 0.638001 0.984581 0.182497 0.0308383 0.00270386
0 0.138317 0.124332 0.269173 0.246786 0.00269498
1 0.679886 0.793216 0.209559 0.100917 0.00268978
0 0.349788 0.295765 0.0712526 0.0585831 0.00268201
0 0.19251 0.142845 0.318898 0.2838 0.00267544
1 0.711537 0.0509356 0.455427 0.101871 0.00264198
0 0.0202848 0.194819 0.0399261 0.0237133 0.00263033
0 0.284817 0.239872 0.367002 0.463474 0.00260899
0 0.0683749 0.56156 0.105253 0.0352867 0.00257588
0 0.967189 0.357856 0.0656221 0.036267 0.00257142
0 0.19705 0.96019 0.102067 0.0467842 0.00251594
0 0.489341 0.292941 0.727724 0.58262 0.00245512
2 0.867133 0.0212125 0.265734 0.042084 0.00242823
2 0.776045 0.0319857 0.44791 0.0634737 0.00237577
0 0.849994 0.208645 0.169669 0.236403 0.00237209
2 0.89807 0.911403 0.203861 0.175415 0.00235399
0 0.331122 0.966311 0.460285 0.0655895 0.00235295
2 0.768439 0.684258 0.326359 0.265081 0.00235238
2 0.943683 0.40316 0.103836 0.125652 0.00234502
2 0.74082 0.455501 0.263163 0.174567 0.00233467
0 0.416624 0.964588 0.513609 0.0707813 0.00232073
0 0.0512253 0.417331 0.102451 0.0924118 0.00231836
0 0.753137 0.907065 0.440676 0.180198 0.00230379
0 0.894058 0.144091 0.115151 0.151431 0.00228222
1 0.628 0.778173 0.306344 0.0947407 0.00222644
2 0.775927 0.826863 0.404784 0.33591 0.00221271
1 0.768332 0.686675 0.335076 0.264599 0.00216448
0 0.946867 0.41776 0.106267 0.118985 0.00215843
0 0.62019 0.982881 0.477375 0.0342373 0.00211365
0 0.0985296 0.444 0.119882 0.0428686 0.00207106
1 0.833171 0.111909 0.333657 0.223817 0.00206978
0 0.44693 0.273947 0.196877 0.0977846 0.00206565
0 0.767362 0.441785 0.208093 0.146894 0.00205015
0 0.369071 0.27079 0.166396 0.106642 0.00204844
0 0.735922 0.134761 0.104836 0.068469 0.00203038
0 0.851682 0.905691 0.262668 0.176033 0.00201564
0 0.783661 0.415706 0.173647 0.0949429 0.00201253
1 0.699453 0.764321 0.301137 0.122691 0.00200074
0 0.23669 0.0499991 0.198519 0.0999981 0.00198518
0 0.441907 0.279567 0.319423 0.114032 0.00196499
0 0.865702 0.124034 0.254332 0.192405 0.00194223
0 0.0203212 0.19997 0.0406424 0.0319084 0.00191668
0 0.790416 0.404766 0.156385 0.0758829 0.0018933
2 0.621102 0.807826 0.0737306 0.0538055 0.00186115
0 0.944969 0.393524 0.110062 0.164637 0.00185759
1 0.684514 0.0545578 0.630973 0.109116 0.00184894
0 0.609718 0.984459 0.123 0.030323 0.0018386
0 0.818968 0.210495 0.248119 0.249749 0.00180307
0 0.190576 0.3844 0.0561315 0.05646 0.00179567
0 0.908626 0.113832 0.180179 0.221265 0.0017913
0 0.469532 0.630948 0.631399 0.317044 0.00178305
0 0.073839 0.57179 0.0938334 0.053607 0.00178291
1 0.687122 0.854198 0.21606 0.185758 0.00174682
0 0.0471179 0.442647 0.0942358 0.0472995 0.00173699
0 0.836032 0.147075 0.2466 0.145316 0.00173156
0 0.790151 0.428168 0.158956 0.127814 0.00172925
1 0.7489 0.736434 0.329465 0.179773 0.00172732
1 0.652913 0.825628 0.535413 0.167597 0.00171181
1 0.250027 0.430184 0.19463 0.232887 0.00170333
0 0.822618 0.133818 0.294967 0.175893 0.00167337
1 0.381173 0.777928 0.234277 0.16978 0.00167117
2 0.69114 0.752596 0.159692 0.101764 0.0016641
1 0.152706 0.450206 0.233447 0.204238 0.00165642
0 0.0627472 0.57675 0.1208 0.0570869 0.00165638
0 0.0669983 0.504613 0.133997 0.319173 0.00164614
0 0.84872 0.204295 0.213921 0.29851 0.00164472
2 0.927075 0.0188333 0.145849 0.0374292 0.00163199
0 0.471795 0.53923 0.492603 0.313595 0.00162968
1 0.824404 0.511197 0.331416 0.284405 0.00162426
1 0.241836 0.406627 0.171909 0.170335 0.00161207
0 0.943939 0.446933 0.112121 0.148486 0.00159962
0 0.862532 0.289024 0.14323 0.163579 0.00159483
2 0.2122 0.361565 0.108101 0.0749094 0.00157861
1 0.298486 0.447129 0.319461 0.264394 0.00156652
1 0.174651 0.444674 0.258714 0.249769 0.00156269
0 0.85427 0.418118 0.282387 0.103554 0.00155843
1 0.443097 0.790653 0.478159 0.147267 0.00155473
1 0.658574 0.0432721 0.682852 0.0853008 0.00153959
0 0.0576778 0.346067 0.115356 0.40693 0.00153805
1 0.711099 0.487762 0.570716 0.228561 0.00152996
0 0.0711797 0.520509 0.142359 0.468481 0.00151315
1 0.646482 0.750488 0.593384 0.15598 0.00151077
1 0.739072 0.462641 0.291976 0.180592 0.00150902
1 0.890976 0.404694 0.212797 0.125512 0.00150406
1 0.753039 0.635035 0.374799 0.172394 0.00150357
1 0.77871 0.7292 0.416837 0.218614 0.0015009
2 0.627546 0.798251 0.086765 0.0779924 0.0014933
1 0.205945 0.417007 0.226504 0.179193 0.00148512
0 0.0209417 0.206738 0.0418834 0.0427305 0.00147688
0 0.942339 0.477958 0.0933157 0.211594 0.00146857
0 0.0623406 0.362319 0.115287 0.20435 0.00146657
0 0.668882 0.97943 0.521568 0.0411391 0.00146514
1 0.292555 0.41435 0.278829 0.19479 0.00145585
1 0.655919 0.802232 0.626796 0.157746 0.0014548
1 0.70113 0.858692 0.297919 0.176438 0.00145175
1 0.874232 0.540862 0.232847 0.394553 0.00143481
1 0.759395 0.454651 0.462209 0.168087 0.00142126
0 0.41427 0.228092 0.107707 0.094965 0.00141448
2 0.260179 0.567269 0.0439853 0.0309579 0.00140603
0 0.990917 0.980167 0.0181663 0.0388337 0.00140234
0 0.478058 0.252787 0.256272 0.0584774 0.00139691
1 0.804596 0.206593 0.267798 0.236985 0.00139306
0 0.121244 0.393241 0.180096 0.146209 0.00137682
1 0.232926 0.630588 0.134268 0.151322 0.00137551
1 0.833873 0.471135 0.321681 0.185013 0.00135403
0 0.297092 0.0514657 0.310606 0.101115 0.00135073
1 0.711429 0.806287 0.577141 0.248899 0.0013496
0 0.0640757 0.514061 0.104977 0.203572 0.00133787
1 0.723091 0.748803 0.516079 0.194076 0.00133589
0 0.169776 0.972107 0.339552 0.0557864 0.00133432
1 0.903435 0.102462 0.19313 0.204924 0.00132973
0 0.522812 0.930648 0.522732 0.135412 0.00132488
1 0.728602 0.502831 0.306008 0.264416 0.00130929
1 0.936342 0.509444 0.104405 0.249928 0.00130618
0 0.887426 0.142761 0.0925107 0.117647 0.00130126
0 0.335584 0.551043 0.336747 0.318886 0.00130024
0 0.0627412 0.629073 0.125438 0.167231 0.00128832
1 0.228626 0.650714 0.129889 0.209396 0.00128753
2 0.329538 0.703782 0.338581 0.290057 0.00128517
0 0.0526458 0.489666 0.105292 0.376472 0.00128352
2 0.063621 0.567703 0.127242 0.304243 0.00127829
0 0.367794 0.312007 0.0605785 0.0304668 0.00127556
2 0.961676 0.312161 0.0712473 0.185919 0.00126991
2 0.905538 0.112883 0.188925 0.224826 0.00126394
2 0.0239264 0.112959 0.0478529 0.225917 0.00126369
0 0.0194297 0.192164 0.0388594 0.034692 0.00126307
0 0.387256 0.988933 0.186895 0.0215218 0.00126168
1 0.230001 0.67433 0.13783 0.313499 0.00125711
0 0.806765 0.413776 0.17917 0.128506 0.00125698
2 0.0906326 0.535145 0.0576429 0.0823597 0.00124327
1 0.533304 0.932469 0.55804 0.134899 0.00124262
0 0.357231 0.706972 0.376154 0.310812 0.00123954
0 0.760838 0.420543 0.220936 0.109866 0.00123915
0 0.412344 0.213067 0.180299 0.120892 0.00123565
0 0.234033 0.046857 0.132905 0.093714 0.00123236
0 0.890836 0.181246 0.203662 0.350845 0.00123064
1 0.139278 0.413328 0.205736 0.116606 0.00122803
