2 0.462616 0.39862 0.206504 0.160047 0.935882
0 0.0408866 0.103606 0.0805589 0.095145 0.837501
0 0.0592254 0.102934 0.117468 0.0948846 0.0731966
0 0.978225 0.619428 0.043493 0.0621319 0.0468138
0 0.655741 0.279758 0.0384019 0.0330512 0.0322584
0 0.662322 0.360954 0.0454333 0.0504144 0.0274199
0 0.574232 0.635211 0.0361486 0.0360851 0.0216873
0 0.464658 0.40027 0.205246 0.16249 0.021684
0 0.0411729 0.0815047 0.0823459 0.151354 0.0208797
0 0.976298 0.626398 0.0474039 0.0843277 0.0204906
0 0.0413535 0.146264 0.082707 0.191495 0.0197318
0 0.188588 0.0761804 0.375268 0.152361 0.0180793
0 0.977421 0.619348 0.0451582 0.145004 0.0143806
2 0.0385214 0.103284 0.0770428 0.0861807 0.0127356
0 0.656352 0.27695 0.0413361 0.0480505 0.0116565
0 0.653385 0.283929 0.0389931 0.0337613 0.0112717
0 0.578015 0.632148 0.035613 0.0356188 0.00983941
0 0.978552 0.58596 0.0428953 0.176874 0.00979829
0 0.037398 0.177463 0.074796 0.268747 0.00931664
0 0.97653 0.619382 0.0469405 0.213186 0.00851208
0 0.0379225 0.116099 0.0757817 0.0697206 0.00775627
0 0.157378 0.178822 0.314755 0.2967 0.00744009
0 0.217415 0.915585 0.0274046 0.0224232 0.00713171
0 0.970208 0.632138 0.0595843 0.11167 0.00596109
2 0.573374 0.410411 0.440383 0.190066 0.00560582
2 0.400684 0.398669 0.346613 0.168882 0.00546079
0 0.107798 0.10008 0.215597 0.0995242 0.00541852
0 0.950457 0.631247 0.0989588 0.311286 0.00501489
0 0.661876 0.258013 0.0360664 0.0216091 0.00490527
0 0.662376 0.330099 0.0502052 0.105543 0.0048256
0 0.970229 0.597098 0.0595412 0.151182 0.00466332
0 0.974939 0.655087 0.0501217 0.136983 0.00466145
0 0.0872891 0.118604 0.171602 0.128862 0.00462907
2 0.493564 0.964909 0.735718 0.0701027 0.00457469
0 0.664489 0.274247 0.0584964 0.0400879 0.00446795
0 0.576934 0.467877 0.482143 0.296356 0.00445236
0 0.654769 0.302866 0.0435698 0.0758215 0.0044005
0 0.0535569 0.234576 0.107114 0.336325 0.0042266
0 0.427081 0.966422 0.628346 0.0671559 0.00419031
0 0.406666 0.489306 0.337991 0.349465 0.0041385
0 0.944304 0.591695 0.11083 0.285619 0.00388689
0 0.561564 0.434774 0.617122 0.260055 0.0038261
0 0.34165 0.970145 0.575383 0.0597092 0.00379331
0 0.663868 0.34799 0.0524849 0.0637051 0.0037471
0 0.451698 0.514064 0.272569 0.426795 0.00368833
0 0.945125 0.725125 0.107944 0.420404 0.00355899
0 0.500976 0.357394 0.0460792 0.0330977 0.00351454
0 0.546419 0.473693 0.677954 0.349637 0.00351386
0 0.0737931 0.28118 0.147586 0.398456 0.00348582
0 0.145028 0.244452 0.289953 0.415251 0.00344669
1 0.466442 0.415088 0.205776 0.171774 0.00344343
0 0.655206 0.289174 0.042573 0.0476209 0.00342405
2 0.716236 0.967696 0.502767 0.0646077 0.00339098
0 0.922207 0.628742 0.15365 0.275662 0.00334748
0 0.524341 0.492051 0.349266 0.432044 0.00331114
0 0.5515 0.56923 0.724783 0.576145 0.00329757
0 0.343409 0.462924 0.634221 0.305263 0.00326881
0 0.921197 0.691653 0.156109 0.393844 0.00311178
2 0.523364 0.555666 0.669969 0.756314 0.00308163
0 0.40137 0.540433 0.367293 0.469445 0.00307256
0 0.240186 0.970766 0.464677 0.0584673 0.00307121
0 0.324916 0.515531 0.649832 0.413761 0.00305933
0 0.51471 0.374854 0.658188 0.192726 0.00305537
2 0.444386 0.577972 0.367826 0.680148 0.00303252
0 0.564626 0.632134 0.0571935 0.0358812 0.00297711
0 0.972491 0.635313 0.0550175 0.263912 0.00296172
0 0.0874818 0.344125 0.174964 0.374636 0.00295793
0 0.16746 0.961227 0.334921 0.0775469 0.00292326
0 0.827196 0.0816454 0.345609 0.163291 0.00290819
2 0.566049 0.494185 0.54465 0.569363 0.00290235
0 0.477232 0.94559 0.734416 0.107378 0.00288993
2 0.895057 0.965903 0.209885 0.0681946 0.00286784
0 0.216153 0.168489 0.429601 0.2823 0.00284257
2 0.348275 0.393103 0.450004 0.204516 0.00284019
0 0.906911 0.58332 0.185383 0.242637 0.00282911
0 0.975414 0.542238 0.0491716 0.292753 0.00282325
0 0.277093 0.0986109 0.552395 0.190277 0.00282204
0 0.936239 0.555325 0.126096 0.306986 0.00279854
2 0.52031 0.174612 0.953801 0.348037 0.00278694
0 0.0748427 0.632561 0.149685 0.325383 0.0027387
0 0.093167 0.418304 0.186334 0.315177 0.00273605
0 0.558938 0.467431 0.785672 0.521305 0.00273079
0 0.183806 0.266114 0.367612 0.482392 0.00272027
0 0.834737 0.120444 0.330525 0.237643 0.002708
0 0.0879927 0.585868 0.175985 0.327862 0.00270758
0 0.390437 0.344085 0.443028 0.343468 0.00270652
0 0.0993729 0.473803 0.198746 0.308642 0.00270563
0 0.90258 0.742338 0.194693 0.442406 0.00268809
0 0.934205 0.775174 0.129236 0.398621 0.00268786
0 0.567889 0.546813 0.815306 0.802344 0.00268698
0 0.176116 0.90249 0.352231 0.192283 0.00268609
0 0.370005 0.561486 0.74001 0.517267 0.00268004
2 0.785475 0.80047 0.415356 0.385946 0.00267295
2 0.421181 0.603092 0.755039 0.731034 0.00265005
0 0.635329 0.941394 0.711038 0.114387 0.00263467
2 0.535288 0.24263 0.91387 0.476418 0.00263347
0 0.516215 0.085835 0.671543 0.170034 0.00261756
0 0.663172 0.0938188 0.645782 0.186577 0.00260372
0 0.487517 0.230392 0.975034 0.453008 0.0026003
0 0.393811 0.612543 0.787623 0.665144 0.00259666
0 0.529481 0.12915 0.928236 0.256979 0.00258802
2 0.844054 0.761511 0.300413 0.450326 0.00258515
2 0.653401 0.531534 0.678048 0.656008 0.00258342
0 0.343809 0.943188 0.63546 0.109007 0.00257796
0 0.274545 0.445127 0.54909 0.411947 0.00256944
0 0.0708441 0.721959 0.141688 0.265549 0.00256874
0 0.396473 0.368901 0.629127 0.405016 0.00255323
0 0.884668 0.200162 0.230665 0.289992 0.0025462
0 0.329257 0.0807206 0.618791 0.160397 0.00253643
0 0.833288 0.967623 0.333424 0.0647551 0.00251609
0 0.0775311 0.781759 0.155062 0.28209 0.00251418
0 0.255115 0.355029 0.51023 0.517081 0.00250503
0 0.275061 0.206234 0.550121 0.382966 0.00249969
0 0.430337 0.329573 0.790407 0.35659 0.0024938
0 0.92613 0.521859 0.147431 0.327734 0.00246835
2 0.720273 0.453621 0.54074 0.458074 0.00246312
0 0.164604 0.319425 0.329207 0.460476 0.00245486
0 0.910395 0.473089 0.179209 0.326386 0.00243987
0 0.900828 0.41088 0.198345 0.305431 0.00243832
2 0.661787 0.232459 0.660242 0.455477 0.00243356
0 0.444553 0.161051 0.889105 0.320353 0.00242973
0 0.89199 0.249556 0.216021 0.252602 0.00240783
2 0.859198 0.700941 0.269494 0.45577 0.00240601
0 0.370283 0.116122 0.688845 0.226602 0.00240494
0 0.90007 0.34576 0.19986 0.265595 0.00240429
0 0.897635 0.295173 0.20473 0.249992 0.00240318
0 0.339491 0.333438 0.678982 0.451088 0.00239815
0 0.187753 0.403854 0.375506 0.386384 0.00237767
0 0.915855 0.835888 0.167896 0.252429 0.00237285
0 0.893204 0.915841 0.213591 0.159654 0.00237012
2 0.550544 0.640976 0.869244 0.643919 0.00236728
0 0.282744 0.614745 0.565488 0.460154 0.00236254
0 0.117353 0.844119 0.234707 0.287981 0.00234727
0 0.52762 0.365575 0.849377 0.461729 0.00234718
0 0.654937 0.358288 0.664134 0.427837 0.00233585
0 0.733169 0.116005 0.533662 0.23201 0.00229152
2 0.599455 0.807202 0.773803 0.372389 0.00229062
0 0.109191 0.080763 0.218382 0.143843 0.0022647
2 0.705013 0.862216 0.56722 0.265094 0.00226366
0 0.362082 0.193512 0.724164 0.362775 0.00224649
2 0.734901 0.735372 0.515244 0.437763 0.00223874
0 0.724675 0.40749 0.531376 0.393425 0.00222238
0 0.671733 0.319196 0.0750747 0.123172 0.00222149
0 0.21985 0.920432 0.4397 0.153705 0.00221734
0 0.153549 0.646857 0.307098 0.354372 0.00221685
2 0.733369 0.540964 0.518772 0.535 0.00220476
0 0.434775 0.25088 0.869549 0.310572 0.00220451
0 0.869699 0.867591 0.260601 0.217163 0.00219971
0 0.866905 0.544867 0.265215 0.252354 0.00219907
0 0.773284 0.178985 0.453432 0.296475 0.00219684
2 0.690184 0.663628 0.604648 0.48162 0.00218215
0 0.539601 0.695678 0.898232 0.556092 0.00216598
0 0.322311 0.66931 0.644622 0.50275 0.0021581
0 0.964518 0.581205 0.0709644 0.278956 0.00213604
1 0.468692 0.421867 0.397797 0.17196 0.00213433
0 0.639251 0.285713 0.074018 0.0410812 0.00211953
1 0.446166 0.431491 0.255762 0.137876 0.00211941
0 0.757505 0.935323 0.484991 0.126829 0.00210682
0 0.735519 0.338908 0.511376 0.348957 0.00209531
2 0.777727 0.590035 0.430698 0.478681 0.00208945
0 0.136853 0.702064 0.273706 0.277859 0.00208478
2 0.568874 0.857263 0.820662 0.271344 0.00207764
0 0.771431 0.40297 0.454113 0.306057 0.00207607
0 0.5707 0.638368 0.047419 0.039452 0.00207155
0 0.137801 0.785471 0.275602 0.313287 0.00205539
0 0.777779 0.464604 0.43899 0.336556 0.00205417
0 0.193651 0.71092 0.387302 0.400806 0.00204664
0 0.184632 0.79495 0.369263 0.40547 0.00203852
0 0.776876 0.334046 0.446248 0.237712 0.00203589
0 0.786321 0.278962 0.427357 0.212433 0.00200814
0 0.45679 0.358402 0.194432 0.0802426 0.00200415
0 0.244426 0.830661 0.488851 0.32022 0.00200216
0 0.785313 0.230678 0.429373 0.215172 0.00199965
2 0.353585 0.629717 0.707169 0.715906 0.00195148
0 0.546469 0.872683 0.867876 0.247997 0.00193639
0 0.33097 0.739313 0.66194 0.343881 0.00193411
0 0.160246 0.844755 0.320492 0.29335 0.00192385
0 0.637282 0.279373 0.0835896 0.0380823 0.00192013
0 0.620426 0.323679 0.165649 0.120478 0.00191257
0 0.251385 0.866346 0.502771 0.228638 0.00190013
0 0.419087 0.400687 0.224011 0.154765 0.00189597
1 0.960889 0.70427 0.0782224 0.359352 0.00189571
1 0.051516 0.194957 0.100512 0.335517 0.00187342
0 0.385762 0.870973 0.685935 0.232614 0.00187197
0 0.344296 0.836639 0.688591 0.281778 0.00187121
2 0.784965 0.85116 0.430069 0.255419 0.00181321
0 0.447334 0.75666 0.872377 0.324505 0.00179041
2 0.423815 0.780343 0.751145 0.375958 0.00178855
0 0.686903 0.870146 0.605503 0.25318 0.00178237
0 0.492819 0.388883 0.230399 0.138933 0.00177738
0 0.439119 0.826421 0.878238 0.329075 0.00177364
0 0.638464 0.356864 0.100239 0.0515293 0.00175088
1 0.123849 0.121247 0.247697 0.135415 0.00167967
0 0.78379 0.872149 0.432421 0.232047 0.00167639
0 0.574388 0.626871 0.0408 0.0440766 0.00164638
1 0.402581 0.398646 0.379052 0.164631 0.00163365
0 0.969927 0.536718 0.0601452 0.355615 0.00163147
0 0.0288991 0.216236 0.0577981 0.391595 0.00160167
2 0.427628 0.401796 0.145157 0.136369 0.00159375
1 0.961497 0.697012 0.0770065 0.234951 0.00154719
0 0.211815 0.98845 0.423629 0.0230996 0.0015022
1 0.0924301 0.16657 0.183276 0.235241 0.0014739
1 0.452127 0.465544 0.23529 0.219873 0.00146565
0 0.93723 0.60418 0.12501 0.156267 0.00145271
0 0.0399206 0.0851489 0.0798412 0.059281 0.00142699
0 0.739172 0.355025 0.215618 0.057033 0.00142475
0 0.935587 0.625445 0.127346 0.106651 0.00142117
2 0.440916 0.459439 0.506024 0.181645 0.00141886
0 0.165066 0.989041 0.330132 0.0219189 0.00140987
0 0.05639 0.0775621 0.11278 0.155124 0.00137696
2 0.459728 0.393704 0.18604 0.115931 0.00135851
1 0.926181 0.674317 0.147638 0.191635 0.00134258
0 0.0871797 0.902753 0.174359 0.194495 0.00130236
1 0.947958 0.73134 0.104084 0.424852 0.00129888
0 0.49337 0.365621 0.0674182 0.0528088 0.00129325
0 0.650975 0.358499 0.0688364 0.0531252 0.00128915
1 0.487763 0.44884 0.494338 0.176487 0.00128
0 0.926631 0.641908 0.146738 0.118858 0.00126498
0 0.474236 0.345741 0.175438 0.0626246 0.00126441
0 0.737196 0.314454 0.220734 0.142616 0.00124205
0 0.642278 0.989109 0.448224 0.0217818 0.00123535
0 0.116075 0.986244 0.232149 0.026992 0.00122044
0 0.104487 0.933032 0.208974 0.133131 0.00121772
0 0.0486333 0.125564 0.0608337 0.0450233 0.0012163
0 0.070118 0.995527 0.140236 0.00894547 0.00121141
0 0.52623 0.412909 0.359626 0.160861 0.00120989
0 0.7305 0.984831 0.495544 0.0303385 0.00120212
0 0.554175 0.621118 0.0837038 0.060153 0.00119814
0 0.096331 0.971521 0.192662 0.0568951 0.00119678
0 0.149556 0.0982671 0.299113 0.109564 0.00116149
0 0.265695 0.985094 0.480699 0.0298125 0.00115992
0 0.673444 0.36358 0.0720144 0.054409 0.00115638
0 0.580677 0.631598 0.167599 0.0440974 0.00115458
2 0.957671 0.516348 0.0846455 0.380183 0.0011442
0 0.569743 0.98767 0.485418 0.0246609 0.00114074
0 0.016503 0.13357 0.0329267 0.0578225 0.00113748
0 0.575341 0.365237 0.246835 0.0646513 0.00113678
0 0.0657841 0.859513 0.131568 0.280975 0.00113617
1 0.741434 0.367737 0.234943 0.0831435 0.00111423
1 0.452091 0.490016 0.327572 0.22862 0.00111368
0 0.230049 0.948177 0.460098 0.101464 0.00111317
0 0.240327 0.913308 0.0969554 0.0322876 0.00111009
0 0.18928 0.946969 0.214146 0.0979555 0.00110806
0 0.433554 0.376586 0.158022 0.117857 0.00110492
0 0.411037 0.452908 0.0617543 0.0476379 0.00110195
0 0.113544 0.048128 0.227089 0.0962559 0.00109893
0 0.439387 0.424195 0.248867 0.190089 0.00109124
0 0.52841 0.624426 0.139485 0.0579414 0.00108838
0 0.724729 0.294239 0.190359 0.0928458 0.00108641
0 0.0237011 0.843916 0.0474022 0.312167 0.00108376
0 0.217599 0.941278 0.313728 0.0996804 0.00107432
0 0.202658 0.910285 0.134457 0.0375357 0.00106774
0 0.0879558 0.92853 0.175912 0.142939 0.00106435
1 0.151942 0.108458 0.303883 0.114681 0.00106116
0 0.774913 0.981052 0.450175 0.0378969 0.001052
0 0.366092 0.985323 0.486559 0.0293548 0.0010433
1 0.0616603 0.215149 0.123321 0.430299 0.0010402
0 0.136459 0.0702572 0.272918 0.140446 0.0010365
0 0.0246453 0.272157 0.0492906 0.397381 0.00103239
0 0.554947 0.349712 0.342223 0.0673454 0.0010307
0 0.01831 0.830563 0.0366199 0.338875 0.00103034
0 0.496226 0.358699 0.0606967 0.03849 0.00101992
0 0.283196 0.995407 0.144167 0.00918542 0.00101852
0 0.831462 0.0292433 0.231935 0.0581055 0.00101776
0 0.464411 0.985824 0.472727 0.0283528 0.00101438
2 0.460093 0.515409 0.473927 0.193877 0.00101291
0 0.0312458 0.123537 0.0622189 0.141471 0.0010129
0 0.861844 0.0385845 0.247416 0.076873 0.0010085
0 0.770603 0.377803 0.258089 0.107255 0.00100346
1 0.106798 0.199783 0.213595 0.253764 0.0009982
1 0.923852 0.72636 0.152295 0.301982 0.000995221
0 0.031938 0.0810108 0.0638759 0.0508922 0.000994249
1 0.132777 0.160228 0.265554 0.197224 0.000988653
0 0.928703 0.591048 0.14196 0.210847 0.000987992
0 0.558549 0.644539 0.0749107 0.0514844 0.00097908
0 0.647095 0.650379 0.316243 0.0938501 0.000976899
1 0.902205 0.0446656 0.195517 0.0884878 0.000975238
1 0.577292 0.41394 0.281803 0.153478 0.000974397
2 0.944048 0.104331 0.111904 0.208662 0.000973581
0 0.114815 0.0275902 0.229631 0.0544835 0.000971007
0 0.759636 0.355151 0.257935 0.0755531 0.000970216
0 0.271918 0.932245 0.388036 0.130104 0.000967068
0 0.659206 0.0417149 0.432726 0.0829492 0.000959015
2 0.905424 0.0468308 0.189151 0.0936616 0.000957427
1 0.747243 0.414384 0.278375 0.180179 0.000951794
0 0.75073 0.0375613 0.423301 0.0746324 0.000950346
0 0.643997 0.631694 0.313892 0.0776048 0.00094666
0 0.0330031 0.301065 0.0660061 0.393479 0.000945699
0 0.417959 0.0118865 0.214648 0.0237729 0.000945006
0 0.635555 0.26722 0.0915514 0.0634863 0.000944071
0 0.778105 0.0301006 0.360044 0.0597552 0.000942674
2 0.58086 0.460182 0.404252 0.164758 0.000942407
0 0.0242152 0.756103 0.0484304 0.310302 0.000941446
0 0.637038 0.0305221 0.378943 0.0605358 0.000937562
0 0.230089 0.889678 0.100733 0.0700546 0.000936418
2 0.596074 0.410765 0.335873 0.151975 0.000935784
0 0.547229 0.0189172 0.332004 0.0374129 0.000934882
2 0.106473 0.237253 0.210783 0.257756 0.000928767
2 0.944277 0.750451 0.111445 0.431494 0.000927918
0 0.2898 0.917549 0.26825 0.0847754 0.000926533
