2 0.441401 0.503392 0.508105 0.788863 0.933355
2 0.518408 0.518768 0.352382 0.721311 0.0458852
1 0.0288738 0.602747 0.0577476 0.627864 0.0164393
1 0.0823159 0.578975 0.164525 0.744272 0.0115531
1 0.0221401 0.514471 0.043705 0.632419 0.0115284
1 0.0351072 0.720403 0.0697279 0.503925 0.011477
2 0.584349 0.517866 0.359691 0.663128 0.0105158
2 0.661403 0.514502 0.30121 0.692902 0.0101899
1 0.0982877 0.680721 0.195371 0.604975 0.00806024
2 0.759562 0.52547 0.39152 0.739 0.00772067
2 0.862505 0.51084 0.269694 0.777361 0.00765218
2 0.415327 0.395089 0.540358 0.62016 0.00746901
2 0.912754 0.509832 0.167459 0.792593 0.00733776
1 0.192687 0.513951 0.385375 0.853665 0.00653322
1 0.0249016 0.33174 0.0484826 0.527436 0.00627975
2 0.348413 0.344689 0.645562 0.541946 0.00625391
1 0.118501 0.567488 0.237002 0.790989 0.00604952
2 0.647796 0.516863 0.363839 0.835391 0.00574187
1 0.355845 0.493966 0.711689 0.857795 0.00571315
1 0.145048 0.672361 0.289812 0.632447 0.00529019
2 0.368166 0.232098 0.72415 0.464195 0.00524136
1 0.0284287 0.263151 0.0555386 0.497284 0.00519241
1 0.936741 0.513541 0.125343 0.718462 0.00505309
2 0.346883 0.168071 0.685622 0.336143 0.00503705
1 0.0852332 0.424092 0.165244 0.765142 0.00494672
1 0.066725 0.810951 0.131508 0.378098 0.00459821
2 0.386124 0.683621 0.502212 0.570315 0.00454218
2 0.297366 0.682661 0.586983 0.600982 0.00433902
2 0.908523 0.327857 0.172034 0.609461 0.00416329
2 0.43443 0.274046 0.565094 0.532204 0.00414314
1 0.104265 0.283247 0.202616 0.55274 0.00410619
2 0.0335766 0.185221 0.0657304 0.370442 0.00401683
1 0.951289 0.509682 0.0957981 0.654845 0.00398408
2 0.607159 0.152518 0.51643 0.302462 0.00398128
2 0.271702 0.137516 0.538986 0.275032 0.00393687
2 0.930334 0.360045 0.137562 0.523659 0.0039052
2 0.857074 0.224919 0.271274 0.443474 0.00387883
2 0.769349 0.222645 0.448408 0.445291 0.00380484
2 0.766937 0.156748 0.434559 0.310007 0.00379825
2 0.724217 0.489002 0.49873 0.859174 0.00377815
0 0.4292 0.493685 0.584877 0.773896 0.00376028
2 0.583157 0.23034 0.571291 0.460681 0.00375568
2 0.428488 0.67024 0.494133 0.449884 0.00374775
2 0.619386 0.480895 0.492135 0.838147 0.00374678
1 0.361927 0.353831 0.723855 0.707662 0.00373697
2 0.829955 0.160872 0.326251 0.320866 0.00372154
2 0.852996 0.379552 0.281807 0.717276 0.00368692
2 0.497735 0.728046 0.718117 0.428329 0.00367466
2 0.111261 0.12198 0.222522 0.24396 0.0036686
2 0.180158 0.136627 0.360316 0.273254 0.00365634
1 0.921642 0.266819 0.155289 0.466698 0.00364858
2 0.585237 0.748836 0.601276 0.388996 0.00361979
1 0.937917 0.632938 0.12212 0.572344 0.00357541
1 0.0740627 0.90979 0.148125 0.18042 0.00354049
2 0.0560607 0.153012 0.112121 0.306023 0.00351596
0 0.143658 0.777653 0.284068 0.429751 0.00349238
2 0.576294 0.83032 0.560511 0.2538 0.00347285
0 0.341712 0.641934 0.314598 0.577165 0.00347199
0 0.389035 0.672473 0.583751 0.573441 0.00347016
2 0.701231 0.111432 0.380783 0.222864 0.00345175
2 0.517538 0.340583 0.558868 0.625005 0.00342826
2 0.953708 0.628484 0.0911228 0.550394 0.00339588
2 0.919997 0.165161 0.160006 0.32551 0.00338712
2 0.498172 0.62371 0.706753 0.630486 0.00331116
1 0.884318 0.205021 0.229357 0.399765 0.0032972
2 0.547044 0.452433 0.445443 0.73851 0.00323687
2 0.932703 0.209208 0.134196 0.40427 0.00322579
2 0.350405 0.509668 0.693619 0.862129 0.00320983
2 0.405092 0.137414 0.592745 0.274828 0.00320339
2 0.939256 0.976255 0.121489 0.0474908 0.00318712
2 0.791138 0.119172 0.389482 0.238343 0.00318398
0 0.0282472 0.955046 0.0562725 0.0892954 0.00318167
2 0.127508 0.191743 0.250744 0.383486 0.0031426
0 0.159659 0.156504 0.319317 0.313008 0.00313252
0 0.217292 0.771137 0.42648 0.41234 0.00310303
2 0.83432 0.651019 0.317459 0.598916 0.00309975
2 0.675699 0.824527 0.437257 0.27174 0.00309118
2 0.750153 0.617068 0.476478 0.670471 0.00308167
2 0.537187 0.970655 0.370048 0.0586904 0.00305795
2 0.168218 0.973058 0.325524 0.0538841 0.00305575
0 0.448617 0.37959 0.595799 0.535617 0.0030556
2 0.13859 0.951152 0.275146 0.0976963 0.003053
0 0.425552 0.714834 0.521217 0.416193 0.00305015
2 0.5176 0.500326 0.665431 0.922731 0.00304963
2 0.198248 0.979239 0.378907 0.0415222 0.00303214
2 0.444808 0.73946 0.517649 0.344484 0.0030303
2 0.899693 0.120289 0.200613 0.240579 0.00302928
2 0.718412 0.978473 0.39456 0.0430541 0.00302391
2 0.862308 0.113721 0.275384 0.227442 0.00301823
2 0.82619 0.983407 0.281223 0.0331868 0.00300793
2 0.519184 0.130548 0.527107 0.261096 0.00299654
2 0.341274 0.284763 0.187946 0.330781 0.00298837
2 0.778243 0.981223 0.340249 0.0375531 0.00295781
2 0.661847 0.97597 0.441053 0.0480599 0.00292173
2 0.901202 0.983568 0.197596 0.0328634 0.00273399
0 0.953888 0.733658 0.092224 0.431232 0.00273001
2 0.935626 0.681667 0.126606 0.500458 0.0027088
0 0.307601 0.792223 0.540556 0.350292 0.00269937
2 0.464696 0.813665 0.475742 0.284575 0.00269621
0 0.364781 0.388418 0.721854 0.754731 0.00269289
0 0.430176 0.764368 0.496948 0.279809 0.00269016
2 0.459527 0.976819 0.438943 0.0463619 0.00268161
0 0.944876 0.864961 0.110248 0.226447 0.00268077
2 0.713063 0.746451 0.524165 0.392034 0.00262313
2 0.776545 0.862191 0.402841 0.208509 0.00256958
0 0.942563 0.386661 0.0226872 0.0511425 0.00250383
0 0.282165 0.980905 0.444322 0.0381909 0.00244541
0 0.446516 0.97921 0.414012 0.04158 0.00242736
0 0.397017 0.825869 0.505029 0.266764 0.00240465
0 0.374335 0.980411 0.399491 0.0391772 0.00235067
2 0.83074 0.883664 0.33111 0.166259 0.00228674
0 0.893975 0.885715 0.202241 0.169577 0.00225825
0 0.929604 0.728905 0.138839 0.437759 0.0021513
0 0.881895 0.773205 0.233881 0.356391 0.00206005
1 0.351902 0.277976 0.188334 0.31114 0.00193055
2 0.309317 0.278928 0.114598 0.33 0.00190148
2 0.814995 0.751396 0.356158 0.395212 0.00187137
0 0.310785 0.396633 0.194664 0.681648 0.00182939
2 0.047521 0.104853 0.0950402 0.209706 0.00177452
0 0.0151812 0.339416 0.0303624 0.536523 0.00172382
0 0.0431209 0.642095 0.0862417 0.544297 0.00169451
0 0.0189714 0.383541 0.0379428 0.501631 0.00164051
0 0.0342375 0.591303 0.068475 0.629798 0.00162948
0 0.621441 0.0726071 0.127953 0.145214 0.00161467
1 0.544228 0.679401 0.305157 0.322343 0.00154148
0 0.278875 0.400614 0.166372 0.684488 0.00153511
2 0.328376 0.231378 0.174533 0.230669 0.00152746
0 0.0235768 0.426475 0.0471536 0.471556 0.00150439
0 0.290307 0.406285 0.109238 0.653063 0.00146966
2 0.627096 0.0726568 0.139818 0.145314 0.00146252
2 0.0555852 0.0800168 0.110248 0.160034 0.00145383
0 0.0198775 0.561869 0.0397551 0.638185 0.00144673
2 0.562364 0.34656 0.184765 0.262864 0.001432
0 0.0279359 0.723116 0.0558718 0.553769 0.00142931
0 0.943813 0.392183 0.0274668 0.0637325 0.00142644
1 0.0547897 0.657972 0.108593 0.481572 0.0014212
0 0.583723 0.341672 0.138758 0.253921 0.00138958
2 0.368812 0.256057 0.184636 0.27254 0.00138786
1 0.330011 0.261703 0.273458 0.295893 0.00138562
1 0.294604 0.329431 0.090143 0.438953 0.00135112
1 0.299686 0.287358 0.146319 0.353409 0.00134619
0 0.0251772 0.244625 0.0503543 0.489251 0.00133929
0 0.0497831 0.196158 0.0995661 0.392316 0.00133511
0 0.0151856 0.271679 0.0303712 0.543359 0.0013086
0 0.241359 0.585241 0.104422 0.249079 0.00130296
1 0.293591 0.404168 0.147238 0.620858 0.00129067
0 0.451748 0.487177 0.416599 0.590599 0.00127853
0 0.055164 0.832159 0.110328 0.335682 0.00127665
1 0.592304 0.463931 0.2478 0.502068 0.00127192
0 0.932835 0.290994 0.133587 0.262639 0.00126726
1 0.553386 0.365438 0.317968 0.296274 0.00126556
1 0.958823 0.079897 0.0800234 0.15895 0.00126482
1 0.640424 0.370753 0.282194 0.299306 0.00126182
0 0.0137536 0.508426 0.0275071 0.580918 0.00126085
0 0.0539272 0.775711 0.107854 0.448578 0.00125449
2 0.957855 0.0959891 0.0837936 0.184857 0.0012534
1 0.626398 0.496947 0.181508 0.618754 0.00124444
0 0.0500847 0.349167 0.0998018 0.461553 0.00124337
2 0.0521905 0.859499 0.104381 0.266953 0.00123665
1 0.0610558 0.85569 0.121388 0.273877 0.00122198
2 0.611215 0.0507012 0.135107 0.101402 0.00121409
2 0.448638 0.895565 0.406307 0.20887 0.00120415
2 0.951404 0.12398 0.0971918 0.246539 0.00120357
1 0.653556 0.450901 0.226988 0.486691 0.00118303
0 0.386446 0.245553 0.152766 0.252637 0.00117341
1 0.0600254 0.420637 0.119711 0.327649 0.00115831
2 0.535357 0.38157 0.242966 0.337857 0.00115624
0 0.297703 0.519659 0.221148 0.45416 0.00114775
2 0.665262 0.487531 0.206342 0.636344 0.00113977
0 0.273147 0.361161 0.106172 0.523875 0.00113558
2 0.413043 0.517769 0.42924 0.595892 0.00112732
1 0.054053 0.202528 0.107006 0.405056 0.00112344
2 0.439162 0.858857 0.456247 0.26572 0.00112187
1 0.58941 0.66523 0.206184 0.250306 0.00111553
2 0.964896 0.731132 0.0696634 0.537735 0.00111207
2 0.242792 0.63389 0.12797 0.358518 0.00109965
2 0.36695 0.322008 0.205849 0.392324 0.00109403
0 0.618116 0.655575 0.149921 0.276067 0.00108333
2 0.319943 0.700854 0.270793 0.38117 0.00108261
0 0.0327836 0.969599 0.0439354 0.0552335 0.00108028
0 0.90169 0.290091 0.196619 0.256229 0.00107435
1 0.946811 0.108188 0.106297 0.212557 0.0010733
0 0.421373 0.43255 0.337563 0.574083 0.00106647
1 0.339474 0.32 0.178632 0.387431 0.00106499
2 0.592804 0.465502 0.207266 0.513915 0.00106082
2 0.495784 0.603419 0.37577 0.524585 0.00105902
1 0.298372 0.682372 0.229249 0.438097 0.00105536
2 0.403123 0.256567 0.273961 0.275196 0.00104571
2 0.727007 0.0857162 0.229818 0.166546 0.00104541
0 0.38925 0.193897 0.171981 0.169469 0.00104492
0 0.0244065 0.0990834 0.048813 0.198167 0.00104072
0 0.274825 0.487689 0.17446 0.451472 0.00103472
2 0.874207 0.995722 0.251586 0.00855664 0.00103358
2 0.9557 0.311347 0.0886006 0.595197 0.00103043
2 0.0794851 0.434624 0.15897 0.274988 0.00102755
0 0.0376908 0.9168 0.0740182 0.158238 0.0010269
1 0.323486 0.402504 0.177358 0.58237 0.00102599
2 0.967507 0.636394 0.0644493 0.656173 0.00102476
1 0.522824 0.736033 0.351385 0.118624 0.00102248
1 0.466538 0.601721 0.422019 0.540515 0.00102083
0 0.304773 0.729179 0.243991 0.333218 0.00101682
2 0.565412 0.553317 0.250514 0.498657 0.0010156
0 0.850234 0.0626565 0.119632 0.123894 0.00101039
2 0.967287 0.792662 0.0648682 0.414675 0.00101007
1 0.0501155 0.739038 0.0997716 0.521924 0.00100957
2 0.0901479 0.672959 0.180296 0.367977 0.00100207
0 0.594045 0.270603 0.120687 0.155261 0.00100153
0 0.940421 0.38018 0.110113 0.428391 0.000994273
1 0.0517638 0.0916024 0.103528 0.183205 0.000991797
2 0.527831 0.818631 0.369308 0.18298 0.000989624
2 0.522629 0.899216 0.400233 0.173366 0.000989064
2 0.953379 0.201976 0.0932428 0.403952 0.000984903
2 0.843489 0.999092 0.313022 0.00181549 0.000984363
1 0.951115 0.222907 0.0973355 0.445813 0.000981365
2 0.384669 0.897638 0.434749 0.173552 0.000975374
0 0.0543842 0.545509 0.107813 0.582373 0.000973611
2 0.0732516 0.864971 0.146503 0.254402 0.000970788
2 0.960615 0.242018 0.0787696 0.484035 0.000968982
0 0.339961 0.222327 0.126568 0.211475 0.000968801
2 0.533054 0.892537 0.445699 0.214926 0.000968313
0 0.428958 0.20027 0.280081 0.200879 0.000967134
0 0.597436 0.50072 0.178243 0.594682 0.000966235
2 0.188351 0.0455455 0.0891442 0.0910911 0.000962855
2 0.327256 0.875292 0.275408 0.246987 0.000961437
0 0.360712 0.203088 0.144541 0.174443 0.000961332
0 0.575017 0.352285 0.314893 0.274126 0.000961101
1 0.0565504 0.503013 0.111864 0.498559 0.000961041
1 0.512577 0.67684 0.358744 0.222893 0.000958521
1 0.62065 0.614615 0.153198 0.367959 0.000952614
2 0.537627 0.776123 0.386684 0.151044 0.000949064
0 0.668732 0.643636 0.20437 0.309392 0.000948876
2 0.963579 0.422852 0.0726521 0.664589 0.000948344
1 0.0712548 0.080264 0.14251 0.160528 0.000948162
0 0.409003 0.140825 0.221414 0.165282 0.000941127
2 0.282167 0.998914 0.357296 0.00217279 0.000939567
0 0.452611 0.387616 0.368066 0.46444 0.000938027
2 0.0241726 0.96243 0.0483452 0.0751405 0.000936077
0 0.941991 0.392714 0.0323509 0.0777556 0.00093511
1 0.965611 0.532279 0.0684132 0.752078 0.000935103
1 0.30603 0.739405 0.245709 0.317481 0.000934901
0 0.401855 0.60705 0.428717 0.561962 0.000932705
2 0.460463 0.0968331 0.26059 0.187859 0.000931786
2 0.650783 0.0764502 0.214296 0.152428 0.000931714
2 0.106334 0.17254 0.212667 0.277333 0.000929499
2 0.165048 0.0822608 0.240702 0.164522 0.000927467
1 0.880188 0.0767797 0.208923 0.153195 0.000926928
2 0.703263 0.478989 0.264697 0.56829 0.000923512
2 0.478186 0.378154 0.405656 0.372078 0.00092289
1 0.927391 0.089626 0.144236 0.179252 0.000922858
2 0.937891 0.0934991 0.121836 0.182288 0.000922033
2 0.123394 0.888518 0.246787 0.214654 0.000920841
2 0.436852 0.814376 0.42366 0.184109 0.000918583
0 0.618668 0.662767 0.295722 0.264864 0.00091793
0 0.40506 0.850536 0.279029 0.148029 0.000916832
0 0.0541403 0.251567 0.107676 0.503135 0.000916699
1 0.301438 0.600979 0.234818 0.311517 0.000916339
2 0.591756 0.903438 0.41858 0.160234 0.000914825
2 0.640989 0.0695613 0.178924 0.139123 0.000913881
1 0.253871 0.630172 0.136197 0.351646 0.00091353
0 0.367742 0.671243 0.432778 0.429696 0.000913138
1 0.509396 0.641965 0.361251 0.425842 0.000911899
0 0.408863 0.241925 0.24155 0.250654 0.000910878
0 0.0894887 0.389895 0.178977 0.324999 0.000910568
0 0.783469 0.065183 0.134595 0.12888 0.000906359
1 0.861048 0.065795 0.128591 0.130417 0.000906073
1 0.963069 0.692398 0.0737194 0.615204 0.000905644
2 0.885417 0.0969282 0.226856 0.189568 0.000904796
2 0.643333 0.60837 0.17707 0.383534 0.000904322
0 0.704037 0.637536 0.229173 0.322298 0.000902705
2 0.70061 0.103445 0.287164 0.20465 0.000902271
2 0.459476 0.998891 0.367394 0.00221832 0.000901135
1 0.499366 0.698746 0.398039 0.303415 0.00090028
0 0.574906 0.889766 0.370622 0.220467 0.000897897
0 0.953784 0.423015 0.0921278 0.555859 0.000897019
2 0.57563 0.796726 0.44338 0.188051 0.000896229
1 0.407373 0.555663 0.429793 0.607379 0.000895844
0 0.106159 0.860929 0.212317 0.267287 0.000895769
2 0.582829 0.0657583 0.321039 0.131517 0.000894702
2 0.777802 0.998999 0.358424 0.00200153 0.000893937
2 0.490543 0.311162 0.425831 0.31313 0.000893749
2 0.0358896 0.981464 0.0717793 0.0370721 0.000892715
2 0.391958 0.865214 0.367012 0.190563 0.000891389
0 0.887535 0.389403 0.224931 0.238794 0.00088721
0 0.252414 0.622327 0.131578 0.277406 0.000885345
2 0.14282 0.903524 0.224684 0.172836 0.000885176
0 0.58351 0.787836 0.415066 0.2391 0.000884227
2 0.5745 0.998879 0.381501 0.00224146 0.000882791
2 0.33039 0.0727345 0.172961 0.141524 0.000882623
0 0.493019 0.197203 0.40102 0.238251 0.000881431
1 0.693515 0.382685 0.325007 0.317106 0.000879936
2 0.157392 0.998607 0.314783 0.00278589 0.000877853
0 0.596315 0.842758 0.414829 0.216671 0.000877757
0 0.386044 0.157679 0.183819 0.152084 0.000875773
2 0.381294 0.998649 0.399423 0.00270294 0.000873528
0 0.68212 0.0833754 0.279376 0.163363 0.000873446
2 0.415886 0.318248 0.301927 0.381707 0.000871571
0 0.938346 0.252683 0.122776 0.404175 0.000867047
0 0.616195 0.324496 0.182216 0.242836 0.000866847
2 0.855504 0.0162228 0.288991 0.0324457 0.000866815
2 0.95946 0.864879 0.0810805 0.268789 0.00086639
