1 0.74064 0.734015 0.333765 0.305471 0.951803
1 0.332513 0.274632 0.279 0.196287 0.886513
1 0.740386 0.79042 0.332581 0.419159 0.101576
1 0.673357 0.7592 0.458231 0.362236 0.0849401
1 0.517703 0.314191 0.665784 0.295779 0.0746353
1 0.562874 0.462825 0.767914 0.826794 0.0695473
1 0.334772 0.360467 0.287633 0.378201 0.0487863
1 0.487731 0.267274 0.604887 0.200842 0.0437698
1 0.503832 0.785028 0.853987 0.424015 0.0393852
1 0.502258 0.357751 0.629537 0.431826 0.0306469
1 0.536099 0.709472 0.738249 0.446485 0.0298953
1 0.743285 0.782306 0.332903 0.211667 0.0287357
2 0.329961 0.271343 0.269297 0.191649 0.0235554
1 0.365781 0.290298 0.225695 0.150312 0.0156324
1 0.343915 0.31797 0.556542 0.297187 0.0155539
1 0.490187 0.663883 0.850292 0.604781 0.014342
1 0.382363 0.304161 0.187239 0.112601 0.0138206
1 0.266815 0.268488 0.46031 0.209342 0.0134375
1 0.514469 0.275226 0.659042 0.468863 0.0126281
1 0.278225 0.370186 0.432121 0.409868 0.0124614
1 0.355351 0.307431 0.245878 0.0965736 0.0112019
1 0.656423 0.681301 0.494462 0.454474 0.00988237
1 0.471012 0.227788 0.589635 0.31334 0.00978366
1 0.581302 0.974708 0.683345 0.0505829 0.00921257
1 0.31223 0.189407 0.330471 0.363005 0.0088227
1 0.67839 0.96852 0.468846 0.0626411 0.00867638
1 0.749129 0.67501 0.334727 0.431047 0.00858575
1 0.411352 0.265952 0.414597 0.181943 0.00835653
1 0.732112 0.945834 0.36044 0.108332 0.00797519
1 0.706791 0.805421 0.40302 0.162688 0.00759003
1 0.379709 0.189184 0.46839 0.37166 0.00728993
1 0.436768 0.52345 0.553737 0.822984 0.00658569
1 0.603005 0.365771 0.753599 0.573276 0.00648836
1 0.456582 0.976143 0.695206 0.0477145 0.00646172
1 0.74018 0.880029 0.340196 0.239943 0.00635985
1 0.5024 0.934327 0.804631 0.128886 0.00630122
0 0.297703 0.746298 0.0577907 0.0258888 0.00621147
1 0.777 0.834079 0.420022 0.323383 0.00608173
1 0.432131 0.188331 0.678629 0.375445 0.00594173
1 0.723661 0.821346 0.481556 0.187733 0.0058614
1 0.762833 0.911851 0.379879 0.176298 0.00532921
1 0.781936 0.763744 0.436127 0.393136 0.0051656
1 0.374923 0.324539 0.337943 0.113001 0.00509093
1 0.369266 0.267227 0.18483 0.182209 0.00488468
1 0.344337 0.52007 0.393969 0.78813 0.0046693
1 0.686707 0.793836 0.219716 0.194502 0.00441221
1 0.37986 0.102277 0.63271 0.203234 0.00438439
1 0.751968 0.717043 0.300378 0.22341 0.00415382
1 0.468303 0.739982 0.936607 0.502556 0.00410537
0 0.309357 0.744409 0.031617 0.019767 0.00395446
1 0.191912 0.436189 0.363832 0.558151 0.00391615
2 0.355218 0.0653642 0.563206 0.130728 0.00379571
1 0.289843 0.974739 0.538124 0.0505221 0.00373408
1 0.24618 0.280091 0.491252 0.335353 0.0036505
1 0.298754 0.279117 0.213343 0.180832 0.00357956
2 0.738607 0.413291 0.481416 0.500746 0.00350201
1 0.698534 0.746439 0.244641 0.293647 0.00343419
2 0.461661 0.0750564 0.609647 0.150113 0.00341232
1 0.259133 0.518471 0.435766 0.73676 0.00339705
2 0.0692555 0.689398 0.138511 0.348165 0.0033552
0 0.227931 0.972486 0.43065 0.054685 0.00331924
1 0.816622 0.679172 0.366757 0.389931 0.00331794
1 0.391907 0.300831 0.46931 0.128956 0.00323634
1 0.81649 0.942991 0.36702 0.114017 0.00321826
2 0.0767244 0.731829 0.153449 0.342201 0.00319384
1 0.694475 0.618071 0.527812 0.490843 0.00317686
2 0.762516 0.345669 0.443786 0.493628 0.0031713
2 0.458664 0.115982 0.777719 0.23064 0.00312654
2 0.103033 0.613685 0.206066 0.369028 0.00310878
2 0.0960498 0.794345 0.1921 0.357491 0.00309506
1 0.283823 0.224511 0.567646 0.360341 0.00309491
0 0.736275 0.0926306 0.483198 0.185261 0.00308583
1 0.353975 0.348321 0.253448 0.165801 0.00304658
2 0.0990182 0.448032 0.198036 0.338226 0.00302682
0 0.115835 0.390131 0.23167 0.36112 0.00302409
0 0.146556 0.962197 0.293112 0.0756062 0.00302287
0 0.878453 0.0821977 0.243094 0.164395 0.00300744
0 0.855917 0.0755136 0.288165 0.151027 0.00299916
1 0.724811 0.864565 0.441523 0.249132 0.00299342
2 0.113283 0.5574 0.226566 0.364551 0.0029793
0 0.624357 0.0884062 0.585451 0.176797 0.0029622
0 0.198171 0.0661234 0.396343 0.132247 0.0029608
0 0.0253937 0.98844 0.0447168 0.0221558 0.00294011
2 0.697009 0.479886 0.553957 0.563825 0.00292192
0 0.713387 0.119244 0.535653 0.236527 0.00289952
2 0.138139 0.0722378 0.276278 0.144476 0.00286473
1 0.859822 0.639728 0.280356 0.38411 0.00285675
0 0.813851 0.119329 0.359439 0.236741 0.00285429
0 0.173333 0.969464 0.346665 0.0597393 0.00282769
0 0.280297 0.0688142 0.53636 0.137628 0.00281874
0 0.890945 0.120548 0.218109 0.235349 0.00279941
0 0.0794108 0.243811 0.158822 0.296333 0.00278864
2 0.16755 0.742495 0.300037 0.484481 0.00278106
0 0.0876557 0.292866 0.175311 0.295902 0.00277894
0 0.142617 0.488636 0.274 0.645737 0.00277516
0 0.0872414 0.191474 0.174483 0.308167 0.00274397
0 0.902241 0.157465 0.195519 0.288428 0.00272327
2 0.106208 0.140349 0.212416 0.255949 0.00271946
2 0.69735 0.160602 0.55606 0.320841 0.00271717
0 0.140387 0.698353 0.280774 0.527865 0.00269971
1 0.852857 0.604401 0.243086 0.429787 0.00268319
0 0.0498977 0.989581 0.0936013 0.0206421 0.00266159
0 0.13244 0.104658 0.26488 0.209316 0.00265342
0 0.157324 0.898944 0.314648 0.198996 0.00265215
0 0.780758 0.303419 0.42006 0.540781 0.00263996
0 0.839508 0.15678 0.297312 0.311654 0.00262608
0 0.862574 0.107978 0.271862 0.213627 0.00262346
2 0.800468 0.387587 0.378572 0.317846 0.00258653
0 0.88085 0.342331 0.2383 0.3629 0.00258547
0 0.398543 0.938312 0.73324 0.120336 0.00255216
0 0.193149 0.143175 0.386297 0.286349 0.00254628
0 0.905964 0.225461 0.188072 0.349202 0.00254323
1 0.729017 0.816006 0.300392 0.145821 0.00253534
0 0.28014 0.112239 0.550382 0.22029 0.00252702
0 0.122348 0.587718 0.241802 0.538071 0.00251908
0 0.856192 0.42148 0.287617 0.346178 0.00249555
0 0.8922 0.290036 0.2156 0.358586 0.00249229
2 0.137367 0.849071 0.274734 0.290796 0.00248617
1 0.670756 0.242898 0.614617 0.473318 0.00247935
0 0.890227 0.588846 0.219545 0.35603 0.00247923
0 0.806901 0.352939 0.373801 0.316862 0.00246445
0 0.172012 0.754929 0.344025 0.432385 0.00245918
0 0.0218904 0.99011 0.0364429 0.01978 0.00245451
1 0.386858 0.223981 0.148301 0.0983187 0.00244841
2 0.173351 0.802845 0.346702 0.376506 0.00241076
2 0.860461 0.471797 0.279079 0.357529 0.00240652
0 0.181666 0.579456 0.32235 0.731966 0.00239964
2 0.875801 0.530571 0.248399 0.354555 0.00239455
2 0.813427 0.438612 0.346131 0.334422 0.00236594
1 0.391701 0.380706 0.39369 0.241568 0.00236094
0 0.831901 0.227816 0.317748 0.440292 0.00235943
0 0.453809 0.578622 0.865334 0.816452 0.00234406
0 0.203217 0.71179 0.406434 0.539545 0.00229729
0 0.247944 0.899051 0.461907 0.198016 0.00224349
0 0.0228513 0.990536 0.0457025 0.0189203 0.00224184
1 0.689409 0.839001 0.230284 0.105889 0.00223106
1 0.659151 0.819014 0.174318 0.147114 0.0022265
2 0.833771 0.522567 0.29763 0.401867 0.00221116
0 0.186309 0.817856 0.372618 0.349984 0.0022015
0 0.185339 0.877346 0.370678 0.241324 0.00215214
0 0.350428 0.665561 0.67106 0.636755 0.00209741
1 0.393594 0.343405 0.484748 0.189644 0.00208333
0 0.41048 0.263561 0.355429 0.18469 0.00203458
0 0.146176 0.839487 0.292351 0.315766 0.00198499
0 0.194091 0.987823 0.388182 0.0243545 0.00191201
0 0.431455 0.842176 0.862911 0.313178 0.00187231
1 0.702593 0.670007 0.224636 0.168212 0.00176144
1 0.732314 0.797312 0.535372 0.201224 0.00174897
0 0.782826 0.649415 0.246836 0.126473 0.00165534
0 0.0361414 0.990455 0.0646367 0.0190904 0.00156206
0 0.769428 0.709508 0.271817 0.234708 0.00151346
1 0.207487 0.280908 0.412633 0.183703 0.00148509
0 0.29702 0.278933 0.203913 0.182342 0.00146951
1 0.13467 0.987673 0.26934 0.0242664 0.00146131
0 0.220009 0.0276295 0.32964 0.0548387 0.00145675
0 0.727561 0.743757 0.360813 0.160682 0.00145652
1 0.328812 0.312346 0.314131 0.118324 0.00145057
1 0.82429 0.793809 0.350248 0.313319 0.00142936
1 0.734436 0.752867 0.341115 0.119214 0.00141334
2 0.388826 0.223674 0.143016 0.102364 0.00138727
1 0.36106 0.395977 0.274438 0.296671 0.00138384
1 0.685771 0.862816 0.226811 0.135247 0.00136548
1 0.72851 0.865337 0.341051 0.163097 0.00136351
0 0.219262 0.0266409 0.229575 0.0529724 0.00136175
1 0.612953 0.810224 0.469183 0.172236 0.00134774
0 0.724446 0.626893 0.15695 0.0896619 0.00131179
1 0.244532 0.346806 0.353122 0.281345 0.00131141
1 0.430933 0.321793 0.0836299 0.0495703 0.00129984
0 0.678723 0.756219 0.450112 0.135725 0.00129072
0 0.370831 0.225083 0.184141 0.0982717 0.00128234
2 0.723664 0.685511 0.29112 0.196647 0.00126981
0 0.0635151 0.987648 0.11304 0.0241879 0.00125997
0 0.687732 0.793627 0.482672 0.191358 0.00124968
2 0.821365 0.854571 0.352063 0.290859 0.00124077
1 0.463002 0.286416 0.57952 0.150982 0.00123289
1 0.232888 0.0295543 0.237499 0.0570926 0.00122784
0 0.282583 0.98502 0.539546 0.0299603 0.0012157
1 0.239148 0.0320207 0.38394 0.0624841 0.00121389
0 0.433881 0.321761 0.0757662 0.048947 0.00120347
0 0.316013 0.255991 0.244619 0.170365 0.0012025
0 0.652459 0.665127 0.460541 0.16995 0.00119051
1 0.266982 0.335323 0.318115 0.218135 0.00118875
1 0.23668 0.304954 0.448267 0.205721 0.00118426
1 0.867244 0.827254 0.263435 0.330404 0.00115662
0 0.0354946 0.0361106 0.0709893 0.0716954 0.00115321
1 0.630243 0.847909 0.307371 0.17551 0.00113229
2 0.42875 0.318395 0.0865131 0.057691 0.00112784
0 0.673648 0.744386 0.202598 0.297548 0.00111589
2 0.24346 0.0300128 0.431418 0.0594582 0.00111361
0 0.629422 0.161189 0.0640695 0.0328569 0.00111096
2 0.489272 0.267562 0.543104 0.188265 0.00110295
1 0.45676 0.320738 0.603896 0.137775 0.00110063
1 0.160167 0.931366 0.320334 0.135936 0.00110045
1 0.869393 0.056776 0.261214 0.113551 0.0011004
2 0.77759 0.0477933 0.344304 0.0951626 0.00109015
0 0.187736 0.0393347 0.292076 0.0782594 0.00107416
1 0.799568 0.769948 0.400865 0.233648 0.00107378
0 0.879293 0.703497 0.22679 0.232892 0.00107326
0 0.269763 0.255374 0.154262 0.118667 0.00107025
1 0.86894 0.728844 0.250102 0.187594 0.00106461
0 0.834157 0.715617 0.316311 0.21463 0.00106132
0 0.700352 0.245025 0.0532747 0.0436388 0.0010604
2 0.710489 0.646708 0.273295 0.126122 0.00105089
1 0.917208 0.0503159 0.165584 0.100508 0.00104907
1 0.823071 0.0601864 0.353858 0.116971 0.00104205
0 0.245248 0.944518 0.490495 0.110101 0.00103898
2 0.434422 0.39988 0.396481 0.326416 0.00103864
0 0.105915 0.042406 0.211829 0.084605 0.0010294
2 0.0632223 0.05967 0.126445 0.113126 0.001027
1 0.119048 0.913052 0.238096 0.17336 0.00102658
2 0.102415 0.882621 0.20483 0.234759 0.00102628
1 0.213975 0.938444 0.42795 0.122513 0.00101988
0 0.296438 0.756551 0.0626763 0.0493462 0.00101863
2 0.958516 0.0539961 0.0829688 0.107992 0.00101299
2 0.0695793 0.838474 0.139159 0.314939 0.00101137
2 0.373873 0.311245 0.199448 0.0827577 0.00101001
1 0.895478 0.737774 0.209045 0.339412 0.00100994
0 0.0709734 0.037533 0.141947 0.0749279 0.00100752
0 0.714429 0.642473 0.16975 0.11519 0.00100748
1 0.269463 0.0261457 0.466394 0.0517931 0.0010047
2 0.215811 0.346187 0.42627 0.252893 0.00100423
1 0.711497 0.652399 0.174993 0.131491 0.000996478
2 0.723746 0.888756 0.426145 0.209606 0.000994154
1 0.263632 0.0436283 0.481757 0.0859728 0.000994074
2 0.640449 0.0266248 0.229421 0.0530595 0.000994064
2 0.534259 0.444446 0.252563 0.198217 0.000993343
0 0.822413 0.649011 0.309524 0.142543 0.000993136
1 0.678162 0.87207 0.222247 0.200877 0.000992716
2 0.737504 0.037509 0.273258 0.0746856 0.00099242
2 0.906168 0.769752 0.187663 0.374145 0.000988963
2 0.93526 0.0558087 0.12948 0.111565 0.000987591
2 0.40548 0.0131334 0.25632 0.0262205 0.000986675
0 0.428712 0.315234 0.0883566 0.0683456 0.00098284
2 0.898822 0.668443 0.202355 0.324394 0.000982563
2 0.00226094 0.878168 0.00452188 0.243664 0.000980115
2 0.571912 0.0225395 0.240127 0.0448428 0.000979637
2 0.313474 0.0176009 0.434922 0.0349365 0.000975831
1 0.610861 0.0239059 0.220146 0.0477082 0.000974457
1 0.690922 0.898385 0.236934 0.19421 0.000974455
2 0.491214 0.440421 0.268192 0.228017 0.000970601
0 0.205091 0.0449589 0.410182 0.0896748 0.000969912
2 0.677761 0.989091 0.485435 0.0218182 0.000969565
0 0.297284 0.75228 0.0548554 0.0360429 0.000968476
2 0.0346503 0.489044 0.0693006 0.0860787 0.000964392
2 0.441151 0.413886 0.297645 0.313081 0.000963427
2 0.0322469 0.467515 0.0644938 0.0656937 0.000957691
2 0.66908 0.0335384 0.270334 0.0669141 0.000957684
2 0.0327828 0.430914 0.0655656 0.0656668 0.000957125
2 0.261893 0.368404 0.350372 0.303355 0.000957021
0 0.182854 0.992536 0.189993 0.0145319 0.000954465
0 0.962758 0.0641516 0.0744846 0.125162 0.000952755
2 0.509843 0.410046 0.328343 0.276941 0.000950946
0 0.377117 0.987891 0.504593 0.0242183 0.000950731
2 0.960348 0.0897645 0.0793049 0.179529 0.000949147
2 0.0264845 0.337398 0.052969 0.0477981 0.000948183
2 0.112654 0.921623 0.225308 0.154173 0.000945873
1 0.505532 0.0204039 0.249744 0.0406539 0.000944596
2 0.527242 0.302141 0.622602 0.152025 0.000943024
2 0.882664 0.85714 0.234672 0.28572 0.000942932
2 0.950581 0.0816438 0.0988373 0.16068 0.000942708
2 0.668521 0.769686 0.188401 0.251477 0.000942099
0 0.252354 0.994728 0.141209 0.0102821 0.000940909
2 0.0329079 0.505588 0.0658158 0.0746106 0.000940317
1 0.464131 0.0158211 0.239536 0.0316423 0.000940033
2 0.313131 0.422186 0.210741 0.322793 0.000938931
2 0.193342 0.0629412 0.296234 0.123841 0.000938398
2 0.940648 0.797977 0.118704 0.404047 0.000935721
1 0.196919 0.914897 0.393838 0.168192 0.000933514
0 0.0402563 0.206594 0.0805125 0.099725 0.000931867
2 0.076839 0.0944373 0.153678 0.172986 0.000931791
2 0.00638785 0.0414379 0.0127757 0.0823022 0.000931784
2 0.339181 0.424733 0.23614 0.371247 0.000926829
0 0.838924 0.767096 0.126948 0.0928811 0.000923134
1 0.669576 0.0492572 0.346591 0.0962599 0.00092081
1 0.334731 0.236419 0.255439 0.130674 0.000916957
0 0.695017 0.735391 0.327723 0.305097 0.000914725
2 0.579265 0.883448 0.419176 0.16853 0.000911449
0 0.148981 0.0484282 0.290819 0.0936442 0.000911317
2 0.223518 0.381267 0.38244 0.209473 0.000907278
0 0.700361 0.995539 0.134345 0.00885083 0.000906996
1 0.904092 0.0759236 0.191816 0.150684 0.000903231
1 0.773254 0.051949 0.408756 0.101241 0.000899397
2 0.537557 0.47208 0.19248 0.116684 0.000898575
2 0.0882573 0.594134 0.176515 0.351565 0.000892673
0 0.064104 0.180493 0.128208 0.144243 0.000892357
2 0.962749 0.119016 0.0745012 0.238032 0.000890984
1 0.603253 0.0466279 0.355451 0.0908749 0.000888863
0 0.831371 0.307196 0.337258 0.170455 0.000886911
0 0.886797 0.288214 0.226405 0.179165 0.000885768
1 0.929412 0.73419 0.141176 0.345674 0.000885309
2 0.0838111 0.689216 0.167622 0.406146 0.000884642
2 0.0256818 0.292802 0.0513635 0.129207 0.000883713
2 0.00367433 0.0551406 0.00734865 0.104505 0.000883436
2 0.073509 0.109688 0.147018 0.219377 0.000882996
2 0.186466 0.753726 0.33501 0.263161 0.000880837
2 0.569984 0.918771 0.321064 0.119716 0.000880142
0 0.871785 0.321488 0.256431 0.212525 0.000878681
1 0.206542 0.0509366 0.413083 0.0999328 0.000875309
2 0.409924 0.29729 0.125828 0.104563 0.000874337
2 0.0835843 0.690782 0.157418 0.142102 0.000874155
