1 0.482788 0.380614 0.454025 0.337769 0.947681
1 0.743384 0.779039 0.505287 0.438261 0.0854906
2 0.0756393 0.356689 0.151279 0.51992 0.0752159
2 0.741305 0.809947 0.510032 0.374666 0.0744736
0 0.65845 0.122124 0.0681231 0.0479746 0.0742043
1 0.137952 0.831046 0.27372 0.333568 0.0671238
0 0.330418 0.0966945 0.150888 0.0498609 0.0611212
1 0.478194 0.498828 0.472381 0.621517 0.0569348
0 0.235368 0.705872 0.0866389 0.0460373 0.0464944
0 0.0347703 0.239042 0.0682307 0.0569257 0.0431751
1 0.32118 0.410883 0.129245 0.166732 0.0409494
0 0.330534 0.111362 0.15275 0.0786162 0.0398524
2 0.893637 0.680559 0.212725 0.513896 0.0375079
2 0.0786164 0.407474 0.157233 0.748732 0.034254
0 0.0342562 0.977761 0.0679708 0.0442405 0.0338624
2 0.236598 0.708155 0.0909266 0.0541479 0.0328718
1 0.263943 0.829624 0.524532 0.333814 0.0302545
0 0.740678 0.829777 0.509798 0.33568 0.0302171
0 0.72688 0.567841 0.0326465 0.029582 0.0293467
0 0.0770001 0.374062 0.154 0.394944 0.0289731
2 0.843074 0.63659 0.117869 0.0472973 0.0283312
0 0.84343 0.636732 0.116519 0.0469482 0.0255022
2 0.319451 0.409557 0.124349 0.168247 0.0254702
1 0.414343 0.81865 0.828686 0.35564 0.0252856
1 0.533557 0.454604 0.324118 0.190446 0.0247848
1 0.136567 0.733221 0.273135 0.52755 0.0228494
0 0.981523 0.033392 0.0369545 0.066784 0.022564
2 0.897155 0.937326 0.205398 0.12513 0.022537
2 0.895279 0.584856 0.209441 0.543767 0.0210689
0 0.838618 0.436911 0.0433695 0.0289894 0.0197564
1 0.491992 0.570126 0.518345 0.81511 0.0186248
2 0.905236 0.58128 0.189529 0.238747 0.0176133
1 0.207566 0.0657605 0.412647 0.131521 0.0173042
0 0.236548 0.711381 0.0908373 0.0629767 0.0171709
0 0.855524 0.942801 0.288952 0.114162 0.0164632
1 0.381911 0.435201 0.250911 0.218496 0.0153517
0 0.03333 0.250926 0.0666599 0.0832758 0.0152922
2 0.700205 0.868758 0.443089 0.259732 0.0152886
0 0.102762 0.311159 0.205525 0.622319 0.0150975
0 0.854906 0.655458 0.135679 0.0820061 0.0150955
1 0.0919714 0.741861 0.183815 0.510038 0.01503
0 0.645992 0.11979 0.0950991 0.0506423 0.0149312
0 0.950337 0.518987 0.0993262 0.0792637 0.014168
0 0.14695 0.289471 0.293899 0.5769 0.0139625
0 0.306112 0.0906416 0.0999266 0.0441147 0.0137233
0 0.745228 0.928051 0.500362 0.143898 0.0135678
1 0.613844 0.572412 0.754839 0.845362 0.0133632
1 0.274363 0.886632 0.547657 0.226735 0.0130479
1 0.301204 0.079095 0.602407 0.153434 0.0128761
0 0.78338 0.94752 0.43324 0.10496 0.0124383
0 0.0788371 0.707025 0.0901119 0.0742766 0.012415
1 0.887527 0.716116 0.222544 0.56248 0.0123763
0 0.447454 0.503934 0.145672 0.091486 0.0115062
2 0.736341 0.919674 0.517898 0.160651 0.011497
0 0.133463 0.875459 0.266706 0.249083 0.0111818
1 0.0792064 0.670609 0.158413 0.636557 0.0110308
1 0.396346 0.607565 0.718782 0.757622 0.0109433
0 0.656306 0.125248 0.0752289 0.0356179 0.0108053
1 0.282616 0.156436 0.560952 0.312872 0.0106644
0 0.0614318 0.296267 0.122864 0.335379 0.0104034
0 0.935828 0.542983 0.128343 0.263672 0.0101088
0 0.0513031 0.977014 0.102273 0.0455395 0.0101007
1 0.214446 0.100955 0.428892 0.20191 0.0100186
1 0.892415 0.593901 0.21517 0.208352 0.00994829
1 0.396259 0.37798 0.309824 0.343423 0.00957031
1 0.60965 0.406618 0.717848 0.427058 0.00956514
1 0.299269 0.258073 0.595568 0.515462 0.00946505
0 0.285873 0.0905587 0.0616684 0.0414759 0.00941976
0 0.198482 0.257544 0.396964 0.512932 0.00936409
0 0.0719103 0.920839 0.141608 0.157032 0.00925157
1 0.418481 0.126518 0.771098 0.227928 0.00923754
0 0.0339653 0.224516 0.0679305 0.124521 0.00896696
2 0.734511 0.589868 0.520467 0.791482 0.00885666
0 0.233834 0.3808 0.464883 0.717132 0.0088314
1 0.40389 0.298406 0.805011 0.596812 0.00879913
1 0.316325 0.939978 0.624927 0.120045 0.00876751
0 0.901662 0.926181 0.195671 0.1468 0.00875807
1 0.0758784 0.440265 0.151757 0.311026 0.00875675
0 0.898059 0.546331 0.203882 0.387799 0.00872969
1 0.115748 0.616875 0.231496 0.76625 0.00854373
1 0.61559 0.481645 0.734961 0.600006 0.00843967
2 0.862575 0.917315 0.27485 0.165017 0.00842562
0 0.455407 0.329045 0.908027 0.65809 0.00839281
1 0.384528 0.451118 0.768255 0.795467 0.00837799
2 0.308449 0.0920864 0.109627 0.0446037 0.00836343
2 0.813955 0.724151 0.370825 0.549326 0.00835403
2 0.448086 0.498922 0.142048 0.108199 0.00830681
1 0.734396 0.598364 0.519586 0.791969 0.00822276
1 0.104856 0.166225 0.209712 0.33245 0.00816443
1 0.0860224 0.535258 0.172045 0.855408 0.00809249
1 0.499765 0.303633 0.362334 0.192483 0.00806146
0 0.954139 0.12007 0.0917216 0.24014 0.00799946
0 0.103427 0.0267131 0.206855 0.0528162 0.00792072
0 0.33394 0.471664 0.664628 0.790067 0.00790523
1 0.953386 0.149515 0.092925 0.299029 0.00787508
1 0.538806 0.421969 0.360877 0.251885 0.00783559
0 0.718995 0.873969 0.523203 0.250599 0.00768669
0 0.0937684 0.237415 0.187537 0.474829 0.0076113
1 0.380546 0.0957787 0.753016 0.152186 0.0075545
0 0.0364979 0.314429 0.0729959 0.217307 0.00734756
0 0.949082 0.575507 0.101837 0.204692 0.00725099
1 0.389671 0.964434 0.773638 0.0705753 0.00719376
1 0.45592 0.220621 0.90932 0.440983 0.00700924
1 0.484913 0.870862 0.969826 0.256052 0.00643125
1 0.558712 0.963304 0.882575 0.0720798 0.00640534
1 0.920038 0.498995 0.158563 0.56387 0.00640214
1 0.396418 0.266444 0.698813 0.457124 0.00602154
1 0.751314 0.916377 0.497371 0.167246 0.00597236
0 0.119364 0.0230147 0.238727 0.0452794 0.00587735
0 0.979303 0.078671 0.0413938 0.157342 0.00585951
0 0.0831228 0.0400394 0.166246 0.0795497 0.00578671
0 0.928099 0.115987 0.140749 0.231974 0.00578463
1 0.727283 0.938949 0.545435 0.122103 0.00568475
0 0.0584112 0.88106 0.116822 0.23788 0.00568166
1 0.93612 0.447898 0.126708 0.558338 0.00559915
0 0.928109 0.0782333 0.143782 0.156467 0.00555281
0 0.949914 0.506979 0.100172 0.190953 0.00550623
1 0.880031 0.4987 0.236173 0.772116 0.0054941
1 0.950389 0.21683 0.0992213 0.425817 0.00542735
0 0.252282 0.703735 0.119378 0.0463042 0.00533086
2 0.0392576 0.0315494 0.0770298 0.0613969 0.00529486
2 0.548401 0.435647 0.33384 0.200122 0.00527356
0 0.833765 0.883969 0.33247 0.232062 0.00522917
1 0.893546 0.653226 0.212908 0.0855638 0.00520349
1 0.927981 0.155187 0.14319 0.310374 0.00504701
1 0.503143 0.909787 0.993715 0.178809 0.00504236
1 0.485633 0.356155 0.96216 0.712311 0.00502268
0 0.808379 0.845338 0.383241 0.306545 0.00495377
0 0.0359941 0.228062 0.0650286 0.0365414 0.00485868
0 0.519505 0.886226 0.96099 0.225507 0.00483925
0 0.901392 0.890926 0.197217 0.218148 0.0048055
0 0.83952 0.303837 0.0385532 0.0284774 0.00478371
1 0.878102 0.181116 0.235059 0.362232 0.00468621
0 0.0645261 0.317137 0.127417 0.226944 0.0046854
1 0.473897 0.674146 0.942026 0.634081 0.00464614
1 0.438272 0.327027 0.572217 0.275544 0.0046398
0 0.163415 0.0892377 0.0344022 0.0507744 0.00463132
0 0.955654 0.0367159 0.0875062 0.0700188 0.00461584
2 0.5 0.822582 1 0.350625 0.00449721
0 0.5 0.84582 1 0.304924 0.00446589
2 0.0674306 0.0301807 0.134861 0.0592332 0.00441782
1 0.298497 0.744965 0.59152 0.481609 0.00441633
1 0.365396 0.341463 0.676094 0.384084 0.0044093
0 0.117816 0.0232997 0.169825 0.0465994 0.00440017
1 0.569676 0.312487 0.806315 0.542733 0.00435905
0 0.955836 0.504343 0.0883282 0.110283 0.00427652
1 0.627763 0.18552 0.731128 0.371041 0.00427457
0 0.169507 0.0193994 0.200875 0.0383526 0.00423188
0 0.168178 0.101574 0.0232579 0.0211328 0.00422489
1 0.0794075 0.43444 0.156603 0.221242 0.00416294
2 0.870151 0.144491 0.253074 0.288983 0.00415112
1 0.842301 0.438963 0.307374 0.70386 0.00412848
0 0.043589 0.224579 0.0453787 0.0320682 0.00410395
0 0.974146 0.0351664 0.0517086 0.0685849 0.00408113
1 0.843382 0.635831 0.118409 0.0441805 0.00406971
1 0.945176 0.31215 0.108945 0.558315 0.00402079
1 0.528464 0.458267 0.378999 0.134187 0.00397145
0 0.971982 0.913507 0.0556547 0.105992 0.00394761
0 0.854915 0.0971926 0.279215 0.194385 0.00393492
2 0.0617465 0.907838 0.12225 0.184324 0.00393261
1 0.926572 0.680063 0.146515 0.335961 0.00389487
2 0.078379 0.705875 0.0874448 0.0715076 0.00377943
0 0.0872964 0.0633757 0.173512 0.125313 0.00377119
1 0.864383 0.288596 0.262619 0.577192 0.00374723
0 0.0361966 0.175114 0.0723933 0.350228 0.00374037
2 0.461072 0.110431 0.89638 0.220339 0.00373669
1 0.920484 0.224087 0.158373 0.445812 0.00371318
0 0.838478 0.441304 0.0473023 0.0399879 0.00370792
0 0.950055 0.454322 0.0998891 0.218371 0.00365275
1 0.508306 0.0915377 0.653545 0.183075 0.00363709
0 0.0447069 0.0428791 0.0878097 0.0844112 0.00362827
0 0.161817 0.095281 0.0383772 0.036506 0.00362245
1 0.655821 0.134323 0.676854 0.26819 0.00351829
0 0.829257 0.438135 0.0630295 0.0385626 0.00350614
0 0.978347 0.117167 0.0433051 0.234334 0.00348913
1 0.711648 0.0923072 0.52973 0.184614 0.00344317
0 0.0633555 0.070508 0.126711 0.141016 0.00342603
0 0.0627307 0.751987 0.124287 0.16428 0.00342581
2 0.524743 0.0881878 0.652448 0.175385 0.00336624
0 0.140442 0.0911709 0.0847912 0.0584383 0.00332784
1 0.922697 0.326217 0.154607 0.54686 0.00331985
0 0.0958071 0.976619 0.191614 0.0461624 0.00331483
1 0.82129 0.340572 0.348295 0.667459 0.00330716
0 0.237937 0.698916 0.0833047 0.0370674 0.00324228
0 0.900927 0.587113 0.197834 0.2269 0.00322997
1 0.592861 0.45419 0.245615 0.151049 0.003187
0 0.844975 0.601387 0.12444 0.109862 0.00316643
0 0.0768271 0.72602 0.110029 0.109006 0.0031631
0 0.362031 0.0922098 0.0895643 0.0357997 0.00316155
2 0.0783432 0.44595 0.156323 0.18916 0.00315229
0 0.373693 0.0890641 0.0670712 0.0278936 0.00314419
0 0.0365955 0.0363131 0.072223 0.0725008 0.00311289
0 0.924939 0.874383 0.150123 0.251235 0.00310932
1 0.49542 0.342218 0.400036 0.27389 0.00309971
1 0.419915 0.379911 0.329384 0.252017 0.0030969
1 0.075817 0.488229 0.151634 0.302353 0.00307982
0 0.110567 0.925721 0.221133 0.147524 0.00305131
1 0.923242 0.0364529 0.151569 0.0714023 0.00302329
0 0.973007 0.178488 0.0539863 0.356975 0.00298314
0 0.975065 0.154609 0.0498701 0.309217 0.00294334
0 0.71877 0.972559 0.458943 0.0547281 0.00294008
2 0.8963 0.955534 0.2074 0.0886533 0.00291024
1 0.236069 0.714598 0.0914187 0.0782668 0.00290422
2 0.493577 0.73218 0.941806 0.528042 0.00286812
0 0.726014 0.566947 0.0410958 0.0337484 0.00286134
0 0.736781 0.567772 0.0467611 0.0270492 0.00285232
0 0.981398 0.224495 0.037204 0.29891 0.00282946
0 0.983061 0.293861 0.0334631 0.065542 0.00281588
0 0.328245 0.0718909 0.153861 0.0848727 0.00280423
2 0.676423 0.768236 0.50904 0.453795 0.00278909
0 0.696781 0.978074 0.368599 0.0437012 0.00278701
1 0.94985 0.10716 0.1003 0.21432 0.0026581
0 0.971296 0.494141 0.0574072 0.115971 0.00260411
1 0.0780233 0.557141 0.153864 0.466508 0.00258442
1 0.467351 0.42486 0.433543 0.252512 0.0025709
0 0.0642606 0.850567 0.128521 0.298866 0.00256787
1 0.559226 0.283783 0.237254 0.157141 0.00256135
0 0.141464 0.0109057 0.102606 0.0218115 0.00251243
0 0.360028 0.130051 0.0789522 0.0746491 0.00250826
0 0.978429 0.242379 0.0431421 0.140756 0.00248673
0 0.961205 0.196631 0.077589 0.393261 0.00246769
1 0.0792089 0.527285 0.157973 0.330574 0.00244935
1 0.893343 0.664754 0.213315 0.130272 0.00244827
1 0.941151 0.705656 0.117095 0.398539 0.00244803
2 0.965753 0.176326 0.0684944 0.352652 0.00244436
1 0.512764 0.497631 0.286468 0.0990459 0.00240802
1 0.891086 0.705273 0.217828 0.337642 0.00240495
2 0.248063 0.410572 0.31807 0.17179 0.0023966
1 0.129345 0.928835 0.25869 0.140755 0.00239114
2 0.958015 0.511504 0.0839696 0.100793 0.00238931
1 0.923926 0.0805545 0.150933 0.161109 0.00237249
0 0.982638 0.267925 0.0347235 0.131707 0.00235458
1 0.518453 0.47918 0.307642 0.139176 0.00235283
2 0.532174 0.459703 0.36474 0.146833 0.00231128
0 0.0749722 0.511622 0.149944 0.342717 0.00230823
1 0.153381 0.706173 0.249204 0.0746094 0.00230341
1 0.141416 0.725456 0.2777 0.112183 0.00230157
1 0.078162 0.453225 0.155757 0.125245 0.00227051
2 0.0790399 0.489539 0.15808 0.232801 0.00225808
1 0.559698 0.310593 0.295608 0.20433 0.00225283
0 0.975473 0.937674 0.0490545 0.124652 0.00223629
0 0.317155 0.402583 0.132531 0.148237 0.0022029
2 0.118565 0.978835 0.23713 0.041697 0.00220016
1 0.102172 0.914639 0.203328 0.170723 0.00218912
2 0.344969 0.0960007 0.11977 0.0439274 0.00217905
0 0.310846 0.116479 0.118698 0.0962717 0.00216112
0 0.360852 0.141785 0.0712385 0.0515248 0.00215708
1 0.892207 0.0379317 0.215586 0.0758634 0.00215505
0 0.153186 0.705967 0.24815 0.0770614 0.00212897
0 0.362121 0.116686 0.273198 0.0881734 0.00212319
0 0.968864 0.521385 0.0622728 0.0771662 0.0021205
0 0.065446 0.367476 0.129143 0.294001 0.00211434
0 0.324057 0.372409 0.138422 0.24922 0.00211171
1 0.0953107 0.0642516 0.187693 0.126121 0.00209581
1 0.957103 0.187009 0.0857935 0.374017 0.00209407
0 0.87442 0.601685 0.185455 0.110606 0.0020931
2 0.101948 0.834564 0.203303 0.321769 0.00209133
0 0.954252 0.637667 0.0914961 0.113429 0.00208985
0 0.0646654 0.100855 0.129331 0.201709 0.00208751
1 0.0786637 0.480475 0.157327 0.107188 0.00208427
1 0.244171 0.410327 0.314322 0.174074 0.00207776
0 0.069089 0.730828 0.138178 0.385333 0.00206102
2 0.954005 0.0335016 0.0919904 0.0664359 0.00202963
1 0.268147 0.716552 0.151683 0.0707534 0.00200393
0 0.1199 0.0116674 0.151025 0.0233348 0.00200337
0 0.632527 0.980296 0.444601 0.0391647 0.00199468
1 0.0800402 0.544669 0.16008 0.225731 0.00198841
0 0.064794 0.813714 0.128293 0.284642 0.00198162
0 0.152742 0.0265004 0.305484 0.0518663 0.00196406
0 0.728639 0.560931 0.0354952 0.0462213 0.00194622
1 0.102512 0.830741 0.204136 0.338517 0.00192656
0 0.0299224 0.133728 0.0598448 0.267457 0.00192298
0 0.319546 0.121242 0.16856 0.0951098 0.0019146
0 0.31354 0.0627216 0.185867 0.107376 0.00190138
0 0.936055 0.9929 0.127889 0.0138716 0.0018975
1 0.503841 0.473869 0.466427 0.114685 0.00189683
0 0.978771 0.261376 0.0424578 0.336625 0.00186808
0 0.970244 0.539933 0.058946 0.12016 0.00186634
2 0.953819 0.639309 0.0923614 0.11512 0.00185708
0 0.341492 0.125614 0.0420341 0.0814373 0.00185512
2 0.0633849 0.323642 0.12677 0.197976 0.00185302
1 0.088495 0.132342 0.175134 0.264684 0.00184243
2 0.861924 0.634937 0.0729878 0.0426541 0.00182718
1 0.880774 0.0326302 0.238452 0.0651226 0.00181449
0 0.1354 0.0233212 0.105024 0.0463455 0.00180424
2 0.583893 0.316745 0.248876 0.191564 0.00180097
1 0.132853 0.769117 0.265707 0.197287 0.00179677
2 0.650525 0.85667 0.343236 0.213198 0.00179235
0 0.955461 0.229062 0.089078 0.415589 0.00178563
0 0.956812 0.241235 0.0863758 0.281832 0.0017716
1 0.245685 0.679962 0.108848 0.0868347 0.00174906
2 0.0778596 0.831339 0.154089 0.337322 0.0017432
0 0.622115 0.992739 0.160129 0.0138443 0.00172751
1 0.834851 0.919217 0.330297 0.161566 0.00172251
2 0.0572024 0.0189055 0.114405 0.0377525 0.00170783
0 0.06801 0.610515 0.133353 0.380933 0.0016817
0 0.95087 0.511437 0.0974297 0.0483156 0.00167594
2 0.974738 0.592995 0.050523 0.109349 0.00167545
2 0.0783046 0.456346 0.156609 0.101678 0.0016637
1 0.308978 0.724647 0.247518 0.0947631 0.00165414
