0 0.526781 0.635633 0.550053 0.445785 0.648016
0 0.664631 0.528911 0.275115 0.206971 0.0912872
0 0.507545 0.749627 0.62533 0.494856 0.0336754
1 0.76525 0.970066 0.438359 0.0591194 0.0229682
1 0.43251 0.0897739 0.840293 0.179548 0.0213568
1 0.456874 0.173654 0.913747 0.346907 0.0202476
0 0.606795 0.663292 0.579816 0.504864 0.0197971
0 0.533781 0.702664 0.360474 0.27014 0.0196943
0 0.629998 0.628621 0.480455 0.420595 0.0191483
0 0.634321 0.984057 0.128368 0.0314537 0.0190038
0 0.587906 0.984911 0.444035 0.0301783 0.0179344
1 0.725991 0.976337 0.475432 0.0473262 0.0179231
1 0.859576 0.953751 0.27142 0.0912057 0.016681
1 0.463353 0.0682567 0.729094 0.136513 0.0165899
0 0.735247 0.753548 0.0470338 0.0320351 0.0132783
0 0.600513 0.984898 0.127504 0.0295761 0.0120428
0 0.533808 0.53008 0.0330168 0.036999 0.0119526
0 0.666343 0.98374 0.479338 0.0325203 0.0117914
0 0.610126 0.976857 0.638803 0.0462865 0.0107774
0 0.722465 0.978089 0.49337 0.0438221 0.0107185
1 0.441714 0.259917 0.883429 0.515879 0.0107175
0 0.519379 0.974268 0.709782 0.0514638 0.0102269
0 0.178648 0.661758 0.0696917 0.0646475 0.0102009
1 0.764927 0.934888 0.45724 0.12887 0.0101817
0 0.561146 0.533684 0.645426 0.5468 0.00989056
1 0.88381 0.910236 0.220575 0.178124 0.00974402
0 0.482736 0.984893 0.494868 0.0302138 0.00939677
0 0.631463 0.98346 0.19293 0.0320936 0.00936471
0 0.859542 0.459523 0.0604487 0.0632585 0.00901503
2 0.861112 0.459688 0.0588238 0.0646822 0.00866344
1 0.510862 0.742647 0.845195 0.50818 0.00827236
2 0.548661 0.685799 0.383925 0.278835 0.00789288
1 0.651509 0.071611 0.641949 0.143222 0.00784109
0 0.398783 0.981676 0.546742 0.0366476 0.00766458
1 0.456967 0.444344 0.913934 0.888687 0.00761022
0 0.173405 0.791395 0.0333497 0.0248166 0.0075376
0 0.605017 0.543321 0.383327 0.218664 0.00746547
0 0.59115 0.55564 0.573403 0.379506 0.00745129
0 0.524393 0.528162 0.056604 0.0463419 0.00721975
1 0.640422 0.0976675 0.681508 0.195183 0.00720418
0 0.78339 0.667015 0.0374691 0.028112 0.00695843
0 0.736938 0.631128 0.435219 0.427556 0.00675662
0 0.556526 0.680489 0.700821 0.41214 0.00672912
0 0.711926 0.938776 0.576149 0.119931 0.00666352
0 0.678665 0.983941 0.246964 0.0318161 0.00663237
1 0.574054 0.480692 0.660879 0.772356 0.00661692
0 0.900011 0.951859 0.196228 0.0962811 0.00655096
1 0.883088 0.938941 0.233824 0.122119 0.00654245
0 0.725177 0.680501 0.499142 0.552386 0.00637078
0 0.239798 0.992694 0.130326 0.0137562 0.00607706
1 0.862128 0.874955 0.255032 0.246244 0.00605786
0 0.345811 0.109102 0.691621 0.217615 0.00587499
0 0.741812 0.964667 0.516376 0.0706659 0.00587331
0 0.209679 0.984979 0.0498269 0.0291729 0.005795
0 0.366791 0.0754891 0.733583 0.150978 0.00575187
0 0.307385 0.987076 0.433924 0.0258475 0.00571588
0 0.160766 0.308966 0.303815 0.614351 0.00567258
0 0.896666 0.923448 0.204708 0.152515 0.00553537
1 0.647465 0.160823 0.642093 0.321166 0.00550256
1 0.806065 0.0728871 0.371194 0.145133 0.00531505
0 0.73831 0.526859 0.315295 0.212042 0.00524395
0 0.234829 0.111016 0.469658 0.220955 0.00520781
1 0.115489 0.669003 0.221109 0.589677 0.00517024
0 0.495095 0.934905 0.783059 0.130189 0.00515599
1 0.159572 0.446735 0.29525 0.822445 0.00513488
1 0.889342 0.906801 0.221316 0.186398 0.00510026
0 0.825179 0.456803 0.131704 0.0747595 0.0050531
1 0.347724 0.293425 0.695089 0.58685 0.00504341
1 0.103804 0.786109 0.205879 0.412049 0.00503775
1 0.160067 0.511647 0.268565 0.583115 0.00502726
0 0.203798 0.985745 0.407596 0.0284376 0.00493243
0 0.620016 0.955328 0.664456 0.0889035 0.00491534
0 0.251993 0.147079 0.494567 0.293716 0.00485607
1 0.566495 0.232482 0.745144 0.460074 0.00483428
1 0.175124 0.68602 0.332307 0.593322 0.00478657
1 0.6767 0.322877 0.506297 0.592154 0.00478406
1 0.0628685 0.686283 0.125737 0.422106 0.00477698
1 0.113052 0.561779 0.213565 0.405929 0.00476833
2 0.0610066 0.624996 0.122013 0.385101 0.00475312
0 0.206649 0.380408 0.406726 0.756106 0.00474186
0 0.214953 0.992226 0.10269 0.0149032 0.00465977
1 0.268739 0.740859 0.518857 0.511535 0.00463614
1 0.120421 0.418437 0.23895 0.762503 0.00462749
1 0.779424 0.158875 0.406288 0.317751 0.00461943
0 0.459337 0.52644 0.918675 0.804946 0.00460997
1 0.694846 0.448436 0.437629 0.593671 0.00460636
0 0.248831 0.984975 0.134592 0.0294915 0.00455795
0 0.127919 0.25972 0.24695 0.487114 0.0045272
2 0.100787 0.807267 0.201573 0.372907 0.00451377
0 0.275803 0.435785 0.531435 0.827194 0.00450814
1 0.852141 0.0959073 0.270207 0.190947 0.00448477
0 0.705661 0.540683 0.364551 0.264886 0.00442228
0 0.175899 0.148587 0.349046 0.297175 0.0044033
2 0.0580773 0.392552 0.116155 0.473545 0.0043334
2 0.0615394 0.320259 0.123079 0.475442 0.00430337
1 0.778023 0.289811 0.350485 0.441439 0.00428869
0 0.437988 0.966378 0.819229 0.0657146 0.00424929
0 0.187247 0.228156 0.356033 0.448929 0.00422763
0 0.890861 0.9713 0.213398 0.0568123 0.0042098
1 0.0786889 0.730296 0.157378 0.413837 0.00411838
0 0.42996 0.76615 0.853056 0.461615 0.00409812
0 0.230688 0.0755789 0.461376 0.151158 0.00405431
0 0.0586774 0.280446 0.117355 0.406534 0.00404506
0 0.780908 0.954536 0.438183 0.0908345 0.00401435
2 0.0518674 0.462253 0.103735 0.448942 0.00399732
2 0.0525485 0.550193 0.105097 0.342691 0.00393611
1 0.727014 0.230764 0.467299 0.456652 0.00381046
0 0.124909 0.152315 0.249818 0.288386 0.00377602
0 0.571592 0.635611 0.428193 0.291579 0.0037705
0 0.543457 0.654215 0.373055 0.177206 0.00376842
0 0.482803 0.605801 0.835164 0.618648 0.003765
2 0.674255 0.467628 0.445175 0.554059 0.0037478
0 0.5707 0.988267 0.121368 0.0229797 0.00374394
0 0.597829 0.597982 0.402105 0.265736 0.00373256
1 0.838087 0.25834 0.274076 0.488689 0.00372744
0 0.576339 0.558433 0.473835 0.182814 0.00370893
0 0.21185 0.985421 0.0722523 0.0287761 0.00370206
1 0.280321 0.376776 0.55749 0.741404 0.00365525
1 0.314509 0.199745 0.623245 0.395034 0.00364819
0 0.179814 0.506638 0.359628 0.730279 0.00364432
1 0.727805 0.860238 0.495748 0.276626 0.00363235
0 0.0859039 0.190751 0.171808 0.34099 0.00357923
1 0.872881 0.146615 0.226643 0.29323 0.0035602
0 0.76222 0.460762 0.27048 0.0886822 0.00353076
1 0.870453 0.814911 0.235082 0.364953 0.00348315
1 0.825612 0.085749 0.348777 0.171498 0.00342252
2 0.770391 0.394323 0.338921 0.431567 0.0034071
0 0.210803 0.946707 0.421606 0.106587 0.00338706
0 0.622745 0.982742 0.0651779 0.0327117 0.0033746
0 0.621672 0.761404 0.682821 0.476174 0.00336775
0 0.109787 0.833688 0.219574 0.325328 0.00334475
0 0.494689 0.666684 0.483729 0.281862 0.00333709
0 0.391385 0.660427 0.78277 0.564073 0.00332833
0 0.271132 0.947946 0.540648 0.101448 0.0033098
1 0.890666 0.885811 0.218668 0.228378 0.0032997
0 0.636699 0.982417 0.0630255 0.0327641 0.00328522
0 0.521517 0.595203 0.797607 0.465527 0.00324126
0 0.180887 0.879093 0.361774 0.241814 0.0032038
0 0.843689 0.458665 0.0977463 0.0664221 0.00318359
0 0.813934 0.638513 0.372132 0.431192 0.0031518
0 0.767046 0.985336 0.130923 0.028872 0.0031298
0 0.198079 0.596611 0.395316 0.530566 0.00311928
2 0.86168 0.130643 0.27664 0.259089 0.00305038
1 0.142884 0.821766 0.277531 0.352816 0.00304717
0 0.491156 0.889301 0.954196 0.22013 0.00298216
0 0.571485 0.989682 0.178255 0.0202271 0.00297131
0 0.789423 0.45847 0.208803 0.077469 0.00296093
0 0.700876 0.48875 0.197751 0.137771 0.00295798
2 0.746483 0.474008 0.322627 0.453437 0.00291661
2 0.84362 0.784493 0.28178 0.425006 0.00289092
0 0.882532 0.172305 0.234936 0.32803 0.0028813
0 0.895281 0.32737 0.209437 0.399716 0.0028768
0 0.246034 0.93109 0.492068 0.137819 0.00287126
0 0.071394 0.161614 0.142788 0.269118 0.00286736
1 0.866471 0.286646 0.230711 0.414621 0.00283954
0 0.776872 0.563466 0.39295 0.30922 0.00282457
0 0.834563 0.567074 0.330875 0.337714 0.00280603
0 0.864829 0.245257 0.238055 0.451383 0.00279623
0 0.358252 0.810328 0.703235 0.375195 0.00278436
0 0.856991 0.520278 0.286018 0.394396 0.00278236
0 0.896733 0.230903 0.206534 0.392108 0.00277776
0 0.203597 0.797867 0.0999419 0.044463 0.00277246
0 0.0870138 0.85581 0.174028 0.28838 0.00276665
0 0.837582 0.716598 0.324836 0.521645 0.0027464
0 0.890827 0.393292 0.218345 0.31339 0.00272129
0 0.875139 0.454424 0.249722 0.373678 0.00271427
1 0.857889 0.341722 0.250776 0.295389 0.00269742
0 0.90296 0.860611 0.19408 0.273101 0.00269643
0 0.601753 0.531262 0.384981 0.135974 0.00268152
0 0.384365 0.953921 0.768731 0.0915299 0.00261976
0 0.753807 0.47944 0.285639 0.123989 0.00256893
0 0.906502 0.777868 0.186996 0.397638 0.00255782
0 0.641057 0.511991 0.46253 0.190108 0.00254203
2 0.864492 0.809649 0.246146 0.34773 0.00252753
0 0.0710436 0.214556 0.142087 0.425112 0.00250528
0 0.371821 0.991384 0.191728 0.0168896 0.0024993
0 0.807149 0.510082 0.344642 0.313161 0.00249474
0 0.840538 0.369543 0.284903 0.260462 0.00249357
0 0.841236 0.762011 0.288854 0.418843 0.00248104
0 0.788445 0.989558 0.17018 0.0203105 0.00246011
0 0.525867 0.5379 0.0545783 0.056674 0.00243482
0 0.930691 0.978014 0.138619 0.0438745 0.00235821
0 0.692445 0.548358 0.222854 0.164004 0.00235714
1 0.627277 0.0383301 0.745445 0.0764143 0.002329
0 0.818196 0.424347 0.333146 0.278743 0.00230549
0 0.611789 0.0190637 0.299661 0.0372913 0.00229823
0 0.0433827 0.0284764 0.0867653 0.056331 0.00228188
0 0.170868 0.790898 0.0444898 0.0290174 0.00226869
1 0.680126 0.0472573 0.595681 0.0942679 0.00226271
0 0.527547 0.027802 0.587455 0.0553069 0.00220509
0 0.568403 0.0126137 0.168592 0.0252274 0.00218607
0 0.0793195 0.0542512 0.158639 0.107156 0.00216725
0 0.348592 0.987793 0.147515 0.0240273 0.00215965
0 0.181708 0.654394 0.0593983 0.0569904 0.00212963
0 0.236471 0.795855 0.0281451 0.0252111 0.00211681
0 0.0273476 0.465916 0.0546951 0.286335 0.00211363
0 0.602999 0.0127354 0.217841 0.0254708 0.00208758
0 0.139765 0.0562755 0.279531 0.112114 0.0020843
0 0.268997 0.992538 0.175272 0.0144993 0.00206939
0 0.184913 0.980129 0.369827 0.0390999 0.00205292
2 0.677942 0.0467466 0.627961 0.0933536 0.00190936
0 0.0248693 0.447364 0.0497385 0.18245 0.00190149
1 0.876355 0.0719848 0.245218 0.141682 0.00189891
0 0.797467 0.453892 0.293816 0.0881201 0.00186335
0 0.0116097 0.994391 0.0232193 0.0112181 0.00184907
0 0.733286 0.730876 0.0518798 0.077884 0.00183968
0 0.689274 0.489304 0.333489 0.148335 0.00180905
1 0.55129 0.0286186 0.606807 0.0572373 0.00180588
0 0.668357 0.542377 0.148591 0.116785 0.0017922
0 0.0689202 0.586943 0.13784 0.319312 0.00178558
0 0.0690265 0.174613 0.138053 0.183168 0.00175813
0 0.0580615 0.494508 0.116123 0.326009 0.0017545
0 0.290456 0.993865 0.176872 0.011767 0.00175285
0 0.0904537 0.790109 0.180907 0.419783 0.00173242
0 0.718056 0.750895 0.0860288 0.0410146 0.00172113
0 0.918076 0.237265 0.0262959 0.022969 0.00171802
0 0.597046 0.924869 0.613291 0.150257 0.00168977
0 0.406144 0.991796 0.183606 0.0159454 0.00168617
0 0.337209 0.992507 0.205748 0.0145834 0.0016828
0 0.64506 0.5719 0.308601 0.203258 0.00167568
0 0.0855742 0.906665 0.171148 0.186669 0.00167336
0 0.0661554 0.247172 0.132311 0.290768 0.00167068
0 0.05512 0.990412 0.11024 0.0190428 0.00164592
0 0.47748 0.0379967 0.729625 0.0756403 0.00163883
0 0.18921 0.0610294 0.378419 0.122059 0.0016377
0 0.095142 0.0249378 0.190284 0.0493955 0.00162786
0 0.762213 0.922077 0.475574 0.155524 0.00162665
0 0.459023 0.990696 0.185465 0.0181305 0.00161889
0 0.828068 0.991288 0.216724 0.0168182 0.00161888
0 0.0325191 0.774258 0.0650381 0.451484 0.00160634
0 0.0656176 0.990917 0.0595437 0.0178616 0.00159711
0 0.0310377 0.439243 0.0620755 0.127962 0.00158463
0 0.0624544 0.665123 0.124909 0.142563 0.00157052
0 0.381384 0.987707 0.170445 0.0242544 0.00156667
1 0.39907 0.0541775 0.79814 0.107704 0.00156619
0 0.53861 0.987458 0.160291 0.0248829 0.00156304
0 0.0315858 0.711877 0.0631717 0.374588 0.00154902
1 0.782663 0.0554996 0.434675 0.11065 0.00154243
0 0.1038 0.0590271 0.207599 0.117186 0.00153255
0 0.179609 0.646317 0.0600712 0.0400953 0.00152325
0 0.860705 0.456061 0.278591 0.0783431 0.00152079
0 0.789209 0.665637 0.0445541 0.0316748 0.00151735
2 0.925358 0.0736356 0.147825 0.144389 0.00151182
0 0.0258885 0.758737 0.051777 0.427362 0.00150373
0 0.193267 0.916185 0.386535 0.16763 0.00149619
1 0.771183 0.527052 0.388925 0.207664 0.00148894
0 0.633074 0.506706 0.375685 0.0878214 0.00147969
0 0.240317 0.0398724 0.480634 0.0787122 0.00146393
0 0.0819087 0.538677 0.163817 0.430416 0.00141663
0 0.0204133 0.988064 0.0408265 0.0238729 0.00141473
0 0.270969 0.913817 0.457462 0.172366 0.00141154
0 0.84032 0.413451 0.319261 0.160819 0.00140363
0 0.0665056 0.707077 0.133011 0.403382 0.00137971
0 0.429937 0.983461 0.143401 0.0328783 0.0013663
1 0.853976 0.0481332 0.292048 0.0957152 0.00136549
0 0.0640118 0.987208 0.0571729 0.0247986 0.00136035
1 0.919384 0.0654471 0.157794 0.129964 0.00135839
0 0.694353 0.986749 0.200077 0.0263222 0.00135472
0 0.477592 0.992714 0.176423 0.014159 0.0013537
0 0.0800582 0.176465 0.160116 0.352931 0.0013516
0 0.0782639 0.551056 0.156528 0.250029 0.00135096
0 0.471858 0.42073 0.14853 0.0641591 0.0013453
0 0.563319 0.0198638 0.329594 0.0395757 0.00134224
0 0.08038 0.986016 0.15173 0.027501 0.00133038
0 0.0843293 0.976293 0.167293 0.047158 0.00132884
0 0.543759 0.733016 0.323907 0.202987 0.0013236
0 0.0479812 0.357333 0.0959625 0.268122 0.00132114
0 0.67939 0.550705 0.45493 0.163584 0.00130293
0 0.365051 0.0469673 0.730102 0.092884 0.00130081
0 0.40401 0.917238 0.543876 0.164576 0.00129065
0 0.177663 0.67238 0.0743475 0.0558172 0.00127961
0 0.808363 0.468785 0.383275 0.0935154 0.00127407
0 0.505133 0.598899 0.517924 0.171121 0.00126888
0 0.0603119 0.704867 0.120624 0.275268 0.00125352
0 0.556023 0.55037 0.560691 0.136705 0.00123988
0 0.513789 0.520777 0.0371606 0.0365006 0.00123587
0 0.0787733 0.295632 0.157547 0.377343 0.00123221
0 0.203429 0.792764 0.118171 0.039456 0.00122797
0 0.0910233 0.241478 0.182047 0.242124 0.00122417
0 0.891203 0.441999 0.210819 0.105416 0.00122413
2 0.534059 0.0710429 0.407683 0.141047 0.00121964
0 0.0700578 0.645666 0.140116 0.199025 0.00121549
0 0.0770466 0.991133 0.0694902 0.017401 0.00121544
0 0.894175 0.892143 0.21165 0.215715 0.0012089
0 0.108902 0.171974 0.217804 0.194289 0.00120838
0 0.279173 0.415888 0.450357 0.197917 0.00120631
0 0.387314 0.442313 0.415826 0.161191 0.00120586
0 0.896095 0.413709 0.199972 0.165039 0.00120518
0 0.0221866 0.194793 0.0443733 0.0516548 0.00120325
1 0.728087 0.0637597 0.415234 0.126007 0.00120229
0 0.445692 0.455686 0.251729 0.135781 0.00120166
2 0.903569 0.0523577 0.192863 0.10435 0.00119956
0 0.148462 0.656107 0.130872 0.0796682 0.00119462
0 0.113784 0.879173 0.227567 0.233024 0.00119252
0 0.48543 0.535227 0.203 0.0619598 0.00119237
0 0.14668 0.542985 0.293361 0.237367 0.00119209
0 0.0432401 0.992602 0.0864801 0.0147955 0.00119105
0 0.368509 0.904744 0.300168 0.138297 0.00118772
2 0.0577364 0.669049 0.115473 0.14066 0.0011851
0 0.799499 0.655215 0.0720111 0.054772 0.0011821
