1 0.582099 0.512384 0.725193 0.514413 0.955411
1 0.424318 0.51031 0.848636 0.523823 0.0232495
1 0.647662 0.561497 0.575344 0.40826 0.021712
1 0.512924 0.44926 0.878717 0.451981 0.0163395
1 0.58555 0.691536 0.740921 0.524249 0.0123844
1 0.419069 0.599055 0.838139 0.720371 0.0110047
1 0.534198 0.575253 0.618391 0.367596 0.010821
2 0.693523 0.570106 0.492696 0.384315 0.00862948
1 0.399428 0.513862 0.402765 0.486844 0.00848205
2 0.589831 0.693953 0.803859 0.604938 0.0076451
2 0.680207 0.653614 0.620363 0.687873 0.00749059
1 0.66842 0.647279 0.610764 0.677144 0.00625035
2 0.468126 0.124369 0.936251 0.248574 0.00576875
2 0.5 0.266788 1 0.533577 0.00556516
1 0.465235 0.643967 0.605872 0.606691 0.00543735
2 0.483185 0.0550587 0.799619 0.109845 0.0050903
1 0.465542 0.682099 0.83787 0.620575 0.00508806
1 0.485563 0.360307 0.963518 0.70326 0.00501634
2 0.461807 0.9703 0.787331 0.0589424 0.00450181
1 0.518147 0.413429 0.846892 0.324371 0.00438352
1 0.740102 0.599431 0.492475 0.48706 0.00410064
2 0.565919 0.974351 0.752836 0.051298 0.00404677
1 0.226427 0.589695 0.452855 0.663878 0.00401265
2 0.455997 0.077355 0.910813 0.15471 0.00389274
2 0.369457 0.0607279 0.738914 0.121456 0.00382672
2 0.321567 0.972212 0.642399 0.0555754 0.00370348
2 0.829759 0.625053 0.337593 0.66847 0.00368228
2 0.660009 0.0648744 0.587292 0.128863 0.00364957
0 0.307698 0.0634343 0.615396 0.126869 0.00354305
2 0.568686 0.107016 0.830701 0.214032 0.00351448
2 0.548449 0.202897 0.885934 0.405793 0.00347227
1 0.843704 0.603023 0.311645 0.591805 0.00347126
1 0.156278 0.605682 0.312556 0.622345 0.00345686
0 0.460762 0.53194 0.921524 0.563863 0.00343917
2 0.765653 0.976693 0.44627 0.0466141 0.00335833
2 0.420776 0.387282 0.352343 0.267676 0.00311458
0 0.286717 0.0883857 0.573434 0.176455 0.0031068
2 0.720113 0.076443 0.549242 0.152047 0.00308183
1 0.351421 0.415622 0.594791 0.320429 0.00305932
2 0.376793 0.303769 0.753585 0.541511 0.00301944
2 0.896247 0.97311 0.207506 0.05378 0.00299163
0 0.414999 0.43529 0.693678 0.360404 0.00292936
2 0.656519 0.18228 0.666596 0.364163 0.00291321
0 0.838393 0.0784663 0.323214 0.156933 0.00290019
2 0.333071 0.403745 0.664713 0.336618 0.00284054
1 0.454144 0.335697 0.908288 0.489502 0.00281996
1 0.822756 0.497591 0.354012 0.582536 0.00279234
2 0.696777 0.271058 0.585565 0.535925 0.00279039
2 0.442987 0.178226 0.885974 0.356452 0.00276714
0 0.181822 0.959623 0.363643 0.0807531 0.00272435
1 0.732693 0.508172 0.505188 0.510337 0.00270452
0 0.777521 0.0728221 0.444957 0.144547 0.00268583
0 0.301336 0.128685 0.602673 0.256948 0.00268523
2 0.599634 0.370988 0.784554 0.549903 0.002666
0 0.853021 0.113394 0.293957 0.222439 0.00264338
0 0.331201 0.414288 0.634507 0.322049 0.00258599
2 0.192261 0.738029 0.384523 0.470423 0.00258099
0 0.420043 0.157409 0.840086 0.314818 0.00257297
2 0.238462 0.9696 0.476924 0.0596248 0.00255569
2 0.772074 0.701662 0.453652 0.585236 0.00251216
0 0.285069 0.186179 0.570138 0.364963 0.0024739
0 0.492329 0.520109 0.984657 0.788506 0.00246857
0 0.0879211 0.0163982 0.170314 0.0321802 0.00246506
2 0.892472 0.442067 0.214384 0.445847 0.00245618
2 0.62471 0.43193 0.688507 0.480631 0.00244935
2 0.127366 0.784038 0.254731 0.400046 0.00240187
0 0.459072 0.415163 0.918144 0.370685 0.00239307
0 0.192629 0.215464 0.385258 0.401017 0.00238819
0 0.384136 0.464093 0.768273 0.647049 0.00235354
0 0.221852 0.297665 0.443704 0.450292 0.00233818
2 0.878273 0.197557 0.243454 0.325188 0.00233237
2 0.486085 0.766891 0.972169 0.460877 0.00232911
2 0.906956 0.385738 0.186088 0.4106 0.00231859
0 0.193444 0.883511 0.386888 0.232448 0.00229645
2 0.45959 0.355635 0.91918 0.485587 0.00228753
2 0.862418 0.26767 0.275164 0.348966 0.00227344
2 0.829624 0.769354 0.340753 0.446161 0.00227098
0 0.717669 0.103991 0.558368 0.207174 0.00226703
0 0.447543 0.219578 0.895085 0.438404 0.00226652
0 0.900038 0.922298 0.199924 0.146322 0.00226341
2 0.869208 0.332587 0.261584 0.392449 0.0022394
2 0.719399 0.774699 0.549465 0.441172 0.00221114
2 0.699958 0.454996 0.540075 0.423364 0.00220155
1 0.662422 0.660885 0.393865 0.198922 0.00218317
0 0.482712 0.368392 0.965425 0.716846 0.00217919
0 0.476998 0.941232 0.732964 0.116055 0.00212374
0 0.373244 0.933344 0.727514 0.131063 0.00211444
0 0.658854 0.934929 0.663107 0.12573 0.0021099
1 0.632645 0.675478 0.536647 0.178259 0.00210282
1 0.395217 0.383913 0.300831 0.261371 0.00208867
0 0.729639 0.146114 0.537435 0.291544 0.00204804
0 0.119302 0.818255 0.238603 0.342664 0.00204619
2 0.772699 0.194703 0.45265 0.366428 0.00201855
1 0.676125 0.648828 0.284117 0.223332 0.0019884
0 0.330749 0.889466 0.661498 0.217902 0.0019789
2 0.843482 0.847165 0.313036 0.246455 0.00196974
0 0.767566 0.932115 0.464868 0.132141 0.00195066
0 0.110411 0.0220208 0.220822 0.0430657 0.00191334
2 0.752609 0.403207 0.494782 0.452348 0.00191168
2 0.774014 0.268422 0.451973 0.43595 0.00189877
0 0.844392 0.872239 0.311215 0.212489 0.00187654
2 0.721045 0.637402 0.312749 0.235129 0.00180296
1 0.409369 0.424601 0.330763 0.34885 0.00175371
0 0.0741514 0.0325161 0.148303 0.0646478 0.00174991
0 0.693854 0.652455 0.284061 0.209023 0.00173952
0 0.417804 0.807673 0.835607 0.380161 0.00170918
1 0.64404 0.724844 0.569744 0.19657 0.0016613
2 0.778366 0.841975 0.443267 0.293244 0.00161419
2 0.616933 0.821221 0.749577 0.352277 0.00154716
1 0.778458 0.532936 0.316283 0.258345 0.00154029
1 0.354339 0.373656 0.199894 0.240855 0.00148155
2 0.805348 0.479278 0.254197 0.163177 0.00147381
1 0.785399 0.614146 0.425438 0.318748 0.00145881
0 0.710772 0.647205 0.448559 0.225378 0.00141826
0 0.0752629 0.0548118 0.150526 0.106108 0.00141728
0 0.079507 0.0104381 0.12587 0.0208762 0.00141603
2 0.786029 0.518774 0.295863 0.233839 0.00140635
2 0.728318 0.519505 0.40886 0.242501 0.00139701
1 0.85771 0.50301 0.284581 0.331629 0.00139152
0 0.776075 0.869305 0.44785 0.241906 0.00138748
1 0.691438 0.682181 0.560591 0.232106 0.00138211
1 0.774994 0.502308 0.386253 0.208743 0.00134279
1 0.76312 0.688408 0.47376 0.297248 0.00132533
1 0.101567 0.0271974 0.182376 0.052459 0.00131959
1 0.697971 0.754609 0.567593 0.201892 0.00131471
2 0.689125 0.658584 0.523504 0.223217 0.00130633
1 0.573426 0.0485485 0.413819 0.0966896 0.00129717
1 0.638069 0.619201 0.372349 0.285147 0.00129114
0 0.0548951 0.0743593 0.10979 0.148719 0.00128365
1 0.680555 0.601151 0.279421 0.31923 0.00127337
0 0.544198 0.0482658 0.408946 0.0963465 0.00127209
2 0.560036 0.0479959 0.357972 0.0957017 0.0012676
0 0.322257 0.331234 0.142945 0.151528 0.00125314
1 0.897696 0.466202 0.204608 0.430989 0.00124761
0 0.0640009 0.995592 0.128002 0.00879136 0.00124618
1 0.793567 0.495416 0.288776 0.196095 0.00124262
1 0.538697 0.0496485 0.612681 0.0986035 0.00121755
0 0.572243 0.987594 0.438484 0.0248112 0.00120678
0 0.0176528 0.487964 0.0353057 0.445713 0.00120298
1 0.787706 0.569933 0.358825 0.326783 0.0011946
0 0.664285 0.987253 0.447739 0.0254932 0.00119322
0 0.127568 0.0289995 0.255137 0.0570148 0.00117854
0 0.0173537 0.112616 0.0347074 0.225231 0.00117269
0 0.658814 0.0485873 0.451256 0.0964262 0.00117088
1 0.367202 0.452792 0.23946 0.412294 0.00116725
0 0.0163169 0.404513 0.0326337 0.391126 0.00116004
2 0.655234 0.782052 0.589063 0.199865 0.00115194
0 0.0261264 0.541955 0.0522528 0.496951 0.00114935
1 0.71122 0.53034 0.422715 0.257542 0.00114854
0 0.201144 0.0318575 0.402289 0.0627053 0.00114739
2 0.832057 0.470842 0.197454 0.147068 0.00114612
2 0.946011 0.0852909 0.107979 0.170582 0.00113592
0 0.922993 0.0570688 0.153342 0.113363 0.00112833
1 0.828021 0.621125 0.343958 0.422705 0.00112409
0 0.796022 0.98799 0.407956 0.0240195 0.00112244
1 0.447058 0.67191 0.580752 0.194518 0.00111163
1 0.0641742 0.52755 0.126512 0.514896 0.00110544
1 0.939244 0.0642175 0.120313 0.125921 0.00110381
0 0.940477 0.0652706 0.119047 0.129146 0.00109456
1 0.447231 0.692357 0.641639 0.144614 0.00108566
0 0.0369177 0.562385 0.0738355 0.489543 0.0010837
0 0.0372145 0.0960348 0.0744291 0.19207 0.00108369
1 0.682916 0.535874 0.618105 0.314358 0.00108078
0 0.0213811 0.187896 0.0427621 0.375793 0.00107536
2 0.935707 0.054344 0.128585 0.108688 0.00106918
0 0.431317 0.462835 0.368109 0.488625 0.00106478
2 0.38573 0.623646 0.341821 0.242365 0.00106416
2 0.790464 0.751968 0.419071 0.187257 0.00106053
0 0.510947 0.988804 0.424275 0.0223924 0.00105867
2 0.418066 0.338893 0.347213 0.179585 0.0010563
1 0.677127 0.498375 0.515581 0.22373 0.00105238
0 0.0146752 0.341593 0.0293504 0.354202 0.00105185
1 0.74143 0.589348 0.342143 0.309883 0.00105018
0 0.0173412 0.290717 0.0346825 0.382791 0.00104876
2 0.456856 0.430275 0.502679 0.294645 0.00103711
2 0.791587 0.553562 0.382733 0.317143 0.00103585
1 0.221654 0.0356223 0.443308 0.0709957 0.00103551
0 0.028814 0.216436 0.0576281 0.432872 0.00102603
0 0.890266 0.0566919 0.219384 0.113148 0.00102548
2 0.400092 0.583767 0.357722 0.317537 0.00102305
0 0.406177 0.458197 0.267319 0.515709 0.00102279
0 0.0762287 0.883023 0.152457 0.233954 0.00101257
2 0.40898 0.0460086 0.594423 0.0910342 0.0010124
1 0.0583184 0.45511 0.115098 0.417753 0.00100077
0 0.0233514 0.241218 0.0467028 0.39074 0.000998197
2 0.456843 0.506174 0.410815 0.48929 0.000988977
0 0.157557 0.988959 0.315114 0.0220829 0.00098594
1 0.293862 0.0410677 0.587723 0.0812932 0.000985647
1 0.328755 0.345762 0.147005 0.180545 0.000981994
2 0.086665 0.990281 0.17333 0.0191422 0.000981635
2 0.859459 0.951359 0.281082 0.0972824 0.000979563
0 0.0575011 0.829813 0.115002 0.340374 0.000978968
0 0.0247279 0.726332 0.0494558 0.409041 0.000975222
2 0.675435 0.801767 0.377052 0.222074 0.000975002
2 0.752005 0.581488 0.348408 0.310308 0.000974853
1 0.682248 0.0503667 0.589296 0.100232 0.000973552
1 0.844072 0.0554031 0.311856 0.11036 0.000972748
0 0.459386 0.30224 0.267035 0.148306 0.000971931
2 0.505128 0.522266 0.653775 0.287543 0.000971344
1 0.9277 0.531906 0.144599 0.48993 0.000971316
2 0.410995 0.788787 0.325447 0.183211 0.000970589
2 0.43 0.750434 0.451808 0.148706 0.00097018
1 0.582693 0.623351 0.525517 0.273781 0.000965875
0 0.757652 0.0492909 0.472889 0.0979765 0.00096555
2 0.877406 0.0785665 0.244326 0.155478 0.000963754
2 0.525839 0.448466 0.667287 0.265665 0.000961237
0 0.0281691 0.636233 0.0563382 0.459888 0.000960962
2 0.0959311 0.789822 0.174719 0.18712 0.000960559
2 0.662345 0.824881 0.223529 0.232334 0.000960548
2 0.48695 0.787809 0.266666 0.202912 0.000958188
2 0.0896001 0.522632 0.162186 0.290915 0.000958081
2 0.945245 0.152886 0.109511 0.305772 0.000956634
0 0.0205586 0.660173 0.0411172 0.481601 0.000955823
2 0.315216 0.0447655 0.630432 0.0886744 0.000955514
2 0.813778 0.0522956 0.372444 0.104084 0.000955184
2 0.329038 0.358627 0.158682 0.208182 0.000950834
2 0.554848 0.490752 0.738324 0.213776 0.000948337
2 0.639732 0.797096 0.284118 0.169211 0.000947984
2 0.619552 0.0456597 0.232791 0.0907312 0.000947916
2 0.726944 0.782702 0.51252 0.167565 0.000947837
2 0.5629 0.811001 0.272005 0.207896 0.000947097
1 0.682425 0.559189 0.458544 0.327031 0.000941364
0 0.0367914 0.774174 0.0735827 0.397106 0.000941224
2 0.691842 0.813659 0.231867 0.282566 0.000938622
2 0.0948738 0.738741 0.159049 0.183687 0.000936005
2 0.375743 0.673481 0.292811 0.140314 0.000934147
2 0.649935 0.0474741 0.381422 0.0941586 0.000933003
2 0.952475 0.89364 0.0949908 0.212721 0.000932145
1 0.911734 0.0623188 0.174744 0.12273 0.00092701
1 0.596419 0.726742 0.477022 0.119669 0.000926795
2 0.0918391 0.57605 0.172835 0.245214 0.000926332
2 0.129256 0.989544 0.258511 0.0205471 0.000925339
2 0.83277 0.984349 0.33446 0.0313029 0.000924947
0 0.712825 0.183035 0.090274 0.0553537 0.000924549
2 0.659466 0.431408 0.601911 0.239176 0.000922434
2 0.378393 0.737745 0.316598 0.120492 0.00092114
0 0.453448 0.464258 0.469089 0.367855 0.000917565
2 0.920771 0.0806709 0.156998 0.159523 0.00091732
2 0.497633 0.743866 0.459038 0.114661 0.000915677
2 0.531701 0.813274 0.22973 0.162964 0.000912571
2 0.0595682 0.393256 0.119136 0.353578 0.000912149
2 0.0949259 0.0654479 0.188823 0.130127 0.000910144
2 0.898076 0.615482 0.200005 0.494201 0.000909127
1 0.942813 0.181221 0.114374 0.362443 0.000908839
0 0.230806 0.206553 0.251518 0.149333 0.000907146
0 0.416361 0.987423 0.424295 0.0251536 0.000906485
0 0.362973 0.47044 0.244598 0.534995 0.000906293
2 0.946198 0.842929 0.107604 0.314142 0.000905453
0 0.109691 0.0543138 0.210175 0.107755 0.000904738
2 0.0926592 0.687839 0.158249 0.227188 0.000903782
2 0.680368 0.599805 0.278519 0.315697 0.000902778
1 0.886791 0.449897 0.226417 0.222301 0.000902065
2 0.0899698 0.477792 0.168984 0.228281 0.000902023
2 0.116004 0.917859 0.224448 0.154547 0.000900432
0 0.337608 0.316015 0.174394 0.123165 0.000897319
2 0.944383 0.195219 0.111234 0.390439 0.000895663
1 0.39314 0.644269 0.358631 0.205336 0.000893933
0 0.449293 0.326569 0.284351 0.145609 0.000893431
2 0.570126 0.554764 0.691467 0.322211 0.000892329
2 0.86582 0.774688 0.268359 0.175647 0.000891791
2 0.15546 0.525461 0.2272 0.218937 0.000891714
2 0.335932 0.777359 0.232595 0.167599 0.000890007
0 0.106314 0.0197411 0.191623 0.0390743 0.000888668
2 0.0970065 0.447486 0.190502 0.208717 0.000887852
0 0.501977 0.355718 0.410794 0.173466 0.000887527
1 0.421706 0.0506303 0.579009 0.101261 0.000887433
2 0.479205 0.538843 0.52559 0.40357 0.000884869
2 0.501049 0.811819 0.218775 0.130911 0.000884546
1 0.0709139 0.73831 0.141412 0.375503 0.000883829
1 0.458235 0.648637 0.461348 0.212774 0.00088317
2 0.732454 0.808148 0.374166 0.163088 0.00088244
0 0.255206 0.176557 0.29432 0.16034 0.000881944
0 0.254288 0.139096 0.317801 0.135962 0.000881294
0 0.083176 0.087687 0.165087 0.175374 0.000880042
2 0.507853 0.596413 0.602138 0.299341 0.00087797
2 0.0900203 0.634934 0.163615 0.196186 0.000877847
1 0.874537 0.702333 0.250926 0.340547 0.000877825
2 0.341037 0.745375 0.232682 0.129345 0.000877547
0 0.21694 0.227946 0.264372 0.152776 0.000876327
2 0.939004 0.58996 0.121992 0.501499 0.00087596
2 0.83677 0.57733 0.320277 0.426075 0.000874863
2 0.668508 0.847589 0.208916 0.168718 0.000874531
2 0.447018 0.708899 0.573421 0.106595 0.0008744
0 0.262405 0.106312 0.300557 0.125209 0.000873306
2 0.924748 0.648837 0.146507 0.451071 0.000871211
1 0.670184 0.562737 0.369442 0.423871 0.000870037
2 0.391236 0.985125 0.396792 0.0297505 0.000869333
2 0.687219 0.0571566 0.450228 0.112881 0.000868421
2 0.724027 0.816907 0.242782 0.244657 0.000863684
2 0.151604 0.557106 0.195626 0.176732 0.000863333
0 0.698746 0.191156 0.196124 0.10146 0.000860569
2 0.325492 0.986615 0.394876 0.0267703 0.000858923
2 0.285914 0.758716 0.258254 0.190043 0.00085849
1 0.611552 0.507898 0.705591 0.268031 0.000858347
0 0.212266 0.987915 0.424533 0.0241706 0.0008576
2 0.31831 0.757054 0.229923 0.159877 0.000857398
2 0.176966 0.50266 0.317567 0.240386 0.000856342
2 0.602229 0.839578 0.257439 0.202022 0.000855308
0 0.70731 0.17199 0.223899 0.109649 0.000855045
0 0.317955 0.422887 0.186726 0.409533 0.000851536
