2 0.464716 0.247795 0.450472 0.350648 0.888555
0 0.451793 0.780211 0.341167 0.210453 0.772435
0 0.463658 0.246606 0.45458 0.351074 0.193479
0 0.583179 0.821564 0.073185 0.0711012 0.188893
2 0.506253 0.320611 0.280062 0.187658 0.129739
0 0.397678 0.751812 0.239879 0.157907 0.117436
2 0.452799 0.31567 0.391313 0.197582 0.0544415
0 0.406011 0.777685 0.236622 0.21673 0.0528951
0 0.478901 0.795335 0.284543 0.167457 0.0500705
0 0.491595 0.813075 0.257858 0.127345 0.0474508
0 0.307157 0.750416 0.0574793 0.0375093 0.0456874
2 0.351924 0.152807 0.231266 0.156238 0.0376079
2 0.395565 0.309597 0.239184 0.162764 0.0328017
0 0.375784 0.702563 0.0576433 0.0529075 0.0292722
2 0.426225 0.152351 0.388814 0.159924 0.0269129
0 0.354624 0.290078 0.149528 0.116492 0.0266595
0 0.410229 0.731085 0.178862 0.113305 0.0257798
0 0.584176 0.80614 0.0711146 0.044559 0.0253217
0 0.524333 0.783942 0.486793 0.219521 0.0248023
0 0.507026 0.826712 0.229148 0.10308 0.0218555
0 0.355715 0.307694 0.159732 0.158365 0.0216531
0 0.589595 0.80073 0.0594892 0.0329787 0.0207436
2 0.358518 0.30788 0.164908 0.158499 0.0203331
0 0.583676 0.79123 0.614794 0.270789 0.0191782
0 0.395806 0.702966 0.103164 0.0556674 0.0143825
0 0.575029 0.815244 0.0960672 0.0959299 0.0134529
0 0.354011 0.833423 0.584021 0.333154 0.0134196
0 0.309764 0.757438 0.0626714 0.0484377 0.0129304
0 0.440835 0.174065 0.41635 0.208803 0.012908
2 0.461217 0.148319 0.202998 0.146132 0.0127428
0 0.371684 0.697798 0.0487858 0.0444014 0.0124526
0 0.318093 0.765183 0.0826827 0.0642655 0.0124484
0 0.372024 0.689265 0.0466398 0.0255447 0.0119054
0 0.597175 0.590594 0.0474807 0.0393204 0.0117023
2 0.568411 0.255146 0.631221 0.451063 0.0102372
2 0.516305 0.181706 0.356069 0.205505 0.00991778
0 0.461067 0.834669 0.351436 0.295435 0.00944503
0 0.0229096 0.81024 0.0458192 0.286495 0.00885249
0 0.305747 0.126469 0.137551 0.102097 0.00876838
0 0.490867 0.278358 0.48762 0.449494 0.00867577
0 0.427494 0.857918 0.0464539 0.0468082 0.0083622
0 0.297799 0.805602 0.595598 0.288491 0.00824066
0 0.565694 0.825898 0.103701 0.0690138 0.00818724
0 0.0285837 0.785993 0.0571674 0.304395 0.00780902
2 0.596806 0.197039 0.189487 0.154676 0.00770144
0 0.314913 0.151276 0.156198 0.151061 0.00745766
0 0.177174 0.80485 0.354227 0.336792 0.00728238
2 0.51902 0.206332 0.365606 0.291855 0.00701738
0 0.306399 0.767295 0.0607482 0.0666847 0.00667088
0 0.414134 0.275361 0.283147 0.227328 0.00659828
0 0.0999701 0.77781 0.197299 0.327751 0.00627766
2 0.311119 0.15272 0.146703 0.152586 0.00623581
0 0.405826 0.765689 0.400972 0.229305 0.00622297
0 0.339415 0.789639 0.0627216 0.0569308 0.00608458
0 0.239083 0.824332 0.478166 0.350948 0.00600896
2 0.461478 0.185578 0.462561 0.235722 0.0056251
0 0.416888 0.706202 0.153599 0.0650098 0.00541526
0 0.477021 0.732921 0.410732 0.313556 0.0052869
0 0.378644 0.703574 0.101664 0.0590189 0.00520861
0 0.389401 0.16261 0.32535 0.189215 0.00515472
0 0.593312 0.177574 0.197785 0.185237 0.00514435
2 0.588202 0.340056 0.675823 0.598908 0.00510737
0 0.4248 0.863204 0.04363 0.0352074 0.0050875
0 0.0354878 0.748191 0.0709757 0.366202 0.00503714
0 0.0163542 0.814031 0.0327084 0.250322 0.00494901
0 0.155261 0.869556 0.310521 0.260889 0.00489878
2 0.531659 0.265271 0.313146 0.300907 0.00452358
0 0.421746 0.319201 0.628512 0.543769 0.00444179
0 0.445895 0.240022 0.655446 0.339433 0.00443524
0 0.0784633 0.74423 0.15548 0.385019 0.00438427
0 0.621908 0.817605 0.172867 0.0829187 0.00427519
0 0.443908 0.856371 0.0784065 0.0516969 0.00423257
0 0.143026 0.328712 0.0207534 0.018748 0.00409707
2 0.50192 0.332142 0.488774 0.559594 0.00401948
0 0.345206 0.776818 0.0770211 0.0857761 0.00398633
0 0.015817 0.861971 0.031634 0.263416 0.00388126
0 0.140512 0.89812 0.281024 0.203761 0.00384598
0 0.470176 0.195544 0.45172 0.391089 0.00376324
0 0.335634 0.74414 0.389219 0.158675 0.00373056
0 0.434258 0.818114 0.262277 0.13006 0.00372228
0 0.447525 0.148497 0.438286 0.296995 0.00371852
0 0.43394 0.743837 0.147057 0.0870818 0.00364745
0 0.646314 0.817232 0.658618 0.302346 0.00361008
2 0.522726 0.148708 0.352666 0.153041 0.00356353
0 0.344397 0.15508 0.214496 0.156827 0.00350631
0 0.410331 0.116986 0.384504 0.233971 0.00343264
0 0.250648 0.904436 0.501296 0.190365 0.00337992
0 0.378863 0.711548 0.0609765 0.0741125 0.00335929
0 0.0387159 0.715607 0.0774318 0.376222 0.00332943
0 0.653707 0.979182 0.462556 0.0416361 0.00329912
0 0.521738 0.771393 0.608654 0.425805 0.00329046
0 0.725489 0.979469 0.405758 0.041061 0.0032322
0 0.556561 0.212704 0.691708 0.343336 0.00321612
0 0.318897 0.955172 0.630155 0.0878033 0.00318709
0 0.938311 0.13013 0.123378 0.257828 0.00316373
0 0.518093 0.121147 0.49118 0.242293 0.00315237
0 0.284748 0.257367 0.433958 0.383906 0.00314827
0 0.451254 0.978647 0.371161 0.0427069 0.00314512
0 0.357019 0.281501 0.591193 0.432091 0.00313726
0 0.313413 0.749595 0.621647 0.302758 0.00311243
0 0.513858 0.979082 0.405897 0.0418358 0.00311045
0 0.935789 0.0658935 0.128423 0.131787 0.00309095
0 0.327304 0.770616 0.0886012 0.0744789 0.00306865
1 0.448965 0.322298 0.360252 0.189363 0.00305947
0 0.369799 0.977418 0.468182 0.0451632 0.00305604
0 0.303496 0.971608 0.59554 0.0564469 0.00305377
0 0.41668 0.167528 0.694594 0.207502 0.00304911
0 0.635367 0.219697 0.690943 0.398402 0.0030438
0 0.387507 0.725286 0.407373 0.326246 0.00304338
0 0.327532 0.107616 0.365977 0.215231 0.00303962
0 0.934158 0.221793 0.131684 0.357911 0.0030161
0 0.332105 0.775931 0.116036 0.0876644 0.00299434
0 0.122155 0.0632412 0.244311 0.126482 0.00299113
0 0.916298 0.971426 0.167404 0.0571486 0.00296323
0 0.522499 0.180608 0.343783 0.206029 0.00294422
0 0.175259 0.0661656 0.346743 0.132331 0.00293987
2 0.610358 0.41675 0.767825 0.697171 0.00291535
0 0.908967 0.0575723 0.182067 0.115145 0.00290828
0 0.409824 0.232226 0.339952 0.323715 0.00290756
0 0.446235 0.845873 0.0875252 0.0728725 0.00288984
0 0.35137 0.096132 0.679627 0.192264 0.00287457
0 0.0378882 0.817923 0.0757764 0.226447 0.00287192
0 0.0880919 0.179388 0.176184 0.304557 0.00285753
0 0.0934291 0.132721 0.186858 0.242922 0.00285653
0 0.470906 0.841389 0.146864 0.0870945 0.00285171
0 0.444207 0.23446 0.149247 0.109189 0.00283453
0 0.290313 0.081667 0.554239 0.163334 0.00283294
0 0.112512 0.0901733 0.225024 0.175623 0.00283012
0 0.0432403 0.777062 0.0864806 0.346061 0.00282891
0 0.69452 0.882774 0.586158 0.177795 0.00281966
0 0.0421921 0.663899 0.0843841 0.344638 0.00281861
0 0.14646 0.329613 0.0273678 0.0222104 0.00280582
0 0.589643 0.0950557 0.642986 0.190111 0.00280121
0 0.0740399 0.261755 0.14808 0.326824 0.00278834
0 0.562431 0.342952 0.632961 0.571136 0.00277188
0 0.710724 0.0681635 0.511239 0.136327 0.00277079
0 0.27895 0.72691 0.5579 0.406117 0.00276675
0 0.585733 0.827833 0.0592857 0.0618301 0.00275581
0 0.846927 0.0602048 0.306146 0.12041 0.0027555
0 0.934213 0.327662 0.131574 0.3874 0.00275143
0 0.0751634 0.311787 0.150327 0.316397 0.0027495
0 0.831107 0.978972 0.316687 0.0420557 0.00274312
0 0.365062 0.381562 0.693748 0.485275 0.00273208
0 0.1674 0.145036 0.3348 0.283718 0.00272874
0 0.170804 0.257225 0.341608 0.387566 0.00272849
0 0.0842842 0.450746 0.168568 0.288093 0.00272817
0 0.257032 0.159111 0.464653 0.263491 0.00272608
0 0.0872382 0.400795 0.174476 0.283757 0.00272591
0 0.0798102 0.352042 0.15962 0.301332 0.00272357
0 0.171326 0.0988468 0.342652 0.193502 0.00272078
0 0.471398 0.722219 0.451594 0.412193 0.00272057
0 0.0727898 0.504 0.14558 0.278624 0.00271958
0 0.0531866 0.572189 0.106373 0.255564 0.00271441
0 0.616077 0.19631 0.154942 0.152723 0.00271349
0 0.229864 0.209569 0.353073 0.311198 0.00271322
0 0.450016 0.337371 0.446362 0.530036 0.00268613
0 0.378251 0.132392 0.744613 0.225199 0.00266607
0 0.914249 0.181621 0.167174 0.327072 0.00265057
0 0.0177484 0.876125 0.0354967 0.247749 0.00262945
0 0.890521 0.218241 0.217123 0.39094 0.00262408
0 0.187541 0.344119 0.375082 0.374596 0.00260963
0 0.769674 0.25505 0.439393 0.49273 0.002606
0 0.917778 0.0866088 0.16382 0.170635 0.00260543
0 0.928723 0.902452 0.142553 0.17587 0.00259576
2 0.68863 0.321676 0.601942 0.591711 0.00258792
0 0.839906 0.211823 0.29956 0.399209 0.00258571
0 0.0354863 0.879434 0.0709727 0.241132 0.00257886
0 0.601723 0.139195 0.752309 0.273663 0.00257124
0 0.864746 0.165101 0.248136 0.326139 0.00256741
0 0.37369 0.357931 0.404406 0.551018 0.00256432
0 0.508023 0.333977 0.249892 0.165785 0.00254517
0 0.284875 0.121213 0.548069 0.232559 0.00253821
0 0.423677 0.755468 0.180913 0.115882 0.00253795
0 0.304827 0.720323 0.444216 0.323374 0.0025226
0 0.933125 0.425322 0.133751 0.327959 0.00252203
0 0.301787 0.39254 0.503821 0.586149 0.0025218
0 0.933922 0.833129 0.130108 0.246524 0.00250261
0 0.86074 0.266104 0.277605 0.460408 0.00249651
0 0.331306 0.302258 0.246797 0.175222 0.00249106
0 0.681108 0.772146 0.602986 0.349795 0.00248433
0 0.093677 0.674841 0.187354 0.42367 0.00247906
0 0.855546 0.10846 0.277738 0.213474 0.00242803
0 0.153722 0.431143 0.307445 0.379733 0.00242489
0 0.388035 0.679226 0.0877467 0.0658485 0.0024077
0 0.929431 0.476064 0.141139 0.279598 0.00240734
0 0.786057 0.527191 0.0446467 0.0295784 0.00238295
0 0.93306 0.751022 0.13388 0.276393 0.00235902
0 0.221882 0.71743 0.443116 0.33805 0.00234997
0 0.182282 0.704012 0.364564 0.423799 0.00233901
0 0.924073 0.532972 0.151854 0.25692 0.00233811
2 0.308454 0.12517 0.132372 0.100551 0.0023333
0 0.786006 0.9213 0.427988 0.111014 0.00232994
0 0.0451267 0.853391 0.0902533 0.203068 0.00232403
0 0.120849 0.527306 0.241697 0.286517 0.00230859
0 0.920238 0.593693 0.159525 0.26487 0.00230182
0 0.921811 0.658808 0.156378 0.28974 0.00229895
0 0.565416 0.708205 0.721691 0.367226 0.00229708
0 0.486788 0.76302 0.306978 0.157697 0.00229561
0 0.929033 0.709093 0.141934 0.303327 0.00229387
0 0.439886 0.720407 0.0401472 0.0373764 0.00221168
0 0.351085 0.786542 0.0881153 0.067407 0.00221047
0 0.233533 0.434611 0.465413 0.451966 0.00220432
0 0.669065 0.679109 0.623848 0.318136 0.0021853
0 0.53163 0.832194 0.449755 0.104096 0.00217264
0 0.175367 0.532408 0.350733 0.354583 0.00217174
0 0.849514 0.360223 0.299512 0.386058 0.00216946
0 0.327991 0.787659 0.0464358 0.0468066 0.00216388
0 0.533032 0.388033 0.688837 0.405094 0.00215191
0 0.43957 0.714246 0.0329009 0.0248391 0.00214079
0 0.773061 0.82782 0.438788 0.312109 0.00213979
0 0.215861 0.56153 0.426816 0.276562 0.00213871
0 0.856568 0.918851 0.286863 0.13705 0.00212948
0 0.298725 0.394943 0.43656 0.423431 0.00209949
0 0.36722 0.378241 0.46062 0.411264 0.00209095
0 0.848591 0.841198 0.302819 0.241372 0.00208968
0 0.581333 0.571369 0.70957 0.174465 0.0020887
0 0.502788 0.365422 0.52617 0.411702 0.00207954
0 0.558515 0.46921 0.793464 0.364071 0.0020682
0 0.778953 0.764926 0.422543 0.338499 0.00206812
0 0.523348 0.592208 0.669209 0.240209 0.00204517
0 0.73345 0.719893 0.512138 0.3965 0.00202878
0 0.28321 0.558439 0.428889 0.224869 0.00201735
0 0.692582 0.590312 0.579752 0.246886 0.00199125
0 0.345747 0.569098 0.444422 0.243216 0.0019819
0 0.370097 0.676512 0.045759 0.0503081 0.00198155
0 0.634063 0.520415 0.707961 0.367793 0.00196619
0 0.40549 0.583642 0.467022 0.252613 0.00195873
0 0.475558 0.132956 0.175614 0.117898 0.00195498
0 0.839722 0.739251 0.320102 0.235921 0.00195219
0 0.507305 0.608388 0.535213 0.290599 0.00194775
0 0.80819 0.450037 0.38362 0.24611 0.00194238
1 0.470849 0.196202 0.506935 0.255154 0.00193983
0 0.0835775 0.895318 0.167155 0.209363 0.0019316
0 0.732136 0.621804 0.509188 0.348848 0.00191949
0 0.80622 0.68681 0.387356 0.276625 0.00191647
0 0.796152 0.638355 0.406552 0.261947 0.00188784
0 0.801395 0.511367 0.397211 0.216451 0.00186978
0 0.802323 0.571786 0.395353 0.228478 0.00186347
0 0.0608374 0.884826 0.121675 0.230349 0.00185212
1 0.492379 0.343623 0.334693 0.128135 0.00183385
1 0.522418 0.331275 0.277694 0.161191 0.00180419
0 0.779417 0.525033 0.05886 0.0340452 0.00178765
0 0.471835 0.289369 0.409854 0.251133 0.00176545
0 0.578691 0.157972 0.232762 0.168549 0.00175927
0 0.535031 0.213857 0.319763 0.169607 0.00175131
0 0.548655 0.292964 0.303606 0.234641 0.00170976
0 0.452916 0.73432 0.0852524 0.0663709 0.00170354
2 0.555178 0.221869 0.275968 0.206089 0.00168167
0 0.653657 0.989083 0.406712 0.0218346 0.00166812
0 0.523291 0.147317 0.343443 0.149624 0.00166486
0 0.554563 0.831855 0.132776 0.0706807 0.00163375
2 0.634019 0.209409 0.118496 0.0982421 0.00161427
0 0.585686 0.989864 0.417431 0.020273 0.00161021
0 0.497718 0.119132 0.254373 0.0953733 0.00159289
0 0.437177 0.723784 0.0504626 0.0446131 0.00158713
0 0.391611 0.702914 0.250845 0.0749388 0.00158486
0 0.546915 0.790246 0.377729 0.165414 0.00154371
0 0.0553757 0.889644 0.110751 0.220711 0.00152245
0 0.37467 0.0107873 0.0864999 0.0211631 0.00151156
0 0.580477 0.258272 0.231688 0.249105 0.00147925
1 0.50774 0.360767 0.325426 0.118996 0.0014656
0 0.4475 0.683418 0.241439 0.0889632 0.00146332
0 0.0174987 0.866353 0.0338959 0.122585 0.00143798
0 0.675766 0.817937 0.332225 0.0926453 0.00143348
0 0.486942 0.0976014 0.173678 0.0435748 0.00143025
0 0.398303 0.679067 0.138664 0.0755899 0.00141249
0 0.362765 0.265098 0.140692 0.0680081 0.00140917
0 0.362835 0.233336 0.231335 0.308407 0.0013924
0 0.526657 0.120647 0.360867 0.10488 0.00139208
0 0.0559163 0.78699 0.111833 0.293929 0.00138835
2 0.507804 0.327205 0.194625 0.141648 0.00135154
0 0.513391 0.98943 0.425989 0.0211393 0.00133188
0 0.128986 0.988145 0.257972 0.0232817 0.00131222
0 0.728475 0.986725 0.433309 0.0265141 0.00130181
2 0.487875 0.346478 0.234868 0.141022 0.00129416
0 0.361597 0.782074 0.110754 0.0791859 0.00129397
1 0.527915 0.333611 0.422644 0.146587 0.00127701
0 0.589941 0.834446 0.0499504 0.0477957 0.00127675
0 0.47207 0.095686 0.310177 0.0582733 0.00127434
0 0.160256 0.985917 0.320513 0.0281659 0.00126973
0 0.599133 0.797393 0.0388471 0.0341879 0.00126923
1 0.119014 0.905764 0.238028 0.188473 0.0012663
0 0.434583 0.769036 0.152276 0.133001 0.00125834
0 0.318571 0.987806 0.436577 0.0243881 0.00125783
0 0.49654 0.369186 0.275698 0.099201 0.00124157
1 0.484633 0.371768 0.492029 0.104709 0.00123474
0 0.808936 0.986935 0.382128 0.0257687 0.00123131
0 0.56155 0.113415 0.287425 0.0955913 0.00122803
0 0.586562 0.255846 0.424645 0.237144 0.0012277
0 0.386576 0.011249 0.165646 0.0218449 0.00122172
0 0.260637 0.148162 0.374026 0.176679 0.00121999
0 0.934032 0.034618 0.130866 0.0686343 0.00120657
0 0.95555 0.0248483 0.0888996 0.0490918 0.00120468
0 0.449935 0.782956 0.120608 0.126448 0.00119687
0 0.433183 0.987943 0.466349 0.0241137 0.00119131
0 0.525013 0.755692 0.351686 0.135497 0.00118824
0 0.958345 0.847503 0.0775942 0.15176 0.00118601
0 0.115355 0.959678 0.23071 0.0806448 0.00117963
0 0.0153808 0.900371 0.0306753 0.0723611 0.00117917
0 0.524544 0.845813 0.334204 0.109255 0.00116953
