0 0.689475 0.127086 0.37408 0.196577 0.858286
0 0.802871 0.504875 0.19963 0.151944 0.752005
0 0.3632 0.0902997 0.208542 0.0936796 0.740528
0 0.0496174 0.806656 0.0983335 0.0952503 0.66397
0 0.287764 0.565704 0.512488 0.637543 0.574286
0 0.27655 0.658031 0.541591 0.447379 0.407705
0 0.293436 0.48193 0.499449 0.454349 0.334175
0 0.273282 0.728083 0.545063 0.306744 0.301783
0 0.635352 0.152103 0.263845 0.145501 0.284503
0 0.34403 0.298538 0.11065 0.0775753 0.210332
0 0.579358 0.125556 0.149208 0.0912475 0.166381
0 0.32814 0.758095 0.418389 0.249257 0.16236
0 0.574208 0.126078 0.576696 0.19693 0.156693
0 0.311301 0.339348 0.178064 0.161404 0.146579
0 0.742979 0.127376 0.26198 0.193488 0.14463
0 0.817868 0.058392 0.106461 0.0589281 0.0824915
0 0.777484 0.114292 0.195092 0.173192 0.0783573
0 0.306986 0.407428 0.469432 0.301947 0.0717441
0 0.797034 0.0929384 0.150216 0.127749 0.0632754
0 0.812959 0.0754676 0.121233 0.0922942 0.0625829
0 0.465811 0.735034 0.135874 0.11123 0.0578596
0 0.207832 0.697571 0.415664 0.330084 0.0503559
0 0.726876 0.151416 0.274445 0.146643 0.0498147
0 0.411893 0.489166 0.710378 0.54504 0.0494868
0 0.624504 0.133943 0.239861 0.110248 0.0467404
0 0.231105 0.565302 0.410536 0.262142 0.0439792
0 0.210891 0.751391 0.421783 0.221627 0.0386201
0 0.472888 0.56761 0.874951 0.669634 0.0382262
0 0.692446 0.197974 0.376649 0.354872 0.0342306
0 0.145004 0.784733 0.290007 0.140995 0.0334274
0 0.479438 0.0848731 0.444187 0.110628 0.0324772
0 0.179671 0.591036 0.304108 0.146145 0.0309684
0 0.0753369 0.593479 0.0937617 0.0741094 0.0280541
0 0.112828 0.805121 0.225656 0.100121 0.0275456
0 0.186264 0.474161 0.154745 0.0969018 0.0266131
0 0.188905 0.557987 0.322922 0.212204 0.0235653
0 0.424311 0.745336 0.219236 0.171726 0.0219383
0 0.343913 0.360174 0.24685 0.206068 0.0211968
0 0.416827 0.0882096 0.31742 0.100546 0.0202079
0 0.811043 0.744065 0.0380677 0.038053 0.0201556
0 0.825823 0.052533 0.0909347 0.0499811 0.0200416
0 0.061885 0.81455 0.0590356 0.0788294 0.0171652
0 0.0952101 0.578515 0.131654 0.106393 0.0167371
0 0.3663 0.726028 0.342017 0.192103 0.0163788
0 0.368729 0.440001 0.361532 0.20737 0.0162969
0 0.389291 0.730483 0.511143 0.313059 0.0161761
0 0.0845734 0.77719 0.169147 0.158401 0.0160394
0 0.834415 0.501306 0.277346 0.156382 0.0156232
0 0.130796 0.732636 0.260856 0.255555 0.0154345
0 0.755308 0.130667 0.489383 0.212702 0.0149246
0 0.490007 0.117849 0.309511 0.115431 0.0145525
0 0.186434 0.645087 0.344582 0.443942 0.0144676
0 0.382116 0.833086 0.11727 0.0920612 0.0138863
0 0.254234 0.482929 0.295082 0.117447 0.0127952
0 0.454526 0.454806 0.168543 0.082663 0.0126126
0 0.452296 0.109043 0.420291 0.147172 0.0124583
0 0.274431 0.784662 0.548862 0.311603 0.0124229
0 0.164038 0.460228 0.110734 0.0685396 0.0123285
0 0.298207 0.0716576 0.368636 0.143315 0.0120897
0 0.598668 0.206132 0.707388 0.348181 0.0115758
0 0.389105 0.479055 0.304186 0.236306 0.0114552
0 0.363522 0.647212 0.658798 0.526621 0.011449
0 0.707923 0.116524 0.420415 0.233049 0.0113381
0 0.379109 0.0716686 0.397634 0.143337 0.0111514
0 0.425682 0.429255 0.580777 0.408998 0.0108144
0 0.612079 0.505007 0.630984 0.165206 0.0106614
0 0.38946 0.394965 0.335298 0.279208 0.0104597
0 0.0502184 0.854074 0.0999678 0.203611 0.0103574
0 0.0623168 0.831937 0.049894 0.0452152 0.0102005
0 0.660656 0.240628 0.446339 0.47238 0.0101309
0 0.311608 0.391388 0.137658 0.0981706 0.0100542
0 0.130153 0.658783 0.258772 0.402972 0.00997044
0 0.313506 0.314335 0.194917 0.11118 0.00971527
0 0.453526 0.56025 0.0852732 0.0789121 0.00968647
0 0.197611 0.486149 0.180968 0.12207 0.00966316
0 0.419031 0.465627 0.237208 0.106048 0.00950252
0 0.836018 0.563197 0.285719 0.270855 0.0088547
0 0.46396 0.0722452 0.549207 0.14449 0.00868326
0 0.369609 0.772815 0.34049 0.212073 0.00866884
0 0.220313 0.450968 0.351776 0.393591 0.00858803
0 0.444486 0.480935 0.192413 0.132924 0.00817711
0 0.296844 0.485072 0.390469 0.143259 0.00805597
0 0.327508 0.0915285 0.142892 0.0922993 0.00788345
0 0.430335 0.778085 0.214165 0.203523 0.00775149
0 0.503886 0.54759 0.820318 0.471427 0.00770392
0 0.272679 0.386486 0.381373 0.257595 0.00764266
0 0.124716 0.574966 0.191653 0.119785 0.00758382
0 0.215848 0.819787 0.431695 0.360426 0.00747264
0 0.584784 0.0941019 0.757507 0.188204 0.00738933
0 0.0887944 0.814393 0.174774 0.116099 0.00737486
0 0.295577 0.734141 0.334728 0.195552 0.00723084
0 0.402612 0.0851884 0.132691 0.0884756 0.00702828
0 0.310234 0.776466 0.309067 0.202645 0.0069448
0 0.382725 0.301205 0.217046 0.0868001 0.00660198
0 0.186578 0.486437 0.329414 0.382475 0.00656355
0 0.335808 0.464975 0.463903 0.230261 0.00646009
0 0.111757 0.53052 0.172468 0.215808 0.00641643
0 0.419674 0.716943 0.226653 0.159213 0.00632747
0 0.313288 0.371963 0.167026 0.172298 0.00614708
0 0.135324 0.835371 0.269534 0.329259 0.0061021
0 0.227461 0.753997 0.191945 0.152071 0.00601605
0 0.37894 0.191508 0.245277 0.294955 0.00595171
0 0.167066 0.75929 0.334132 0.188385 0.0058346
0 0.854901 0.0545292 0.194177 0.0614834 0.00579961
0 0.277672 0.432268 0.343307 0.218482 0.00540117
0 0.410849 0.507676 0.259131 0.191442 0.00538078
0 0.442908 0.406299 0.595169 0.749208 0.0053114
0 0.374744 0.415887 0.30223 0.187916 0.00530295
0 0.337242 0.719144 0.45951 0.241965 0.00527601
0 0.565264 0.634449 0.732435 0.46857 0.00526114
0 0.290568 0.0896229 0.539872 0.175565 0.00520348
0 0.690174 0.157546 0.184572 0.128032 0.00518486
0 0.792719 0.0849311 0.209248 0.118757 0.00509102
0 0.0831228 0.010962 0.0876708 0.021924 0.00508615
0 0.558911 0.281096 0.72661 0.562193 0.00506924
0 0.455647 0.760995 0.58414 0.350143 0.0048918
0 0.165024 0.574334 0.322269 0.298109 0.00474189
0 0.250668 0.74146 0.236879 0.177728 0.00472771
0 0.266957 0.542692 0.512602 0.255915 0.00468014
0 0.692004 0.131052 0.384279 0.112344 0.004673
0 0.52165 0.733343 0.249597 0.112248 0.00455559
0 0.570477 0.126495 0.242357 0.0946313 0.00448595
0 0.300546 0.144279 0.565994 0.275871 0.00442706
0 0.752946 0.220871 0.487749 0.403288 0.00438706
0 0.8651 0.101724 0.24759 0.148265 0.00436919
0 0.209394 0.490864 0.094974 0.0795275 0.00435904
0 0.32325 0.0758992 0.131319 0.0601104 0.00435121
0 0.43314 0.824028 0.237631 0.110554 0.00432855
0 0.764296 0.171115 0.471408 0.287371 0.0043062
0 0.390149 0.378483 0.469219 0.377132 0.00426722
0 0.857586 0.477485 0.284829 0.212828 0.00426473
0 0.365401 0.0699189 0.22127 0.139838 0.00425438
0 0.832203 0.604865 0.320916 0.405989 0.00423287
0 0.224841 0.728144 0.188924 0.121738 0.00421076
0 0.844924 0.120066 0.310152 0.214608 0.00419634
0 0.491326 0.369355 0.780353 0.73871 0.0041496
0 0.404575 0.559531 0.188511 0.0809986 0.00409642
0 0.0615459 0.685843 0.123092 0.350484 0.00409367
0 0.392473 0.792691 0.712499 0.391382 0.00403936
0 0.782289 0.127008 0.144506 0.0803715 0.0040023
0 0.426697 0.0662477 0.0779598 0.0490466 0.00398828
0 0.283355 0.201672 0.390326 0.33614 0.00398033
0 0.290796 0.831179 0.579688 0.295192 0.00393573
0 0.317467 0.499594 0.459265 0.219992 0.00388058
0 0.379194 0.344166 0.306443 0.173735 0.00387251
0 0.257204 0.06893 0.514408 0.13786 0.00385941
0 0.367761 0.289413 0.303724 0.479442 0.00375802
0 0.718248 0.10099 0.393957 0.177345 0.00374779
0 0.548182 0.101179 0.084038 0.0445746 0.00373127
0 0.838706 0.0960855 0.322588 0.192171 0.00369368
0 0.838737 0.0564774 0.0666097 0.0478504 0.00367168
0 0.552499 0.11257 0.0939 0.0638077 0.00366792
0 0.155582 0.453458 0.0901113 0.0547491 0.00365875
0 0.808984 0.54776 0.0591805 0.0621227 0.00360198
0 0.182621 0.0684388 0.365242 0.136878 0.00354943
0 0.341354 0.28184 0.0915666 0.0479371 0.00352705
0 0.115888 0.947611 0.231775 0.104778 0.00348399
0 0.151686 0.514701 0.303373 0.339836 0.00345201
0 0.786912 0.428855 0.265963 0.30909 0.00342314
0 0.0955201 0.0104461 0.064748 0.0203488 0.00342142
0 0.206986 0.607382 0.385147 0.192608 0.00339664
0 0.923241 0.968626 0.153518 0.0627482 0.00334316
0 0.184312 0.736593 0.100665 0.0773772 0.00332684
0 0.332916 0.260111 0.269986 0.410727 0.00330714
0 0.0573745 0.779255 0.0745859 0.0418186 0.00326569
0 0.313962 0.695698 0.35777 0.225959 0.00325867
0 0.392189 0.861796 0.564726 0.246492 0.00324982
0 0.186792 0.0993093 0.373585 0.195587 0.00324674
0 0.0539683 0.788948 0.0811997 0.0593984 0.00323811
0 0.274264 0.712943 0.287904 0.177618 0.0031985
2 0.815728 0.976513 0.349058 0.0469732 0.00316097
0 0.891713 0.427413 0.216574 0.316386 0.00313214
0 0.455735 0.77761 0.387138 0.19895 0.00310907
0 0.574696 0.977962 0.425268 0.0440767 0.00309948
0 0.421064 0.545304 0.197171 0.1115 0.00308772
0 0.868167 0.974521 0.263666 0.0509581 0.00305244
0 0.481709 0.695388 0.805796 0.609223 0.00305193
0 0.143495 0.13716 0.28699 0.247797 0.00301641
0 0.265453 0.275298 0.421137 0.491783 0.00300247
0 0.302191 0.0731974 0.0839401 0.0535772 0.00298459
0 0.219253 0.977415 0.41789 0.0451698 0.00298084
0 0.68903 0.977293 0.442137 0.0454131 0.00297184
0 0.802166 0.48529 0.218351 0.109632 0.00291586
0 0.305782 0.978423 0.467311 0.0431539 0.00291398
0 0.420217 0.977971 0.44912 0.044058 0.00288869
0 0.499898 0.912674 0.559875 0.136757 0.00286558
0 0.931242 0.923814 0.137515 0.146273 0.00281645
0 0.159672 0.494008 0.319345 0.142368 0.00280213
0 0.32139 0.825499 0.254597 0.105444 0.00279882
0 0.0633454 0.0100296 0.116389 0.0200593 0.00279248
0 0.112204 0.183921 0.224408 0.302067 0.00279069
0 0.356168 0.557405 0.296248 0.0878531 0.0027747
0 0.0880116 0.402644 0.176023 0.319628 0.00277303
0 0.117323 0.449489 0.234646 0.380147 0.0027647
0 0.041932 0.781395 0.0626617 0.0425915 0.00275728
0 0.834978 0.432099 0.300818 0.29558 0.00271016
0 0.882674 0.252045 0.234652 0.385832 0.0026841
0 0.0797564 0.0112274 0.122145 0.0222942 0.00267588
0 0.302909 0.364782 0.605819 0.323765 0.002645
0 0.0943392 0.222423 0.188678 0.307557 0.00263945
0 0.712271 0.19524 0.0733063 0.0545134 0.00263814
0 0.0725944 0.349591 0.145189 0.29907 0.00262917
0 0.0715447 0.288128 0.143089 0.29004 0.00262858
0 0.277914 0.663156 0.3334 0.152236 0.00262546
0 0.593937 0.413855 0.676123 0.428427 0.00257519
0 0.240381 0.335144 0.473332 0.402698 0.00256954
0 0.309992 0.544506 0.400205 0.166702 0.00254195
0 0.525925 0.711221 0.575322 0.459498 0.00253803
0 0.925859 0.342065 0.148283 0.293875 0.00253595
0 0.100955 0.593634 0.14225 0.107803 0.00253584
0 0.88883 0.733287 0.222339 0.360814 0.00250771
0 0.24324 0.690129 0.253174 0.200829 0.00248863
0 0.317599 0.548651 0.371893 0.107435 0.00244561
0 0.276753 0.578743 0.469061 0.191683 0.00242922
0 0.369178 0.111585 0.206151 0.125459 0.00242671
0 0.443261 0.437775 0.196476 0.122381 0.00242632
0 0.289705 0.295863 0.579409 0.38594 0.00241077
0 0.767888 0.657788 0.388752 0.495428 0.00240478
0 0.231351 0.227084 0.462702 0.393542 0.00237607
0 0.59083 0.921217 0.523709 0.111857 0.00236389
0 0.249773 0.762847 0.282601 0.145062 0.00236182
0 0.0431059 0.822482 0.0862119 0.0806004 0.00235576
0 0.852015 0.931951 0.29597 0.128598 0.00232618
0 0.932067 0.876919 0.135867 0.204855 0.00230984
0 0.216461 0.859423 0.0286299 0.0185099 0.00230737
0 0.270793 0.629991 0.354668 0.195179 0.00230343
0 0.796096 0.0350073 0.325402 0.0700145 0.0022994
0 0.724634 0.926829 0.522531 0.108009 0.00229449
0 0.0937658 0.605974 0.131272 0.155755 0.00229411
0 0.921953 0.803793 0.156093 0.256778 0.00228255
0 0.930068 0.841272 0.139863 0.227489 0.00226211
0 0.813421 0.701712 0.367865 0.402299 0.00220521
0 0.802105 0.743062 0.0540433 0.0425038 0.00217705
0 0.757517 0.306191 0.47392 0.414241 0.00214366
0 0.171495 0.530106 0.292078 0.219498 0.00211617
0 0.543451 0.81988 0.734888 0.35766 0.00211372
0 0.696712 0.715926 0.565282 0.455757 0.00211364
0 0.793897 0.105189 0.412206 0.152212 0.00210649
0 0.683942 0.182026 0.142738 0.0849339 0.00209209
0 0.0634447 0.59312 0.0651176 0.0614027 0.00208211
0 0.80204 0.464894 0.204942 0.06891 0.00206473
0 0.333296 0.566982 0.338604 0.168196 0.00205783
0 0.0150914 0.799881 0.0301829 0.0586813 0.00200908
0 0.247877 0.612451 0.465328 0.234254 0.00199761
2 0.664988 0.819331 0.641443 0.334846 0.00198701
0 0.639911 0.829374 0.705808 0.314953 0.00197376
0 0.784638 0.812591 0.406598 0.335375 0.00194541
0 0.436417 0.0648674 0.0624294 0.0429884 0.0019426
0 0.41169 0.817222 0.318631 0.127542 0.00194239
0 0.68202 0.150519 0.132463 0.134134 0.00193709
0 0.247315 0.633867 0.123611 0.0687672 0.00191343
0 0.0617122 0.0242996 0.121334 0.0478157 0.00189576
0 0.479721 0.727327 0.105023 0.0952371 0.00187632
0 0.81283 0.806258 0.371497 0.258429 0.00184832
0 0.801818 0.881725 0.396365 0.205729 0.00184196
0 0.483699 0.452409 0.107791 0.0785564 0.00182046
0 0.0983037 0.595551 0.196607 0.298 0.001815
0 0.303002 0.0881674 0.410425 0.103592 0.00180981
0 0.201834 0.00758541 0.078351 0.0151708 0.00179814
0 0.154426 0.00952129 0.208975 0.0190426 0.00178986
0 0.772404 0.0634055 0.406907 0.104649 0.0017884
0 0.273726 0.0460282 0.373298 0.0920563 0.00177518
0 0.634665 0.863343 0.730669 0.220028 0.00176648
0 0.0518154 0.856772 0.103435 0.286455 0.00175251
0 0.212642 0.00698559 0.0393515 0.0139712 0.00175057
0 0.765916 0.0541478 0.308707 0.072784 0.00171781
0 0.120732 0.0107181 0.241464 0.0212571 0.0017177
0 0.0765278 0.0303702 0.121118 0.0592172 0.00170019
0 0.36327 0.681389 0.436077 0.185871 0.00170011
0 0.110701 0.0307103 0.167616 0.0604596 0.00167055
0 0.269452 0.670302 0.330761 0.270793 0.00166957
0 0.255765 0.323413 0.427262 0.150205 0.00166403
0 0.285402 0.671657 0.114203 0.0783097 0.00166394
0 0.981507 0.899914 0.036986 0.0603682 0.00165099
0 0.543086 0.0953558 0.236246 0.159766 0.00164814
0 0.975632 0.919195 0.048736 0.0825104 0.00163354
0 0.973904 0.917937 0.0521557 0.164126 0.00162641
0 0.530953 0.103189 0.0518663 0.0350509 0.00161819
0 0.218398 0.856987 0.0269509 0.0226883 0.00161007
0 0.878142 0.0593772 0.243716 0.0946786 0.001517
0 0.759663 0.481468 0.113257 0.0963774 0.00149643
0 0.217198 0.646269 0.395392 0.256218 0.00147413
0 0.0675519 0.0580067 0.135104 0.114147 0.00147047
0 0.833608 0.48738 0.17486 0.162212 0.00144774
1 0.389977 0.111463 0.270033 0.132458 0.0014428
0 0.693333 0.0967606 0.0396372 0.0291838 0.00143458
0 0.429983 0.308688 0.320933 0.10698 0.00143455
0 0.331036 0.276987 0.0688938 0.039706 0.00142951
0 0.875579 0.0986975 0.248842 0.160188 0.00141889
0 0.949155 0.893005 0.101691 0.213991 0.0014175
1 0.0977961 0.874519 0.193082 0.244511 0.00140017
0 0.0827654 0.858716 0.165531 0.282568 0.00138872
0 0.332691 0.46717 0.141735 0.09041 0.00138785
0 0.609507 0.0964537 0.235034 0.158871 0.00138604
0 0.458475 0.502633 0.454001 0.176307 0.00138525
0 0.450952 0.56594 0.41384 0.112642 0.00137893
0 0.460771 0.455473 0.417088 0.0900353 0.0013694
0 0.0898319 0.014827 0.179664 0.029654 0.00136911
0 0.409074 0.0113071 0.249164 0.0207595 0.0013625
0 0.571245 0.730919 0.338797 0.120902 0.00136232
