1 0.633728 0.52186 0.568014 0.388084 0.871622
1 0.869589 0.89295 0.259135 0.2141 0.430181
1 0.640805 0.648495 0.602919 0.655533 0.346062
2 0.871438 0.906158 0.257124 0.187684 0.127331
0 0.708534 0.0959476 0.044781 0.0281154 0.0521699
1 0.663257 0.889913 0.673485 0.220174 0.0477673
0 0.961681 0.151507 0.0500727 0.0402475 0.0283837
1 0.839139 0.867316 0.315576 0.264624 0.0276026
1 0.527442 0.525586 0.357397 0.392127 0.0259067
0 0.96674 0.145121 0.0436483 0.0285045 0.0242365
0 0.87367 0.919396 0.252659 0.160706 0.0214109
1 0.529898 0.934365 0.940205 0.130694 0.0172848
1 0.880095 0.825241 0.235047 0.345925 0.0165045
1 0.680955 0.769122 0.629359 0.459446 0.0151797
1 0.647244 0.830058 0.695302 0.339223 0.0137879
1 0.784307 0.730006 0.419356 0.53186 0.0127946
1 0.709655 0.695564 0.563476 0.596499 0.0124138
1 0.280691 0.690505 0.559236 0.582695 0.0116087
1 0.464594 0.104561 0.861089 0.209121 0.0108507
1 0.495458 0.181424 0.966038 0.361974 0.0106872
1 0.856671 0.701081 0.284024 0.582656 0.0106322
2 0.878384 0.944281 0.243232 0.111327 0.0100854
1 0.483364 0.0602642 0.644747 0.120528 0.00996177
0 0.251987 0.24949 0.0447234 0.0385206 0.00910592
1 0.525264 0.608309 0.385791 0.209147 0.00906688
1 0.439147 0.690167 0.869879 0.58076 0.0089282
1 0.204849 0.434462 0.409699 0.846793 0.00849063
1 0.129978 0.643215 0.25784 0.683591 0.0084076
2 0.683881 0.700805 0.605127 0.56271 0.0084013
2 0.631686 0.533117 0.557487 0.417247 0.00839091
1 0.372032 0.468275 0.744065 0.912508 0.00823719
1 0.530293 0.967582 0.932105 0.0636517 0.00808618
1 0.114714 0.495152 0.221263 0.894806 0.00805495
1 0.72715 0.587015 0.345564 0.217021 0.00798314
1 0.235005 0.583371 0.47001 0.800158 0.00730135
1 0.0586834 0.381159 0.115527 0.588846 0.00714688
1 0.0974619 0.358893 0.190679 0.667817 0.00700353
1 0.485569 0.288639 0.970136 0.575002 0.00696463
2 0.796116 0.690081 0.403222 0.58108 0.00688838
1 0.0515529 0.456539 0.10087 0.660525 0.00687768
2 0.632471 0.637853 0.562 0.640809 0.00682687
1 0.583289 0.794399 0.82868 0.406774 0.00671167
0 0.0687972 0.297899 0.135974 0.421429 0.00666421
1 0.528385 0.0806677 0.673075 0.160537 0.00664591
1 0.161991 0.366234 0.323981 0.731612 0.00662364
1 0.537316 0.650466 0.689485 0.626419 0.00647511
0 0.0968792 0.283507 0.190593 0.516688 0.00642606
0 0.0635925 0.216638 0.12504 0.294235 0.00583609
1 0.370764 0.967792 0.684863 0.0644167 0.00581042
1 0.117712 0.713249 0.234768 0.523842 0.00571644
2 0.412592 0.0585488 0.794587 0.117098 0.00567799
1 0.0689404 0.657956 0.137881 0.557542 0.00565156
0 0.95271 0.136938 0.0935108 0.264799 0.00548875
0 0.0680246 0.173275 0.134273 0.28986 0.00545352
0 0.971605 0.144969 0.0567897 0.0380017 0.00543454
0 0.368371 0.293023 0.135644 0.0877641 0.00542298
1 0.198983 0.756768 0.397966 0.475381 0.00539823
0 0.935498 0.719761 0.0479034 0.0730915 0.00537828
1 0.598918 0.718671 0.736425 0.553017 0.00535821
1 0.31519 0.0744087 0.630379 0.148817 0.00532753
0 0.381874 0.0345992 0.0984857 0.0626178 0.00532289
2 0.364371 0.106372 0.722098 0.212406 0.00522046
0 0.0876516 0.211883 0.173666 0.387726 0.00508921
1 0.622532 0.595501 0.55959 0.203572 0.00508498
1 0.502625 0.466947 0.99475 0.926469 0.00489267
0 0.907993 0.109204 0.180597 0.21639 0.00480115
0 0.408541 0.09621 0.798443 0.191956 0.00474652
0 0.708951 0.102337 0.0452664 0.0425352 0.0047317
0 0.274974 0.119561 0.542697 0.238901 0.00464323
1 0.540205 0.520974 0.549205 0.421383 0.00457251
0 0.951694 0.19473 0.09484 0.366773 0.00456944
0 0.135629 0.149913 0.268009 0.299826 0.00453505
0 0.840993 0.119792 0.305879 0.238501 0.00449236
2 0.670619 0.621958 0.50096 0.509845 0.00447878
1 0.23915 0.157746 0.475179 0.315493 0.00447471
0 0.299649 0.081899 0.595005 0.163798 0.00440026
0 0.862419 0.816928 0.0968157 0.0540665 0.00436647
1 0.330875 0.956054 0.658594 0.0868177 0.00435857
2 0.417559 0.265764 0.835117 0.527092 0.00431381
0 0.879077 0.819175 0.132386 0.0604622 0.00427256
2 0.552766 0.441677 0.361049 0.218531 0.00426326
0 0.945989 0.0931428 0.108021 0.186286 0.00412297
0 0.965456 0.177729 0.0594021 0.10633 0.00411717
0 0.523461 0.523749 0.391162 0.400116 0.00402978
2 0.527543 0.116706 0.88845 0.233412 0.00402396
1 0.436838 0.444556 0.753642 0.441171 0.00401735
0 0.9703 0.16027 0.0586525 0.0578032 0.00397552
0 0.0980413 0.0117546 0.134861 0.023165 0.00396229
1 0.0817547 0.762686 0.163509 0.432549 0.00395284
0 0.386691 0.03836 0.138223 0.0682101 0.00384354
0 0.188585 0.184709 0.375757 0.361612 0.00383049
0 0.833845 0.945017 0.332309 0.109694 0.00382919
2 0.373057 0.160306 0.743786 0.319558 0.00378333
1 0.46136 0.611341 0.233885 0.206695 0.00376373
2 0.849124 0.618295 0.301021 0.67676 0.003734
1 0.937631 0.274072 0.121595 0.481823 0.00370881
1 0.119053 0.799172 0.237237 0.393131 0.00370701
0 0.885939 0.839798 0.146051 0.101579 0.00370412
0 0.761467 0.0963114 0.421714 0.192623 0.00369215
2 0.515115 0.173934 0.932021 0.347869 0.0036748
1 0.272475 0.933546 0.54495 0.131417 0.0036658
0 0.087412 0.128251 0.173286 0.254869 0.00363863
0 0.0674677 0.0111315 0.107112 0.0222631 0.00361111
1 0.415599 0.783375 0.823257 0.426864 0.00359406
1 0.177056 0.913643 0.354112 0.172713 0.00355334
0 0.903438 0.193006 0.190065 0.374804 0.00352887
0 0.143923 0.0785873 0.287846 0.157175 0.0034991
1 0.827969 0.157898 0.325153 0.315795 0.00349549
2 0.880063 0.822598 0.129582 0.0630118 0.00346572
1 0.520461 0.64096 0.389016 0.136835 0.00338163
1 0.864565 0.96211 0.270871 0.0757793 0.00336255
1 0.899291 0.789053 0.179307 0.226563 0.00325628
2 0.807401 0.22275 0.369728 0.441897 0.00318028
0 0.9728 0.142593 0.0497359 0.053856 0.00316712
1 0.931195 0.596624 0.13671 0.534095 0.00316208
0 0.0492857 0.228405 0.0958776 0.0740685 0.00315886
0 0.540031 0.472753 0.602707 0.462798 0.00311539
1 0.909628 0.236711 0.179248 0.459011 0.00307607
0 0.254266 0.201612 0.501694 0.396819 0.00307246
1 0.604966 0.6356 0.597261 0.158769 0.00305041
1 0.149393 0.870942 0.298786 0.258115 0.00303446
1 0.91359 0.416072 0.169946 0.553131 0.00302976
0 0.052385 0.010399 0.0952016 0.020798 0.00302893
0 0.480791 0.487615 0.915297 0.58924 0.00301929
2 0.689969 0.493295 0.498465 0.418755 0.00299744
2 0.519462 0.432274 0.715405 0.488659 0.00298627
0 0.9709 0.0836998 0.058201 0.1674 0.00293215
1 0.741374 0.653997 0.328685 0.33555 0.00290367
1 0.33802 0.860025 0.673948 0.277947 0.00288662
1 0.94373 0.548027 0.110652 0.50847 0.00283924
1 0.525027 0.561316 0.846115 0.619775 0.0028325
0 0.954468 0.417269 0.0888504 0.0568056 0.00279313
1 0.853363 0.356553 0.293274 0.613717 0.00277948
1 0.718121 0.468047 0.542344 0.544691 0.00274732
1 0.931791 0.485667 0.133681 0.519192 0.00273994
1 0.364256 0.919663 0.728512 0.159189 0.00273589
1 0.175494 0.819647 0.350662 0.356955 0.00273195
1 0.449963 0.412936 0.894535 0.714636 0.0027299
1 0.573134 0.541986 0.436347 0.324969 0.00271395
0 0.382555 0.938417 0.762997 0.121461 0.00270571
1 0.747873 0.385326 0.494852 0.720597 0.00270224
0 0.0652203 0.00951834 0.0613302 0.0190367 0.00269667
1 0.557606 0.58553 0.429231 0.26001 0.00267995
0 0.979178 0.427435 0.040755 0.0789191 0.00262058
2 0.716163 0.314165 0.55499 0.626586 0.00261117
0 0.0963851 0.0127491 0.19277 0.0254982 0.00259868
0 0.0727855 0.202821 0.144849 0.181934 0.00256538
0 0.347532 0.294449 0.188257 0.110796 0.00256146
2 0.754382 0.615318 0.483396 0.550083 0.00253726
1 0.732192 0.63145 0.342361 0.173503 0.00252489
2 0.46211 0.444934 0.854477 0.632238 0.002511
0 0.371877 0.354236 0.738926 0.635703 0.00248458
2 0.935309 0.719768 0.0477994 0.0715553 0.00244784
1 0.71314 0.645603 0.373121 0.262693 0.00244275
1 0.748775 0.550027 0.493037 0.521029 0.00243031
0 0.946025 0.412441 0.0704362 0.0406715 0.00242611
2 0.515277 0.341495 0.934461 0.682989 0.00241226
1 0.859096 0.937885 0.281808 0.12423 0.0024064
0 0.334075 0.268181 0.663318 0.534666 0.00239093
0 0.98016 0.0337578 0.0396796 0.0663959 0.00238768
0 0.972721 0.162255 0.0507895 0.0792776 0.00235223
0 0.400721 0.330826 0.801443 0.470658 0.00223082
0 0.320527 0.0368781 0.287064 0.0713651 0.0022064
0 0.85271 0.896997 0.29458 0.206007 0.00216635
0 0.353194 0.284323 0.106929 0.0690875 0.00213452
0 0.848999 0.815905 0.0672272 0.0533261 0.00213105
0 0.0696026 0.254952 0.139205 0.301014 0.00211213
0 0.942648 0.153765 0.0882616 0.0454929 0.00204438
0 0.824366 0.984953 0.116167 0.0296021 0.00198731
0 0.934177 0.415514 0.0446456 0.0333191 0.00197717
0 0.129034 0.364142 0.0313881 0.0215351 0.0019219
0 0.334953 0.274327 0.065729 0.0497039 0.00189506
0 0.403669 0.0395388 0.309521 0.0755707 0.0018734
0 0.123405 0.0137833 0.192504 0.0272518 0.00186461
1 0.794951 0.667961 0.274925 0.389116 0.0018494
0 0.953045 0.442741 0.0935592 0.122631 0.00184292
0 0.968017 0.161492 0.0632218 0.182721 0.00181419
1 0.346711 0.0413235 0.415696 0.0814975 0.00178269
0 0.732719 0.101721 0.0949804 0.0395593 0.00176938
0 0.037692 0.0241657 0.0727606 0.0476287 0.0017615
0 0.98053 0.403691 0.0379162 0.0307748 0.00171716
0 0.328122 0.0402814 0.377122 0.0790566 0.00171063
0 0.296353 0.985003 0.397539 0.0299941 0.00169098
0 0.424325 0.495285 0.143454 0.280806 0.00168871
1 0.927788 0.79791 0.143577 0.251036 0.00168393
0 0.954109 0.428491 0.0917821 0.0847947 0.00167988
0 0.865423 0.826802 0.106272 0.073749 0.00167935
1 0.137553 0.978641 0.275107 0.0421123 0.00166505
0 0.93139 0.70442 0.0401235 0.0436911 0.00166151
0 0.957539 0.102311 0.0849228 0.204622 0.00165687
0 0.79085 0.985699 0.108957 0.0284746 0.00164831
1 0.436757 0.0414367 0.339108 0.0814837 0.00164347
0 0.457827 0.459238 0.22791 0.201765 0.00163941
0 0.766907 0.943403 0.425375 0.113194 0.00163643
1 0.743386 0.666059 0.355435 0.201653 0.00163103
0 0.277024 0.249759 0.100178 0.0417925 0.00162342
0 0.963368 0.190313 0.0710977 0.129143 0.0016222
0 0.343469 0.27995 0.0543943 0.0602212 0.00161469
0 0.973683 0.12225 0.051699 0.0891677 0.0016056
0 0.0524856 0.0548345 0.104971 0.106262 0.00160136
2 0.396825 0.0444323 0.0858021 0.0619992 0.0015919
0 0.70205 0.100349 0.0566953 0.0318806 0.00156146
1 0.897939 0.873327 0.199803 0.162004 0.00155913
1 0.595115 0.557812 0.553899 0.268698 0.00155452
0 0.0614226 0.223014 0.122165 0.0649443 0.00154595
0 0.0593262 0.0281816 0.115005 0.0540261 0.00154399
1 0.162996 0.940095 0.325992 0.11981 0.00154059
2 0.756824 0.579101 0.294237 0.189268 0.00152895
0 0.967178 0.0100277 0.0656435 0.0200553 0.00152214
0 0.689691 0.0966688 0.0855779 0.0399566 0.00151462
0 0.377918 0.0203661 0.0913301 0.0388825 0.00150962
0 0.48463 0.440301 0.203191 0.173972 0.00150568
0 0.0168628 0.341261 0.0337257 0.427622 0.00150375
0 0.950051 0.725196 0.0842238 0.10016 0.00149365
0 0.0324474 0.322293 0.0648948 0.459645 0.00148945
0 0.0621671 0.813693 0.124334 0.372613 0.00148738
2 0.071825 0.203619 0.14365 0.17529 0.00148212
0 0.946358 0.409794 0.0962501 0.042929 0.00147577
0 0.0135825 0.444123 0.027165 0.307146 0.00146428
0 0.926407 0.412399 0.0633513 0.0408829 0.00146272
0 0.405113 0.0516951 0.0830036 0.0776019 0.00145901
0 0.982392 0.06399 0.0350455 0.0915586 0.00145409
0 0.0787772 0.0311118 0.139991 0.0606358 0.00145385
0 0.227741 0.981974 0.448731 0.0360514 0.00144498
0 0.808504 0.985999 0.163308 0.0275491 0.00142363
0 0.862993 0.842148 0.114651 0.102927 0.00141231
0 0.911516 0.725836 0.103391 0.0919967 0.00139703
0 0.0142574 0.5011 0.0285148 0.313973 0.00139691
1 0.766271 0.644142 0.467458 0.30649 0.00138986
0 0.0228577 0.408748 0.0457154 0.359962 0.00138891
0 0.211583 0.975591 0.423166 0.048818 0.00138281
0 0.870077 0.869749 0.206442 0.162547 0.00138052
1 0.879368 0.833592 0.133125 0.0907757 0.00137758
0 0.929681 0.709471 0.0652181 0.118254 0.00137443
0 0.43551 0.575634 0.182388 0.263192 0.00137135
0 0.362308 0.980785 0.497649 0.0384309 0.00136814
1 0.951581 0.469961 0.0968375 0.23629 0.00134752
0 0.0978635 0.0185659 0.195727 0.0370359 0.00133809
0 0.962677 0.190043 0.074646 0.302416 0.00132711
0 0.0411075 0.0971241 0.082215 0.194248 0.00132704
0 0.263799 0.249368 0.0708386 0.0424242 0.00132524
0 0.442896 0.441942 0.33166 0.175717 0.00132157
2 0.807755 0.574398 0.194195 0.204879 0.00130582
0 0.128778 0.0276987 0.257556 0.0548644 0.00130493
0 0.918816 0.0806225 0.162368 0.161199 0.00130424
1 0.495575 0.0451602 0.601132 0.0895446 0.00130349
1 0.442739 0.0467518 0.240903 0.0873989 0.00130262
1 0.949568 0.47749 0.100865 0.335624 0.00130055
1 0.53693 0.669065 0.530391 0.129196 0.00129793
0 0.0735647 0.158248 0.147129 0.316496 0.00129167
0 0.0462877 0.655647 0.0925754 0.453157 0.00128879
1 0.354505 0.0470015 0.61351 0.0933957 0.00128346
0 0.0229619 0.629288 0.0459238 0.452591 0.00128106
0 0.401464 0.28935 0.203429 0.107224 0.00128045
0 0.0165103 0.61166 0.0330207 0.438238 0.00127412
1 0.861128 0.68489 0.197551 0.485991 0.00126528
1 0.903461 0.847617 0.180983 0.122506 0.00126373
2 0.0810519 0.195342 0.162104 0.226862 0.00125765
0 0.0590026 0.873319 0.118005 0.253361 0.001257
1 0.83885 0.654925 0.322299 0.412108 0.00124229
1 0.90448 0.836554 0.188436 0.240715 0.00124174
0 0.800552 0.111767 0.233366 0.0800429 0.00123979
0 0.952763 0.366812 0.0939596 0.213712 0.00123029
0 0.440377 0.636759 0.196032 0.148959 0.00122977
0 0.0536021 0.732143 0.107204 0.485615 0.00122241
0 0.0823457 0.00985437 0.123977 0.0197087 0.00121615
0 0.346931 0.0418622 0.643379 0.0828746 0.00120908
0 0.839358 0.854436 0.144087 0.130437 0.00120639
0 0.360039 0.795967 0.0297038 0.0264992 0.00120384
0 0.66229 0.0123253 0.217468 0.0235235 0.00120149
0 0.953813 0.392193 0.0914123 0.101087 0.00120146
1 0.956626 0.249594 0.0860242 0.254612 0.00119412
0 0.71581 0.0966552 0.0631404 0.0315996 0.00119381
0 0.889776 0.875865 0.220448 0.24827 0.00118939
0 0.415712 0.977072 0.497761 0.045856 0.00118848
1 0.775067 0.576072 0.260168 0.196128 0.00118661
1 0.670619 0.674697 0.407869 0.298205 0.00117785
0 0.849644 0.987423 0.174298 0.0251541 0.00117702
2 0.698944 0.58991 0.416737 0.18431 0.00117515
0 0.949724 0.7221 0.100318 0.379695 0.00117466
0 0.832328 0.851159 0.335344 0.174052 0.00117353
0 0.109697 0.0334365 0.194563 0.0653671 0.00117106
1 0.0694732 0.321649 0.136761 0.435237 0.00115765
0 0.021546 0.149763 0.043092 0.299525 0.00115325
1 0.739847 0.62643 0.51116 0.225733 0.00115043
0 0.952776 0.490627 0.0942116 0.216022 0.00114685
1 0.767829 0.600451 0.464342 0.211504 0.00114267
0 0.215872 0.250156 0.125024 0.0425885 0.00114045
1 0.13428 0.958984 0.268559 0.081881 0.00114041
0 0.952074 0.968313 0.0943408 0.0630501 0.00113645
1 0.239412 0.289393 0.17653 0.124243 0.00112512
0 0.346585 0.265819 0.0390312 0.0332325 0.0011198
2 0.741587 0.0618297 0.171785 0.107325 0.00111825
1 0.613148 0.682053 0.484293 0.225145 0.00111241
1 0.892689 0.625296 0.214622 0.383775 0.00111074
1 0.890555 0.746909 0.189699 0.423742 0.00110682
0 0.87761 0.0475124 0.24478 0.0948675 0.00110559
0 0.810472 0.557062 0.195872 0.191799 0.00110517
0 0.324293 0.287526 0.248259 0.12254 0.00109566
1 0.859705 0.0376058 0.194839 0.0746762 0.00109155
