2 0.244426 0.642698 0.3084 0.25569 0.927612
2 0.249698 0.399352 0.201893 0.0978669 0.697119
0 0.249365 0.399337 0.199002 0.0974462 0.534535
0 0.0133622 0.717916 0.0267244 0.0261499 0.0541649
0 0.701413 0.147885 0.0290588 0.0264178 0.0281814
0 0.656889 0.111212 0.0272694 0.0191061 0.022845
2 0.247546 0.382211 0.208162 0.137303 0.0151218
0 0.454452 0.906809 0.185224 0.0611054 0.0136725
2 0.334844 0.672689 0.504438 0.348511 0.0128752
2 0.236132 0.567247 0.290531 0.405156 0.0125364
0 0.0186192 0.716863 0.0372383 0.0257515 0.010713
2 0.244637 0.531059 0.227366 0.374765 0.00859195
0 0.2514 0.354594 0.210917 0.188832 0.00851656
1 0.683016 0.0659645 0.550395 0.131929 0.00817375
2 0.191773 0.630635 0.383547 0.28747 0.00788053
1 0.55336 0.0615327 0.633878 0.123065 0.00764528
1 0.461288 0.0654612 0.917939 0.130922 0.00758755
0 0.867919 0.636598 0.23954 0.655407 0.00732657
0 0.256502 0.596733 0.260854 0.165309 0.00731857
0 0.270314 0.099737 0.537123 0.198514 0.00725257
0 0.248158 0.513967 0.224807 0.328869 0.00714782
1 0.460673 0.0951056 0.91177 0.189832 0.00711334
0 0.244083 0.316335 0.229889 0.267447 0.00698424
1 0.729989 0.0843668 0.453249 0.168163 0.00681606
0 0.599568 0.0680297 0.567593 0.135704 0.00679938
0 0.863156 0.486879 0.248972 0.774849 0.0067585
0 0.238282 0.568251 0.270861 0.416059 0.00668708
0 0.826323 0.674572 0.29664 0.605903 0.00666232
0 0.239201 0.627599 0.298228 0.226773 0.00659193
0 0.832838 0.555941 0.286535 0.701813 0.00658386
0 0.166522 0.0976417 0.333043 0.194039 0.00641498
0 0.262681 0.733753 0.352087 0.451986 0.00638994
0 0.0824114 0.0689353 0.164823 0.137085 0.00633575
0 0.590486 0.0186655 0.11331 0.0364948 0.00618331
2 0.335666 0.608124 0.492062 0.325058 0.00610148
0 0.424067 0.900203 0.129736 0.0486214 0.00609478
0 0.656424 0.974598 0.605397 0.0508038 0.00602106
0 0.393647 0.10069 0.787295 0.201348 0.00598304
0 0.187435 0.405516 0.352069 0.180554 0.00597816
0 0.637224 0.964431 0.582589 0.0711373 0.00597796
0 0.32906 0.0770919 0.65812 0.154184 0.00596231
0 0.643774 0.935027 0.593627 0.123989 0.00594244
1 0.763926 0.107937 0.444198 0.215195 0.00581034
0 0.860972 0.372419 0.269119 0.726563 0.00567567
0 0.185187 0.365729 0.365071 0.174968 0.00562654
2 0.299605 0.393124 0.315712 0.124665 0.00556138
0 0.839606 0.268184 0.31354 0.532946 0.00555352
0 0.829307 0.436804 0.300485 0.757292 0.00551504
0 0.308949 0.979748 0.488837 0.0405033 0.00527728
1 0.466962 0.161677 0.873792 0.320951 0.00521813
1 0.817348 0.160219 0.298621 0.319744 0.00511946
0 0.301645 0.589556 0.179769 0.150579 0.00509991
0 0.775596 0.635586 0.348339 0.659619 0.00505376
2 0.268785 0.731879 0.365076 0.438927 0.00505126
0 0.125925 0.995158 0.0630476 0.00959261 0.00504801
0 0.148112 0.99397 0.107052 0.0117083 0.00503991
0 0.497176 0.63756 0.0345612 0.0208971 0.00501071
0 0.652163 0.110504 0.0369547 0.0213995 0.00495432
1 0.843517 0.230887 0.292913 0.455206 0.00489415
0 0.654729 0.84775 0.629968 0.2984 0.0048406
0 0.878884 0.538095 0.242232 0.609928 0.00480432
0 0.786103 0.49924 0.343945 0.751078 0.00479233
0 0.175541 0.397717 0.351083 0.111095 0.004768
0 0.790804 0.978051 0.357585 0.0438975 0.00475138
0 0.191325 0.547259 0.38265 0.460582 0.00473365
0 0.514723 0.968725 0.594483 0.0623363 0.0047013
0 0.413572 0.895234 0.105425 0.0395996 0.00460617
2 0.279133 0.718076 0.558265 0.434646 0.00458823
1 0.67634 0.15674 0.429391 0.312994 0.00458815
1 0.788861 0.0704154 0.422279 0.140726 0.0045736
2 0.274901 0.53805 0.290375 0.487225 0.00456526
0 0.4326 0.976945 0.619795 0.0461092 0.00455451
0 0.343263 0.384309 0.398065 0.139105 0.00449885
0 0.398092 0.893522 0.0728961 0.0280076 0.00441957
2 0.265356 0.402049 0.127686 0.0938633 0.00441222
0 0.132862 0.0786085 0.265724 0.157217 0.0043929
0 0.187286 0.18508 0.359778 0.365325 0.0043517
0 0.874393 0.42001 0.251214 0.556925 0.0043181
0 0.335997 0.521709 0.480168 0.549867 0.00423578
0 0.109068 0.117872 0.218136 0.21509 0.0041707
0 0.629926 0.880205 0.575767 0.226091 0.00412532
2 0.342435 0.721025 0.533204 0.51976 0.00409852
0 0.196771 0.977162 0.390102 0.0456768 0.00402963
0 0.18267 0.749633 0.363324 0.498181 0.00401
1 0.251672 0.411029 0.208756 0.115856 0.00400601
0 0.350898 0.428295 0.430341 0.346411 0.00399008
0 0.582159 0.529365 0.63646 0.76115 0.00397478
1 0.846872 0.101139 0.30291 0.201593 0.00397319
0 0.68051 0.490422 0.436752 0.778387 0.00395108
0 0.430618 0.481168 0.594329 0.749021 0.00386417
0 0.80074 0.74366 0.345637 0.500006 0.00383583
0 0.681139 0.192087 0.438265 0.379215 0.00382555
0 0.54623 0.024473 0.436724 0.0484359 0.00382158
0 0.384065 0.380916 0.476155 0.373708 0.00380436
0 0.503844 0.627221 0.0512482 0.0440857 0.0037749
0 0.77013 0.257898 0.375911 0.51112 0.00377236
0 0.875754 0.197435 0.248472 0.386937 0.00376971
0 0.495727 0.220038 0.711103 0.436608 0.00375921
0 0.609526 0.630791 0.499763 0.667806 0.0037554
0 0.782525 0.361819 0.350218 0.717331 0.00372952
1 0.889892 0.15195 0.217112 0.303901 0.00371473
0 0.182004 0.289078 0.364008 0.348768 0.00365747
0 0.375542 0.633014 0.534273 0.569746 0.00365159
0 0.180392 0.468158 0.360783 0.325149 0.00364711
0 0.203522 0.253758 0.309575 0.485348 0.00363562
0 0.334246 0.93212 0.567126 0.130591 0.00361531
0 0.209673 0.988157 0.343791 0.023296 0.00360221
0 0.730416 0.744237 0.432275 0.499527 0.00360042
2 0.171011 0.759343 0.342022 0.441501 0.00358655
0 0.254692 0.927945 0.443373 0.137879 0.00358638
0 0.0253905 0.184336 0.050781 0.0259446 0.00357982
0 0.156521 0.970113 0.313042 0.0597737 0.00356867
0 0.564398 0.0189564 0.23863 0.0375119 0.00355225
0 0.123043 0.603555 0.246085 0.344669 0.00352258
1 0.835696 0.082806 0.328608 0.165612 0.00352043
0 0.450376 0.932503 0.698083 0.125373 0.00351271
0 0.556176 0.716976 0.601231 0.542542 0.00349307
0 0.102133 0.190212 0.204266 0.326189 0.00348158
0 0.238737 0.419801 0.206818 0.138722 0.00347798
0 0.161845 0.393152 0.323691 0.277887 0.00346844
0 0.143319 0.69406 0.286639 0.283343 0.00345914
0 0.927559 0.162913 0.144882 0.321355 0.00344585
0 0.137864 0.98693 0.0953684 0.025725 0.00344091
0 0.901093 0.122486 0.197814 0.244038 0.00343721
0 0.677918 0.25679 0.481474 0.508059 0.00343298
0 0.374677 0.22303 0.668429 0.442842 0.00341857
0 0.348267 0.71577 0.554018 0.56846 0.00341138
0 0.346952 0.358278 0.40861 0.208127 0.00339808
0 0.893537 0.303703 0.212925 0.527644 0.00339276
2 0.124301 0.794953 0.248602 0.401495 0.00339146
0 0.110936 0.649636 0.221873 0.292791 0.00338734
0 0.923743 0.219312 0.152514 0.422599 0.00336922
0 0.662585 0.111455 0.0388834 0.0227796 0.0033657
0 0.651635 0.777579 0.605242 0.43766 0.00335431
0 0.698929 0.35923 0.426013 0.708144 0.00333441
0 0.863532 0.712969 0.272935 0.51658 0.00333345
0 0.665747 0.123366 0.0465297 0.0485627 0.00331896
0 0.0871205 0.0934105 0.174241 0.181453 0.0033164
0 0.696131 0.146893 0.0451258 0.0310428 0.00331231
0 0.312142 0.398517 0.302118 0.104595 0.0033077
0 0.511176 0.622367 0.031643 0.0315929 0.00328204
0 0.826652 0.917479 0.346697 0.162472 0.00327192
0 0.0893448 0.245959 0.17869 0.357193 0.00327074
0 0.27151 0.643737 0.234479 0.24619 0.00322738
0 0.493176 0.311517 0.717571 0.623035 0.00321285
0 0.865312 0.826355 0.261598 0.341844 0.00321034
2 0.887676 0.964869 0.224648 0.0702612 0.00318728
0 0.407937 0.322911 0.496188 0.513964 0.00317556
0 0.0762073 0.334554 0.152415 0.296065 0.00317231
0 0.666872 0.266925 0.0294628 0.0215265 0.00315301
0 0.0671423 0.286741 0.134285 0.325559 0.00313613
0 0.186502 0.912904 0.373004 0.165653 0.00308267
0 0.599827 0.340876 0.521984 0.664663 0.00306312
0 0.503384 0.634512 0.045265 0.0284764 0.00304608
0 0.114646 0.994357 0.0989081 0.0111429 0.00298853
0 0.119556 0.827984 0.239112 0.340789 0.00298199
0 0.859515 0.974194 0.280969 0.0514549 0.00295033
0 0.448537 0.810164 0.608899 0.368589 0.00294121
0 0.246118 0.293564 0.244935 0.463761 0.00290365
0 0.630918 0.0350324 0.639586 0.0693735 0.00286696
0 0.661221 0.108049 0.0356221 0.0202992 0.0027914
1 0.642355 0.0472333 0.604208 0.0944667 0.00277908
0 0.182975 0.991594 0.180849 0.016283 0.00276963
0 0.462049 0.891381 0.566788 0.193532 0.00276786
0 0.305006 0.551807 0.125405 0.0769352 0.00271271
0 0.884384 0.89463 0.231232 0.208201 0.00268409
0 0.288728 0.289203 0.489186 0.578406 0.00266732
0 0.355721 0.33516 0.441108 0.621577 0.00266522
0 0.905654 0.850668 0.188692 0.277665 0.00265323
0 0.908251 0.765752 0.183498 0.436548 0.0026414
0 0.845355 0.871033 0.309289 0.252428 0.00261574
1 0.313312 0.398943 0.319835 0.100538 0.0025731
0 0.423448 0.749727 0.71218 0.490629 0.00257129
0 0.681026 0.132783 0.0851277 0.0626203 0.00247691
1 0.597106 0.0322767 0.517352 0.0640437 0.00240411
0 0.459646 0.0228368 0.448068 0.0450236 0.0023058
0 0.381098 0.216381 0.0400728 0.0317977 0.00228181
0 0.650112 0.0191468 0.273489 0.0381147 0.0022543
2 0.196437 0.632425 0.205703 0.17677 0.00224843
0 0.0830214 0.104222 0.166043 0.208444 0.00220039
0 0.230457 0.986598 0.446026 0.0268032 0.00215956
1 0.292887 0.415073 0.311841 0.125352 0.00214155
0 0.0582636 0.0515524 0.116527 0.102518 0.00211563
0 0.650389 0.050488 0.699223 0.10037 0.00209735
2 0.253272 0.377573 0.211093 0.055925 0.00207804
0 0.145483 0.988317 0.290965 0.0229757 0.00205312
0 0.981337 0.14254 0.0373252 0.0524411 0.00202851
0 0.655228 0.104904 0.0354141 0.0337372 0.00199212
0 0.445187 0.917687 0.217009 0.0871998 0.00195115
1 0.493293 0.0312369 0.485682 0.0624738 0.00193623
0 0.641909 0.0522549 0.508614 0.104153 0.0018986
2 0.450528 0.906874 0.186451 0.0618877 0.00187969
0 0.693282 0.0626552 0.393169 0.123018 0.00185079
0 0.236037 0.95866 0.469522 0.082647 0.00184397
0 0.451993 0.887539 0.191721 0.11063 0.00180103
1 0.235711 0.648721 0.311633 0.230827 0.00177958
0 0.724953 0.987503 0.524676 0.0249948 0.00176591
0 0.697366 0.113768 0.129343 0.0916882 0.00176253
0 0.638176 0.988981 0.519289 0.0220382 0.00173547
1 0.501928 0.0251366 0.414498 0.0499344 0.00172864
0 0.0292127 0.0967372 0.0584253 0.193474 0.00168815
2 0.217424 0.686405 0.25471 0.159262 0.00168319
0 0.704133 0.045886 0.388401 0.0907135 0.00166267
0 0.495069 0.881058 0.272982 0.119083 0.00165892
0 0.210613 0.700236 0.243984 0.129725 0.00164726
0 0.027415 0.714712 0.05483 0.0391193 0.00164478
0 0.773826 0.0549963 0.206205 0.106649 0.0016314
0 0.175305 0.430787 0.338994 0.165025 0.00162316
0 0.769465 0.0395199 0.304889 0.0776734 0.00161487
1 0.503302 0.0442358 0.7761 0.0875106 0.00161289
0 0.770274 0.98449 0.459451 0.0310192 0.00160062
2 0.316557 0.386655 0.0726834 0.0650881 0.00158656
0 0.0235591 0.606514 0.0471182 0.0905015 0.00158601
0 0.197346 0.64858 0.209019 0.225135 0.00158309
0 0.276422 0.577455 0.197655 0.126615 0.00157947
0 0.218336 0.612339 0.253519 0.182614 0.00157613
0 0.918665 0.80376 0.162669 0.12814 0.00156455
0 0.183415 0.0735829 0.366829 0.146419 0.00155136
0 0.707666 0.994615 0.0740253 0.0104752 0.00154612
0 0.235568 0.425649 0.0444644 0.0407448 0.00154246
0 0.539765 0.910653 0.385123 0.0825577 0.00152866
0 0.461701 0.92855 0.2175 0.10462 0.00152229
0 0.472457 0.533239 0.020523 0.0162595 0.00150758
0 0.0248368 0.219607 0.0496736 0.0917493 0.00150449
0 0.285749 0.398899 0.135048 0.0913472 0.001501
0 0.263931 0.419169 0.114848 0.0537978 0.0014919
0 0.111669 0.0582214 0.223337 0.116292 0.00148912
0 0.702279 0.152688 0.03428 0.0385387 0.0014879
2 0.22648 0.384935 0.153372 0.0681796 0.00146752
2 0.241781 0.678107 0.21368 0.112514 0.00146629
0 0.335245 0.655595 0.406577 0.223119 0.001457
0 0.184435 0.587522 0.186399 0.135809 0.00144428
0 0.169256 0.986236 0.161376 0.0273808 0.00144223
0 0.0238336 0.722691 0.0476672 0.03823 0.00143506
0 0.012622 0.725073 0.025244 0.04234 0.00143398
0 0.764252 0.0713592 0.230997 0.142181 0.00142777
0 0.708253 0.142831 0.0446671 0.0439704 0.0014214
0 0.0284333 0.229053 0.0568667 0.126812 0.00141658
0 0.0262687 0.669864 0.0525373 0.0969526 0.00141453
0 0.710335 0.99442 0.0461823 0.0111226 0.00139143
0 0.189816 0.607879 0.200054 0.143771 0.00138519
0 0.0482973 0.760801 0.0965946 0.124361 0.00137657
0 0.28968 0.948801 0.532306 0.102309 0.00136912
1 0.752608 0.0492574 0.494785 0.0977417 0.00136587
0 0.595884 0.0182809 0.0588407 0.036089 0.00136452
2 0.22551 0.660636 0.259003 0.129533 0.00134912
0 0.0174241 0.718987 0.0348481 0.0343886 0.00134706
2 0.280934 0.674573 0.409281 0.182119 0.00134545
0 0.0303781 0.592517 0.0607562 0.090724 0.00134319
0 0.396145 0.925213 0.334814 0.115695 0.00133215
0 0.120202 0.986804 0.085729 0.0263913 0.00133127
0 0.553434 0.92896 0.435799 0.124908 0.00132414
1 0.257595 0.462131 0.207846 0.233592 0.00132221
0 0.0210703 0.986507 0.0421406 0.0269865 0.0012998
0 0.16387 0.599869 0.14177 0.131348 0.00129804
0 0.920602 0.821604 0.158796 0.179416 0.00129768
0 0.35329 0.614658 0.416996 0.210001 0.00129606
0 0.721429 0.0760679 0.327832 0.152136 0.00128368
2 0.819185 0.0530788 0.290645 0.104636 0.00128093
0 0.38072 0.213602 0.0482764 0.040819 0.00128029
0 0.103333 0.987959 0.206666 0.0236843 0.00127819
1 0.252608 0.371539 0.216175 0.158707 0.00127499
0 0.536367 0.883065 0.362624 0.134429 0.00127494
0 0.0147148 0.585628 0.0294295 0.0368684 0.00126952
0 0.54147 0.987893 0.510074 0.0242147 0.00126777
0 0.421453 0.214322 0.124565 0.0456534 0.0012569
0 0.181502 0.0540688 0.363005 0.107678 0.00125028
0 0.318104 0.375801 0.0649072 0.0434706 0.00124873
0 0.674609 0.147684 0.0921075 0.0394729 0.00124364
0 0.147708 0.672178 0.172463 0.264987 0.00123431
0 0.0249064 0.186983 0.0498128 0.0377855 0.00123416
0 0.473284 0.981785 0.597357 0.0364306 0.00123197
0 0.37069 0.396969 0.504551 0.110985 0.00123184
0 0.0306496 0.994614 0.0612992 0.0105898 0.00123179
0 0.564313 0.896877 0.431318 0.103379 0.00122889
0 0.697239 0.995 0.131205 0.00976506 0.00121842
0 0.279318 0.556193 0.175323 0.0885963 0.00121777
0 0.015553 0.710565 0.0311061 0.045217 0.00120678
0 0.286229 0.0418337 0.572458 0.082592 0.00119622
0 0.276352 0.687735 0.220004 0.151758 0.00119397
0 0.631454 0.436618 0.0357534 0.0286264 0.00119186
1 0.312266 0.433864 0.422948 0.166813 0.00118523
0 0.909662 0.777856 0.180677 0.145773 0.00118474
1 0.351192 0.0433465 0.702385 0.0853978 0.00117521
1 0.269646 0.445146 0.266224 0.198005 0.00117423
0 0.0268667 0.728692 0.0537334 0.0577465 0.00117067
0 0.971479 0.142036 0.0570417 0.0565453 0.00115655
0 0.0675688 0.765988 0.135138 0.179 0.00115448
0 0.722191 0.231088 0.176043 0.0879304 0.00115069
0 0.040017 0.230017 0.080034 0.205653 0.00113304
0 0.677874 0.262067 0.0564304 0.0304124 0.00112991
0 0.508674 0.618929 0.0419088 0.029801 0.00112921
2 0.956627 0.0821553 0.0867461 0.160765 0.00112443
0 0.0658173 0.700016 0.131635 0.139563 0.00112274
0 0.91966 0.868493 0.160679 0.263013 0.00112262
0 0.0774321 0.89806 0.154864 0.124652 0.00112214
0 0.0640515 0.699252 0.128103 0.0970697 0.00112146
0 0.20297 0.95345 0.405939 0.0928491 0.00111934
0 0.864081 0.937411 0.271838 0.123975 0.00110927
0 0.176517 0.577464 0.166414 0.0968157 0.00110782
