2 0.442413 0.495636 0.884826 0.913389 0.793404
2 0.317776 0.520012 0.635552 0.884166 0.092349
2 0.748283 0.590899 0.492925 0.741506 0.0302958
2 0.197782 0.505399 0.395565 0.890665 0.0245118
2 0.0739107 0.500036 0.147747 0.885259 0.0162657
2 0.111565 0.501171 0.222925 0.843594 0.0161082
2 0.553626 0.480115 0.535188 0.906753 0.0140821
2 0.500261 0.581027 0.699717 0.795002 0.0137469
2 0.474744 0.367552 0.941387 0.689779 0.00996342
2 0.820474 0.560969 0.353275 0.7646 0.00981871
2 0.453297 0.376991 0.630066 0.710125 0.00970599
2 0.0922932 0.443969 0.184073 0.686513 0.00797446
2 0.666806 0.504242 0.637327 0.897134 0.00773772
2 0.611381 0.434832 0.436225 0.799653 0.00721035
2 0.620876 0.648026 0.577868 0.667412 0.00641922
2 0.0673949 0.443134 0.134022 0.451262 0.00583368
2 0.58291 0.333426 0.483392 0.621445 0.00564119
2 0.256371 0.424714 0.512742 0.782574 0.00542959
2 0.388161 0.962713 0.61782 0.0745747 0.00524205
2 0.248962 0.35849 0.4979 0.539631 0.00503793
2 0.938476 0.614151 0.122354 0.652212 0.00482303
2 0.91313 0.591332 0.173739 0.683505 0.0048058
2 0.316079 0.336983 0.62994 0.661664 0.00431461
2 0.871393 0.537886 0.257214 0.715638 0.00422867
0 0.446055 0.338218 0.892109 0.644767 0.00415889
2 0.0640653 0.680266 0.127215 0.570673 0.00380664
1 0.0657089 0.45054 0.130094 0.457674 0.00371811
2 0.345367 0.750405 0.433297 0.463365 0.00368886
1 0.0480279 0.467628 0.0960558 0.509527 0.00348048
2 0.68208 0.952176 0.461725 0.0956484 0.0034373
2 0.592223 0.137683 0.686373 0.275365 0.00342536
2 0.3856 0.852919 0.652886 0.255941 0.00339622
2 0.220024 0.715132 0.307314 0.552669 0.0033954
2 0.669766 0.323206 0.578558 0.597424 0.00330551
2 0.608206 0.701247 0.447004 0.569384 0.00328448
2 0.275827 0.756856 0.332576 0.460939 0.00325701
2 0.727467 0.972401 0.445739 0.0551978 0.00317934
2 0.939508 0.489692 0.120783 0.750278 0.00309488
0 0.108994 0.7669 0.215986 0.438021 0.00308354
2 0.409368 0.741305 0.599559 0.480856 0.00306917
1 0.0507843 0.623156 0.0997504 0.692637 0.00304576
2 0.937437 0.975345 0.125126 0.0493102 0.00293675
2 0.951789 0.409813 0.0964212 0.63471 0.00288809
2 0.628367 0.180629 0.690875 0.361259 0.0028776
2 0.586639 0.954496 0.537648 0.0910073 0.00284028
2 0.817202 0.980812 0.300684 0.0383766 0.00283971
2 0.443317 0.147345 0.765578 0.29469 0.00282303
2 0.915078 0.11063 0.169844 0.221259 0.00280039
2 0.780591 0.325693 0.428749 0.581726 0.00274152
2 0.0506091 0.422629 0.101218 0.485008 0.00273323
2 0.953101 0.300164 0.0937975 0.503089 0.0027076
0 0.280779 0.318732 0.561559 0.637464 0.0026993
0 0.135121 0.863081 0.270243 0.273837 0.00269723
0 0.933878 0.711037 0.131498 0.476035 0.00268041
2 0.919234 0.16209 0.161531 0.317213 0.00264075
2 0.319732 0.954617 0.509926 0.0907653 0.00254699
0 0.93384 0.845016 0.13232 0.24643 0.00253908
0 0.17306 0.761983 0.34612 0.428635 0.00252197
0 0.436147 0.147528 0.729905 0.295056 0.002517
0 0.147758 0.220789 0.295516 0.441578 0.00248258
2 0.713075 0.805438 0.497481 0.348712 0.00247707
2 0.861621 0.982603 0.249862 0.0347946 0.00247643
2 0.217011 0.780588 0.425911 0.410795 0.00247251
2 0.331628 0.709798 0.66158 0.546148 0.00247246
2 0.943626 0.216268 0.112749 0.387881 0.0024622
2 0.277314 0.126863 0.530958 0.253727 0.002448
2 0.762193 0.135404 0.475613 0.270808 0.0024208
0 0.332745 0.132014 0.61557 0.264027 0.00240302
2 0.2337 0.273679 0.269762 0.338644 0.00239868
0 0.90564 0.98233 0.188721 0.0353403 0.00239633
0 0.860025 0.117934 0.279949 0.235868 0.00237988
2 0.767869 0.242056 0.44805 0.471342 0.00237849
2 0.841717 0.297717 0.314102 0.510691 0.00237095
0 0.432521 0.450887 0.321922 0.588997 0.00230146
2 0.236874 0.963591 0.389435 0.0728187 0.00225968
0 0.217964 0.185171 0.435929 0.370341 0.00223384
2 0.162571 0.937823 0.324937 0.124353 0.0022277
2 0.188377 0.968717 0.350958 0.0625658 0.00221578
0 0.346289 0.803067 0.504838 0.375249 0.00221316
0 0.0411578 0.588665 0.0823157 0.701126 0.00214994
2 0.829338 0.832896 0.330875 0.267941 0.0021222
1 0.0826395 0.469789 0.164215 0.369341 0.0020777
0 0.0340539 0.651291 0.0681079 0.684534 0.00205486
0 0.904731 0.868927 0.1828 0.191458 0.0020336
0 0.0335732 0.346512 0.0667442 0.257693 0.00202698
0 0.794456 0.157443 0.406555 0.301455 0.00201251
2 0.852841 0.868537 0.281303 0.19311 0.00201056
1 0.0937925 0.423645 0.185706 0.410773 0.00198165
2 0.452564 0.500147 0.349457 0.576708 0.00196967
2 0.721126 0.705947 0.536697 0.505884 0.00195146
2 0.554938 0.621457 0.433207 0.746663 0.00188412
2 0.600629 0.876752 0.504817 0.239539 0.00187969
2 0.286379 0.278941 0.290526 0.348207 0.00187275
1 0.0814792 0.602428 0.162958 0.636187 0.00186266
0 0.435986 0.887006 0.582398 0.201595 0.00184603
0 0.0276542 0.705475 0.0553084 0.589049 0.00184427
2 0.826511 0.715812 0.333154 0.472989 0.00178503
2 0.54555 0.893601 0.491339 0.199196 0.00175886
1 0.471318 0.193635 0.382495 0.294976 0.00170249
0 0.991764 0.533559 0.0164728 0.103808 0.00165968
0 0.862729 0.382964 0.03008 0.0664753 0.00163329
0 0.328136 0.655352 0.302632 0.474764 0.00159496
2 0.509674 0.193566 0.276687 0.293721 0.00155381
0 0.957963 0.585956 0.0840658 0.731836 0.00149576
0 0.0514985 0.298917 0.102997 0.597834 0.00148434
1 0.959869 0.604961 0.0800863 0.753968 0.00146245
2 0.112687 0.416181 0.223091 0.409565 0.00144461
0 0.0244724 0.368862 0.0485203 0.315165 0.00144391
2 0.2664 0.249866 0.237265 0.29084 0.00141182
1 0.481103 0.208382 0.261197 0.316785 0.00140176
1 0.0844915 0.686594 0.168942 0.430991 0.00137594
1 0.510754 0.861249 0.337507 0.261317 0.00136968
1 0.711117 0.495299 0.401362 0.482771 0.00136857
0 0.0358695 0.73916 0.0717391 0.521679 0.00136293
1 0.0766402 0.514762 0.153129 0.540844 0.00135495
2 0.951668 0.712042 0.096664 0.575915 0.0013254
0 0.964667 0.506619 0.0704495 0.721281 0.00130817
2 0.721586 0.514981 0.377686 0.59497 0.00129759
1 0.669473 0.525079 0.323132 0.567497 0.00127942
2 0.0827376 0.715252 0.165443 0.396843 0.00127127
0 0.441578 0.387206 0.403025 0.59486 0.00125934
2 0.684254 0.424482 0.286785 0.327124 0.00124012
2 0.712422 0.415032 0.402684 0.297057 0.0012338
0 0.366565 0.425732 0.222529 0.683947 0.00122638
2 0.236682 0.796464 0.222656 0.376449 0.00122286
0 0.256326 0.762021 0.260281 0.438355 0.00121702
1 0.707072 0.447827 0.404099 0.324851 0.00121255
0 0.30671 0.593136 0.270855 0.696625 0.00121117
2 0.967588 0.360376 0.0645631 0.720751 0.0012036
2 0.425573 0.559801 0.294461 0.583667 0.00118917
0 0.987278 0.585277 0.0254444 0.204017 0.001188
0 0.84139 0.390227 0.29514 0.280538 0.00118771
1 0.052129 0.739995 0.102884 0.52001 0.00116983
1 0.944721 0.698169 0.110534 0.603663 0.00116483
0 0.0457917 0.753898 0.0915834 0.492203 0.00116461
0 0.0387087 0.264873 0.0774175 0.529746 0.00116308
2 0.811647 0.41194 0.376706 0.290078 0.00115889
0 0.294353 0.712621 0.238602 0.441541 0.00115838
0 0.652237 0.77089 0.185062 0.412733 0.00115805
0 0.671504 0.831357 0.201805 0.331429 0.00115744
1 0.479644 0.818753 0.398043 0.343042 0.00115569
1 0.79136 0.476404 0.41728 0.377537 0.00114335
0 0.766021 0.393665 0.288287 0.286773 0.0011424
0 0.780962 0.382806 0.212851 0.279101 0.0011256
2 0.54809 0.221262 0.350563 0.336388 0.00112077
2 0.966734 0.757071 0.066158 0.476167 0.00111762
0 0.549999 0.338231 0.410032 0.58749 0.0011082
1 0.574221 0.748966 0.26355 0.453957 0.00110147
0 0.318558 0.402317 0.20158 0.685175 0.00109676
2 0.486327 0.997893 0.359173 0.0042149 0.00109607
2 0.656976 0.748218 0.218383 0.445801 0.00108784
2 0.39668 0.877531 0.442793 0.244938 0.00108382
0 0.735119 0.390511 0.190375 0.267968 0.00107788
2 0.0924439 0.640273 0.183213 0.485091 0.00107597
2 0.0833013 0.478101 0.165951 0.3357 0.00107266
0 0.49015 0.431482 0.51358 0.438865 0.00107076
0 0.548035 0.399483 0.495025 0.40153 0.00106731
1 0.469535 0.347257 0.22484 0.635127 0.00105108
2 0.603598 0.856268 0.345246 0.273008 0.00104974
1 0.466538 0.269461 0.227949 0.439723 0.00103875
0 0.712432 0.838041 0.274271 0.305995 0.00103756
2 0.289205 0.86125 0.469455 0.272427 0.00103521
2 0.120399 0.559354 0.240799 0.52328 0.00103442
1 0.67225 0.466797 0.310438 0.293847 0.00103407
2 0.583994 0.767599 0.23846 0.425023 0.00103169
0 0.462194 0.0657412 0.368841 0.131482 0.00102752
2 0.682139 0.768563 0.17726 0.393333 0.00102308
2 0.146568 0.436928 0.293136 0.421292 0.00102173
2 0.33248 0.906553 0.488788 0.157793 0.00101935
2 0.10005 0.531842 0.200101 0.469348 0.00101792
2 0.130082 0.382627 0.260165 0.418072 0.00101729
2 0.50906 0.884823 0.367241 0.211449 0.00101486
2 0.811416 0.564422 0.184664 0.527263 0.00101297
1 0.232484 0.810042 0.20931 0.354943 0.00101046
2 0.794773 0.513458 0.410454 0.499106 0.00100893
2 0.118854 0.500412 0.237709 0.350477 0.00100155
2 0.877789 0.996138 0.244423 0.00772479 0.000999553
2 0.113326 0.684397 0.21243 0.402437 0.000995429
2 0.602946 0.994784 0.367658 0.0104326 0.000993947
1 0.513791 0.359684 0.250971 0.719369 0.000992352
1 0.963138 0.470026 0.0734314 0.765151 0.000991596
0 0.798631 0.348008 0.19498 0.262909 0.000989881
0 0.519422 0.790602 0.349379 0.381715 0.000989177
2 0.719152 0.880027 0.440109 0.239559 0.000987389
2 0.744703 0.580535 0.221801 0.59692 0.000982904
0 0.853338 0.35555 0.293324 0.281026 0.000981056
0 0.672741 0.859912 0.391255 0.265028 0.000980663
2 0.778969 0.568233 0.194985 0.549083 0.000980077
1 0.494126 0.29803 0.215423 0.502034 0.000979755
2 0.47228 0.501015 0.508328 0.366609 0.000978677
0 0.354519 0.643952 0.411615 0.395818 0.000978295
0 0.627627 0.835262 0.162495 0.329034 0.000977856
1 0.142631 0.473199 0.285262 0.480755 0.000977555
0 0.753624 0.321576 0.25958 0.255025 0.000977548
0 0.474686 0.501496 0.483499 0.304654 0.000976818
2 0.420809 0.803006 0.335514 0.159607 0.000976432
1 0.388614 0.755901 0.388854 0.254615 0.000976155
0 0.858723 0.321811 0.272282 0.244658 0.000975651
0 0.860228 0.385712 0.0362593 0.080292 0.000975504
2 0.769642 0.894803 0.373682 0.210393 0.000973578
2 0.44553 0.897022 0.410768 0.186848 0.000973379
0 0.546571 0.165583 0.27805 0.248206 0.000970812
2 0.968011 0.281832 0.0638205 0.563665 0.000969992
2 0.642657 0.606879 0.250571 0.687266 0.000968928
2 0.189548 0.287015 0.232673 0.393551 0.000968445
2 0.264319 0.895072 0.487121 0.178905 0.000967776
0 0.277786 0.833959 0.317089 0.299581 0.00096595
0 0.182399 0.778263 0.106369 0.330554 0.000961277
2 0.134579 0.999112 0.269157 0.00177679 0.000958031
2 0.434673 0.174387 0.459513 0.269386 0.000956743
0 0.350792 0.523683 0.24375 0.659476 0.000956509
2 0.616375 0.893405 0.428566 0.186308 0.000956053
1 0.442447 0.784489 0.427917 0.20894 0.000954678
0 0.414349 0.182459 0.446486 0.253158 0.000953848
0 0.342096 0.422987 0.313166 0.583196 0.00095347
2 0.636629 0.347376 0.469159 0.30183 0.000953159
1 0.961599 0.750017 0.0766755 0.499967 0.000952058
2 0.676977 0.561094 0.286004 0.667914 0.000951885
2 0.156339 0.433864 0.312679 0.549688 0.000949942
2 0.117593 0.880751 0.235186 0.204862 0.00094797
2 0.68143 0.676495 0.208013 0.563238 0.000947315
0 0.544266 0.458931 0.537607 0.296433 0.000946822
0 0.323747 0.183007 0.265871 0.178028 0.0009405
2 0.444907 0.99878 0.268912 0.00243988 0.00094037
0 0.702888 0.410046 0.247804 0.304052 0.000939849
0 0.291346 0.226995 0.201976 0.244395 0.000937789
1 0.0604102 0.348177 0.119995 0.540894 0.000936781
0 0.371113 0.153514 0.401104 0.18638 0.000935639
0 0.283418 0.174372 0.132408 0.138845 0.000932831
0 0.0223061 0.202051 0.0446122 0.404102 0.000932806
1 0.929652 0.616351 0.140408 0.534053 0.00093207
2 0.385693 0.853018 0.376344 0.27379 0.000931552
2 0.168765 0.824099 0.154291 0.319208 0.000930144
2 0.971022 0.0129268 0.0579552 0.0258536 0.000929742
2 0.811706 0.905219 0.290201 0.189562 0.000929529
2 0.847006 0.534847 0.267763 0.501202 0.000927401
2 0.256783 0.323046 0.25243 0.42328 0.000927065
2 0.407827 0.235194 0.365942 0.295769 0.000926963
0 0.743683 0.282977 0.309736 0.283966 0.00092561
0 0.701558 0.791079 0.19063 0.361293 0.000925585
2 0.45772 0.67124 0.204998 0.379767 0.000924899
0 0.179843 0.275342 0.359686 0.352341 0.000924667
2 0.139997 0.674681 0.201143 0.508351 0.000923689
0 0.638883 0.164084 0.341969 0.263844 0.000921344
2 0.612165 0.432138 0.419414 0.319972 0.000921313
0 0.46303 0.802326 0.32394 0.147397 0.000920823
0 0.398374 0.549158 0.262604 0.49899 0.000918623
1 0.203432 0.333899 0.260458 0.470002 0.000918452
2 0.603334 0.184293 0.321509 0.278184 0.000918188
0 0.355344 0.442339 0.157594 0.655284 0.000917716
2 0.106404 0.829663 0.212807 0.340675 0.000913618
0 0.340155 0.15717 0.316426 0.139411 0.000913369
0 0.408121 0.14177 0.432265 0.235769 0.000912933
2 0.283814 0.363393 0.284223 0.463311 0.00091285
2 0.700186 0.902372 0.482113 0.16522 0.00091171
0 0.344145 0.690747 0.359721 0.358288 0.000911393
0 0.617092 0.35814 0.506214 0.412987 0.000909302
2 0.34043 0.248564 0.294911 0.304757 0.000908564
2 0.186094 0.269984 0.372188 0.341381 0.000907772
2 0.806037 0.541061 0.259452 0.573199 0.000905984
2 0.843711 0.998978 0.312578 0.00204303 0.00090079
2 0.22876 0.333305 0.247939 0.593919 0.000898968
2 0.152055 0.729964 0.169976 0.400398 0.000897884
0 0.437216 0.569973 0.285928 0.594135 0.000897462
2 0.242797 0.99709 0.326159 0.0058197 0.0008969
2 0.971601 0.806318 0.0566471 0.387363 0.000896877
2 0.144755 0.518852 0.289509 0.54466 0.000895012
0 0.495641 0.114019 0.296849 0.163495 0.000892563
2 0.965441 0.188524 0.0691189 0.377049 0.000891622
2 0.13682 0.286175 0.27364 0.38678 0.000890898
2 0.549448 0.166017 0.237735 0.240787 0.000890687
2 0.165053 0.842223 0.202862 0.296202 0.000888085
2 0.0601278 0.775758 0.118501 0.428961 0.000887356
0 0.813003 0.308071 0.215536 0.251469 0.000886962
0 0.693691 0.225803 0.293117 0.265945 0.000884992
0 0.0873017 0.275005 0.174603 0.353326 0.000880997
1 0.0967069 0.715645 0.191771 0.325677 0.000880284
2 0.760824 0.631683 0.20966 0.427854 0.000880058
2 0.964312 0.13276 0.0709599 0.265519 0.000879435
1 0.170887 0.377516 0.341774 0.648508 0.000879287
2 0.432692 0.636815 0.258458 0.455746 0.000878928
1 0.433062 0.25028 0.34792 0.399045 0.000876823
2 0.683432 0.998425 0.376543 0.00315076 0.000876002
0 0.984202 0.561681 0.0315955 0.358467 0.000875479
0 0.720659 0.331676 0.23711 0.223778 0.000874427
2 0.270338 0.495792 0.151532 0.770237 0.000874162
2 0.545648 0.657413 0.262481 0.538115 0.000873861
2 0.824421 0.603463 0.17653 0.420345 0.000873334
0 0.963361 0.364103 0.0729569 0.687787 0.000869645
0 0.539513 0.762938 0.257921 0.382117 0.000868073
2 0.88649 0.641322 0.227019 0.351164 0.000867156
0 0.273751 0.382345 0.268271 0.551593 0.000866908
0 0.278192 0.15607 0.141983 0.103578 0.000866389
2 0.586657 0.238837 0.501599 0.345262 0.000863888
2 0.162192 0.330987 0.324384 0.544163 0.000862242
0 0.473382 0.551853 0.389714 0.574737 0.00086068
2 0.597571 0.582037 0.229927 0.699502 0.000860486
2 0.82116 0.490093 0.35768 0.385214 0.000859868
2 0.325717 0.331244 0.376913 0.41283 0.00085948
2 0.51064 0.0716517 0.308769 0.143106 0.000857699
