0 0.588248 0.229392 0.219833 0.155381 0.805972
0 0.422355 0.424287 0.530091 0.35425 0.519913
0 0.511606 0.372326 0.0949872 0.0810651 0.34939
0 0.281361 0.0227296 0.080095 0.0454593 0.314997
0 0.344858 0.334272 0.149016 0.176099 0.305059
0 0.343466 0.292775 0.133224 0.094361 0.268357
0 0.458237 0.466705 0.454807 0.260187 0.128914
0 0.268145 0.506425 0.214049 0.151082 0.113735
0 0.317126 0.415787 0.3398 0.3457 0.0996225
0 0.233589 0.528279 0.146572 0.103739 0.0974793
0 0.236483 0.5091 0.153165 0.142727 0.0851531
0 0.348553 0.37402 0.158607 0.0939094 0.0787399
0 0.306921 0.475122 0.113376 0.0897382 0.0703847
0 0.416781 0.402176 0.305054 0.155582 0.0673353
0 0.497358 0.242157 0.408712 0.178872 0.0665812
0 0.415919 0.342315 0.299086 0.187328 0.0645622
0 0.480231 0.571953 0.652362 0.487986 0.0643163
0 0.423776 0.368189 0.567666 0.495169 0.0394505
0 0.436761 0.499379 0.560988 0.394368 0.0392195
0 0.521114 0.649698 0.727741 0.656854 0.0348598
0 0.148026 0.256955 0.0236254 0.0192596 0.0333167
0 0.381811 0.422924 0.276109 0.196269 0.0302462
0 0.210962 0.518649 0.101804 0.0817034 0.0285332
0 0.350159 0.284385 0.108921 0.0766229 0.0247913
0 0.518199 0.480657 0.33542 0.194397 0.0228371
0 0.424985 0.370057 0.295526 0.118996 0.022504
0 0.299195 0.318555 0.243903 0.146965 0.0183516
0 0.0619606 0.843058 0.0285145 0.0301605 0.0171739
0 0.355574 0.467679 0.411017 0.300781 0.0161621
0 0.541423 0.495273 0.2856 0.126661 0.0142867
0 0.43591 0.284064 0.543217 0.262031 0.0140973
0 0.501522 0.376125 0.124289 0.0886069 0.0136659
0 0.366349 0.38635 0.214684 0.124648 0.0133802
0 0.424786 0.445164 0.372117 0.234302 0.0129234
0 0.302892 0.477438 0.141585 0.11068 0.0126532
0 0.588828 0.493234 0.19144 0.120556 0.012186
0 0.554567 0.231109 0.154695 0.144994 0.0114527
0 0.366478 0.390918 0.27741 0.29894 0.0112715
0 0.319452 0.46234 0.168502 0.115439 0.0107194
0 0.329161 0.474647 0.361795 0.236367 0.0106948
0 0.490611 0.363937 0.443612 0.423906 0.0101357
0 0.324837 0.294359 0.212036 0.104787 0.00857079
0 0.753609 0.293893 0.0364459 0.0232996 0.00766793
0 0.348747 0.356724 0.176704 0.171098 0.00765224
0 0.55568 0.367771 0.192309 0.0881045 0.00741087
0 0.187968 0.023359 0.300473 0.0464575 0.00715532
0 0.537455 0.398673 0.264264 0.136022 0.00703016
0 0.260785 0.0216782 0.126928 0.0433564 0.00696222
0 0.291523 0.50463 0.417827 0.458824 0.00649682
0 0.200311 0.521615 0.0772937 0.0747121 0.00638706
0 0.682995 0.241475 0.431209 0.186009 0.0062869
0 0.51413 0.355699 0.0898383 0.0509169 0.00626458
0 0.36038 0.44939 0.390455 0.208602 0.00626243
0 0.568295 0.328747 0.216415 0.167088 0.00608806
0 0.606665 0.272952 0.28423 0.245154 0.00607121
0 0.748917 0.299788 0.0426346 0.0338482 0.00591357
0 0.570885 0.170453 0.277572 0.294099 0.0056033
0 0.384861 0.286617 0.194412 0.0900197 0.00516368
0 0.524649 0.41678 0.445963 0.730472 0.00502325
0 0.589597 0.355446 0.298671 0.436039 0.0049969
0 0.291565 0.0538129 0.488666 0.107528 0.00487777
0 0.539941 0.497453 0.640171 0.845389 0.00486376
2 0.628077 0.672396 0.679286 0.607611 0.00481223
0 0.371177 0.358396 0.323432 0.271098 0.00476314
0 0.335847 0.557569 0.395129 0.489814 0.00461905
0 0.506305 0.164176 0.430349 0.316485 0.00455549
0 0.517707 0.224242 0.318576 0.148064 0.00451668
0 0.52587 0.496447 0.391495 0.108589 0.00435733
0 0.22456 0.440669 0.444207 0.360332 0.0042002
0 0.237035 0.405726 0.344063 0.352341 0.00417717
0 0.587459 0.207667 0.221733 0.108633 0.00410122
0 0.222574 0.0621285 0.436672 0.124257 0.00407019
0 0.187922 0.530521 0.0530286 0.0578546 0.00398888
0 0.920607 0.113936 0.157976 0.227871 0.00395942
2 0.501098 0.974893 0.599272 0.0496166 0.00393504
0 0.221685 0.593992 0.420247 0.589889 0.0038361
0 0.911338 0.0704135 0.177325 0.140827 0.00382564
0 0.920662 0.0815499 0.158675 0.1631 0.00380796
0 0.717747 0.234941 0.54763 0.44719 0.00380786
0 0.642115 0.16612 0.613711 0.31796 0.00379882
0 0.556304 0.2595 0.151897 0.0910728 0.00373822
0 0.320051 0.0241631 0.212993 0.0480203 0.00363961
0 0.379405 0.974741 0.533499 0.0505183 0.00360998
0 0.862377 0.0693347 0.272876 0.138669 0.0034988
0 0.366694 0.0578502 0.530808 0.1157 0.00344015
0 0.707113 0.304077 0.563036 0.608154 0.00341994
0 0.277759 0.972597 0.535961 0.0548052 0.00341645
0 0.213161 0.0957538 0.401726 0.190152 0.00337661
0 0.869695 0.10364 0.256008 0.207075 0.0033495
2 0.596501 0.973123 0.630429 0.0532721 0.00334354
0 0.25373 0.536653 0.180716 0.112802 0.00323997
0 0.279912 0.037155 0.0930695 0.0743099 0.00323095
0 0.922035 0.17648 0.15534 0.337738 0.0032305
0 0.861317 0.168011 0.265359 0.336021 0.0031785
0 0.616022 0.234436 0.326035 0.153277 0.00317623
0 0.118677 0.959204 0.237354 0.0815918 0.00317181
0 0.0285234 0.37188 0.0570468 0.307194 0.00315539
0 0.691766 0.415282 0.60006 0.811578 0.00313697
0 0.579085 0.303727 0.230458 0.247744 0.0031338
0 0.0591743 0.844184 0.0398275 0.030711 0.0031234
0 0.14078 0.015812 0.236734 0.0313484 0.00311895
0 0.0265006 0.328295 0.0530012 0.274023 0.00311423
0 0.171845 0.387485 0.343691 0.378597 0.00307847
0 0.0353056 0.420613 0.0706111 0.337623 0.00306595
0 0.385385 0.177164 0.675053 0.354329 0.00306469
0 0.524401 0.757079 0.76398 0.485842 0.00306467
0 0.0499159 0.457796 0.0998318 0.327206 0.00305764
0 0.604116 0.60033 0.752546 0.777149 0.00303975
0 0.0705753 0.172326 0.141151 0.287735 0.00303169
0 0.112096 0.135521 0.224193 0.247243 0.00302206
0 0.0392789 0.222076 0.0785579 0.258898 0.00301921
0 0.0280755 0.283053 0.056151 0.262034 0.00301494
0 0.0850459 0.506579 0.170092 0.345458 0.00300826
0 0.780488 0.0654157 0.393043 0.130831 0.00298787
0 0.240375 0.36032 0.380774 0.276772 0.00297967
0 0.141222 0.877203 0.282443 0.245593 0.00297673
0 0.27164 0.113938 0.388285 0.227877 0.00297439
0 0.352024 0.274735 0.125197 0.143921 0.00297055
0 0.185221 0.137683 0.357725 0.275366 0.00296728
0 0.159087 0.521069 0.314768 0.11456 0.00296562
0 0.080787 0.585508 0.161574 0.437029 0.00295645
0 0.338486 0.145868 0.548856 0.291736 0.00294796
0 0.190489 0.967013 0.380977 0.0648901 0.00293826
0 0.0686461 0.636262 0.137292 0.393244 0.00289479
0 0.0588555 0.702786 0.117711 0.383928 0.00288248
0 0.909271 0.971318 0.181459 0.057365 0.00287008
0 0.0562688 0.767619 0.112538 0.391426 0.00285366
0 0.317876 0.294469 0.436925 0.335626 0.00282665
2 0.0633902 0.813774 0.12678 0.347595 0.00281542
0 0.639947 0.0633564 0.596797 0.126713 0.00280047
0 0.911815 0.22292 0.176369 0.37919 0.00276424
0 0.131351 0.34464 0.262703 0.324937 0.00274359
2 0.767205 0.973648 0.447007 0.0526686 0.00274055
0 0.486148 0.059969 0.583688 0.119938 0.00273383
0 0.146879 0.172709 0.293757 0.302781 0.00271827
0 0.362256 0.610754 0.692199 0.584235 0.00270631
0 0.513876 0.153155 0.852144 0.303069 0.00270475
0 0.0964499 0.844531 0.1929 0.306615 0.00267727
0 0.442618 0.140608 0.585139 0.277424 0.00267614
0 0.128446 0.291654 0.256893 0.299171 0.00262731
0 0.586362 0.190866 0.223919 0.0736933 0.00261988
0 0.259539 0.730231 0.0912538 0.030799 0.00259404
0 0.200881 0.504464 0.0736346 0.0520332 0.00258617
0 0.490133 0.933231 0.664181 0.112664 0.00258235
0 0.20702 0.186761 0.395275 0.353604 0.00256904
0 0.160806 0.684772 0.318727 0.525229 0.00256449
0 0.185196 0.333592 0.370391 0.297962 0.00255643
0 0.83047 0.973772 0.339059 0.0524563 0.00254226
0 0.27316 0.207165 0.460699 0.400326 0.00252824
0 0.903939 0.305389 0.192121 0.311604 0.0025248
0 0.199591 0.86256 0.399182 0.271422 0.00251495
0 0.483428 0.319781 0.310723 0.212936 0.00245964
0 0.330341 0.0435889 0.199526 0.0871778 0.00245712
0 0.378182 0.934919 0.661553 0.115475 0.00244981
0 0.215224 0.270644 0.404689 0.38292 0.00244838
0 0.787394 0.215422 0.425213 0.408724 0.00244668
0 0.901645 0.403593 0.196711 0.290736 0.00244061
0 0.905004 0.355426 0.189993 0.293068 0.00243992
0 0.261074 0.691641 0.522147 0.584561 0.00243718
0 0.918794 0.920365 0.162411 0.142739 0.0024335
0 0.143464 0.787803 0.285548 0.409246 0.00240321
0 0.253158 0.898934 0.499298 0.199658 0.00239989
0 0.16684 0.230314 0.333681 0.394264 0.00239966
0 0.8922 0.0211635 0.212533 0.0411479 0.00239859
0 0.895904 0.56112 0.208193 0.301743 0.00238914
0 0.899003 0.506335 0.201994 0.301418 0.00237725
2 0.657462 0.761508 0.605652 0.470921 0.00237334
0 0.888536 0.62125 0.222929 0.338591 0.00235602
0 0.873989 0.678431 0.252022 0.359471 0.00235479
0 0.608079 0.930768 0.654056 0.117728 0.0023217
0 0.912067 0.830883 0.175866 0.253395 0.00227327
0 0.75983 0.285315 0.478856 0.395573 0.00226267
0 0.897593 0.760954 0.204814 0.339507 0.00224956
0 0.220372 0.74416 0.440745 0.511681 0.00224766
0 0.476795 0.80112 0.608655 0.286011 0.00221193
0 0.903786 0.865506 0.192428 0.212931 0.00218735
0 0.140525 0.256836 0.0446889 0.0219119 0.00214264
0 0.720088 0.927742 0.559823 0.131969 0.00213463
0 0.761541 0.359192 0.473277 0.341362 0.00212629
2 0.719116 0.799941 0.534882 0.392997 0.00212347
0 0.565133 0.491374 0.138603 0.109176 0.00210614
0 0.102374 0.0110247 0.145275 0.0220493 0.00210104
0 0.634784 0.512654 0.0898681 0.0772814 0.00206573
0 0.255662 0.0399908 0.13643 0.0799817 0.00204996
0 0.513071 0.782685 0.815152 0.314634 0.00204721
0 0.148447 0.253571 0.0283377 0.0228747 0.00204632
0 0.261263 0.47933 0.305629 0.196917 0.0020206
0 0.560412 0.191066 0.133147 0.0747805 0.00201423
0 0.770235 0.470556 0.45953 0.354072 0.00201022
0 0.733873 0.644541 0.528302 0.408386 0.00200409
0 0.321273 0.79936 0.640039 0.401212 0.00199009
0 0.7526 0.578275 0.493422 0.325064 0.00198645
2 0.516675 0.787818 0.888275 0.363093 0.0019838
0 0.379917 0.812981 0.618496 0.321749 0.00196081
0 0.802921 0.924793 0.394159 0.135969 0.00194992
0 0.284194 0.300334 0.374194 0.123815 0.00193942
0 0.18085 0.821369 0.361699 0.350832 0.00192531
0 0.571779 0.218194 0.289015 0.149533 0.00191599
0 0.921013 0.0194296 0.157974 0.0383149 0.00188041
0 0.736682 0.726677 0.520935 0.42724 0.00187001
0 0.553965 0.507645 0.515743 0.115064 0.00185827
1 0.90319 0.044665 0.19362 0.0874822 0.00184906
2 0.621198 0.813562 0.719848 0.332335 0.00183913
0 0.592947 0.307354 0.305835 0.224118 0.00182174
0 0.272053 0.330397 0.360277 0.179068 0.0018155
0 0.854355 0.0173203 0.234863 0.0339621 0.00180838
0 0.00894615 0.217383 0.0178923 0.0272555 0.00180289
0 0.44414 0.857746 0.677995 0.210193 0.00180064
0 0.542495 0.38829 0.330305 0.116374 0.00178777
0 0.248304 0.832628 0.496607 0.312436 0.001775
0 0.774388 0.833622 0.449134 0.251675 0.00176549
0 0.821355 0.0138007 0.221172 0.0268782 0.00173372
1 0.898105 0.029391 0.200742 0.056946 0.00173333
0 0.424472 0.434241 0.136633 0.117625 0.00170625
0 0.332021 0.0256125 0.348578 0.0494973 0.00169573
0 0.498612 0.851834 0.912435 0.234091 0.0016923
0 0.0128071 0.214393 0.0256142 0.0383641 0.00168254
0 0.597984 0.256795 0.408866 0.193691 0.00167033
0 0.489636 0.0383914 0.0280411 0.0215925 0.00166889
0 0.0456193 0.849765 0.0743968 0.0448692 0.00166601
0 0.716765 0.851908 0.558858 0.26423 0.00164964
0 0.235188 0.0196188 0.236492 0.0392376 0.00164888
0 0.302702 0.436578 0.353167 0.246138 0.00163963
0 0.0141921 0.376517 0.0283842 0.189893 0.00159831
0 0.604423 0.357322 0.293544 0.116213 0.00158585
0 0.592491 0.697647 0.253234 0.162896 0.0015717
0 0.269632 0.541769 0.0813885 0.0808133 0.00156779
0 0.523398 0.447791 0.3729 0.235192 0.00156476
0 0.744478 0.30264 0.0523829 0.0398053 0.00155288
0 0.632074 0.696908 0.329487 0.188714 0.00155169
0 0.598218 0.374914 0.312925 0.104786 0.00154818
0 0.0143401 0.42884 0.0286801 0.263775 0.00153289
0 0.0714887 0.844078 0.0506722 0.0317817 0.00153017
0 0.296021 0.529196 0.271999 0.135789 0.00151748
0 0.586421 0.488855 0.269135 0.134768 0.00148575
0 0.166115 0.492949 0.332229 0.164429 0.0014789
0 0.0140806 0.333091 0.0281613 0.244313 0.00146704
0 0.0532367 0.855927 0.106473 0.288147 0.00145167
2 0.876756 0.0344951 0.246487 0.0684066 0.00144113
0 0.502957 0.258483 0.0437758 0.0343364 0.0014283
0 0.311248 0.34958 0.409905 0.205438 0.00141854
0 0.322469 0.507957 0.349789 0.171545 0.00140943
0 0.266233 0.988258 0.441273 0.0234848 0.00139044
0 0.603808 0.635769 0.280504 0.215774 0.00138851
0 0.0141602 0.54748 0.0283203 0.310154 0.00138577
0 0.147117 0.246415 0.0280313 0.0409128 0.00138426
0 0.484813 0.0291186 0.0342069 0.0376479 0.00137993
0 0.0605085 0.851882 0.0359806 0.0557065 0.00137523
0 0.337366 0.0474375 0.297963 0.0948751 0.00137284
0 0.0144476 0.22537 0.0282202 0.0547016 0.00137
0 0.0130282 0.204216 0.0260563 0.119825 0.00136702
0 0.498074 0.261831 0.0335664 0.0302998 0.00135587
0 0.635858 0.668394 0.284052 0.199176 0.00134101
0 0.0130773 0.249022 0.0261546 0.143847 0.00131732
0 0.708375 0.695493 0.424134 0.183806 0.001301
0 0.593234 0.677781 0.312254 0.142514 0.00129933
1 0.945833 0.0783473 0.108108 0.153479 0.00128922
0 0.598706 0.746098 0.287474 0.208763 0.00128112
0 0.53665 0.533706 0.542084 0.148259 0.00127679
0 0.486534 0.0388362 0.0354824 0.02509 0.00127299
0 0.440548 0.022302 0.170153 0.043827 0.00127169
1 0.84313 0.027361 0.313741 0.0535182 0.00126895
0 0.53051 0.519089 0.314022 0.178678 0.00126475
2 0.0613906 0.87099 0.122781 0.258019 0.00125276
1 0.0543715 0.904177 0.108743 0.191645 0.00125028
0 0.355765 0.985796 0.468809 0.0284088 0.0012497
0 0.013769 0.246508 0.0275381 0.248091 0.00124484
0 0.287699 0.745431 0.147452 0.0598942 0.00124301
1 0.523956 0.517387 0.332924 0.160678 0.00124272
0 0.0141467 0.482912 0.0282934 0.299768 0.00123546
0 0.193458 0.498221 0.0534609 0.0403391 0.00123372
0 0.559271 0.211431 0.142174 0.117631 0.00123089
0 0.499991 0.272604 0.43875 0.120306 0.00123037
0 0.727536 0.303305 0.0847529 0.0370868 0.00122999
0 0.471587 0.489361 0.125777 0.116368 0.00122761
0 0.22463 0.0549888 0.220464 0.109978 0.00122327
0 0.0166683 0.286342 0.0333365 0.291015 0.00121354
0 0.0605237 0.803573 0.121047 0.334659 0.00121261
0 0.119708 0.00891398 0.0970536 0.017828 0.00120919
0 0.134401 0.0322648 0.217658 0.0627766 0.00120759
0 0.0145822 0.607589 0.0291643 0.37447 0.00120648
2 0.941259 0.0772951 0.117482 0.15459 0.00120617
0 0.193485 0.988631 0.386971 0.0227389 0.00119713
0 0.336458 0.506127 0.423804 0.209622 0.00119664
0 0.131671 0.255319 0.0599038 0.0282623 0.001182
0 0.0704326 0.0147748 0.140865 0.0295495 0.00117905
0 0.796465 0.0120519 0.207859 0.0237285 0.00117806
0 0.93354 0.0131521 0.132919 0.0263042 0.00117596
0 0.0202746 0.657305 0.0405493 0.395629 0.00117039
0 0.55151 0.778425 0.306617 0.161935 0.00116469
0 0.0263526 0.0369917 0.0527052 0.0727707 0.00116315
1 0.0789006 0.89465 0.157387 0.210701 0.00116275
1 0.919191 0.0782989 0.160255 0.154756 0.00115559
0 0.342306 0.276324 0.0920315 0.058765 0.00115409
0 0.0461696 0.782479 0.0923391 0.345635 0.00114141
0 0.0189444 0.750144 0.0378889 0.289713 0.00114022
0 0.669972 0.718139 0.624448 0.180223 0.0011363
0 0.588527 0.63617 0.2855 0.379492 0.0011358
1 0.568077 0.29265 0.437127 0.252283 0.00113028
0 0.0701741 0.88512 0.140348 0.229759 0.0011289
