1 0.331663 0.537742 0.637352 0.373442 0.658112
1 0.335568 0.625589 0.653112 0.444323 0.183268
2 0.353329 0.602243 0.667466 0.501934 0.11219
1 0.321187 0.722337 0.642375 0.554936 0.0922648
1 0.153452 0.569671 0.300623 0.182559 0.0309745
1 0.470029 0.765612 0.237145 0.159233 0.0301609
1 0.473031 0.796009 0.225041 0.0979216 0.0276182
1 0.442775 0.602574 0.798361 0.518268 0.0270474
1 0.311912 0.599229 0.429714 0.238633 0.0261364
1 0.329991 0.596727 0.639514 0.253664 0.0239698
1 0.314389 0.672696 0.569538 0.348588 0.0219279
2 0.15402 0.570423 0.295089 0.182149 0.0205728
1 0.40758 0.738599 0.363793 0.221634 0.0194652
0 0.322392 0.9686 0.0360952 0.0327171 0.0165492
0 0.326492 0.0155381 0.0690361 0.0295164 0.0155316
0 0.31968 0.973402 0.0485204 0.043639 0.0142792
1 0.658647 0.466307 0.603956 0.321231 0.0133778
0 0.227793 0.600182 0.437442 0.252295 0.0133001
1 0.643869 0.531989 0.633972 0.446616 0.0123742
1 0.411067 0.073373 0.716331 0.146746 0.0117075
1 0.658869 0.410884 0.60772 0.311914 0.0110997
1 0.450138 0.172124 0.870584 0.343054 0.0110802
1 0.259401 0.579572 0.474747 0.205132 0.0110583
2 0.466251 0.453477 0.353666 0.195994 0.0110287
1 0.487457 0.455481 0.322639 0.198423 0.0109228
0 0.0755693 0.0242607 0.151139 0.0484493 0.0108432
0 0.248616 0.0141384 0.250773 0.0275121 0.0107363
1 0.532004 0.530899 0.798931 0.39675 0.0102294
1 0.377213 0.737285 0.417516 0.522245 0.00990189
1 0.447488 0.251917 0.894976 0.50052 0.00974914
1 0.61589 0.618596 0.683039 0.57951 0.00936623
1 0.388494 0.461226 0.513099 0.209092 0.00931244
1 0.534688 0.422019 0.218503 0.131503 0.0090861
1 0.571887 0.435425 0.735421 0.242574 0.00891804
1 0.499847 0.507055 0.681954 0.30621 0.00804123
1 0.175016 0.601864 0.333013 0.257827 0.00802133
0 0.256783 0.974896 0.411001 0.0501139 0.00801268
0 0.282243 0.0163536 0.167743 0.031988 0.00790373
1 0.194969 0.66214 0.37533 0.388323 0.00785913
1 0.474944 0.119736 0.910699 0.238385 0.00726012
2 0.388642 0.684479 0.655383 0.330161 0.00703892
1 0.364678 0.972887 0.599508 0.0542258 0.00690261
2 0.308466 0.599064 0.430234 0.238318 0.00660202
1 0.321129 0.0634505 0.642258 0.126901 0.00644684
1 0.469565 0.0921829 0.810345 0.184366 0.0060707
1 0.355046 0.387524 0.619013 0.512495 0.0059504
1 0.534856 0.354835 0.832172 0.380946 0.00589397
0 0.306165 0.0140579 0.113843 0.0281158 0.00589182
1 0.216344 0.55875 0.412673 0.253052 0.00588579
1 0.342045 0.8234 0.60535 0.351714 0.00579103
1 0.422301 0.793224 0.330878 0.412128 0.00571198
1 0.251398 0.509534 0.473507 0.33551 0.00566668
1 0.405778 0.321857 0.764901 0.633652 0.00555063
1 0.590174 0.972532 0.615159 0.0549356 0.00551841
1 0.440633 0.807469 0.636953 0.379251 0.00551437
0 0.334974 0.975361 0.130077 0.0487645 0.00517051
1 0.367541 0.45045 0.735082 0.430994 0.00501002
0 0.235575 0.0656241 0.467851 0.131248 0.00477551
2 0.122396 0.72441 0.244793 0.526549 0.00456573
1 0.548285 0.791558 0.715341 0.411495 0.00450858
1 0.16673 0.706041 0.333459 0.501375 0.00445579
0 0.268655 0.0233858 0.372379 0.0461781 0.00430791
0 0.211714 0.0895286 0.423429 0.177742 0.0042544
0 0.114016 0.0249112 0.228032 0.0492559 0.00424842
1 0.639167 0.295138 0.647553 0.503479 0.00420449
0 0.191975 0.0161352 0.356351 0.0316708 0.004142
1 0.24844 0.132168 0.467481 0.264337 0.00409874
1 0.264286 0.636185 0.528571 0.327698 0.00399435
1 0.684199 0.36315 0.574444 0.341438 0.00395937
0 0.298454 0.975197 0.106786 0.0490356 0.0039367
1 0.469035 0.818713 0.239857 0.10954 0.0039281
1 0.677814 0.812297 0.573709 0.363131 0.00388791
1 0.541566 0.424523 0.326273 0.140797 0.00388265
1 0.773922 0.975184 0.371661 0.0496318 0.00385934
2 0.55235 0.0704544 0.753586 0.140717 0.00381952
0 0.230255 0.497902 0.430552 0.332281 0.00378165
2 0.461173 0.802933 0.238771 0.0865416 0.00378088
1 0.560762 0.417824 0.162566 0.126038 0.00371415
2 0.514161 0.441086 0.255987 0.174411 0.0037104
2 0.508439 0.0951413 0.878146 0.18951 0.00364196
1 0.193003 0.792519 0.386005 0.411903 0.00357506
2 0.225323 0.567818 0.446135 0.19074 0.00355906
2 0.437703 0.734477 0.759161 0.531045 0.00354523
1 0.598517 0.889083 0.692609 0.219603 0.00354185
0 0.150731 0.0915818 0.301462 0.181269 0.00352705
1 0.501666 0.452921 0.976719 0.471662 0.00351981
1 0.517739 0.691137 0.810655 0.605784 0.00349683
1 0.488727 0.898866 0.668619 0.200083 0.00347932
0 0.658675 0.0672362 0.634386 0.13447 0.00344675
1 0.618925 0.219645 0.692349 0.434236 0.00340367
0 0.757928 0.0670464 0.481881 0.13392 0.00340355
1 0.134216 0.536751 0.268433 0.292212 0.00338357
1 0.2261 0.188175 0.418997 0.371732 0.00333319
1 0.319078 0.963231 0.638156 0.0718128 0.00332932
0 0.172077 0.118956 0.3364 0.237912 0.003324
0 0.372412 0.978614 0.405634 0.0427063 0.00326633
2 0.899772 0.969964 0.200456 0.0600716 0.00324543
2 0.843645 0.0647115 0.308867 0.128343 0.0032387
1 0.424952 0.41523 0.849904 0.494562 0.00322996
1 0.856897 0.808267 0.251345 0.358427 0.00321456
0 0.739899 0.0963886 0.48401 0.191339 0.00321142
1 0.830085 0.977038 0.300678 0.0453938 0.00318121
0 0.176496 0.959029 0.352992 0.0819423 0.00314288
2 0.471635 0.786317 0.230921 0.119176 0.00312284
0 0.121262 0.117373 0.242524 0.220392 0.00308104
1 0.70605 0.713574 0.537677 0.522415 0.00306195
0 0.845367 0.0726779 0.309267 0.145356 0.00305893
1 0.16251 0.486776 0.307279 0.351528 0.00305026
1 0.765289 0.195097 0.41384 0.382193 0.00302202
2 0.0894854 0.266879 0.178971 0.268165 0.00299933
2 0.101526 0.217603 0.203052 0.320112 0.00296608
1 0.590434 0.160691 0.76291 0.319685 0.00296111
1 0.463904 0.486159 0.374881 0.267045 0.00295336
1 0.0869318 0.442486 0.173864 0.306667 0.00294445
2 0.0795814 0.387515 0.159163 0.319853 0.00294042
1 0.701667 0.554274 0.558791 0.375437 0.0029394
2 0.0882924 0.318928 0.176585 0.261233 0.00292862
2 0.874534 0.97636 0.250932 0.0472801 0.00292455
0 0.116354 0.484191 0.232708 0.351893 0.00289797
0 0.119995 0.838412 0.23999 0.311671 0.00287818
0 0.163287 0.18576 0.317167 0.362959 0.00287073
0 0.112839 0.17972 0.225679 0.333359 0.0028681
1 0.806336 0.75506 0.344695 0.450814 0.00284955
1 0.711445 0.237621 0.523908 0.459373 0.00283852
2 0.869199 0.109023 0.261601 0.211442 0.00282984
0 0.152893 0.895899 0.305786 0.208202 0.00282895
0 0.190074 0.461566 0.368035 0.428887 0.00282467
0 0.855361 0.0870763 0.259941 0.17209 0.00281757
0 0.384686 0.973404 0.46753 0.053064 0.00280276
0 0.213525 0.0273386 0.42705 0.054109 0.00277852
0 0.871221 0.165316 0.257558 0.304506 0.00276493
0 0.0943822 0.0225885 0.188764 0.0446824 0.00273008
1 0.137226 0.395742 0.26412 0.399682 0.00268412
1 0.493952 0.435973 0.572473 0.15687 0.00266941
1 0.739276 0.609911 0.485614 0.351583 0.00266746
0 0.892094 0.901888 0.215813 0.183536 0.00265746
0 0.201368 0.979958 0.402736 0.0397995 0.00264693
0 0.288649 0.866557 0.577297 0.265474 0.0026272
0 0.87552 0.231763 0.248959 0.344406 0.0026133
0 0.854544 0.138947 0.254332 0.277031 0.00259741
0 0.869666 0.873953 0.260668 0.220057 0.00259716
2 0.88076 0.85662 0.23848 0.24596 0.00259354
1 0.19705 0.311812 0.382848 0.403806 0.00257571
2 0.876777 0.845881 0.221083 0.253261 0.00257232
1 0.746615 0.348458 0.466292 0.27981 0.00256088
1 0.197975 0.0299233 0.395949 0.0598465 0.00255614
2 0.89225 0.430112 0.215499 0.302198 0.00253743
0 0.902026 0.376076 0.195948 0.29207 0.00253189
0 0.877256 0.48433 0.245488 0.298026 0.00252925
0 0.135129 0.218268 0.270258 0.365051 0.00251986
0 0.892981 0.330827 0.214037 0.306211 0.00251693
0 0.874583 0.288351 0.250834 0.328811 0.00251403
0 0.863773 0.866954 0.247489 0.231459 0.00250894
0 0.765684 0.925236 0.468632 0.143276 0.00248842
0 0.881856 0.589674 0.236287 0.330995 0.00248732
1 0.811039 0.663453 0.342962 0.329555 0.00248286
0 0.0999747 0.0221896 0.10789 0.0432757 0.00248054
2 0.871912 0.537615 0.256175 0.310654 0.00247853
0 0.895301 0.639208 0.209398 0.324411 0.00246334
0 0.90156 0.73236 0.196879 0.349366 0.00245634
2 0.830645 0.182584 0.300385 0.345796 0.00245346
0 0.856557 0.924003 0.284156 0.141729 0.00245199
0 0.87544 0.904785 0.225444 0.171086 0.00243413
0 0.0784837 0.0505123 0.156967 0.101025 0.00242835
0 0.125532 0.296557 0.249482 0.297438 0.00237657
0 0.268866 0.957158 0.537733 0.0856034 0.00236909
0 0.789166 0.224138 0.381744 0.367012 0.00230284
0 0.350347 0.282419 0.700694 0.541499 0.00227709
2 0.819109 0.705515 0.327129 0.339646 0.00226841
0 0.776826 0.299765 0.405314 0.291551 0.00221874
0 0.377017 0.975236 0.202415 0.049289 0.00221667
2 0.849095 0.756375 0.268828 0.33775 0.0021882
0 0.0365558 0.348325 0.0731115 0.0477392 0.00215909
0 0.205092 0.0252249 0.345104 0.0492502 0.00211538
0 0.285084 0.0186775 0.302178 0.0369479 0.00198709
0 0.0801428 0.0362414 0.160286 0.0719765 0.00196103
1 0.298309 0.635699 0.483577 0.176407 0.00195807
1 0.395927 0.0456407 0.663326 0.0912815 0.00194931
1 0.543082 0.47127 0.37848 0.215801 0.00192887
0 0.336207 0.0349851 0.540443 0.0692837 0.00186854
1 0.115471 0.0806965 0.230942 0.159409 0.00184922
1 0.519398 0.500974 0.379761 0.226822 0.00182452
0 0.123856 0.0221046 0.187001 0.0441541 0.00181538
0 0.175929 0.984303 0.351858 0.0309018 0.00178845
2 0.44456 0.796572 0.187037 0.0906185 0.00176039
0 0.29238 0.975625 0.156871 0.0481203 0.00175137
1 0.130328 0.60184 0.246501 0.131644 0.0017255
0 0.0485522 0.32571 0.0971044 0.0971486 0.00170275
1 0.609975 0.416731 0.346901 0.147823 0.00169521
0 0.382604 0.0161802 0.198437 0.0314534 0.0016728
1 0.484311 0.468251 0.584888 0.206825 0.00165691
1 0.775413 0.0307514 0.404086 0.0601133 0.00164025
0 0.0477266 0.353625 0.062275 0.042039 0.00160895
1 0.790692 0.0487709 0.418616 0.0965728 0.00160339
1 0.399187 0.795904 0.383846 0.101333 0.00159448
0 0.740238 0.0280149 0.34978 0.0552583 0.00157547
0 0.430689 0.962766 0.506246 0.0742771 0.00157466
0 0.081828 0.0139881 0.163656 0.0279761 0.0015663
0 0.0494451 0.561402 0.0956072 0.324678 0.00154144
2 0.47376 0.75992 0.236068 0.178958 0.00153958
0 0.506707 0.982565 0.534379 0.03487 0.00153349
1 0.121109 0.641362 0.226013 0.218075 0.0015207
0 0.41108 0.983485 0.471676 0.0330292 0.00150732
2 0.114049 0.562469 0.210195 0.171338 0.00150436
2 0.578984 0.420742 0.263455 0.141029 0.00149878
1 0.374792 0.756979 0.456553 0.18583 0.00149143
0 0.303477 0.0626593 0.345423 0.124078 0.00149035
0 0.0392192 0.585307 0.0784383 0.353374 0.00148754
0 0.342328 0.0140774 0.173429 0.0280784 0.00148528
0 0.771404 0.0221038 0.18239 0.0435581 0.00147734
0 0.305512 0.97352 0.0784027 0.0428646 0.0014716
1 0.733376 0.0277277 0.298913 0.0541773 0.00146765
0 0.793455 0.98144 0.413089 0.0370052 0.00146653
1 0.466116 0.877051 0.243782 0.229481 0.00146389
1 0.562902 0.409352 0.217935 0.146866 0.00143961
1 0.238463 0.938313 0.476926 0.123374 0.00143937
2 0.714362 0.0282583 0.319763 0.0557119 0.00143162
0 0.0790107 0.258994 0.158021 0.244501 0.00142113
2 0.68995 0.0385043 0.401885 0.0764037 0.00141152
0 0.896277 0.882277 0.202974 0.164542 0.00140462
0 0.59065 0.97726 0.521159 0.0454805 0.00139514
1 0.704717 0.0386422 0.365924 0.0768838 0.00138747
1 0.473258 0.832952 0.406632 0.107405 0.00138648
2 0.186561 0.0728485 0.373121 0.144838 0.00137383
0 0.116859 0.986027 0.233717 0.0274654 0.00136253
1 0.070114 0.606756 0.130913 0.284323 0.0013573
1 0.876114 0.0678835 0.243605 0.133841 0.00132953
2 0.499797 0.799894 0.174054 0.0889019 0.00132845
2 0.0689049 0.550615 0.133951 0.323183 0.00132664
1 0.43615 0.567257 0.381774 0.3227 0.00132146
0 0.752283 0.984523 0.491739 0.0309548 0.00131896
1 0.0911963 0.57488 0.167445 0.182237 0.00129402
0 0.0751042 0.98763 0.127257 0.0243289 0.00129269
1 0.382378 0.709093 0.383951 0.287817 0.00129012
1 0.0808041 0.0954703 0.161608 0.188958 0.00128491
2 0.0746391 0.599104 0.134406 0.203505 0.00128228
1 0.618738 0.43712 0.481216 0.136842 0.00127897
2 0.714198 0.0469704 0.558869 0.0933563 0.00126914
0 0.455684 0.430247 0.427466 0.161153 0.00125504
2 0.452409 0.602848 0.341828 0.247086 0.0012483
1 0.520466 0.508601 0.496604 0.25454 0.00124297
2 0.0844086 0.0997792 0.168817 0.199558 0.00123955
1 0.701724 0.0509134 0.466909 0.101743 0.00123153
1 0.851081 0.0465406 0.297382 0.0923633 0.00122888
0 0.461639 0.0511468 0.47555 0.101875 0.00122868
0 0.664506 0.979898 0.531995 0.0402041 0.00122822
0 0.0652478 0.986649 0.0677387 0.0259872 0.0012136
1 0.0435382 0.651161 0.0870764 0.460204 0.00120975
1 0.371508 0.544101 0.491324 0.319279 0.00120479
1 0.343374 0.654856 0.37822 0.133962 0.00119495
0 0.208664 0.939061 0.417329 0.121877 0.00117734
0 0.631052 0.0468505 0.565785 0.0929533 0.00117293
0 0.0359901 0.36258 0.0719802 0.0895024 0.0011706
0 0.0816302 0.097579 0.16326 0.192294 0.00114826
1 0.120462 0.637272 0.227024 0.320069 0.00114516
0 0.0388469 0.378108 0.0776937 0.272704 0.00114343
2 0.0844209 0.107063 0.168842 0.214126 0.00113477
0 0.0558196 0.0856602 0.111639 0.17132 0.00113117
0 0.086058 0.909756 0.172116 0.179656 0.00111802
1 0.414957 0.62371 0.396698 0.211695 0.00110926
0 0.072272 0.312033 0.144544 0.129552 0.00110603
1 0.832316 0.07112 0.335367 0.140231 0.00109842
1 0.921336 0.0657346 0.153514 0.128535 0.00109525
0 0.55542 0.757319 0.379684 0.190656 0.00109314
0 0.513962 0.422883 0.245782 0.134255 0.00107888
2 0.881063 0.0479306 0.237874 0.0953006 0.00106696
2 0.77243 0.0206703 0.175457 0.0413406 0.00106405
0 0.166779 0.945346 0.333558 0.108779 0.00105873
1 0.453994 0.728078 0.280016 0.253699 0.00105866
0 0.572516 0.945937 0.659549 0.107716 0.00105687
2 0.928935 0.0752637 0.141717 0.147237 0.00105587
0 0.642069 0.413213 0.36208 0.15473 0.00105554
1 0.322809 0.691757 0.42489 0.265281 0.00105008
2 0.0522958 0.389473 0.104592 0.383626 0.00104953
0 0.221094 0.259694 0.18897 0.116259 0.00104861
1 0.26998 0.658743 0.391715 0.167931 0.00104715
0 0.285698 0.261194 0.353101 0.131609 0.00104597
1 0.492721 0.793118 0.491673 0.108577 0.00103981
2 0.639329 0.469715 0.568089 0.19372 0.00103857
0 0.0822429 0.249217 0.164486 0.366924 0.00103301
2 0.537949 0.516841 0.458075 0.301545 0.00103111
0 0.351354 0.934779 0.382675 0.126793 0.00102479
0 0.0562634 0.39927 0.112527 0.378433 0.0010227
2 0.131217 0.0987736 0.262434 0.193445 0.00102096
1 0.219208 0.0634821 0.300739 0.126012 0.00101933
0 0.441854 0.952868 0.614668 0.0936962 0.00101615
0 0.849534 0.881175 0.300932 0.167221 0.00101116
1 0.415122 0.0642672 0.47891 0.126971 0.00100807
0 0.539435 0.0547797 0.428046 0.108907 0.00100627
0 0.804689 0.938348 0.390623 0.11903 0.00100233
1 0.488308 0.055314 0.416954 0.109822 0.00100158
0 0.124445 0.940262 0.24889 0.116935 0.000998242
0 0.0723438 0.148376 0.144688 0.296752 0.000997699
0 0.673168 0.944456 0.653664 0.111056 0.000994419
2 0.0244452 0.605887 0.0488904 0.326459 0.000993794
0 0.301847 0.0932034 0.0434934 0.0326442 0.000991598
0 0.0768031 0.521961 0.151927 0.520593 0.00098891
0 0.524055 0.807248 0.124444 0.0709425 0.000988015
0 0.0510097 0.98654 0.0714681 0.0264998 0.000987252
1 0.456684 0.949923 0.69205 0.0992952 0.000986937
