0 0.509469 0.540535 0.509143 0.451411 0.903578
0 0.436061 0.440983 0.660572 0.655302 0.740081
0 0.30548 0.228635 0.322292 0.22406 0.588003
0 0.316168 0.274862 0.337437 0.312843 0.523441
0 0.475311 0.290188 0.655752 0.344717 0.433918
0 0.331339 0.346787 0.373046 0.467588 0.404123
0 0.474807 0.620512 0.453625 0.291535 0.380612
0 0.406519 0.654863 0.318209 0.21863 0.309479
2 0.303212 0.22638 0.318839 0.217931 0.134149
0 0.428615 0.59593 0.35228 0.343698 0.104981
0 0.492421 0.444741 0.489456 0.232613 0.0321021
0 0.444828 0.356657 0.605983 0.498675 0.0176961
0 0.370862 0.299672 0.450664 0.377261 0.0172442
0 0.508297 0.622384 0.517282 0.397964 0.0169963
0 0.444812 0.488805 0.391155 0.310301 0.0111526
0 0.640347 0.418975 0.247383 0.149595 0.0105589
0 0.402761 0.607769 0.612009 0.328594 0.0089764
0 0.536002 0.606365 0.576356 0.530345 0.0085732
0 0.445665 0.735426 0.395599 0.458872 0.00830945
0 0.663261 0.416966 0.194187 0.129256 0.00794638
0 0.56212 0.420774 0.410034 0.160874 0.00786581
0 0.390574 0.537089 0.576251 0.478896 0.00783987
0 0.279139 0.440378 0.353199 0.6518 0.0074981
0 0.302185 0.19673 0.310404 0.161942 0.00747358
0 0.439447 0.528212 0.383272 0.503573 0.00698858
0 0.419849 0.618959 0.329084 0.183964 0.00605354
0 0.526377 0.462022 0.489817 0.322096 0.00565474
0 0.433325 0.218761 0.578403 0.406292 0.00551773
0 0.300301 0.228071 0.398511 0.283227 0.00490703
0 0.416932 0.680406 0.277085 0.163915 0.00487611
0 0.21143 0.381743 0.402671 0.561729 0.00471517
2 0.540935 0.401053 0.454906 0.382247 0.00440088
0 0.450342 0.420251 0.39672 0.230732 0.00421637
0 0.400376 0.700035 0.317736 0.124748 0.00410052
0 0.236951 0.323989 0.460168 0.431347 0.00408767
0 0.371657 0.731333 0.518626 0.496705 0.004011
0 0.580151 0.675774 0.666838 0.609755 0.00400505
0 0.166899 0.44773 0.319371 0.644281 0.00390859
0 0.614603 0.560352 0.700483 0.525787 0.00387895
0 0.443675 0.635745 0.384489 0.239011 0.00374062
0 0.778658 0.977998 0.351588 0.0440036 0.00371344
0 0.228225 0.534386 0.320604 0.494123 0.00366583
0 0.710647 0.978203 0.425305 0.0435946 0.00359896
0 0.293102 0.637965 0.457261 0.355377 0.00356707
0 0.622851 0.977298 0.502285 0.0454037 0.00340379
0 0.348518 0.660695 0.1913 0.199142 0.00339133
0 0.0894971 0.437708 0.178994 0.444134 0.00338078
0 0.311256 0.709318 0.501847 0.413511 0.00337668
0 0.538981 0.976369 0.51123 0.0472611 0.00336631
0 0.345513 0.178804 0.235424 0.131194 0.00335898
0 0.490963 0.114244 0.692212 0.226979 0.00334582
0 0.0700172 0.4947 0.140034 0.392466 0.00334104
0 0.317534 0.168367 0.399437 0.336733 0.00329116
0 0.401866 0.977073 0.509862 0.0458542 0.00327517
0 0.449442 0.0662256 0.622734 0.13177 0.00325296
2 0.881514 0.965487 0.236972 0.0690261 0.00321366
0 0.0604108 0.550189 0.120822 0.357932 0.00314326
2 0.48893 0.334608 0.591016 0.544298 0.00312319
0 0.626785 0.0697967 0.591925 0.139262 0.00309934
0 0.554695 0.163172 0.778611 0.326343 0.00309174
0 0.766038 0.0709336 0.421053 0.141867 0.00308721
2 0.792112 0.620675 0.370189 0.589985 0.00307967
0 0.612095 0.452222 0.304028 0.202999 0.00303489
0 0.830055 0.0730004 0.339891 0.145908 0.00303463
0 0.855749 0.971621 0.288501 0.0567499 0.00302326
0 0.274184 0.146673 0.388063 0.288376 0.00301005
0 0.290953 0.977453 0.444101 0.0450937 0.00300686
0 0.889615 0.0718354 0.220771 0.143671 0.00298351
0 0.78 0.116492 0.391626 0.230753 0.00297719
0 0.240862 0.242623 0.481725 0.349603 0.00295769
0 0.667253 0.38526 0.185333 0.0804463 0.00294438
0 0.225825 0.9763 0.377005 0.0471822 0.00294034
0 0.865069 0.0647936 0.269862 0.129587 0.00293804
0 0.307119 0.0635623 0.429974 0.127125 0.0029197
0 0.285583 0.200386 0.571166 0.360771 0.00291757
0 0.102865 0.333328 0.205729 0.365922 0.00291286
0 0.124441 0.0744266 0.248881 0.148853 0.00291105
0 0.14142 0.561171 0.278567 0.451018 0.00290697
0 0.350561 0.614639 0.188179 0.14219 0.00289757
0 0.124285 0.966313 0.248571 0.0673737 0.00289219
0 0.749861 0.571367 0.454251 0.549806 0.00284169
0 0.163447 0.0693961 0.302875 0.138792 0.00282962
0 0.549013 0.270654 0.80129 0.531439 0.00282856
0 0.642472 0.495488 0.556558 0.46076 0.00281823
0 0.0684195 0.641199 0.136839 0.326021 0.00281008
0 0.244139 0.770753 0.408382 0.433586 0.00280769
0 0.814328 0.151196 0.323029 0.297645 0.00280551
0 0.891688 0.115928 0.216624 0.223841 0.00279002
0 0.075102 0.194121 0.150204 0.308073 0.00278849
0 0.90646 0.428634 0.187081 0.362534 0.00275148
0 0.0979704 0.82027 0.195941 0.303545 0.00274758
0 0.0781183 0.147064 0.156237 0.267165 0.00274325
0 0.231584 0.0730938 0.345478 0.146188 0.00273322
0 0.895225 0.529541 0.20955 0.386919 0.00272801
0 0.91201 0.370276 0.175979 0.339177 0.002721
0 0.160986 0.97371 0.321972 0.0525806 0.00270605
0 0.0766508 0.78761 0.153302 0.310093 0.00270599
0 0.0948846 0.245522 0.189769 0.307259 0.00269508
0 0.104565 0.106129 0.20913 0.212259 0.00268885
0 0.0689493 0.734239 0.137899 0.284762 0.00268366
0 0.745468 0.464845 0.45425 0.483241 0.00267581
0 0.140851 0.902627 0.281701 0.181289 0.0026659
0 0.79542 0.935305 0.407121 0.11917 0.00266233
0 0.729914 0.238082 0.474303 0.459562 0.00264608
0 0.157127 0.773134 0.312778 0.387631 0.00262419
0 0.892241 0.224496 0.215518 0.326257 0.00260696
0 0.234253 0.121774 0.385884 0.23697 0.00259594
0 0.887339 0.914235 0.225323 0.168548 0.00259247
0 0.142655 0.657975 0.281418 0.31454 0.00258342
0 0.893801 0.647014 0.212399 0.445131 0.00258261
0 0.645931 0.385347 0.601835 0.499681 0.00256308
0 0.864297 0.106343 0.267503 0.210328 0.00255932
0 0.800007 0.201467 0.347576 0.374215 0.00255242
0 0.897411 0.275622 0.205179 0.321747 0.00254506
0 0.159383 0.110112 0.316823 0.220224 0.00251309
0 0.717026 0.932167 0.517823 0.115067 0.00249518
0 0.849622 0.574556 0.2656 0.434127 0.00249476
0 0.539482 0.76297 0.612688 0.474059 0.00249436
0 0.831607 0.459528 0.297911 0.382412 0.00246484
0 0.431265 0.929578 0.594957 0.12157 0.00246144
0 0.56415 0.928525 0.638843 0.113117 0.00242993
0 0.858175 0.41419 0.246799 0.36871 0.00242887
0 0.675242 0.305983 0.588676 0.601256 0.0024279
0 0.831801 0.37187 0.28427 0.426984 0.00238457
0 0.849097 0.181965 0.285817 0.321356 0.00237375
0 0.881763 0.353001 0.204042 0.322147 0.0023708
0 0.897084 0.840156 0.205832 0.244286 0.00236123
0 0.847389 0.673553 0.272881 0.465144 0.00235102
0 0.912347 0.754611 0.175307 0.319076 0.00234812
0 0.307233 0.912493 0.546539 0.156268 0.00234243
0 0.85596 0.919933 0.273939 0.154104 0.00232591
0 0.791865 0.701174 0.3694 0.537268 0.0023207
0 0.876787 0.873603 0.246427 0.220766 0.00230578
0 0.871301 0.302733 0.230482 0.33588 0.00228652
0 0.440327 0.791407 0.502486 0.373758 0.0022851
0 0.145757 0.825714 0.291514 0.313926 0.00228149
0 0.25069 0.884047 0.448201 0.209184 0.00227594
0 0.237265 0.197889 0.172676 0.150747 0.00225483
0 0.345039 0.161057 0.251633 0.0959379 0.00224843
0 0.747805 0.987374 0.449914 0.0251401 0.00223308
0 0.17568 0.877102 0.351359 0.220681 0.00223229
0 0.438909 0.670161 0.380867 0.167765 0.00222283
0 0.345277 0.205189 0.247549 0.161355 0.00221771
0 0.522836 0.806761 0.602265 0.337958 0.00220132
0 0.593037 0.39512 0.340274 0.121439 0.00217507
0 0.779947 0.983134 0.438477 0.0335855 0.0021653
0 0.421562 0.447265 0.316996 0.208068 0.00215359
0 0.86888 0.704526 0.22994 0.376001 0.00212921
0 0.37237 0.70461 0.187364 0.116681 0.00211421
0 0.723534 0.717993 0.480348 0.534048 0.00209233
0 0.815679 0.857346 0.339672 0.272262 0.00207263
0 0.845458 0.820703 0.273198 0.315723 0.00207048
0 0.620024 0.886692 0.0207388 0.0222992 0.0020609
0 0.849848 0.868131 0.272398 0.238376 0.00203987
0 0.87579 0.828401 0.220499 0.253281 0.00203469
0 0.435134 0.598371 0.398712 0.230515 0.00203104
0 0.786234 0.823016 0.353787 0.321348 0.00200556
0 0.766755 0.778198 0.395784 0.43214 0.00197715
0 0.226247 0.24214 0.155178 0.241589 0.00197478
0 0.759283 0.86844 0.430144 0.243389 0.00191985
0 0.606679 0.838663 0.69279 0.302685 0.00191223
0 0.361542 0.683581 0.204592 0.159344 0.00188812
0 0.307073 0.663348 0.237624 0.204706 0.00183942
0 0.382327 0.6218 0.251304 0.157201 0.0017924
0 0.413643 0.479271 0.31006 0.19544 0.0017349
0 0.303624 0.314768 0.321685 0.24145 0.00172646
0 0.342993 0.43547 0.159128 0.239387 0.00172255
0 0.439031 0.867351 0.0240401 0.0134768 0.00170956
0 0.786483 0.993899 0.186245 0.0116806 0.00170232
1 0.575527 0.512195 0.411552 0.233763 0.00161408
0 0.439351 0.554928 0.441646 0.267868 0.00161323
0 0.801591 0.97158 0.396818 0.0566051 0.00161233
0 0.343283 0.536033 0.174023 0.296721 0.00159812
0 0.663621 0.988667 0.432977 0.0226667 0.00157284
0 0.343484 0.142975 0.207166 0.0635684 0.00155744
0 0.388553 0.386472 0.258445 0.276084 0.00152131
0 0.273654 0.18898 0.225549 0.146799 0.00149841
0 0.578708 0.467282 0.380163 0.23878 0.00149702
0 0.766306 0.994939 0.144409 0.00996248 0.00147069
0 0.53408 0.407076 0.541709 0.167942 0.00147011
0 0.604046 0.901259 0.0524745 0.0490717 0.00146517
0 0.178548 0.988325 0.357095 0.0229384 0.00145003
1 0.604131 0.47318 0.366008 0.215846 0.00144156
0 0.353446 0.354128 0.208666 0.379492 0.00143273
0 0.57708 0.436494 0.506963 0.15528 0.00142686
0 0.369687 0.60419 0.226052 0.208374 0.00142172
0 0.801487 0.950038 0.397025 0.0999235 0.0014055
0 0.0253328 0.511965 0.0506656 0.104892 0.00140459
1 0.310624 0.322308 0.333152 0.310727 0.00138885
0 0.371955 0.426244 0.217048 0.224977 0.00137942
0 0.347872 0.671676 0.278767 0.191152 0.00136193
0 0.333298 0.49217 0.159963 0.353291 0.00136099
2 0.605974 0.486342 0.331277 0.230383 0.00136043
0 0.340296 0.493331 0.16316 0.156228 0.00135902
0 0.511057 0.636964 0.275677 0.213532 0.00135318
0 0.614216 0.914791 0.0290757 0.0205711 0.00134789
0 0.576924 0.987769 0.491571 0.024462 0.00133551
0 0.0391853 0.740944 0.0783706 0.106818 0.00132234
1 0.557143 0.537532 0.492376 0.264438 0.00132183
0 0.0268585 0.467699 0.053717 0.182961 0.00128734
0 0.354916 0.551101 0.201415 0.429861 0.00126405
0 0.324448 0.988273 0.47353 0.0234544 0.00125296
1 0.597262 0.46763 0.547011 0.20823 0.00124129
0 0.370239 0.228273 0.525202 0.184607 0.00123863
0 0.745272 0.422561 0.365479 0.156207 0.00122542
0 0.235272 0.988303 0.470544 0.0233933 0.00120948
0 0.0402574 0.671977 0.0805148 0.299536 0.00120194
2 0.916611 0.0449589 0.162718 0.0898104 0.00119457
2 0.619894 0.486343 0.459727 0.239107 0.00118811
1 0.885238 0.0480147 0.229524 0.0960295 0.00118138
0 0.0295493 0.429752 0.0590985 0.231846 0.00117277
0 0.0431424 0.763621 0.0805772 0.0489933 0.00116629
1 0.84483 0.0482471 0.310341 0.0964942 0.00116608
0 0.415851 0.0317079 0.338804 0.0628248 0.00116008
0 0.0240063 0.660903 0.0480126 0.0887316 0.00115648
0 0.600411 0.914164 0.0594335 0.0261864 0.00115024
0 0.412543 0.985724 0.497668 0.0285528 0.0011439
0 0.361022 0.0390179 0.365406 0.077541 0.00114144
0 0.747615 0.957575 0.504771 0.0846168 0.00113854
0 0.936691 0.0523396 0.124806 0.101253 0.00112912
0 0.964058 0.579839 0.0639556 0.0812931 0.00112471
1 0.413097 0.713544 0.303941 0.111246 0.0011216
0 0.211876 0.270001 0.141837 0.287481 0.00111856
0 0.376779 0.68822 0.415727 0.103773 0.00111437
0 0.870329 0.946649 0.259342 0.106702 0.0011029
1 0.2798 0.313434 0.265632 0.262656 0.00109854
0 0.823403 0.994399 0.214005 0.0109976 0.00109649
0 0.909948 0.947417 0.180105 0.104982 0.00109387
0 0.0673941 0.928127 0.12487 0.072735 0.00109207
0 0.0809325 0.892438 0.161865 0.162632 0.00109187
0 0.418081 0.197822 0.438675 0.150295 0.00108039
1 0.497094 0.538503 0.479537 0.230107 0.0010801
0 0.0930339 0.0825659 0.0654355 0.0349926 0.00107317
0 0.496478 0.986442 0.507058 0.0271159 0.00107193
0 0.356682 0.354161 0.308284 0.360574 0.00106558
0 0.0269877 0.653051 0.0539753 0.194212 0.00106286
0 0.0346908 0.391081 0.0693816 0.222928 0.00105348
0 0.440624 0.864258 0.0284175 0.0176197 0.00105236
0 0.0681062 0.914136 0.136212 0.102943 0.00105148
0 0.0492955 0.167182 0.0985909 0.226928 0.00105109
0 0.308399 0.157483 0.224259 0.091487 0.00104845
0 0.486202 0.0275109 0.370964 0.0538574 0.00104626
0 0.0259194 0.629884 0.0518387 0.115696 0.00104513
0 0.0299608 0.101244 0.0599216 0.193123 0.00104449
0 0.526227 0.377062 0.553677 0.170683 0.00103451
0 0.120108 0.937769 0.187144 0.0733113 0.00103303
0 0.295052 0.0403708 0.437573 0.0800445 0.00102207
0 0.239842 0.0343009 0.346069 0.0678876 0.00101778
1 0.376442 0.724676 0.413889 0.0926733 0.00101565
2 0.956586 0.0523958 0.0868271 0.104792 0.00101464
0 0.952314 0.554344 0.0483635 0.0288441 0.00101438
0 0.0281007 0.503839 0.0562015 0.192325 0.00101049
1 0.230073 0.298329 0.173555 0.268429 0.00100517
0 0.20895 0.0441897 0.4179 0.087639 0.00100178
2 0.476441 0.573557 0.523992 0.22167 0.000998001
0 0.818951 0.045471 0.362098 0.0906929 0.000997368
0 0.534936 0.648687 0.423142 0.200788 0.000996435
2 0.942203 0.0711488 0.115595 0.139162 0.000995623
0 0.0447467 0.36067 0.0894935 0.249947 0.000994304
1 0.418896 0.750579 0.305741 0.147395 0.000992758
1 0.280076 0.370778 0.279778 0.46021 0.000991141
0 0.469923 0.507531 0.506842 0.256045 0.000988357
2 0.656755 0.505638 0.381121 0.304977 0.000982962
0 0.0293148 0.206024 0.0586297 0.237813 0.00098089
0 0.0599572 0.0929372 0.119914 0.185874 0.000978896
0 0.439287 0.37614 0.524892 0.272762 0.000977086
0 0.960917 0.0593427 0.0781663 0.11515 0.000974943
0 0.0339293 0.0271809 0.0678585 0.0537579 0.000974678
2 0.0453683 0.10758 0.0907366 0.21516 0.000971037
0 0.411645 0.36518 0.388385 0.333452 0.000965613
0 0.326994 0.627334 0.308535 0.258515 0.000965275
0 0.600942 0.89467 0.0616213 0.0546465 0.000963704
0 0.0411506 0.19335 0.0823013 0.267434 0.00095845
0 0.0637421 0.0805089 0.127484 0.149731 0.000950834
2 0.500082 0.620923 0.491523 0.205498 0.000949888
0 0.732091 0.0212122 0.190048 0.0416826 0.000945994
0 0.946965 0.575063 0.0964551 0.0773607 0.000944635
0 0.415713 0.689702 0.583766 0.11543 0.000944061
0 0.191394 0.947683 0.382787 0.102333 0.00094382
0 0.6425 0.34134 0.344983 0.116521 0.000941042
1 0.28525 0.668579 0.388142 0.200189 0.000936187
0 0.67992 0.950151 0.611562 0.0990042 0.000935035
0 0.484207 0.574513 0.480597 0.180288 0.000930337
0 0.0593739 0.32094 0.118748 0.236419 0.000929396
0 0.0305518 0.555514 0.0611035 0.307054 0.00092906
0 0.786967 0.0335569 0.295851 0.0667873 0.00092677
0 0.429535 0.0418889 0.218394 0.0769192 0.000926496
0 0.805984 0.407838 0.388032 0.167973 0.000924817
0 0.120636 0.915899 0.241273 0.109171 0.000923657
0 0.324435 0.472625 0.231938 0.239019 0.000922893
0 0.107243 0.982652 0.214486 0.0343187 0.000922489
0 0.910298 0.0562708 0.172822 0.110869 0.000921917
0 0.273644 0.167721 0.313822 0.139 0.000920692
0 0.586139 0.0389895 0.562367 0.0769366 0.000920087
0 0.611867 0.892141 0.0530855 0.0441273 0.000918495
0 0.602457 0.357902 0.411581 0.137028 0.000914
0 0.567414 0.342704 0.526406 0.130227 0.000912225
0 0.130888 0.986827 0.261777 0.0256319 0.000907723
0 0.695739 0.440439 0.542485 0.171556 0.000902453
2 0.576893 0.557793 0.498839 0.277896 0.000900481
