0 0.46166 0.494178 0.324 0.497168 0.910187
0 0.583451 0.323236 0.0826331 0.139306 0.63954
0 0.335375 0.385229 0.0756141 0.112982 0.568464
0 0.447682 0.419945 0.178253 0.329208 0.371094
0 0.439663 0.546468 0.177297 0.391247 0.324096
0 0.496357 0.34647 0.255321 0.191505 0.285918
0 0.39926 0.64074 0.101424 0.193016 0.209091
0 0.414768 0.365654 0.234538 0.226369 0.177911
0 0.488123 0.413488 0.255667 0.324004 0.157442
0 0.427074 0.528504 0.23195 0.430087 0.134431
0 0.466438 0.343518 0.131201 0.179495 0.0804791
0 0.644734 0.972844 0.0228535 0.0414147 0.0766012
0 0.44331 0.468208 0.171852 0.23337 0.0569686
0 0.245952 0.303874 0.0216757 0.0437199 0.0531626
0 0.389539 0.401199 0.181535 0.173444 0.046137
0 0.526788 0.337264 0.197129 0.18162 0.0433923
0 0.28108 0.0798695 0.0204005 0.0291832 0.0403625
0 0.440916 0.632373 0.180461 0.209677 0.0383104
0 0.400678 0.561813 0.102939 0.360433 0.0315675
0 0.46254 0.387747 0.327218 0.364738 0.0305241
0 0.472535 0.331322 0.092269 0.153516 0.0277572
0 0.338988 0.356341 0.0825082 0.169478 0.0217571
0 0.559807 0.862673 0.0210276 0.0536048 0.0208868
0 0.606872 0.322616 0.132823 0.146417 0.0163445
0 0.298855 0.370317 0.169371 0.144409 0.0159646
0 0.57583 0.461452 0.438416 0.421401 0.0133692
0 0.279648 0.0809682 0.027264 0.0316858 0.0123385
0 0.24417 0.308501 0.0212809 0.0417714 0.0122658
0 0.243852 0.306023 0.0293028 0.048801 0.0116992
0 0.457344 0.299451 0.0552055 0.0924839 0.0111125
0 0.729448 0.892662 0.0234988 0.0404814 0.0110093
0 0.0876069 0.0732554 0.175214 0.146511 0.0106346
0 0.562406 0.543815 0.440873 0.59309 0.0105743
0 0.400357 0.452547 0.202291 0.288148 0.00974252
0 0.420993 0.399812 0.281727 0.309101 0.00946941
0 0.489746 0.162705 0.0145699 0.0264288 0.00897504
0 0.430603 0.653059 0.220262 0.666536 0.00880685
0 0.502525 0.529004 0.32079 0.57684 0.0086025
0 0.243993 0.312995 0.0291518 0.0716639 0.00834243
0 0.87287 0.439482 0.0346122 0.0369384 0.00784667
0 0.646776 0.361129 0.0177693 0.034022 0.00769917
0 0.127243 0.0961162 0.254068 0.192232 0.00740434
0 0.618134 0.880991 0.0359897 0.0558743 0.00719409
0 0.606438 0.879489 0.0606058 0.0607825 0.0068474
0 0.455658 0.286007 0.0517422 0.068328 0.00673434
0 0.357841 0.597892 0.329756 0.62707 0.0067106
0 0.58455 0.338287 0.188178 0.174467 0.00664074
0 0.0791113 0.721637 0.158223 0.474523 0.00658246
0 0.333486 0.368474 0.0673982 0.0882098 0.00649907
0 0.657622 0.972407 0.0466 0.0386144 0.00646778
0 0.469097 0.305675 0.0800579 0.103244 0.00642267
0 0.130417 0.105973 0.0545987 0.0906996 0.00624098
0 0.112794 0.473044 0.223232 0.946087 0.006167
0 0.336455 0.391647 0.0553485 0.0994453 0.00615171
0 0.184668 0.0871543 0.369336 0.163382 0.00606397
0 0.334134 0.585384 0.234415 0.317982 0.00592181
0 0.645509 0.362777 0.0220173 0.0444409 0.0059196
0 0.116762 0.237716 0.231918 0.464025 0.00583573
0 0.366652 0.435676 0.132849 0.222858 0.00576269
0 0.584035 0.301854 0.0801845 0.0976093 0.00569569
0 0.329509 0.357605 0.0573789 0.0662857 0.00564531
0 0.0868436 0.10656 0.173687 0.213121 0.00551481
0 0.0837116 0.542707 0.167423 0.784616 0.00549188
0 0.316253 0.638084 0.449039 0.646289 0.00528997
0 0.495537 0.511538 0.0515245 0.0687828 0.00523374
0 0.153439 0.226184 0.306877 0.420785 0.00523067
0 0.582759 0.868692 0.0706399 0.064674 0.00513085
0 0.480209 0.666668 0.287153 0.580709 0.00493986
0 0.733338 0.89246 0.0240944 0.044335 0.00474298
0 0.584405 0.361564 0.43277 0.21512 0.00470387
0 0.0857625 0.158953 0.171491 0.317906 0.00470166
0 0.0943335 0.280441 0.187546 0.515132 0.00435472
0 0.319014 0.482707 0.334484 0.438652 0.00426953
0 0.0679228 0.474952 0.135846 0.816429 0.00424562
0 0.592978 0.872681 0.0940222 0.0705486 0.00424258
0 0.467654 0.280702 0.0811678 0.0708237 0.00422741
0 0.112714 0.634419 0.224296 0.630322 0.00420626
0 0.149823 0.393869 0.299647 0.756563 0.00418302
0 0.479031 0.323914 0.284767 0.480434 0.0041617
0 0.424129 0.473722 0.128838 0.184554 0.0041091
0 0.283431 0.0872413 0.0290296 0.0459854 0.00408786
0 0.404253 0.677978 0.0843956 0.118809 0.00405559
0 0.5562 0.86527 0.0308529 0.0543424 0.00391944
0 0.252474 0.306631 0.039784 0.0442039 0.00380847
0 0.602407 0.320902 0.403424 0.156161 0.00377148
0 0.174553 0.5461 0.34388 0.812753 0.0036277
0 0.12638 0.721256 0.251948 0.484185 0.00353039
0 0.380979 0.320588 0.375008 0.457507 0.00352163
0 0.0952312 0.784626 0.190462 0.376674 0.00351758
0 0.203676 0.121136 0.407353 0.193527 0.00348734
0 0.691423 0.980428 0.316859 0.039143 0.00347167
0 0.482075 0.355748 0.111718 0.157037 0.00346926
0 0.223494 0.271155 0.440366 0.499871 0.00340887
0 0.327376 0.397565 0.0386595 0.087339 0.00340004
0 0.258167 0.390646 0.45574 0.38728 0.00338881
0 0.318212 0.351866 0.033542 0.0522549 0.00334747
0 0.397999 0.62652 0.0989169 0.130789 0.00329042
0 0.205117 0.349605 0.410234 0.691673 0.00326267
0 0.235854 0.595269 0.445917 0.702981 0.00324544
0 0.778715 0.982967 0.302768 0.0340668 0.00321462
0 0.323605 0.387184 0.0523181 0.103779 0.0030671
0 0.0784373 0.963349 0.156875 0.0733028 0.00303331
0 0.282134 0.0758928 0.0237101 0.0377817 0.00301742
2 0.935826 0.975793 0.128349 0.0484146 0.00301229
0 0.19365 0.683599 0.381266 0.548675 0.00299485
0 0.230608 0.0799115 0.448373 0.159823 0.00297717
0 0.605089 0.308668 0.425297 0.25708 0.00295433
0 0.0609465 0.36648 0.019199 0.0336834 0.00293941
0 0.613387 0.982827 0.300532 0.0343457 0.00292033
0 0.188714 0.981917 0.356977 0.0361659 0.00286416
0 0.405059 0.647 0.292242 0.539688 0.0028563
0 0.445546 0.342795 0.209654 0.201853 0.00284944
0 0.278695 0.982918 0.327264 0.0341642 0.00281727
0 0.912643 0.0825231 0.174714 0.165046 0.00281197
0 0.740487 0.909134 0.347705 0.128825 0.00280952
0 0.723372 0.888511 0.0379893 0.0525499 0.0027891
0 0.590268 0.288143 0.0647217 0.0700339 0.00277711
2 0.863403 0.983925 0.246128 0.0321501 0.00276158
0 0.594692 0.577611 0.574855 0.671187 0.00276036
0 0.541991 0.983615 0.280064 0.0327701 0.00275774
0 0.293102 0.0716826 0.436368 0.143365 0.00274423
0 0.232393 0.170395 0.430994 0.24921 0.00272384
0 0.333704 0.983244 0.297244 0.0335129 0.00271804
0 0.494572 0.983737 0.29099 0.0325261 0.00271688
0 0.44279 0.983686 0.291813 0.0326282 0.00268118
0 0.384516 0.983533 0.284738 0.0329339 0.00267273
0 0.559134 0.257345 0.37105 0.408049 0.00265321
0 0.947924 0.664792 0.101265 0.469339 0.00265179
0 0.48488 0.467064 0.258459 0.193689 0.0026474
0 0.116028 0.976896 0.230093 0.0462084 0.00263019
0 0.899823 0.982962 0.200354 0.0340769 0.00261678
0 0.190751 0.884614 0.373807 0.162129 0.00260375
0 0.30131 0.388805 0.236094 0.129766 0.00258358
0 0.65515 0.311758 0.387699 0.151488 0.00257617
0 0.377865 0.0658273 0.367308 0.131655 0.0025667
0 0.682474 0.049723 0.385871 0.099446 0.0025595
0 0.947123 0.536336 0.105754 0.437899 0.00254882
0 0.667955 0.901928 0.329189 0.142212 0.00254881
0 0.229796 0.715942 0.447796 0.426515 0.00254466
0 0.945446 0.762281 0.106221 0.341594 0.00253438
0 0.934173 0.890352 0.131653 0.172545 0.00253421
0 0.899452 0.128535 0.201095 0.257071 0.00252492
0 0.867056 0.0681713 0.265888 0.136343 0.00252194
0 0.479934 0.0575846 0.375799 0.115169 0.00252168
0 0.827214 0.90729 0.330906 0.131041 0.00251391
0 0.776217 0.0520749 0.397858 0.10415 0.00251363
0 0.385094 0.691974 0.0493464 0.083929 0.00250248
0 0.341802 0.642578 0.229664 0.192305 0.00249753
0 0.578248 0.0505806 0.374642 0.101161 0.00249409
0 0.646001 0.975295 0.0363043 0.0461285 0.00249245
0 0.844937 0.0610356 0.310127 0.122071 0.00245806
0 0.635113 0.173107 0.364384 0.246522 0.00244334
0 0.470867 0.286292 0.126709 0.110182 0.00244083
0 0.945268 0.449423 0.109464 0.351514 0.00243518
0 0.92244 0.17929 0.155121 0.25075 0.00243028
0 0.939678 0.813901 0.120356 0.261919 0.00241875
0 0.3577 0.0968763 0.346809 0.177532 0.00241488
0 0.322884 0.32911 0.267857 0.190906 0.00241026
0 0.936623 0.262646 0.126753 0.262663 0.00238746
0 0.274108 0.898961 0.440633 0.122736 0.00238463
0 0.611595 0.299699 0.156455 0.202236 0.00237749
0 0.625787 0.431075 0.636995 0.341014 0.00235155
0 0.40543 0.109083 0.368385 0.21125 0.00235123
0 0.693035 0.258764 0.336741 0.17919 0.00233423
0 0.941831 0.353113 0.116338 0.294866 0.00233411
0 0.337327 0.425996 0.0882391 0.201785 0.00232674
0 0.744487 0.582908 0.49942 0.57909 0.00231193
0 0.631667 0.0963038 0.436159 0.191265 0.00230578
0 0.51105 0.284142 0.190471 0.126574 0.00229836
0 0.693335 0.153988 0.3578 0.197262 0.00229238
0 0.477659 0.127305 0.383556 0.25461 0.00228246
0 0.728397 0.885507 0.026254 0.056472 0.00227803
0 0.502233 0.507658 0.0393785 0.0626851 0.00227752
0 0.350884 0.901318 0.365784 0.113894 0.00226308
0 0.504516 0.898865 0.354102 0.125797 0.00224623
0 0.0761549 0.0545073 0.101235 0.109015 0.00223587
0 0.881508 0.90416 0.230085 0.140217 0.00220713
0 0.73295 0.0872013 0.448846 0.169129 0.00220406
0 0.819443 0.590121 0.348737 0.605588 0.00220051
0 0.655653 0.310107 0.544116 0.162546 0.00219994
0 0.744474 0.494628 0.505709 0.445975 0.00219916
0 0.647541 0.3182 0.21093 0.141908 0.0021955
0 0.391713 0.687363 0.0591572 0.0981156 0.00218076
0 0.89703 0.587271 0.204327 0.459161 0.00217463
0 0.89719 0.671842 0.204259 0.434528 0.00216899
0 0.0626377 0.780412 0.125275 0.439177 0.00216653
0 0.777262 0.141434 0.445477 0.173705 0.00215866
0 0.857472 0.532343 0.284907 0.425184 0.00215327
0 0.231329 0.576011 0.0129503 0.0235637 0.00214885
0 0.816121 0.0981228 0.367758 0.195886 0.00214368
0 0.020591 0.847075 0.0405106 0.169653 0.00213846
0 0.0109412 0.243453 0.0218825 0.486906 0.00213761
2 0.0732543 0.77457 0.145618 0.428323 0.00211881
0 0.45092 0.278273 0.0424528 0.0476148 0.00210616
0 0.849566 0.688889 0.28888 0.523492 0.00210532
0 0.880572 0.733606 0.238778 0.379057 0.00210069
0 0.719105 0.833456 0.350268 0.188461 0.00208946
0 0.709135 0.237877 0.4457 0.148369 0.00208829
0 0.767611 0.316657 0.463066 0.192212 0.00207878
0 0.307716 0.322039 0.212927 0.130679 0.00207404
0 0.666669 0.840006 0.306106 0.186177 0.00205859
0 0.522781 0.653777 0.388289 0.465675 0.00205696
0 0.837723 0.152836 0.324553 0.190665 0.00205411
0 0.0202635 0.879297 0.039563 0.206993 0.00205325
0 0.778022 0.228672 0.443957 0.146249 0.00204376
0 0.851483 0.43722 0.297034 0.314495 0.00203574
0 0.502858 0.769301 0.327905 0.293232 0.00203474
0 0.580546 0.65576 0.450294 0.355175 0.00201593
0 0.827335 0.33225 0.340923 0.241913 0.00201271
0 0.0638382 0.366422 0.0168334 0.0361989 0.0020092
0 0.739763 0.719619 0.451961 0.352282 0.00200874
0 0.137586 0.117212 0.0455919 0.0647946 0.00199227
0 0.805178 0.743128 0.369226 0.381838 0.00198597
0 0.66268 0.691019 0.463895 0.339073 0.00198164
0 0.851415 0.234422 0.297171 0.195123 0.00197769
0 0.604949 0.838559 0.331671 0.175563 0.00196178
0 0.860893 0.817831 0.278213 0.239692 0.0019603
0 0.636174 0.742928 0.342524 0.305148 0.00195865
0 0.509636 0.510838 0.0241635 0.058897 0.00193905
0 0.552328 0.80848 0.370968 0.220945 0.00193609
0 0.802583 0.835563 0.374362 0.204903 0.00193458
0 0.697327 0.771791 0.385552 0.271668 0.0019181
0 0.0606893 0.0938838 0.121379 0.185803 0.00191267
0 0.658265 0.918525 0.116248 0.140427 0.00190555
0 0.487782 0.16169 0.0200651 0.0303938 0.00189968
0 0.623331 0.909727 0.174401 0.126537 0.00189468
0 0.875723 0.43631 0.043589 0.0394345 0.00182762
0 0.478403 0.552599 0.283457 0.317885 0.00180019
0 0.548035 0.863892 0.0450605 0.0616241 0.00179173
0 0.0629979 0.147914 0.125996 0.295827 0.00178161
0 0.620151 0.978577 0.0950708 0.0428467 0.00177602
0 0.646408 0.966071 0.0262952 0.0583452 0.00175833
0 0.571255 0.255121 0.221554 0.200205 0.00175135
0 0.598979 0.253464 0.144456 0.190669 0.00170283
0 0.374544 0.605545 0.0474878 0.0739667 0.00165038
0 0.665437 0.988247 0.0758183 0.0235054 0.00162069
0 0.0697515 0.684137 0.139503 0.621174 0.00159564
0 0.363684 0.520133 0.185519 0.441861 0.00159436
0 0.0106838 0.356023 0.0213677 0.606348 0.00159057
0 0.489046 0.165539 0.0190714 0.0469433 0.00158995
0 0.274468 0.0773257 0.0416761 0.037402 0.00157696
0 0.569723 0.290724 0.0449674 0.06861 0.00157011
0 0.488299 0.507718 0.070839 0.0807383 0.00156221
1 0.0741689 0.716649 0.148338 0.543427 0.00155643
0 0.0192685 0.193497 0.038537 0.386995 0.00154828
0 0.340505 0.360251 0.0651691 0.0631594 0.00148222
0 0.0459324 0.289897 0.0908007 0.414468 0.00147658
0 0.272836 0.0932909 0.0451886 0.0550529 0.00147569
0 0.426186 0.329632 0.286887 0.240336 0.00147419
0 0.532038 0.872758 0.0997881 0.0661671 0.00146847
0 0.396053 0.607434 0.0899955 0.0891133 0.00145187
0 0.495045 0.17418 0.0282987 0.052131 0.00144714
0 0.382964 0.208685 0.0240293 0.0298057 0.00143853
0 0.631859 0.949064 0.0717477 0.0804008 0.00141967
0 0.122466 0.1058 0.0808968 0.105773 0.00141881
0 0.386383 0.210476 0.0201502 0.0320046 0.00140273
0 0.644289 0.372369 0.0271219 0.0680225 0.00139597
0 0.418702 0.447359 0.112655 0.162191 0.00138973
0 0.520057 0.384447 0.257856 0.257432 0.00138637
1 0.459886 0.615134 0.217809 0.244244 0.00138456
0 0.559576 0.870227 0.0227461 0.0763889 0.00137206
0 0.394663 0.247465 0.0148171 0.0185931 0.00137009
0 0.0199423 0.996265 0.0398845 0.0074704 0.00136385
0 0.674002 0.91806 0.118713 0.115803 0.0013161
0 0.683404 0.966545 0.11085 0.0510029 0.00131519
0 0.222219 0.297822 0.0644447 0.0652476 0.00129747
0 0.283662 0.101141 0.0342543 0.072957 0.00129487
0 0.68548 0.996185 0.122202 0.00762952 0.00128291
0 0.635265 0.258775 0.2259 0.243612 0.00126957
0 0.598408 0.822056 0.103892 0.156707 0.00126181
0 0.659226 0.889141 0.20186 0.117305 0.00125322
0 0.0492352 0.257892 0.0978824 0.515783 0.00124488
0 0.284858 0.0762721 0.0335167 0.0414298 0.00124482
0 0.457863 0.488054 0.146419 0.129909 0.00124011
0 0.742214 0.892474 0.121272 0.0606949 0.00122917
0 0.0135998 0.445599 0.0271997 0.666031 0.00122816
0 0.48204 0.152398 0.0303149 0.0442302 0.00121796
0 0.642118 0.361652 0.0304913 0.051245 0.00121592
0 0.148143 0.0840625 0.289932 0.14017 0.00121512
1 0.0756894 0.814768 0.151379 0.363886 0.0012098
0 0.562666 0.8561 0.0276861 0.0688431 0.00120634
2 0.961278 0.807439 0.077443 0.383187 0.00120405
0 0.390224 0.657948 0.145191 0.187824 0.00120311
0 0.217122 0.312531 0.0755724 0.0563045 0.00119366
0 0.0437294 0.365974 0.0874588 0.486572 0.00117681
0 0.0191936 0.982917 0.0383618 0.0299569 0.00117638
0 0.397203 0.601498 0.105134 0.156774 0.00116829
0 0.384946 0.219501 0.0380734 0.0583322 0.00116242
1 0.0834379 0.107769 0.166312 0.215537 0.00115722
0 0.0256654 0.487879 0.0513308 0.691621 0.0011535
0 0.559751 0.399684 0.317398 0.295529 0.00114324
0 0.118507 0.0731067 0.237014 0.146213 0.00114291
0 0.576578 0.285038 0.058139 0.0633538 0.00113415
0 0.237107 0.583165 0.027815 0.0409468 0.00113198
0 0.0790988 0.0340287 0.158198 0.0680575 0.00112747
0 0.597643 0.283209 0.0501187 0.0547801 0.00112354
0 0.509376 0.221346 0.178673 0.104942 0.0011204
0 0.488077 0.37369 0.0941221 0.122553 0.00111965
0 0.0653086 0.313321 0.113254 0.172443 0.00111917
0 0.663594 0.970683 0.0627866 0.0530662 0.00111681
