0 0.325875 0.604351 0.225851 0.409419 0.976279
0 0.0139491 0.376091 0.0278981 0.0756081 0.467167
0 0.326522 0.540376 0.236384 0.284753 0.235121
0 0.340327 0.664538 0.216329 0.285852 0.214766
0 0.33734 0.686235 0.127464 0.237993 0.152432
0 0.0105648 0.608987 0.0205572 0.0687743 0.0956513
0 0.382513 0.603403 0.339253 0.411965 0.0791166
0 0.0141177 0.395743 0.0274797 0.126265 0.0322586
0 0.0130949 0.448785 0.0261898 0.212985 0.0301932
0 0.0106608 0.61388 0.0213216 0.0974716 0.0260729
0 0.325606 0.68338 0.241553 0.567232 0.0243227
0 0.0138467 0.527247 0.0276935 0.424979 0.0224948
0 0.698315 0.784814 0.0265897 0.0453472 0.02209
0 0.0128487 0.362525 0.0256975 0.127117 0.021351
0 0.344828 0.716619 0.151174 0.180485 0.020904
0 0.0142496 0.613174 0.0284992 0.573149 0.0206289
0 0.0853919 0.603767 0.17066 0.61106 0.0202751
0 0.0112132 0.490255 0.0224263 0.371209 0.0157013
0 0.0319638 0.378765 0.0636621 0.0886763 0.0156823
0 0.333594 0.699553 0.124067 0.13056 0.0151399
0 0.317864 0.518492 0.257797 0.574731 0.0128467
0 0.111093 0.652035 0.222186 0.629721 0.0127522
0 0.0169867 0.741899 0.0339734 0.447552 0.0125795
0 0.0107198 0.63033 0.0214397 0.279505 0.0122517
0 0.0125948 0.429042 0.0251896 0.436119 0.0121398
0 0.227737 0.651738 0.453703 0.684066 0.0121256
0 0.426387 0.651807 0.430466 0.578178 0.0116845
0 0.510181 0.446072 0.0167503 0.026605 0.0110779
0 0.0434376 0.383362 0.0868752 0.0984844 0.0107103
0 0.0129642 0.0550963 0.0225836 0.036198 0.00979547
0 0.353274 0.518221 0.174687 0.221601 0.00908736
0 0.0106988 0.634504 0.0206554 0.131715 0.00898416
0 0.106131 0.495169 0.205838 0.868778 0.00851719
0 0.0239173 0.757194 0.0475097 0.42865 0.00848311
0 0.12556 0.72305 0.251121 0.482107 0.00839288
0 0.247965 0.520289 0.492162 0.78043 0.00749064
0 0.0333445 0.493992 0.066383 0.322715 0.0071838
0 0.782594 0.0403732 0.0799129 0.0807463 0.00700273
0 0.0163741 0.355511 0.0327482 0.627213 0.00697837
1 0.726925 0.577964 0.535562 0.757197 0.00643372
0 0.0774958 0.420355 0.15187 0.758079 0.00636283
2 0.784899 0.586803 0.422499 0.741511 0.0062057
0 0.0416961 0.44857 0.0833921 0.379312 0.00604062
0 0.379117 0.716052 0.228169 0.18368 0.00599472
0 0.0585765 0.774467 0.115486 0.414078 0.00575219
0 0.00961778 0.578251 0.0191246 0.130458 0.00565553
0 0.0114663 0.542713 0.0225086 0.206665 0.00519918
0 0.073892 0.260329 0.141187 0.465222 0.00505193
0 0.0357684 0.766259 0.0715369 0.467483 0.00497712
0 0.0367546 0.299772 0.0735093 0.255693 0.00486884
0 0.0114701 0.740339 0.0229402 0.474548 0.0048017
0 0.0137441 0.245469 0.0274882 0.425952 0.00473722
2 0.772878 0.0362842 0.0699657 0.0724946 0.00473007
0 0.0218699 0.264276 0.0437398 0.44415 0.0046909
0 0.0111846 0.62927 0.0223692 0.427375 0.00463626
0 0.377309 0.485892 0.126623 0.162002 0.0046338
0 0.0418624 0.534425 0.0837247 0.273735 0.00446912
0 0.378463 0.479428 0.347271 0.683317 0.00445632
0 0.183188 0.74672 0.364235 0.434061 0.00437954
0 0.696052 0.783562 0.0350957 0.0507332 0.00422981
0 0.513518 0.595894 0.608038 0.499275 0.00419152
0 0.309486 0.517072 0.199498 0.228292 0.00406271
0 0.857831 0.149043 0.275445 0.298086 0.00394281
0 0.850062 0.216023 0.285549 0.432046 0.00389554
2 0.795771 0.0452308 0.106644 0.0904616 0.00381659
1 0.783433 0.039812 0.0839784 0.0796241 0.00380167
2 0.838997 0.632996 0.3153 0.689879 0.00377988
0 0.120041 0.283917 0.237166 0.510142 0.00375297
0 0.945523 0.448184 0.0478094 0.0735384 0.00367421
0 0.117872 0.597971 0.0157762 0.0273983 0.00359247
0 0.100355 0.206251 0.197285 0.38582 0.00357285
1 0.803507 0.0558393 0.12352 0.111679 0.00356762
0 0.38827 0.665316 0.234413 0.289175 0.00351781
0 0.34271 0.484316 0.200675 0.15925 0.00347957
0 0.0944462 0.957777 0.188892 0.0844465 0.00345976
0 0.0361504 0.221074 0.0717411 0.410397 0.00344528
0 0.308371 0.566287 0.169833 0.276938 0.00339617
0 0.950836 0.600297 0.0962675 0.6419 0.00338678
0 0.845662 0.0939658 0.308675 0.187932 0.00335762
0 0.314372 0.768925 0.31903 0.390004 0.00332355
0 0.349709 0.841373 0.29504 0.24759 0.00331359
0 0.835132 0.37654 0.31758 0.748032 0.00330699
0 0.0131304 0.0612363 0.023612 0.0528283 0.00330438
0 0.687683 0.982905 0.323076 0.0341895 0.00327732
2 0.949039 0.644783 0.100175 0.592421 0.00324509
0 0.723293 0.489717 0.539695 0.928427 0.00322451
0 0.262447 0.818781 0.376562 0.28744 0.00321783
2 0.902034 0.604006 0.195932 0.635659 0.00321487
0 0.58647 0.983004 0.336319 0.0339916 0.0032108
2 0.931561 0.97419 0.136878 0.0516204 0.00319459
0 0.231512 0.916167 0.0291066 0.0555163 0.00318961
0 0.290535 0.439134 0.311553 0.749471 0.00316949
0 0.129021 0.184222 0.250998 0.337803 0.00316875
2 0.815049 0.485018 0.361405 0.945668 0.00316833
0 0.171753 0.981972 0.326537 0.0360554 0.00316057
0 0.0117739 0.0580173 0.0235477 0.0824215 0.00314645
0 0.65529 0.601622 0.43411 0.61158 0.0031232
0 0.501553 0.983456 0.328601 0.0330883 0.00309254
0 0.125466 0.122609 0.250932 0.241174 0.00306345
0 0.780936 0.982514 0.3489 0.0349723 0.00304689
0 0.158853 0.446714 0.31496 0.833862 0.00302818
0 0.383606 0.897953 0.343872 0.136872 0.00301616
0 0.869052 0.110346 0.261897 0.220692 0.00300139
0 0.871522 0.293758 0.256086 0.577479 0.00296261
2 0.818611 0.98267 0.303148 0.0346595 0.00295389
0 0.250481 0.983218 0.330607 0.0335649 0.0029181
0 0.447333 0.983263 0.318134 0.0334738 0.0029147
0 0.0115222 0.676435 0.0221237 0.245373 0.00290989
0 0.0122606 0.0650912 0.0245213 0.125669 0.00290613
0 0.0943145 0.147227 0.188629 0.294454 0.00289036
0 0.46514 0.539388 0.017701 0.0387953 0.00284206
0 0.142771 0.0837737 0.285541 0.167547 0.00283671
0 0.949374 0.746136 0.0996135 0.430042 0.00283284
2 0.404293 0.106484 0.378942 0.202472 0.00282445
0 0.594846 0.884403 0.358904 0.180812 0.00282373
0 0.277438 0.472839 0.132321 0.128703 0.00282257
0 0.167324 0.106325 0.330169 0.203941 0.00280401
0 0.394775 0.982831 0.326734 0.034339 0.00279668
0 0.0133791 0.0456505 0.0251795 0.0630542 0.0027788
0 0.942222 0.393143 0.114038 0.667281 0.00276014
0 0.701476 0.893322 0.378939 0.167695 0.00275425
0 0.103276 0.102769 0.206551 0.205537 0.00274533
2 0.890985 0.982139 0.218029 0.0357212 0.00272842
0 0.932999 0.866186 0.132864 0.231546 0.00272518
0 0.492112 0.887908 0.419566 0.163002 0.00267046
2 0.320682 0.114365 0.397865 0.18591 0.00266415
0 0.842167 0.503449 0.315666 0.814658 0.00266213
0 0.791617 0.071213 0.32855 0.142426 0.00262253
0 0.346888 0.103307 0.399286 0.196602 0.00262163
0 0.21591 0.085059 0.422877 0.170118 0.00262003
0 0.419665 0.113869 0.440351 0.214106 0.00258483
2 0.877046 0.683501 0.245674 0.556601 0.00258272
0 0.279506 0.115007 0.412214 0.185965 0.00256436
0 0.786658 0.895069 0.39431 0.169955 0.00256389
0 0.460634 0.533872 0.54293 0.675477 0.00255682
0 0.502442 0.106631 0.451392 0.213262 0.0025472
0 0.307544 0.631523 0.167024 0.336057 0.00253749
0 0.770113 0.0374764 0.0589766 0.0749528 0.00252003
0 0.592484 0.543255 0.485225 0.698574 0.00251269
0 0.704072 0.0799661 0.421081 0.159932 0.00249373
0 0.645929 0.0929522 0.407069 0.185904 0.00247939
0 0.195426 0.151242 0.383329 0.277623 0.00247909
0 0.229467 0.120873 0.41993 0.215105 0.00246121
0 0.0801277 0.389718 0.160255 0.129622 0.00242638
0 0.795596 0.0982428 0.313334 0.190838 0.00242352
0 0.187926 0.297871 0.372781 0.476086 0.00242231
0 0.0429844 0.632958 0.0859687 0.382048 0.00240446
0 0.359538 0.28355 0.406554 0.465017 0.00238175
0 0.850892 0.902149 0.29302 0.158124 0.00236638
0 0.290149 0.305197 0.392026 0.496252 0.00236578
0 0.288508 0.491492 0.155396 0.168065 0.00236216
0 0.0371287 0.697259 0.0742573 0.43835 0.00235704
0 0.34644 0.686717 0.115968 0.1103 0.00234304
0 0.23601 0.347473 0.41023 0.579236 0.00233011
0 0.735596 0.352456 0.468628 0.657039 0.00232897
0 0.37806 0.467163 0.457499 0.758062 0.00231632
0 0.395425 0.145446 0.611402 0.217427 0.00231231
0 0.762814 0.191531 0.391937 0.350823 0.00230163
0 0.472339 0.13852 0.539534 0.263933 0.00230082
2 0.734063 0.65919 0.516619 0.630922 0.00229434
0 0.5081 0.45417 0.0263149 0.0479033 0.00228283
0 0.727931 0.107152 0.354211 0.203489 0.00224658
0 0.859676 0.73762 0.280648 0.454848 0.00224632
0 0.559087 0.667822 0.498256 0.587833 0.00224344
0 0.479934 0.701198 0.523784 0.53811 0.00222685
0 0.587323 0.137198 0.453345 0.262245 0.00220224
0 0.493897 0.790338 0.501998 0.334 0.00217187
0 0.0478238 0.251976 0.0956475 0.355679 0.00217136
0 0.503316 0.458006 0.0344891 0.0434884 0.00216729
0 0.411089 0.270152 0.613326 0.393942 0.00216104
0 0.0114041 0.130911 0.0228082 0.239472 0.00212876
0 0.671633 0.125428 0.390426 0.239321 0.00212787
0 0.678438 0.318826 0.462169 0.571153 0.00212762
0 0.680663 0.174181 0.428596 0.295476 0.00212623
0 0.93936 0.4682 0.0617874 0.111011 0.00211617
0 0.700015 0.6606 0.554812 0.612846 0.0021051
0 0.468156 0.672329 0.0264602 0.0325327 0.00209361
1 0.824915 0.0758892 0.180537 0.151778 0.00209081
0 0.684919 0.459575 0.423276 0.780754 0.00209075
0 0.57048 0.814236 0.493478 0.29291 0.00208365
0 0.645477 0.0321254 0.0568391 0.0642507 0.00206215
0 0.516062 0.27277 0.620693 0.425383 0.00205905
0 0.656091 0.808384 0.429312 0.30051 0.00202738
0 0.0125718 0.698309 0.0243888 0.340742 0.00202106
0 0.784536 0.700489 0.412738 0.536818 0.0019966
0 0.648371 0.740478 0.394727 0.424423 0.001996
0 0.741359 0.787635 0.484045 0.35183 0.00199555
0 0.185505 0.356685 0.0249403 0.0441414 0.00197208
0 0.306853 0.464955 0.198153 0.136058 0.00194682
0 0.208907 0.352599 0.073163 0.0556929 0.00193887
0 0.200846 0.353458 0.0550649 0.0517884 0.00192976
2 0.0126202 0.519086 0.0245952 0.288105 0.00188736
0 0.0786801 0.354293 0.15736 0.13922 0.00185631
2 0.781479 0.0402106 0.096878 0.0804212 0.00182005
0 0.0137871 0.0800523 0.0254372 0.0912043 0.001755
0 0.00880821 0.531369 0.0176164 0.229415 0.00173648
0 0.213165 0.339436 0.0814406 0.0795274 0.00173605
0 0.150284 0.759246 0.0406929 0.0434543 0.00173436
0 0.983421 0.716155 0.0331574 0.234054 0.00172195
0 0.51243 0.444333 0.0212681 0.029235 0.00172195
0 0.281599 0.57345 0.125793 0.331023 0.00171787
0 0.0822849 0.478588 0.16457 0.313975 0.00166113
0 0.157113 0.761139 0.0296631 0.0429164 0.00164045
0 0.0833421 0.302838 0.166684 0.253277 0.00162325
0 0.0254009 0.236543 0.0508019 0.473085 0.00159314
0 0.959523 0.431592 0.0809546 0.625605 0.00158444
2 0.0146255 0.337305 0.0281442 0.158011 0.00155872
0 0.71601 0.967703 0.0526785 0.061102 0.00154481
0 0.0794602 0.521723 0.15892 0.274878 0.00154415
0 0.0896558 0.610606 0.179312 0.178505 0.00153678
0 0.0123756 0.191559 0.0247511 0.383118 0.001525
0 0.712593 0.974256 0.0471086 0.046009 0.0015094
1 0.764585 0.0395664 0.0869925 0.0791327 0.00149413
0 0.964434 0.672822 0.0711329 0.506164 0.00149337
2 0.960668 0.766059 0.078664 0.467882 0.00148471
0 0.0461675 0.0610635 0.0910849 0.119055 0.00148233
0 0.944652 0.438215 0.0465213 0.0495291 0.00148114
0 0.657982 0.0380578 0.0800403 0.0761155 0.0014723
1 0.957498 0.516689 0.0850046 0.589162 0.00147032
2 0.791503 0.0342667 0.102863 0.0685335 0.00146918
0 0.023275 0.610709 0.0465501 0.0880197 0.00146415
0 0.471034 0.655771 0.0421099 0.0633411 0.00143931
0 0.190778 0.353954 0.0364065 0.0480811 0.00143333
0 0.971587 0.749988 0.056662 0.313038 0.00142646
0 0.074959 0.810827 0.149918 0.355706 0.00142519
0 0.0166816 0.231988 0.0333633 0.463977 0.00141859
0 0.0842976 0.559568 0.168595 0.226674 0.00141764
0 0.232323 0.908861 0.0351309 0.0623048 0.00141616
0 0.369523 0.645059 0.320906 0.306533 0.00141573
0 0.00788876 0.721527 0.0157775 0.308843 0.00140911
0 0.982928 0.652914 0.0341448 0.267693 0.00139828
0 0.23438 0.37574 0.133592 0.12285 0.00139041
0 0.113799 0.594474 0.0198862 0.0384089 0.00137507
0 0.0485259 0.817812 0.0970518 0.35931 0.00134749
0 0.4951 0.445739 0.0568508 0.0550066 0.00134395
1 0.790624 0.0759831 0.10404 0.150362 0.0013393
0 0.465104 0.537117 0.0217462 0.0455352 0.00133543
0 0.406247 0.693141 0.324758 0.25525 0.00133065
1 0.963302 0.765264 0.0727808 0.469472 0.0013266
0 0.424988 0.533107 0.161231 0.0699087 0.00131911
2 0.956873 0.572566 0.0862537 0.607974 0.00131323
2 0.963103 0.635377 0.0737948 0.530998 0.00130202
0 0.9584 0.533378 0.0829784 0.572071 0.00129524
0 0.0542228 0.0913657 0.107618 0.177258 0.00129364
0 0.759617 0.0367653 0.0526657 0.0735305 0.00128794
0 0.00809466 0.503432 0.0161893 0.344468 0.00128571
0 0.506228 0.470743 0.0426023 0.0769368 0.00128067
0 0.226586 0.918311 0.0573214 0.0566657 0.00127683
0 0.355656 0.570739 0.362043 0.250167 0.00127518
0 0.951221 0.451268 0.0937542 0.329749 0.00126849
0 0.90982 0.531915 0.0310111 0.0630777 0.0012613
1 0.957796 0.633855 0.0841121 0.585445 0.00124702
0 0.439686 0.506948 0.138702 0.107494 0.00124668
0 0.975268 0.661837 0.0494196 0.339878 0.00123315
2 0.0193985 0.360933 0.038797 0.101034 0.00122954
0 0.12181 0.599238 0.0234293 0.0330494 0.00122949
0 0.285224 0.412209 0.249619 0.206248 0.00122692
0 0.354362 0.416781 0.0183122 0.0244276 0.00121965
0 0.655864 0.751066 0.124468 0.115099 0.00121157
2 0.957223 0.206048 0.0855533 0.412096 0.00120878
0 0.481936 0.484486 0.0844565 0.0957081 0.00120772
0 0.11789 0.603938 0.0188631 0.0434086 0.00120637
0 0.620737 0.370355 0.0193295 0.0346507 0.00120608
0 0.692867 0.775267 0.0413959 0.0635825 0.0011985
2 0.797041 0.0488423 0.167065 0.0976847 0.00118942
0 0.324245 0.422631 0.274552 0.161625 0.00118505
0 0.945498 0.561621 0.108598 0.4859 0.00118335
0 0.0890036 0.683303 0.178007 0.25718 0.00117404
1 0.71658 0.0427877 0.17958 0.0855755 0.00117337
0 0.483021 0.502975 0.0754121 0.118151 0.00116229
0 0.981357 0.76081 0.0365833 0.276002 0.00114692
0 0.287992 0.376413 0.262243 0.149607 0.0011415
0 0.0188289 0.604471 0.0376579 0.0781462 0.00113964
1 0.860506 0.0945771 0.264746 0.189154 0.00112939
2 0.754996 0.0430858 0.230474 0.0861716 0.00110684
0 0.302629 0.671984 0.212425 0.284 0.00110618
0 0.115262 0.600684 0.0227381 0.0341263 0.0011023
0 0.976653 0.713086 0.0466944 0.320946 0.00110129
0 0.367169 0.531139 0.341404 0.235153 0.00109469
0 0.985449 0.386463 0.0291019 0.172621 0.00109374
0 0.444639 0.605693 0.133865 0.137529 0.00109228
0 0.363858 0.149361 0.0891101 0.0956494 0.00108752
0 0.694251 0.736793 0.183832 0.136283 0.00108643
0 0.0348837 0.93691 0.0690108 0.124357 0.00108504
0 0.388269 0.406553 0.211547 0.162768 0.00108029
1 0.389667 0.744148 0.26084 0.229508 0.00107307
0 0.597501 0.890975 0.247691 0.190221 0.00107238
0 0.52852 0.443041 0.0675415 0.0617683 0.00106784
0 0.546621 0.914947 0.175702 0.155279 0.00106384
2 0.962642 0.274221 0.0747162 0.548441 0.00106138
1 0.936414 0.598204 0.12696 0.540401 0.00106112
0 0.0140073 0.0862658 0.0265828 0.135759 0.00105679
0 0.0184838 0.0389593 0.0348977 0.0777573 0.00105531
2 0.962298 0.0994534 0.0747549 0.198907 0.00105476
0 0.512727 0.456511 0.0285537 0.0537737 0.00105471
1 0.960158 0.0718515 0.0776088 0.143703 0.00105148
0 0.362918 0.414773 0.208236 0.139275 0.00104962
0 0.371799 0.0998478 0.253954 0.199696 0.00104912
0 0.294167 0.54773 0.135467 0.206016 0.00104274
0 0.0123692 0.0534949 0.0247385 0.10699 0.00103888
