1 0.510104 0.56368 0.720359 0.689543 0.898522
1 0.512476 0.442287 0.726747 0.452885 0.0675506
1 0.508102 0.668299 0.730586 0.500575 0.062899
1 0.485817 0.278282 0.969685 0.556563 0.0375487
1 0.486871 0.138513 0.912434 0.276864 0.0308199
0 0.595105 0.976974 0.0780302 0.0428254 0.021203
1 0.520635 0.0864144 0.91043 0.172687 0.019781
1 0.455785 0.815712 0.91157 0.363132 0.0178221
1 0.545471 0.94198 0.765589 0.11604 0.017466
1 0.522826 0.96344 0.783617 0.07312 0.0135398
1 0.537862 0.842664 0.807316 0.312704 0.0130742
1 0.5 0.188164 1 0.375995 0.0118385
1 0.518104 0.736812 0.845595 0.521916 0.0102051
1 0.48983 0.973102 0.854043 0.0532726 0.0101668
1 0.515415 0.215092 0.876677 0.430185 0.00948928
2 0.600093 0.95595 0.720078 0.0874842 0.00815628
1 0.440004 0.632986 0.636869 0.621357 0.00762584
1 0.391678 0.4191 0.484684 0.401131 0.00753779
1 0.50764 0.783626 0.737828 0.432748 0.00613703
1 0.701662 0.0836539 0.586424 0.166728 0.00605725
0 0.452299 0.974402 0.496511 0.0511964 0.00599384
1 0.145649 0.630722 0.25887 0.631421 0.00589022
2 0.611162 0.735304 0.514813 0.370482 0.00579504
0 0.568369 0.979248 0.136706 0.0408527 0.00559386
1 0.510137 0.375366 0.758767 0.750733 0.00545918
2 0.543078 0.747333 0.650556 0.437804 0.00526881
1 0.595392 0.180338 0.756775 0.360117 0.00523397
1 0.687067 0.130083 0.601034 0.259267 0.00512498
1 0.313802 0.206019 0.59583 0.407517 0.00512329
1 0.137177 0.204472 0.260143 0.396881 0.00489095
1 0.771457 0.0728934 0.456818 0.144436 0.0048805
2 0.502625 0.646146 0.727364 0.464881 0.00477342
1 0.615309 0.244725 0.70413 0.486411 0.00464691
1 0.50771 0.334173 0.724285 0.547121 0.0045587
1 0.608295 0.79825 0.722262 0.398777 0.00449385
0 0.533318 0.972242 0.598501 0.0555158 0.00448034
1 0.241609 0.101737 0.460172 0.203475 0.00446455
1 0.195815 0.127743 0.379078 0.255486 0.00431196
1 0.718753 0.22728 0.525025 0.450737 0.00427402
1 0.130952 0.322473 0.240069 0.563619 0.0042261
1 0.759388 0.11291 0.464702 0.224532 0.00422409
2 0.62017 0.967627 0.717409 0.0631054 0.00401259
1 0.100975 0.230328 0.201949 0.337957 0.00391807
1 0.0953611 0.300286 0.190722 0.378192 0.00383792
1 0.527374 0.371805 0.945253 0.616453 0.0038199
1 0.105795 0.626908 0.21159 0.457269 0.00380108
1 0.673693 0.362349 0.551791 0.644046 0.00369143
0 0.221392 0.986357 0.400085 0.0272782 0.00368266
1 0.789049 0.0879753 0.421902 0.175951 0.00366368
1 0.143596 0.407022 0.263482 0.601552 0.00354597
0 0.501021 0.886205 0.978544 0.227304 0.00350844
1 0.362845 0.53782 0.43435 0.468597 0.00347415
0 0.379138 0.97318 0.758276 0.05364 0.0034574
1 0.751528 0.306734 0.474716 0.601833 0.00345314
0 0.378457 0.49162 0.457831 0.454716 0.00344745
2 0.648055 0.708788 0.614998 0.582425 0.00343869
1 0.100346 0.398282 0.200693 0.417394 0.00337772
0 0.297917 0.983099 0.481659 0.0338027 0.00336852
2 0.565841 0.579711 0.621432 0.592201 0.00333469
1 0.119418 0.157307 0.238836 0.293168 0.0033322
0 0.418816 0.982204 0.467714 0.0355923 0.00332836
1 0.092651 0.563414 0.185302 0.442921 0.00328331
1 0.612302 0.48222 0.589483 0.624442 0.00326199
0 0.245797 0.966769 0.491593 0.0664617 0.00323778
2 0.133098 0.0948597 0.266195 0.189719 0.00323001
2 0.786172 0.132652 0.427656 0.263711 0.00321651
1 0.0999321 0.721895 0.199864 0.349127 0.00312386
1 0.324245 0.429378 0.365515 0.40578 0.0031207
1 0.0907101 0.453004 0.18142 0.377681 0.00311147
2 0.104918 0.779599 0.209835 0.332328 0.0030378
2 0.127043 0.122353 0.254086 0.244707 0.00303589
2 0.0894675 0.520512 0.178935 0.405042 0.00303367
1 0.137973 0.752701 0.275946 0.449889 0.00301574
1 0.746051 0.429595 0.476973 0.738422 0.00300424
1 0.377692 0.35105 0.460497 0.427198 0.00300302
2 0.663476 0.862624 0.673047 0.272746 0.00298379
1 0.160546 0.523011 0.299391 0.645977 0.00297645
1 0.807478 0.360067 0.385043 0.63884 0.00295015
2 0.833802 0.574948 0.332396 0.658784 0.00290519
1 0.857539 0.433878 0.284921 0.694262 0.00289606
0 0.50036 0.944235 0.743266 0.111266 0.00289562
2 0.701622 0.775303 0.553772 0.443627 0.00288997
0 0.426193 0.496984 0.629306 0.536878 0.00287584
1 0.456045 0.948114 0.592482 0.103411 0.00286869
2 0.755005 0.565992 0.440459 0.635707 0.00285144
2 0.867198 0.490713 0.265604 0.660185 0.00285086
2 0.800975 0.962402 0.39805 0.0751951 0.0028245
2 0.81221 0.734703 0.375581 0.530595 0.0027931
0 0.190269 0.904586 0.380539 0.190827 0.00276402
0 0.802458 0.223827 0.395085 0.427545 0.00275408
2 0.757287 0.672827 0.442327 0.594707 0.00259075
0 0.109377 0.846649 0.218753 0.28749 0.00242688
0 0.438766 0.952235 0.598934 0.0952015 0.0023853
2 0.770598 0.83887 0.458804 0.32226 0.00231315
1 0.616032 0.845277 0.541012 0.229442 0.00231297
1 0.562828 0.824346 0.589892 0.185459 0.00221849
0 0.324322 0.84166 0.648644 0.31623 0.00220375
0 0.241853 0.986671 0.171013 0.0266252 0.00218916
2 0.789452 0.891546 0.421096 0.216908 0.00217381
0 0.279018 0.987897 0.247944 0.0236759 0.00215492
0 0.171218 0.986979 0.342436 0.025866 0.00215258
0 0.593384 0.977606 0.601959 0.044788 0.00209329
2 0.729512 0.888779 0.540975 0.21993 0.00200472
1 0.779996 0.0497228 0.440008 0.0985785 0.00198629
1 0.485139 0.912014 0.577295 0.175073 0.00197368
0 0.307605 0.955832 0.606421 0.0876744 0.00197171
0 0.6153 0.978401 0.12582 0.0427377 0.00195309
1 0.651946 0.813556 0.487338 0.17417 0.0018064
1 0.637517 0.734434 0.475612 0.298911 0.00174597
2 0.64554 0.98348 0.556457 0.0330392 0.00171563
0 0.712051 0.986357 0.509483 0.027286 0.00162703
0 0.555788 0.98441 0.198233 0.0305607 0.0015997
1 0.694605 0.054087 0.61079 0.10772 0.00158982
1 0.684642 0.864325 0.551883 0.270679 0.00158108
1 0.570853 0.874976 0.585355 0.250049 0.00157517
0 0.521134 0.979382 0.238758 0.0412362 0.00156957
2 0.739517 0.986964 0.495562 0.0260711 0.00153641
1 0.7876 0.0342469 0.424799 0.0673576 0.0014701
1 0.645987 0.599197 0.465587 0.391312 0.00146999
0 0.0881242 0.185033 0.176248 0.370065 0.00146919
1 0.648286 0.669159 0.442241 0.357953 0.00146581
0 0.4368 0.351674 0.452993 0.234709 0.00145992
1 0.654805 0.94453 0.69039 0.110132 0.00145504
2 0.81669 0.0349231 0.366112 0.0684735 0.00145404
1 0.565016 0.753508 0.361 0.287814 0.00143091
0 0.584668 0.975255 0.120832 0.0488838 0.00139478
0 0.0849665 0.401435 0.169933 0.525449 0.00136502
1 0.548776 0.344536 0.446257 0.234715 0.00133855
2 0.0849465 0.0724307 0.169893 0.14165 0.00131758
1 0.545697 0.0522703 0.908607 0.103103 0.00130812
0 0.655841 0.796513 0.398902 0.216842 0.0013053
2 0.0842864 0.25642 0.168573 0.124823 0.00129163
1 0.418728 0.489541 0.6196 0.37805 0.00127847
1 0.211328 0.94195 0.422656 0.11534 0.00127767
2 0.0865364 0.413309 0.173073 0.495061 0.00127277
2 0.0853418 0.147909 0.170684 0.295819 0.00125297
0 0.355624 0.558068 0.419367 0.245495 0.00123829
0 0.0621917 0.333692 0.124383 0.496991 0.00123418
0 0.237879 0.988351 0.241759 0.0231606 0.00122832
2 0.0902627 0.0984824 0.180525 0.193863 0.0012182
0 0.362965 0.386314 0.369967 0.211532 0.00121769
0 0.750288 0.979921 0.499423 0.0401587 0.00121364
1 0.582956 0.31962 0.394603 0.186369 0.00121298
1 0.551354 0.666978 0.327276 0.434263 0.00119138
0 0.0898787 0.232008 0.179757 0.178185 0.00118839
1 0.816736 0.0586297 0.364324 0.115776 0.00117172
0 0.230928 0.502766 0.166751 0.196075 0.00117008
1 0.529003 0.905461 0.373257 0.18774 0.00116589
2 0.41074 0.0528117 0.771401 0.104804 0.00116473
0 0.0766186 0.193609 0.153237 0.387219 0.00115749
0 0.484276 0.318531 0.406225 0.196249 0.00115186
1 0.469599 0.791295 0.295355 0.24609 0.00114773
1 0.366589 0.0535945 0.733178 0.10569 0.00113636
1 0.842227 0.0475909 0.309099 0.0936766 0.0011308
2 0.0367311 0.043667 0.0734622 0.086541 0.00112249
1 0.596522 0.914514 0.663695 0.16955 0.00112109
0 0.0716435 0.272672 0.143287 0.441608 0.00111989
0 0.324817 0.989426 0.223872 0.0207985 0.00111094
1 0.758245 0.756743 0.475139 0.344397 0.00109414
1 0.389749 0.486668 0.474582 0.262457 0.00109301
2 0.200447 0.0840613 0.400894 0.166982 0.00109137
2 0.074764 0.402504 0.149528 0.360532 0.00108994
1 0.482473 0.401841 0.520084 0.331573 0.00108844
1 0.479374 0.823169 0.279006 0.188909 0.00108581
0 0.0741432 0.734916 0.148286 0.395576 0.0010826
2 0.0565379 0.051978 0.113076 0.0987526 0.00107998
1 0.232661 0.515228 0.184259 0.240491 0.0010757
1 0.602028 0.36083 0.370081 0.264014 0.00106626
0 0.433018 0.661307 0.441196 0.381485 0.00106567
1 0.195098 0.922183 0.390195 0.15501 0.00106328
0 0.344802 0.919479 0.509787 0.160919 0.00105806
1 0.509802 0.812847 0.393447 0.219308 0.00105317
2 0.0804893 0.630005 0.160979 0.463471 0.00104671
2 0.441913 0.0689516 0.429824 0.135571 0.00104138
0 0.0442826 0.716886 0.0885652 0.36607 0.00103029
2 0.0811499 0.42596 0.1623 0.26162 0.00102626
0 0.383054 0.604379 0.438484 0.28285 0.00102392
1 0.307677 0.495058 0.319385 0.212527 0.00102094
0 0.553323 0.977741 0.185294 0.0431709 0.00101919
2 0.120009 0.613471 0.240017 0.262472 0.00101564
2 0.238173 0.539934 0.216698 0.287266 0.00100995
2 0.869355 0.0252132 0.26129 0.0501429 0.00100974
1 0.146333 0.92201 0.292666 0.149247 0.00100847
0 0.557016 0.903203 0.423655 0.193593 0.00100743
1 0.583678 0.811116 0.46253 0.197578 0.00100364
2 0.723158 0.0750783 0.363879 0.148269 0.00100187
2 0.918965 0.0902236 0.16144 0.179811 0.001
1 0.692742 0.678424 0.354548 0.242559 0.00099811
0 0.0801156 0.871065 0.160231 0.222659 0.000997255
1 0.243103 0.0542293 0.486207 0.107826 0.000992855
2 0.793755 0.899106 0.41249 0.197472 0.000990398
1 0.457367 0.0555462 0.672539 0.111092 0.000989832
0 0.0307094 0.619009 0.0614189 0.361267 0.000989544
2 0.716488 0.803 0.566465 0.236129 0.00098878
0 0.726125 0.6857 0.467005 0.247425 0.000987259
0 0.810132 0.147195 0.379736 0.29439 0.000983686
0 0.0708918 0.751743 0.141784 0.286327 0.000979711
1 0.754177 0.645838 0.231069 0.295928 0.000979536
0 0.133278 0.994582 0.218485 0.0106627 0.000975412
1 0.761952 0.910216 0.476096 0.176423 0.000974496
2 0.770163 0.976497 0.459675 0.0470059 0.000972524
1 0.247196 0.547449 0.221802 0.295061 0.000971599
0 0.029241 0.680605 0.0584819 0.332897 0.000968337
1 0.824519 0.913334 0.350961 0.16917 0.000966913
2 0.481352 0.0939643 0.40972 0.186887 0.000963823
1 0.27192 0.922071 0.488047 0.155728 0.00096335
1 0.110574 0.895949 0.221148 0.201685 0.000962855
2 0.504736 0.820521 0.299304 0.185498 0.000958206
0 0.0745424 0.262648 0.149085 0.128466 0.000958059
1 0.640899 0.71964 0.459079 0.172491 0.000954872
2 0.796246 0.150231 0.407508 0.300462 0.000954848
2 0.551991 0.059669 0.425728 0.11813 0.000952436
1 0.49857 0.512245 0.656499 0.466805 0.000951296
1 0.344278 0.600961 0.401639 0.263743 0.000950981
0 0.791446 0.110719 0.417107 0.22026 0.000949232
0 0.831623 0.661263 0.234043 0.272957 0.000948302
0 0.535047 0.649397 0.327244 0.454162 0.000947854
2 0.548743 0.889858 0.552278 0.220283 0.000946966
0 0.340995 0.425008 0.351761 0.273144 0.000945476
2 0.362913 0.0689958 0.403556 0.135667 0.000945462
0 0.908828 0.659598 0.165007 0.547098 0.000942816
0 0.104037 0.420738 0.208074 0.254788 0.000938562
2 0.0551755 0.465394 0.110351 0.465687 0.000937483
1 0.52503 0.846083 0.366986 0.129648 0.000937177
2 0.077662 0.613288 0.155324 0.29485 0.000934977
2 0.813291 0.0407466 0.373418 0.0814933 0.000933993
2 0.0102231 0.0637139 0.0204463 0.125413 0.000932831
0 0.898369 0.655315 0.185041 0.373522 0.000931728
0 0.516 0.837316 0.321339 0.153088 0.000931681
2 0.780667 0.104825 0.438667 0.209651 0.000931201
2 0.211034 0.569534 0.217677 0.324414 0.000929324
0 0.765733 0.0860512 0.410639 0.172102 0.000927583
1 0.55122 0.885754 0.458275 0.215863 0.000925367
2 0.00833222 0.044979 0.0166644 0.089958 0.000924482
1 0.584219 0.0557355 0.576883 0.111471 0.000921967
2 0.661309 0.0697034 0.412919 0.137955 0.000920893
2 0.274133 0.0759888 0.442309 0.150366 0.000920766
0 0.272561 0.986804 0.149497 0.0262638 0.000918701
0 0.0684161 0.390564 0.136832 0.289406 0.000915966
2 0.915835 0.0644732 0.167092 0.127097 0.000915399
2 0.00581628 0.430802 0.0116326 0.233154 0.000914705
2 0.699671 0.793127 0.540116 0.170441 0.000913186
1 0.744392 0.938746 0.511217 0.119585 0.000910766
0 0.0757419 0.911691 0.151484 0.156012 0.000910731
1 0.292078 0.547281 0.293299 0.290052 0.00091067
0 0.136292 0.0515895 0.272584 0.102879 0.000908344
1 0.100157 0.265679 0.200314 0.153111 0.000908136
0 0.0785175 0.837726 0.157035 0.324548 0.000908005
2 0.00678672 0.105301 0.0135734 0.20328 0.000907183
2 0.479975 0.843386 0.29974 0.172 0.000906892
2 0.954018 0.638958 0.0919634 0.59756 0.000906491
2 0.537151 0.10968 0.445421 0.211323 0.000900676
2 0.641127 0.74018 0.519137 0.172525 0.000900019
2 0.270885 0.611942 0.247966 0.343732 0.000900017
0 0.375387 0.354491 0.402368 0.213541 0.000898861
1 0.677924 0.784273 0.381682 0.16247 0.000898015
1 0.707074 0.629243 0.32096 0.28736 0.000897718
0 0.126692 0.9143 0.253384 0.16554 0.000897282
2 0.637512 0.332791 0.329607 0.206791 0.000896036
1 0.0769185 0.138619 0.153837 0.183032 0.000894975
0 0.463717 0.106533 0.416598 0.204178 0.000894837
0 0.702381 0.753949 0.585979 0.222992 0.000894533
1 0.0732912 0.434451 0.146582 0.21551 0.000889979
0 0.211056 0.990216 0.260563 0.0194267 0.000888432
0 0.91249 0.575204 0.155789 0.543479 0.000886813
2 0.00391127 0.34803 0.00782254 0.266147 0.000886468
2 0.121279 0.129042 0.240702 0.185737 0.000886214
0 0.915591 0.0782375 0.164557 0.15621 0.000885518
2 0.0647102 0.529375 0.12942 0.497928 0.000885189
0 0.528852 0.299545 0.40845 0.174144 0.000885062
2 0.00770511 0.140171 0.0154102 0.280342 0.000884523
2 0.00495382 0.471702 0.00990763 0.245049 0.000882331
2 0.776314 0.639301 0.201818 0.301921 0.000882216
2 0.374514 0.621637 0.433252 0.278994 0.000879514
2 0.538993 0.769498 0.307455 0.27318 0.000878212
2 0.00541394 0.385157 0.0108279 0.288991 0.000876676
0 0.383176 0.65225 0.505783 0.295754 0.000875448
2 0.95437 0.519765 0.0912602 0.618152 0.000874909
2 0.734195 0.101862 0.298216 0.203712 0.000873277
2 0.954958 0.116059 0.0900831 0.232119 0.000872145
2 0.878251 0.0834554 0.238229 0.166911 0.000872021
2 0.931591 0.12487 0.136817 0.24176 0.000868492
0 0.165442 0.742522 0.103133 0.0506775 0.000868364
2 0.00596317 0.578146 0.0119263 0.314875 0.000865112
0 0.290318 0.911076 0.385395 0.174446 0.000864501
2 0.00880961 0.244314 0.0176192 0.238191 0.000863167
0 0.129997 0.237014 0.259995 0.170223 0.000862968
2 0.00791154 0.791509 0.0158231 0.228013 0.000860679
0 0.313084 0.527423 0.340162 0.253312 0.000860635
2 0.00509184 0.771965 0.0101837 0.217073 0.000860172
2 0.762154 0.67362 0.22531 0.254152 0.00085969
2 0.902171 0.153407 0.190981 0.306815 0.000857619
0 0.783751 0.937251 0.432498 0.121933 0.00085634
1 0.888358 0.915665 0.221193 0.164026 0.000854934
2 0.853104 0.481002 0.200297 0.432511 0.000854596
2 0.687014 0.765209 0.562395 0.180879 0.000853269
0 0.862631 0.654601 0.246841 0.351983 0.000853082
0 0.247155 0.0603533 0.494309 0.120707 0.000852394
2 0.252647 0.091874 0.360356 0.183668 0.000852157
2 0.639103 0.705497 0.47259 0.205551 0.000851115
