1 0.447642 0.559713 0.87031 0.795103 0.897832
1 0.58189 0.568021 0.586248 0.763264 0.282068
1 0.290994 0.326003 0.581988 0.587765 0.110228
1 0.641434 0.622999 0.46907 0.645969 0.0918228
1 0.334161 0.583892 0.604623 0.750499 0.0906421
0 0.577037 0.0663254 0.0558802 0.0659771 0.0756804
1 0.156313 0.313657 0.311808 0.529512 0.064811
1 0.388853 0.458814 0.77736 0.873616 0.0603047
0 0.10712 0.951939 0.117732 0.0852538 0.0527756
0 0.185211 0.982919 0.0240553 0.0296195 0.0525193
1 0.400471 0.411546 0.69642 0.676069 0.0417881
1 0.212814 0.40794 0.425628 0.730377 0.0394132
0 0.0855571 0.964257 0.0766058 0.066014 0.0384713
0 0.133981 0.933557 0.0585398 0.0537206 0.0356888
0 0.156965 0.0565494 0.0358381 0.0375034 0.0286654
0 0.0982545 0.960499 0.102254 0.0747087 0.0279083
0 0.021116 0.980276 0.0422319 0.0356735 0.0254159
1 0.556093 0.671902 0.655017 0.556686 0.0248008
0 0.0718011 0.792915 0.0804953 0.0934932 0.023637
0 0.277643 0.0521365 0.0854898 0.104273 0.0230903
0 0.658658 0.167511 0.0314802 0.0385576 0.022776
1 0.254422 0.538792 0.508843 0.793285 0.0214851
1 0.402195 0.313853 0.798427 0.599564 0.0179334
0 0.140984 0.934435 0.0421376 0.0430471 0.0174422
1 0.139227 0.496977 0.278454 0.874067 0.0172747
0 0.0428628 0.764535 0.0183137 0.0306278 0.0146467
1 0.329566 0.460984 0.612176 0.557709 0.0144699
0 0.424029 0.116184 0.0456107 0.112613 0.0142857
1 0.55915 0.871401 0.651209 0.189951 0.0137243
1 0.139628 0.465597 0.122537 0.224073 0.0136216
1 0.356075 0.277075 0.636648 0.506322 0.0135564
0 0.253653 0.0675026 0.0290204 0.0631782 0.0130457
1 0.276912 0.530887 0.446699 0.58434 0.0126167
1 0.194278 0.46391 0.236546 0.23222 0.0121181
2 0.576091 0.0672805 0.057249 0.066268 0.0121176
1 0.715785 0.598327 0.32555 0.588787 0.0120023
1 0.501497 0.527978 0.537258 0.770613 0.0114157
0 0.130567 0.946983 0.0651414 0.0745762 0.0111726
2 0.280297 0.0500517 0.0888169 0.100103 0.0111698
1 0.350547 0.159793 0.647395 0.289484 0.0109728
1 0.36714 0.135521 0.539697 0.235672 0.0108362
0 0.428513 0.153852 0.0209524 0.0317526 0.0105659
1 0.386516 0.74454 0.722525 0.4304 0.0103822
0 0.254011 0.0555325 0.033502 0.085939 0.0103083
2 0.314181 0.156233 0.0736332 0.126154 0.010262
1 0.488846 0.360431 0.52829 0.656024 0.0094273
0 0.18605 0.976887 0.0255674 0.0439798 0.0089032
0 0.0420712 0.988353 0.0823807 0.0218368 0.00878402
1 0.254582 0.13897 0.499737 0.268279 0.0085335
1 0.378399 0.696721 0.532061 0.496989 0.0085114
1 0.576323 0.8382 0.609297 0.260978 0.00836789
1 0.0914656 0.538505 0.182931 0.851369 0.00801843
1 0.567306 0.95756 0.64131 0.0848791 0.00800568
0 0.0350115 0.979421 0.0688218 0.0370563 0.00779579
0 0.0309933 0.974944 0.06188 0.0501125 0.00760464
0 0.311429 0.157859 0.078252 0.122086 0.00759709
0 0.910879 0.219575 0.0207716 0.0267041 0.00757849
1 0.215493 0.269274 0.425348 0.533769 0.00725876
1 0.496413 0.26001 0.506577 0.458761 0.00713519
1 0.624998 0.720603 0.511834 0.465312 0.00699089
0 0.301439 0.0704202 0.0245478 0.0550561 0.00698885
1 0.329848 0.88652 0.586082 0.180563 0.0067261
0 0.101611 0.864746 0.127037 0.248785 0.00656068
0 0.657547 0.169943 0.036308 0.0488772 0.00650907
0 0.10189 0.0822913 0.154956 0.0927195 0.00641334
0 0.176764 0.969432 0.0480892 0.0556472 0.00624361
0 0.079901 0.809452 0.0989161 0.129841 0.00616829
1 0.298518 0.968522 0.521438 0.0629569 0.00607347
1 0.516976 0.328206 0.213664 0.285423 0.00605322
1 0.101761 0.462384 0.203521 0.232648 0.00586461
1 0.590168 0.944885 0.588213 0.11023 0.00576772
0 0.298614 0.113084 0.11084 0.221396 0.00576766
1 0.588179 0.505094 0.423535 0.723617 0.00571052
0 0.258504 0.739734 0.0386009 0.0701653 0.00540213
1 0.181912 0.128584 0.355081 0.242176 0.00537725
0 0.0940658 0.892418 0.154674 0.200966 0.00531822
0 0.136467 0.943275 0.0551803 0.0634224 0.00528459
0 0.442047 0.117753 0.0802871 0.113235 0.00519562
1 0.558851 0.758182 0.629354 0.381711 0.00516164
0 0.316239 0.956809 0.0389549 0.0419552 0.00512725
1 0.688821 0.526984 0.407115 0.718898 0.00511275
1 0.756227 0.580207 0.402329 0.69296 0.00508943
2 0.255311 0.0497727 0.0379315 0.0995454 0.00488551
0 0.182 0.982512 0.0344973 0.0304113 0.00481771
1 0.563368 0.346557 0.395386 0.543633 0.00481528
1 0.476827 0.78813 0.247438 0.316614 0.00479809
1 0.545065 0.140655 0.410349 0.242133 0.00472646
1 0.439728 0.781676 0.430268 0.336053 0.00471088
1 0.469881 0.33041 0.334609 0.291063 0.00463019
1 0.663957 0.845076 0.463777 0.247709 0.00462289
1 0.308351 0.701923 0.598107 0.561793 0.00451932
1 0.19299 0.583873 0.38598 0.790388 0.00444674
0 0.125843 0.952133 0.155266 0.0939562 0.00434043
0 0.202856 0.934997 0.37765 0.130005 0.00423509
1 0.531945 0.346547 0.274659 0.307113 0.00420531
1 0.242534 0.950926 0.434216 0.0981483 0.00414915
0 0.0626675 0.972762 0.123268 0.0511621 0.00414083
1 0.827444 0.604974 0.341177 0.622051 0.00410714
1 0.451603 0.109058 0.386387 0.218116 0.00409845
1 0.952365 0.602355 0.0902912 0.614438 0.0040952
1 0.745484 0.705021 0.434533 0.494873 0.00406841
0 0.535032 0.0684818 0.139965 0.077426 0.00403441
0 0.0941638 0.933046 0.188328 0.133908 0.00384481
1 0.574026 0.239705 0.429823 0.445546 0.00381708
2 0.540041 0.969717 0.592661 0.0605663 0.00374953
1 0.213044 0.437063 0.292675 0.292744 0.00369271
0 0.162439 0.880635 0.32269 0.229077 0.00360536
1 0.645514 0.347973 0.527724 0.568312 0.00351235
1 0.942932 0.66911 0.111776 0.569786 0.00348613
1 0.254286 0.898724 0.485464 0.190912 0.00348323
1 0.473949 0.339523 0.456889 0.304518 0.00347813
1 0.108997 0.420679 0.217993 0.339006 0.00345976
0 0.276888 0.066124 0.0795596 0.0739624 0.00337735
1 0.668101 0.949115 0.467887 0.10177 0.00336846
0 0.0438618 0.971843 0.0877235 0.0552086 0.00331913
0 0.56854 0.0745599 0.0716767 0.0736648 0.00329786
1 0.576792 0.0729171 0.0586123 0.0699576 0.0032589
0 0.366298 0.219582 0.0206854 0.0579392 0.0032415
0 0.0393633 0.0364121 0.0380192 0.0538262 0.00319925
1 0.440007 0.969329 0.447217 0.0613419 0.00319902
0 0.0856343 0.718863 0.170893 0.542284 0.003181
0 0.264439 0.704825 0.525336 0.575681 0.00317009
1 0.810396 0.737081 0.379208 0.444301 0.00316967
1 0.722082 0.715103 0.301941 0.418795 0.00308988
1 0.28829 0.0627437 0.111817 0.121945 0.00305856
1 0.904278 0.757042 0.190874 0.405652 0.00302543
0 0.165454 0.712915 0.330908 0.566288 0.00301996
2 0.57466 0.0554421 0.0589426 0.0848109 0.00301259
2 0.929959 0.969384 0.140083 0.061233 0.00298191
2 0.849789 0.972437 0.286103 0.0551256 0.00296399
0 0.564771 0.0904041 0.403409 0.180808 0.00293797
1 0.082884 0.118124 0.134201 0.149388 0.0029312
0 0.564558 0.0639773 0.0687162 0.0578901 0.00292372
0 0.925674 0.0982604 0.148652 0.196521 0.00291911
0 0.61972 0.132892 0.389316 0.24517 0.00288157
0 0.0931874 0.817712 0.127538 0.156093 0.00284851
2 0.81585 0.943547 0.348387 0.112906 0.00282393
1 0.718499 0.775649 0.54853 0.384686 0.00281814
0 0.943376 0.525082 0.112654 0.644512 0.0027769
2 0.924372 0.153026 0.151256 0.295992 0.00277181
0 0.646753 0.09726 0.404605 0.19452 0.00275177
2 0.880414 0.978443 0.239171 0.0431143 0.00270383
0 0.0392004 0.0320278 0.0341637 0.0367884 0.0027029
1 0.577475 0.334867 0.287754 0.294853 0.00269207
0 0.884599 0.094329 0.230801 0.188658 0.00263187
0 0.703363 0.106227 0.38703 0.212453 0.00262806
2 0.923803 0.839449 0.152394 0.261914 0.00262619
1 0.201027 0.510971 0.282175 0.319697 0.00261409
2 0.735978 0.901387 0.471071 0.197227 0.00260611
0 0.941805 0.196052 0.116391 0.330799 0.00260554
0 0.35298 0.168123 0.162673 0.172329 0.00260428
2 0.86196 0.840077 0.271948 0.261514 0.00260116
0 0.947092 0.286864 0.105816 0.401998 0.00259053
0 0.946208 0.40796 0.107583 0.508086 0.00259053
0 0.0223103 0.968291 0.0446206 0.0634178 0.00255481
0 0.846056 0.105338 0.307888 0.210676 0.00254064
0 0.101673 0.111613 0.15852 0.164052 0.00251507
2 0.640651 0.218444 0.558634 0.397298 0.00250302
0 0.423314 0.126207 0.0328088 0.0935793 0.00248269
0 0.533222 0.0766902 0.149826 0.126282 0.0024719
0 0.301522 0.0873773 0.143642 0.174755 0.00245985
0 0.11668 0.956103 0.15038 0.0877946 0.00244424
0 0.671238 0.155353 0.505634 0.294643 0.00242942
0 0.0450612 0.771071 0.0305324 0.0445224 0.0023896
0 0.992654 0.727908 0.0144621 0.0344393 0.00237486
0 0.0304644 0.0465956 0.0609288 0.087926 0.00236846
2 0.305958 0.167736 0.0706209 0.100615 0.00235401
1 0.529475 0.0808345 0.154419 0.0917999 0.00235192
1 0.576334 0.370398 0.360814 0.34141 0.00227726
0 0.0739737 0.990915 0.147853 0.0181702 0.00227496
0 0.671258 0.216272 0.608025 0.395452 0.00226468
0 0.50241 0.105734 0.208782 0.118218 0.00225676
1 0.254694 0.0513167 0.0481918 0.102633 0.00225389
0 0.863064 0.143692 0.273871 0.271764 0.00225293
0 0.0660629 0.771801 0.0633183 0.0546644 0.0022376
0 0.806251 0.15355 0.386226 0.29467 0.00222997
1 0.0997712 0.340968 0.199542 0.495816 0.00220094
2 0.74184 0.351461 0.499518 0.520656 0.00219724
1 0.376239 0.436113 0.250054 0.377493 0.0021899
1 0.0495237 0.358041 0.0969488 0.716082 0.00218556
0 0.164462 0.969031 0.0727746 0.0619381 0.00217147
0 0.841682 0.445019 0.314967 0.571788 0.00214683
0 0.47922 0.0779413 0.0254696 0.0411654 0.0021425
0 0.316692 0.96443 0.0431795 0.0610931 0.00214175
1 0.071777 0.148748 0.134435 0.297496 0.00213145
2 0.0212067 0.982501 0.0424135 0.0349985 0.00212302
0 0.0737883 0.104102 0.129522 0.191945 0.00210311
0 0.837845 0.286574 0.322984 0.388075 0.00207918
0 0.509365 0.0860723 0.199153 0.118759 0.00202336
0 0.652095 0.166925 0.0452254 0.0484403 0.00200789
1 0.072263 0.34118 0.143112 0.619301 0.00198246
0 0.151923 0.0960815 0.294062 0.192163 0.00194124
1 0.739195 0.707786 0.273409 0.313566 0.00193665
0 0.303347 0.175311 0.0666525 0.0892281 0.00193421
0 0.375051 0.159525 0.213778 0.213524 0.00192909
1 0.292318 0.438936 0.373178 0.373967 0.00191313
0 0.461633 0.116118 0.121359 0.117699 0.00190757
0 0.503976 0.0826559 0.216258 0.159094 0.00190383
0 0.494712 0.0973883 0.0590231 0.0825146 0.00188942
1 0.136027 0.367039 0.133183 0.425936 0.00187113
0 0.0798692 0.975435 0.156367 0.049129 0.00184939
1 0.133648 0.125805 0.249723 0.17973 0.00184132
1 0.56298 0.396299 0.467385 0.368361 0.00183978
1 0.769106 0.708878 0.212859 0.276542 0.00183257
0 0.0867448 0.834299 0.17349 0.31674 0.00180156
0 0.319085 0.136674 0.0618594 0.0894331 0.00178596
1 0.0962189 0.0995409 0.16471 0.194348 0.00178206
0 0.254998 0.0505617 0.0927103 0.100453 0.00174677
1 0.0862618 0.854629 0.172524 0.269432 0.00173621
0 0.301535 0.0540165 0.0307189 0.090566 0.00172365
1 0.254401 0.480704 0.406217 0.37573 0.00170793
0 0.0750389 1 0.150078 0 0.00170516
1 0.486393 0.75192 0.290187 0.383125 0.00169767
0 0.165169 0.942754 0.246013 0.101728 0.00169494
1 0.208046 0.37952 0.26229 0.388354 0.00169415
1 0.499869 0.413512 0.41904 0.39152 0.00167321
1 0.0779987 0.147279 0.128062 0.15411 0.00166958
0 0.658464 0.15977 0.0348741 0.0562814 0.00166683
0 0.0576357 0.788727 0.0598457 0.0848846 0.00166273
0 0.607602 0.0663752 0.118624 0.0699887 0.00162118
0 0.251293 0.0159443 0.0318832 0.0318886 0.00159107
0 0.396889 0.16098 0.130208 0.21119 0.00159022
1 0.148604 0.160872 0.28965 0.232537 0.00158073
1 0.143158 0.513975 0.134243 0.27631 0.0015769
0 0.216939 0.843854 0.104698 0.14051 0.00157686
0 0.232884 0.402671 0.31269 0.337152 0.00155992
0 0.322662 0.171695 0.108646 0.165826 0.00155818
0 0.0961268 0.823688 0.0751428 0.0931387 0.00154695
0 0.474788 0.0937101 0.150336 0.16484 0.001531
1 0.623604 0.404702 0.249967 0.324042 0.00151358
1 0.299871 0.119711 0.145173 0.222073 0.00151226
0 0.073005 0.81137 0.14601 0.362792 0.00150803
2 0.725464 0.713673 0.301924 0.280917 0.00150127
1 0.166377 0.532276 0.19344 0.3246 0.00150104
1 0.0858623 0.399935 0.171725 0.460726 0.00149865
1 0.332335 0.172977 0.125954 0.163063 0.00149706
1 0.664277 0.387867 0.166826 0.300286 0.00149472
1 0.711155 0.841601 0.344638 0.189506 0.00148995
1 0.127664 0.989368 0.164298 0.0212645 0.00148886
1 0.61584 0.0766129 0.140025 0.080484 0.00147882
0 0.537449 0.0517497 0.134381 0.103499 0.00147539
0 0.992548 0.71621 0.0147221 0.0547153 0.00146373
0 0.0368297 0.347971 0.0736593 0.695943 0.00146169
1 0.0640041 0.476903 0.127171 0.602196 0.0014592
0 0.884765 0.402958 0.0212417 0.0422375 0.0014591
1 0.366652 0.386225 0.226635 0.281599 0.00145361
2 0.777995 0.839998 0.410807 0.317472 0.00145232
1 0.581301 0.48434 0.365379 0.471718 0.00145173
1 0.276379 0.0523297 0.0869646 0.104659 0.00144989
1 0.749086 0.76249 0.256539 0.346231 0.00144807
1 0.682224 0.590407 0.367773 0.482171 0.00144789
0 0.561005 0.240798 0.0996071 0.125306 0.00144563
0 0.435432 0.102977 0.0741611 0.142991 0.00144194
2 0.782432 0.715274 0.186216 0.281018 0.00143827
1 0.577721 0.0437031 0.148685 0.0874061 0.00143557
1 0.195719 0.593844 0.240853 0.580121 0.00142586
0 0.665918 0.266226 0.0777599 0.10486 0.00142356
1 0.549191 0.106571 0.117685 0.135542 0.00142188
2 0.132964 0.30647 0.265929 0.479094 0.00140774
1 0.593969 0.484438 0.31858 0.371162 0.00140266
1 0.181889 0.558599 0.240065 0.412867 0.00139454
1 0.286535 0.0582401 0.112755 0.11648 0.00138498
0 0.0668238 0.659593 0.128683 0.59381 0.00138188
0 0.030432 0.0756312 0.0593328 0.139957 0.00138121
1 0.229947 0.526506 0.382296 0.374182 0.00137759
0 0.305793 0.0721516 0.0335962 0.0608374 0.0013715
0 0.100786 0.977343 0.108358 0.0439151 0.00136447
1 0.0647791 0.206538 0.129558 0.413077 0.00134931
1 0.0519316 0.564297 0.102316 0.731371 0.00134892
0 0.243852 0.877194 0.0436606 0.0752183 0.001346
0 0.0469051 0.0561223 0.0762667 0.0920679 0.00134565
0 0.68733 0.175081 0.0952535 0.0672105 0.00133461
2 0.111762 0.947467 0.118552 0.0950901 0.00132204
0 0.0426033 0.264613 0.0852066 0.526678 0.00131769
0 0.167508 0.0652379 0.217806 0.130476 0.00131274
0 0.151569 0.859781 0.241421 0.275363 0.00131075
1 0.535007 0.312562 0.164412 0.265641 0.00130681
1 0.155353 0.200537 0.308531 0.283239 0.00129896
1 0.648554 0.531147 0.402636 0.377248 0.00129698
2 0.318518 0.138967 0.0634933 0.0954424 0.00129454
2 0.136679 0.213011 0.269095 0.30261 0.00129407
0 0.675488 0.341947 0.106064 0.217615 0.00129131
0 0.0138053 0.487371 0.0276107 0.657227 0.00127263
0 0.031368 0.0290815 0.0544338 0.0495254 0.00127174
1 0.371698 0.51863 0.261396 0.492316 0.00126925
0 0.0316931 0.948529 0.0630529 0.102941 0.00126905
2 0.251536 0.0178357 0.0325985 0.0356713 0.00126769
0 0.0222714 0.430433 0.0445428 0.595309 0.0012673
0 0.0462829 0.993866 0.0925658 0.012267 0.00126661
0 0.25012 0.0500072 0.0491676 0.100014 0.00126634
2 0.743046 0.866444 0.385597 0.230893 0.00126009
1 0.329219 0.164982 0.093003 0.159868 0.00125383
1 0.115165 0.557061 0.225798 0.40786 0.00125286
2 0.608962 0.0493873 0.12643 0.0987746 0.00124982
0 0.0366337 0.0280108 0.0414026 0.0419026 0.00124276
1 0.156461 0.609061 0.184899 0.482253 0.00123624
0 0.448766 0.132288 0.0957451 0.15082 0.0012232
1 0.633352 0.483683 0.336769 0.284202 0.00121544
1 0.734647 0.803898 0.284626 0.253798 0.0012144
0 0.105904 0.989017 0.115659 0.0218576 0.00121379
