2 0.629011 0.612582 0.499067 0.384469 0.973272
0 0.248146 0.526282 0.0815362 0.0794279 0.751141
0 0.125106 0.640844 0.0875185 0.0521836 0.628428
2 0.249009 0.525371 0.0876854 0.0785468 0.428191
2 0.124749 0.640999 0.0906768 0.0489155 0.336929
0 0.267897 0.526675 0.122774 0.08122 0.060612
2 0.703258 0.603102 0.363806 0.372757 0.0396264
0 0.231779 0.532434 0.0521008 0.0710692 0.0308164
1 0.123643 0.640251 0.0901723 0.0466095 0.0285534
2 0.689154 0.55032 0.389372 0.250826 0.0182663
2 0.6341 0.709742 0.540881 0.575392 0.016829
0 0.221662 0.524974 0.146708 0.0868978 0.0148562
0 0.246797 0.511699 0.08431 0.0551033 0.0128678
0 0.549438 0.86928 0.0592608 0.0327038 0.0121606
2 0.54419 0.594621 0.344877 0.326298 0.0101869
0 0.390799 0.891073 0.0358398 0.0307132 0.00996507
0 0.31493 0.526881 0.217198 0.0858769 0.00976128
1 0.444749 0.975655 0.713427 0.0486897 0.0090548
0 0.172582 0.641534 0.182528 0.0521269 0.00761067
0 0.272076 0.972482 0.113981 0.054522 0.00759629
2 0.722267 0.704209 0.481875 0.588235 0.00748763
0 0.22318 0.985943 0.270781 0.0281137 0.00715905
2 0.249362 0.513102 0.0828665 0.0528772 0.00687421
0 0.12281 0.630328 0.09144 0.0676424 0.00681151
1 0.298411 0.973758 0.539542 0.0517155 0.00671013
0 0.615562 0.562876 0.507382 0.316121 0.00650896
2 0.519598 0.719055 0.84047 0.561889 0.0064638
0 0.177051 0.52643 0.250182 0.0854145 0.00614763
0 0.269465 0.613618 0.385527 0.270796 0.00603145
0 0.525134 0.58915 0.827732 0.304776 0.00599453
2 0.514533 0.631301 0.280153 0.184176 0.00561999
0 0.394983 0.890978 0.0461771 0.0357563 0.0055889
0 0.29817 0.632479 0.452595 0.336137 0.00544344
2 0.483944 0.631708 0.821176 0.36925 0.00539863
1 0.437385 0.698847 0.757757 0.508698 0.00527042
0 0.470672 0.105973 0.770157 0.2114 0.005162
0 0.400807 0.524941 0.458986 0.183473 0.00509265
0 0.500967 0.0784782 0.712556 0.156956 0.0050353
2 0.631612 0.547834 0.499525 0.361549 0.00491229
0 0.847395 0.116075 0.297609 0.230773 0.00483312
0 0.291137 0.512184 0.209291 0.123871 0.00483231
1 0.207048 0.713598 0.386163 0.569135 0.00473906
1 0.21817 0.972004 0.435495 0.0553521 0.0046824
2 0.735192 0.7871 0.497162 0.42074 0.00464338
0 0.363936 0.0760896 0.664192 0.152179 0.00459208
0 0.271373 0.987864 0.114204 0.024272 0.00452672
0 0.248195 0.604042 0.341898 0.180038 0.0044917
2 0.764455 0.587952 0.43231 0.37282 0.00446113
0 0.812255 0.0804705 0.37549 0.160941 0.00437217
2 0.526971 0.59694 0.305118 0.254148 0.00434324
0 0.614385 0.0758318 0.645735 0.151664 0.00433851
1 0.146694 0.725726 0.293387 0.534107 0.00432825
1 0.468855 0.930223 0.802213 0.138184 0.00431142
0 0.275774 0.982724 0.429353 0.0345513 0.00426405
0 0.727219 0.0754591 0.515053 0.150918 0.00425345
0 0.86388 0.162683 0.253263 0.325041 0.00421422
0 0.594635 0.113602 0.737121 0.226083 0.0041907
1 0.454086 0.89504 0.77928 0.205243 0.00414654
1 0.487305 0.157957 0.856401 0.315915 0.00413264
0 0.254943 0.696968 0.392739 0.547179 0.00413068
0 0.122909 0.646197 0.0941388 0.0762903 0.00406991
0 0.315241 0.099782 0.620032 0.19888 0.00395554
0 0.26025 0.508 0.178749 0.136758 0.00391807
0 0.201413 0.504051 0.211978 0.135652 0.00391778
0 0.391723 0.934112 0.712279 0.12993 0.00390202
1 0.470863 0.817973 0.794677 0.359058 0.00387344
0 0.384355 0.123948 0.701548 0.246165 0.00383315
1 0.819994 0.162901 0.323182 0.325581 0.00380872
1 0.534827 0.972126 0.679167 0.055542 0.00377086
0 0.229464 0.0679132 0.437573 0.135714 0.00375158
2 0.0977101 0.757603 0.19542 0.446645 0.00374972
0 0.246181 0.960217 0.316876 0.0795668 0.00372785
2 0.837377 0.826785 0.306871 0.338871 0.00369203
2 0.0843479 0.336855 0.168696 0.347883 0.00368693
1 0.102211 0.790667 0.204421 0.411598 0.00366437
1 0.178818 0.964273 0.357636 0.0714534 0.00366309
0 0.204862 0.101614 0.39063 0.20116 0.00363022
2 0.0903918 0.226981 0.180784 0.361884 0.00360072
0 0.218823 0.524511 0.328758 0.111516 0.0035838
1 0.637803 0.214246 0.657328 0.424852 0.00357501
0 0.182338 0.140364 0.331233 0.279901 0.00351383
0 0.109468 0.216086 0.21299 0.40408 0.00349539
0 0.127899 0.138155 0.246149 0.27631 0.00348163
0 0.834285 0.084521 0.331429 0.169042 0.0034773
2 0.0863532 0.441931 0.172706 0.35466 0.00344932
0 0.245338 0.569154 0.354531 0.281275 0.00343878
0 0.11142 0.291253 0.22068 0.459472 0.00342377
0 0.123465 0.383419 0.239022 0.410036 0.00341384
0 0.870598 0.125742 0.258804 0.250259 0.00339886
0 0.239711 0.141922 0.471474 0.283696 0.00337842
2 0.709377 0.496062 0.415507 0.320637 0.00335501
0 0.188034 0.597054 0.352741 0.162237 0.00333275
0 0.157869 0.41305 0.266027 0.389456 0.00331306
0 0.182946 0.475087 0.299169 0.227895 0.00331073
0 0.155395 0.516236 0.299807 0.288949 0.0033101
1 0.282116 0.926123 0.510677 0.144646 0.00330274
0 0.126934 0.0730344 0.253868 0.146069 0.00329116
1 0.788224 0.238855 0.37027 0.470276 0.00328081
0 0.163334 0.182965 0.294355 0.355192 0.00327943
2 0.878029 0.930899 0.243942 0.138203 0.00327517
2 0.650944 0.966512 0.586415 0.0665814 0.0032568
0 0.10017 0.138025 0.200341 0.2571 0.00325562
0 0.5135 0.517462 0.759556 0.405712 0.00325316
0 0.139947 0.461794 0.273458 0.358601 0.00324874
1 0.498781 0.230686 0.86663 0.458571 0.00324069
1 0.189509 0.641955 0.219096 0.0548903 0.00322934
1 0.712185 0.957921 0.514705 0.0841581 0.00322259
2 0.801821 0.651496 0.396357 0.461547 0.00321869
0 0.0958193 0.534028 0.191639 0.31769 0.00317768
0 0.844938 0.575759 0.310125 0.375226 0.0031693
0 0.115055 0.103584 0.23011 0.203378 0.00316308
0 0.879159 0.538037 0.241681 0.364014 0.00314064
0 0.140083 0.609061 0.280166 0.222325 0.00313753
0 0.207473 0.656552 0.397957 0.367607 0.00311
0 0.134057 0.300946 0.248084 0.55931 0.00309819
0 0.272376 0.555223 0.138044 0.143536 0.00308797
0 0.165273 0.894752 0.330547 0.210497 0.00307432
2 0.45058 0.848975 0.806708 0.30174 0.00307205
0 0.823779 0.225831 0.324645 0.444688 0.00306522
0 0.112053 0.840428 0.224106 0.314268 0.00304951
0 0.88938 0.221639 0.221239 0.396453 0.00296346
0 0.914383 0.472604 0.171234 0.323209 0.00294758
0 0.354506 0.757277 0.697919 0.484291 0.002942
2 0.481673 0.503666 0.830121 0.432879 0.00293731
0 0.789188 0.0158036 0.38802 0.0309415 0.00292582
2 0.832275 0.802843 0.335451 0.394271 0.00291478
1 0.155316 0.808917 0.310632 0.379076 0.00288434
2 0.818089 0.736657 0.363822 0.507962 0.00287547
0 0.27981 0.951006 0.454095 0.0975223 0.00287271
1 0.201562 0.880849 0.398551 0.236193 0.00286664
0 0.175632 0.987098 0.351264 0.0257665 0.00283385
0 0.118629 0.691249 0.237259 0.321524 0.00282531
2 0.862104 0.846546 0.275792 0.302463 0.00281721
2 0.626888 0.450254 0.536813 0.515477 0.00280658
0 0.164623 0.402555 0.323185 0.504505 0.00279766
0 0.915194 0.399656 0.169612 0.269859 0.00278315
0 0.277353 0.437268 0.366501 0.372373 0.0027651
1 0.507592 0.368488 0.71211 0.709539 0.00275393
1 0.349151 0.539593 0.30596 0.132353 0.00273927
0 0.210771 0.581302 0.198775 0.198265 0.00273461
2 0.633056 0.813957 0.591169 0.367238 0.00272906
1 0.858211 0.932393 0.280941 0.134575 0.00272573
0 0.894314 0.279009 0.211372 0.33998 0.00271505
2 0.3539 0.190769 0.632095 0.376772 0.00271411
0 0.179735 0.354802 0.359319 0.659359 0.00269666
0 0.770091 0.287018 0.386166 0.54142 0.00268835
0 0.912185 0.352085 0.175631 0.266962 0.00268414
2 0.498004 0.785043 0.80317 0.426261 0.0026583
0 0.3269 0.564763 0.248626 0.184703 0.00264532
0 0.347866 0.891419 0.62821 0.214963 0.00264515
0 0.308716 0.184836 0.594813 0.362922 0.00264302
0 0.217475 0.222138 0.43495 0.436033 0.002637
2 0.589187 0.341082 0.625392 0.661074 0.00260746
0 0.710154 0.439809 0.405167 0.417769 0.00259538
2 0.680594 0.397963 0.492706 0.573844 0.00258926
2 0.673841 0.30377 0.55082 0.584439 0.00257931
2 0.874164 0.899694 0.251671 0.200613 0.00257197
0 0.312867 0.829219 0.612981 0.338122 0.00255351
2 0.822473 0.474544 0.303253 0.323535 0.00253615
0 0.860319 0.274086 0.250993 0.270632 0.00252982
0 0.799143 0.414335 0.307524 0.319329 0.00250591
0 0.34481 0.404587 0.631044 0.777963 0.00250463
0 0.42978 0.456341 0.754042 0.654955 0.00250443
1 0.203247 0.602662 0.2477 0.13464 0.00247331
0 0.274799 0.435399 0.450826 0.583536 0.00243211
0 0.890714 0.383978 0.170834 0.253472 0.00242222
2 0.765282 0.387663 0.379611 0.512058 0.00240484
0 0.84296 0.35107 0.260871 0.39138 0.0023944
2 0.746165 0.540453 0.262473 0.233371 0.00237427
0 0.428874 0.341601 0.807296 0.660524 0.00237307
0 0.89229 0.325333 0.178682 0.235043 0.00236736
0 0.3699 0.23807 0.702441 0.471778 0.00235277
0 0.0854005 0.642131 0.16913 0.0556898 0.00234574
0 0.826803 0.0261746 0.346394 0.0517561 0.00234146
1 0.124873 0.652459 0.0946672 0.0877706 0.00233034
0 0.230302 0.541702 0.0461959 0.0578738 0.00232036
0 0.54467 0.90747 0.787044 0.183025 0.00223108
1 0.232879 0.629023 0.32357 0.10853 0.00221703
0 0.770732 0.522298 0.212854 0.19761 0.00220812
0 0.282913 0.991063 0.0978938 0.0173988 0.00220049
0 0.795242 0.48656 0.165953 0.129062 0.00219975
0 0.343192 0.985535 0.470375 0.0289292 0.00218768
2 0.732653 0.875335 0.530354 0.248483 0.00216584
0 0.842162 0.00866491 0.179487 0.0173298 0.00214602
2 0.789071 0.513023 0.176592 0.183742 0.00212326
0 0.853233 0.895835 0.291055 0.207385 0.00211754
0 0.307929 0.948778 0.615858 0.102444 0.00206197
0 0.266741 0.989279 0.157691 0.0209335 0.0020455
0 0.714616 0.874087 0.563298 0.249633 0.0020282
1 0.208068 0.670573 0.263626 0.117499 0.00194755
0 0.872213 0.0240245 0.255575 0.047134 0.00194226
0 0.432054 0.140604 0.0587535 0.0328777 0.00193202
0 0.400899 0.894374 0.0605529 0.0430439 0.00190717
0 0.16767 0.52384 0.335341 0.0921382 0.00186805
1 0.701895 0.632982 0.366221 0.352626 0.00184115
0 0.719154 0.0233575 0.340986 0.0460001 0.00181461
2 0.597143 0.587174 0.455595 0.275698 0.00181069
1 0.782504 0.0462612 0.434992 0.0915958 0.00179515
1 0.628962 0.713556 0.359927 0.182867 0.00178306
1 0.234015 0.581285 0.326032 0.188037 0.001756
0 0.909295 0.0110696 0.18141 0.0221392 0.00174889
0 0.910531 0.0267275 0.178938 0.0528811 0.0017471
0 0.829733 0.00950674 0.259624 0.0190135 0.00174242
0 0.213605 0.574764 0.295881 0.189419 0.00174223
0 0.0867421 0.589483 0.167175 0.162222 0.00173997
0 0.791761 0.0517069 0.416477 0.102506 0.00170033
0 0.204731 0.951063 0.380012 0.0978733 0.00168506
0 0.031167 0.519248 0.0623341 0.0653654 0.00168134
0 0.510453 0.581886 0.269254 0.289008 0.00165548
0 0.882424 0.00903463 0.227848 0.0180693 0.00164977
0 0.08341 0.662321 0.16682 0.0979858 0.00164825
0 0.845806 0.0454512 0.308387 0.0899403 0.00163251
0 0.290589 0.984236 0.0788746 0.0307716 0.00161528
0 0.218242 0.533375 0.0753632 0.067085 0.00160126
0 0.143084 0.574996 0.286168 0.17972 0.00160024
2 0.683409 0.509313 0.395108 0.174771 0.00152999
0 0.556708 0.85966 0.0784033 0.0556486 0.00150122
0 0.690814 0.0291932 0.484997 0.0576316 0.00149804
0 0.253391 0.930268 0.39214 0.13858 0.00149228
0 0.0440097 0.0418479 0.0880194 0.0828448 0.00147905
1 0.901883 0.0723102 0.196233 0.143039 0.00147745
0 0.0848805 0.12659 0.169761 0.25318 0.00147732
0 0.764507 0.561236 0.230272 0.225488 0.00144893
0 0.252997 0.852374 0.210455 0.081579 0.00144513
0 0.56585 0.869731 0.0979644 0.0402548 0.00144207
0 0.408492 0.987383 0.509877 0.0252345 0.00143085
1 0.725947 0.0356217 0.377915 0.0706619 0.00142984
0 0.435819 0.143748 0.0469475 0.0228194 0.00142917
0 0.0318288 0.49438 0.0636576 0.142512 0.00142619
0 0.628011 0.0249394 0.506438 0.0488973 0.0014151
0 0.892949 0.0455267 0.214101 0.0897931 0.00141048
2 0.738062 0.655806 0.295711 0.306131 0.00140522
0 0.585379 0.493237 0.168121 0.123084 0.00138374
0 0.0417158 0.0584793 0.0834315 0.112981 0.00137613
0 0.257206 0.508321 0.0652945 0.0426871 0.00137368
0 0.0383551 0.516868 0.0767103 0.276166 0.00137353
0 0.0859886 0.55674 0.171977 0.225823 0.0013723
0 0.161481 0.544991 0.322961 0.130636 0.00136459
0 0.21065 0.994209 0.164929 0.0113568 0.001355
0 0.385341 0.889968 0.0644251 0.035611 0.00135247
0 0.401825 0.52788 0.412284 0.127261 0.00134211
0 0.0872037 0.593123 0.174407 0.215752 0.00131848
0 0.315698 0.746285 0.0638962 0.0373713 0.00131272
2 0.741514 0.507637 0.280931 0.172285 0.00130844
0 0.2532 0.644372 0.391234 0.201427 0.00130418
0 0.229814 0.862287 0.348861 0.103306 0.00128991
1 0.118468 0.690299 0.127835 0.144641 0.00128911
2 0.835406 0.0697688 0.329188 0.137622 0.0012858
1 0.811032 0.620877 0.346058 0.342082 0.00128512
0 0.227311 0.991333 0.211792 0.0168816 0.00127909
0 0.912053 0.0667057 0.175895 0.131419 0.00127739
2 0.795598 0.677883 0.28031 0.261308 0.00127621
0 0.0869074 0.644115 0.173815 0.210945 0.00127515
0 0.850775 0.0174911 0.298451 0.0346711 0.00127227
0 0.0837674 0.859024 0.166665 0.18381 0.00127154
0 0.669012 0.866046 0.323701 0.152659 0.0012685
2 0.933344 0.0788013 0.133313 0.154565 0.00126755
1 0.509236 0.662735 0.269915 0.122514 0.00126498
0 0.630817 0.877539 0.239148 0.0625595 0.00125531
1 0.811352 0.0655773 0.377296 0.1303 0.00125345
1 0.769999 0.647686 0.237459 0.303398 0.00124841
0 0.0676734 0.044993 0.135347 0.0895628 0.00124298
2 0.700318 0.681663 0.355713 0.251753 0.00123506
0 0.704539 0.491673 0.353206 0.141435 0.00123142
0 0.270187 0.499819 0.136074 0.143248 0.00122642
0 0.484357 0.539356 0.370054 0.195679 0.0012251
0 0.495012 0.984018 0.551521 0.0319648 0.00122332
0 0.522955 0.0423254 0.690101 0.0835836 0.00122066
2 0.831548 0.657143 0.328467 0.313783 0.00122012
0 0.387592 0.897303 0.0829238 0.0426418 0.0012181
1 0.662444 0.873023 0.326571 0.146418 0.00121804
0 0.52825 0.99063 0.122512 0.0186812 0.00121327
1 0.171736 0.0321925 0.343471 0.0636037 0.00120481
0 0.498743 0.538856 0.25317 0.203946 0.00120289
0 0.607989 0.49684 0.216043 0.14005 0.00119847
1 0.236369 0.67604 0.346748 0.19674 0.00119585
0 0.779938 0.463055 0.171746 0.0874629 0.00119354
0 0.342162 0.572996 0.356932 0.225168 0.00119352
0 0.414539 0.0451445 0.704309 0.0894718 0.00119037
0 0.547176 0.515957 0.327375 0.153456 0.0011821
0 0.16582 0.995056 0.0872859 0.00977254 0.00117767
1 0.377324 0.0411817 0.748923 0.0814509 0.00117655
1 0.226611 0.0241347 0.444922 0.0472175 0.00117264
2 0.145558 0.0373929 0.291115 0.0741272 0.00117155
0 0.868063 0.00998716 0.263873 0.0199553 0.00117111
0 0.514128 0.65697 0.280219 0.129436 0.00117095
0 0.559078 0.980398 0.50247 0.039204 0.00116936
1 0.656327 0.731788 0.299081 0.142533 0.0011679
0 0.0630138 0.238029 0.126028 0.402008 0.00116623
0 0.115182 0.0498638 0.230363 0.0993513 0.00116425
1 0.156304 0.697248 0.173482 0.157917 0.00116317
0 0.844805 0.0233018 0.31039 0.0466036 0.0011627
0 0.467328 0.883907 0.211694 0.0520771 0.00116088
2 0.547857 0.851562 0.0809757 0.0764779 0.00115948
0 0.0564563 0.518476 0.112913 0.311042 0.00115722
1 0.682779 0.0413814 0.610647 0.0827628 0.00115691
1 0.301322 0.0308981 0.602644 0.0607743 0.00115606
0 0.859377 0.728135 0.11269 0.0790286 0.00115498
0 0.199715 0.92762 0.224004 0.0718796 0.0011522
0 0.613545 0.680978 0.426685 0.25012 0.00114655
