1 0.454326 0.459708 0.760515 0.886457 0.726013
1 0.56426 0.539227 0.491566 0.839164 0.497328
1 0.636111 0.434444 0.727778 0.868426 0.267229
2 0.624261 0.404452 0.745349 0.808904 0.102064
2 0.704188 0.211024 0.575586 0.422048 0.0615636
2 0.490687 0.32412 0.966785 0.64824 0.0294174
2 0.28415 0.457642 0.5683 0.902235 0.0269088
2 0.759244 0.404306 0.474221 0.808611 0.0263374
1 0.263577 0.463875 0.527153 0.927751 0.0232387
2 0.810118 0.189289 0.373462 0.378578 0.021502
1 0.651403 0.193825 0.691242 0.387651 0.0213777
2 0.40137 0.511736 0.802739 0.900728 0.0198407
1 0.265914 0.304291 0.520378 0.533404 0.0183444
1 0.462859 0.315224 0.920338 0.630447 0.0169913
1 0.188451 0.288661 0.355942 0.51509 0.0119354
2 0.807844 0.340146 0.377551 0.672058 0.0101789
2 0.838095 0.137813 0.323305 0.275625 0.00923331
1 0.368509 0.295677 0.715808 0.541585 0.00778662
1 0.933106 0.11036 0.133788 0.214458 0.00714401
1 0.522287 0.635031 0.567491 0.669432 0.00687754
1 0.944812 0.0777219 0.109134 0.153678 0.00650439
2 0.859999 0.250427 0.280002 0.500855 0.00578428
1 0.925463 0.148764 0.149073 0.297529 0.00550873
2 0.691968 0.501265 0.595936 0.975576 0.00550583
1 0.450569 0.695742 0.699693 0.559415 0.00530149
2 0.292937 0.280762 0.575078 0.515506 0.00516261
2 0.643466 0.643226 0.679537 0.663918 0.00499264
2 0.63687 0.15467 0.714113 0.309339 0.0048808
1 0.85221 0.0797267 0.294612 0.159453 0.00477671
2 0.863363 0.370541 0.273275 0.741082 0.00450085
2 0.589243 0.973186 0.676216 0.0536288 0.00418991
2 0.202785 0.267141 0.392266 0.508526 0.00408446
2 0.448298 0.667256 0.896597 0.629812 0.00391883
1 0.738818 0.0793566 0.440472 0.154256 0.00383421
2 0.365888 0.975077 0.625533 0.049846 0.00370767
2 0.548297 0.713084 0.504688 0.532222 0.00368016
1 0.916121 0.0835275 0.165417 0.161764 0.0036768
2 0.499481 0.219868 0.941498 0.439736 0.00360099
0 0.280997 0.287834 0.561995 0.567485 0.00358864
2 0.639216 0.97829 0.609601 0.0434194 0.0035755
1 0.849313 0.249502 0.301375 0.258313 0.00324524
0 0.429321 0.286738 0.82635 0.573475 0.00324218
2 0.283053 0.979353 0.538352 0.0412934 0.00322541
2 0.855328 0.247703 0.263136 0.257614 0.00321012
2 0.48438 0.967439 0.715862 0.0651226 0.00316825
2 0.652545 0.856883 0.644935 0.205166 0.00309845
2 0.605688 0.807722 0.743676 0.328838 0.00304569
2 0.77107 0.983071 0.400141 0.0338589 0.00304128
2 0.607325 0.711984 0.77617 0.496788 0.00297432
1 0.140539 0.183494 0.192638 0.325151 0.00297078
2 0.94126 0.975974 0.117481 0.0480524 0.00291951
1 0.769996 0.0898796 0.460009 0.177348 0.00288467
2 0.818432 0.464837 0.362172 0.929674 0.00285622
0 0.43581 0.17211 0.795918 0.344221 0.00281227
2 0.889916 0.461207 0.219268 0.9159 0.00277189
2 0.763446 0.575708 0.459766 0.811823 0.00271418
2 0.110765 0.930564 0.22153 0.138873 0.00271196
2 0.845578 0.983934 0.287761 0.0321326 0.00263832
0 0.269522 0.159085 0.519724 0.318171 0.00259867
0 0.247146 0.207594 0.494292 0.415188 0.00257814
0 0.192069 0.976093 0.367424 0.0478143 0.00256503
2 0.173653 0.180657 0.347305 0.361314 0.0025586
2 0.701919 0.735158 0.580257 0.422394 0.00255263
1 0.0420786 0.367056 0.0825368 0.734112 0.00252311
1 0.657698 0.0695595 0.375842 0.132229 0.00251821
0 0.407246 0.873757 0.796453 0.201141 0.00251812
1 0.89462 0.157737 0.21076 0.308618 0.00248948
2 0.222372 0.149265 0.444743 0.298531 0.00248309
2 0.527934 0.786488 0.549762 0.399772 0.00245697
2 0.781108 0.867073 0.426718 0.192141 0.00245605
2 0.893387 0.983389 0.213226 0.0332227 0.00245019
2 0.16186 0.966526 0.323719 0.0669486 0.00239833
2 0.07643 0.664842 0.15286 0.616487 0.00239364
2 0.110519 0.831338 0.221039 0.330015 0.00237333
2 0.0645266 0.755394 0.129053 0.441231 0.00227261
0 0.94597 0.874564 0.10806 0.198065 0.00227136
2 0.481171 0.828531 0.786214 0.323848 0.00212361
0 0.307013 0.883808 0.602401 0.178169 0.0021007
1 0.801793 0.0864886 0.396413 0.169735 0.0020903
2 0.929409 0.685159 0.141182 0.508335 0.00206708
0 0.274878 0.857463 0.541466 0.234608 0.00205881
1 0.669885 0.0734864 0.629962 0.146973 0.00204513
1 0.0502965 0.27981 0.0983665 0.55962 0.00203549
1 0.0787513 0.316381 0.156621 0.632344 0.00200454
0 0.188705 0.81454 0.376841 0.330656 0.00200221
2 0.771823 0.701207 0.445694 0.521293 0.00199562
0 0.948462 0.800987 0.103076 0.290929 0.0019787
2 0.447135 0.783091 0.89427 0.415278 0.00187339
2 0.836028 0.875753 0.316441 0.181908 0.00187039
0 0.45081 0.795169 0.90162 0.376376 0.00183658
0 0.017188 0.332968 0.034376 0.665936 0.00183015
0 0.864011 0.884894 0.271978 0.168058 0.00182212
1 0.113747 0.340083 0.191957 0.546225 0.00181196
1 0.268375 0.390256 0.373463 0.375294 0.00180162
1 0.787201 0.208993 0.416223 0.340577 0.00176052
2 0.327075 0.62317 0.65415 0.721774 0.00175154
1 0.818888 0.284854 0.345228 0.293123 0.00174415
1 0.911065 0.189036 0.177871 0.378072 0.00173767
2 0.292255 0.337054 0.343539 0.375018 0.00173531
2 0.514498 0.449098 0.265574 0.548211 0.00171954
1 0.440469 0.80262 0.221051 0.374892 0.00169297
0 0.275997 0.737233 0.551994 0.478424 0.00168651
2 0.873894 0.19047 0.248845 0.369519 0.00168405
0 0.697668 0.611707 0.208854 0.343923 0.00167808
2 0.237 0.330653 0.231551 0.394598 0.00164387
0 0.367493 0.68223 0.734986 0.611898 0.00162471
1 0.0473729 0.494417 0.0933583 0.801382 0.00160899
1 0.689054 0.572884 0.184384 0.441117 0.00157997
1 0.91563 0.079205 0.16874 0.15841 0.00156162
1 0.840506 0.385291 0.318988 0.304989 0.00154683
2 0.768921 0.767199 0.449888 0.357578 0.001539
0 0.382389 0.779806 0.758114 0.373093 0.00153434
1 0.839543 0.348643 0.320914 0.629526 0.00152516
1 0.515319 0.450435 0.257248 0.56409 0.00151858
1 0.115409 0.261525 0.14799 0.517893 0.00151487
1 0.849708 0.306965 0.275927 0.259837 0.00151282
1 0.8268 0.173846 0.346401 0.342839 0.00149931
2 0.690107 0.595676 0.180961 0.358289 0.00149509
1 0.873245 0.41534 0.250749 0.566385 0.00148919
1 0.0716654 0.409394 0.143331 0.668863 0.00145666
1 0.864568 0.401581 0.255068 0.419848 0.00144634
0 0.792804 0.787962 0.414393 0.313959 0.00144327
1 0.777984 0.0862883 0.28593 0.164608 0.00141791
2 0.698624 0.621414 0.254683 0.333486 0.00140722
1 0.247936 0.440333 0.382592 0.360881 0.00139936
2 0.44045 0.792312 0.216823 0.38768 0.00137993
1 0.904337 0.39413 0.191326 0.745559 0.00136081
1 0.840056 0.321559 0.319887 0.341092 0.00134336
2 0.654709 0.704571 0.402774 0.322541 0.00134225
1 0.284025 0.342214 0.320624 0.371607 0.00133474
1 0.864823 0.276577 0.25644 0.196503 0.00133464
0 0.0330138 0.254522 0.0660276 0.509044 0.00132994
0 0.0186252 0.448722 0.0372503 0.744969 0.00132982
1 0.149206 0.3376 0.217428 0.423091 0.00130747
1 0.792691 0.322604 0.308126 0.365744 0.00130744
1 0.839401 0.293327 0.320944 0.17433 0.0012972
0 0.473956 0.649318 0.188012 0.701365 0.00129081
2 0.659677 0.645164 0.35892 0.318607 0.00128243
1 0.164446 0.230096 0.24929 0.407529 0.00127793
1 0.568469 0.0681613 0.152315 0.126372 0.00127697
1 0.63844 0.692768 0.37831 0.286141 0.00127108
0 0.0488397 0.727585 0.0976794 0.54483 0.00126229
0 0.969488 0.779255 0.0604177 0.427918 0.00125433
1 0.574349 0.455876 0.402572 0.543313 0.00124503
2 0.477636 0.775717 0.217094 0.389917 0.00123886
1 0.863849 0.23376 0.272303 0.467519 0.00122431
1 0.681743 0.638204 0.379151 0.371625 0.0012149
1 0.612816 0.438723 0.514134 0.454456 0.00118424
2 0.669126 0.808113 0.438496 0.322138 0.00118318
2 0.559596 0.890724 0.384429 0.218553 0.00116587
1 0.689435 0.647467 0.252715 0.297637 0.00116297
2 0.702653 0.521842 0.177855 0.46278 0.00115604
1 0.0534659 0.603821 0.106095 0.792359 0.00115413
0 0.501892 0.619515 0.245761 0.760971 0.00114952
1 0.711204 0.0655351 0.275705 0.122102 0.00114753
1 0.0876011 0.230378 0.165706 0.45273 0.00114299
2 0.57125 0.845303 0.372858 0.306158 0.0011392
2 0.067682 0.494677 0.13396 0.633869 0.00112929
0 0.0272357 0.605678 0.0544714 0.788644 0.00112686
2 0.96909 0.743692 0.0611618 0.512616 0.00112649
1 0.599836 0.40759 0.390806 0.37852 0.0011245
1 0.690987 0.737842 0.418224 0.377781 0.00112291
1 0.105307 0.432785 0.210615 0.583105 0.00111578
1 0.68243 0.484338 0.198589 0.678001 0.0011019
1 0.0557332 0.711448 0.110623 0.577105 0.00109326
0 0.732374 0.565432 0.250372 0.379507 0.00109042
2 0.923337 0.370334 0.153326 0.730036 0.00108632
2 0.50394 0.682223 0.25158 0.635554 0.00108117
2 0.241428 0.552179 0.214324 0.519628 0.00107718
1 0.187334 0.172173 0.302529 0.316544 0.00107118
1 0.680355 0.0681448 0.63929 0.13629 0.00107005
2 0.679962 0.124089 0.408014 0.239367 0.00106519
2 0.499019 0.873032 0.435358 0.253935 0.00105833
2 0.645533 0.409372 0.285951 0.373466 0.00105564
1 0.0667108 0.190192 0.13178 0.380383 0.00105093
0 0.96719 0.836865 0.0649657 0.312572 0.00104747
1 0.745199 0.637359 0.373593 0.48443 0.00104129
2 0.157928 0.327794 0.236344 0.425102 0.00104038
0 0.0501165 0.219294 0.100233 0.438587 0.00103883
2 0.343865 0.366063 0.418046 0.408001 0.00103507
2 0.101529 0.181074 0.203058 0.340588 0.00103458
2 0.484417 0.897271 0.490545 0.166355 0.00103373
2 0.627986 0.863916 0.34065 0.272169 0.00102991
1 0.777127 0.335869 0.275762 0.482916 0.00102749
0 0.0391599 0.672973 0.0783197 0.654055 0.00102615
2 0.179358 0.546887 0.211595 0.439685 0.00101867
2 0.25313 0.523462 0.275356 0.337731 0.00101834
2 0.848004 0.398793 0.2624 0.558185 0.00101754
0 0.536237 0.652978 0.300432 0.665967 0.00101648
1 0.228034 0.509932 0.424463 0.313255 0.00101381
2 0.230804 0.498825 0.253154 0.432946 0.00101312
2 0.252301 0.618234 0.20163 0.379721 0.00101274
2 0.950081 0.407836 0.0996406 0.753668 0.00101167
2 0.0761386 0.639924 0.151953 0.381821 0.00100704
2 0.359609 0.271929 0.445225 0.287616 0.00100535
1 0.154643 0.40858 0.250453 0.419594 0.00100391
1 0.253728 0.487394 0.330193 0.340001 0.00100371
2 0.224297 0.638766 0.187671 0.303958 0.00100137
1 0.636328 0.506035 0.291525 0.658268 0.00100114
2 0.873815 0.994687 0.25237 0.0106265 0.000999437
0 0.766552 0.556534 0.279817 0.437811 0.000999267
2 0.503521 0.786105 0.326303 0.366814 0.000998839
2 0.123368 0.487998 0.23968 0.538392 0.000998588
1 0.750128 0.581891 0.319267 0.460033 0.00099602
2 0.331427 0.99857 0.393534 0.00286066 0.000988693
2 0.719632 0.329249 0.360452 0.373897 0.000988198
1 0.831608 0.0715035 0.336785 0.143007 0.00098633
0 0.458951 0.775587 0.246959 0.410405 0.000985788
2 0.144328 0.537437 0.2275 0.480534 0.000985668
2 0.176377 0.63074 0.190611 0.318559 0.000974216
2 0.719948 0.360553 0.306046 0.272074 0.000970039
1 0.0592977 0.797082 0.118057 0.405835 0.000969054
2 0.627933 0.772521 0.40824 0.403467 0.000965012
2 0.0525691 0.822745 0.105138 0.354511 0.000963148
0 0.34132 0.272839 0.43664 0.29722 0.000961539
2 0.212573 0.317001 0.311393 0.398919 0.000960598
1 0.717783 0.179629 0.448403 0.346126 0.000960217
2 0.813507 0.366834 0.260005 0.556293 0.000960139
0 0.450093 0.603854 0.193938 0.792292 0.000958195
1 0.130666 0.24197 0.172083 0.397574 0.000957494
2 0.299636 0.404574 0.365635 0.351325 0.000956511
2 0.655452 0.187434 0.49761 0.305592 0.000955096
0 0.538944 0.732793 0.368639 0.331704 0.000954402
1 0.957362 0.427223 0.0849594 0.793179 0.000953203
2 0.0599544 0.188377 0.119909 0.376754 0.000947963
2 0.674291 0.370119 0.231699 0.29039 0.000947727
0 0.529186 0.672835 0.386352 0.265223 0.000946857
0 0.53597 0.672448 0.352476 0.419845 0.000942473
2 0.394775 0.236832 0.482107 0.262671 0.000939794
0 0.317373 0.318639 0.415475 0.372359 0.00093894
1 0.925365 0.435414 0.142122 0.71923 0.000936837
2 0.568817 0.00497192 0.350245 0.00994383 0.000933537
2 0.274969 0.574633 0.261139 0.45283 0.000929431
2 0.957599 0.490351 0.0842182 0.803676 0.000921756
2 0.517144 0.998767 0.394245 0.00246558 0.000920703
2 0.965016 0.843268 0.0685204 0.292356 0.000919308
2 0.907745 0.435695 0.175308 0.567337 0.00091524
2 0.151818 0.454223 0.25969 0.435038 0.000914716
2 0.425351 0.99308 0.426878 0.0138403 0.000912232
0 0.310416 0.238305 0.338924 0.248088 0.000910665
2 0.858598 0.99863 0.282804 0.00273895 0.00090956
2 0.96654 0.678085 0.0664175 0.643829 0.000909202
2 0.0777078 0.702169 0.152765 0.352327 0.000906356
2 0.241036 0.998736 0.419526 0.00252826 0.000902925
2 0.159574 0.681356 0.195156 0.242538 0.000902024
2 0.296443 0.62584 0.259185 0.445932 0.000896479
2 0.20488 0.68396 0.196084 0.267159 0.000895301
2 0.575481 0.103018 0.206297 0.206036 0.000894388
2 0.249795 0.681786 0.192265 0.299637 0.000891309
2 0.731606 0.998937 0.349963 0.00212616 0.000890937
2 0.793743 0.438378 0.239923 0.553804 0.00089049
0 0.579246 0.0826783 0.194285 0.165357 0.000889056
2 0.603203 0.999086 0.355715 0.00182751 0.00088837
2 0.12503 0.670908 0.194135 0.248023 0.000887681
2 0.565076 0.794476 0.319875 0.323283 0.000887008
2 0.289471 0.0869198 0.400658 0.171205 0.000886406
2 0.183274 0.894716 0.349896 0.176374 0.000883023
1 0.609211 0.741297 0.376106 0.295575 0.000874459
2 0.120501 0.625513 0.203668 0.326368 0.000874282
2 0.14173 0.999111 0.28346 0.00177765 0.000874074
2 0.725276 0.486148 0.195351 0.525099 0.000872459
0 0.261107 0.238971 0.183832 0.208519 0.000872303
0 0.451424 0.651062 0.265582 0.697876 0.00087056
2 0.624114 0.136017 0.306295 0.259278 0.000870294
2 0.18607 0.471851 0.282173 0.371907 0.000866104
1 0.683749 0.121902 0.578227 0.241295 0.000864723
2 0.65841 0.889158 0.264215 0.221684 0.000862621
2 0.708066 0.349189 0.182719 0.240165 0.000862183
2 0.462111 0.997234 0.411742 0.00553192 0.000861972
1 0.517309 0.769244 0.329426 0.387959 0.000860301
2 0.606996 0.902488 0.332528 0.160858 0.000860159
2 0.840113 0.504505 0.269082 0.38495 0.000859486
0 0.468964 0.830494 0.37086 0.315907 0.000859206
2 0.166379 0.894398 0.185928 0.177501 0.000858926
0 0.510939 0.544549 0.266416 0.30646 0.000858523
2 0.554866 0.374952 0.305439 0.454801 0.000854681
2 0.0816357 0.79529 0.163271 0.402607 0.000852548
0 0.743695 0.465236 0.224944 0.508084 0.000851857
2 0.528982 0.330729 0.24476 0.379823 0.000850816
2 0.407631 0.196612 0.532126 0.261247 0.000849424
0 0.272643 0.278936 0.304387 0.286253 0.000849217
0 0.290283 0.674867 0.2016 0.313992 0.000849171
2 0.747016 0.806 0.391632 0.285727 0.000847971
0 0.341422 0.885151 0.324987 0.224011 0.000847859
2 0.793931 0.0762044 0.412138 0.152409 0.000846626
0 0.294059 0.718495 0.190461 0.265072 0.000846477
2 0.0289076 0.149445 0.0578151 0.293094 0.000846237
1 0.628636 0.0531137 0.490993 0.106227 0.000844742
0 0.797976 0.519421 0.285458 0.440196 0.000844318
2 0.388512 0.888774 0.312944 0.218218 0.000843877
2 0.882112 0.530262 0.222555 0.295781 0.000842413
2 0.615932 0.367992 0.359391 0.309542 0.000841155
2 0.875318 0.448508 0.236352 0.426811 0.000841016
0 0.539048 0.799098 0.275733 0.339551 0.000840619
0 0.221913 0.723713 0.190469 0.28419 0.000840432
2 0.0922292 0.545532 0.183171 0.481069 0.000840205
2 0.667888 0.900419 0.254876 0.163931 0.000840132
0 0.965783 0.740493 0.0682055 0.519014 0.000840005
2 0.629988 0.0768388 0.421262 0.150334 0.000838089
2 0.736189 0.430032 0.27934 0.551485 0.000837815
