0 0.491394 0.494579 0.495424 0.263362 0.886073
0 0.628903 0.506687 0.206794 0.115324 0.427701
0 0.0460848 0.136806 0.0784489 0.0455907 0.417503
0 0.396402 0.494178 0.302229 0.266814 0.265923
0 0.324393 0.550807 0.156237 0.153978 0.182815
0 0.390533 0.548661 0.290299 0.162396 0.167924
0 0.437683 0.423562 0.210073 0.120212 0.150985
0 0.539357 0.510417 0.411256 0.174918 0.0748526
0 0.489785 0.581971 0.496294 0.437684 0.0648944
0 0.35584 0.529733 0.220871 0.200249 0.0341899
0 0.0439852 0.108872 0.0807267 0.0950645 0.0249846
0 0.447212 0.409661 0.189306 0.0968912 0.02455
0 0.545779 0.470638 0.381325 0.201048 0.0182507
0 0.320488 0.495228 0.440986 0.271027 0.0132519
0 0.0439102 0.183712 0.0830937 0.140798 0.011869
0 0.0430024 0.151937 0.0825606 0.0887629 0.0108558
0 0.359608 0.479549 0.225839 0.223783 0.0107392
0 0.854596 0.875332 0.0405558 0.0301775 0.00940738
0 0.485863 0.661471 0.514704 0.615434 0.00916909
0 0.299907 0.512376 0.10241 0.0758658 0.00900455
0 0.0880545 0.134966 0.16474 0.0501798 0.00850182
0 0.573422 0.511439 0.331962 0.124869 0.00806252
0 0.403079 0.443808 0.367166 0.153938 0.00758536
0 0.393153 0.0121542 0.217107 0.0236024 0.00757741
0 0.403763 0.426266 0.146267 0.108826 0.0073488
0 0.449926 0.0658668 0.665142 0.131552 0.00716222
0 0.29155 0.5078 0.0834824 0.0641326 0.00668897
0 0.481464 0.404611 0.120812 0.0859787 0.00665117
0 0.68774 0.514173 0.0928282 0.0648665 0.00659354
0 0.46142 0.68499 0.0376215 0.0201145 0.00637119
0 0.381489 0.0115485 0.325089 0.0222098 0.00606239
0 0.357729 0.0590873 0.647971 0.118175 0.00605494
0 0.0313545 0.236435 0.0627091 0.0424067 0.00603593
0 0.391873 0.59305 0.528104 0.474025 0.00584923
0 0.0414599 0.202683 0.0811353 0.23339 0.00583168
0 0.702345 0.513271 0.0634987 0.0623798 0.00526823
0 0.0454366 0.078735 0.0908732 0.15747 0.00516195
0 0.850671 0.884541 0.0536905 0.0484581 0.00501554
0 0.440257 0.019116 0.231269 0.0378904 0.00484943
0 0.243033 0.54947 0.426701 0.16117 0.00476512
0 0.640982 0.51763 0.193252 0.084537 0.00468716
0 0.0581638 0.257059 0.113168 0.356755 0.00465532
0 0.367457 0.112723 0.586353 0.2236 0.00462245
0 0.292491 0.0778877 0.568537 0.153891 0.0045793
0 0.92761 0.0211309 0.144779 0.0421503 0.00430028
0 0.453219 0.527988 0.442761 0.187008 0.0042804
0 0.0536594 0.223268 0.0968872 0.291013 0.00425792
0 0.897851 0.13372 0.064681 0.0362465 0.00416758
0 0.0541853 0.295511 0.108371 0.402559 0.00415507
0 0.274824 0.492718 0.0494711 0.0322451 0.0041299
0 0.583839 0.0672872 0.693656 0.134574 0.00404941
0 0.193427 0.0902328 0.371641 0.161642 0.00403158
0 0.077508 0.283436 0.155016 0.42234 0.00399766
0 0.641695 0.513689 0.279284 0.120637 0.00398538
0 0.0646876 0.0871646 0.121674 0.153361 0.003966
0 0.469299 0.976631 0.540393 0.046738 0.00395935
0 0.619558 0.541788 0.591829 0.404475 0.00395688
0 0.532969 0.454718 0.427055 0.298868 0.00394547
0 0.0382651 0.237077 0.0765302 0.181443 0.00391109
0 0.539165 0.0879573 0.838431 0.174982 0.00382771
0 0.479214 0.157618 0.82827 0.314038 0.00382529
0 0.895602 0.0645432 0.201628 0.128717 0.00371578
2 0.0454936 0.20532 0.0909871 0.235729 0.00369833
0 0.129768 0.237398 0.259333 0.423976 0.00369434
0 0.83942 0.0704357 0.318425 0.140752 0.00368951
0 0.619348 0.977261 0.465941 0.0454784 0.00367568
0 0.154473 0.200567 0.303533 0.334064 0.0036722
0 0.512808 0.408579 0.325654 0.0984339 0.00366673
0 0.851528 0.0995676 0.278131 0.196221 0.00364979
0 0.153202 0.0801183 0.306403 0.158198 0.00364231
0 0.694189 0.0692065 0.574298 0.138413 0.00362901
0 0.898165 0.0897459 0.190301 0.177203 0.00362664
0 0.358366 0.975128 0.550735 0.0497448 0.00362453
0 0.0493571 0.358974 0.0987141 0.375961 0.00360334
0 0.315618 0.633926 0.443127 0.551694 0.00360177
0 0.706505 0.977578 0.424932 0.0448446 0.00356833
0 0.78205 0.97788 0.35614 0.0442402 0.00356407
0 0.180364 0.170635 0.356297 0.243395 0.00356198
0 0.413625 0.0108329 0.152325 0.0216657 0.00355855
2 0.0469513 0.109257 0.0939026 0.142747 0.00350241
0 0.291771 0.496128 0.0823977 0.0440433 0.00347976
0 0.735323 0.0899351 0.499715 0.177733 0.00346754
0 0.896919 0.075676 0.206163 0.151352 0.00342766
0 0.600996 0.50486 0.138652 0.11089 0.00342329
0 0.898987 0.126715 0.185136 0.25199 0.00339617
0 0.860645 0.148879 0.25055 0.296765 0.00338872
0 0.91352 0.113919 0.172961 0.223132 0.00337986
0 0.888559 0.137962 0.088692 0.0473968 0.00333358
0 0.919765 0.160707 0.16047 0.308189 0.00333055
0 0.243147 0.489069 0.337954 0.303339 0.00332408
0 0.690682 0.578608 0.504642 0.508416 0.00328793
0 0.0960322 0.318545 0.192064 0.41665 0.00328168
0 0.402242 0.412217 0.296832 0.335884 0.00327215
0 0.101039 0.076437 0.202077 0.152874 0.00325897
0 0.502812 0.426774 0.437255 0.391458 0.00324198
2 0.0371275 0.429027 0.0742549 0.330585 0.0031686
0 0.321329 0.513856 0.148126 0.0775716 0.00312161
2 0.89712 0.972282 0.205761 0.055436 0.00311771
0 0.674488 0.512089 0.126314 0.0757366 0.00310709
0 0.652496 0.469584 0.572057 0.357939 0.00308076
0 0.234734 0.97084 0.420921 0.0575394 0.00307213
0 0.337227 0.45783 0.186396 0.170655 0.00301313
0 0.223715 0.56911 0.44743 0.34365 0.00297514
0 0.870806 0.977084 0.258389 0.0458323 0.00297393
0 0.909956 0.0246667 0.168295 0.0485591 0.0029709
0 0.358252 0.176187 0.571479 0.345192 0.00296863
0 0.218134 0.445794 0.332477 0.378603 0.00296161
0 0.0857243 0.0993775 0.163166 0.111948 0.0029609
0 0.200453 0.626503 0.400907 0.458981 0.00295315
0 0.0312151 0.488571 0.0624302 0.314661 0.00295118
0 0.47848 0.931692 0.701098 0.111032 0.00294721
0 0.298805 0.434765 0.542258 0.371268 0.00294208
0 0.135497 0.960402 0.270993 0.0791965 0.00294019
0 0.0571175 0.21341 0.112698 0.226441 0.00293337
0 0.0451839 0.134245 0.0903679 0.17582 0.00291642
0 0.0434862 0.185492 0.0869724 0.169968 0.00291319
0 0.919601 0.204616 0.160799 0.353411 0.00291184
0 0.113137 0.402128 0.226273 0.380377 0.00289231
0 0.0320313 0.539577 0.0640627 0.292731 0.00288405
0 0.0365917 0.593999 0.0731834 0.295851 0.00286455
0 0.193764 0.522117 0.387527 0.322752 0.00285323
0 0.0379963 0.645046 0.0759927 0.308321 0.00283962
2 0.0412634 0.781946 0.0825268 0.283085 0.00283278
0 0.0344408 0.680851 0.0688815 0.304723 0.00283039
0 0.91488 0.615613 0.170239 0.373245 0.00282934
0 0.919544 0.557707 0.160912 0.351236 0.00282691
0 0.262636 0.154741 0.513885 0.290966 0.00282622
0 0.0346751 0.726058 0.0693502 0.290821 0.00281737
2 0.0565165 0.817757 0.113033 0.269086 0.00280499
0 0.175978 0.967121 0.351956 0.0647217 0.00278484
0 0.152708 0.342524 0.305415 0.534554 0.00277579
0 0.152739 0.475776 0.305479 0.336037 0.00276822
0 0.68311 0.505423 0.419535 0.124215 0.0027575
0 0.908095 0.681915 0.18381 0.423009 0.00274612
0 0.805774 0.187425 0.323174 0.365418 0.00272972
0 0.79661 0.932916 0.40678 0.123518 0.00272417
0 0.92372 0.460395 0.15256 0.352001 0.0027214
1 0.0489504 0.0781046 0.0943996 0.156209 0.00271592
0 0.913341 0.312384 0.173319 0.339123 0.00269252
0 0.726829 0.662085 0.492726 0.578775 0.00268839
0 0.572633 0.425545 0.416444 0.440616 0.00268256
0 0.372791 0.0239937 0.289996 0.0470139 0.00268173
0 0.743194 0.397289 0.426891 0.421094 0.00267544
0 0.88788 0.909992 0.224241 0.165329 0.00267387
0 0.722775 0.529508 0.488982 0.354592 0.00265983
0 0.675598 0.189019 0.556654 0.370157 0.0026581
0 0.61686 0.932689 0.64217 0.110582 0.00265491
0 0.146094 0.908936 0.292189 0.175814 0.00265051
0 0.718084 0.93351 0.524389 0.116959 0.00263526
0 0.271769 0.49099 0.0409933 0.0268117 0.00263135
0 0.257582 0.669573 0.425982 0.586374 0.00263064
0 0.334846 0.0195385 0.328258 0.0386433 0.00262846
0 0.796353 0.455989 0.357705 0.311954 0.00262261
0 0.814104 0.591839 0.353211 0.368739 0.00262095
1 0.901097 0.0329775 0.197806 0.0657475 0.00260841
0 0.369821 0.934393 0.629938 0.119968 0.00260342
0 0.80468 0.677522 0.366855 0.462564 0.00257264
0 0.135484 0.675968 0.270969 0.376613 0.00255398
0 0.833103 0.40326 0.288833 0.323436 0.00255373
0 0.807287 0.530911 0.368659 0.308387 0.00254752
0 0.949171 0.097593 0.0638217 0.0288754 0.00252678
0 0.934524 0.096991 0.0317176 0.0234635 0.00252543
0 0.830202 0.252903 0.303633 0.405853 0.00251898
0 0.768185 0.269389 0.38979 0.383651 0.00251484
0 0.0855277 0.854643 0.171055 0.260578 0.00250549
0 0.899119 0.0389611 0.195233 0.0772078 0.00248735
0 0.829788 0.326461 0.303659 0.362003 0.00247816
0 0.457565 0.681695 0.0480717 0.0264052 0.00247317
0 0.901655 0.847712 0.196691 0.233046 0.00246414
0 0.874041 0.875499 0.251919 0.212747 0.00245765
0 0.849958 0.874605 0.0459752 0.0351584 0.00244672
0 0.846742 0.485011 0.295434 0.313573 0.00244521
0 0.855215 0.915838 0.27886 0.153033 0.00242209
0 0.872779 0.429679 0.247135 0.288412 0.00240617
0 0.111957 0.765931 0.223913 0.29806 0.00240606
0 0.310349 0.396866 0.451862 0.404641 0.00240027
0 0.902631 0.762926 0.194739 0.355451 0.00237972
0 0.556142 0.180056 0.575217 0.332128 0.00237398
0 0.634444 0.717266 0.561341 0.528678 0.00236907
0 0.378485 0.420516 0.373912 0.12527 0.00233379
0 0.222297 0.281074 0.427339 0.337658 0.00233346
0 0.0578553 0.268877 0.115711 0.115313 0.00232382
0 0.381616 0.0243905 0.411967 0.0483721 0.00232066
0 0.681013 0.300765 0.432588 0.343141 0.00230953
0 0.454297 0.751897 0.53618 0.492301 0.00230812
0 0.260671 0.928677 0.469328 0.135424 0.0023048
0 0.786572 0.858672 0.416484 0.27412 0.00229853
0 0.39074 0.0138497 0.442877 0.0268301 0.00229117
0 0.933926 0.108302 0.122616 0.086185 0.0022716
0 0.829358 0.869802 0.318293 0.238239 0.00226571
0 0.40208 0.0839925 0.0731855 0.0379273 0.00226341
0 0.910419 0.124273 0.125151 0.0755844 0.00225858
0 0.55095 0.329886 0.453611 0.349257 0.00224052
0 0.181075 0.769697 0.36215 0.417216 0.00223737
0 0.915876 0.118124 0.101311 0.0656324 0.00223081
0 0.435801 0.00900998 0.101233 0.01802 0.00222371
0 0.335016 0.330097 0.41323 0.355822 0.00220874
0 0.119293 0.193444 0.237337 0.168704 0.00219323
0 0.407881 0.855129 0.533178 0.257263 0.00219252
0 0.371939 0.298587 0.344066 0.263719 0.00219058
0 0.461557 0.335681 0.397927 0.349778 0.00216224
0 0.867302 0.844227 0.23333 0.245798 0.00215422
0 0.30053 0.779254 0.431421 0.435702 0.00215195
0 0.541115 0.821928 0.58597 0.337773 0.00214924
0 0.189848 0.815242 0.35584 0.295017 0.00213059
0 0.82146 0.818328 0.324009 0.326571 0.00210941
0 0.84307 0.734597 0.278973 0.360618 0.0021066
0 0.883184 0.151803 0.0991973 0.0775342 0.00210606
0 0.138009 0.849837 0.276017 0.27613 0.00209189
0 0.287664 0.845725 0.443419 0.26597 0.00209131
0 0.531461 0.86284 0.62288 0.243309 0.00207609
0 0.676631 0.822835 0.500613 0.328997 0.00206604
0 0.634592 0.872777 0.636574 0.239431 0.00205894
0 0.469621 0.683417 0.0419689 0.0221615 0.00204975
0 0.812693 0.988515 0.374613 0.0229692 0.00203439
0 0.0220276 0.460528 0.0440551 0.0434283 0.00203145
0 0.838809 0.985599 0.322382 0.0288022 0.00196882
0 0.926593 0.0646098 0.144935 0.12594 0.00195437
0 0.850147 0.0258631 0.299706 0.0511737 0.00192325
0 0.940478 0.11518 0.064145 0.0601688 0.00190894
0 0.327019 0.995585 0.080236 0.00878719 0.00189327
0 0.246912 0.989298 0.493824 0.0214037 0.00183422
0 0.0456275 0.0963237 0.091255 0.192647 0.00182003
0 0.319643 0.0274223 0.417145 0.0543596 0.00181929
0 0.248921 0.0187656 0.139846 0.0368451 0.00176343
0 0.270247 0.0172594 0.0791992 0.0333225 0.00176274
0 0.897551 0.911729 0.177302 0.11001 0.00175408
0 0.942218 0.0812919 0.112704 0.161301 0.00175057
0 0.0438028 0.142622 0.0876056 0.0534946 0.00174869
0 0.294261 0.0224149 0.296509 0.044139 0.00171095
0 0.451905 0.580957 0.0846362 0.0684238 0.00169077
0 0.643325 0.918883 0.0272183 0.0244832 0.00167739
0 0.133115 0.132885 0.26623 0.0552881 0.00167308
0 0.897762 0.14185 0.121738 0.0999162 0.0016719
0 0.904798 0.125902 0.0780776 0.0503767 0.00167129
0 0.306746 0.987931 0.535749 0.0241377 0.00164673
1 0.38009 0.0285637 0.521087 0.0565093 0.00164603
1 0.835692 0.041519 0.328617 0.0825786 0.00162182
0 0.308509 0.526668 0.119923 0.109353 0.00160434
0 0.483288 0.395832 0.108215 0.0667089 0.00159332
0 0.955346 0.10463 0.0875479 0.196657 0.00159276
0 0.437014 0.590906 0.0432539 0.0507837 0.00158959
0 0.958015 0.0923136 0.0834635 0.0451643 0.00156961
0 0.274889 0.0176646 0.20343 0.034514 0.00154913
0 0.889912 0.950427 0.220175 0.0949517 0.00154287
1 0.148109 0.146294 0.296217 0.0795612 0.00152894
0 0.835716 0.893095 0.0875808 0.0653309 0.00152814
0 0.329671 0.995274 0.146671 0.00943644 0.00151916
0 0.502542 0.016722 0.323609 0.0331069 0.00151629
1 0.909664 0.0718811 0.175634 0.142148 0.00150954
0 0.426732 0.987865 0.515658 0.0242704 0.00149949
0 0.255126 0.521229 0.363085 0.1998 0.00148936
0 0.983473 0.0872789 0.0321176 0.0320444 0.00145913
0 0.367734 0.995294 0.14885 0.00924642 0.00145456
0 0.726481 0.988143 0.511654 0.0237135 0.00145346
0 0.92143 0.995383 0.0601164 0.00910799 0.00143079
0 0.856078 0.938805 0.287843 0.120063 0.00142151
0 0.882777 0.123585 0.234446 0.14258 0.00141473
0 0.921573 0.158964 0.152367 0.154162 0.00140836
0 0.0895352 0.224254 0.17907 0.220502 0.00136322
0 0.431556 0.0255429 0.622719 0.0502744 0.00134201
0 0.645702 0.531886 0.526981 0.147586 0.00132878
0 0.879213 0.99343 0.179474 0.0128716 0.00131557
0 0.023831 0.47505 0.047662 0.069212 0.00131052
0 0.6293 0.986687 0.541706 0.0266264 0.00130195
0 0.426614 0.0553734 0.322006 0.10979 0.00127818
0 0.755473 0.583184 0.0453738 0.0405741 0.0012724
0 0.523342 0.41566 0.0330013 0.0272455 0.00126973
0 0.504943 0.402827 0.0707527 0.0562483 0.00126579
1 0.810422 0.0503193 0.379157 0.0999435 0.00126521
1 0.43982 0.0395755 0.678436 0.0788448 0.00126303
0 0.325886 0.579378 0.14864 0.0955978 0.00125948
0 0.506288 0.986358 0.522025 0.027285 0.00124966
0 0.021642 0.43713 0.043284 0.0914469 0.00123251
0 0.334539 0.436348 0.446346 0.164687 0.00123147
0 0.938672 0.097799 0.0438522 0.0250498 0.00122657
0 0.212074 0.0242059 0.241029 0.0478383 0.00121538
0 0.395165 0.417947 0.120191 0.0859731 0.00121114
0 0.886022 0.020051 0.227956 0.0396166 0.00121079
0 0.919606 0.995048 0.1403 0.00963631 0.00120561
0 0.904896 0.0571075 0.190208 0.114215 0.00120021
0 0.460221 0.677126 0.0466102 0.0352154 0.00119433
0 0.560798 0.404366 0.406257 0.109098 0.00119269
2 0.899067 0.0474595 0.201867 0.0949189 0.00119262
1 0.554905 0.533906 0.365467 0.160922 0.00117816
0 0.769212 0.031019 0.345165 0.0615237 0.00117791
0 0.918263 0.906971 0.163475 0.158029 0.00117342
0 0.411297 0.567303 0.378124 0.112961 0.00116014
2 0.0616088 0.0799803 0.123218 0.157155 0.00115729
0 0.0245846 0.234819 0.0491692 0.0405893 0.0011571
0 0.6061 0.531944 0.308764 0.15175 0.00114842
0 0.0239552 0.419822 0.0479105 0.111735 0.00112813
0 0.0416639 0.210963 0.0833278 0.310879 0.00111463
0 0.0160676 0.0854958 0.0321352 0.170992 0.00111393
0 0.329995 0.946584 0.65999 0.104956 0.00111362
0 0.484595 0.377549 0.0523312 0.0313236 0.00111335
0 0.490555 0.378557 0.0808183 0.0324969 0.00111168
0 0.173893 0.988272 0.347786 0.0229316 0.00111041
0 0.0313467 0.252683 0.0626935 0.281358 0.00110756
0 0.93694 0.954074 0.0399167 0.0243927 0.00109966
