1 0.417867 0.470595 0.573882 0.732487 0.942625
0 0.658811 0.803539 0.0557804 0.0714724 0.415914
1 0.632875 0.464497 0.73425 0.736906 0.0849756
1 0.411001 0.584926 0.566529 0.559834 0.0378973
1 0.96267 0.648061 0.0746597 0.573758 0.01961
1 0.291264 0.590198 0.317909 0.520699 0.0141113
1 0.377034 0.380195 0.656221 0.536867 0.0137686
1 0.0304749 0.617147 0.0609498 0.530427 0.0128447
1 0.92414 0.656753 0.144848 0.596187 0.0115803
1 0.695005 0.552104 0.60045 0.792913 0.0114371
1 0.59183 0.299334 0.689998 0.545309 0.0108501
1 0.524352 0.423252 0.352599 0.623039 0.0104728
1 0.0285128 0.481285 0.0567708 0.584558 0.0100115
1 0.466033 0.36941 0.470466 0.508848 0.00908618
1 0.733492 0.435562 0.52402 0.799772 0.00900921
1 0.0442005 0.686109 0.087507 0.517149 0.00893361
0 0.677035 0.798755 0.0944178 0.0724431 0.00881552
1 0.809015 0.652517 0.375339 0.609302 0.00842881
1 0.142533 0.51244 0.285066 0.777701 0.00792047
1 0.950619 0.58858 0.0974744 0.576046 0.00780735
1 0.100933 0.579507 0.201867 0.67911 0.00763328
1 0.246218 0.496787 0.492207 0.84808 0.00736532
1 0.139122 0.643772 0.278244 0.599994 0.00709789
1 0.363718 0.481405 0.727436 0.827504 0.00668041
1 0.412087 0.327422 0.824175 0.610774 0.00659967
1 0.694476 0.24597 0.602162 0.481592 0.00653937
1 0.524173 0.471904 0.545901 0.702596 0.00635024
1 0.498672 0.316692 0.409718 0.411202 0.0063249
1 0.945989 0.673069 0.106059 0.575999 0.00611019
1 0.32504 0.672664 0.379341 0.528376 0.00591642
1 0.250616 0.632033 0.230618 0.496598 0.00588243
1 0.567199 0.216275 0.692333 0.42362 0.00573738
0 0.423935 0.469777 0.587653 0.697882 0.0054151
1 0.076193 0.713218 0.150959 0.499276 0.00526372
1 0.792098 0.319902 0.40527 0.597022 0.00525099
1 0.681309 0.668747 0.623606 0.593828 0.00501624
1 0.579006 0.268701 0.234693 0.293626 0.00490801
1 0.317847 0.576939 0.635694 0.658212 0.0048398
1 0.27708 0.671941 0.554159 0.561456 0.00479221
0 0.281523 0.573287 0.293099 0.56058 0.00478597
1 0.422114 0.73621 0.589117 0.371515 0.00476728
1 0.041641 0.351002 0.082509 0.559841 0.00470663
1 0.480368 0.657918 0.709041 0.555148 0.0044416
1 0.755495 0.68942 0.481028 0.519374 0.00440116
1 0.955931 0.466491 0.0880562 0.616591 0.00439382
1 0.691729 0.167095 0.593315 0.325099 0.00438491
1 0.91368 0.508697 0.164538 0.772004 0.00432101
1 0.855286 0.463423 0.278935 0.815472 0.00416475
2 0.258566 0.628381 0.256821 0.365681 0.00416284
1 0.171226 0.43716 0.341875 0.817971 0.00404512
0 0.373641 0.545089 0.47065 0.566307 0.00394796
1 0.872997 0.265768 0.253883 0.473379 0.00386472
1 0.462706 0.238809 0.572824 0.477619 0.00381885
1 0.846939 0.196485 0.304733 0.381137 0.00381772
1 0.295232 0.168676 0.588322 0.321221 0.00376143
0 0.94418 0.714281 0.110921 0.510721 0.00372448
1 0.366934 0.275022 0.685973 0.550044 0.00368237
1 0.940559 0.439111 0.118649 0.511741 0.00360898
1 0.0525598 0.265158 0.104418 0.452831 0.00360691
1 0.947761 0.285908 0.103851 0.50769 0.00356582
0 0.923431 0.764513 0.149049 0.404387 0.00353677
1 0.375158 0.191018 0.750172 0.367735 0.00352218
1 0.920027 0.356069 0.159604 0.512412 0.0035066
0 0.396379 0.491504 0.792757 0.780158 0.00341834
1 0.125479 0.772855 0.250183 0.41415 0.00341136
2 0.9004 0.166463 0.1992 0.325739 0.00331587
1 0.912766 0.209901 0.174468 0.40298 0.00325892
2 0.220693 0.142527 0.4252 0.278405 0.00324334
2 0.685511 0.983028 0.404092 0.0339445 0.0032254
1 0.637999 0.139507 0.582064 0.279015 0.00318861
2 0.471852 0.978442 0.478376 0.0431161 0.00317716
1 0.14878 0.268217 0.294906 0.495199 0.0031142
0 0.884381 0.872642 0.222087 0.18798 0.00311394
1 0.640196 0.733325 0.165433 0.205799 0.00310565
2 0.582181 0.982433 0.439213 0.035134 0.00309674
0 0.940502 0.974294 0.118997 0.0514113 0.00305013
2 0.583199 0.272118 0.223139 0.302268 0.00303037
2 0.883937 0.125346 0.232126 0.250691 0.00300779
2 0.830218 0.141702 0.339564 0.283403 0.00299398
2 0.830449 0.983533 0.279286 0.0329346 0.00293621
1 0.116398 0.958952 0.232796 0.0820954 0.00288704
1 0.786935 0.141788 0.420957 0.283577 0.00288154
2 0.365239 0.164002 0.690196 0.313754 0.00287745
2 0.107737 0.129572 0.215473 0.259144 0.00285567
0 0.426211 0.840523 0.557247 0.209878 0.00285518
0 0.166196 0.726003 0.332392 0.477036 0.00285474
2 0.0640154 0.170314 0.127955 0.326674 0.00285413
2 0.194299 0.114578 0.388598 0.229155 0.00282302
1 0.168646 0.168268 0.332273 0.319878 0.00281892
0 0.086837 0.145378 0.173674 0.290757 0.00280281
0 0.845593 0.88921 0.308814 0.153284 0.00280212
2 0.457593 0.853256 0.559357 0.193913 0.00278446
2 0.491471 0.145329 0.540216 0.290658 0.00278385
0 0.147552 0.123532 0.295105 0.247063 0.00278302
0 0.879002 0.983658 0.222227 0.0326835 0.00274234
2 0.413521 0.980286 0.467583 0.0394272 0.00272885
2 0.464075 0.746962 0.701725 0.366327 0.00271977
0 0.764286 0.886886 0.449402 0.155618 0.00269692
2 0.266853 0.115974 0.483196 0.231948 0.00269662
2 0.153679 0.144627 0.303227 0.280231 0.00266605
0 0.13246 0.164344 0.263214 0.319664 0.00266582
1 0.40328 0.140492 0.635966 0.280985 0.00265707
2 0.393987 0.126918 0.548738 0.253836 0.00261701
0 0.0313018 0.576226 0.0626035 0.587611 0.00256682
2 0.489423 0.65454 0.685606 0.518094 0.00253337
0 0.503891 0.871883 0.637554 0.16747 0.00253147
0 0.189356 0.980922 0.357149 0.0381556 0.00250944
1 0.962168 0.544255 0.075481 0.50553 0.00250917
0 0.559646 0.888943 0.582088 0.143911 0.00249994
0 0.235774 0.764282 0.454935 0.385939 0.00248794
0 0.396695 0.869031 0.520319 0.15754 0.00247197
0 0.289302 0.859692 0.408616 0.189704 0.00246331
0 0.65959 0.893021 0.515695 0.14055 0.00246041
0 0.0258454 0.494808 0.0516908 0.491419 0.00239311
0 0.262591 0.982325 0.395332 0.0353498 0.00238892
1 0.549331 0.286478 0.30358 0.336323 0.00234046
1 0.619185 0.611117 0.692292 0.46802 0.00232527
0 0.528076 0.724498 0.387334 0.229197 0.0022852
1 0.624135 0.691709 0.732754 0.409367 0.00227105
0 0.0288111 0.427356 0.0576221 0.508408 0.00226747
0 0.659689 0.815417 0.0617966 0.0948375 0.00220976
1 0.966412 0.442537 0.0671753 0.492478 0.00217793
1 0.485385 0.573533 0.335794 0.45128 0.00215572
1 0.513947 0.748074 0.374518 0.198039 0.00206791
0 0.574052 0.687016 0.769773 0.402197 0.0020397
1 0.541085 0.406781 0.320649 0.440556 0.00203518
1 0.245895 0.616919 0.224922 0.333889 0.0020198
0 0.0195936 0.654865 0.0391872 0.592724 0.00197158
1 0.68905 0.737059 0.183187 0.207948 0.00192797
1 0.554372 0.351453 0.284039 0.429043 0.00184173
0 0.0114422 0.724218 0.0228845 0.551565 0.00170413
0 0.715802 0.800396 0.179648 0.106008 0.00168944
0 0.703831 0.822756 0.1513 0.116552 0.00167421
1 0.449305 0.550326 0.436298 0.49057 0.00161125
0 0.0263584 0.347402 0.0527169 0.604778 0.00159923
0 0.031075 0.446358 0.0612438 0.367335 0.00158487
1 0.958994 0.692163 0.0818237 0.615675 0.00154822
0 0.605829 0.788432 0.174816 0.100785 0.00151804
1 0.948733 0.517991 0.102533 0.368641 0.00150644
1 0.516715 0.630985 0.259448 0.339898 0.00150541
0 0.0398028 0.638742 0.0783466 0.572227 0.00149846
1 0.577227 0.439867 0.295962 0.363738 0.00149535
1 0.55679 0.402737 0.28475 0.269289 0.00149023
0 0.720144 0.773208 0.190893 0.13948 0.00148646
2 0.96435 0.392646 0.0712996 0.598659 0.00148641
1 0.714713 0.817171 0.190734 0.139523 0.00145273
0 0.058185 0.145768 0.11637 0.291535 0.00144548
2 0.0579125 0.11834 0.115825 0.23263 0.00143585
1 0.538861 0.761673 0.318552 0.154646 0.00142856
0 0.0179985 0.813884 0.035997 0.368958 0.00141635
1 0.529427 0.698583 0.402952 0.304135 0.00137668
1 0.507788 0.700298 0.279114 0.213035 0.00135769
2 0.296182 0.603085 0.273651 0.446444 0.00135074
0 0.555205 0.27551 0.290448 0.294864 0.00133223
0 0.0179856 0.315622 0.0359712 0.62704 0.00133112
0 0.01967 0.220027 0.0393401 0.440055 0.00130768
0 0.0508069 0.185259 0.101614 0.370519 0.00130057
2 0.59761 0.385831 0.376867 0.391379 0.00129714
0 0.0139465 0.256232 0.027893 0.512465 0.001282
0 0.0374132 0.391891 0.0735506 0.498635 0.00126995
2 0.953626 0.147023 0.0927472 0.289821 0.00126389
2 0.962569 0.0731362 0.0748623 0.143797 0.00126301
1 0.95877 0.0682514 0.0802116 0.132517 0.00123851
0 0.601822 0.269458 0.209269 0.295225 0.00123217
0 0.705655 0.875147 0.186586 0.228088 0.00121859
2 0.959433 0.328005 0.0811335 0.65601 0.00120935
1 0.63845 0.353849 0.360821 0.391563 0.00118791
0 0.673602 0.861313 0.126843 0.190079 0.00117977
2 0.571466 0.587751 0.230197 0.282518 0.00117591
0 0.20729 0.544988 0.11864 0.334598 0.00117077
2 0.961958 0.741951 0.0757435 0.516098 0.00116783
0 0.719841 0.723324 0.211118 0.240496 0.00114885
0 0.0609912 0.0809298 0.120732 0.158901 0.00114059
0 0.0369679 0.837017 0.0739358 0.325966 0.00112544
2 0.953448 0.206333 0.0931042 0.412666 0.00111956
2 0.292195 0.88348 0.247393 0.233039 0.00110931
0 0.618535 0.824477 0.165826 0.124346 0.00110354
2 0.565541 0.600321 0.389934 0.292491 0.00109953
2 0.554795 0.295012 0.342229 0.307792 0.00109195
1 0.439677 0.477824 0.483797 0.382794 0.0010848
0 0.958353 0.0954523 0.0829132 0.181726 0.00108256
1 0.462659 0.652876 0.377115 0.305683 0.00107952
0 0.0466803 0.799557 0.0933607 0.400887 0.00107688
2 0.343149 0.882671 0.27695 0.234657 0.00107488
1 0.532554 0.679484 0.264491 0.210782 0.00107171
1 0.526299 0.789697 0.366117 0.257499 0.00106203
0 0.626005 0.235342 0.145529 0.244333 0.00106089
2 0.470103 0.886868 0.252515 0.226263 0.00105811
2 0.570459 0.518025 0.271669 0.39995 0.00105377
2 0.252825 0.732836 0.252148 0.228795 0.0010534
0 0.589539 0.578659 0.337871 0.311147 0.0010523
0 0.475652 0.303433 0.392512 0.335328 0.00105023
2 0.407404 0.065382 0.0864936 0.126881 0.00104716
1 0.255899 0.724667 0.250696 0.239053 0.00103939
2 0.665561 0.688893 0.258377 0.323289 0.00103277
0 0.2977 0.428847 0.167734 0.21424 0.00102592
0 0.191389 0.611816 0.117426 0.300768 0.00102305
0 0.649735 0.24428 0.202086 0.263466 0.00102173
2 0.428503 0.831034 0.326522 0.250901 0.0010197
1 0.725108 0.362253 0.355847 0.34477 0.00101911
2 0.42129 0.0698989 0.15198 0.136915 0.00101314
0 0.506395 0.26499 0.330775 0.276609 0.00101209
2 0.597461 0.235981 0.192575 0.233222 0.000998945
1 0.598476 0.244044 0.194726 0.253564 0.000998235
2 0.529815 0.642689 0.396838 0.254453 0.000997515
2 0.515653 0.852908 0.291928 0.288941 0.000997271
2 0.084013 0.689039 0.168026 0.356712 0.000993957
2 0.604044 0.547415 0.306212 0.34743 0.000993374
2 0.200245 0.668005 0.135366 0.220556 0.00098913
0 0.0566231 0.302866 0.113066 0.605733 0.000981164
0 0.29705 0.436575 0.250465 0.253009 0.000981127
0 0.0277876 0.547765 0.0548703 0.220751 0.00097697
2 0.547323 0.391619 0.31921 0.257318 0.000975649
1 0.294288 0.657548 0.294365 0.380568 0.000958822
2 0.278518 0.809044 0.291234 0.21131 0.00095812
2 0.206296 0.710551 0.15341 0.277581 0.000957028
2 0.0974665 0.0862828 0.193957 0.17072 0.000956385
1 0.869099 0.0752075 0.117497 0.149635 0.000955685
2 0.882395 0.995517 0.235211 0.0089657 0.0009537
1 0.363393 0.643413 0.339005 0.389871 0.000952734
1 0.207248 0.607931 0.146935 0.321594 0.000951902
2 0.319265 0.902556 0.266698 0.165792 0.000951277
1 0.960411 0.380845 0.0787651 0.661532 0.000947651
1 0.396787 0.0657334 0.104492 0.129183 0.000944273
1 0.95372 0.148342 0.0925597 0.290463 0.000943679
2 0.88426 0.0888464 0.205986 0.172395 0.000942715
1 0.905254 0.0741231 0.151622 0.146454 0.000942492
0 0.281204 0.492772 0.259619 0.358024 0.00094199
1 0.194607 0.652272 0.12069 0.216792 0.000941365
2 0.639266 0.429956 0.252228 0.445553 0.000939727
2 0.382934 0.876647 0.288922 0.210607 0.000937142
0 0.345751 0.431258 0.245565 0.257815 0.000936431
1 0.64267 0.541613 0.298408 0.421149 0.000934206
2 0.566177 0.653143 0.404561 0.323984 0.000933959
2 0.768284 0.392869 0.348005 0.288174 0.000933451
2 0.471007 0.91214 0.247598 0.146156 0.000932584
1 0.943212 0.071078 0.110642 0.141049 0.000930317
2 0.382309 0.89383 0.367317 0.174829 0.000929509
0 0.750157 0.796021 0.266835 0.161439 0.000928997
0 0.98433 0.757907 0.0313398 0.196112 0.000928627
2 0.549983 0.87878 0.299481 0.242439 0.000927996
0 0.626692 0.185804 0.137463 0.151264 0.000927608
2 0.0729151 0.132178 0.14583 0.264356 0.00092643
1 0.631149 0.596382 0.332189 0.394414 0.000922645
2 0.239005 0.873461 0.292015 0.253078 0.000918871
2 0.544797 0.316369 0.312072 0.212352 0.000916342
2 0.188038 0.998874 0.347465 0.00225177 0.000911308
0 0.382367 0.87658 0.369663 0.215269 0.000911243
0 0.581501 0.20654 0.204887 0.185686 0.000910325
1 0.66111 0.279528 0.285925 0.28565 0.000910202
2 0.321871 0.804016 0.306282 0.163665 0.000906251
2 0.332159 0.827834 0.356737 0.189474 0.000906076
1 0.7573 0.769573 0.283425 0.208958 0.000904292
2 0.576587 0.846586 0.279101 0.230461 0.000903285
2 0.399845 0.999083 0.318389 0.0018349 0.000899538
1 0.378746 0.0717006 0.133159 0.141658 0.000898288
0 0.688683 0.268524 0.247985 0.286427 0.000896847
1 0.52488 0.634074 0.343021 0.235786 0.000894621
2 0.0835641 0.999274 0.167128 0.00145239 0.000893912
1 0.0654207 0.0720792 0.123507 0.143673 0.000892664
2 0.851077 0.999093 0.297846 0.00181464 0.000892477
2 0.845149 0.0924466 0.160172 0.179292 0.000891031
2 0.960345 0.0692096 0.0793101 0.138419 0.000890038
2 0.284092 0.998739 0.367454 0.00252228 0.000889235
1 0.553499 0.620324 0.224966 0.303936 0.000888949
2 0.271634 0.909346 0.254821 0.153627 0.000888524
1 0.48607 0.501757 0.360295 0.475376 0.000881229
2 0.706898 0.90584 0.290426 0.15372 0.000878249
0 0.632875 0.191627 0.141726 0.202506 0.0008768
2 0.564322 0.998832 0.335791 0.00233655 0.000876161
0 0.941654 0.188747 0.116445 0.366466 0.000875427
2 0.96878 0.807707 0.0624392 0.384587 0.000874529
0 0.313474 0.402541 0.239177 0.208151 0.000873984
2 0.598818 0.0720186 0.118435 0.141227 0.000873901
0 0.919867 0.10904 0.160052 0.213372 0.000873076
2 0.348797 0.806959 0.344612 0.269826 0.000872447
2 0.388444 0.884445 0.408711 0.231111 0.000871546
2 0.491999 0.811107 0.317718 0.323709 0.000870394
2 0.4055 0.0764234 0.255305 0.152503 0.000867251
2 0.530749 0.900352 0.288727 0.169969 0.000867039
0 0.479021 0.332696 0.263371 0.223495 0.000865684
2 0.265445 0.099216 0.183918 0.193062 0.000864869
2 0.210054 0.804637 0.181495 0.209039 0.000863363
0 0.848852 0.131773 0.302296 0.261392 0.000862887
0 0.210213 0.573618 0.175738 0.360793 0.000862409
2 0.209293 0.85631 0.258739 0.219595 0.000862219
2 0.723196 0.283163 0.281724 0.276473 0.000860771
1 0.213947 0.736924 0.165762 0.212192 0.000859077
2 0.330141 0.0973185 0.223824 0.188018 0.000858809
0 0.444026 0.365952 0.239264 0.229239 0.000858473
2 0.264825 0.762378 0.250312 0.166711 0.000856428
2 0.766299 0.428303 0.312293 0.265008 0.000853931
2 0.956116 0.874698 0.0877671 0.246624 0.000853768
2 0.847747 0.100251 0.248227 0.195992 0.000850644
0 0.530399 0.232256 0.286882 0.223701 0.000849517
0 0.251146 0.70352 0.246365 0.287961 0.000848601
1 0.405331 0.662832 0.312621 0.333247 0.000847483
2 0.674965 0.401724 0.260896 0.372971 0.000846938
0 0.34557 0.412041 0.147295 0.220503 0.000846661
0 0.414022 0.378743 0.220213 0.205185 0.000846542
