2 0.47492 0.484561 0.929869 0.968757 0.756762
2 0.53172 0.5099 0.706738 0.869065 0.0613882
2 0.62773 0.548634 0.466615 0.776707 0.028463
1 0.939737 0.839422 0.120516 0.308493 0.0279813
2 0.926137 0.834585 0.147726 0.330831 0.026292
2 0.687714 0.814694 0.619503 0.370612 0.0183967
2 0.830288 0.518693 0.338201 0.883231 0.0172501
1 0.944365 0.913025 0.109851 0.172454 0.0170055
2 0.671085 0.73803 0.644898 0.523941 0.0143133
2 0.842435 0.821825 0.30598 0.35635 0.014131
2 0.339159 0.505491 0.670503 0.936059 0.0136919
2 0.0516519 0.466366 0.103304 0.878269 0.0131049
2 0.218441 0.485165 0.436881 0.924038 0.0130535
2 0.726466 0.567425 0.510862 0.796867 0.012689
2 0.591094 0.396873 0.741202 0.78685 0.0124988
2 0.896343 0.524416 0.207314 0.860474 0.012213
1 0.914145 0.838225 0.171658 0.32355 0.0119119
2 0.948386 0.81195 0.103229 0.376099 0.0115915
2 0.788103 0.406994 0.0968997 0.152152 0.0108465
2 0.621337 0.338694 0.275969 0.30112 0.0103725
1 0.884372 0.847202 0.2296 0.29612 0.0101907
2 0.0767116 0.468325 0.153017 0.890845 0.00889819
2 0.339967 0.251218 0.586009 0.501533 0.0086194
2 0.831028 0.74297 0.325468 0.514061 0.00858878
2 0.75446 0.67996 0.481367 0.57424 0.00834993
2 0.92161 0.877219 0.152361 0.242034 0.00769719
1 0.454617 0.1293 0.234486 0.258255 0.00766941
2 0.628852 0.281737 0.715699 0.563474 0.00740418
2 0.923756 0.494328 0.150606 0.923257 0.0073028
2 0.938135 0.74536 0.123729 0.50928 0.0072599
2 0.486943 0.285567 0.879482 0.569715 0.007224
2 0.848849 0.660891 0.295632 0.632323 0.00718121
2 0.714934 0.416598 0.540116 0.825695 0.0068399
2 0.778192 0.223772 0.435363 0.447545 0.00668474
2 0.781314 0.354225 0.42666 0.69941 0.00622238
0 0.787209 0.40746 0.0974926 0.154651 0.00617562
2 0.617103 0.907597 0.753955 0.184807 0.00604867
2 0.92293 0.670598 0.15414 0.607907 0.00592922
0 0.848821 0.158039 0.295208 0.31364 0.00586122
2 0.874453 0.869141 0.251094 0.258721 0.00585768
2 0.384677 0.32783 0.668313 0.649905 0.00584295
2 0.787973 0.404859 0.16948 0.315094 0.00541333
2 0.922914 0.923981 0.0977749 0.152037 0.00540561
2 0.151974 0.504015 0.303948 0.909952 0.00536031
2 0.44006 0.958709 0.624959 0.0825829 0.00520983
2 0.825274 0.156559 0.339606 0.312879 0.00517947
2 0.531828 0.215961 0.790446 0.431921 0.00512507
2 0.572995 0.956927 0.712689 0.0861451 0.00495947
2 0.422628 0.182431 0.629807 0.364116 0.00493124
2 0.623294 0.166796 0.715763 0.333591 0.00481223
2 0.800939 0.438998 0.159466 0.24867 0.00475905
2 0.849875 0.107632 0.296875 0.215264 0.00465525
0 0.801706 0.433339 0.157389 0.264815 0.0044941
2 0.882668 0.166632 0.234664 0.333264 0.00449012
2 0.915117 0.941237 0.0855286 0.117525 0.004396
2 0.943009 0.947487 0.113982 0.101366 0.00414437
2 0.105408 0.399432 0.210616 0.796802 0.00409057
2 0.848718 0.200918 0.301535 0.401837 0.00405887
2 0.0612273 0.664998 0.121319 0.602378 0.00391552
2 0.605692 0.134183 0.611864 0.268366 0.00386953
2 0.492391 0.134955 0.576946 0.26991 0.0038588
0 0.87293 0.212598 0.253825 0.425197 0.00383776
2 0.860935 0.431815 0.278129 0.862404 0.00381497
0 0.339612 0.26718 0.610458 0.53436 0.00378119
0 0.90247 0.464501 0.192909 0.929002 0.00367363
2 0.393765 0.140168 0.518795 0.280336 0.00365701
2 0.85269 0.305007 0.294059 0.599131 0.00363684
0 0.877429 0.300121 0.244572 0.598468 0.00355315
2 0.527612 0.654855 0.921244 0.657651 0.00353319
1 0.23508 0.783476 0.19969 0.381317 0.003461
0 0.100348 0.766354 0.198593 0.440386 0.00345794
2 0.724651 0.391227 0.262806 0.362077 0.00343942
2 0.733255 0.138347 0.527858 0.276693 0.0034045
2 0.283672 0.320697 0.567043 0.614267 0.00328015
1 0.681289 0.141992 0.625511 0.283983 0.00326135
0 0.391889 0.338896 0.739915 0.677793 0.00322567
2 0.478599 0.119383 0.201324 0.238766 0.00305118
0 0.773179 0.391333 0.165692 0.333105 0.00303878
1 0.914868 0.917122 0.170263 0.165756 0.0030234
2 0.352408 0.95241 0.425386 0.0951799 0.00295322
2 0.967432 0.921272 0.0651358 0.157456 0.00288633
0 0.116361 0.910904 0.232723 0.178192 0.00288085
0 0.167659 0.752603 0.335319 0.438641 0.00283364
2 0.315809 0.177926 0.625816 0.353798 0.0028335
2 0.285843 0.136168 0.562744 0.272335 0.00279197
2 0.131206 0.172206 0.262413 0.344412 0.00276251
2 0.126128 0.236461 0.252256 0.472922 0.00275202
2 0.604169 0.339137 0.416206 0.305343 0.00270601
2 0.300993 0.688303 0.600062 0.573287 0.00268945
1 0.936563 0.900088 0.126874 0.199823 0.00266664
2 0.941599 0.0804474 0.114543 0.155396 0.00264989
0 0.128318 0.207849 0.256636 0.415699 0.00262159
1 0.0543962 0.39188 0.107166 0.720376 0.00260287
2 0.464227 0.902549 0.552066 0.193447 0.00256477
2 0.755965 0.044184 0.0758458 0.0883681 0.00255181
0 0.027603 0.580948 0.055206 0.551391 0.00254905
2 0.299352 0.968203 0.352375 0.0635939 0.00252168
2 0.194189 0.209747 0.388379 0.419307 0.0024681
0 0.16201 0.942384 0.323553 0.115231 0.00243892
1 0.948896 0.794978 0.102207 0.410044 0.0024067
1 0.0435568 0.682819 0.0853831 0.634361 0.00239796
0 0.0420261 0.527475 0.0840522 0.637756 0.00238476
2 0.208417 0.777823 0.409946 0.391484 0.00237495
0 0.184058 0.964796 0.34096 0.0704073 0.0023132
0 0.946435 0.784501 0.10618 0.377049 0.00230119
2 0.232078 0.969932 0.323388 0.060137 0.00229643
2 0.955743 0.961186 0.0885131 0.0776278 0.00224741
0 0.717819 0.387671 0.250981 0.370269 0.00222617
0 0.0248516 0.686013 0.0497031 0.627975 0.00220907
2 0.27083 0.766654 0.404717 0.435409 0.00220316
0 0.0739683 0.0757861 0.134884 0.145898 0.00218143
2 0.632609 0.74136 0.452438 0.49395 0.0021653
2 0.309433 0.799753 0.365636 0.368988 0.00214091
2 0.552732 0.759234 0.868635 0.472075 0.00213151
2 0.884275 0.907067 0.23145 0.185866 0.00211817
1 0.419704 0.0466155 0.321034 0.0928434 0.00211336
1 0.487187 0.11668 0.179278 0.229841 0.00206158
0 0.946127 0.758387 0.107745 0.129091 0.00205439
2 0.899169 0.946362 0.122943 0.104344 0.00204868
1 0.931315 0.938928 0.110707 0.122144 0.00204448
2 0.33628 0.190349 0.313 0.339227 0.00203993
2 0.267089 0.788138 0.259224 0.382657 0.00203148
0 0.356332 0.86842 0.449098 0.257885 0.00202287
2 0.188527 0.330741 0.24977 0.396504 0.00199424
2 0.902924 0.929581 0.116366 0.140838 0.00197285
2 0.431852 0.050569 0.341253 0.100881 0.00196765
1 0.436101 0.17713 0.271116 0.35426 0.00191593
2 0.965025 0.941656 0.0699501 0.116688 0.00191334
1 0.48444 0.0536239 0.173668 0.105429 0.00190044
1 0.921875 0.0859878 0.15556 0.161875 0.00189882
2 0.418384 0.768211 0.567223 0.457949 0.00189485
0 0.904798 0.0734384 0.180141 0.144687 0.00188627
2 0.53386 0.759075 0.578347 0.462073 0.00187441
2 0.94221 0.909024 0.115581 0.181953 0.00184311
0 0.0467555 0.392882 0.0935111 0.67501 0.00181505
2 0.0611133 0.225481 0.120796 0.450962 0.00178216
1 0.0392235 0.568332 0.0770232 0.490074 0.00177626
1 0.0511346 0.516024 0.100527 0.620494 0.00174627
0 0.0551469 0.263463 0.110294 0.526926 0.00172744
0 0.0132865 0.71867 0.026573 0.562659 0.00171464
0 0.836905 0.110056 0.265378 0.220113 0.00171443
0 0.0307786 0.276283 0.0611547 0.222521 0.00168127
2 0.062755 0.385903 0.12551 0.639445 0.00162639
1 0.477036 0.163103 0.308902 0.284194 0.00162287
1 0.2675 0.808603 0.26449 0.366876 0.00160043
1 0.089441 0.222837 0.177689 0.345558 0.00159424
1 0.881919 0.933426 0.231478 0.133148 0.00155372
0 0.862694 0.0646784 0.0905277 0.129357 0.00155336
2 0.853691 0.154413 0.166105 0.308079 0.00155295
2 0.092413 0.204521 0.184145 0.401556 0.00154323
2 0.342119 0.162334 0.257624 0.285697 0.0015402
0 0.755376 0.0655469 0.0772306 0.131094 0.00153278
2 0.583669 0.900271 0.367846 0.181223 0.00151764
1 0.645244 0.363047 0.259552 0.338516 0.00151688
1 0.908555 0.75814 0.182891 0.362923 0.00150717
1 0.841817 0.855251 0.316367 0.276589 0.00148282
1 0.47508 0.0476483 0.23049 0.0910862 0.00147276
2 0.931268 0.969556 0.0783542 0.0608889 0.00145624
2 0.231442 0.768054 0.183731 0.375396 0.00144742
2 0.897521 0.0831782 0.200857 0.161614 0.00143549
0 0.826552 0.0876207 0.187882 0.175241 0.0014202
2 0.0751835 0.0801415 0.145382 0.15634 0.00141451
0 0.833705 0.438924 0.211305 0.265399 0.00140442
0 0.836086 0.0748204 0.14756 0.149641 0.00138603
2 0.980417 0.934735 0.0391651 0.13053 0.00138519
2 0.482489 0.438829 0.373871 0.461469 0.00136572
0 0.783608 0.0705885 0.127593 0.141177 0.00135626
1 0.687988 0.400712 0.316744 0.395659 0.00135236
2 0.946038 0.755568 0.107925 0.128992 0.00134828
0 0.114081 0.104249 0.223811 0.200392 0.00134312
1 0.890696 0.0940377 0.210644 0.180944 0.00132889
2 0.732762 0.582789 0.272857 0.323414 0.0013189
2 0.962065 0.881811 0.0758693 0.236378 0.00131834
1 0.0795806 0.327975 0.158396 0.414617 0.00130428
2 0.972242 0.967681 0.0553332 0.0646372 0.00129681
1 0.752437 0.0681641 0.0838951 0.136328 0.00129401
1 0.459384 0.0638127 0.220829 0.125031 0.00129309
2 0.492235 0.525523 0.381159 0.619201 0.00128993
1 0.322744 0.21707 0.290513 0.398596 0.0012826
0 0.887533 0.171645 0.224935 0.33302 0.00128213
1 0.459592 0.0622838 0.365237 0.123898 0.00126588
1 0.950907 0.679743 0.0981861 0.612511 0.00126346
1 0.0548194 0.742507 0.109129 0.514985 0.00125353
2 0.978707 0.913475 0.042585 0.173049 0.0012535
1 0.587564 0.356725 0.457495 0.319962 0.00125091
2 0.239853 0.385014 0.398974 0.416481 0.00124461
1 0.418459 0.199714 0.361288 0.370981 0.00123278
2 0.925237 0.119369 0.149527 0.232555 0.00122816
2 0.782428 0.592505 0.172661 0.219439 0.00118956
2 0.428433 0.154988 0.324651 0.28984 0.00118669
2 0.951892 0.601435 0.0962151 0.689291 0.00117255
1 0.471953 0.23109 0.261518 0.439537 0.00116002
1 0.0698126 0.652215 0.135374 0.423629 0.00114377
0 0.390359 0.678727 0.411938 0.5047 0.00114062
2 0.710718 0.900483 0.547281 0.177562 0.00113979
2 0.403141 0.235264 0.347434 0.423127 0.00113638
2 0.267894 0.46503 0.49061 0.30331 0.00113479
2 0.824169 0.903876 0.351662 0.181314 0.00113015
0 0.953225 0.538668 0.0933683 0.511668 0.00112993
0 0.420917 0.640545 0.291892 0.499254 0.00111686
2 0.425182 0.00934116 0.347739 0.0186823 0.00111638
1 0.587526 0.780204 0.266515 0.432071 0.00110245
0 0.889925 0.770924 0.22015 0.324867 0.00109288
0 0.838569 0.854525 0.322863 0.276643 0.0010876
2 0.926156 0.982949 0.084107 0.0341025 0.00108757
2 0.793176 0.0734893 0.147691 0.146979 0.00108616
2 0.952911 0.776767 0.0941789 0.141538 0.00108138
1 0.286808 0.289492 0.345804 0.566737 0.00107488
0 0.0579016 0.12295 0.115803 0.239505 0.00106132
2 0.167575 0.489678 0.284581 0.670024 0.00105964
2 0.197828 0.277841 0.251734 0.290531 0.00105803
0 0.382429 0.605481 0.465766 0.586587 0.0010543
1 0.485603 0.190756 0.437823 0.293529 0.00105285
0 0.422152 0.665836 0.2466 0.331662 0.00105007
2 0.638677 0.932394 0.292012 0.128202 0.00104783
1 0.0806379 0.70368 0.161276 0.509381 0.00103688
1 0.338448 0.28987 0.314308 0.499389 0.00103443
2 0.461304 0.361911 0.364169 0.594225 0.00103195
2 0.669774 0.357277 0.303579 0.325397 0.00103109
2 0.295372 0.86768 0.227261 0.181448 0.00102972
1 0.720396 0.0730174 0.139598 0.146035 0.00102677
0 0.95354 0.399042 0.0929207 0.68821 0.00102379
1 0.402967 0.0706135 0.322304 0.139669 0.00102317
2 0.10499 0.866337 0.209981 0.245356 0.00102145
0 0.745915 0.0689758 0.107167 0.137952 0.00102122
0 0.949611 0.502065 0.0967094 0.290097 0.00101723
2 0.894164 0.0639245 0.211673 0.127849 0.00101702
1 0.863621 0.987194 0.201222 0.0256112 0.00101247
0 0.472282 0.574068 0.464071 0.568994 0.00101099
2 0.0692579 0.519172 0.130227 0.513386 0.00100942
2 0.946524 0.216122 0.106953 0.432245 0.00100912
2 0.753174 0.0338588 0.161875 0.0677176 0.00100473
2 0.51117 0.127745 0.311555 0.250898 0.00100391
0 0.133782 0.0875381 0.267565 0.169441 0.00100315
1 0.416192 0.842185 0.228389 0.294534 0.00100242
2 0.91231 0.194627 0.17538 0.389254 0.000997265
1 0.708363 0.589903 0.320576 0.31363 0.000995496
0 0.425354 0.714816 0.307096 0.427876 0.000994568
2 0.430755 0.356292 0.254489 0.7084 0.000994123
2 0.646761 0.321567 0.20982 0.271026 0.000990113
2 0.20091 0.808698 0.131736 0.321811 0.000987559
2 0.282867 0.348038 0.399983 0.576713 0.000986212
2 0.122604 0.0818783 0.245208 0.162066 0.000983045
1 0.78623 0.104426 0.219 0.208852 0.000982203
0 0.888514 0.795712 0.222972 0.229427 0.000981953
2 0.0839709 0.787452 0.167942 0.366569 0.000979271
2 0.457206 0.500911 0.382361 0.438347 0.000979214
2 0.0913276 0.39139 0.182655 0.574793 0.000973446
2 0.807235 0.595268 0.341501 0.243411 0.000971706
1 0.236932 0.309901 0.31189 0.348365 0.000970032
2 0.95382 0.391147 0.0923604 0.723464 0.000969122
0 0.795873 0.580594 0.137523 0.231642 0.000967209
1 0.884703 0.730741 0.230595 0.321756 0.000963929
2 0.878103 0.0369282 0.243795 0.0738564 0.000961437
2 0.681586 0.723813 0.295693 0.368225 0.000959611
2 0.653716 0.575375 0.432864 0.324616 0.000958342
2 0.777004 0.063496 0.176438 0.126992 0.000957584
0 0.0546915 0.188229 0.109383 0.355537 0.000955112
0 0.735906 0.85882 0.475474 0.272902 0.000954397
0 0.27133 0.410244 0.439437 0.39831 0.000953337
2 0.249211 0.724273 0.207943 0.375737 0.00095315
2 0.456317 0.578998 0.415951 0.491982 0.00094403
2 0.793378 0.650611 0.383915 0.321171 0.000942512
2 0.120573 0.660537 0.223476 0.387313 0.000940651
2 0.338095 0.344275 0.349328 0.661363 0.000940566
0 0.83731 0.57369 0.293164 0.267864 0.000939312
1 0.756793 0.106875 0.305879 0.21375 0.00093859
1 0.329368 0.334276 0.31377 0.668552 0.000936552
2 0.675202 0.485872 0.36935 0.562977 0.00093367
2 0.818367 0.855626 0.348171 0.277757 0.000932777
1 0.620378 0.992214 0.188348 0.015572 0.000932092
0 0.723032 0.475406 0.287209 0.592469 0.000929563
2 0.127162 0.882725 0.249305 0.184567 0.000929252
0 0.516155 0.552972 0.480289 0.419506 0.000929003
2 0.593653 0.772791 0.263222 0.449428 0.000928325
0 0.44545 0.0601845 0.197286 0.120369 0.000927991
2 0.526016 0.589865 0.455534 0.362005 0.000927705
2 0.633998 0.399211 0.302011 0.394177 0.000924664
0 0.695131 0.953276 0.117614 0.0934489 0.000923658
2 0.458995 0.66089 0.466068 0.335882 0.000920605
0 0.865405 0.563991 0.269191 0.352883 0.00091785
2 0.433062 0.0326588 0.289666 0.0653176 0.000917591
0 0.367251 0.708476 0.356092 0.386419 0.000917295
2 0.23319 0.534361 0.465227 0.395898 0.000917212
2 0.40058 0.779589 0.315314 0.403553 0.000917143
0 0.709929 0.319365 0.255138 0.264234 0.000916949
2 0.585107 0.565933 0.468325 0.388117 0.000915086
2 0.917688 0.0170996 0.158723 0.0341993 0.000915052
2 0.735862 0.0197209 0.236238 0.0394418 0.000914595
2 0.405021 0.428914 0.423323 0.462302 0.000913039
2 0.955339 0.27734 0.0893222 0.554681 0.000911889
0 0.81212 0.517977 0.18742 0.390649 0.00091108
0 0.0417182 0.799652 0.0834364 0.400696 0.000909655
2 0.44277 0.279234 0.334816 0.558469 0.000907688
2 0.777246 0.457448 0.187546 0.369645 0.000907017
2 0.128449 0.487313 0.234467 0.590566 0.000905644
1 0.244356 0.31131 0.404437 0.419631 0.000905381
1 0.885567 0.140275 0.22672 0.275987 0.000903818
2 0.840298 0.927232 0.207962 0.139738 0.000903707
2 0.185209 0.0821058 0.143173 0.162448 0.000903048
