2 0.566354 0.960713 0.206781 0.0785745 0.512354
1 0.501674 0.528273 0.245828 0.153321 0.495418
1 0.71452 0.159698 0.217943 0.147424 0.434394
2 0.169499 0.463612 0.0802398 0.0678805 0.366129
1 0.784259 0.178338 0.359984 0.195959 0.352508
1 0.133048 0.0999294 0.265321 0.199503 0.297484
1 0.78731 0.270464 0.368876 0.375772 0.20422
2 0.878818 0.360068 0.0767329 0.0741304 0.197028
1 0.564748 0.959845 0.21701 0.0799021 0.164593
1 0.169403 0.463779 0.0799147 0.0665754 0.104216
2 0.142704 0.0925397 0.237738 0.184304 0.0891843
2 0.499494 0.530297 0.2458 0.156227 0.0791618
2 0.170699 0.450479 0.0679561 0.0392331 0.0772139
1 0.138489 0.218042 0.275235 0.435976 0.058652
1 0.876977 0.359934 0.0733124 0.0723883 0.0582751
1 0.781912 0.395805 0.39291 0.636773 0.0419414
1 0.0971792 0.107438 0.191544 0.17997 0.0383114
1 0.136547 0.144345 0.272542 0.288252 0.0365837
1 0.893408 0.23428 0.130931 0.11028 0.0356563
1 0.157078 0.463728 0.0533643 0.0660868 0.0342711
2 0.893141 0.236087 0.129248 0.108231 0.0335884
0 0.865963 0.641644 0.0775286 0.073491 0.0276516
1 0.504392 0.59566 0.255353 0.285884 0.0272347
2 0.716291 0.159721 0.21494 0.150211 0.0270392
1 0.520301 0.959456 0.320416 0.0810875 0.025406
1 0.505337 0.682958 0.256622 0.462089 0.0253878
0 0.878436 0.359534 0.0710922 0.0738928 0.0246858
1 0.205538 0.29401 0.40894 0.585534 0.0244181
1 0.678216 0.453441 0.609752 0.781027 0.0243313
0 0.883503 0.618154 0.0324871 0.0250681 0.0236979
2 0.143596 0.0512629 0.234592 0.102526 0.0215808
1 0.256661 0.100112 0.512634 0.198935 0.020604
2 0.5 0.37067 1 0.740579 0.020176
0 0.88191 0.636965 0.0363028 0.0624719 0.0201261
2 0.882263 0.345323 0.0884591 0.106541 0.019477
1 0.273806 0.234118 0.545398 0.466547 0.0178226
2 0.878102 0.343617 0.0730837 0.0386615 0.0162719
1 0.658828 0.960173 0.423545 0.0796543 0.0161497
2 0.341019 0.657089 0.680585 0.670245 0.0161245
1 0.298447 0.368255 0.594565 0.736509 0.0157353
2 0.527291 0.958669 0.310422 0.0825222 0.0142921
1 0.738096 0.172101 0.281397 0.178243 0.0141945
1 0.887353 0.288336 0.158458 0.225596 0.0131965
2 0.893979 0.290703 0.122377 0.222563 0.0130629
1 0.118148 0.464162 0.183496 0.0704833 0.0125176
0 0.878102 0.826294 0.113482 0.0583411 0.0115878
0 0.886525 0.662392 0.0299174 0.0288792 0.0115692
1 0.66717 0.541445 0.585143 0.195842 0.0114513
1 0.491867 0.445221 0.983735 0.800296 0.011232
1 0.542338 0.707975 0.343624 0.567368 0.0110573
1 0.333315 0.710182 0.658677 0.579637 0.0110434
1 0.679348 0.467313 0.610967 0.398352 0.0104295
1 0.656203 0.630368 0.556119 0.380052 0.0104094
2 0.903501 0.398213 0.135039 0.184358 0.0102637
1 0.414922 0.680273 0.514256 0.629529 0.0102284
1 0.140885 0.356507 0.281771 0.70918 0.0102097
0 0.162303 0.463543 0.0638677 0.0667917 0.00957547
1 0.836436 0.226626 0.250414 0.129071 0.00953815
0 0.880285 0.641658 0.0486923 0.0761253 0.00949928
1 0.154379 0.476399 0.046725 0.042154 0.00906561
1 0.353836 0.610872 0.704992 0.763579 0.00882802
1 0.682582 0.697013 0.628456 0.595035 0.00864254
1 0.640061 0.355844 0.656594 0.632461 0.00833905
1 0.758207 0.150427 0.450793 0.300854 0.00830848
2 0.129767 0.464342 0.158216 0.0721475 0.00771853
0 0.708904 0.961217 0.524017 0.0774567 0.00749933
0 0.180573 0.447888 0.0475053 0.0373028 0.00744481
0 0.561174 0.958313 0.234025 0.0833745 0.00743328
1 0.409184 0.242676 0.813546 0.481354 0.00739895
2 0.468862 0.68791 0.937725 0.613826 0.0072767
2 0.183417 0.450316 0.0539223 0.0406016 0.0071532
1 0.469958 0.149505 0.935972 0.295372 0.00686846
2 0.364378 0.958574 0.632477 0.0814873 0.00637728
1 0.472168 0.348892 0.901443 0.561504 0.00615166
1 0.439789 0.95897 0.456534 0.0820593 0.00609427
2 0.4939 0.265742 0.987799 0.530986 0.00593097
1 0.459211 0.102966 0.918422 0.205581 0.00587291
1 0.412476 0.541695 0.478009 0.218191 0.00585249
1 0.859963 0.315296 0.280073 0.487266 0.00568692
1 0.147311 0.596188 0.294623 0.785916 0.00563328
1 0.0683827 0.178063 0.136765 0.344316 0.00554398
1 0.706137 0.294481 0.469619 0.454948 0.00551663
1 0.791063 0.322724 0.417874 0.51681 0.00540464
1 0.918342 0.368996 0.157464 0.555523 0.00538763
1 0.787819 0.096548 0.424362 0.193096 0.00534451
1 0.872036 0.255154 0.255929 0.43958 0.00524089
1 0.924257 0.212036 0.146493 0.41177 0.00520738
1 0.920713 0.499016 0.154068 0.590265 0.00517852
1 0.758048 0.209401 0.403027 0.166814 0.0051274
1 0.882254 0.433727 0.217237 0.74471 0.00504515
1 0.850508 0.0920195 0.298983 0.184039 0.00501757
1 0.480439 0.563963 0.289367 0.0856192 0.00501018
0 0.431761 0.957168 0.495358 0.0856637 0.00490831
2 0.710999 0.96074 0.562792 0.0785204 0.00480815
2 0.669609 0.657329 0.660781 0.658274 0.00476324
1 0.23234 0.545725 0.46468 0.892536 0.00470444
1 0.665061 0.184721 0.567529 0.322126 0.0045577
1 0.913284 0.386543 0.171375 0.195755 0.00452636
1 0.669466 0.0927013 0.645447 0.185403 0.00440012
0 0.287682 0.650194 0.573658 0.677516 0.00432135
0 0.134029 0.643506 0.268057 0.645323 0.00430986
1 0.929746 0.112779 0.140508 0.225558 0.00429081
1 0.651189 0.135925 0.655877 0.27185 0.00425832
1 0.609413 0.153119 0.781174 0.306238 0.00415413
0 0.988152 0.351335 0.0236967 0.10007 0.00414693
0 0.71558 0.890143 0.552622 0.219713 0.0041319
1 0.557265 0.0958611 0.88547 0.191722 0.00402881
1 0.833184 0.360568 0.171115 0.0795757 0.00401908
0 0.170501 0.468141 0.0742145 0.078468 0.00397341
1 0.898689 0.556023 0.200221 0.783041 0.00394909
2 0.87015 0.233884 0.0791618 0.110094 0.003876
0 0.192183 0.743515 0.0470838 0.0374621 0.00379007
1 0.874274 0.371239 0.0638108 0.0513871 0.00376295
1 0.189162 0.0946918 0.378325 0.187294 0.0036363
2 0.349258 0.891518 0.658371 0.216965 0.0036254
1 0.81204 0.2836 0.313882 0.240651 0.00354938
1 0.93064 0.583028 0.13802 0.60316 0.00354683
0 0.192544 0.749881 0.0452999 0.0331163 0.00353871
0 0.138354 0.881967 0.276709 0.236065 0.00351314
2 0.123947 0.743928 0.247328 0.49274 0.00348376
0 0.985386 0.334539 0.0292273 0.184647 0.00346957
1 0.0939052 0.117943 0.18781 0.235886 0.00345818
0 0.128099 0.83021 0.256199 0.33958 0.0033728
1 0.378284 0.490896 0.625889 0.263173 0.00336526
2 0.201986 0.435572 0.144713 0.141411 0.00332737
2 0.931997 0.365032 0.135073 0.232737 0.00329427
0 0.242382 0.721888 0.48257 0.544693 0.00328727
1 0.769601 0.536863 0.460798 0.860871 0.00327175
0 0.911311 0.878194 0.177378 0.243612 0.00325504
2 0.73178 0.88357 0.527474 0.232545 0.00325183
2 0.424026 0.801169 0.848051 0.395489 0.00324794
1 0.356591 0.610882 0.68583 0.402203 0.00321259
2 0.857605 0.641436 0.09484 0.0767045 0.00319048
0 0.672064 0.860101 0.629444 0.279443 0.0031699
0 0.176683 0.945764 0.35183 0.107868 0.00311304
2 0.847201 0.235683 0.221345 0.115203 0.00310309
0 0.805374 0.882182 0.388209 0.216096 0.00306583
1 0.771864 0.211084 0.364576 0.244855 0.00304304
0 0.915976 0.919124 0.168049 0.161752 0.00303351
0 0.936374 0.611379 0.126487 0.594509 0.00303311
0 0.0315455 0.757929 0.0627517 0.343747 0.00302551
0 0.213374 0.962039 0.418232 0.0739629 0.00300953
0 0.485412 0.873933 0.79975 0.250868 0.00298853
0 0.736638 0.553911 0.526724 0.831601 0.00297742
2 0.260321 0.96824 0.499578 0.0617086 0.00297326
1 0.682874 0.159325 0.151095 0.138725 0.00290543
2 0.864052 0.826016 0.131881 0.0570493 0.00287691
0 0.939492 0.767321 0.119396 0.393441 0.00284268
0 0.93 0.814269 0.138109 0.353577 0.00283862
1 0.825716 0.95471 0.348569 0.0898374 0.00281869
1 0.108671 0.511102 0.217342 0.177006 0.0027984
0 0.182953 0.864819 0.363703 0.269818 0.0027913
0 0.861565 0.611592 0.276871 0.697628 0.00274672
2 0.676888 0.820758 0.633612 0.355809 0.00274387
0 0.200354 0.782654 0.399522 0.433069 0.00273188
0 0.893387 0.635972 0.144955 0.0917592 0.00270742
2 0.912744 0.284969 0.168932 0.2485 0.00268063
0 0.729997 0.814163 0.535994 0.367521 0.00267873
0 0.41884 0.410995 0.837679 0.779273 0.00266403
0 0.81075 0.660184 0.3785 0.571002 0.00260284
2 0.985874 0.326092 0.0282526 0.182932 0.00259466
1 0.874521 0.235939 0.085362 0.110626 0.00258294
1 0.108453 0.459835 0.216906 0.108202 0.00258172
0 0.79559 0.782868 0.404456 0.37487 0.00255593
1 0.76164 0.275745 0.402774 0.26264 0.00255406
0 0.185566 0.744674 0.0604765 0.0479506 0.00251357
1 0.151673 0.505513 0.195824 0.164928 0.00251027
0 0.712938 0.687488 0.574124 0.528225 0.0025009
1 0.724063 0.207973 0.248061 0.238578 0.00248873
1 0.103472 0.186621 0.206945 0.319896 0.00248032
2 0.901095 0.211533 0.142359 0.163276 0.0024616
1 0.870724 0.210993 0.068944 0.0601261 0.00240875
2 0.738584 0.759332 0.522742 0.475746 0.00234899
2 0.52562 0.960298 0.126176 0.0785483 0.0023485
0 0.613989 0.826356 0.748804 0.33919 0.00233269
0 0.26848 0.88559 0.5306 0.225652 0.00233157
2 0.298468 0.775463 0.592488 0.44849 0.00232331
0 0.5 0.825869 1 0.338454 0.00231519
0 0.385613 0.599328 0.731306 0.57035 0.00230326
1 0.239431 0.461742 0.219297 0.085046 0.00229938
0 0.896676 0.840857 0.192503 0.0903431 0.00229739
1 0.408614 0.514011 0.805804 0.388397 0.0022613
2 0.970321 0.384295 0.0593571 0.213889 0.0022363
0 0.503655 0.70153 0.99269 0.59694 0.00219346
2 0.923672 0.314934 0.15146 0.206539 0.00218549
1 0.0930706 0.232386 0.185418 0.463535 0.0021807
0 0.28834 0.827433 0.573621 0.344081 0.00217433
1 0.82864 0.401142 0.217307 0.160333 0.00210322
1 0.0521964 0.218137 0.104393 0.43421 0.00209263
0 0.812073 0.986554 0.0651563 0.0265934 0.00206967
0 0.903152 0.645651 0.179704 0.107882 0.00206671
2 0.947253 0.397354 0.105494 0.19523 0.00204751
0 0.103193 0.753151 0.205603 0.323606 0.00203448
0 0.488092 0.527035 0.215916 0.148064 0.00201819
1 0.234265 0.496057 0.262535 0.150601 0.00201603
2 0.483674 0.51457 0.205666 0.124205 0.00200191
1 0.0292319 0.305798 0.0583092 0.406108 0.0019261
1 0.780371 0.321881 0.290037 0.161796 0.00192544
2 0.0334443 0.117764 0.0668886 0.169949 0.00190879
0 0.941874 0.0175919 0.108534 0.0349745 0.00187214
1 0.492804 0.942509 0.406586 0.114084 0.00187057
0 0.827165 0.642075 0.156029 0.0827526 0.00180933
2 0.984381 0.387904 0.0312386 0.279873 0.00179764
0 0.888375 0.827914 0.0800323 0.0611831 0.0017832
0 0.0769696 0.90738 0.153939 0.185239 0.00175481
1 0.895006 0.402089 0.184832 0.165536 0.00170869
0 0.87435 0.240462 0.0880913 0.0942085 0.00168939
1 0.916045 0.293715 0.166364 0.220887 0.00168451
1 0.699574 0.215486 0.410949 0.249257 0.0016594
1 0.623727 0.969539 0.496567 0.060922 0.00164252
0 0.034879 0.794578 0.0697579 0.410844 0.00164006
0 0.909702 0.860734 0.177135 0.166745 0.0016346
1 0.646869 0.196127 0.359453 0.212904 0.00163021
2 0.871515 0.208646 0.0668255 0.0551578 0.00162055
0 0.111182 0.729643 0.222364 0.235653 0.00160088
0 0.912996 0.630751 0.174009 0.116101 0.00160084
1 0.181034 0.114511 0.362068 0.19245 0.00159773
0 0.0317082 0.334578 0.063339 0.442581 0.00159724
1 0.0273904 0.239664 0.0547808 0.47264 0.00158711
1 0.889102 0.895268 0.218012 0.209463 0.001587
2 0.191999 0.0418645 0.332884 0.0837289 0.00158016
2 0.0948437 0.91645 0.189118 0.165715 0.00154638
1 0.118026 0.546274 0.231494 0.238881 0.0015457
1 0.217845 0.5257 0.254229 0.224917 0.0015289
2 0.198136 0.088892 0.396272 0.177784 0.00152708
0 0.937938 0.0851712 0.124124 0.170342 0.00152532
0 0.860909 0.84187 0.199819 0.0923015 0.00152456
1 0.888065 0.105169 0.222195 0.210338 0.00152141
2 0.543887 0.93104 0.266578 0.13792 0.00151054
0 0.132754 0.720613 0.172618 0.100352 0.0015095
1 0.112622 0.755668 0.225244 0.257465 0.00150627
1 0.505926 0.573581 0.355752 0.112494 0.00148006
2 0.205027 0.0636735 0.390924 0.127347 0.00147613
0 0.788892 0.986768 0.110975 0.0263134 0.00147522
0 0.059319 0.895945 0.11858 0.20811 0.00147124
0 0.0342747 0.876046 0.0678781 0.247908 0.0014476
0 0.113931 0.727284 0.216731 0.123684 0.00143309
1 0.895436 0.252039 0.129799 0.0691545 0.0014121
2 0.112505 0.973733 0.22049 0.0525339 0.00140342
1 0.923755 0.283799 0.152489 0.360169 0.00139925
1 0.505409 0.566043 0.265842 0.202716 0.00139592
1 0.936934 0.0609012 0.125283 0.121537 0.00139582
1 0.405687 0.94636 0.539825 0.106656 0.00139547
0 0.757408 0.0421049 0.275079 0.0842097 0.00139061
1 0.093616 0.325361 0.186043 0.454102 0.0013905
0 0.0903503 0.973004 0.177699 0.0539926 0.00138753
2 0.080358 0.15522 0.147362 0.0800981 0.00138558
2 0.134407 0.0320075 0.176545 0.0616754 0.00137796
1 0.697776 0.264763 0.339646 0.289722 0.00137704
1 0.666278 0.935304 0.446309 0.129393 0.00137546
1 0.939357 0.414999 0.121285 0.20627 0.00137289
1 0.798934 0.41123 0.285871 0.186558 0.00136673
2 0.153043 0.0360184 0.262091 0.0720368 0.00135743
0 0.932606 0.0469213 0.132542 0.0938427 0.00135214
1 0.104557 0.277133 0.209114 0.327862 0.00135125
2 0.910241 0.0276071 0.174409 0.0547975 0.00133769
2 0.0957752 0.951218 0.190591 0.094899 0.00133575
1 0.792332 0.342762 0.261094 0.119033 0.00133131
1 0.853922 0.0575377 0.291258 0.115075 0.00131045
0 0.716617 0.024213 0.192913 0.0479813 0.0013088
1 0.910691 0.0413362 0.174097 0.0814972 0.00130769
2 0.0217043 0.120195 0.0425473 0.160717 0.00130691
0 0.0832475 0.961938 0.166495 0.0761241 0.00130381
0 0.027744 0.477921 0.0549947 0.406127 0.00130126
1 0.236641 0.946026 0.473281 0.106595 0.00129886
2 0.873518 0.366323 0.0861204 0.110055 0.00129685
1 0.576156 0.957717 0.180964 0.058206 0.001295
2 0.967258 0.348989 0.0654845 0.359135 0.00129432
2 0.933452 0.319883 0.133097 0.376342 0.00129136
0 0.940461 0.142777 0.119079 0.285554 0.00128684
2 0.126898 0.947617 0.247162 0.102647 0.00128391
0 0.0358014 0.842052 0.0711531 0.315897 0.001281
2 0.148914 0.47502 0.0553741 0.0474733 0.00127909
0 0.989557 0.327012 0.0205922 0.11189 0.00127127
2 0.0286036 0.135612 0.0563383 0.126473 0.00126175
0 0.0271985 0.388872 0.0541406 0.449906 0.00125701
0 0.722159 0.15397 0.213057 0.140916 0.00125315
1 0.950286 0.619558 0.0980031 0.198974 0.00124479
2 0.568245 0.556864 0.109798 0.102366 0.00124247
0 0.192905 0.737348 0.0592849 0.0579863 0.00122352
0 0.885521 0.670324 0.228958 0.154191 0.00121067
2 0.478377 0.556821 0.299296 0.103173 0.00120147
2 0.0392709 0.129065 0.0613363 0.139656 0.00119503
1 0.872968 0.0338069 0.254065 0.067289 0.0011878
2 0.78859 0.0495041 0.258588 0.0990082 0.00118418
1 0.879629 0.174112 0.215496 0.267077 0.00118213
2 0.195926 0.971476 0.391852 0.0570475 0.00118015
1 0.132184 0.422587 0.250537 0.165448 0.00117936
0 0.0295267 0.681191 0.0588123 0.413761 0.00117793
0 0.0622755 0.599904 0.124498 0.392625 0.00117636
1 0.107231 0.462518 0.213891 0.396643 0.00117144
0 0.0765214 0.947445 0.153043 0.105111 0.0011697
1 0.757473 0.0423166 0.257494 0.0826653 0.0011693
1 0.778504 0.363009 0.304176 0.0997362 0.00116829
2 0.162951 0.0258484 0.271027 0.0516967 0.00116821
2 0.938166 0.116252 0.123668 0.231668 0.00115976
0 0.801789 0.98009 0.230015 0.0398194 0.001158
1 0.913779 0.184673 0.171149 0.226321 0.00115493
2 0.905251 0.812586 0.183082 0.0906927 0.00115284
0 0.10534 0.782369 0.209557 0.435261 0.00115198
