1 0.441391 0.307584 0.52325 0.441764 0.927132
1 0.446913 0.543459 0.753387 0.891789 0.0988013
1 0.444927 0.380605 0.526187 0.290564 0.0934368
0 0.248886 0.0923306 0.0347458 0.0380227 0.0290205
1 0.442695 0.557578 0.509402 0.688801 0.0229417
1 0.449919 0.24351 0.523887 0.296496 0.0156245
1 0.388004 0.408831 0.410062 0.238942 0.0152978
1 0.63475 0.521421 0.7305 0.937204 0.0151175
1 0.551341 0.184624 0.821957 0.368999 0.012646
1 0.560703 0.254982 0.805393 0.463853 0.011378
1 0.581153 0.40894 0.837694 0.771443 0.00979824
1 0.382288 0.287947 0.392432 0.429683 0.00905747
1 0.521933 0.115632 0.770614 0.231265 0.00867891
1 0.517809 0.295281 0.964381 0.590562 0.00743591
1 0.66643 0.22652 0.66714 0.449206 0.00701853
1 0.831189 0.477687 0.337622 0.852867 0.00661473
1 0.521366 0.0929257 0.936987 0.185851 0.00619127
0 0.143779 0.135884 0.163046 0.0629877 0.00615408
2 0.459849 0.761949 0.913538 0.474983 0.00605542
1 0.324864 0.29229 0.634631 0.480918 0.0057113
1 0.271575 0.575779 0.54315 0.823322 0.00542954
1 0.789586 0.401752 0.420829 0.736024 0.00541024
1 0.516274 0.140166 0.923774 0.280049 0.0051828
1 0.308728 0.0922845 0.534676 0.184569 0.00490937
1 0.363796 0.243479 0.491455 0.388749 0.00450216
1 0.757873 0.112317 0.479525 0.224633 0.00442706
2 0.437142 0.163736 0.238124 0.136712 0.00437283
1 0.343067 0.456904 0.686133 0.6871 0.0043224
0 0.243976 0.590607 0.487951 0.806125 0.00423324
2 0.396919 0.667068 0.793838 0.658349 0.0041646
1 0.773247 0.301212 0.453507 0.588634 0.00406507
0 0.442355 0.976806 0.77445 0.045768 0.00395988
1 0.244393 0.116528 0.488787 0.232712 0.00392154
1 0.208453 0.0941287 0.38927 0.188257 0.00389732
1 0.244408 0.264491 0.488816 0.528982 0.0038824
1 0.415942 0.180715 0.678815 0.337349 0.00387172
1 0.357228 0.222754 0.698029 0.437574 0.00383418
0 0.135601 0.523395 0.271201 0.685503 0.00374023
1 0.804007 0.217832 0.391987 0.432315 0.00371034
1 0.47204 0.616518 0.874859 0.666192 0.00361547
1 0.127213 0.250928 0.254427 0.501856 0.00332847
1 0.878409 0.483234 0.243182 0.721264 0.00332707
0 0.131348 0.288184 0.262695 0.5311 0.00328237
2 0.517459 0.55571 0.950677 0.876233 0.00328163
1 0.219174 0.370596 0.438349 0.640644 0.00322618
0 0.938008 0.0953551 0.123985 0.19071 0.00317608
0 0.95907 0.445992 0.0818593 0.526291 0.00311594
0 0.144798 0.382139 0.289595 0.566376 0.00311456
0 0.143854 0.116664 0.176575 0.107114 0.00305318
0 0.124516 0.222063 0.249032 0.444126 0.0030517
0 0.351986 0.592724 0.703971 0.764441 0.00302842
0 0.878073 0.552192 0.243454 0.805816 0.00302743
0 0.954318 0.551405 0.0913632 0.631442 0.00302502
0 0.963373 0.339588 0.0732531 0.425203 0.00302366
2 0.140449 0.135273 0.166088 0.0635456 0.00300731
1 0.15218 0.100188 0.304359 0.200376 0.00300386
0 0.923631 0.953514 0.152739 0.0929714 0.00297028
0 0.96006 0.241459 0.079879 0.419332 0.00296823
0 0.934369 0.168845 0.131262 0.337689 0.00296775
1 0.809353 0.0905359 0.381294 0.181072 0.00296051
0 0.9498 0.202664 0.100399 0.397091 0.00295311
0 0.102183 0.616392 0.204366 0.477161 0.00290275
0 0.869741 0.0735028 0.260519 0.147006 0.00287929
0 0.12386 0.896904 0.247721 0.206193 0.00286552
0 0.120095 0.0942407 0.24019 0.188481 0.00285833
0 0.882678 0.264426 0.234644 0.463516 0.00285802
2 0.113363 0.6837 0.226727 0.405887 0.00283017
0 0.12405 0.12893 0.2481 0.257859 0.0028076
0 0.474496 0.876399 0.892106 0.24659 0.00276866
0 0.0983115 0.846695 0.196623 0.30661 0.00276445
0 0.927307 0.895077 0.145385 0.209846 0.00275042
0 0.115369 0.777578 0.230738 0.403404 0.00274224
0 0.88884 0.36533 0.217104 0.470052 0.00273023
0 0.95323 0.625337 0.0935408 0.612747 0.00272827
0 0.944382 0.825791 0.111236 0.324278 0.00263762
0 0.954185 0.758111 0.0916304 0.391516 0.00262776
1 0.76374 0.563987 0.472519 0.861178 0.00261601
0 0.86757 0.970073 0.264861 0.059025 0.00259561
0 0.865893 0.173085 0.268213 0.345597 0.00254897
0 0.414609 0.923534 0.821004 0.148819 0.002538
0 0.180907 0.232508 0.361815 0.465016 0.00246997
0 0.0325204 0.713913 0.0650407 0.0870283 0.00245951
0 0.173761 0.0976345 0.20757 0.0740418 0.00242126
0 0.308299 0.973873 0.553494 0.0493061 0.0024113
0 0.851934 0.63525 0.283311 0.695141 0.00237206
0 0.179824 0.932919 0.359648 0.134162 0.00236906
0 0.643722 0.972928 0.691695 0.0519794 0.00231298
0 0.179657 0.108716 0.268623 0.0752535 0.00229655
0 0.776628 0.97175 0.446743 0.053297 0.00228707
0 0.845342 0.725547 0.29377 0.499623 0.00227197
1 0.429198 0.297781 0.572893 0.319919 0.00227092
0 0.0320993 0.720002 0.0641985 0.206321 0.00224171
0 0.231829 0.970246 0.455906 0.0567814 0.00223541
0 0.817256 0.854566 0.338325 0.252904 0.00222975
0 0.856594 0.906389 0.259429 0.171829 0.0022196
0 0.421146 0.809669 0.842291 0.373983 0.00219467
0 0.150923 0.151086 0.148596 0.0811587 0.00219102
0 0.852548 0.792671 0.273843 0.368597 0.00216731
0 0.205652 0.713126 0.411304 0.54069 0.00209505
0 0.727073 0.588535 0.534451 0.810475 0.00205315
0 0.177464 0.806031 0.354929 0.385149 0.00203542
0 0.0314699 0.70077 0.0629398 0.0466984 0.00198834
1 0.381882 0.960268 0.763764 0.0789661 0.00195447
0 0.0315165 0.731938 0.063033 0.136231 0.00193507
0 0.695828 0.680237 0.564012 0.606614 0.00189546
1 0.297206 0.977965 0.579877 0.0440705 0.00186184
2 0.605822 0.661086 0.781821 0.657267 0.00184421
2 0.544712 0.802198 0.894081 0.390678 0.00183474
2 0.708978 0.739873 0.538541 0.469293 0.00183066
0 0.72077 0.825135 0.502822 0.324977 0.00182529
0 0.746257 0.894211 0.443703 0.203366 0.00182496
0 0.301969 0.899177 0.588745 0.197501 0.00179422
2 0.142552 0.120521 0.173482 0.0980769 0.00176162
0 0.315456 0.74059 0.630912 0.499558 0.00171807
0 0.220094 0.858956 0.436822 0.279339 0.00171669
0 0.441103 0.1584 0.240407 0.130097 0.00170517
1 0.393757 0.450834 0.399005 0.153644 0.00169668
0 0.665769 0.889255 0.614118 0.216759 0.0016568
0 0.256953 0.78439 0.513907 0.426486 0.00164355
1 0.434939 0.305874 0.541812 0.182008 0.00161225
0 0.432043 0.263579 0.551836 0.327954 0.00160962
0 0.669907 0.808923 0.63588 0.367285 0.00160065
1 0.358924 0.0593513 0.651769 0.118703 0.00159545
1 0.431013 0.206285 0.472304 0.2264 0.00158002
2 0.34245 0.76905 0.649929 0.455895 0.00156461
2 0.0334293 0.723108 0.0668586 0.105985 0.00150104
0 0.0838506 0.974439 0.161821 0.0511227 0.00149437
2 0.133175 0.152544 0.185669 0.101164 0.00147509
1 0.408191 0.172054 0.370274 0.156203 0.00146703
1 0.449457 0.41178 0.313792 0.233366 0.00144774
2 0.251055 0.978972 0.502109 0.0420563 0.00144066
2 0.0331127 0.723719 0.0662253 0.205402 0.00142902
1 0.114724 0.112297 0.229449 0.158089 0.00141777
2 0.297668 0.0578437 0.346265 0.108426 0.00141238
0 0.153639 0.0873276 0.249371 0.172057 0.00138528
1 0.448896 0.97759 0.616688 0.0448193 0.00137082
1 0.515567 0.956593 0.825725 0.0860828 0.00136597
0 0.0321268 0.771855 0.0642537 0.204864 0.00135676
1 0.111917 0.154067 0.223833 0.128494 0.00134042
0 0.0868816 0.948585 0.168279 0.101001 0.00132661
2 0.79768 0.0466716 0.349356 0.0928903 0.00131805
1 0.117384 0.20129 0.234767 0.203242 0.00131189
0 0.149385 0.132503 0.180626 0.0998539 0.00125704
2 0.800069 0.0791861 0.357182 0.158004 0.0012254
2 0.395231 0.0585302 0.5547 0.11706 0.00120796
1 0.623603 0.952733 0.752794 0.0942992 0.00120372
1 0.521616 0.399333 0.373019 0.256475 0.0011894
2 0.28073 0.391884 0.16589 0.190759 0.00118368
0 0.127806 0.976954 0.255611 0.046092 0.00117472
2 0.0438477 0.682173 0.0876954 0.303725 0.00115065
0 0.36594 0.0594888 0.493586 0.118978 0.0011506
0 0.0903381 0.925074 0.180676 0.149852 0.00114523
0 0.40441 0.196001 0.42256 0.201584 0.00113576
1 0.569863 0.976777 0.654346 0.0464461 0.00113563
0 0.321759 0.0747668 0.199471 0.0855811 0.00113435
2 0.423464 0.944521 0.702201 0.109517 0.00113055
0 0.280064 0.421224 0.165782 0.132759 0.00112645
1 0.148565 0.184475 0.234113 0.17927 0.00112613
1 0.613164 0.0478287 0.463927 0.0956574 0.00112438
0 0.432689 0.0239009 0.323389 0.0478017 0.00111896
0 0.277128 0.382215 0.161122 0.213235 0.00111863
0 0.388944 0.0288649 0.409215 0.0577297 0.00110159
1 0.81438 0.0369154 0.371241 0.0738307 0.00110074
0 0.568339 0.7285 0.391726 0.0896557 0.00109781
2 0.989264 0.209883 0.0214723 0.419766 0.00109066
1 0.367519 0.430243 0.346674 0.163025 0.0010863
2 0.74221 0.0381006 0.340841 0.0753398 0.00108404
0 0.001071 0.890179 0.002142 0.219641 0.00107714
1 0.379997 0.477341 0.416784 0.0977714 0.00106937
0 0.0854732 0.873513 0.170946 0.243616 0.00106352
1 0.843058 0.0532094 0.313885 0.106419 0.00106103
0 0.0487711 0.828641 0.0975422 0.280558 0.00105624
0 0.021824 0.231158 0.0436481 0.134615 0.00105205
1 0.250916 0.0608884 0.480628 0.119453 0.00105075
0 0.0252609 0.231121 0.0505218 0.181451 0.00104952
2 0.95107 0.132305 0.0978596 0.26461 0.00104563
0 0.0380862 0.798391 0.0761724 0.2757 0.00104344
2 0.980213 0.196551 0.0395743 0.393101 0.00104054
0 0.437251 0.140509 0.240778 0.0903721 0.0010341
0 0.514606 0.0375728 0.41817 0.0751455 0.00103349
2 0.684788 0.0403433 0.630423 0.0806866 0.00102685
2 0.874767 0.703049 0.242333 0.184929 0.00102134
0 0.439308 0.350496 0.504867 0.157014 0.0010154
0 0.435224 0.316023 0.500069 0.105821 0.00101253
2 0.173579 0.979866 0.347158 0.0402676 0.00101231
1 0.685142 0.0376216 0.629716 0.0752432 0.00101018
2 0.587846 0.0463274 0.588784 0.0926548 0.00100795
1 0.29965 0.961854 0.5993 0.0748398 0.00100547
2 0.984895 0.298011 0.0302102 0.499898 0.001005
0 0.00738109 0.955063 0.0147622 0.0898735 0.00100419
0 0.570854 0.12424 0.428325 0.248481 0.000999184
0 0.305227 0.106696 0.552982 0.166595 0.000996238
1 0.791744 0.415803 0.416511 0.231243 0.000993046
1 0.739608 0.0311413 0.493463 0.0622825 0.000992041
1 0.44554 0.943408 0.735786 0.112709 0.000990368
0 0.436357 0.0335571 0.306998 0.0645749 0.00098906
2 0.107898 0.129863 0.215796 0.214432 0.000988111
2 0.967394 0.17791 0.0652122 0.355819 0.000981437
2 0.975048 0.34572 0.0499047 0.495941 0.000980848
1 0.491333 0.341975 0.421479 0.37216 0.000974078
2 0.764213 0.40993 0.471573 0.215868 0.000966653
0 0.156331 0.978393 0.312662 0.043214 0.000965128
0 0.908782 0.987384 0.182436 0.0252316 0.000964425
2 0.0629289 0.640257 0.125858 0.27874 0.000963008
1 0.0780618 0.796649 0.156124 0.262954 0.000947785
1 0.187193 0.225871 0.374385 0.245245 0.000947521
1 0.742067 0.934695 0.515867 0.130268 0.000947132
0 0.620125 0.212738 0.444059 0.208647 0.000945212
2 0.951213 0.176858 0.0975733 0.169152 0.000944173
0 0.655026 0.163033 0.271974 0.178875 0.000939874
2 0.142024 0.604113 0.245913 0.229739 0.000936497
0 0.50575 0.239764 0.381646 0.304412 0.000933683
0 0.00306812 0.175678 0.00613623 0.351355 0.000933381
2 0.859978 0.0515414 0.280045 0.102392 0.000933128
1 0.117212 0.124656 0.234423 0.249312 0.00093268
2 0.632701 0.946265 0.54686 0.107469 0.000932219
0 0.00999168 0.680543 0.0199834 0.414152 0.000931324
2 0.979931 0.415795 0.0401389 0.483932 0.000930748
0 0.00482552 0.691388 0.00965104 0.282149 0.0009298
2 0.937927 0.0716839 0.124146 0.140928 0.00092704
0 0.412796 0.519223 0.400224 0.262354 0.000925606
0 0.000914331 0.776866 0.00182866 0.242694 0.000925433
0 0.265453 0.928741 0.505198 0.142456 0.00092319
2 0.0990566 0.0639931 0.198113 0.127986 0.000918997
0 0.00266508 0.733249 0.00533016 0.212952 0.000917873
1 0.419993 0.505719 0.496738 0.180733 0.000913552
1 0.537976 0.452926 0.531353 0.214174 0.000911128
0 0.292823 0.122428 0.496242 0.11321 0.000910673
2 0.982522 0.82485 0.0349554 0.350299 0.000909062
0 0.586377 0.148518 0.373642 0.205997 0.000908574
0 0.567831 0.750117 0.40377 0.155683 0.000908382
2 0.841084 0.972451 0.317831 0.0550987 0.000906966
0 0.284708 0.427086 0.388637 0.132628 0.000906885
0 0.260397 0.728134 0.498902 0.107287 0.000906283
2 0.434756 0.468082 0.474353 0.12276 0.000905983
2 0.00351253 0.188428 0.00702506 0.376855 0.0009035
2 0.480501 0.0419915 0.420008 0.0830641 0.000902424
2 0.95291 0.623613 0.0941791 0.179248 0.000901332
1 0.578212 0.382576 0.42693 0.267633 0.00089995
1 0.291708 0.165345 0.490611 0.205752 0.000898767
0 0.000617794 0.837979 0.00123559 0.268789 0.000897323
0 0.197945 0.902462 0.39589 0.195076 0.000897046
2 0.7632 0.0590004 0.473601 0.117496 0.000896983
2 0.0594789 0.76785 0.118958 0.212054 0.000896409
0 0.785472 0.11664 0.362801 0.231631 0.000896264
0 0.291293 0.71374 0.582585 0.139124 0.00089589
2 0.780307 0.932152 0.439386 0.135278 0.000893899
0 0.351753 0.524309 0.32762 0.234987 0.000893489
1 0.597766 0.947723 0.605326 0.104553 0.000890478
2 0.951479 0.143674 0.0970422 0.189903 0.000890283
2 0.952358 0.208162 0.0952845 0.157071 0.00088969
1 0.14322 0.153418 0.164842 0.0897027 0.000888647
2 0.083566 0.708413 0.167132 0.27786 0.000886793
0 0.237676 0.179926 0.38072 0.211325 0.000885499
1 0.899307 0.0544357 0.201385 0.108871 0.000881131
2 0.244823 0.189626 0.412363 0.201135 0.000875517
1 0.419556 0.521267 0.421153 0.232212 0.000874992
2 0.10568 0.184027 0.211361 0.225699 0.000873848
2 0.00394318 0.474761 0.00788637 0.357732 0.000871593
2 0.136643 0.0670103 0.273285 0.134021 0.000870861
2 0.838197 0.0964235 0.316819 0.192847 0.000870851
2 0.987379 0.670397 0.0252422 0.461271 0.000870706
1 0.510387 0.450396 0.376903 0.153357 0.000868909
1 0.824991 0.427337 0.342763 0.194224 0.000868156
0 0.5225 0.734976 0.499529 0.160504 0.000867192
0 0.204249 0.739377 0.352223 0.0850166 0.000863321
2 0.0815923 0.822292 0.163185 0.302116 0.000861491
2 0.95605 0.683266 0.0878994 0.163699 0.00085909
2 0.874503 0.660458 0.247102 0.219874 0.000858973
2 0.0773941 0.502469 0.154788 0.207403 0.000857339
2 0.00425301 0.072292 0.00850603 0.144584 0.000856141
0 0.582903 0.751708 0.378288 0.114423 0.000856069
2 0.95462 0.65272 0.0907596 0.171659 0.000855551
2 0.988543 0.464836 0.0229146 0.475378 0.000855106
0 0.654004 0.259529 0.439002 0.256139 0.000854967
2 0.3205 0.941382 0.52373 0.116199 0.00085398
0 0.796343 0.906084 0.356046 0.187831 0.000851558
2 0.00364439 0.109872 0.00728878 0.219744 0.000848856
1 0.0174393 0.0573238 0.0348786 0.114648 0.000848506
1 0.0811398 0.342581 0.16228 0.223087 0.000845825
1 0.482041 0.428932 0.50199 0.213502 0.000845801
0 0.197218 0.438912 0.394436 0.148375 0.000845462
0 0.211489 0.210066 0.422977 0.208361 0.000844288
2 0.487318 0.500952 0.503914 0.210843 0.000843358
2 0.991838 0.718558 0.0163244 0.459965 0.000840814
2 0.751122 0.976171 0.497755 0.0476589 0.000840512
2 0.0820892 0.467368 0.164178 0.264376 0.00084015
1 0.94447 0.0918426 0.11106 0.183685 0.00083922
1 0.0066183 0.408092 0.0132366 0.468139 0.000838831
0 0.0548327 0.741884 0.109665 0.203524 0.000838222
0 0.718201 0.976277 0.56034 0.0472771 0.000836565
0 0.239116 0.946694 0.478232 0.105924 0.000834918
2 0.855268 0.9247 0.281835 0.149726 0.000834109
0 0.784271 0.4279 0.374082 0.181927 0.000833825
0 0.737327 0.144517 0.364708 0.217419 0.000833462
0 0.434739 0.293714 0.500951 0.120442 0.000832908
2 0.0904071 0.0997186 0.180814 0.199437 0.000832219
1 0.120814 0.0602211 0.241627 0.120442 0.000831301
2 0.259459 0.0708997 0.518917 0.141799 0.000829994
2 0.0796908 0.311168 0.159382 0.287802 0.000829196
