2 0.519211 0.490414 0.930556 0.980828 0.942688
2 0.634413 0.472805 0.65158 0.945609 0.126864
2 0.380926 0.497493 0.701522 0.994856 0.0721294
2 0.757359 0.458732 0.43878 0.900691 0.0212472
0 0.0319876 0.518467 0.0623201 0.092049 0.0179994
2 0.477041 0.615631 0.857359 0.736819 0.017909
2 0.0385104 0.511185 0.0770207 0.906935 0.0153253
2 0.428499 0.119265 0.826869 0.229515 0.0143091
0 0.926183 0.84204 0.0559792 0.0926675 0.0130724
0 0.940122 0.836602 0.0878214 0.104962 0.0118492
2 0.49169 0.335913 0.938985 0.660084 0.0116889
0 0.0410726 0.50354 0.0431991 0.0474563 0.0101088
0 0.946706 0.809245 0.0984016 0.160197 0.00930837
2 0.265774 0.497526 0.493322 0.995052 0.00897323
0 0.0317442 0.52098 0.0630211 0.156299 0.00891082
2 0.038101 0.665238 0.076202 0.64152 0.0082611
0 0.948773 0.784382 0.101081 0.246491 0.00788554
2 0.155721 0.496636 0.311404 0.993273 0.00736065
2 0.783966 0.0716861 0.31208 0.143372 0.0069348
0 0.948233 0.832206 0.102571 0.312168 0.00677747
2 0.655461 0.092559 0.647129 0.175308 0.00676764
0 0.0263183 0.762682 0.0522935 0.423891 0.00666782
2 0.848416 0.0694662 0.172029 0.138932 0.00641132
2 0.448028 0.187183 0.84921 0.361647 0.00638215
2 0.76798 0.462906 0.420939 0.638272 0.00611788
0 0.984047 0.954322 0.0314096 0.0884832 0.00588505
2 0.5451 0.105918 0.809561 0.204253 0.00573042
2 0.625688 0.145249 0.726032 0.276569 0.00564893
2 0.404252 0.743953 0.674796 0.512093 0.00561251
2 0.860527 0.0484444 0.144883 0.0968888 0.00560997
2 0.395466 0.826476 0.64721 0.347049 0.00518625
2 0.364186 0.219793 0.691805 0.428583 0.00503743
2 0.95639 0.511008 0.0866972 0.797224 0.00502679
2 0.753238 0.0859625 0.465446 0.171925 0.00500333
0 0.0431244 0.715169 0.0861676 0.569662 0.00486864
2 0.829826 0.0544748 0.220207 0.10895 0.00478475
0 0.960708 0.953717 0.0782625 0.0857105 0.00472285
0 0.225879 0.293483 0.391379 0.317714 0.00468248
2 0.848175 0.565526 0.300687 0.781955 0.00450615
2 0.123272 0.560821 0.246544 0.866145 0.00445677
2 0.243264 0.322749 0.452902 0.63 0.00434392
0 0.0375858 0.794593 0.0751715 0.394533 0.00425272
2 0.900383 0.488952 0.197392 0.924127 0.00424128
2 0.373328 0.87121 0.643083 0.25758 0.00417736
2 0.738338 0.600772 0.451791 0.619637 0.00417649
0 0.0331909 0.559691 0.0663818 0.634746 0.00417621
2 0.792041 0.555157 0.401011 0.676946 0.00414464
2 0.0625299 0.482359 0.12506 0.964718 0.00405261
1 0.751325 0.0473115 0.379474 0.094623 0.00400624
2 0.956311 0.656532 0.0873784 0.617861 0.00384976
2 0.874977 0.0665919 0.115417 0.133184 0.00381381
0 0.955776 0.468617 0.0884472 0.797697 0.00378302
2 0.487081 0.784765 0.697087 0.415935 0.00377296
2 0.105747 0.667302 0.211493 0.651047 0.00370938
0 0.967573 0.942429 0.0628936 0.104922 0.00367906
0 0.92952 0.484634 0.139615 0.917643 0.00365745
0 0.947985 0.757879 0.104031 0.448954 0.00364486
2 0.882055 0.0846329 0.233288 0.169266 0.00362687
1 0.0473027 0.661759 0.0946054 0.676482 0.00357548
2 0.252915 0.765699 0.484891 0.463551 0.00354844
2 0.918835 0.613961 0.160348 0.600455 0.00345911
2 0.248945 0.828088 0.411088 0.337567 0.0033904
2 0.266324 0.876081 0.453171 0.247838 0.0032714
2 0.951633 0.141042 0.0967345 0.282083 0.00316626
2 0.626864 0.744759 0.732855 0.478763 0.00315891
0 0.0380791 0.634723 0.0761582 0.64075 0.00314939
0 0.945119 0.871107 0.108558 0.257786 0.0031394
0 0.933136 0.657717 0.132289 0.51398 0.00312991
2 0.505881 0.0968222 0.146769 0.193644 0.00312988
0 0.342829 0.0746286 0.153426 0.147352 0.00312047
1 0.871905 0.366659 0.253033 0.718461 0.00311583
0 0.4302 0.0966611 0.305363 0.193322 0.00310672
2 0.709199 0.605129 0.570356 0.499163 0.00308513
2 0.23748 0.140476 0.445815 0.268372 0.00306134
2 0.317813 0.603239 0.611431 0.704239 0.00301757
0 0.929108 0.740216 0.140401 0.443074 0.00301723
1 0.693392 0.0492376 0.325643 0.0982528 0.00301615
0 0.922783 0.86751 0.150047 0.241219 0.00299909
2 0.29372 0.699257 0.573805 0.577511 0.00298349
2 0.82015 0.105638 0.353137 0.200097 0.00294334
0 0.947797 0.822021 0.0757038 0.0926571 0.00291684
2 0.632231 0.831961 0.723251 0.318899 0.00291673
2 0.63575 0.660662 0.706453 0.496107 0.00290161
2 0.437866 0.893146 0.689876 0.213707 0.00288548
2 0.948392 0.266821 0.103217 0.531293 0.00287244
2 0.0469092 0.780186 0.0938184 0.439628 0.00285975
2 0.247274 0.906588 0.397458 0.186823 0.00283957
0 0.236979 0.162414 0.414193 0.324828 0.00283608
2 0.662682 0.931136 0.660989 0.137728 0.00282895
0 0.985825 0.899027 0.0279713 0.201946 0.00282183
2 0.073657 0.0924348 0.147314 0.18487 0.00279732
0 0.903605 0.0697134 0.181137 0.139427 0.00273864
1 0.956963 0.353864 0.0860742 0.692402 0.00268574
0 0.923519 0.819079 0.152397 0.352821 0.00267123
2 0.239062 0.252831 0.415943 0.469142 0.00266534
2 0.727031 0.695741 0.541897 0.481552 0.00265369
2 0.53293 0.905865 0.679899 0.18827 0.00264578
2 0.375512 0.089406 0.166352 0.172242 0.00263852
2 0.0800439 0.79613 0.158566 0.405456 0.00262997
0 0.281178 0.0870742 0.198103 0.174148 0.00257817
2 0.549359 0.670632 0.813923 0.584719 0.00253443
2 0.249509 0.869797 0.220145 0.259612 0.00250554
1 0.752586 0.0706098 0.38995 0.139609 0.00250549
0 0.365693 0.0861944 0.161028 0.16714 0.00249923
1 0.0586257 0.645051 0.117251 0.543945 0.00249826
0 0.0715757 0.126453 0.142544 0.252907 0.00249597
2 0.402378 0.0902459 0.237341 0.172634 0.00246724
0 0.0389758 0.730242 0.0777185 0.191775 0.00242096
0 0.914834 0.724781 0.16125 0.333472 0.00241593
2 0.660553 0.0505753 0.258389 0.101151 0.00235938
0 0.0778944 0.215093 0.155551 0.430187 0.00235162
0 0.254701 0.113134 0.497023 0.226268 0.00235137
0 0.865998 0.941416 0.265271 0.117168 0.00234788
0 0.207148 0.333692 0.348652 0.210312 0.00234598
0 0.194878 0.102066 0.385876 0.204133 0.00234155
0 0.093539 0.836339 0.187078 0.327322 0.00232274
2 0.0953977 0.124025 0.190164 0.248049 0.00232224
0 0.952642 0.695534 0.0943394 0.40982 0.00231296
0 0.120253 0.110275 0.240505 0.220551 0.00230734
0 0.878775 0.748784 0.235683 0.28317 0.00230656
2 0.0216153 0.704646 0.0432305 0.233961 0.00226897
2 0.195998 0.928057 0.373979 0.143886 0.00225557
1 0.251723 0.864767 0.216347 0.261711 0.00221401
0 0.884046 0.0487466 0.100782 0.0974931 0.00220607
2 0.206236 0.704825 0.407352 0.553961 0.00220436
1 0.442906 0.102457 0.387238 0.200974 0.00219606
0 0.18968 0.497915 0.37897 0.97119 0.00218418
1 0.0352775 0.416251 0.070555 0.712476 0.00218035
0 0.889342 0.827028 0.16846 0.126884 0.00215814
0 0.140146 0.854223 0.271413 0.291554 0.00212784
0 0.145339 0.271549 0.289348 0.528043 0.00211386
2 0.950791 0.880515 0.0978023 0.222558 0.00209908
0 0.225213 0.123004 0.336692 0.242838 0.00209455
0 0.231182 0.37755 0.450521 0.717613 0.00208499
2 0.159563 0.633634 0.317753 0.698031 0.00208176
1 0.748943 0.0249992 0.46169 0.0499984 0.00207562
2 0.0410007 0.732405 0.0820014 0.214788 0.0020719
0 0.0351476 0.503275 0.0702951 0.22799 0.00204786
2 0.219014 0.612254 0.433786 0.683666 0.00204381
0 0.738123 0.831129 0.514229 0.326312 0.00201987
0 0.487818 0.102938 0.24439 0.205876 0.00201909
0 0.502782 0.0777651 0.140367 0.15553 0.00197317
0 0.0326925 0.571658 0.0650602 0.277496 0.00196145
0 0.221268 0.0934134 0.257809 0.186827 0.0019599
0 0.429836 0.871621 0.0384528 0.0533366 0.00195576
0 0.746683 0.0654507 0.391056 0.12582 0.00195521
0 0.290001 0.069953 0.162656 0.139906 0.00194224
0 0.746558 0.50081 0.35566 0.513757 0.00193046
0 0.873244 0.883592 0.253513 0.207531 0.00192525
2 0.570781 0.941363 0.171239 0.117275 0.00192227
1 0.762554 0.0119801 0.433404 0.0239602 0.00192213
0 0.96924 0.706235 0.0364487 0.0390435 0.00191917
1 0.884223 0.0407973 0.10569 0.0815945 0.00188472
0 0.988598 0.937645 0.0226383 0.115047 0.00187583
0 0.255025 0.302534 0.364378 0.437234 0.00186921
2 0.522027 0.105904 0.25292 0.211807 0.00186001
0 0.645523 0.0595166 0.28063 0.117255 0.00184286
0 0.121168 0.0760338 0.242336 0.144063 0.00184243
2 0.555727 0.938172 0.318354 0.123656 0.00181009
2 0.877945 0.0520113 0.181432 0.104023 0.00176231
0 0.81657 0.0992894 0.309835 0.192061 0.00175113
2 0.850928 0.00815776 0.184838 0.0163155 0.00173842
1 0.195109 0.89274 0.331325 0.21452 0.00171837
0 0.672951 0.0720364 0.265457 0.137344 0.00170857
2 0.57057 0.908779 0.17239 0.182442 0.00169484
0 0.570281 0.801511 0.253836 0.396979 0.00169112
1 0.782635 0.0050615 0.365984 0.010123 0.00166694
0 0.947634 0.784907 0.084351 0.19007 0.00165147
0 0.674461 0.765298 0.263327 0.349396 0.00164116
0 0.613313 0.228484 0.362167 0.456969 0.00161566
0 0.446091 0.399644 0.344801 0.616638 0.00160387
0 0.0174221 0.742149 0.0348442 0.18691 0.00159617
1 0.318376 0.86415 0.301049 0.257897 0.00159238
0 0.261628 0.207009 0.438151 0.414019 0.00157981
2 0.613838 0.832274 0.177998 0.24932 0.00157695
1 0.771421 0.80607 0.0278042 0.0793774 0.00156982
2 0.597496 0.90755 0.292373 0.184899 0.00156695
0 0.954538 0.671114 0.0909245 0.648635 0.00155106
2 0.165553 0.102833 0.331106 0.195609 0.00154923
0 0.732459 0.385195 0.331964 0.52897 0.00154737
0 0.0221347 0.725862 0.0442694 0.186813 0.00154504
0 0.289429 0.0906447 0.313997 0.177184 0.00154182
2 0.0115434 0.693011 0.0230591 0.279417 0.00153585
0 0.975822 0.714149 0.0477589 0.0804648 0.00152667
0 0.162004 0.341172 0.241435 0.22943 0.00152518
0 0.974931 0.715267 0.049828 0.114421 0.00151763
1 0.8266 0.00439522 0.266617 0.00879043 0.00151114
0 0.899664 0.781875 0.167995 0.215332 0.00150317
0 0.671175 0.677766 0.241236 0.378636 0.00150247
0 0.953478 0.955427 0.0930435 0.0891463 0.00149738
0 0.262461 0.0578098 0.214496 0.11562 0.0014962
0 0.149714 0.937606 0.0849818 0.124787 0.00149523
1 0.707419 0.0347126 0.389014 0.0694251 0.00147314
0 0.805472 0.623149 0.261288 0.474039 0.00146007
2 0.760027 0.901031 0.479945 0.181443 0.00145942
1 0.921626 0.0796778 0.154525 0.159356 0.00145537
1 0.0755334 0.401053 0.151067 0.627805 0.0014374
0 0.0359393 0.776711 0.0713958 0.200586 0.00143657
0 0.0512265 0.784525 0.102089 0.414371 0.00143288
2 0.258322 0.934048 0.370448 0.131904 0.00142807
0 0.798894 0.869014 0.402211 0.24343 0.00142653
1 0.548239 0.0431537 0.258315 0.0863073 0.00142622
0 0.981624 0.969075 0.0367524 0.0572252 0.00142292
0 0.861967 0.0810649 0.276066 0.1585 0.0014207
1 0.839205 0.739331 0.304836 0.301142 0.00141649
0 0.0850073 0.772405 0.170015 0.427222 0.00141565
0 0.839441 0.145259 0.321119 0.290518 0.00141524
1 0.902436 0.0243271 0.195128 0.0486541 0.00140909
2 0.55592 0.964578 0.226145 0.0708446 0.00140812
1 0.423047 0.418285 0.381252 0.586609 0.00140745
0 0.777424 0.941465 0.445151 0.112469 0.00140685
0 0.80228 0.718794 0.204538 0.266836 0.00140239
1 0.682451 0.0236716 0.338042 0.0473432 0.00140055
0 0.0515066 0.884514 0.103013 0.227113 0.00139163
0 0.54252 0.931947 0.213069 0.136107 0.00138884
1 0.882163 0.029906 0.0964906 0.059812 0.00138791
0 0.0552604 0.432519 0.110521 0.644938 0.00138309
0 0.815235 0.80932 0.347186 0.166091 0.00138224
0 0.713326 0.776261 0.195088 0.145027 0.00138212
2 0.532551 0.0598394 0.195843 0.119679 0.00137501
0 0.93851 0.883821 0.122198 0.215072 0.0013738
0 0.281779 0.598757 0.355704 0.348931 0.00137263
0 0.239337 0.866503 0.246467 0.258814 0.00136293
0 0.147104 0.042383 0.294207 0.0812145 0.00136252
0 0.890143 0.686873 0.213404 0.421924 0.00135792
0 0.205291 0.233082 0.381961 0.164515 0.00135463
0 0.956192 0.331145 0.0876151 0.662291 0.00134315
2 0.775074 0.855735 0.449852 0.266992 0.00134197
0 0.983435 0.857703 0.0331303 0.284595 0.00133602
0 0.195998 0.27887 0.321185 0.240429 0.00133273
0 0.193273 0.924057 0.269066 0.151887 0.00133237
0 0.469547 0.12796 0.405642 0.25592 0.0013253
1 0.616415 0.0473694 0.319266 0.0947388 0.00131696
2 0.464111 0.392426 0.322932 0.517612 0.00131535
0 0.214989 0.0513508 0.238809 0.101909 0.00131333
0 0.934623 0.941849 0.130753 0.116301 0.00131304
0 0.0374328 0.185904 0.0747446 0.371808 0.00130319
2 0.64326 0.830245 0.27074 0.246603 0.00129823
1 0.651474 0.0145336 0.328859 0.0290673 0.0012981
0 0.0324521 0.498217 0.0609066 0.0869095 0.00129283
1 0.922054 0.0121166 0.155891 0.0242331 0.00129093
0 0.152344 0.401496 0.226056 0.37287 0.00128872
0 0.989194 0.910092 0.0212856 0.179816 0.0012856
0 0.831791 0.284852 0.336418 0.220933 0.00128387
0 0.721416 0.945384 0.449993 0.101067 0.00128143
0 0.179951 0.0560728 0.315638 0.109606 0.00127994
0 0.59915 0.194022 0.445624 0.388044 0.00127452
2 0.23297 0.953878 0.321565 0.0922436 0.00126922
0 0.971452 0.963344 0.0570962 0.0733111 0.00125562
0 0.132997 0.320289 0.167391 0.216523 0.00124877
1 0.466929 0.494245 0.265654 0.614845 0.00124823
0 0.490634 0.466649 0.254517 0.630876 0.00124308
1 0.607113 0.00414884 0.326876 0.00829768 0.00124255
2 0.6587 0.88932 0.445814 0.211678 0.00123789
0 0.683213 0.736043 0.235606 0.236525 0.00123707
0 0.187947 0.936165 0.154337 0.12767 0.00123569
1 0.741884 0.519878 0.31718 0.595853 0.00123499
0 0.806386 0.514767 0.279597 0.453944 0.00123202
0 0.291726 0.123391 0.336667 0.244421 0.00122278
2 0.763983 0.797083 0.042637 0.0978098 0.00121952
0 0.228449 0.355809 0.392255 0.371742 0.00120796
0 0.894341 0.936925 0.210825 0.12013 0.00120774
0 0.515902 0.796014 0.239585 0.407973 0.00120341
0 0.918058 0.845637 0.0417559 0.0841341 0.00120244
2 0.820847 0.892078 0.358306 0.199073 0.00120228
1 0.439543 0.0194905 0.306385 0.038981 0.00120195
0 0.734443 0.761523 0.374111 0.181985 0.00120128
0 0.76909 0.799278 0.032876 0.0935946 0.0011979
0 0.121702 0.593604 0.243405 0.316788 0.00119438
2 0.577091 0.956596 0.22965 0.0868077 0.00118785
0 0.228994 0.646151 0.264929 0.440029 0.00118682
0 0.557444 0.118518 0.480771 0.237036 0.00118678
1 0.579094 0.123405 0.48387 0.24681 0.00118555
0 0.829736 0.217373 0.340528 0.287457 0.00118546
0 0.0129601 0.777828 0.0259202 0.270804 0.00118321
2 0.719787 0.910913 0.467936 0.159169 0.00118099
2 0.536771 0.952679 0.265888 0.0946419 0.00117238
0 0.0278864 0.71573 0.0557728 0.229556 0.00115398
0 0.681696 0.844958 0.384916 0.251477 0.00115227
0 0.22816 0.948679 0.315483 0.102642 0.00114982
1 0.450841 0.00662369 0.323815 0.0132474 0.00114623
0 0.858511 0.112031 0.282126 0.224063 0.00114519
2 0.754716 0.750913 0.108945 0.191866 0.00114464
2 0.177432 0.907662 0.14541 0.180275 0.00114188
0 0.953682 0.244382 0.0926363 0.488764 0.00113886
0 0.200854 0.402594 0.320043 0.371659 0.00113798
1 0.191456 0.00277525 0.382911 0.00555049 0.00113601
0 0.370046 0.864714 0.30357 0.210377 0.00113462
0 0.630386 0.937881 0.450646 0.122512 0.00113301
0 0.837856 0.714808 0.306673 0.361124 0.00113096
1 0.764747 0.798536 0.0411834 0.0934502 0.00113079
0 0.129825 0.365803 0.20707 0.294326 0.00112618
2 0.576344 0.112543 0.359861 0.225086 0.00112558
0 0.797311 0.808571 0.405379 0.197115 0.00112459
2 0.615166 0.970845 0.312449 0.0583101 0.00111989
0 0.0210807 0.554041 0.0420264 0.348121 0.0011187
2 0.777289 0.745551 0.227556 0.210442 0.00111751
0 0.847538 0.319359 0.304923 0.273393 0.00111297
0 0.214528 0.962407 0.264341 0.0751857 0.00110808
1 0.475549 0.00492032 0.312779 0.00984064 0.00110765
