1 0.479965 0.528524 0.908578 0.906909 0.624202
1 0.319291 0.282804 0.638582 0.556707 0.232978
1 0.522429 0.530711 0.55826 0.817253 0.176902
1 0.599652 0.406421 0.799806 0.812841 0.163158
1 0.429989 0.341441 0.856851 0.681124 0.146742
1 0.195853 0.307316 0.391706 0.596292 0.143263
1 0.717551 0.38967 0.559325 0.77934 0.0958215
1 0.188265 0.490378 0.376529 0.962122 0.0930477
1 0.718475 0.209384 0.558407 0.41565 0.0833684
1 0.593957 0.232347 0.812085 0.464694 0.0804829
1 0.688491 0.507419 0.60662 0.913097 0.0613689
1 0.520781 0.658184 0.548221 0.663988 0.0237185
1 0.282 0.501408 0.564 0.997185 0.0219902
1 0.0521165 0.479424 0.104233 0.951652 0.0216766
1 0.602324 0.0532641 0.238843 0.106528 0.0193538
1 0.587767 0.481178 0.444746 0.715977 0.0180641
1 0.565493 0.0478724 0.142558 0.0957449 0.0168473
1 0.565651 0.111313 0.868698 0.222625 0.0149282
1 0.783595 0.188236 0.432811 0.376473 0.0140996
2 0.491572 0.135046 0.974257 0.261456 0.0138684
1 0.61417 0.695033 0.660076 0.59305 0.0134148
1 0.44455 0.23261 0.889101 0.444999 0.012848
1 0.106543 0.430165 0.213086 0.848093 0.012846
1 0.0360263 0.511684 0.0720527 0.937521 0.012267
1 0.787252 0.44698 0.425496 0.89396 0.0111306
1 0.615073 0.0660248 0.288623 0.13205 0.0111165
1 0.939574 0.461198 0.120852 0.922397 0.0097439
2 0.534304 0.102232 0.931393 0.204465 0.009419
1 0.53087 0.159842 0.938261 0.319684 0.00928385
2 0.625604 0.0816129 0.747601 0.163226 0.00871446
1 0.933077 0.213251 0.133845 0.426502 0.00862007
1 0.600947 0.799772 0.659328 0.377355 0.0085988
1 0.661064 0.17215 0.673463 0.344301 0.00814519
1 0.906094 0.484047 0.187811 0.968093 0.00759434
1 0.43771 0.675981 0.796377 0.620537 0.00728346
2 0.73183 0.181406 0.536278 0.362812 0.00711937
1 0.404893 0.173791 0.809787 0.32469 0.00638038
2 0.649696 0.509805 0.695859 0.960727 0.00628218
1 0.680511 0.602674 0.203814 0.387397 0.00573687
1 0.425827 0.761862 0.692954 0.457303 0.00556603
1 0.743271 0.0645324 0.196996 0.129065 0.0055329
1 0.677638 0.0652202 0.301792 0.13044 0.00540136
2 0.564634 0.0497916 0.141912 0.0980744 0.0053547
1 0.506577 0.456541 0.276445 0.490122 0.00509998
1 0.195362 0.147276 0.390723 0.275141 0.00446255
1 0.942753 0.171983 0.114494 0.343966 0.00430548
1 0.501801 0.528536 0.275971 0.332039 0.00410968
2 0.0339211 0.654908 0.0678423 0.680001 0.00402619
1 0.592151 0.410974 0.437819 0.478535 0.00402152
2 0.951927 0.514818 0.0961458 0.918192 0.00395028
1 0.602157 0.610847 0.761407 0.713919 0.00394396
1 0.837706 0.0841127 0.320526 0.168225 0.00391195
1 0.590563 0.925598 0.709792 0.148805 0.00386372
1 0.777974 0.0646352 0.302913 0.12927 0.00382285
1 0.236001 0.332975 0.26033 0.404607 0.00379177
1 0.085685 0.196408 0.17137 0.392816 0.00364253
1 0.534735 0.0447099 0.195718 0.0894197 0.0035287
2 0.607766 0.816199 0.762472 0.346022 0.00319157
0 0.384476 0.822218 0.739368 0.346758 0.00315603
1 0.494896 0.937691 0.730308 0.124618 0.0031357
2 0.036745 0.75129 0.0734901 0.497419 0.00308648
2 0.920939 0.494622 0.156873 0.978176 0.0030759
2 0.816127 0.485665 0.367746 0.971331 0.00307275
2 0.957551 0.613609 0.0848985 0.739354 0.00305259
1 0.791928 0.077632 0.416144 0.148752 0.00301407
2 0.37991 0.942068 0.728819 0.115864 0.00298527
2 0.0867639 0.117237 0.173528 0.234474 0.00296496
2 0.636805 0.695043 0.707679 0.596226 0.00293809
2 0.381827 0.736082 0.757933 0.519886 0.00289282
1 0.0729348 0.150938 0.14587 0.301875 0.00288762
1 0.661534 0.0649224 0.42299 0.12575 0.00288128
2 0.0510129 0.794791 0.102026 0.410419 0.00283893
2 0.736728 0.0663231 0.206373 0.130689 0.00275847
1 0.114191 0.182712 0.228382 0.35957 0.0026862
0 0.959895 0.665453 0.080209 0.642766 0.00266157
0 0.961382 0.768493 0.0772362 0.453065 0.00264309
1 0.643506 0.0746188 0.365681 0.149238 0.00257042
0 0.951336 0.897646 0.0973286 0.204709 0.00256896
2 0.621731 0.928629 0.702653 0.142743 0.00254626
0 0.315453 0.947401 0.630907 0.105197 0.00249836
2 0.146321 0.142068 0.292642 0.284137 0.00244597
0 0.243722 0.95786 0.472065 0.0842798 0.00241361
1 0.49367 0.0438833 0.206105 0.0877666 0.00232543
2 0.238717 0.139122 0.477434 0.278244 0.00229351
0 0.103459 0.874845 0.206918 0.250309 0.00218317
1 0.193014 0.332541 0.373305 0.406325 0.00217554
1 0.296649 0.341149 0.387609 0.424249 0.00214548
0 0.132447 0.931517 0.255899 0.136965 0.00213565
1 0.133139 0.589262 0.266278 0.821476 0.00213434
1 0.61805 0.461617 0.31176 0.606082 0.00212309
0 0.233989 0.0831643 0.353617 0.160836 0.00209721
1 0.545479 0.0512378 0.242683 0.102476 0.00204264
1 0.507559 0.815279 0.351095 0.356869 0.00203365
0 0.840689 0.964928 0.306442 0.0701438 0.00202616
2 0.111594 0.659282 0.223188 0.681437 0.00201433
1 0.650073 0.445605 0.274486 0.48806 0.00199227
1 0.846216 0.189353 0.291139 0.378706 0.00198076
0 0.264133 0.87225 0.519151 0.230494 0.00197269
0 0.0980133 0.785952 0.194934 0.427035 0.00196822
2 0.705715 0.944536 0.567515 0.110928 0.0019499
1 0.68373 0.51759 0.19744 0.625255 0.00192318
0 0.743721 0.961471 0.499946 0.0770573 0.00191505
0 0.877037 0.770313 0.24107 0.42981 0.00190472
2 0.280615 0.669822 0.55439 0.653229 0.00189642
2 0.924607 0.637304 0.150562 0.675397 0.00189382
0 0.263554 0.775605 0.522239 0.437483 0.00189041
0 0.885733 0.85673 0.215896 0.262015 0.00188778
0 0.90886 0.705766 0.180584 0.529022 0.00187634
1 0.467539 0.849308 0.274009 0.281566 0.00187391
0 0.10566 0.711108 0.211088 0.577785 0.00184914
1 0.0583888 0.264644 0.116778 0.529289 0.0018378
1 0.509104 0.735033 0.36072 0.529935 0.00181229
1 0.0532491 0.362235 0.106498 0.724469 0.00179189
1 0.932257 0.0875806 0.133503 0.175161 0.0017899
1 0.726642 0.065328 0.301629 0.125547 0.00178073
1 0.030483 0.647168 0.060966 0.705664 0.00177752
1 0.63898 0.609261 0.28945 0.364637 0.00173461
1 0.223197 0.889539 0.446395 0.201948 0.00170119
1 0.070444 0.397168 0.140888 0.788223 0.00169735
1 0.245738 0.068718 0.315393 0.132462 0.00166421
0 0.206799 0.666567 0.407469 0.650576 0.00164214
0 0.748909 0.828276 0.461085 0.320557 0.00163757
2 0.815962 0.684833 0.358053 0.592253 0.00163453
1 0.668921 0.116937 0.464754 0.231158 0.00162927
0 0.781182 0.73219 0.421072 0.516932 0.00159533
0 0.263335 0.0602995 0.28252 0.115529 0.0015906
1 0.562914 0.0705295 0.15813 0.139883 0.00157711
1 0.520897 0.0382617 0.259857 0.0765233 0.00157165
0 0.657506 0.128829 0.379897 0.257163 0.00156087
1 0.439646 0.0418689 0.223998 0.0837378 0.00153727
1 0.684571 0.0447742 0.374258 0.0895483 0.00147929
1 0.501407 0.014696 0.27194 0.029392 0.0014709
1 0.957461 0.74824 0.0848031 0.50352 0.00146862
0 0.427987 0.898692 0.251929 0.181527 0.00143257
1 0.765306 0.0214983 0.261555 0.0429966 0.00142369
0 0.305289 0.0856681 0.460763 0.159828 0.00140175
1 0.806626 0.00568551 0.351204 0.011371 0.00138117
1 0.734463 0.100031 0.46942 0.193859 0.00134858
1 0.0719805 0.667554 0.143221 0.664891 0.00133705
0 0.506996 0.540746 0.282035 0.308981 0.0013354
1 0.200962 0.937192 0.401923 0.119151 0.00133477
0 0.443842 0.870613 0.211594 0.233399 0.00132109
1 0.711222 0.144976 0.485534 0.283235 0.00131885
1 0.233483 0.547788 0.415657 0.461329 0.00129349
1 0.23592 0.863668 0.471841 0.262021 0.00129209
2 0.939702 0.0976804 0.120595 0.195361 0.00129033
0 0.562027 0.162363 0.19504 0.323915 0.00127164
0 0.0526146 0.841711 0.105229 0.316577 0.00126785
1 0.826397 0.0255958 0.347206 0.0511917 0.00126206
1 0.875946 0.0833851 0.248108 0.16677 0.00123897
1 0.472232 0.00398672 0.298554 0.00797344 0.00123134
1 0.209699 0.0497841 0.331851 0.0943504 0.00122696
1 0.616061 0.536559 0.253978 0.486412 0.00122308
1 0.799106 0.252273 0.401788 0.236997 0.00122284
1 0.273899 0.52919 0.432475 0.227817 0.00122154
1 0.503069 0.396247 0.331035 0.469913 0.00121836
1 0.464543 0.0539902 0.28058 0.10798 0.00121323
1 0.444493 0.820977 0.215063 0.338027 0.00121014
1 0.681453 0.828051 0.465541 0.32687 0.0011794
0 0.302865 0.0502383 0.279481 0.0976262 0.00116549
1 0.068806 0.536182 0.137368 0.792435 0.00116258
1 0.248484 0.912987 0.496968 0.157066 0.00115748
1 0.727151 0.612503 0.297854 0.360412 0.00115062
0 0.217825 0.106472 0.43565 0.198864 0.00114826
0 0.957233 0.827407 0.0855344 0.343913 0.00114619
0 0.219576 0.136901 0.376381 0.259173 0.00114612
1 0.561594 0.501409 0.153302 0.388249 0.00114609
1 0.518877 0.9313 0.520279 0.123898 0.00113812
1 0.444661 0.923736 0.457357 0.131854 0.00113675
1 0.281664 0.471848 0.360738 0.256586 0.0011364
0 0.201307 0.0689197 0.402613 0.128946 0.00113304
0 0.399963 0.915908 0.341367 0.145169 0.00112962
1 0.499936 0.609057 0.277413 0.566957 0.00112494
1 0.228281 0.501797 0.420113 0.286272 0.00111837
1 0.114902 0.486561 0.229805 0.536322 0.00111612
1 0.456989 0.00242643 0.323936 0.00485286 0.00111194
0 0.233119 0.939578 0.466238 0.110712 0.00110794
0 0.669315 0.174082 0.447178 0.346015 0.00110771
1 0.627532 0.803335 0.39639 0.391973 0.00109725
1 0.185328 0.23113 0.370656 0.440979 0.00109577
2 0.183608 0.988958 0.367216 0.0220834 0.00108463
1 0.600156 0.936899 0.501233 0.113075 0.00108332
0 0.624839 0.716799 0.391058 0.200525 0.00107834
1 0.788705 0.32894 0.42259 0.247011 0.00107371
1 0.41951 0.415305 0.439866 0.464349 0.0010734
1 0.046104 0.732827 0.0918793 0.534346 0.00107271
1 0.797684 0.761405 0.404631 0.295204 0.00106895
1 0.534312 0.907027 0.528297 0.161278 0.00106842
0 0.411077 0.06114 0.301081 0.12228 0.00106675
1 0.171208 0.559696 0.342416 0.392698 0.00106431
0 0.934817 0.255449 0.130367 0.510897 0.00106406
0 0.306593 0.0752959 0.322184 0.148072 0.00105459
2 0.148486 0.990939 0.296972 0.0181213 0.00105387
0 0.486123 0.460796 0.327534 0.491914 0.00104999
1 0.33983 0.00289249 0.377348 0.00578499 0.0010482
1 0.140049 0.0562347 0.280098 0.106196 0.00104635
2 0.481852 0.986208 0.429023 0.027584 0.00104602
0 0.505522 0.079424 0.278363 0.158848 0.001044
1 0.192955 0.509947 0.385911 0.228842 0.00104125
1 0.836522 0.788686 0.326957 0.387344 0.00103947
0 0.194019 0.986138 0.388038 0.0277247 0.00103837
2 0.425429 0.939103 0.345909 0.121794 0.00103207
0 0.653387 0.738239 0.408953 0.27014 0.00103147
2 0.64566 0.4079 0.285687 0.409295 0.00102842
0 0.951905 0.905577 0.0961903 0.177354 0.00102808
2 0.248176 0.469054 0.437776 0.258083 0.00102766
0 0.656426 0.240563 0.371898 0.411486 0.00102688
0 0.159535 0.930117 0.31907 0.130004 0.0010236
2 0.70223 0.687066 0.39631 0.28077 0.00101881
0 0.267012 0.893395 0.344104 0.193179 0.00101861
1 0.728344 0.869212 0.463334 0.242483 0.00101706
2 0.619022 0.99515 0.404215 0.0097005 0.00101258
1 0.845127 0.42166 0.309747 0.491549 0.00100803
1 0.897105 0.188487 0.205789 0.376974 0.00100664
0 0.805665 0.388325 0.38867 0.418773 0.00100655
1 0.57945 0.823747 0.403497 0.33279 0.00100527
0 0.325892 0.899775 0.324292 0.181939 0.000998671
0 0.183782 0.572503 0.354908 0.52481 0.000996606
0 0.669169 0.937497 0.515919 0.112296 0.000996575
1 0.941323 0.773387 0.117277 0.380928 0.000993181
0 0.657489 0.248636 0.426467 0.275248 0.00098766
2 0.444059 0.981442 0.373412 0.0371166 0.000987623
2 0.56956 0.99154 0.42663 0.0169207 0.000986829
2 0.12405 0.988816 0.2481 0.0223674 0.0009862
1 0.9567 0.81395 0.0862545 0.35422 0.000986149
2 0.439624 0.896153 0.211203 0.183098 0.000983436
1 0.915157 0.803467 0.16911 0.366823 0.000983074
1 0.260055 0.00262359 0.383041 0.00524718 0.000983053
0 0.41315 0.126524 0.515901 0.246565 0.00098297
0 0.260331 0.594854 0.33923 0.559226 0.000980138
1 0.683438 0.749753 0.417419 0.318577 0.000980128
2 0.718064 0.760849 0.436828 0.372015 0.000979397
1 0.677744 0.905372 0.531337 0.169359 0.000978487
0 0.864854 0.447906 0.270292 0.529381 0.000977477
0 0.287442 0.733391 0.500885 0.240525 0.000976361
0 0.389725 0.0893165 0.50274 0.170558 0.000974911
0 0.408873 0.928116 0.326887 0.143768 0.00097421
1 0.562941 0.784625 0.354393 0.430672 0.000972985
2 0.763174 0.995659 0.406728 0.00868115 0.000970232
0 0.264825 0.642934 0.434341 0.390767 0.000969052
0 0.180364 0.452809 0.360728 0.174424 0.000968406
0 0.832381 0.309383 0.335239 0.154653 0.000966803
2 0.939797 0.810452 0.120224 0.353199 0.000966555
1 0.358446 0.365069 0.456893 0.452485 0.000966293
1 0.436339 0.00216377 0.342776 0.00432755 0.000964474
1 0.169839 0.89636 0.339679 0.187298 0.000960464
0 0.657501 0.67955 0.355924 0.244225 0.000956199
0 0.111317 0.977728 0.222634 0.0445438 0.000955406
0 0.91853 0.324842 0.162939 0.649683 0.000955358
2 0.691454 0.995016 0.407445 0.0099682 0.000954625
0 0.83418 0.345152 0.33164 0.222725 0.000954579
2 0.85318 0.985604 0.29364 0.0287922 0.000952181
0 0.945709 0.351054 0.108582 0.702107 0.000950504
2 0.37787 0.967409 0.322078 0.0651826 0.000949431
1 0.237477 0.404082 0.401247 0.312794 0.000941644
2 0.930225 0.181475 0.139549 0.36295 0.000940796
0 0.249015 0.911739 0.436143 0.167958 0.000937587
1 0.877611 0.455196 0.244778 0.518374 0.0009333
0 0.344294 0.0443113 0.213908 0.0877254 0.000929091
1 0.776344 0.70151 0.447313 0.236906 0.000922843
2 0.551084 0.0444454 0.184878 0.0888908 0.000921333
0 0.148293 0.343757 0.296586 0.397972 0.000919371
1 0.924021 0.31196 0.151958 0.62392 0.000918592
1 0.590197 0.326359 0.447566 0.373745 0.000918086
1 0.279217 0.574868 0.350212 0.581706 0.000915033
1 0.511616 0.680571 0.367274 0.322499 0.000912328
1 0.385771 0.0424473 0.199992 0.0848946 0.000912207
0 0.758849 0.938642 0.421156 0.107313 0.000911873
1 0.135112 0.480424 0.270224 0.412321 0.000910996
0 0.109463 0.916733 0.218926 0.156394 0.000909737
0 0.213666 0.456862 0.409599 0.22723 0.000906917
1 0.0700153 0.751928 0.13911 0.496145 0.000901678
2 0.254313 0.991972 0.399146 0.0160559 0.000901174
2 0.433041 0.089548 0.477868 0.175338 0.000900022
1 0.728982 0.795537 0.439868 0.396589 0.000899729
2 0.0881135 0.957777 0.176227 0.0844452 0.00089827
0 0.436609 0.830328 0.20121 0.319296 0.000896357
2 0.89437 0.924231 0.211259 0.151538 0.000893892
1 0.152853 0.311891 0.305706 0.446608 0.000893758
2 0.715296 0.907856 0.520806 0.16379 0.000890314
0 0.464665 0.141577 0.387507 0.258486 0.000889417
1 0.913329 0.278822 0.172731 0.521193 0.00088907
0 0.230343 0.35594 0.211722 0.360508 0.000887727
0 0.800341 0.350525 0.399318 0.262877 0.000885331
0 0.864288 0.199098 0.245855 0.354709 0.000882955
2 0.769244 0.786422 0.461512 0.302864 0.000882257
0 0.231197 0.991318 0.40323 0.0173642 0.000880953
1 0.793146 0.830731 0.413708 0.293595 0.000880881
0 0.30201 0.796685 0.512749 0.321301 0.000878421
1 0.0804379 0.118339 0.160876 0.236678 0.000878265
0 0.197166 0.182988 0.394331 0.349977 0.000878239
0 0.587853 0.748591 0.421854 0.281086 0.000875795
0 0.353574 0.895873 0.226964 0.183398 0.000874662
2 0.309701 0.994592 0.376051 0.0108162 0.000873652
0 0.33733 0.991621 0.346338 0.0167584 0.000872268
0 0.528271 0.148704 0.195635 0.293844 0.000871912
0 0.222934 0.637033 0.445869 0.485552 0.000870658
0 0.143088 0.536394 0.286177 0.470403 0.000869964
1 0.156882 0.00285081 0.313764 0.00570162 0.000868719
1 0.499821 0.325692 0.344776 0.374398 0.000864299
