1 0.430564 0.571767 0.757921 0.533565 0.918885
1 0.425319 0.471438 0.716293 0.326465 0.0617254
1 0.444618 0.668035 0.748491 0.336014 0.03808
0 0.567118 0.135722 0.0357151 0.0230656 0.0120218
1 0.446525 0.766679 0.747681 0.452891 0.0074775
1 0.531982 0.375119 0.905316 0.737936 0.0056862
1 0.48111 0.364994 0.80671 0.534032 0.00556237
1 0.546341 0.577113 0.907318 0.791983 0.00526893
1 0.352666 0.536555 0.584162 0.343936 0.00511106
1 0.413967 0.0474395 0.575372 0.094879 0.00505057
0 0.557859 0.397672 0.881343 0.79066 0.00431909
1 0.434489 0.113286 0.64412 0.226571 0.00426774
1 0.651815 0.287291 0.65682 0.569235 0.00407285
1 0.484691 0.367895 0.752128 0.400373 0.00406094
1 0.693227 0.568232 0.613546 0.832041 0.00396931
0 0.163102 0.923984 0.317281 0.150763 0.00393547
1 0.574421 0.750428 0.851158 0.498166 0.00393004
1 0.175816 0.728556 0.351633 0.537813 0.00380342
0 0.281063 0.101527 0.302241 0.203055 0.00376073
0 0.512699 0.284074 0.874192 0.564078 0.00374043
0 0.228489 0.926893 0.390428 0.142715 0.00367569
1 0.554351 0.0470941 0.588471 0.094155 0.00367272
1 0.67347 0.406053 0.646988 0.795323 0.00367097
0 0.261715 0.962091 0.504662 0.0743523 0.00366178
1 0.489766 0.266401 0.903021 0.529616 0.00360846
2 0.13118 0.670479 0.262361 0.544373 0.0035559
1 0.523574 0.172458 0.805704 0.342702 0.00353252
0 0.216514 0.954067 0.433028 0.0901969 0.00343189
1 0.756324 0.766127 0.487351 0.464866 0.00342943
0 0.370465 0.558777 0.636158 0.540309 0.00334457
2 0.353107 0.0541646 0.663889 0.107542 0.00333407
1 0.503228 0.433053 0.508766 0.253718 0.00330379
1 0.330391 0.759904 0.636766 0.479171 0.00327417
1 0.531559 0.683975 0.539333 0.321309 0.0032401
0 0.26258 0.913933 0.525159 0.17153 0.00323656
1 0.683897 0.17814 0.598979 0.352206 0.00323167
0 0.366465 0.966848 0.707505 0.0655487 0.00321908
0 0.466645 0.212093 0.933291 0.413505 0.00319709
0 0.931503 0.092284 0.136995 0.184568 0.00319251
1 0.63616 0.0581523 0.613099 0.116206 0.00316146
0 0.134124 0.476956 0.268248 0.510191 0.00312696
0 0.122442 0.894687 0.244885 0.210627 0.00308884
0 0.158911 0.614266 0.305834 0.664534 0.00306044
1 0.240943 0.772115 0.481886 0.452976 0.00305892
0 0.11139 0.797431 0.22278 0.392447 0.0030553
0 0.316315 0.568782 0.527294 0.412619 0.00304825
0 0.198834 0.881425 0.397668 0.236087 0.00303917
0 0.410377 0.864273 0.820753 0.271455 0.00300376
0 0.500885 0.381938 0.687964 0.43557 0.0030031
0 0.959566 0.405126 0.0808678 0.427326 0.00299804
0 0.926793 0.150604 0.146415 0.301208 0.00297492
0 0.0926769 0.856525 0.185354 0.286656 0.00296499
0 0.957892 0.507353 0.084215 0.447036 0.00295173
0 0.867502 0.076797 0.259914 0.153594 0.00294441
0 0.178603 0.489272 0.322483 0.54481 0.00293482
0 0.121615 0.0815273 0.243231 0.163055 0.00293171
1 0.85122 0.635023 0.297559 0.693488 0.00292757
0 0.956838 0.592832 0.0863242 0.530911 0.00291907
0 0.945771 0.188635 0.108459 0.365904 0.00290141
0 0.960717 0.296077 0.0785656 0.38425 0.00287471
0 0.957964 0.233944 0.0840729 0.398705 0.00286315
0 0.912405 0.930652 0.175191 0.138696 0.00283528
0 0.874144 0.255457 0.243486 0.437141 0.00282685
0 0.875608 0.407216 0.221075 0.470725 0.00282621
0 0.876957 0.329748 0.227127 0.428435 0.00280104
1 0.155598 0.645499 0.311196 0.655416 0.00277997
0 0.165768 0.790064 0.331537 0.419693 0.00277868
0 0.347852 0.499698 0.572138 0.370818 0.00277245
0 0.134851 0.189365 0.269702 0.359678 0.00277174
0 0.881856 0.502669 0.215319 0.543925 0.00273478
0 0.286991 0.789657 0.573983 0.420686 0.00273052
0 0.293724 0.431832 0.250862 0.116082 0.00272897
0 0.942325 0.652099 0.11535 0.593311 0.00272786
1 0.724403 0.0785854 0.534911 0.157171 0.00272464
1 0.452088 0.850531 0.798915 0.297717 0.00271723
1 0.505227 0.464472 0.669173 0.405484 0.00271585
2 0.268368 0.0633515 0.515247 0.126171 0.00271311
0 0.130781 0.39773 0.261562 0.581917 0.0027105
1 0.765976 0.406376 0.44038 0.717032 0.00270708
0 0.612762 0.355491 0.251403 0.0862227 0.00270432
0 0.424435 0.507858 0.812305 0.57544 0.00267503
0 0.128703 0.275127 0.257407 0.432062 0.00267065
1 0.464448 0.69471 0.577646 0.280998 0.00265662
0 0.940522 0.757105 0.118955 0.435432 0.0026539
0 0.90915 0.890373 0.181701 0.214259 0.0026518
0 0.860891 0.156594 0.262419 0.312796 0.00264824
0 0.835143 0.266713 0.328798 0.519185 0.00262856
0 0.343656 0.445232 0.678262 0.747671 0.00261589
0 0.125402 0.119897 0.250804 0.239794 0.0026147
0 0.908067 0.813926 0.183866 0.350206 0.00259394
0 0.147629 0.0734157 0.295257 0.146831 0.0025935
0 0.899537 0.85518 0.200926 0.274401 0.00258908
0 0.882223 0.621918 0.233064 0.657427 0.00258544
1 0.85669 0.77073 0.286621 0.449461 0.00255968
0 0.466192 0.470657 0.920748 0.747937 0.00255208
0 0.398897 0.146631 0.692182 0.291596 0.00254251
0 0.334658 0.645148 0.653591 0.674044 0.00253726
0 0.801645 0.0787663 0.395673 0.157533 0.00252627
1 0.745275 0.665518 0.509451 0.631018 0.0024945
0 0.248557 0.424272 0.149577 0.0989206 0.00249361
1 0.440603 0.969821 0.784721 0.0589846 0.00248657
0 0.289077 0.207031 0.578154 0.398762 0.00245781
1 0.359135 0.684439 0.653217 0.578584 0.00245127
0 0.875218 0.949866 0.249564 0.0989349 0.00243162
0 0.382094 0.260912 0.764188 0.501969 0.00240381
0 0.492425 0.446432 0.509639 0.273205 0.00236713
0 0.818747 0.19051 0.343864 0.377689 0.00236231
0 0.290752 0.11407 0.581504 0.227307 0.00232321
0 0.182073 0.165982 0.364145 0.325682 0.00230787
0 0.32916 0.798882 0.0780663 0.0712338 0.00221938
0 0.226292 0.969199 0.452584 0.0616021 0.00220834
0 0.972677 0.119742 0.0382919 0.0232324 0.00219743
1 0.803664 0.963112 0.392673 0.0704601 0.00218152
0 0.844753 0.83781 0.302316 0.305978 0.00215649
1 0.582531 0.962727 0.755882 0.0722351 0.00215621
0 0.877797 0.888177 0.233824 0.208846 0.00213012
0 0.365749 0.446928 0.0643944 0.0840681 0.00212665
0 0.496631 0.0206783 0.39943 0.0412793 0.00211909
0 0.244141 0.0773328 0.222606 0.1541 0.00207831
2 0.901869 0.935347 0.186103 0.128255 0.00197677
0 0.424038 0.431227 0.537657 0.136671 0.00195516
1 0.653172 0.859203 0.651866 0.277544 0.00195125
0 0.527728 0.415755 0.440544 0.206213 0.00187167
1 0.903983 0.923016 0.186362 0.152966 0.00185458
1 0.745561 0.870374 0.465021 0.254298 0.00182699
1 0.444519 0.0184058 0.508875 0.0368116 0.00181718
0 0.30586 0.0834277 0.468369 0.16483 0.00179166
0 0.245768 0.442153 0.164601 0.138831 0.00178536
0 0.445576 0.0296291 0.447883 0.0584835 0.00176595
1 0.429776 0.0309612 0.61197 0.0619224 0.0017495
0 0.185041 0.970278 0.370082 0.0594441 0.00163186
1 0.606615 0.711644 0.388951 0.241129 0.0016187
0 0.0512451 0.128463 0.10249 0.0637223 0.0015997
2 0.0664196 0.101008 0.132839 0.144274 0.00159621
2 0.903373 0.904854 0.186706 0.18924 0.00153081
1 0.430972 0.527786 0.71183 0.28949 0.00152169
0 0.070276 0.0936516 0.140552 0.174938 0.00152147
0 0.084872 0.978146 0.169744 0.0437079 0.00150738
0 0.0632293 0.152916 0.126459 0.160437 0.00150409
1 0.394649 0.0241373 0.654616 0.0482746 0.0015003
2 0.064841 0.143934 0.129682 0.152285 0.00149408
1 0.376095 0.711081 0.520783 0.269412 0.00146476
0 0.475345 0.394864 0.561417 0.163899 0.00145076
0 0.606935 0.686585 0.403896 0.299173 0.00143249
1 0.466141 0.706787 0.431864 0.247328 0.0014178
0 0.538986 0.0154452 0.366716 0.0308905 0.00141763
0 0.319547 0.790218 0.0982769 0.080372 0.00141195
0 0.587838 0.0316573 0.605126 0.0633146 0.00140708
0 0.567209 0.114381 0.0701788 0.0806355 0.00140447
0 0.319303 0.0388696 0.553182 0.0776839 0.00139306
0 0.268125 0.975425 0.536251 0.0491505 0.00138951
1 0.793469 0.941528 0.409654 0.115348 0.00136904
2 0.0666338 0.178609 0.133268 0.194147 0.00136735
2 0.292855 0.115552 0.278948 0.184221 0.00136729
2 0.0606985 0.315935 0.121397 0.189049 0.00135973
1 0.413177 0.531339 0.767137 0.200583 0.00134988
1 0.290865 0.618109 0.472016 0.204781 0.00134454
0 0.586166 0.121199 0.122212 0.0657037 0.00133618
0 0.20363 0.0393586 0.270777 0.0777089 0.00132636
1 0.521121 0.721777 0.438467 0.217513 0.00132234
1 0.404076 0.473326 0.642684 0.210826 0.00131987
1 0.886308 0.94368 0.211108 0.110623 0.00131815
0 0.742806 0.956198 0.505913 0.0872787 0.00131055
1 0.402846 0.60761 0.742564 0.226975 0.00129767
1 0.295914 0.459208 0.395124 0.177672 0.00129085
0 0.306525 0.744951 0.13442 0.189116 0.00128042
2 0.0906517 0.923491 0.181303 0.152341 0.00125857
2 0.079199 0.0840348 0.158398 0.156904 0.00124525
2 0.48723 0.975429 0.539554 0.0491413 0.00124414
2 0.417499 0.0407296 0.688625 0.0814591 0.00124247
2 0.541194 0.434292 0.406895 0.246157 0.00123407
0 0.271024 0.618331 0.42857 0.207559 0.0012306
1 0.626986 0.0269099 0.619752 0.0538198 0.00122505
0 0.0779049 0.145694 0.15581 0.205261 0.00122338
0 0.0887621 0.95262 0.177524 0.0921703 0.00122241
0 0.363133 0.46169 0.523543 0.183153 0.00121561
0 0.905542 0.958712 0.185615 0.0825761 0.00120979
2 0.0651435 0.267186 0.130287 0.194652 0.00120924
2 0.559439 0.0545034 0.637488 0.108674 0.0012053
1 0.361468 0.955252 0.722936 0.0882177 0.00120001
2 0.838729 0.952152 0.320374 0.0955754 0.00119641
2 0.0628486 0.384135 0.125697 0.217604 0.00119612
1 0.833686 0.919239 0.332629 0.160419 0.00119569
0 0.367944 0.432026 0.0573359 0.0543309 0.00117642
0 0.604186 0.37016 0.269341 0.113408 0.00117125
0 0.547771 0.359714 0.373236 0.0981837 0.00116988
2 0.604441 0.0717842 0.652905 0.142906 0.00116515
0 0.340698 0.977403 0.56525 0.0451938 0.00115947
0 0.976231 0.129693 0.0475377 0.0422652 0.00115813
0 0.314147 0.126482 0.321476 0.170941 0.00115645
1 0.384445 0.676258 0.668211 0.227678 0.00115634
0 0.267381 0.461314 0.342425 0.180201 0.00115325
2 0.64626 0.032161 0.668311 0.064322 0.00115271
2 0.964724 0.136522 0.0688654 0.0630246 0.00114199
0 0.545832 0.0836918 0.352435 0.164743 0.00113808
0 0.314504 0.937896 0.437292 0.1231 0.00113665
1 0.334803 0.034364 0.59417 0.0687281 0.00113313
2 0.97061 0.122258 0.0577191 0.0434762 0.00113266
0 0.673215 0.967377 0.579706 0.0652463 0.00112051
0 0.257437 0.733329 0.242843 0.218609 0.00111297
0 0.165604 0.0539283 0.331209 0.107857 0.00111152
1 0.690292 0.948082 0.619415 0.103007 0.00110931
0 0.903967 0.863952 0.178736 0.153291 0.00110878
1 0.383358 0.725586 0.437565 0.209027 0.00110642
2 0.0914126 0.955869 0.182825 0.0866261 0.00110409
0 0.161148 0.620901 0.197109 0.138399 0.00109908
0 0.584428 0.100003 0.146358 0.122305 0.00107612
2 0.37453 0.977663 0.595929 0.0446743 0.00106602
2 0.0977481 0.17281 0.195496 0.219303 0.00105074
0 0.293733 0.769553 0.15041 0.13346 0.00105035
0 0.285321 0.16988 0.295792 0.218671 0.00104855
0 0.638723 0.0927478 0.341657 0.169728 0.0010475
0 0.550002 0.975445 0.542629 0.0491095 0.0010445
0 0.545112 0.661258 0.507281 0.336456 0.00104081
2 0.10305 0.0875882 0.206099 0.175176 0.00103866
1 0.160958 0.920823 0.321915 0.157569 0.00103645
0 0.585201 0.765286 0.394308 0.12586 0.00103632
0 0.526901 0.111622 0.147395 0.0965842 0.00103489
0 0.329751 0.972611 0.233256 0.0547772 0.00103236
0 0.569624 0.132339 0.0455768 0.0331165 0.00103082
1 0.905014 0.889787 0.189972 0.217983 0.00102486
1 0.0798493 0.409269 0.159699 0.23527 0.00102465
1 0.09271 0.641222 0.18542 0.260971 0.00102403
1 0.380771 0.541308 0.729288 0.137795 0.00102385
0 0.00958581 0.881496 0.0191716 0.237007 0.0010173
0 0.197607 0.92887 0.212794 0.142261 0.00101441
1 0.32442 0.645769 0.545524 0.167889 0.00101259
2 0.779185 0.0409146 0.320494 0.0801214 0.00100975
0 0.972517 0.125145 0.043689 0.0330758 0.00100961
0 0.384303 0.0513794 0.671694 0.101062 0.0010096
0 0.249326 0.409592 0.148452 0.0691948 0.00100543
2 0.985053 0.569733 0.0298946 0.445397 0.00100168
2 0.183049 0.0857828 0.366097 0.168414 0.000996988
1 0.459652 0.513154 0.585361 0.397665 0.000996776
0 0.377707 0.101054 0.554452 0.202109 0.000996217
0 0.461175 0.0849551 0.490562 0.16991 0.000990423
0 0.00537782 0.121692 0.0107556 0.243384 0.000988485
0 0.643275 0.084784 0.527399 0.169394 0.000984386
0 0.501136 0.0916314 0.24363 0.159034 0.000980648
0 0.19968 0.667175 0.297674 0.159756 0.000980502
2 0.693188 0.0616291 0.613623 0.122116 0.000980003
2 0.166348 0.0397482 0.332697 0.0789483 0.000979994
2 0.99472 0.144957 0.0105591 0.289913 0.000977527
2 0.69788 0.0356215 0.486834 0.0707787 0.000976307
2 0.0694644 0.511439 0.138929 0.296647 0.000974911
0 0.91766 0.844015 0.156752 0.169474 0.000972114
0 0.192437 0.642769 0.255227 0.140223 0.000969944
0 0.152772 0.891891 0.305545 0.216217 0.000967488
0 0.350966 0.734795 0.424869 0.224311 0.000966873
0 0.00476657 0.334325 0.00953315 0.385988 0.000962192
1 0.642011 0.97134 0.590187 0.0573198 0.000960937
2 0.858468 0.526081 0.283063 0.187133 0.000959978
1 0.0797168 0.452148 0.159434 0.246494 0.000958944
0 0.00517845 0.438914 0.0103569 0.424802 0.000958171
0 0.583108 0.756535 0.47351 0.158212 0.00095623
0 0.283361 0.987697 0.137706 0.0245724 0.000955863
0 0.690204 0.863377 0.352474 0.273245 0.000951559
2 0.965202 0.114137 0.0695953 0.228275 0.000949583
0 0.829844 0.0409088 0.340313 0.0818177 0.000948358
0 0.371909 0.142202 0.457992 0.186235 0.000946075
2 0.0839221 0.306339 0.167844 0.236469 0.000945868
0 0.731419 0.030555 0.518722 0.06111 0.00094535
2 0.957838 0.0823756 0.0843249 0.164751 0.000945213
0 0.528341 0.157466 0.211983 0.122124 0.000943275
2 0.0571704 0.461028 0.114341 0.262776 0.000942839
2 0.79964 0.52577 0.387355 0.1996 0.000942813
0 0.468717 0.599591 0.723245 0.285123 0.000941758
0 0.360966 0.494889 0.621663 0.247798 0.000941533
0 0.0169535 0.942972 0.033907 0.114056 0.000939467
2 0.598755 0.974332 0.554276 0.0513363 0.000937856
0 0.217446 0.633682 0.308625 0.170253 0.000935986
0 0.219498 0.429107 0.217145 0.117708 0.000933343
0 0.520127 0.918846 0.25525 0.162308 0.000932968
2 0.98995 0.256399 0.0201005 0.395264 0.000931552
0 0.330791 0.599741 0.571705 0.204056 0.000925476
0 0.290658 0.713641 0.384046 0.218739 0.000924725
1 0.778738 0.794957 0.438398 0.260222 0.000923413
0 0.711779 0.915638 0.244529 0.168724 0.000920823
0 0.205369 0.605269 0.282031 0.225982 0.00092053
0 0.559528 0.769681 0.265877 0.114833 0.000919435
0 0.518347 0.885102 0.221272 0.220628 0.000918715
0 0.6671 0.899086 0.298863 0.201828 0.000916545
0 0.35216 0.546847 0.622086 0.131961 0.00091489
1 0.630705 0.517327 0.328213 0.412116 0.000914584
0 0.669822 0.840854 0.445052 0.316877 0.000913605
0 0.583058 0.346332 0.273061 0.0688151 0.000913384
0 0.642382 0.809083 0.498154 0.236918 0.000910634
2 0.0728605 0.345983 0.145721 0.197928 0.000909672
2 0.980731 0.505705 0.0385377 0.446479 0.000909256
2 0.991879 0.193791 0.016242 0.387582 0.000909085
0 0.3331 0.691225 0.531884 0.237877 0.000907462
2 0.00298086 0.846799 0.00596172 0.280147 0.000906351
2 0.588856 0.371693 0.302224 0.122428 0.000905629
0 0.624562 0.871331 0.399685 0.257337 0.000904815
0 0.304549 0.559684 0.504156 0.1502 0.000904511
0 0.664236 0.363236 0.379649 0.135539 0.000904352
0 0.229323 0.0432741 0.4209 0.0865483 0.000902379
0 0.633939 0.127506 0.301646 0.157141 0.000902291
0 0.439806 0.415908 0.706261 0.1959 0.000902147
2 0.956655 0.299145 0.0866907 0.120781 0.00090144
