1 0.477552 0.592775 0.543475 0.33963 0.908078
1 0.438421 0.699946 0.876842 0.600107 0.136426
1 0.466968 0.79688 0.9318 0.404604 0.0427768
1 0.578557 0.604904 0.763659 0.411381 0.0312736
1 0.583802 0.689385 0.830678 0.609295 0.0143491
1 0.583418 0.531792 0.793618 0.478181 0.0112868
1 0.415938 0.602514 0.774596 0.535655 0.0108913
1 0.477371 0.848315 0.867324 0.303369 0.0108026
1 0.324399 0.770446 0.648798 0.459109 0.00986297
1 0.527488 0.480192 0.826452 0.692221 0.00854791
1 0.369867 0.624065 0.739734 0.325722 0.00828487
1 0.437167 0.544508 0.87253 0.750434 0.00802814
1 0.605074 0.560929 0.789853 0.75051 0.00730404
1 0.501717 0.602401 0.569062 0.489622 0.00673192
1 0.632922 0.397832 0.646047 0.711975 0.00642509
0 0.37491 0.977043 0.74982 0.0453405 0.00618732
0 0.608035 0.359742 0.70266 0.707504 0.00583468
1 0.422327 0.975009 0.812148 0.0492869 0.00574677
1 0.344665 0.564571 0.68933 0.409211 0.00536522
1 0.447491 0.966271 0.823163 0.0666344 0.00533697
1 0.479346 0.653456 0.572224 0.195161 0.00529069
0 0.590594 0.476063 0.2139 0.103803 0.00519915
0 0.266328 0.975318 0.532657 0.0486121 0.00517005
1 0.258387 0.801626 0.516774 0.396277 0.00500632
0 0.345324 0.934682 0.690648 0.130637 0.00483675
2 0.546003 0.501547 0.322061 0.158631 0.00467602
1 0.688033 0.603637 0.600365 0.734336 0.00466647
1 0.695745 0.453402 0.608511 0.846943 0.0044684
0 0.550649 0.546103 0.339351 0.249624 0.00445377
0 0.482669 0.373821 0.965338 0.715208 0.00443326
0 0.559242 0.499583 0.290193 0.154325 0.00424964
2 0.68692 0.312317 0.59094 0.624633 0.00424343
0 0.0937798 0.970304 0.18756 0.0593914 0.00420246
0 0.281748 0.911402 0.563495 0.177196 0.00414285
0 0.518878 0.293991 0.861612 0.581617 0.0040683
2 0.580181 0.477657 0.238285 0.107502 0.00391722
0 0.188761 0.907147 0.377522 0.185707 0.00376788
0 0.233744 0.872061 0.467488 0.255877 0.003528
0 0.463937 0.493472 0.927874 0.802485 0.00350466
0 0.472739 0.972838 0.87804 0.0533047 0.00348952
0 0.322922 0.956936 0.645844 0.0858024 0.00348102
0 0.497319 0.586149 0.493884 0.336603 0.00345331
0 0.914587 0.0960815 0.170825 0.192163 0.00344487
0 0.129386 0.885365 0.258772 0.22927 0.00340645
0 0.66362 0.676517 0.154271 0.172279 0.00339522
0 0.867797 0.077557 0.264406 0.155114 0.00337625
0 0.0953406 0.988168 0.190681 0.0236639 0.00334013
0 0.736369 0.29655 0.505598 0.5931 0.00330663
0 0.128691 0.781453 0.257382 0.418272 0.00327499
0 0.216389 0.787593 0.432779 0.419682 0.00327243
0 0.562689 0.180641 0.727494 0.358424 0.00326215
0 0.906054 0.14861 0.187892 0.297219 0.00325589
0 0.882162 0.250601 0.235677 0.462012 0.00323036
0 0.91181 0.943431 0.17638 0.113138 0.00322103
0 0.109827 0.853885 0.219654 0.292231 0.00320931
2 0.753815 0.267673 0.47207 0.534458 0.00319686
0 0.866601 0.131553 0.266798 0.26305 0.00318822
0 0.928023 0.195481 0.143954 0.383681 0.00316908
0 0.91612 0.893118 0.167759 0.213764 0.00315753
0 0.956308 0.333925 0.0873839 0.403538 0.00312727
0 0.877663 0.366574 0.221897 0.459542 0.00312118
0 0.861168 0.960529 0.277664 0.0779264 0.00311437
2 0.718644 0.10066 0.522238 0.20085 0.0031116
0 0.859409 0.646125 0.250914 0.616937 0.00311087
2 0.691609 0.197012 0.580108 0.391604 0.00309185
0 0.68937 0.799416 0.166468 0.160771 0.00308151
0 0.947322 0.233821 0.105356 0.423126 0.00308144
0 0.956997 0.613465 0.0860068 0.530492 0.00306841
0 0.819324 0.245439 0.359021 0.489325 0.00306051
0 0.131578 0.691447 0.263155 0.4195 0.00305091
0 0.799769 0.0774635 0.400461 0.154927 0.00305032
0 0.122256 0.601162 0.244513 0.521258 0.00302136
0 0.960075 0.440076 0.0798499 0.42673 0.00302103
0 0.813719 0.640357 0.355341 0.694512 0.00302039
1 0.464107 0.687825 0.65302 0.147091 0.00300846
2 0.564044 0.0964843 0.642132 0.192004 0.0030072
0 0.806882 0.35326 0.370064 0.646569 0.00299443
0 0.75251 0.423745 0.492315 0.759016 0.00297997
0 0.422644 0.595215 0.845289 0.727615 0.00297275
0 0.874146 0.485654 0.230136 0.537712 0.00295511
0 0.251453 0.622981 0.502907 0.645369 0.0029433
0 0.825494 0.177228 0.347903 0.352846 0.00290456
0 0.123437 0.0900805 0.246874 0.180161 0.00288152
0 0.562688 0.0981747 0.762934 0.19542 0.00287728
0 0.833921 0.888336 0.306258 0.214081 0.00287657
0 0.128041 0.270504 0.256083 0.451306 0.00286038
0 0.962752 0.755764 0.0744951 0.388833 0.00285852
0 0.127562 0.465428 0.255124 0.543994 0.00284958
0 0.940577 0.82063 0.118846 0.322567 0.00283287
0 0.627055 0.968151 0.72157 0.0623119 0.00281805
0 0.129521 0.363749 0.259043 0.511638 0.00281649
0 0.556334 0.136033 0.806045 0.270183 0.00280789
0 0.785037 0.965843 0.429926 0.0658892 0.00274528
2 0.72637 0.151548 0.527102 0.30081 0.00274525
0 0.134553 0.195431 0.269105 0.371712 0.00272272
0 0.285122 0.340904 0.570244 0.663348 0.00269456
0 0.780497 0.856544 0.406481 0.269797 0.00267289
0 0.335006 0.531504 0.670013 0.803089 0.00266222
0 0.92289 0.125481 0.0648628 0.0483833 0.00260946
0 0.741315 0.837332 0.276257 0.206429 0.00260933
0 0.128302 0.128062 0.256605 0.256124 0.00259074
1 0.617376 0.774381 0.726435 0.450353 0.00259072
0 0.517102 0.874211 0.872592 0.251199 0.00258102
0 0.833908 0.72209 0.287122 0.519269 0.00256759
0 0.213929 0.244952 0.427858 0.466905 0.00254675
0 0.141599 0.0935972 0.283199 0.187194 0.00249787
1 0.366151 0.959036 0.732302 0.081686 0.0024814
0 0.799237 0.913651 0.352464 0.171659 0.00245429
0 0.283623 0.0937701 0.532955 0.18754 0.00242831
0 0.409994 0.175383 0.819987 0.341119 0.00242803
1 0.503743 0.632015 0.476647 0.266184 0.00239036
0 0.0888374 0.958559 0.177675 0.0800568 0.00234633
0 0.82454 0.79087 0.315488 0.397971 0.00234527
0 0.724979 0.975246 0.528963 0.0492085 0.00233655
0 0.181177 0.18187 0.362354 0.356979 0.00231253
1 0.542968 0.957999 0.808769 0.0838653 0.00225311
1 0.592181 0.476163 0.207496 0.109362 0.0022169
0 0.148882 0.147022 0.297764 0.294045 0.00218757
0 0.175318 0.972203 0.350635 0.0555939 0.00215792
2 0.0903667 0.929549 0.180733 0.139537 0.00212369
0 0.638496 0.85207 0.674972 0.291094 0.00211917
0 0.744663 0.870397 0.317112 0.259207 0.00204338
0 0.534227 0.978053 0.567063 0.0438935 0.00200784
0 0.713268 0.815546 0.247931 0.161884 0.00199948
0 0.765672 0.944047 0.468656 0.11045 0.00192019
2 0.749399 0.797871 0.455158 0.394248 0.00191716
0 0.631303 0.97691 0.610777 0.0461792 0.00191199
1 0.655002 0.6715 0.163088 0.182019 0.00189332
2 0.834412 0.0387853 0.303497 0.076257 0.00187715
1 0.559084 0.663408 0.355619 0.201219 0.00181762
2 0.881703 0.0414388 0.223245 0.0810593 0.00181402
0 0.581187 0.529779 0.240565 0.215974 0.00179867
2 0.934765 0.150454 0.123582 0.106904 0.00179653
1 0.436083 0.679399 0.476515 0.121028 0.0017735
0 0.575328 0.581224 0.328028 0.32395 0.00174912
0 0.25176 0.958669 0.50352 0.081116 0.00173818
0 0.891264 0.987282 0.202703 0.0253702 0.00173321
0 0.51614 0.519636 0.399545 0.191004 0.00171688
2 0.0884513 0.962703 0.176903 0.0730108 0.00168562
0 0.730878 0.889436 0.405872 0.221127 0.00166761
1 0.382971 0.935038 0.765942 0.129924 0.00165911
0 0.134591 0.958746 0.269183 0.0803249 0.00161352
0 0.892611 0.0154199 0.174909 0.0308399 0.00161271
0 0.76528 0.819237 0.351 0.235618 0.00160079
1 0.810607 0.947339 0.378787 0.104059 0.0015916
0 0.696017 0.444899 0.457032 0.196267 0.00159071
1 0.738966 0.913597 0.522067 0.172805 0.00158653
0 0.74079 0.348962 0.292207 0.137617 0.00153937
0 0.613004 0.821203 0.541044 0.175851 0.00153185
1 0.652303 0.928246 0.685167 0.143508 0.00152978
0 0.670274 0.872943 0.466063 0.254115 0.00150836
1 0.47094 0.715767 0.696958 0.242109 0.00150051
0 0.297582 0.136554 0.220192 0.160529 0.00147604
2 0.863289 0.0283771 0.260877 0.0562095 0.00145362
0 0.838737 0.972778 0.322526 0.0544436 0.00144048
2 0.930471 0.127408 0.138346 0.158879 0.00142869
2 0.815094 0.0478737 0.359403 0.0952867 0.00142283
0 0.312087 0.679932 0.249169 0.122008 0.00141769
0 0.651192 0.253441 0.127403 0.0782549 0.00141546
0 0.747104 0.984122 0.140186 0.0317013 0.00141454
0 0.844142 0.0168212 0.181085 0.033282 0.00139978
0 0.0696623 0.425969 0.139325 0.214225 0.00138584
0 0.643404 0.251116 0.1502 0.102487 0.00138511
1 0.402199 0.699136 0.540674 0.190488 0.00137609
1 0.700618 0.44404 0.443409 0.220136 0.00134687
0 0.802567 0.884496 0.394867 0.231009 0.00134458
0 0.287766 0.154271 0.273189 0.17824 0.0013432
0 0.576788 0.280385 0.365775 0.253031 0.00133957
2 0.886389 0.948914 0.227223 0.100786 0.00133928
1 0.862761 0.937171 0.274129 0.125424 0.00132889
1 0.533067 0.933813 0.73566 0.132373 0.00131363
0 0.678227 0.782279 0.210733 0.219425 0.00131046
2 0.0487626 0.962768 0.0975253 0.0743816 0.00130421
1 0.589071 0.4401 0.228351 0.187429 0.00129223
0 0.826413 0.986592 0.243754 0.0268163 0.00127458
0 0.458898 0.656401 0.52741 0.177353 0.00126056
2 0.444293 0.0362199 0.421485 0.0721256 0.00125827
0 0.936845 0.1242 0.0898843 0.0477063 0.00125189
0 0.587002 0.315901 0.308372 0.221666 0.00124942
1 0.324993 0.685882 0.242256 0.134524 0.00124791
2 0.0662547 0.383175 0.132509 0.209889 0.00124328
1 0.2934 0.697662 0.29387 0.167147 0.00124217
2 0.744167 0.368511 0.283056 0.129292 0.00124185
2 0.319631 0.682182 0.229277 0.129536 0.0012324
2 0.0577157 0.729733 0.115431 0.17752 0.0012269
0 0.542058 0.304827 0.193891 0.200724 0.00121631
0 0.650217 0.730471 0.06753 0.0583512 0.00121395
0 0.240143 0.683323 0.409886 0.131539 0.00121295
0 0.079368 0.388528 0.158736 0.20922 0.00120911
2 0.994875 0.869107 0.010251 0.261786 0.00120829
2 0.901731 0.107544 0.19217 0.203584 0.00119779
2 0.911833 0.942219 0.176335 0.11551 0.00118626
0 0.677695 0.986065 0.18682 0.0276252 0.00118518
0 0.611857 0.553049 0.292686 0.277295 0.00116764
0 0.921179 0.15072 0.0945388 0.0976148 0.00116465
0 0.665164 0.684381 0.238253 0.161163 0.00116421
0 0.474902 0.205953 0.155738 0.104807 0.00116165
0 0.71016 0.673474 0.309249 0.181042 0.00115933
0 0.0686489 0.462749 0.137298 0.217059 0.0011523
2 0.997026 0.736527 0.00594775 0.380053 0.00115049
2 0.992682 0.841539 0.0146365 0.316921 0.0011431
0 0.686218 0.324819 0.38403 0.237937 0.00113878
2 0.115943 0.05978 0.231886 0.119408 0.00113775
0 0.266103 0.524895 0.219271 0.135582 0.00113644
2 0.0810175 0.0539481 0.162035 0.10281 0.00113067
2 0.878452 0.974534 0.243096 0.050933 0.0011259
0 0.289376 0.182791 0.375708 0.222146 0.00112535
2 0.586352 0.0359224 0.536964 0.0715151 0.00112462
1 0.922707 0.952567 0.154586 0.0940221 0.0011235
0 0.54379 0.344074 0.162173 0.110701 0.00112327
0 0.672425 0.314573 0.284189 0.245423 0.00112059
1 0.744376 0.671061 0.419721 0.197871 0.00111477
0 0.334407 0.151441 0.260848 0.181792 0.00110955
0 0.667425 0.371599 0.460767 0.161137 0.00110952
2 0.663274 0.677979 0.153869 0.166987 0.00110843
2 0.00736996 0.909006 0.0147399 0.181987 0.00110784
0 0.122613 0.987062 0.229991 0.0258766 0.00110502
0 0.57811 0.370169 0.23608 0.198997 0.00110165
2 0.0742054 0.274274 0.148411 0.217833 0.00109963
0 0.704488 0.41111 0.478539 0.237304 0.00108856
0 0.656079 0.358324 0.408169 0.244083 0.00108633
0 0.146179 0.920464 0.292357 0.158437 0.00108474
0 0.321156 0.988103 0.247031 0.0236912 0.00108466
0 0.349895 0.171355 0.321331 0.20687 0.00108448
0 0.613519 0.661785 0.257816 0.209237 0.00107127
0 0.498107 0.222911 0.213522 0.147174 0.00107085
0 0.602967 0.911641 0.522612 0.176717 0.00106773
0 0.508406 0.292526 0.538075 0.250239 0.00106603
0 0.706848 0.982696 0.221982 0.0346085 0.00106587
1 0.277912 0.765409 0.377917 0.297569 0.00106529
1 0.497618 0.524451 0.431606 0.200556 0.00106316
2 0.997582 0.555756 0.00483508 0.388687 0.0010616
2 0.927225 0.925775 0.14555 0.144532 0.00105822
2 0.905169 0.0691297 0.189661 0.13564 0.00105678
0 0.307881 0.525271 0.275909 0.155984 0.00105469
2 0.962642 0.898142 0.0747169 0.203715 0.00105361
0 0.445394 0.309902 0.419009 0.214916 0.00104665
0 0.259613 0.143458 0.346103 0.22315 0.00104526
2 0.0654288 0.5968 0.130858 0.238414 0.00104247
2 0.761881 0.0381913 0.476238 0.075999 0.00103609
0 0.26402 0.988139 0.280048 0.0237227 0.00103562
0 0.701946 0.278544 0.263493 0.223419 0.00103463
1 0.513689 0.750678 0.578262 0.271085 0.00103398
2 0.993972 0.702781 0.0120551 0.452138 0.00103257
1 0.624005 0.41855 0.306656 0.257772 0.0010296
0 0.562742 0.778183 0.4824 0.219445 0.0010287
2 0.0578107 0.792282 0.115621 0.196499 0.00102684
0 0.39981 0.3082 0.316499 0.189229 0.0010207
0 0.292652 0.122003 0.262099 0.193837 0.00101799
2 0.0787085 0.132177 0.157417 0.154097 0.00101086
2 0.068082 0.319539 0.136164 0.227269 0.00100807
2 0.0657911 0.687721 0.131582 0.24103 0.00100763
1 0.371388 0.752252 0.504853 0.287879 0.00100647
0 0.0342822 0.934265 0.0685643 0.13147 0.00100643
0 0.375333 0.191579 0.406242 0.234074 0.0010051
2 0.0694918 0.551713 0.138984 0.255852 0.00100439
0 0.654733 0.98898 0.17966 0.0217756 0.00100359
0 0.862838 0.984247 0.272481 0.0315058 0.00100306
1 0.488065 0.721567 0.556473 0.193331 0.00100069
0 0.526525 0.326175 0.403201 0.163598 0.000993854
1 0.787109 0.0365852 0.425782 0.0731703 0.00098868
2 0.158637 0.0556328 0.317275 0.111266 0.000986686
0 0.454761 0.192354 0.212422 0.152975 0.000984709
0 0.314627 0.780916 0.405932 0.32682 0.000984389
2 0.502269 0.0477598 0.589566 0.0949534 0.000982037
2 0.976308 0.177285 0.0473849 0.309119 0.000981604
2 0.995512 0.633906 0.00897546 0.440568 0.000981522
2 0.0665432 0.115732 0.133086 0.14727 0.000979451
2 0.729789 0.392682 0.319306 0.142243 0.000979055
2 0.995815 0.355541 0.00837018 0.364433 0.0009786
2 0.497774 0.0410435 0.46196 0.0820871 0.000977084
0 0.655054 0.237172 0.163574 0.126293 0.000976805
0 0.492339 0.73498 0.645914 0.281084 0.000975743
2 0.0861479 0.888146 0.172296 0.199539 0.000975554
0 0.737832 0.322314 0.300441 0.212388 0.000974016
2 0.713187 0.67459 0.356898 0.174668 0.000973686
0 0.00480891 0.369864 0.00961781 0.292074 0.000971087
2 0.996403 0.486775 0.00719464 0.378026 0.000970199
0 0.0989873 0.42508 0.197975 0.233234 0.000968821
1 0.224663 0.705294 0.449325 0.185522 0.000968664
0 0.491641 0.19823 0.223874 0.152713 0.000967728
2 0.666705 0.0432928 0.452766 0.0865856 0.000966966
0 0.917698 0.987031 0.164605 0.0259382 0.000965914
2 0.997448 0.805006 0.00510474 0.385269 0.000964689
0 0.68518 0.702961 0.382477 0.189759 0.000964359
0 0.595023 0.0379211 0.519366 0.0758421 0.000962876
2 0.229798 0.0468896 0.459596 0.0937792 0.000962305
2 0.0703877 0.760725 0.140775 0.167182 0.000962102
2 0.0696295 0.495835 0.139259 0.246163 0.000961772
0 0.590466 0.440639 0.22236 0.205714 0.000960417
0 0.904953 0.98538 0.150778 0.0292402 0.0009604
2 0.869584 0.107112 0.260832 0.214223 0.00095743
1 0.973784 0.926771 0.0524321 0.146458 0.000957036
2 0.0922613 0.0829217 0.184523 0.156742 0.000955087
2 0.968607 0.135867 0.0627866 0.251319 0.000954805
0 0.357576 0.286698 0.245543 0.190598 0.00095365
1 0.497629 0.542548 0.508154 0.248434 0.000951888
0 0.338229 0.126301 0.316706 0.2054 0.000951869
2 0.992649 0.317109 0.0147026 0.38646 0.000951161
0 0.49163 0.283262 0.399662 0.251654 0.000949308
