2 0.498998 0.564713 0.780963 0.689707 0.973978
2 0.494101 0.456058 0.797861 0.467549 0.0753763
2 0.497733 0.150798 0.887093 0.300892 0.0534128
2 0.454771 0.0442742 0.806801 0.0885484 0.0307987
2 0.495064 0.2883 0.889857 0.574847 0.0250724
2 0.586523 0.437658 0.595344 0.43966 0.0188366
2 0.500299 0.586271 0.772382 0.473537 0.0187549
2 0.489035 0.368181 0.804128 0.299441 0.0181277
2 0.463774 0.0624009 0.880837 0.124802 0.0161919
1 0.47232 0.101944 0.868427 0.20303 0.015312
2 0.831655 0.0529239 0.31064 0.104118 0.00875253
2 0.597536 0.309557 0.450642 0.168688 0.00866553
1 0.465638 0.0709267 0.891942 0.141853 0.0080871
0 0.724241 0.683306 0.0862294 0.0400957 0.00680144
2 0.63827 0.0417838 0.698704 0.0835676 0.00617118
2 0.489948 0.712684 0.826777 0.574151 0.00601272
1 0.470232 0.164 0.863842 0.327586 0.00594958
2 0.773344 0.0498796 0.426401 0.0985422 0.00592168
1 0.489182 0.779511 0.842508 0.438393 0.00586696
0 0.1271 0.0843323 0.130709 0.142919 0.00581783
2 0.56204 0.340572 0.652077 0.248039 0.00556394
2 0.143393 0.0817407 0.18173 0.153894 0.00543229
2 0.632285 0.147343 0.708593 0.292243 0.00532984
0 0.919693 0.770805 0.0402177 0.0398134 0.00530521
2 0.125945 0.0852626 0.127663 0.1444 0.00509986
0 0.595344 0.0313434 0.603085 0.0626867 0.00507376
2 0.196348 0.0778398 0.372314 0.155488 0.00499891
2 0.616092 0.612253 0.767817 0.756961 0.00497416
0 0.383704 0.0324796 0.664774 0.0649592 0.00469786
2 0.618712 0.399544 0.530863 0.335898 0.00466924
1 0.347367 0.084933 0.642324 0.168529 0.00465907
2 0.61768 0.490289 0.530017 0.330268 0.00457115
2 0.53194 0.69194 0.687414 0.307178 0.00444959
2 0.120204 0.531316 0.240407 0.583463 0.00434819
1 0.477355 0.857317 0.812852 0.285366 0.00431062
0 0.742739 0.0471828 0.511019 0.0933239 0.00423265
2 0.140108 0.60254 0.280215 0.718966 0.00407417
1 0.470552 0.974594 0.781929 0.0497509 0.00401017
2 0.748306 0.162207 0.474918 0.321595 0.00398836
2 0.134998 0.283998 0.269996 0.554644 0.00396868
0 0.157742 0.0821435 0.315485 0.159821 0.00379632
1 0.573391 0.0306943 0.568338 0.0611692 0.00377126
0 0.948311 0.757946 0.0932194 0.0706838 0.00365043
1 0.353893 0.0334223 0.704159 0.0668445 0.00362228
0 0.110794 0.0851831 0.183226 0.148169 0.00356118
2 0.144954 0.19467 0.289908 0.379227 0.00355515
2 0.205393 0.213855 0.410785 0.416485 0.00350124
2 0.515541 0.659765 0.845183 0.357767 0.00349226
0 0.489451 0.513738 0.773266 0.575145 0.0034737
2 0.128131 0.399435 0.256261 0.514964 0.00347135
1 0.855998 0.0573755 0.283228 0.114356 0.00344685
2 0.11806 0.0749381 0.23612 0.149876 0.0034204
1 0.263214 0.0821623 0.526428 0.16388 0.00341692
1 0.368725 0.188619 0.666888 0.358653 0.00341606
2 0.117054 0.647512 0.234108 0.496715 0.00337602
0 0.936487 0.766849 0.0716299 0.0499487 0.00336967
2 0.841319 0.622674 0.317363 0.710636 0.00333692
1 0.596036 0.972205 0.782605 0.0554211 0.00332409
2 0.187519 0.0848156 0.256311 0.15093 0.00327787
2 0.503761 0.032062 0.644958 0.0633931 0.00326451
0 0.224942 0.0816935 0.449885 0.162329 0.0032304
0 0.899301 0.0665065 0.201397 0.133013 0.00322492
0 0.177053 0.478806 0.280928 0.464083 0.00321737
0 0.169325 0.0828259 0.232982 0.15239 0.00320585
2 0.923768 0.636995 0.152463 0.612769 0.00314489
2 0.68346 0.306694 0.261522 0.162786 0.0031378
2 0.166868 0.340371 0.333735 0.673846 0.00311474
0 0.8797 0.124326 0.2406 0.248652 0.00310995
0 0.913245 0.216356 0.173509 0.432711 0.00310136
0 0.580179 0.97488 0.570159 0.0502403 0.00306291
0 0.368564 0.500128 0.577442 0.423516 0.00305674
0 0.886123 0.214249 0.221038 0.413463 0.00302817
2 0.189539 0.620706 0.379078 0.706404 0.00300126
2 0.409158 0.214476 0.818317 0.418957 0.0029911
1 0.868573 0.194919 0.25612 0.389103 0.00298782
2 0.63221 0.446768 0.710306 0.568424 0.00298052
0 0.92671 0.293675 0.146581 0.470522 0.00297014
2 0.725361 0.245136 0.527394 0.485891 0.002948
2 0.107894 0.715796 0.215789 0.447402 0.00292715
0 0.316771 0.240235 0.633543 0.466076 0.00292643
0 0.245987 0.419633 0.322206 0.486473 0.00289199
0 0.931741 0.663218 0.136517 0.557968 0.00288114
1 0.447814 0.978734 0.594682 0.0425316 0.00286005
0 0.317983 0.561817 0.59259 0.527552 0.00284521
0 0.593647 0.309753 0.462506 0.171951 0.00284216
0 0.774597 0.0576912 0.376729 0.114973 0.00283786
0 0.920553 0.946418 0.158895 0.107163 0.00282825
0 0.118012 0.0918589 0.236024 0.183718 0.00281139
0 0.927506 0.41121 0.144988 0.479515 0.00279715
1 0.32331 0.0455416 0.646621 0.0910832 0.00279545
0 0.117371 0.889959 0.234742 0.220083 0.00278603
2 0.44083 0.974261 0.708865 0.0502758 0.00278271
1 0.541091 0.729822 0.225275 0.207095 0.00277893
0 0.443497 0.525737 0.614927 0.315635 0.00274075
2 0.0882484 0.766342 0.176497 0.41536 0.00273095
2 0.145066 0.0845626 0.290133 0.166682 0.00272971
0 0.947846 0.731314 0.104309 0.433391 0.00272122
0 0.432064 0.46139 0.657346 0.425254 0.0027023
0 0.938938 0.581429 0.122124 0.596606 0.00270117
2 0.444711 0.282055 0.854317 0.32615 0.00269259
0 0.23264 0.264611 0.46528 0.520776 0.00268327
0 0.0614683 0.814275 0.122937 0.351534 0.00267523
2 0.0626275 0.851303 0.125255 0.297395 0.00267153
2 0.523683 0.799177 0.887461 0.398134 0.00266858
2 0.680236 0.488407 0.507946 0.604602 0.00266182
1 0.417962 0.214621 0.835923 0.418879 0.00265149
1 0.458831 0.96147 0.824966 0.0766846 0.00262234
0 0.876696 0.290555 0.237252 0.471245 0.00260078
2 0.629368 0.322021 0.686331 0.29763 0.00259451
0 0.940101 0.802327 0.119799 0.360998 0.00259322
0 0.128442 0.129905 0.256884 0.259809 0.00257381
0 0.494273 0.977872 0.591695 0.0442559 0.00255806
1 0.279445 0.113305 0.5199 0.21751 0.00255533
0 0.716953 0.0328319 0.566094 0.065643 0.00253788
0 0.92669 0.839171 0.146621 0.305404 0.00252543
0 0.923064 0.890046 0.153872 0.21828 0.00250226
2 0.606634 0.751874 0.755162 0.48851 0.0024919
0 0.434069 0.580497 0.645613 0.517365 0.0024895
0 0.828929 0.380661 0.33314 0.481916 0.00243588
0 0.843455 0.683013 0.305832 0.545319 0.00242787
0 0.230065 0.352693 0.431524 0.619916 0.00242743
0 0.380122 0.973216 0.574948 0.0520325 0.00242374
0 0.185869 0.178895 0.371738 0.353794 0.00241758
1 0.701678 0.948777 0.596645 0.101697 0.00240088
2 0.665788 0.527252 0.417624 0.234322 0.00236979
2 0.342694 0.631967 0.683421 0.663289 0.00235012
0 0.853544 0.451035 0.278293 0.443055 0.0023185
0 0.172712 0.925151 0.345423 0.149698 0.00226909
0 0.866341 0.969349 0.267319 0.0587193 0.00222003
0 0.725504 0.0667806 0.495892 0.133561 0.0022105
0 0.449613 0.0280208 0.442279 0.0560417 0.00218499
0 0.65117 0.52261 0.439814 0.247829 0.00216886
0 0.69055 0.972058 0.6189 0.0558841 0.00215894
0 0.819364 0.788416 0.347272 0.348202 0.00215788
2 0.148204 0.726608 0.296409 0.522053 0.00214903
0 0.436732 0.907619 0.828437 0.182232 0.00214516
0 0.285401 0.971307 0.507581 0.0549285 0.0021339
1 0.651352 0.960743 0.697295 0.0783356 0.00212803
0 0.21639 0.967188 0.419542 0.0631586 0.00212638
0 0.84125 0.540148 0.304763 0.590253 0.00212262
1 0.550728 0.0390963 0.703086 0.0768951 0.00211588
2 0.948586 0.737495 0.0966455 0.111658 0.00210208
2 0.693019 0.76624 0.574261 0.449098 0.00207106
2 0.502781 0.864523 0.878857 0.269479 0.00206183
1 0.639616 0.932359 0.720767 0.135156 0.00203504
0 0.782203 0.838699 0.411372 0.289947 0.00202852
0 0.16002 0.761577 0.320041 0.4656 0.002006
2 0.509213 0.0255641 0.332009 0.0511281 0.00200104
2 0.392656 0.626455 0.666025 0.527486 0.00199702
2 0.576488 0.975914 0.820106 0.0463081 0.00197762
1 0.319547 0.962738 0.639093 0.0732091 0.00197053
2 0.845326 0.0694022 0.299229 0.138804 0.00196648
0 0.662006 0.0412906 0.675988 0.0814817 0.00193227
0 0.411381 0.583315 0.588874 0.226523 0.00192447
0 0.722974 0.119209 0.464802 0.238418 0.00192195
0 0.16014 0.855841 0.320279 0.285556 0.00189865
0 0.730035 0.0201901 0.355258 0.0399474 0.00189327
0 0.597386 0.262799 0.461263 0.0810707 0.00189135
0 0.642503 0.0221777 0.463367 0.0443555 0.00187849
0 0.397298 0.418847 0.519038 0.436612 0.00185715
1 0.398579 0.396217 0.528208 0.419508 0.00184139
0 0.363145 0.930398 0.651382 0.133668 0.00183271
0 0.362705 0.809683 0.702598 0.377323 0.00182591
0 0.870544 0.89692 0.235268 0.195287 0.0018235
2 0.788328 0.506195 0.174265 0.201706 0.00181963
0 0.248409 0.974827 0.496817 0.050347 0.00180775
2 0.400418 0.766187 0.719836 0.465084 0.00180134
0 0.216307 0.73219 0.419327 0.516439 0.00177764
0 0.591026 0.474905 0.585213 0.383084 0.00177042
1 0.3948 0.368657 0.604655 0.26644 0.00176982
2 0.741985 0.643717 0.130316 0.121097 0.00176674
0 0.949735 0.753509 0.0985499 0.141066 0.00174171
2 0.329606 0.723394 0.628766 0.544678 0.00169583
0 0.564793 0.150665 0.562852 0.177545 0.00167947
0 0.547346 0.713547 0.239966 0.254856 0.00165464
0 0.28717 0.904441 0.554795 0.188512 0.00165305
0 0.925071 0.986367 0.149857 0.0270088 0.00165287
1 0.0960634 0.0845423 0.192127 0.157179 0.00165264
1 0.5449 0.762417 0.21843 0.138312 0.0016258
2 0.676301 0.869086 0.592267 0.257074 0.00161551
0 0.611114 0.250936 0.418197 0.0792226 0.00160535
1 0.356342 0.113362 0.712683 0.226724 0.00159803
1 0.192557 0.0846002 0.385114 0.1692 0.00159097
0 0.382353 0.604384 0.4982 0.197058 0.00158583
0 0.486741 0.551706 0.613301 0.217969 0.00158333
0 0.204515 0.814046 0.40903 0.36643 0.0015801
0 0.505703 0.133032 0.552183 0.229059 0.00157261
2 0.292704 0.352288 0.339015 0.199739 0.00155508
1 0.561925 0.924045 0.773409 0.151141 0.00154519
0 0.518412 0.667629 0.317259 0.323966 0.00153424
0 0.666182 0.381113 0.430786 0.340614 0.00153375
2 0.741864 0.957109 0.516273 0.0848702 0.00153013
2 0.542972 0.733675 0.228584 0.200482 0.0015068
2 0.776967 0.945545 0.446066 0.107491 0.00147686
2 0.442621 0.333098 0.635634 0.216757 0.00146866
1 0.557927 0.750251 0.274712 0.16734 0.00144346
0 0.31335 0.599138 0.367608 0.205125 0.00144298
2 0.0952637 0.0824 0.190527 0.155585 0.00144057
0 0.295392 0.355466 0.377679 0.20333 0.00144047
2 0.927546 0.281753 0.143031 0.185769 0.00143184
0 0.417107 0.308932 0.546699 0.165822 0.00142195
0 0.639728 0.164656 0.591635 0.153654 0.00141733
2 0.712274 0.931825 0.575451 0.135897 0.00141474
2 0.918411 0.256182 0.160084 0.214093 0.0014128
2 0.494681 0.306937 0.590531 0.16165 0.00140505
1 0.361001 0.934486 0.722003 0.13069 0.00139931
0 0.833314 0.0791206 0.315862 0.158241 0.00138109
0 0.597414 0.989658 0.232861 0.0206831 0.00136726
2 0.228997 0.595603 0.180356 0.199502 0.0013655
0 0.520082 0.427588 0.628873 0.457034 0.00134957
1 0.602835 0.723297 0.378562 0.228666 0.00134155
2 0.902409 0.9465 0.195182 0.105763 0.00132015
0 0.620137 0.565069 0.489089 0.171043 0.00131196
1 0.132393 0.147957 0.264786 0.27646 0.0012979
0 0.73794 0.142862 0.355759 0.285725 0.00129695
1 0.78441 0.934673 0.431181 0.130601 0.00128955
0 0.795014 0.975827 0.409972 0.0483465 0.00128921
0 0.637224 0.234037 0.426173 0.107461 0.00128238
0 0.668639 0.186377 0.516932 0.173592 0.00127714
0 0.434667 0.6587 0.462645 0.334468 0.00127458
0 0.464252 0.153298 0.651396 0.169414 0.00126975
2 0.706091 0.354688 0.264779 0.259486 0.00126959
0 0.541422 0.763792 0.226846 0.134435 0.00126586
1 0.213328 0.975979 0.426657 0.0480417 0.00125757
1 0.45403 0.122103 0.68064 0.244205 0.00123948
0 0.909769 0.242915 0.176831 0.220009 0.00123943
0 0.404448 0.279045 0.501725 0.105704 0.00123885
2 0.986571 0.825687 0.0268573 0.348626 0.00123866
1 0.526407 0.784143 0.41965 0.190265 0.00122877
0 0.369452 0.364594 0.521662 0.195022 0.00122317
2 0.923829 0.92727 0.152342 0.145267 0.00121889
2 0.912603 0.729602 0.162046 0.128486 0.00121581
1 0.509413 0.802546 0.327927 0.172284 0.00121394
0 0.3734 0.119533 0.71805 0.238038 0.00120558
2 0.990033 0.851014 0.0199336 0.297972 0.00120524
0 0.478371 0.267269 0.321614 0.0857031 0.00120471
2 0.977332 0.985816 0.0453354 0.0280076 0.0012005
0 0.240227 0.140555 0.480453 0.269418 0.0011913
0 0.909667 0.761097 0.168009 0.0737103 0.00118942
2 0.793545 0.515546 0.23717 0.19761 0.00118514
2 0.85705 0.938497 0.285899 0.123007 0.00118333
0 0.2198 0.619698 0.16642 0.147131 0.0011742
2 0.185088 0.976164 0.370175 0.0476713 0.00117138
0 0.602058 0.602886 0.525545 0.215729 0.00116635
2 0.734292 0.656221 0.110891 0.0950257 0.00116608
0 0.300768 0.637085 0.437064 0.130468 0.00116502
2 0.731079 0.508938 0.296552 0.186473 0.00116449
1 0.244627 0.945394 0.483867 0.106869 0.00114776
0 0.621799 0.991303 0.188844 0.017211 0.00114658
0 0.419468 0.259634 0.601321 0.096261 0.00113909
1 0.485184 0.36479 0.634844 0.286499 0.00112665
0 0.38494 0.491253 0.522339 0.297472 0.00112485
0 0.346743 0.155296 0.693487 0.185622 0.00112373
0 0.741653 0.0189133 0.191115 0.0376537 0.00112244
0 0.0836522 0.97044 0.167304 0.0591191 0.00112172
0 0.641328 0.16068 0.501973 0.226392 0.00112036
0 0.749884 0.17829 0.395235 0.227834 0.00111515
0 0.40061 0.435513 0.598405 0.317004 0.00111456
2 0.995744 0.621831 0.00851166 0.415332 0.00110846
2 0.60388 0.753536 0.359358 0.158028 0.00110777
2 0.934124 0.315689 0.131753 0.155872 0.00110703
2 0.22868 0.346454 0.194438 0.179914 0.00110592
0 0.809375 0.0530146 0.197225 0.106029 0.00110574
0 0.346516 0.440151 0.429744 0.271035 0.00109543
2 0.708173 0.590371 0.338662 0.23865 0.00109424
0 0.591128 0.538644 0.324247 0.213134 0.00108953
0 0.681719 0.0874435 0.636563 0.174887 0.00108325
0 0.157361 0.151034 0.314722 0.272971 0.00108251
0 0.382138 0.545077 0.507911 0.264121 0.00107965
0 0.676384 0.219255 0.475927 0.131236 0.00106759
2 0.940922 0.726315 0.113118 0.137307 0.00106746
2 0.547584 0.772189 0.41437 0.190232 0.00106618
2 0.67615 0.572833 0.38998 0.168735 0.00106072
0 0.233838 0.562586 0.193897 0.138249 0.00105922
0 0.528351 0.163665 0.563319 0.138276 0.00104813
0 0.236403 0.353045 0.224988 0.179002 0.00104511
0 0.34741 0.650088 0.490903 0.164709 0.00104471
0 0.610176 0.415835 0.519504 0.448586 0.00104422
2 0.934921 0.905216 0.130159 0.188816 0.00103906
0 0.700276 0.696389 0.17578 0.0680662 0.00103705
0 0.752958 0.507867 0.252183 0.205888 0.0010364
1 0.911009 0.934026 0.177983 0.131936 0.00103616
0 0.416454 0.64232 0.574349 0.230506 0.00103461
0 0.711208 0.28238 0.205341 0.111627 0.00103127
0 0.907411 0.979723 0.185178 0.040554 0.00102902
2 0.994036 0.693712 0.0119271 0.371066 0.00102722
0 0.939529 0.98137 0.120943 0.0372599 0.00102654
0 0.725667 0.159977 0.504804 0.24314 0.00102648
1 0.954385 0.929241 0.0912299 0.141517 0.0010224
0 0.656031 0.478143 0.437596 0.352185 0.00102005
0 0.766295 0.661824 0.179506 0.116595 0.00101996
2 0.769254 0.526194 0.213252 0.163186 0.00101941
2 0.955844 0.893348 0.0883119 0.213304 0.00101513
0 0.59066 0.194696 0.599967 0.14672 0.00101392
0 0.748654 0.371645 0.376375 0.314342 0.00101032
0 0.204471 0.396174 0.367961 0.222392 0.00101015
2 0.0897315 0.115098 0.179463 0.225632 0.00100985
0 0.269556 0.627512 0.278888 0.144376 0.00100895
0 0.584092 0.374582 0.502176 0.333239 0.00100762
0 0.300541 0.306357 0.385011 0.105278 0.00100749
