2 0.66197 0.366265 0.655679 0.516693 0.979761
2 0.711055 0.712155 0.438852 0.331262 0.95949
2 0.250888 0.563487 0.501777 0.403255 0.952516
2 0.384801 0.547152 0.769603 0.439945 0.65998
2 0.519214 0.396327 0.922336 0.58596 0.499246
0 0.831425 0.127288 0.038026 0.0424304 0.178988
2 0.719017 0.650264 0.451344 0.457415 0.15712
2 0.650667 0.617694 0.585723 0.520981 0.1089
2 0.348008 0.42427 0.280303 0.121661 0.0670336
2 0.244997 0.649412 0.489994 0.236331 0.0603597
2 0.492625 0.494524 0.937946 0.698706 0.0383315
2 0.666955 0.267459 0.650436 0.316821 0.0301798
2 0.747852 0.337681 0.489782 0.462569 0.0299226
2 0.667845 0.514644 0.32791 0.186356 0.0293495
2 0.488882 0.6072 0.897465 0.521925 0.0235598
2 0.394441 0.425592 0.180624 0.120942 0.0227106
0 0.588709 0.0111586 0.233482 0.0217257 0.0215629
0 0.53056 0.0384296 0.532999 0.0768592 0.015905
0 0.58443 0.0144022 0.182529 0.0280894 0.0125623
0 0.598369 0.0265194 0.461869 0.0521834 0.0112381
2 0.265617 0.605995 0.439739 0.327456 0.0108606
0 0.261432 0.922408 0.0548628 0.0631641 0.0103152
2 0.708114 0.496357 0.23829 0.174099 0.00935468
0 0.62589 0.0121524 0.359572 0.0243048 0.00922278
0 0.500431 0.0582453 0.693929 0.116491 0.00852872
0 0.599353 0.0171671 0.149194 0.0343343 0.00833083
2 0.520295 0.717574 0.80107 0.368719 0.00816284
0 0.786605 0.962784 0.275477 0.0729335 0.00815877
2 0.682269 0.526438 0.621346 0.370116 0.00760595
2 0.165116 0.57189 0.325012 0.380149 0.00756433
0 0.481735 0.0776635 0.795638 0.155327 0.00747016
2 0.689251 0.329256 0.568732 0.356074 0.0074229
0 0.779799 0.969977 0.0814117 0.0570419 0.0074054
0 0.625308 0.0109035 0.13968 0.021807 0.00710632
2 0.69957 0.41487 0.581405 0.351313 0.0069505
2 0.633714 0.49875 0.397014 0.231306 0.00670931
2 0.679563 0.760428 0.50738 0.43079 0.00641686
2 0.604657 0.232191 0.623548 0.277297 0.00614785
0 0.621362 0.0189303 0.152288 0.0378607 0.0057951
2 0.727557 0.479465 0.196173 0.102913 0.00574933
0 0.79706 0.976066 0.336656 0.0478687 0.00542904
2 0.464094 0.630753 0.928188 0.312092 0.00512373
0 0.84552 0.129952 0.0838315 0.0453896 0.00501639
0 0.501828 0.154409 0.855276 0.308817 0.00496077
0 0.767292 0.319013 0.461738 0.396751 0.00485507
0 0.38487 0.96525 0.639236 0.0695 0.00467993
0 0.774502 0.691053 0.32986 0.367845 0.00462567
2 0.756275 0.254688 0.470388 0.299273 0.00450564
0 0.761236 0.130621 0.173738 0.0566888 0.00446299
0 0.245196 0.961715 0.436264 0.0749726 0.0043947
0 0.62027 0.00865183 0.0915276 0.0173037 0.00436508
0 0.180298 0.580278 0.360596 0.368236 0.00436294
0 0.615252 0.0552953 0.737453 0.109814 0.00431446
2 0.717547 0.514247 0.524266 0.288571 0.00428915
0 0.627755 0.157297 0.675176 0.30094 0.00428077
2 0.456745 0.700113 0.91349 0.495802 0.00424644
2 0.49718 0.210372 0.833201 0.279587 0.00421053
0 0.719769 0.742468 0.436584 0.392783 0.00415572
2 0.58199 0.769805 0.685034 0.450425 0.00414343
0 0.787117 0.913968 0.29643 0.17119 0.0041434
0 0.496635 0.970063 0.710374 0.0598746 0.00409172
0 0.650195 0.190256 0.289955 0.162132 0.00399782
0 0.867874 0.985549 0.0692803 0.0289023 0.00394055
2 0.27654 0.429061 0.529946 0.416294 0.00393881
0 0.46532 0.0966597 0.911248 0.192441 0.00392208
2 0.685862 0.667226 0.378466 0.23737 0.00390748
0 0.784591 0.638198 0.355924 0.533074 0.0039025
0 0.630851 0.0115252 0.23916 0.0230505 0.00386853
0 0.693742 0.969653 0.545588 0.059792 0.00378221
2 0.663583 0.763312 0.332942 0.243529 0.0037623
2 0.275308 0.707126 0.550616 0.486151 0.00374747
2 0.301833 0.474478 0.390399 0.221532 0.00371898
0 0.905541 0.338526 0.188917 0.472595 0.00368924
0 0.453844 0.428975 0.859328 0.424193 0.00367684
1 0.249739 0.632583 0.494918 0.279361 0.00364823
2 0.512026 0.298847 0.869531 0.372123 0.00363624
0 0.789541 0.264095 0.415572 0.329254 0.00363372
2 0.665062 0.187884 0.257429 0.157123 0.00360782
2 0.151534 0.521554 0.106868 0.0673901 0.00359672
1 0.313365 0.668536 0.333988 0.193983 0.00359327
0 0.461746 0.924546 0.837694 0.147177 0.00351758
2 0.109959 0.545205 0.219918 0.366985 0.0034847
0 0.304559 0.942402 0.567123 0.114259 0.00344551
0 0.76098 0.42006 0.470586 0.415631 0.0034193
0 0.912181 0.101512 0.175638 0.203023 0.00338682
0 0.850866 0.073445 0.298266 0.14689 0.00338055
0 0.849101 0.96482 0.301797 0.0701721 0.00336105
0 0.50173 0.343365 0.883232 0.346854 0.00335291
0 0.514347 0.23901 0.850865 0.261111 0.00335141
0 0.902623 0.26711 0.194755 0.439181 0.00334253
0 0.684904 0.81228 0.496294 0.372294 0.0033367
0 0.117783 0.0677446 0.235566 0.135489 0.00328246
0 0.890434 0.413457 0.219131 0.546934 0.00328123
0 0.897463 0.135681 0.205074 0.271361 0.00326474
0 0.209776 0.94147 0.406095 0.115774 0.00325906
0 0.914029 0.942603 0.171943 0.114794 0.00325584
0 0.689321 0.075008 0.597867 0.149739 0.00324496
0 0.458046 0.206595 0.916092 0.318339 0.00324256
0 0.100343 0.504888 0.200686 0.358777 0.00324212
0 0.80755 0.959751 0.367047 0.0794845 0.00324082
0 0.761234 0.724586 0.477531 0.393104 0.00323631
0 0.794615 0.658076 0.410771 0.449996 0.00321826
0 0.784727 0.519279 0.403513 0.556138 0.00318611
0 0.868056 0.623654 0.263888 0.553901 0.00318316
0 0.105056 0.607723 0.210112 0.345164 0.00313802
0 0.163672 0.957257 0.327343 0.0854855 0.00312387
0 0.874574 0.784305 0.250852 0.423128 0.00312385
0 0.220145 0.672523 0.44029 0.44664 0.00312029
0 0.456794 0.358954 0.668603 0.30914 0.00311848
0 0.698371 0.0396031 0.552552 0.078536 0.00310393
0 0.738363 0.229816 0.50524 0.271175 0.00309929
0 0.0587327 0.782059 0.117465 0.371667 0.00308287
0 0.5665 0.294757 0.665243 0.304295 0.00308085
0 0.913765 0.867611 0.17247 0.264779 0.0030803
0 0.838428 0.227412 0.320683 0.332968 0.00307086
0 0.867683 0.098347 0.264635 0.196089 0.00305519
2 0.0639221 0.718561 0.127844 0.406409 0.00305487
0 0.134942 0.0582249 0.269884 0.11645 0.00304375
0 0.0679547 0.865438 0.135909 0.269123 0.003038
0 0.790341 0.860979 0.365299 0.268195 0.00303473
0 0.551728 0.898242 0.722001 0.199095 0.00302082
0 0.116025 0.921413 0.232051 0.157173 0.00302033
0 0.105145 0.429864 0.210291 0.370101 0.00300591
0 0.058811 0.828084 0.117622 0.319178 0.00299938
0 0.371881 0.058316 0.7304 0.116632 0.00299711
0 0.302337 0.418322 0.558696 0.358247 0.00295883
0 0.120767 0.112455 0.241535 0.22491 0.00294834
0 0.0922634 0.660486 0.184527 0.357501 0.00292897
0 0.198418 0.0557748 0.393592 0.11155 0.00290358
0 0.176919 0.501948 0.341991 0.433842 0.0028967
2 0.717864 0.531344 0.244179 0.210694 0.00288042
0 0.665539 0.0182767 0.531755 0.0365535 0.00281549
2 0.848811 0.12971 0.0795983 0.04661 0.00281106
0 0.469429 0.796713 0.913624 0.382311 0.0028019
0 0.889276 0.525873 0.221449 0.641159 0.00279486
0 0.252151 0.468974 0.497711 0.316464 0.0027917
0 0.154939 0.935427 0.309879 0.127537 0.00279103
0 0.718154 0.141194 0.542075 0.252962 0.00277577
2 0.709354 0.535614 0.362361 0.205847 0.00276187
0 0.127967 0.154357 0.255934 0.308714 0.00275857
0 0.535363 0.0150575 0.50405 0.0298993 0.00273869
0 0.124412 0.357246 0.248825 0.389256 0.00272786
2 0.393028 0.414684 0.156378 0.0955868 0.002717
2 0.626707 0.341918 0.638385 0.294191 0.00270281
0 0.0613117 0.0376704 0.122623 0.0734012 0.00265281
0 0.150442 0.844641 0.300885 0.310718 0.00263306
0 0.128864 0.298424 0.257728 0.36589 0.0026228
0 0.356801 0.116865 0.713602 0.232381 0.00258588
0 0.142037 0.7428 0.284074 0.503365 0.00258382
0 0.223172 0.93733 0.149837 0.0962368 0.00256223
0 0.614812 0.0432568 0.495378 0.0855017 0.0025511
0 0.410225 0.878038 0.82045 0.233905 0.0025413
2 0.569262 0.499873 0.277266 0.213841 0.00253746
0 0.183015 0.708057 0.36603 0.542953 0.00248228
0 0.639218 0.00786036 0.0666481 0.0156967 0.00247063
0 0.233299 0.424601 0.466598 0.592292 0.00246232
2 0.682176 0.478558 0.292346 0.215401 0.00241441
0 0.633168 0.784473 0.255385 0.199173 0.00241115
2 0.57373 0.520942 0.123196 0.161104 0.00234111
0 0.677233 0.180611 0.228597 0.141154 0.00233471
0 0.203189 0.925615 0.172133 0.0886021 0.00228422
1 0.636238 0.359211 0.611922 0.276269 0.00227939
0 0.237848 0.856106 0.475695 0.283271 0.00226751
0 0.833186 0.982225 0.186849 0.0351525 0.00224421
0 0.902662 0.12485 0.191587 0.173761 0.00221712
0 0.402368 0.449533 0.804736 0.552163 0.00218284
0 0.161117 0.21708 0.322234 0.381217 0.00217049
0 0.524412 0.030325 0.680217 0.0606499 0.00212608
2 0.829821 0.769999 0.138016 0.0832966 0.002124
0 0.173523 0.357033 0.347045 0.514361 0.00212281
0 0.623287 0.0203047 0.296895 0.0406094 0.00210072
0 0.265929 0.740789 0.531859 0.478446 0.00210054
2 0.423927 0.617575 0.112518 0.105256 0.00206371
1 0.788449 0.950413 0.423102 0.0985 0.00202534
0 0.408174 0.273589 0.816348 0.318253 0.00201222
2 0.725002 0.655108 0.406742 0.196207 0.00194704
0 0.346622 0.413499 0.282226 0.119028 0.00191157
2 0.75754 0.72872 0.322856 0.246372 0.00188723
1 0.795329 0.514616 0.344334 0.275963 0.00187499
0 0.654653 0.0455254 0.336305 0.0880775 0.0018738
0 0.713482 0.773156 0.38009 0.22863 0.00186916
0 0.977987 0.982167 0.0440267 0.0352327 0.00183547
1 0.151569 0.521891 0.110884 0.0683638 0.00183371
0 0.696623 0.293248 0.542579 0.362672 0.00183206
2 0.750896 0.764196 0.314375 0.158515 0.00180286
0 0.289933 0.502086 0.433835 0.297208 0.00178139
0 0.252474 0.703745 0.156109 0.122117 0.00177289
1 0.480478 0.0229972 0.604403 0.0459945 0.00177107
1 0.605285 0.31824 0.57319 0.250329 0.00177063
2 0.762711 0.487074 0.350656 0.198762 0.00175061
0 0.827663 0.974457 0.181078 0.0510858 0.00173272
2 0.0674856 0.0411901 0.134971 0.0822867 0.00173103
2 0.176658 0.67785 0.306654 0.175129 0.00171334
0 0.818452 0.931974 0.350417 0.135524 0.00170475
0 0.102737 0.0377677 0.205474 0.0747068 0.00169084
2 0.522975 0.481737 0.201608 0.18221 0.00167255
0 0.708383 0.19081 0.168475 0.164829 0.00163705
2 0.776858 0.525742 0.38665 0.245544 0.00162818
0 0.172393 0.665684 0.317073 0.202055 0.0016269
0 0.723657 0.172795 0.180835 0.130336 0.00161732
2 0.57896 0.521288 0.128468 0.0930543 0.00160785
0 0.815013 0.106368 0.255798 0.121324 0.00160773
0 0.966901 0.976396 0.0646846 0.0472077 0.00157886
0 0.472462 0.249921 0.115388 0.106073 0.00156558
1 0.174845 0.66631 0.312808 0.200196 0.00155405
1 0.230137 0.665091 0.255542 0.201346 0.001554
2 0.709826 0.789827 0.394069 0.142495 0.00155127
2 0.906421 0.118816 0.18504 0.183916 0.00153862
2 0.63886 0.695999 0.284093 0.268929 0.00153402
1 0.69858 0.0267274 0.602841 0.0534548 0.00150314
1 0.83835 0.923373 0.323299 0.153254 0.00149831
1 0.494586 0.0318481 0.727775 0.0636963 0.00149202
0 0.178968 0.697509 0.296419 0.13751 0.00148473
0 0.852903 0.122663 0.287265 0.174245 0.00148151
0 0.794782 0.150901 0.410436 0.0878289 0.00147221
0 0.681434 0.149706 0.221107 0.0903729 0.00146609
2 0.112405 0.0699539 0.224809 0.137717 0.00146258
0 0.192915 0.940407 0.203387 0.116443 0.00145377
2 0.792793 0.467441 0.343276 0.137784 0.0014435
2 0.515788 0.30448 0.335139 0.225907 0.00144314
2 0.484902 0.477867 0.140877 0.176788 0.00143596
2 0.27227 0.496002 0.472887 0.279889 0.00143551
2 0.0858114 0.586033 0.171623 0.0817602 0.00143432
2 0.227434 0.601911 0.454868 0.262811 0.00142242
2 0.408904 0.618893 0.146686 0.12425 0.00141915
0 0.7522 0.0509384 0.180564 0.0950311 0.00141871
0 0.142769 0.0405369 0.285538 0.0806244 0.00140418
1 0.704362 0.390016 0.459206 0.370889 0.00140389
2 0.83502 0.732514 0.172147 0.150898 0.00140169
2 0.854883 0.454909 0.21593 0.107742 0.0013953
0 0.174392 0.711942 0.348784 0.112977 0.00138792
2 0.289881 0.439768 0.411966 0.15184 0.00137803
2 0.755587 0.486439 0.150877 0.0984574 0.00137586
0 0.710881 0.157486 0.163682 0.0980979 0.00137054
0 0.40241 0.384482 0.208155 0.216 0.0013633
0 0.843292 0.12797 0.0598268 0.044699 0.0013509
2 0.710076 0.187877 0.165088 0.156006 0.00134966
2 0.579168 0.338778 0.483595 0.270112 0.00134236
0 0.606097 0.811862 0.140771 0.127281 0.00134111
1 0.627591 0.424989 0.446356 0.34262 0.00132764
0 0.258792 0.931629 0.101958 0.101187 0.00132748
1 0.224611 0.943423 0.449222 0.11129 0.00132705
2 0.647544 0.531932 0.276337 0.161497 0.00132478
1 0.908046 0.123174 0.183908 0.172337 0.00131709
0 0.0654335 0.0517325 0.130867 0.102765 0.00130914
2 0.415809 0.602631 0.132244 0.0874015 0.00130816
0 0.6921 0.797451 0.428911 0.152154 0.00130337
1 0.966888 0.96918 0.0662247 0.0601353 0.00130107
0 0.590054 0.202879 0.431926 0.190666 0.00130072
2 0.6304 0.81257 0.193269 0.138501 0.00129858
1 0.902294 0.928232 0.193922 0.143536 0.00129416
2 0.455132 0.297147 0.209856 0.209244 0.00129281
0 0.254978 0.920273 0.0723926 0.0843128 0.00128983
2 0.751318 0.193057 0.321599 0.174015 0.00128364
0 0.743958 0.956584 0.211188 0.0838775 0.00128181
2 0.662893 0.804471 0.254626 0.159438 0.0012702
0 0.737474 0.047264 0.525051 0.0945279 0.0012563
2 0.461792 0.453904 0.165905 0.205897 0.00125369
2 0.819169 0.708888 0.223273 0.22893 0.00124974
0 0.0663787 0.596245 0.132757 0.0997637 0.00124385
1 0.717346 0.845362 0.394885 0.309275 0.00124158
2 0.248547 0.708244 0.497094 0.124014 0.00124001
2 0.25441 0.686878 0.151898 0.154696 0.0012359
1 0.201886 0.974984 0.403772 0.0500325 0.00123011
0 0.255213 0.556395 0.47938 0.343012 0.0012273
0 0.700455 0.00853884 0.289597 0.0170777 0.00122011
1 0.955593 0.937105 0.0888132 0.125791 0.00121905
2 0.570605 0.387239 0.462695 0.249793 0.00121852
1 0.252103 0.683779 0.46028 0.172261 0.00121135
2 0.752913 0.616642 0.332625 0.119822 0.00121001
2 0.629581 0.782506 0.19736 0.208173 0.00120461
1 0.719093 0.0367649 0.561814 0.0735298 0.00120044
0 0.270208 0.69907 0.12594 0.142291 0.00119993
2 0.263748 0.693221 0.440181 0.147844 0.00119659
0 0.406629 0.376101 0.316969 0.229511 0.00119568
0 0.621743 0.823279 0.17126 0.121151 0.00118179
0 0.263323 0.91325 0.0521976 0.0554473 0.00118019
2 0.77581 0.787468 0.252571 0.137164 0.00117747
0 0.987813 0.978908 0.0243732 0.0409618 0.00117574
0 0.753028 0.0912047 0.147406 0.104927 0.00117178
0 0.780344 0.0780525 0.359045 0.146245 0.00116697
2 0.374113 0.39115 0.290222 0.193577 0.00115726
1 0.96241 0.977994 0.0751805 0.0439312 0.00115314
1 0.738746 0.431605 0.424044 0.332301 0.00115135
2 0.819107 0.647007 0.200873 0.178728 0.00114585
0 0.819951 0.142295 0.35395 0.13556 0.0011412
0 0.809136 0.894737 0.348583 0.210527 0.0011334
0 0.775329 0.974341 0.155396 0.0507717 0.00113177
0 0.597287 0.768285 0.191781 0.217048 0.00112412
2 0.480782 0.980225 0.467269 0.0395508 0.00112344
2 0.924315 0.306316 0.142305 0.169316 0.00112205
2 0.0861205 0.600831 0.172241 0.212426 0.00112157
0 0.927992 0.275741 0.121134 0.109279 0.00112133
2 0.184521 0.974903 0.369043 0.050193 0.00111984
0 0.61332 0.801313 0.162444 0.159458 0.00110963
0 0.295044 0.42339 0.395327 0.128025 0.00110091
0 0.629381 0.744507 0.267127 0.269106 0.00109744
2 0.267231 0.710496 0.518335 0.164573 0.00109549
1 0.399248 0.0271926 0.629888 0.0543852 0.00108972
0 0.650507 0.103633 0.342717 0.194115 0.0010882
