1 0.583668 0.607515 0.803499 0.470719 0.917434
1 0.582924 0.530935 0.780227 0.313976 0.180481
0 0.151775 0.277719 0.0524079 0.0501205 0.0790509
1 0.580356 0.698289 0.829982 0.406273 0.0318262
1 0.544986 0.492064 0.69903 0.241451 0.0211632
1 0.552242 0.782604 0.847215 0.430508 0.015259
1 0.556452 0.703882 0.760187 0.278769 0.00919446
1 0.526354 0.358199 0.888874 0.716398 0.00914211
1 0.527755 0.843987 0.82934 0.312026 0.008362
1 0.383571 0.577235 0.409271 0.439986 0.00778843
1 0.499221 0.641969 0.633826 0.400363 0.00748231
1 0.510334 0.215711 0.92348 0.428933 0.00707185
1 0.32017 0.619492 0.640339 0.519673 0.00672222
1 0.560694 0.39498 0.825241 0.458323 0.00634386
1 0.503779 0.934021 0.783126 0.131256 0.00597567
1 0.639486 0.727681 0.70642 0.538562 0.00585852
1 0.240449 0.623903 0.480899 0.609688 0.00564607
2 0.538919 0.255905 0.871779 0.50874 0.00514784
1 0.281769 0.713163 0.563537 0.573674 0.00509438
1 0.48264 0.0713595 0.630511 0.14216 0.0047526
1 0.482302 0.961448 0.770619 0.0761619 0.00449932
1 0.509337 0.158941 0.759886 0.317107 0.00431533
1 0.405577 0.546056 0.811153 0.691779 0.00424394
2 0.579386 0.191346 0.79087 0.379948 0.00411863
2 0.155671 0.277039 0.0637977 0.04825 0.00406744
2 0.574688 0.0821583 0.612128 0.163628 0.00399005
1 0.426751 0.665003 0.53995 0.356214 0.00391073
1 0.132832 0.618003 0.265664 0.545913 0.00388312
1 0.757744 0.742902 0.475733 0.490331 0.00373611
1 0.424723 0.724111 0.464041 0.230192 0.00364304
1 0.675176 0.792374 0.623472 0.407093 0.00352629
1 0.452127 0.714104 0.904254 0.559714 0.00349128
1 0.137225 0.715367 0.27445 0.499639 0.00344992
1 0.394774 0.713928 0.789356 0.33394 0.00343741
2 0.63225 0.326895 0.706072 0.65303 0.00342326
1 0.471704 0.455312 0.943407 0.822349 0.00330223
0 0.721907 0.601093 0.549742 0.397458 0.00328743
1 0.474009 0.456561 0.948017 0.394075 0.00328521
2 0.619792 0.589879 0.737363 0.446747 0.00325684
2 0.701859 0.18873 0.57571 0.372799 0.00323323
0 0.941278 0.0944915 0.117444 0.188983 0.00320154
1 0.473458 0.114649 0.706314 0.228824 0.00317998
0 0.892947 0.597906 0.214107 0.491885 0.00317421
1 0.186485 0.758767 0.372971 0.478459 0.00316375
1 0.404737 0.970631 0.69339 0.05749 0.00309042
0 0.117979 0.25954 0.235958 0.473264 0.00307985
0 0.143924 0.525291 0.287847 0.667557 0.0030418
1 0.64526 0.632271 0.699302 0.330574 0.00303038
0 0.940516 0.153801 0.118969 0.307601 0.00301828
0 0.228608 0.323 0.457216 0.63662 0.00295368
0 0.86614 0.0771552 0.261 0.15431 0.00291695
0 0.955458 0.187258 0.0890836 0.360229 0.00291567
0 0.120318 0.0824666 0.240636 0.164933 0.00290064
1 0.426805 0.865581 0.85361 0.268522 0.00289921
0 0.941211 0.43666 0.117577 0.380049 0.00289074
0 0.130754 0.180121 0.261508 0.344296 0.00288899
0 0.130459 0.412824 0.260919 0.700748 0.00288071
1 0.422543 0.474314 0.668426 0.492746 0.00285577
0 0.125307 0.759282 0.250614 0.45694 0.002851
0 0.439548 0.324151 0.879097 0.629291 0.00284993
0 0.107241 0.807441 0.214483 0.373885 0.00283217
0 0.123743 0.895717 0.247486 0.208566 0.00283064
0 0.92899 0.482029 0.142021 0.403648 0.00281902
0 0.18916 0.241115 0.37832 0.46413 0.00280234
0 0.915239 0.938449 0.169523 0.123103 0.00279538
0 0.961137 0.227118 0.0777256 0.39132 0.00279388
0 0.875225 0.686351 0.249551 0.452256 0.00279139
0 0.956738 0.336727 0.0865243 0.372205 0.00276776
0 0.310762 0.392512 0.621523 0.777127 0.00275049
0 0.960777 0.281208 0.0784456 0.376177 0.0027208
0 0.870061 0.460432 0.246643 0.373929 0.00271585
0 0.270633 0.211305 0.541266 0.398297 0.00271209
0 0.781279 0.569996 0.431437 0.416193 0.00270377
1 0.372889 0.761361 0.745777 0.475726 0.00270106
0 0.0980323 0.849848 0.196065 0.300304 0.00268132
0 0.12302 0.126628 0.24604 0.253257 0.00265108
0 0.176038 0.188744 0.352076 0.349017 0.00263471
0 0.905138 0.864878 0.189724 0.270244 0.00262581
0 0.856675 0.15525 0.273998 0.308583 0.00262552
0 0.345861 0.971673 0.565516 0.0552438 0.00261347
0 0.883152 0.805838 0.233696 0.37737 0.00261198
0 0.797514 0.0767496 0.395649 0.153499 0.00260038
0 0.869724 0.239133 0.260549 0.390413 0.00258825
0 0.715386 0.531904 0.560472 0.330892 0.00258471
0 0.662511 0.382915 0.662796 0.706618 0.00257231
2 0.741134 0.0768356 0.497786 0.153671 0.00256786
0 0.863515 0.370903 0.249084 0.360651 0.00253387
0 0.353982 0.0556715 0.650788 0.110351 0.00253325
0 0.753035 0.229003 0.479105 0.452019 0.00250426
1 0.796854 0.798079 0.382732 0.38097 0.00250034
0 0.349611 0.194401 0.631882 0.355366 0.00249063
0 0.868049 0.310283 0.247664 0.354966 0.00248722
0 0.16979 0.806405 0.33958 0.38719 0.00247239
0 0.771012 0.423953 0.438455 0.506629 0.00246459
0 0.172718 0.933732 0.345436 0.132536 0.00245181
0 0.444352 0.107972 0.709417 0.214782 0.00245024
1 0.711191 0.964782 0.559862 0.0684124 0.00244555
0 0.197349 0.0638695 0.394698 0.127531 0.00242665
0 0.208575 0.963062 0.41715 0.0719971 0.00239717
0 0.868428 0.958037 0.252138 0.0839265 0.00239179
0 0.79033 0.183713 0.415186 0.363403 0.00239064
0 0.799167 0.304527 0.38922 0.471337 0.00233748
1 0.738508 0.167395 0.51017 0.333003 0.00223916
0 0.338566 0.880185 0.667288 0.236769 0.00221527
0 0.179956 0.129188 0.359912 0.256965 0.00221142
1 0.733445 0.643636 0.479457 0.297425 0.00215536
0 0.851799 0.857018 0.259907 0.273818 0.00212198
0 0.1966 0.860996 0.393199 0.276276 0.00211182
0 0.11585 0.268733 0.129839 0.0707806 0.00209836
0 0.663343 0.969276 0.553801 0.0614472 0.00204903
1 0.500219 0.465066 0.616854 0.173948 0.00183638
2 0.582168 0.0508421 0.785468 0.100913 0.00180057
1 0.387204 0.955271 0.760124 0.0887316 0.00176739
1 0.442441 0.523191 0.564669 0.304344 0.00176482
0 0.729628 0.947469 0.48839 0.103427 0.00173008
1 0.557965 0.953679 0.837099 0.0923594 0.00172347
0 0.405735 0.977795 0.594378 0.0444102 0.00169786
1 0.418372 0.468394 0.434282 0.180181 0.00166033
1 0.695347 0.669522 0.393706 0.268293 0.00159753
1 0.622479 0.691861 0.559679 0.274034 0.00154149
1 0.598378 0.730701 0.548244 0.214302 0.00153644
0 0.387238 0.462537 0.361262 0.173702 0.0015154
0 0.531363 0.975809 0.613345 0.0483818 0.00150486
2 0.6385 0.0451609 0.450282 0.0892902 0.0014616
1 0.404354 0.753422 0.42647 0.165474 0.00145632
0 0.16041 0.277407 0.0787925 0.052689 0.00144468
1 0.645151 0.695582 0.470132 0.212549 0.0014024
1 0.614063 0.926702 0.690055 0.146098 0.00138807
1 0.431295 0.494874 0.474689 0.24448 0.00136616
1 0.759575 0.664137 0.405887 0.240396 0.00135094
1 0.472872 0.921399 0.615748 0.157203 0.00135085
1 0.297755 0.976803 0.59551 0.0463932 0.00134432
0 0.110927 0.291358 0.221854 0.087164 0.00134127
2 0.390758 0.038021 0.768977 0.0760419 0.00133225
2 0.356375 0.0490825 0.712749 0.0970013 0.00129697
0 0.517151 0.0384309 0.782798 0.0768619 0.00127594
1 0.803525 0.929227 0.330046 0.14116 0.00126853
0 0.152568 0.288809 0.0574872 0.0508373 0.00125131
1 0.768866 0.928051 0.462267 0.143763 0.00124417
1 0.0917845 0.323356 0.183569 0.204528 0.00123603
0 0.926375 0.88993 0.0530667 0.0541274 0.00123398
0 0.750916 0.973233 0.463504 0.0535342 0.00122747
1 0.463657 0.0350857 0.729637 0.0701714 0.00122727
2 0.168035 0.973106 0.33607 0.0537886 0.00122383
1 0.0925529 0.254996 0.185106 0.132669 0.00121674
0 0.774042 0.642396 0.431912 0.310079 0.00121494
2 0.20369 0.244517 0.204069 0.128811 0.00120331
2 0.823298 0.929875 0.321482 0.139926 0.0011919
2 0.123409 0.952012 0.246819 0.0959761 0.00117621
1 0.280024 0.948 0.560049 0.10274 0.00117507
1 0.152822 0.348294 0.305644 0.217582 0.00117396
1 0.0926661 0.284453 0.185332 0.13514 0.0011677
2 0.145955 0.962164 0.291911 0.075672 0.00116672
1 0.290964 0.0382472 0.581929 0.0764944 0.00116642
2 0.812725 0.0599035 0.362408 0.118316 0.00116591
2 0.461973 0.0462142 0.82485 0.091521 0.00115239
0 0.563923 0.905899 0.455286 0.188202 0.00114277
0 0.666585 0.0527958 0.459891 0.105592 0.0011374
2 0.292622 0.0386579 0.585244 0.0766072 0.00113308
0 0.528608 0.0697094 0.723736 0.137506 0.00112947
2 0.276002 0.977571 0.552003 0.0448586 0.00112029
0 0.109864 0.225547 0.219728 0.178414 0.00111668
0 0.227936 0.976503 0.455871 0.0469934 0.00110517
0 0.416076 0.735875 0.446301 0.209662 0.00109775
2 0.311027 0.0812828 0.622054 0.162566 0.00109628
1 0.718147 0.691269 0.37896 0.198935 0.0010877
0 0.339654 0.0799482 0.679308 0.159063 0.00108135
0 0.38812 0.778456 0.475273 0.108503 0.0010792
2 0.732441 0.0466424 0.438902 0.0919107 0.00107365
1 0.445348 0.59224 0.524269 0.299668 0.0010655
2 0.182546 0.228759 0.270087 0.167338 0.00105658
0 0.596763 0.0454971 0.624273 0.0909942 0.00104587
0 0.391171 0.881003 0.414236 0.237994 0.00103903
1 0.607114 0.76068 0.590013 0.150185 0.00103883
0 0.259841 0.0977816 0.519682 0.187491 0.00103784
1 0.525382 0.885231 0.601784 0.229538 0.00103556
0 0.549207 0.103364 0.597982 0.205177 0.00102925
0 0.203023 0.297479 0.406046 0.103091 0.00102465
1 0.257133 0.339952 0.514266 0.200396 0.00102267
2 0.947578 0.450034 0.104843 0.114841 0.00102054
2 0.6286 0.0669168 0.580816 0.133229 0.00102044
2 0.215053 0.945499 0.415506 0.10678 0.00101995
1 0.596341 0.787767 0.564808 0.228851 0.00101813
2 0.710469 0.0481923 0.579062 0.0953214 0.00100935
0 0.527629 0.989655 0.191457 0.0206432 0.00100678
0 0.800663 0.982327 0.213362 0.0353463 0.00100545
0 0.143042 0.276501 0.0722062 0.0541333 0.00100283
1 0.247778 0.306815 0.495556 0.133172 0.000998493
1 0.47896 0.681241 0.687385 0.266007 0.000998281
0 0.315672 0.08803 0.487713 0.155768 0.000998116
0 0.475242 0.874642 0.544677 0.250717 0.000994826
0 0.0905071 0.965928 0.181014 0.0681444 0.000990118
1 0.508272 0.745975 0.52014 0.18295 0.000988144
1 0.0940367 0.216004 0.188073 0.209518 0.000986091
0 0.529047 0.470193 0.537023 0.177592 0.000984529
1 0.483321 0.629336 0.695265 0.262491 0.000983046
0 0.544945 0.875339 0.466793 0.219127 0.000980345
1 0.872462 0.920374 0.254878 0.159251 0.000979192
2 0.0945178 0.96492 0.189036 0.0701593 0.000978726
0 0.682823 0.430545 0.208838 0.0874825 0.000976874
1 0.455989 0.645495 0.549426 0.205366 0.000975929
1 0.84965 0.941897 0.3007 0.115339 0.000974655
2 0.106443 0.927357 0.212885 0.14459 0.000974589
2 0.803133 0.973728 0.393735 0.0525444 0.000973044
1 0.0959137 0.363056 0.191827 0.235251 0.000965027
1 0.423779 0.799594 0.554245 0.116297 0.000962764
0 0.323178 0.90348 0.350234 0.193041 0.00095586
0 0.445359 0.685806 0.527551 0.228316 0.000955839
1 0.662025 0.56119 0.672008 0.41381 0.00094644
2 0.0870057 0.904151 0.174011 0.191698 0.000945601
2 0.86808 0.0565415 0.260915 0.111544 0.000940838
1 0.668901 0.747445 0.561875 0.147659 0.000939606
1 0.436229 0.827975 0.581647 0.175155 0.000936506
0 0.674561 0.0738553 0.590989 0.147297 0.000935135
2 0.947616 0.47395 0.104768 0.113877 0.000931965
0 0.224227 0.120561 0.448454 0.181264 0.000928829
1 0.503363 0.574706 0.699313 0.318685 0.000928322
1 0.667685 0.780736 0.494076 0.264695 0.000927213
0 0.378028 0.425187 0.286196 0.0912268 0.000927078
0 0.315997 0.311604 0.515476 0.152453 0.000923929
0 0.410829 0.796829 0.518757 0.113412 0.000922067
2 0.0922008 0.212284 0.184402 0.31943 0.000921461
0 0.664975 0.907409 0.442407 0.185182 0.000920396
0 0.743601 0.209253 0.168537 0.169433 0.000918869
2 0.997635 0.791604 0.00472931 0.3419 0.000918189
0 0.343857 0.3121 0.38478 0.136489 0.000916253
0 0.63621 0.796317 0.414121 0.282798 0.00091476
0 0.13239 0.936847 0.264781 0.123767 0.000914131
1 0.862788 0.785761 0.257676 0.288321 0.000913392
0 0.00964279 0.883474 0.0192856 0.233052 0.000912685
0 0.782586 0.98757 0.20601 0.0247713 0.000912054
1 0.618331 0.732394 0.570844 0.139163 0.000911168
0 0.38627 0.932455 0.543396 0.135089 0.000909818
2 0.248597 0.269907 0.276029 0.0862653 0.000908006
2 0.0069945 0.374842 0.013989 0.399872 0.000907823
0 0.604048 0.542594 0.701225 0.330798 0.000907646
1 0.825891 0.718818 0.335232 0.131566 0.000907231
2 0.996712 0.423893 0.00657678 0.278451 0.000906458
0 0.80153 0.11879 0.39694 0.237579 0.000905454
2 0.998958 0.875584 0.00208411 0.248832 0.00090329
0 0.400714 0.825893 0.497058 0.144733 0.000898364
0 0.801287 0.90486 0.324394 0.190281 0.000897672
0 0.818714 0.0517762 0.362573 0.103552 0.000894567
0 0.740548 0.181886 0.23122 0.227612 0.000894319
2 0.00767169 0.649327 0.0153434 0.444768 0.000893563
2 0.832483 0.102318 0.335034 0.204636 0.000893553
0 0.247526 0.046881 0.495052 0.093762 0.000892698
2 0.947309 0.277256 0.105383 0.117577 0.000892281
2 0.0842046 0.82934 0.168409 0.341319 0.000891899
0 0.707877 0.094125 0.584246 0.18825 0.000891689
0 0.741665 0.238822 0.190097 0.186083 0.00089135
1 0.482518 0.847456 0.564743 0.226482 0.000891302
0 0.870049 0.405503 0.219634 0.176977 0.000891286
0 0.772183 0.176649 0.282587 0.25644 0.000889603
0 0.300439 0.301073 0.346674 0.14796 0.000889431
2 0.0824967 0.853121 0.164993 0.261025 0.00088896
2 0.535055 0.818921 0.606708 0.231508 0.000888713
0 0.312354 0.474892 0.182416 0.169368 0.000887995
0 0.601574 0.847791 0.434698 0.236236 0.000887105
1 0.323385 0.928086 0.646769 0.142911 0.00088384
2 0.991818 0.220912 0.0163634 0.40232 0.000882711
2 0.0074687 0.823072 0.0149374 0.353856 0.000880191
1 0.91901 0.462097 0.156406 0.122609 0.00087984
0 0.223653 0.909572 0.447306 0.180856 0.00087957
0 0.308151 0.880546 0.421554 0.238907 0.000879236
1 0.880922 0.912112 0.18877 0.172217 0.000879202
0 0.776428 0.150558 0.369166 0.274702 0.000878513
1 0.305705 0.321634 0.61141 0.169003 0.000878047
1 0.818067 0.755329 0.352071 0.214378 0.000877932
0 0.779774 0.721431 0.419937 0.120183 0.000877913
2 0.996716 0.47425 0.00656873 0.277526 0.00087772
0 0.665938 0.346509 0.265291 0.155131 0.00087741
0 0.396142 0.304818 0.258814 0.146703 0.00087723
0 0.00636246 0.534054 0.0127249 0.432477 0.000876869
0 0.00559224 0.239681 0.0111845 0.414729 0.000875661
0 0.634791 0.882404 0.378071 0.201506 0.000875411
2 0.990303 0.903213 0.019394 0.193574 0.000874585
2 0.994803 0.280006 0.0103939 0.359935 0.000869775
0 0.234396 0.304861 0.273369 0.118627 0.000868525
0 0.676317 0.166544 0.268299 0.207732 0.000867244
2 0.0049566 0.843605 0.00991319 0.291009 0.000866387
0 0.666647 0.830908 0.319508 0.257137 0.000865531
0 0.243802 0.115895 0.414388 0.135948 0.000865169
0 0.718465 0.206143 0.235953 0.183148 0.000864047
2 0.00713241 0.773789 0.0142648 0.452422 0.000863743
1 0.816569 0.791788 0.320558 0.263584 0.000862507
0 0.750082 0.403699 0.39951 0.194519 0.000861719
0 0.398532 0.76105 0.417438 0.142178 0.000861233
2 0.918734 0.437468 0.157637 0.126906 0.000861211
2 0.00717848 0.449595 0.014357 0.411678 0.000858527
0 0.943487 0.421335 0.113027 0.131043 0.000858455
0 0.00781215 0.630505 0.0156243 0.47107 0.000858217
2 0.950777 0.244074 0.098446 0.135176 0.000856609
2 0.511109 0.767616 0.647856 0.182267 0.000855769
2 0.125034 0.199681 0.250068 0.231635 0.000855323
2 0.959271 0.111147 0.0814582 0.222293 0.000853181
0 0.715591 0.243965 0.288552 0.215812 0.000851356
2 0.0913963 0.33762 0.182793 0.304238 0.000850697
0 0.467471 0.990693 0.187439 0.0185356 0.000849582
0 0.416244 0.315955 0.420681 0.140743 0.000848812
