1 0.386937 0.378578 0.332107 0.589838 0.756613
1 0.501487 0.526238 0.559808 0.945082 0.0651084
2 0.557475 0.482624 0.88505 0.965248 0.0410901
1 0.537208 0.505923 0.888419 0.924852 0.0397896
1 0.266311 0.50623 0.529355 0.89521 0.0308183
1 0.397459 0.621427 0.325998 0.732836 0.0273662
1 0.361602 0.572502 0.576549 0.847817 0.0239475
2 0.752874 0.490225 0.494251 0.98045 0.0224463
1 0.290942 0.366162 0.502308 0.608133 0.0205035
1 0.383256 0.480291 0.368521 0.803498 0.0162511
1 0.308032 0.664102 0.604929 0.671796 0.012165
2 0.818721 0.481343 0.357844 0.958389 0.00912562
1 0.329853 0.516586 0.174905 0.316915 0.00874568
0 0.426968 0.325845 0.440888 0.488644 0.00791473
2 0.288933 0.171618 0.138319 0.162105 0.00750782
0 0.379653 0.37256 0.344724 0.578954 0.00750246
0 0.290398 0.19144 0.144308 0.205016 0.00746668
0 0.756835 0.735728 0.118809 0.153612 0.00736611
0 0.247158 0.4945 0.491223 0.973047 0.0069534
0 0.290288 0.162213 0.138122 0.145232 0.00679658
2 0.489905 0.313017 0.113682 0.241767 0.00636874
0 0.343753 0.216584 0.251786 0.260505 0.00611595
1 0.456258 0.669123 0.804958 0.661754 0.00592216
1 0.228289 0.688639 0.455524 0.622012 0.00583374
1 0.344687 0.306442 0.309628 0.491183 0.00560308
1 0.30461 0.533786 0.12152 0.293745 0.00555044
0 0.911506 0.496878 0.176986 0.920084 0.00554791
0 0.947883 0.481562 0.103728 0.844238 0.00521967
1 0.362369 0.476868 0.24941 0.397765 0.00491089
0 0.734713 0.825158 0.173818 0.349684 0.00483034
0 0.953544 0.270921 0.092912 0.541843 0.00466559
0 0.957127 0.38652 0.0857468 0.769513 0.00462545
0 0.759946 0.330382 0.0485922 0.0622132 0.00460001
0 0.115538 0.453565 0.231075 0.907131 0.00453745
1 0.288176 0.549985 0.0877476 0.233805 0.00445046
1 0.394039 0.365947 0.337773 0.400149 0.00439451
0 0.0187633 0.368997 0.0372194 0.468561 0.00439019
0 0.758685 0.712164 0.115252 0.108966 0.00438303
2 0.634375 0.550116 0.731251 0.850189 0.00435525
0 0.529567 0.466826 0.940866 0.842211 0.00433872
0 0.91617 0.23149 0.166556 0.46298 0.0042841
0 0.944057 0.214098 0.111885 0.428196 0.00424292
1 0.379753 0.278318 0.331328 0.411532 0.00415158
0 0.26681 0.690773 0.53248 0.618453 0.00411712
0 0.569601 0.317373 0.745439 0.488061 0.00405135
0 0.956228 0.612508 0.0873781 0.650764 0.00403763
1 0.377239 0.734195 0.692776 0.53161 0.00393946
0 0.916995 0.628716 0.165981 0.65327 0.00386757
1 0.364851 0.221448 0.300681 0.268197 0.00386423
0 0.880367 0.436553 0.0736687 0.12216 0.00381511
0 0.948518 0.164156 0.102964 0.328312 0.00373557
0 0.824126 0.489957 0.345892 0.962145 0.00373082
0 0.751646 0.894876 0.132638 0.195013 0.00353805
2 0.777153 0.613879 0.439172 0.692186 0.00351663
0 0.75267 0.821369 0.483425 0.357263 0.00349166
2 0.409724 0.31353 0.277075 0.259327 0.00349132
0 0.901194 0.14952 0.19546 0.299039 0.00347867
0 0.381466 0.223968 0.347902 0.399513 0.00347319
0 0.868053 0.456162 0.256526 0.89597 0.00341203
0 0.413669 0.771562 0.767949 0.456876 0.00336779
0 0.0986468 0.306052 0.197294 0.612104 0.00327768
0 0.156288 0.735515 0.311323 0.528969 0.0032553
0 0.37231 0.831629 0.676904 0.336742 0.00324181
0 0.256593 0.853634 0.51025 0.285752 0.00322334
0 0.0173439 0.68901 0.0346053 0.501849 0.00318609
0 0.397382 0.937563 0.708645 0.124875 0.00309906
0 0.108402 0.712348 0.216805 0.575305 0.0030931
2 0.501848 0.72357 0.927244 0.547348 0.00303522
0 0.0193415 0.247175 0.0384374 0.49435 0.00302582
0 0.469661 0.851923 0.797648 0.296154 0.00302247
0 0.826934 0.827899 0.332357 0.339905 0.00299726
0 0.105306 0.822358 0.210612 0.355284 0.00298269
0 0.52944 0.339637 0.909263 0.631218 0.0029654
0 0.501878 0.732425 0.903705 0.534525 0.00294799
0 0.244947 0.944235 0.489893 0.11153 0.00293916
0 0.592479 0.641571 0.810998 0.703086 0.00293783
0 0.318994 0.926265 0.619875 0.14747 0.00293553
0 0.940516 0.899805 0.118967 0.20039 0.00293305
2 0.539599 0.358635 0.863198 0.693519 0.00292072
0 0.314042 0.219717 0.451474 0.426001 0.00290645
0 0.947479 0.848818 0.104421 0.286255 0.00289354
0 0.202217 0.819806 0.403099 0.360388 0.00287779
0 0.84392 0.149639 0.302642 0.299278 0.00285024
0 0.598995 0.821995 0.759971 0.356009 0.00283384
0 0.185378 0.918142 0.363931 0.163717 0.00281076
0 0.921751 0.174161 0.154576 0.348322 0.00280287
0 0.674224 0.775328 0.642342 0.449345 0.00279354
0 0.42783 0.147943 0.507388 0.295886 0.00279057
0 0.951045 0.760998 0.0979102 0.457938 0.00277106
1 0.427348 0.320142 0.241311 0.280944 0.00276566
0 0.737745 0.666036 0.513387 0.658601 0.00276176
0 0.0793674 0.124595 0.158735 0.249191 0.0027444
0 0.088935 0.221698 0.177738 0.443396 0.00269428
0 0.133443 0.924645 0.266886 0.150711 0.00268754
0 0.863019 0.248176 0.263827 0.487245 0.00268744
0 0.765157 0.322049 0.0553677 0.07377 0.00267753
2 0.837293 0.642937 0.325414 0.643102 0.00267285
0 0.0194121 0.454341 0.0388241 0.543815 0.00265194
0 0.729907 0.937143 0.507858 0.125714 0.0026374
0 0.306232 0.141582 0.525978 0.283164 0.00262826
0 0.0170202 0.589223 0.0338621 0.434467 0.00261193
0 0.723977 0.272601 0.47454 0.529999 0.00258613
1 0.332199 0.424235 0.184959 0.456142 0.00258081
0 0.545742 0.938604 0.664208 0.122792 0.00254359
0 0.555124 0.216601 0.732587 0.428487 0.00252997
0 0.513631 0.142483 0.639343 0.284966 0.00252443
0 0.796154 0.920361 0.382864 0.159277 0.00249304
0 0.850589 0.944161 0.292228 0.111677 0.00247524
0 0.806857 0.679738 0.376591 0.624334 0.00247483
0 0.0936906 0.148608 0.184528 0.297217 0.00247189
0 0.848918 0.875086 0.299018 0.234696 0.00246399
0 0.777762 0.149384 0.377744 0.298768 0.00246109
0 0.623355 0.142549 0.404089 0.285099 0.00245276
0 0.848275 0.765146 0.303451 0.442577 0.00239951
0 0.919991 0.42709 0.159518 0.270907 0.00239945
0 0.217042 0.135806 0.434084 0.271612 0.00239706
0 0.895053 0.421365 0.103981 0.160145 0.00235485
0 0.197471 0.260452 0.393395 0.510677 0.00233238
0 0.47591 0.23266 0.0364644 0.0705226 0.00232016
0 0.473678 0.27229 0.0686607 0.148528 0.00229707
0 0.0201269 0.755741 0.0400918 0.488518 0.0022889
1 0.302103 0.256772 0.484776 0.503678 0.00227991
0 0.864526 0.416825 0.0352437 0.0500262 0.00225608
0 0.833257 0.206884 0.318794 0.413768 0.00224785
0 0.800866 0.744989 0.0325226 0.0494734 0.00222897
0 0.280128 0.253486 0.560256 0.481578 0.00221146
0 0.620425 0.195667 0.486892 0.388654 0.00220941
0 0.792721 0.883981 0.220384 0.221765 0.00218089
0 0.484556 0.310679 0.102061 0.243622 0.00216759
2 0.290246 0.555957 0.0894933 0.226085 0.00216621
0 0.0581499 0.362971 0.116292 0.450484 0.00212082
0 0.884054 0.456127 0.0858268 0.165099 0.00211745
0 0.724342 0.886161 0.160094 0.212238 0.00211514
0 0.397097 0.342564 0.301429 0.329769 0.00209039
0 0.47882 0.242292 0.0501581 0.0929046 0.00208703
0 0.748859 0.216288 0.411813 0.431054 0.00207127
0 0.0541209 0.856296 0.108242 0.27292 0.00206905
0 0.607935 0.740284 0.0613772 0.116287 0.00203719
0 0.043406 0.838367 0.086812 0.323267 0.00202539
0 0.745208 0.930076 0.162162 0.134577 0.00200979
0 0.156909 0.17651 0.313819 0.348768 0.00198796
0 0.264752 0.166802 0.517566 0.320987 0.00196714
2 0.932048 0.907563 0.134122 0.175313 0.00195812
0 0.926228 0.0888494 0.145188 0.177699 0.00190561
0 0.022857 0.805096 0.0455485 0.389807 0.0018942
2 0.475072 0.265207 0.0639697 0.134147 0.00188927
2 0.0190486 0.157809 0.0380973 0.315619 0.00186706
1 0.288064 0.157612 0.142718 0.160489 0.00184732
0 0.927421 0.906209 0.1425 0.173682 0.0018172
0 0.773545 0.828945 0.189387 0.342111 0.00180884
1 0.291688 0.196788 0.148987 0.211448 0.00172362
0 0.113987 0.0636485 0.0994326 0.120676 0.00171569
2 0.447185 0.925758 0.128114 0.14244 0.00171523
0 0.95119 0.0924308 0.09762 0.184862 0.00170917
2 0.0628709 0.871876 0.125424 0.237288 0.00170567
0 0.879138 0.433005 0.064846 0.0857273 0.00169979
2 0.0559006 0.8976 0.111801 0.186398 0.0016952
0 0.77166 0.315427 0.0790909 0.128586 0.00169294
0 0.781699 0.901775 0.161111 0.187405 0.00168399
2 0.41837 0.923284 0.148733 0.147554 0.00166003
0 0.941654 0.142129 0.0332123 0.040044 0.00165893
2 0.466708 0.928356 0.117122 0.136509 0.00162563
0 0.605411 0.759374 0.0452084 0.0707438 0.00162448
0 0.738627 0.932133 0.34463 0.133557 0.00161158
0 0.389824 0.933655 0.263213 0.131835 0.00160631
0 0.0627754 0.449081 0.125551 0.519233 0.00160566
0 0.747578 0.300023 0.101297 0.167368 0.0015949
2 0.534048 0.318075 0.196943 0.278891 0.00159129
0 0.958185 0.451014 0.0836295 0.409285 0.00156742
0 0.598498 0.76017 0.104879 0.164406 0.00154893
2 0.951212 0.904267 0.0965081 0.180477 0.0015472
0 0.0626469 0.706384 0.125282 0.4626 0.00154646
0 0.908744 0.892822 0.182511 0.198815 0.00154303
0 0.225731 0.896272 0.127672 0.188609 0.00154259
0 0.0608719 0.269074 0.121597 0.538148 0.00152673
1 0.473687 0.272747 0.0692959 0.148606 0.00151662
0 0.431752 0.262224 0.153364 0.175722 0.00151658
0 0.743093 0.704845 0.144755 0.230205 0.00151436
0 0.211525 0.901323 0.0908712 0.175679 0.00151341
0 0.22843 0.90869 0.0920068 0.165491 0.00146119
2 0.910075 0.0888498 0.175034 0.1777 0.00145555
0 0.0548854 0.913554 0.109771 0.169875 0.00142485
0 0.92678 0.862755 0.144805 0.271896 0.00142394
0 0.745102 0.630415 0.149657 0.309002 0.00141129
0 0.957028 0.39553 0.0850986 0.260862 0.00140991
0 0.749963 0.357577 0.144106 0.181321 0.00140679
0 0.629135 0.581343 0.117553 0.151984 0.00137294
1 0.312016 0.454215 0.141339 0.427823 0.00136786
0 0.955325 0.931943 0.0889833 0.129719 0.00135431
0 0.410371 0.920234 0.180184 0.150794 0.00135323
0 0.212524 0.94244 0.0818605 0.0790115 0.00135139
0 0.902335 0.477512 0.137033 0.224562 0.00134907
1 0.371671 0.475171 0.321695 0.445499 0.00134387
2 0.457922 0.917362 0.168717 0.160704 0.00133004
1 0.28233 0.556537 0.254138 0.245282 0.00132956
2 0.487081 0.926009 0.127638 0.140885 0.00132445
0 0.631451 0.595751 0.125745 0.216667 0.00132226
2 0.477427 0.248049 0.0561794 0.0999601 0.00131941
2 0.199622 0.900245 0.115299 0.18032 0.0013138
0 0.586406 0.745673 0.0979318 0.131496 0.00130715
2 0.90334 0.90564 0.146457 0.175621 0.00130499
0 0.753222 0.936398 0.103314 0.123831 0.0013027
0 0.919449 0.357273 0.16044 0.314718 0.00129365
0 0.232986 0.938064 0.0378054 0.0554432 0.00127788
0 0.704358 0.691178 0.238179 0.380166 0.00127635
1 0.260788 0.507952 0.159241 0.337472 0.00127331
0 0.956322 0.809176 0.0871781 0.381648 0.00127286
0 0.423486 0.935513 0.372858 0.12715 0.00127015
0 0.385223 0.236816 0.270244 0.227359 0.0012697
1 0.297149 0.634099 0.253978 0.404273 0.00124942
0 0.0577085 0.34334 0.115417 0.27726 0.00124246
0 0.73867 0.591972 0.13982 0.201708 0.00123655
0 0.915168 0.477013 0.166824 0.278463 0.00123613
0 0.550235 0.286172 0.24481 0.318 0.00123386
2 0.603812 0.915334 0.162461 0.156932 0.00123195
0 0.770246 0.317049 0.0848298 0.174591 0.00122142
2 0.0865897 0.895763 0.166205 0.197174 0.00121804
0 0.187316 0.890982 0.138724 0.206833 0.0012179
0 0.762315 0.714805 0.129545 0.140224 0.00121729
1 0.283391 0.61162 0.191113 0.325949 0.00121537
0 0.0577713 0.690968 0.115543 0.238356 0.001208
2 0.114067 0.0912329 0.11989 0.172736 0.00119885
0 0.692719 0.389247 0.0803225 0.206477 0.00119493
0 0.792764 0.6665 0.261436 0.373293 0.00119242
0 0.95395 0.556446 0.0921003 0.398493 0.00118729
0 0.63933 0.651828 0.149933 0.373918 0.00118428
0 0.863613 0.486709 0.110774 0.206377 0.0011836
0 0.772356 0.584077 0.121057 0.202459 0.00117992
0 0.726607 0.341687 0.180056 0.320484 0.00117949
1 0.0780898 0.574135 0.15618 0.324002 0.00117881
0 0.488278 0.281515 0.118369 0.189167 0.00117619
0 0.812039 0.859756 0.249897 0.280488 0.00117406
2 0.0561066 0.160686 0.112213 0.321372 0.00117321
0 0.977457 0.0474868 0.0442718 0.0949735 0.0011711
0 0.643678 0.927866 0.348681 0.143153 0.00116217
0 0.0651699 0.770363 0.13034 0.459274 0.00116142
1 0.253527 0.549662 0.157845 0.246011 0.00115965
0 0.185403 0.929824 0.186154 0.129431 0.00115207
0 0.266628 0.887134 0.204239 0.217169 0.00114495
0 0.59362 0.894723 0.180048 0.204862 0.00114419
0 0.632087 0.740334 0.11899 0.155706 0.00113913
2 0.273894 0.901499 0.180938 0.189475 0.00113847
2 0.829332 0.901452 0.310381 0.189453 0.00113193
1 0.330823 0.538498 0.256049 0.289925 0.00113059
1 0.256705 0.125709 0.206832 0.249609 0.00112918
2 0.0644852 0.921405 0.128498 0.145025 0.00112844
0 0.629701 0.547752 0.128891 0.239122 0.00112356
2 0.574334 0.923726 0.129565 0.139068 0.00112106
1 0.916393 0.35241 0.167215 0.386188 0.00110821
0 0.63783 0.730993 0.136903 0.203099 0.00110674
0 0.741521 0.39747 0.205124 0.354255 0.00110152
0 0.0743524 0.281272 0.148705 0.379557 0.00110006
1 0.299415 0.577777 0.314188 0.268637 0.00109622
1 0.0772648 0.835622 0.15453 0.328757 0.00109587
0 0.887059 0.922846 0.215704 0.147542 0.00109257
1 0.0736038 0.87785 0.147208 0.23917 0.00109218
0 0.958745 0.320959 0.0817421 0.424342 0.00108962
0 0.851944 0.900678 0.230112 0.197326 0.00108766
2 0.633791 0.911279 0.229854 0.165349 0.00108709
0 0.692464 0.331258 0.112183 0.286551 0.00108442
0 0.146261 0.0707033 0.179882 0.140246 0.00107804
0 0.569149 0.192977 0.142349 0.332385 0.00107538
1 0.160431 0.881625 0.194106 0.223169 0.00107207
0 0.0583625 0.602064 0.11666 0.489768 0.00107108
2 0.297554 0.132418 0.171999 0.263264 0.00106166
2 0.102111 0.0629139 0.110758 0.121614 0.00105928
2 0.874084 0.903752 0.153645 0.17934 0.00105746
1 0.0831375 0.173025 0.166275 0.34605 0.00105584
2 0.524874 0.920411 0.171672 0.149842 0.00105359
1 0.953537 0.454461 0.0925722 0.307561 0.00105054
0 0.762462 0.99308 0.307782 0.0138403 0.00104986
2 0.115101 0.901428 0.165015 0.187937 0.00104956
0 0.778657 0.368875 0.134357 0.269785 0.00104728
1 0.0667438 0.782482 0.133465 0.435036 0.0010435
2 0.551123 0.925906 0.132074 0.13597 0.00104244
0 0.276193 0.186259 0.110821 0.101073 0.00104016
0 0.61238 0.831935 0.198778 0.33613 0.00103954
0 0.588303 0.854033 0.184272 0.291935 0.00103555
0 0.111517 0.570633 0.0792138 0.183638 0.00103483
2 0.212051 0.994192 0.287913 0.0116157 0.00103458
2 0.384717 0.921741 0.267188 0.148755 0.00103353
0 0.685858 0.306182 0.0932617 0.238149 0.00103296
0 0.436171 0.992662 0.297315 0.014676 0.00103269
2 0.0639404 0.0903038 0.127881 0.180608 0.00103239
1 0.263498 0.478049 0.205067 0.390179 0.00103217
0 0.921028 0.306801 0.15741 0.466508 0.00103186
1 0.27432 0.260824 0.365467 0.341802 0.00103087
0 0.991656 0.055415 0.0163109 0.11083 0.0010305
2 0.0744613 0.992254 0.148923 0.0154918 0.00103016
0 0.0837428 0.7011 0.0658357 0.161659 0.00102971
1 0.057259 0.566838 0.114441 0.495015 0.00102929
0 0.410706 0.593651 0.0401929 0.0772432 0.00102455
0 0.471799 0.260329 0.276894 0.195481 0.00102305
0 0.824103 0.925573 0.296271 0.142554 0.0010221
0 0.564514 0.90856 0.146079 0.173183 0.00102067
2 0.0620178 0.101658 0.124036 0.203317 0.00101944
0 0.482639 0.331049 0.087148 0.166902 0.00101653
0 0.702138 0.651121 0.304597 0.411334 0.00101372
0 0.833712 0.350861 0.224893 0.316241 0.00100974
0 0.814694 0.571646 0.20795 0.29268 0.00100838
