0 0.741721 0.159674 0.116562 0.195801 0.871388
0 0.453025 0.419553 0.645801 0.657151 0.843207
0 0.571509 0.223385 0.216805 0.242993 0.616592
0 0.735116 0.479545 0.17272 0.267282 0.586028
0 0.606962 0.40902 0.432345 0.671242 0.477881
0 0.350138 0.514474 0.41915 0.474425 0.469773
0 0.350722 0.218754 0.166408 0.236323 0.440977
0 0.755127 0.925555 0.0522423 0.0861578 0.408504
0 0.330194 0.252984 0.206909 0.319343 0.406046
0 0.637321 0.340463 0.352004 0.539568 0.337853
0 0.354442 0.435053 0.32964 0.675259 0.309752
0 0.632789 0.20172 0.344212 0.268798 0.218236
0 0.327598 0.429436 0.229263 0.662814 0.177686
0 0.659172 0.158437 0.284237 0.195906 0.159557
0 0.363923 0.202496 0.131241 0.204962 0.141671
0 0.450469 0.278787 0.464699 0.370778 0.141403
0 0.484319 0.508186 0.669377 0.480968 0.139985
0 0.338015 0.578836 0.400014 0.335283 0.119153
0 0.278742 0.331138 0.0977802 0.143591 0.115364
0 0.59782 0.450433 0.447333 0.389734 0.108099
0 0.241457 0.57623 0.193374 0.31037 0.0956689
0 0.287104 0.294243 0.115825 0.215016 0.0897894
0 0.363336 0.170693 0.134678 0.140464 0.0848834
0 0.754769 0.936989 0.0811581 0.114421 0.0817257
0 0.496339 0.207743 0.0601027 0.10058 0.0777014
0 0.198206 0.659669 0.101587 0.123266 0.0775605
0 0.277465 0.578764 0.273016 0.309249 0.0574246
0 0.210157 0.571843 0.128547 0.301015 0.0540572
0 0.360088 0.274834 0.158284 0.351697 0.0477264
0 0.687707 0.444 0.273595 0.337181 0.0444019
0 0.51323 0.194103 0.0963631 0.13692 0.0378685
0 0.401856 0.58956 0.272403 0.318785 0.0311253
0 0.505947 0.202841 0.0796051 0.112858 0.0301624
0 0.471436 0.225545 0.416653 0.268569 0.0298189
0 0.561263 0.190429 0.192588 0.174832 0.029656
0 0.454471 0.635928 0.159404 0.220203 0.0267099
0 0.591817 0.458644 0.202653 0.369794 0.0236911
0 0.733247 0.935115 0.10149 0.113347 0.0229765
0 0.348146 0.167653 0.0904894 0.131291 0.0211562
0 0.809558 0.930287 0.168248 0.125421 0.0196128
0 0.378422 0.30348 0.226126 0.417759 0.0179764
0 0.366602 0.26367 0.285737 0.344193 0.0171115
0 0.855665 0.927363 0.280442 0.145275 0.0158935
0 0.632371 0.513807 0.379099 0.472324 0.0144261
0 0.312642 0.587365 0.189187 0.31889 0.0138562
0 0.697861 0.187912 0.259085 0.238161 0.0130818
0 0.341055 0.653397 0.409478 0.693205 0.0129392
0 0.697868 0.803942 0.0776626 0.0562516 0.0128356
0 0.811805 0.889467 0.174593 0.202094 0.011905
0 0.569593 0.194902 0.380686 0.31992 0.0116556
0 0.741508 0.874962 0.0999388 0.216057 0.0113969
0 0.537835 0.89625 0.0281363 0.0311562 0.0113839
0 0.404584 0.515561 0.271211 0.476094 0.0113687
0 0.719479 0.797155 0.0289003 0.0357629 0.0113677
0 0.361 0.320208 0.263339 0.300762 0.0113151
0 0.71243 0.883155 0.140554 0.20772 0.0110167
0 0.520196 0.210679 0.10884 0.10964 0.0102856
0 0.335241 0.212104 0.227583 0.424209 0.0102712
0 0.338789 0.661222 0.12681 0.172752 0.0100927
0 0.392633 0.637714 0.283814 0.213122 0.0100787
0 0.797315 0.360579 0.373638 0.572153 0.00950522
0 0.843601 0.853679 0.30971 0.292642 0.00940348
0 0.244453 0.506296 0.20679 0.445682 0.00938485
0 0.75474 0.354529 0.487992 0.636046 0.00916797
0 0.260749 0.374993 0.137941 0.242516 0.00912971
0 0.958768 0.909441 0.0824635 0.164888 0.00885488
0 0.249416 0.630129 0.202741 0.188464 0.00838986
0 0.202328 0.610554 0.110711 0.224456 0.00774653
0 0.46195 0.212554 0.467756 0.424841 0.00763599
0 0.539322 0.453507 0.268435 0.366901 0.00749745
0 0.747923 0.44465 0.145253 0.1953 0.00749304
0 0.771848 0.45096 0.320129 0.317853 0.00733125
0 0.786702 0.940582 0.389652 0.118835 0.00722219
0 0.37264 0.656803 0.198159 0.179231 0.00717867
0 0.409111 0.419877 0.234393 0.294549 0.00681403
0 0.289811 0.314441 0.292937 0.433376 0.00670749
0 0.372309 0.243412 0.122141 0.205629 0.00663817
0 0.534332 0.602161 0.6395 0.67862 0.00662382
0 0.572342 0.26337 0.228313 0.338473 0.00656414
0 0.954881 0.861932 0.0900597 0.269085 0.00643411
0 0.704709 0.923014 0.432834 0.153561 0.00630229
0 0.275259 0.259402 0.327861 0.335315 0.00577008
0 0.648331 0.234387 0.268543 0.308812 0.00575292
0 0.942006 0.910902 0.114633 0.16696 0.00566158
0 0.843843 0.437391 0.312314 0.811217 0.0056255
0 0.746974 0.936991 0.181501 0.126017 0.00562488
0 0.961377 0.388441 0.0771431 0.634172 0.00555643
0 0.628407 0.149478 0.340444 0.298955 0.0055296
0 0.871449 0.367242 0.257103 0.690904 0.00550177
0 0.234722 0.527465 0.138503 0.20783 0.00549278
0 0.754611 0.865825 0.46425 0.268349 0.00547835
0 0.79754 0.933003 0.27811 0.133994 0.00541204
0 0.280766 0.320345 0.0710115 0.127674 0.00523592
0 0.607347 0.593519 0.454871 0.735544 0.00514475
0 0.867921 0.901144 0.264157 0.191355 0.0051271
0 0.638227 0.467066 0.288619 0.350353 0.00501623
0 0.957456 0.259626 0.0850889 0.503128 0.00495793
0 0.227359 0.548552 0.16876 0.252625 0.00494247
0 0.298576 0.701212 0.320115 0.583683 0.00492509
0 0.847913 0.786696 0.304174 0.415486 0.00491055
0 0.670908 0.903352 0.45811 0.19007 0.00490787
0 0.853834 0.251032 0.291167 0.475484 0.00490007
0 0.770173 0.233206 0.452059 0.407454 0.00487192
0 0.962546 0.519235 0.074138 0.604585 0.00480656
0 0.501461 0.619543 0.27654 0.253925 0.00478641
0 0.28523 0.339598 0.0883224 0.111391 0.00472419
0 0.959326 0.783983 0.0812096 0.425098 0.00469168
0 0.372468 0.417142 0.33049 0.291348 0.00466476
0 0.750955 0.637301 0.497604 0.715556 0.00455563
0 0.788645 0.453668 0.0641512 0.121609 0.00451167
0 0.417372 0.27645 0.274207 0.38046 0.00449316
0 0.684283 0.876073 0.208619 0.229839 0.00441874
0 0.939732 0.897547 0.120536 0.204905 0.00438126
0 0.488376 0.76253 0.721213 0.474772 0.0043554
0 0.431001 0.706808 0.629745 0.586385 0.00435102
0 0.710351 0.875473 0.10143 0.213992 0.0043182
0 0.267186 0.399297 0.255568 0.518818 0.00429155
0 0.387667 0.343936 0.255525 0.171808 0.00427512
0 0.538881 0.92965 0.048584 0.116139 0.0042489
0 0.709364 0.138686 0.317715 0.277372 0.00424132
0 0.646136 0.929825 0.494093 0.140349 0.00423319
0 0.962149 0.667602 0.0754236 0.536525 0.00422474
0 0.778462 0.156622 0.420532 0.305984 0.00415184
0 0.952859 0.195001 0.0942821 0.383779 0.00414725
0 0.732603 0.167242 0.0949358 0.136829 0.0041411
0 0.797811 0.529441 0.404379 0.827776 0.00412661
0 0.529672 0.894635 0.60038 0.206484 0.00404923
0 0.981373 0.914963 0.0372537 0.168592 0.00402777
0 0.146806 0.562311 0.293613 0.347686 0.00401046
0 0.183465 0.679578 0.366931 0.533927 0.00398203
0 0.847529 0.171261 0.301052 0.325852 0.00397281
0 0.734586 0.130493 0.101181 0.13492 0.00392507
0 0.748806 0.241896 0.159155 0.371323 0.00392083
0 0.233781 0.347426 0.406735 0.47373 0.00384676
0 0.761355 0.762196 0.4696 0.475608 0.00384126
0 0.574898 0.837024 0.65589 0.325951 0.00383058
0 0.83939 0.706288 0.321219 0.556422 0.00378284
0 0.817395 0.598429 0.36521 0.642584 0.00377631
0 0.493591 0.221823 0.051004 0.0745403 0.0037667
0 0.240011 0.19558 0.40192 0.36954 0.00374343
0 0.0789868 0.373847 0.157974 0.63857 0.00373452
0 0.64649 0.871338 0.571174 0.257323 0.00373196
0 0.0511007 0.44731 0.102201 0.525681 0.00373012
0 0.414378 0.161818 0.443533 0.323635 0.00372574
0 0.713724 0.153947 0.17522 0.201171 0.00372279
0 0.246344 0.479995 0.15946 0.269263 0.00371143
0 0.838197 0.871826 0.229725 0.250893 0.0037104
0 0.700247 0.81964 0.0731577 0.0838104 0.00370743
0 0.537554 0.918384 0.0403175 0.0810311 0.00370692
0 0.228062 0.239277 0.456125 0.341473 0.00367277
0 0.0420335 0.513105 0.084067 0.468293 0.00367261
0 0.532634 0.94257 0.527995 0.11486 0.00364294
0 0.0902797 0.272072 0.180559 0.544143 0.00363835
0 0.58524 0.681829 0.699959 0.624536 0.00357849
0 0.0451197 0.706119 0.0902395 0.482965 0.00356318
0 0.556755 0.155942 0.463354 0.311883 0.00355079
0 0.0537323 0.75409 0.107465 0.471595 0.00352235
0 0.278945 0.442214 0.218248 0.3883 0.00347443
0 0.505842 0.572272 0.287945 0.354162 0.00345943
0 0.212545 0.414492 0.42509 0.811114 0.00341804
0 0.133497 0.718485 0.263832 0.563029 0.00340427
0 0.825712 0.141419 0.336495 0.282838 0.00339428
0 0.373829 0.841591 0.543407 0.316819 0.00338892
0 0.155123 0.513272 0.302189 0.712047 0.00334413
0 0.329624 0.153831 0.439801 0.307663 0.00334213
0 0.430319 0.949939 0.569242 0.100121 0.00332281
0 0.0808149 0.158082 0.16163 0.316164 0.00331011
0 0.180449 0.489147 0.360899 0.454687 0.00329418
0 0.560073 0.159426 0.653625 0.318852 0.00325455
0 0.132244 0.618135 0.246485 0.597423 0.00322815
0 0.738413 0.500093 0.128863 0.230974 0.00321552
0 0.0696068 0.811045 0.139214 0.37791 0.00321387
0 0.403441 0.353604 0.105801 0.143504 0.00320057
0 0.484395 0.247111 0.371293 0.198009 0.00317927
0 0.572216 0.357093 0.235427 0.517709 0.0031645
0 0.388075 0.37921 0.278234 0.205752 0.00316099
0 0.285461 0.32718 0.570921 0.625006 0.00313573
0 0.316817 0.953635 0.51987 0.0927303 0.00304217
0 0.299728 0.684667 0.570046 0.616358 0.00303342
0 0.0817975 0.91119 0.163595 0.17762 0.00298199
0 0.259251 0.238065 0.518501 0.46887 0.00297942
0 0.221169 0.150915 0.442338 0.301831 0.00297601
0 0.110695 0.140831 0.221391 0.281663 0.00295017
0 0.572967 0.475109 0.141419 0.334239 0.00291591
0 0.547789 0.182703 0.167589 0.141886 0.00291542
0 0.107889 0.837474 0.212259 0.315945 0.0028871
0 0.207298 0.963482 0.402741 0.0730365 0.00280927
0 0.476713 0.449515 0.329477 0.36283 0.00279584
0 0.147957 0.96103 0.286997 0.0779397 0.00279429
0 0.694533 0.271087 0.249903 0.466723 0.00278679
0 0.306185 0.81857 0.542 0.362861 0.00277924
0 0.255317 0.466053 0.0341868 0.0872902 0.00277367
0 0.109735 0.956529 0.219471 0.0869422 0.00277023
0 0.734704 0.0760247 0.120941 0.152049 0.00276416
0 0.281592 0.303668 0.0663261 0.0966443 0.00275311
0 0.691764 0.90707 0.183269 0.175776 0.00273706
0 0.146658 0.850049 0.293315 0.293001 0.00272466
0 0.232187 0.875704 0.463264 0.238665 0.00264419
0 0.666129 0.482969 0.311282 0.288309 0.00263206
0 0.244205 0.407582 0.185625 0.306898 0.0026132
0 0.755272 0.129846 0.150635 0.259692 0.00258573
0 0.507929 0.509539 0.348491 0.484454 0.00256748
0 0.410019 0.22263 0.272274 0.266577 0.0025536
0 0.788973 0.873236 0.162558 0.223885 0.00252916
0 0.694038 0.938144 0.184448 0.123711 0.00251592
0 0.521958 0.9267 0.077483 0.125678 0.00250051
0 0.779239 0.442685 0.0862154 0.150418 0.00249987
0 0.905877 0.919505 0.187076 0.16099 0.00249263
0 0.334711 0.430196 0.344722 0.361623 0.00243507
0 0.415113 0.197409 0.239461 0.171536 0.00240261
0 0.612403 0.168677 0.080616 0.126756 0.00235345
0 0.27067 0.344408 0.0829719 0.115466 0.00235107
0 0.988281 0.914233 0.023116 0.155073 0.00225355
0 0.252322 0.640707 0.301763 0.206843 0.00224803
0 0.0206044 0.366723 0.0410585 0.43167 0.00218699
0 0.739048 0.54421 0.115227 0.127637 0.00214336
0 0.794721 0.441762 0.0530712 0.0920862 0.00212449
0 0.464971 0.407305 0.295123 0.275376 0.00208512
0 0.725685 0.0857733 0.0241246 0.0432231 0.00206898
0 0.0268885 0.236774 0.0536786 0.473548 0.00206256
0 0.485874 0.343791 0.345994 0.160751 0.00204017
0 0.0193539 0.435522 0.0386542 0.43853 0.00203088
0 0.0228679 0.15121 0.0457357 0.302419 0.00200586
0 0.353473 0.156779 0.162981 0.120618 0.00198481
0 0.0234 0.292009 0.0466818 0.517843 0.00196487
0 0.331617 0.169907 0.0555518 0.124994 0.00193474
0 0.784316 0.148586 0.234694 0.264738 0.00192648
0 0.750049 0.273875 0.190501 0.467495 0.00192031
0 0.722064 0.22166 0.033217 0.0478933 0.00190494
0 0.322838 0.53734 0.361013 0.268625 0.00189638
0 0.350392 0.481471 0.378587 0.35855 0.00188348
0 0.728144 0.00915881 0.0297302 0.0183176 0.0018576
0 0.0226099 0.109766 0.0452198 0.219532 0.00184308
0 0.579552 0.172418 0.160191 0.15132 0.00183788
0 0.614444 0.535174 0.173656 0.215555 0.0018286
0 0.201434 0.665461 0.113815 0.219624 0.00182119
0 0.394847 0.670983 0.273261 0.157286 0.00181204
0 0.740532 0.20388 0.0928699 0.12064 0.00181037
0 0.433106 0.658203 0.202049 0.16796 0.00179621
0 0.571741 0.916409 0.130463 0.150292 0.00179338
0 0.707089 0.86493 0.0756273 0.206194 0.00178837
0 0.698608 0.367909 0.256132 0.312739 0.00178557
0 0.254959 0.47783 0.0403034 0.107833 0.00177239
0 0.0175853 0.512977 0.0351706 0.421928 0.0017482
0 0.0178321 0.750613 0.0356642 0.451768 0.0017438
0 0.164694 0.621216 0.179152 0.211249 0.00172339
1 0.68591 0.912365 0.205931 0.168359 0.00171702
0 0.926624 0.82294 0.146345 0.354121 0.00170821
0 0.711388 0.810443 0.0532042 0.0618287 0.00169827
0 0.25539 0.521335 0.117216 0.188624 0.00168863
0 0.763836 0.414657 0.17086 0.24087 0.00167689
0 0.336497 0.156635 0.0661202 0.108843 0.00167672
0 0.588743 0.560888 0.0890614 0.158484 0.00167667
0 0.0172227 0.671601 0.0344453 0.459121 0.00167652
0 0.507825 0.294057 0.373874 0.236335 0.0016754
0 0.389739 0.161968 0.20253 0.187368 0.00167004
0 0.913872 0.677464 0.0271313 0.0361193 0.00163771
0 0.247219 0.4952 0.0962111 0.13399 0.0016369
1 0.681666 0.878943 0.215421 0.235314 0.00162357
0 0.175209 0.665632 0.157988 0.218388 0.0016193
0 0.256597 0.45443 0.0300782 0.0571933 0.00161501
0 0.569036 0.560063 0.127496 0.155427 0.00159345
0 0.752841 0.370183 0.0225413 0.0435843 0.00159069
0 0.0195581 0.811125 0.0390858 0.377751 0.00158012
0 0.018255 0.59285 0.0365101 0.45571 0.00157918
0 0.96551 0.507685 0.06829 0.330816 0.001569
0 0.486712 0.225993 0.0389927 0.0482961 0.0015439
0 0.73217 0.969194 0.0644364 0.057684 0.0015386
0 0.546623 0.894698 0.0685232 0.193302 0.00153114
0 0.526242 0.365738 0.373697 0.304201 0.00151888
0 0.260248 0.664543 0.233034 0.249975 0.00151787
0 0.642529 0.396776 0.299564 0.473394 0.00151714
0 0.536189 0.933286 0.115959 0.122416 0.00151577
0 0.726352 0.113184 0.0794147 0.10024 0.00151322
0 0.953786 0.0926656 0.091666 0.176974 0.00151222
0 0.734022 0.513369 0.114107 0.177175 0.00150452
0 0.778119 0.216297 0.238513 0.342106 0.00147175
0 0.799102 0.936123 0.302944 0.127755 0.00147032
0 0.620572 0.279131 0.116595 0.0948623 0.00146224
0 0.330765 0.160607 0.176691 0.134867 0.00145532
0 0.481518 0.923816 0.164134 0.139341 0.00144967
0 0.561246 0.928863 0.101031 0.120519 0.0014447
0 0.0608589 0.196228 0.121718 0.392455 0.00144351
0 0.295393 0.354684 0.0668986 0.0714509 0.00143811
0 0.314502 0.364661 0.0277791 0.0409668 0.00142821
0 0.0293956 0.863388 0.0587912 0.267664 0.00141838
0 0.77482 0.0673684 0.162054 0.134737 0.00141618
0 0.95479 0.136048 0.0900413 0.25415 0.00140532
0 0.609988 0.189055 0.0974667 0.161206 0.00140249
0 0.659083 0.836071 0.182049 0.188999 0.00138478
0 0.5807 0.575314 0.19847 0.13598 0.00138423
0 0.719003 0.810526 0.0369337 0.0614448 0.00136969
0 0.64779 0.15471 0.320075 0.136814 0.00135674
0 0.993807 0.737279 0.0122114 0.12631 0.00135388
0 0.344562 0.126768 0.0206424 0.0502406 0.00134342
0 0.959961 0.591924 0.0792821 0.357835 0.00134116
2 0.729126 0.00997916 0.135859 0.0199583 0.00134048
0 0.591445 0.576009 0.0774294 0.114923 0.00133018
0 0.681384 0.109749 0.242658 0.154566 0.00130285
0 0.991608 0.931189 0.016689 0.126037 0.00129662
