1 0.248591 0.391239 0.338443 0.443889 0.905462
2 0.51378 0.480311 0.947943 0.960621 0.0434452
1 0.247971 0.566794 0.342544 0.824852 0.0327783
1 0.248837 0.458517 0.342701 0.300659 0.029325
2 0.750978 0.482141 0.496973 0.964282 0.0272738
1 0.280324 0.418629 0.264742 0.378385 0.0243647
1 0.510536 0.479015 0.946973 0.957233 0.0166553
1 0.248591 0.503587 0.348645 0.203637 0.0159892
1 0.317318 0.564334 0.530754 0.851234 0.0156048
2 0.495265 0.622519 0.986685 0.721966 0.012237
1 0.413995 0.548903 0.739977 0.868691 0.0109441
0 0.0269656 0.357961 0.0536609 0.420948 0.0104949
1 0.212979 0.638454 0.423057 0.723093 0.0103577
2 0.822293 0.48466 0.349028 0.96932 0.0103082
1 0.215963 0.320776 0.41808 0.61581 0.0101181
0 0.959567 0.836618 0.0808669 0.323495 0.00966593
1 0.491574 0.384922 0.869261 0.627856 0.009203
1 0.1523 0.492663 0.133848 0.18995 0.00902143
2 0.95791 0.83208 0.0839862 0.322768 0.00889184
0 0.0441745 0.37083 0.0883491 0.445705 0.00857036
0 0.864868 0.794869 0.116133 0.140931 0.00807531
0 0.0212131 0.426071 0.0423748 0.553763 0.00692368
0 0.31841 0.114167 0.120767 0.212109 0.00635833
1 0.314864 0.426954 0.192686 0.356675 0.00621523
0 0.213614 0.456333 0.425216 0.906812 0.00610203
1 0.344326 0.651626 0.662065 0.696749 0.00610104
1 0.124383 0.586289 0.248766 0.814354 0.00603143
0 0.127353 0.356134 0.254706 0.712268 0.00593103
0 0.966543 0.791069 0.0669147 0.417861 0.00583785
1 0.20007 0.482774 0.398697 0.918019 0.0058029
2 0.967157 0.805057 0.064978 0.389885 0.00553204
1 0.204305 0.499458 0.253422 0.196751 0.00498884
0 0.0238537 0.209468 0.0474782 0.418937 0.00477112
0 0.0264855 0.274146 0.0526954 0.506459 0.00463232
0 0.992328 0.768694 0.0152328 0.23636 0.00456885
2 0.905706 0.484224 0.187719 0.968448 0.00437471
2 0.152277 0.493969 0.132358 0.187354 0.00432644
0 0.0199985 0.16742 0.0399969 0.334841 0.0043048
2 0.952311 0.489726 0.0953775 0.8192 0.00429808
0 0.859063 0.860914 0.154308 0.278171 0.00414702
0 0.898197 0.816031 0.203195 0.366063 0.00404879
0 0.959972 0.77411 0.0800557 0.451781 0.00403241
0 0.0987758 0.280315 0.197552 0.56063 0.00393245
0 0.315738 0.161529 0.120167 0.261447 0.00390708
0 0.15272 0.491496 0.133241 0.181014 0.00381513
0 0.574946 0.0434956 0.072921 0.0869912 0.00381089
1 0.941009 0.840059 0.117982 0.319882 0.00363575
0 0.985872 0.765995 0.0282559 0.400269 0.00362119
2 0.476815 0.783792 0.95363 0.432416 0.00359185
1 0.155759 0.684418 0.310343 0.631164 0.00356243
0 0.0173878 0.509228 0.0346425 0.498018 0.00346003
0 0.315809 0.682612 0.627018 0.634777 0.00340796
0 0.0180867 0.128089 0.0361735 0.256178 0.00336045
0 0.106434 0.683732 0.212868 0.632537 0.00332638
2 0.746891 0.624395 0.497868 0.705533 0.00331262
0 0.0524996 0.268793 0.104862 0.537586 0.00328682
0 0.92044 0.506896 0.157828 0.847622 0.00326524
0 0.95927 0.153817 0.0814606 0.307633 0.00318275
0 0.95893 0.307279 0.0819854 0.614557 0.00313259
2 0.87208 0.441307 0.24759 0.870467 0.00313086
0 0.873364 0.857215 0.238554 0.28557 0.00310639
0 0.956453 0.227083 0.0870933 0.454167 0.00310113
2 0.939014 0.847668 0.120806 0.292267 0.00309139
0 0.0855998 0.213399 0.170822 0.426798 0.00308695
2 0.961452 0.664246 0.0770967 0.627121 0.00307162
2 0.939036 0.917231 0.120704 0.159842 0.0030068
0 0.0775418 0.125213 0.155084 0.250425 0.00299844
1 0.899409 0.851498 0.201181 0.297003 0.00299509
0 0.32125 0.660224 0.0195322 0.0324617 0.00297259
0 0.90432 0.131291 0.184543 0.262582 0.00296435
0 0.822225 0.828106 0.353958 0.343789 0.00291503
2 0.747822 0.783042 0.493644 0.433915 0.00289387
0 0.882284 0.780897 0.139083 0.204674 0.00286109
0 0.920573 0.270591 0.157574 0.535478 0.00284225
2 0.639428 0.638002 0.721144 0.69888 0.00282977
0 0.100603 0.818009 0.201207 0.363981 0.00281746
0 0.187424 0.255965 0.373389 0.511929 0.0027798
2 0.920433 0.835128 0.158215 0.325473 0.00276015
0 0.28571 0.132791 0.33574 0.265582 0.00275775
0 0.853547 0.783379 0.139364 0.176239 0.00274
0 0.0884559 0.142009 0.176912 0.284017 0.00273752
0 0.313069 0.27543 0.487925 0.529997 0.00273534
0 0.156112 0.822679 0.310608 0.354641 0.00272468
0 0.955243 0.897299 0.0888952 0.201573 0.0027142
0 0.226679 0.134232 0.341272 0.268463 0.00271238
0 0.879084 0.777186 0.0900865 0.106155 0.00271138
0 0.440738 0.139051 0.424697 0.278103 0.00267363
0 0.205372 0.838883 0.405938 0.321669 0.00267072
2 0.980846 0.848902 0.0383083 0.302196 0.00266285
2 0.225397 0.936208 0.450793 0.127584 0.00265199
2 0.484399 0.271522 0.923855 0.540276 0.00263941
0 0.846573 0.145006 0.290824 0.290012 0.00263727
0 0.365039 0.135005 0.419209 0.270009 0.00261753
0 0.522933 0.253091 0.856723 0.49579 0.00261447
0 0.299734 0.837957 0.593763 0.324086 0.0026124
0 0.911756 0.711461 0.176463 0.544587 0.00259997
0 0.199348 0.92977 0.398696 0.140461 0.00258512
0 0.537135 0.127081 0.367267 0.254162 0.00256397
0 0.18462 0.893696 0.360738 0.212608 0.00255188
0 0.139741 0.913683 0.279483 0.172634 0.00254618
2 0.659879 0.809689 0.676142 0.380621 0.00254313
1 0.301795 0.47912 0.221867 0.246276 0.00252968
0 0.872883 0.230391 0.25158 0.457604 0.00251562
2 0.79488 0.738912 0.402813 0.522176 0.00250837
2 0.908857 0.643926 0.181601 0.66148 0.00250464
0 0.390536 0.931862 0.731021 0.136277 0.00249309
0 0.601343 0.124756 0.399439 0.249512 0.00248513
0 0.158495 0.136104 0.316989 0.272209 0.00247649
0 0.777814 0.796177 0.438237 0.407645 0.00247164
0 0.991722 0.824207 0.0163341 0.329202 0.00246526
1 0.205748 0.519847 0.317456 0.178147 0.00244861
0 0.44366 0.83988 0.887321 0.320241 0.00244784
0 0.384747 0.158681 0.582014 0.317362 0.00244559
0 0.761222 0.875751 0.47251 0.248497 0.00244178
0 0.0625517 0.204506 0.125029 0.409013 0.00243514
0 0.596441 0.0513251 0.137927 0.10265 0.00243479
0 0.675338 0.13407 0.43654 0.268141 0.00236929
2 0.834705 0.257438 0.316669 0.504947 0.00236791
0 0.766242 0.147447 0.377693 0.294894 0.00236236
0 0.686822 0.912953 0.589415 0.174093 0.00233784
0 0.582971 0.0489284 0.097757 0.0978567 0.00233534
0 0.0194596 0.725378 0.0386389 0.534554 0.00229508
0 0.11065 0.156592 0.221208 0.313185 0.00224823
0 0.651158 0.240234 0.679823 0.468785 0.00223929
0 0.684406 0.840555 0.618224 0.318891 0.00223758
0 0.5697 0.931383 0.741688 0.137233 0.00222573
0 0.0537083 0.458056 0.107417 0.525815 0.00222213
1 0.496313 0.836958 0.914774 0.320209 0.00218056
0 0.512151 0.158976 0.508095 0.317951 0.00218026
2 0.833794 0.674617 0.332411 0.627864 0.00215904
0 0.0232071 0.352186 0.0463054 0.136264 0.0021529
2 0.787305 0.193717 0.37585 0.387089 0.00206409
0 0.968799 0.884001 0.0624016 0.231999 0.00200165
0 0.712611 0.164594 0.498963 0.329188 0.00198242
0 0.907125 0.0717964 0.174054 0.143593 0.0019718
0 0.559676 0.0394973 0.0394853 0.0789945 0.00196321
0 0.0173416 0.650034 0.0343944 0.521208 0.00195506
0 0.617369 0.0690342 0.169771 0.138068 0.00195377
2 0.321079 0.341267 0.174003 0.350213 0.00194124
0 0.964456 0.696422 0.0710876 0.607156 0.001903
0 0.0329875 0.747401 0.0658885 0.505198 0.00189033
0 0.064556 0.321982 0.129112 0.317077 0.00187401
0 0.991749 0.891868 0.0162193 0.203081 0.00185986
0 0.831145 0.791701 0.195065 0.158338 0.00184819
2 0.907348 0.0737477 0.182754 0.147495 0.00184052
1 0.339739 0.467636 0.142344 0.262908 0.00182744
0 0.984029 0.819861 0.0314774 0.360277 0.00176725
0 0.992149 0.720043 0.0154751 0.189357 0.00175772
2 0.86891 0.883288 0.1947 0.230788 0.00173334
0 0.298842 0.0971418 0.122427 0.191125 0.00166925
0 0.963296 0.430595 0.0734074 0.685656 0.00166329
0 0.950034 0.0801121 0.0999325 0.160224 0.00165792
0 0.0259981 0.230826 0.0517237 0.162068 0.00164203
0 0.900084 0.732191 0.199832 0.316231 0.0016382
2 0.963102 0.480962 0.0737959 0.639864 0.00161318
1 0.323879 0.358649 0.174363 0.385874 0.0016118
0 0.325111 0.14487 0.106343 0.12906 0.00159439
0 0.317867 0.662221 0.0203129 0.0303857 0.0015873
0 0.816052 0.857716 0.272632 0.284568 0.00156831
0 0.986389 0.704681 0.0270672 0.375915 0.00156662
0 0.858053 0.934532 0.163036 0.130935 0.00154908
0 0.0469753 0.757044 0.0939066 0.485912 0.001491
2 0.959808 0.437234 0.0799454 0.402213 0.0014751
0 0.305218 0.250876 0.12819 0.176982 0.00143734
2 0.841586 0.923109 0.139943 0.149163 0.00143143
1 0.223463 0.47413 0.281985 0.242555 0.00141985
2 0.620178 0.914299 0.134667 0.161615 0.001418
0 0.961816 0.557015 0.0763676 0.62287 0.00140927
0 0.825748 0.75284 0.211821 0.267161 0.00140193
0 0.0684364 0.734062 0.136534 0.531877 0.00140174
2 0.0532021 0.847836 0.106404 0.290808 0.00138974
0 0.0532102 0.82533 0.10642 0.34934 0.001383
2 0.302481 0.290979 0.133137 0.251524 0.00137071
0 0.0896343 0.411572 0.179269 0.350273 0.00137001
2 0.721227 0.920096 0.108111 0.153345 0.00134934
0 0.85581 0.930538 0.237914 0.138923 0.00134866
0 0.0730528 0.278122 0.146106 0.363915 0.00134422
0 0.706915 0.878875 0.213304 0.24075 0.00133842
1 0.355672 0.467268 0.112093 0.172651 0.00133773
1 0.285581 0.313512 0.231409 0.294329 0.00132742
2 0.694943 0.911733 0.1598 0.171059 0.0013202
0 0.855362 0.742966 0.1414 0.278419 0.00130898
2 0.665333 0.906407 0.165048 0.181038 0.00130205
2 0.600716 0.921787 0.124237 0.148071 0.00129649
0 0.688078 0.933425 0.169793 0.133149 0.00128378
0 0.842832 0.937894 0.107257 0.124211 0.00128349
2 0.932445 0.0701389 0.132193 0.140278 0.00128293
0 0.722246 0.784054 0.163983 0.208055 0.00127206
1 0.625169 0.0781885 0.31086 0.156377 0.00125702
2 0.0792649 0.899485 0.14768 0.187875 0.00125402
0 0.00884299 0.125044 0.017686 0.170382 0.00125155
2 0.703128 0.934198 0.164024 0.131604 0.00125092
2 0.631013 0.904858 0.17213 0.185571 0.00124665
0 0.959215 0.925826 0.0808975 0.148348 0.00124346
2 0.304681 0.908179 0.150969 0.177719 0.00122695
0 0.745963 0.85073 0.225 0.298539 0.00122315
0 0.728048 0.785103 0.170216 0.286979 0.00122197
2 0.315149 0.109354 0.130334 0.211726 0.00121474
1 0.82624 0.857049 0.290246 0.285376 0.00120867
2 0.679693 0.889679 0.238314 0.218037 0.00120215
0 0.931036 0.743739 0.137478 0.44907 0.00118311
0 0.024002 0.313462 0.0473099 0.205352 0.00118291
1 0.0697248 0.757814 0.139135 0.484372 0.00117832
2 0.0581215 0.891835 0.116243 0.197572 0.00117766
1 0.290233 0.863413 0.227328 0.273175 0.00117738
1 0.175453 0.596012 0.217476 0.414528 0.00117347
0 0.0743165 0.872734 0.148633 0.245956 0.00116399
0 0.632596 0.0770551 0.23183 0.15411 0.00116095
2 0.579838 0.0669506 0.219548 0.133901 0.00115521
2 0.635379 0.935821 0.153141 0.128359 0.00115437
2 0.890198 0.0896028 0.214649 0.177803 0.00115398
0 0.704816 0.789853 0.25492 0.257112 0.00115223
0 0.0963868 0.183646 0.0607092 0.100082 0.00114851
0 0.0186445 0.350041 0.0372889 0.162633 0.00114264
1 0.13869 0.528405 0.273835 0.259959 0.00113431
0 0.978054 0.898638 0.0438724 0.202724 0.00112861
0 0.836487 0.709484 0.0220749 0.0304994 0.00112155
0 0.265892 0.807593 0.0479178 0.0751855 0.00111989
2 0.743156 0.914427 0.157279 0.163563 0.0011194
0 0.0524126 0.915095 0.104758 0.164938 0.00111824
0 0.585992 0.947126 0.0717174 0.10546 0.00111022
0 0.0608552 0.532937 0.121707 0.547372 0.00110966
0 0.705799 0.934439 0.316411 0.131123 0.0011081
0 0.26457 0.12436 0.232259 0.244305 0.00110461
2 0.340837 0.932255 0.128 0.131591 0.0011024
0 0.944621 0.922427 0.110759 0.155147 0.00109923
0 0.698906 0.725944 0.202306 0.364522 0.00109148
0 0.526793 0.0461774 0.119226 0.0923548 0.00108933
0 0.690251 0.677843 0.226813 0.33083 0.00108866
1 0.217677 0.59156 0.306475 0.418091 0.00108564
2 0.279341 0.912216 0.123499 0.171078 0.00108504
2 0.846024 0.985217 0.262269 0.0295651 0.00108385
1 0.602468 0.101141 0.353851 0.202283 0.00107218
2 0.55278 0.0536682 0.205105 0.107336 0.00106953
2 0.059263 0.109743 0.118526 0.219486 0.00106753
2 0.825401 0.938025 0.117315 0.116732 0.00105927
0 0.0594234 0.678783 0.118637 0.562087 0.00105881
0 0.0747291 0.732075 0.149458 0.350598 0.00105866
0 0.82206 0.938145 0.133726 0.123363 0.00105099
0 0.018251 0.151171 0.036359 0.179989 0.00104953
2 0.786144 0.905385 0.266854 0.183214 0.00104169
2 0.572824 0.92718 0.129623 0.138603 0.00103765
0 0.275034 0.938563 0.0993768 0.122874 0.00103755
1 0.925144 0.633057 0.14874 0.472167 0.00103739
1 0.112156 0.418164 0.224312 0.294936 0.00103315
2 0.0648214 0.102192 0.129643 0.204385 0.00103275
2 0.899623 0.98099 0.200755 0.038019 0.00103251
0 0.859677 0.0793734 0.150118 0.157159 0.0010298
0 0.791959 0.794953 0.294797 0.231417 0.00102949
0 0.779222 0.781754 0.299967 0.31236 0.00102817
1 0.0792519 0.790042 0.158504 0.419917 0.00102479
0 0.991678 0.6875 0.0164863 0.238895 0.00102404
0 0.69073 0.85496 0.264462 0.290081 0.00101881
2 0.250003 0.907634 0.150552 0.182648 0.00101861
2 0.361252 0.939962 0.0949398 0.115862 0.00101612
0 0.778807 0.874331 0.295601 0.251337 0.00101552
1 0.958583 0.574109 0.0824482 0.437744 0.00101536
0 0.0623836 0.140279 0.124767 0.276983 0.00101479
2 0.700485 0.990554 0.263144 0.0188926 0.00101439
0 0.209984 0.885598 0.192815 0.228805 0.00101275
1 0.109867 0.468433 0.219734 0.203418 0.00101066
1 0.931816 0.406552 0.135946 0.497929 0.00100693
2 0.958402 0.34126 0.0826631 0.53901 0.0010063
1 0.091291 0.452562 0.182582 0.297447 0.00100522
1 0.245122 0.879556 0.242164 0.240888 0.000998792
0 0.611189 0.145994 0.30463 0.291987 0.000997922
2 0.62878 0.991615 0.221853 0.0167694 0.000996467
0 0.275345 0.0838538 0.144129 0.164483 0.000993929
2 0.29409 0.94163 0.123873 0.116739 0.000992305
0 0.250535 0.0987732 0.190598 0.197546 0.000991725
0 0.0907709 0.144241 0.070982 0.189458 0.00098924
0 0.898861 0.00390914 0.202279 0.00781828 0.000987742
2 0.587403 0.990242 0.202047 0.0195161 0.000985864
2 0.0779342 0.994361 0.155868 0.011277 0.000985087
2 0.498664 0.94162 0.0906803 0.111831 0.000983571
2 0.1966 0.915276 0.122885 0.167346 0.000977961
0 0.250623 0.938761 0.120786 0.122477 0.000976962
0 0.678851 0.74958 0.271641 0.342778 0.000975782
0 0.718832 0.993155 0.301988 0.0136898 0.000973864
2 0.219993 0.916193 0.132943 0.166532 0.000973494
2 0.290493 0.573511 0.293016 0.230372 0.000973477
0 0.887775 0.166423 0.22355 0.332846 0.000972255
1 0.153071 0.457079 0.143905 0.299354 0.000971807
0 0.912625 0.0153684 0.169121 0.0307369 0.000971081
2 0.113858 0.89792 0.175411 0.194789 0.0009691
2 0.306737 0.247994 0.131588 0.16792 0.000968494
2 0.928735 0.943026 0.14253 0.113949 0.000964567
2 0.904805 0.140876 0.189902 0.281751 0.000961636
0 0.501246 0.948128 0.0646902 0.103743 0.000961411
2 0.882001 0.988873 0.235582 0.0222536 0.000961207
0 0.661652 0.881041 0.214198 0.237918 0.000960881
2 0.792871 0.993567 0.278828 0.0128652 0.00096014
0 0.992747 0.924636 0.0144636 0.142064 0.000954588
0 0.169914 0.899209 0.167351 0.201583 0.000951978
1 0.084585 0.50386 0.16917 0.254565 0.000949537
0 0.511024 0.648231 0.108533 0.177276 0.000947857
2 0.811476 0.919395 0.166084 0.152619 0.000947853
2 0.525346 0.940877 0.123448 0.114174 0.000946193
2 0.742834 0.995015 0.299957 0.00996948 0.000945599
0 0.558727 0.990843 0.1819 0.0183135 0.000945383
