1 0.571527 0.771573 0.602704 0.381748 0.948553
0 0.41724 0.214646 0.0511446 0.0322267 0.414004
1 0.567812 0.82999 0.604755 0.258564 0.242089
1 0.611859 0.817986 0.706108 0.33634 0.0994694
1 0.566894 0.820102 0.608921 0.359796 0.0437693
0 0.891129 0.143046 0.215595 0.223854 0.0218368
1 0.955992 0.94756 0.0880168 0.102984 0.0206276
1 0.594046 0.778701 0.811909 0.422751 0.0172781
1 0.740226 0.844098 0.519547 0.310542 0.0165056
1 0.510979 0.861957 0.511641 0.198216 0.0136118
1 0.949547 0.848181 0.100906 0.301958 0.0122147
1 0.824854 0.967892 0.350291 0.0632275 0.0116169
1 0.944844 0.878004 0.110311 0.243991 0.00998622
1 0.725728 0.967791 0.548544 0.0638931 0.00980681
0 0.413061 0.222222 0.0599951 0.0524134 0.00832283
0 0.539202 0.301294 0.369346 0.30629 0.00776926
0 0.873477 0.155357 0.109507 0.0531277 0.00757922
1 0.876769 0.9718 0.246463 0.0563997 0.0070448
0 0.387678 0.301415 0.677523 0.311596 0.00669187
1 0.702635 0.952603 0.59473 0.0943873 0.0066563
1 0.47906 0.895921 0.600324 0.127472 0.00661317
0 0.876616 0.188691 0.174257 0.130695 0.00637344
1 0.949834 0.972485 0.100332 0.0550308 0.00632522
1 0.431175 0.772907 0.322382 0.382046 0.00630855
1 0.955758 0.930891 0.0884843 0.138219 0.0059344
0 0.462446 0.319255 0.52851 0.292864 0.00591481
1 0.546429 0.832382 0.397588 0.259753 0.00580873
0 0.857114 0.13012 0.264197 0.258013 0.0057168
2 0.415461 0.204825 0.0522923 0.0476148 0.00561544
0 0.890918 0.143802 0.218164 0.285511 0.00555006
0 0.380024 0.363952 0.718184 0.467063 0.00552409
0 0.888356 0.225596 0.220595 0.414674 0.0052189
1 0.467207 0.861196 0.44705 0.277608 0.00519029
1 0.460083 0.856229 0.398868 0.271129 0.00482801
1 0.528969 0.0604387 0.8725 0.120877 0.00455198
0 0.783189 0.108446 0.413404 0.216892 0.0044812
1 0.880813 0.932343 0.238374 0.135315 0.00446451
0 0.65401 0.571046 0.689451 0.842834 0.00427112
1 0.398818 0.0499371 0.596478 0.0998743 0.00421193
0 0.893221 0.170286 0.197596 0.161848 0.00412872
0 0.703104 0.0846848 0.581989 0.16937 0.00409165
1 0.800977 0.340808 0.374903 0.665872 0.00408204
0 0.69098 0.135485 0.61804 0.264162 0.0039898
0 0.386538 0.452267 0.761447 0.734422 0.00393417
0 0.621278 0.336298 0.744731 0.613637 0.00391782
0 0.235809 0.0462968 0.265408 0.0909038 0.00387273
0 0.421296 0.215307 0.0697665 0.0347742 0.00386489
0 0.525835 0.103555 0.94833 0.206522 0.0038376
2 0.953261 0.969845 0.0934786 0.0603092 0.00380282
0 0.398322 0.214004 0.0858493 0.0439302 0.0037774
0 0.588867 0.441157 0.813987 0.849247 0.00374177
0 0.466824 0.33804 0.933649 0.576627 0.00368447
0 0.607585 0.0701272 0.620159 0.140254 0.00367455
0 0.257102 0.0470854 0.381663 0.0941708 0.00366707
0 0.454209 0.238704 0.146707 0.101497 0.00361672
0 0.643458 0.109164 0.634891 0.21581 0.00359888
0 0.887849 0.285754 0.224301 0.53537 0.00355845
0 0.526511 0.348173 0.397506 0.206818 0.0035111
0 0.705747 0.245281 0.588506 0.407502 0.00350251
0 0.485786 0.514233 0.517294 0.656353 0.00349483
0 0.498272 0.0555315 0.81868 0.110523 0.00347731
0 0.5193 0.150618 0.961399 0.291194 0.00344357
0 0.561629 0.611169 0.655225 0.758582 0.00338906
0 0.730339 0.43206 0.517419 0.841729 0.00337865
1 0.339976 0.890342 0.637782 0.219315 0.00335607
0 0.081198 0.869078 0.162396 0.261843 0.00335497
0 0.107061 0.895071 0.214122 0.209859 0.00334716
1 0.954687 0.915159 0.0906267 0.169682 0.00333311
0 0.087783 0.93507 0.175566 0.127909 0.00331369
0 0.178873 0.891546 0.357745 0.216908 0.00327968
0 0.307794 0.78745 0.615589 0.406598 0.003264
1 0.760942 0.922697 0.478117 0.154607 0.00325434
0 0.201749 0.0526106 0.389718 0.105221 0.00324522
0 0.868475 0.372072 0.237131 0.66674 0.00322382
0 0.950376 0.80022 0.0992483 0.399561 0.00321118
0 0.907399 0.346105 0.185202 0.56034 0.00319528
0 0.434573 0.287616 0.862037 0.375366 0.00318973
0 0.225937 0.900719 0.443833 0.198561 0.00317998
2 0.461325 0.708831 0.819997 0.325001 0.00313256
0 0.408857 0.213183 0.655738 0.297158 0.00312677
0 0.901178 0.775038 0.197644 0.408672 0.00312607
0 0.433276 0.719062 0.43413 0.310924 0.00312184
0 0.124158 0.0729978 0.248316 0.145996 0.00312093
0 0.0946481 0.811893 0.189296 0.33525 0.00310096
0 0.463513 0.518465 0.923477 0.84407 0.00309633
0 0.727388 0.710351 0.545224 0.467733 0.00306945
0 0.662371 0.75149 0.675257 0.384473 0.00305823
0 0.539496 0.215844 0.499846 0.256263 0.00305134
0 0.93497 0.699592 0.130061 0.412071 0.00302618
0 0.465654 0.651508 0.916927 0.683547 0.00301768
0 0.156538 0.0710159 0.313076 0.142032 0.00299049
0 0.174782 0.847387 0.349565 0.305227 0.00298478
0 0.937426 0.435882 0.125148 0.429914 0.00297211
1 0.72388 0.910029 0.55224 0.179943 0.00295611
0 0.0989607 0.726271 0.197921 0.36953 0.00294305
0 0.326833 0.858753 0.653667 0.282494 0.00292923
1 0.948787 0.967043 0.102426 0.065915 0.00292017
1 0.610667 0.825958 0.337194 0.27093 0.00290931
0 0.18063 0.794633 0.36126 0.410734 0.0029043
0 0.832819 0.663698 0.334362 0.574363 0.00289955
0 0.522369 0.23108 0.294197 0.143689 0.00289155
0 0.95352 0.584177 0.0929597 0.396007 0.00288854
0 0.107449 0.676383 0.214897 0.434849 0.00285185
0 0.950749 0.522237 0.0985013 0.397816 0.00284859
0 0.416029 0.23824 0.0645717 0.0772673 0.00283466
0 0.117091 0.266166 0.234183 0.514175 0.00282409
0 0.110512 0.173019 0.221024 0.322573 0.00282064
0 0.865455 0.596619 0.251311 0.590921 0.00281845
0 0.293313 0.0984732 0.586626 0.196267 0.00280024
0 0.126594 0.310604 0.253189 0.621208 0.00279244
0 0.101681 0.221977 0.203362 0.39141 0.00278225
1 0.494706 0.92412 0.662322 0.133829 0.00277291
0 0.0935045 0.369363 0.187009 0.615915 0.00274532
0 0.190244 0.0467729 0.166623 0.0822122 0.00268987
0 0.160488 0.122066 0.320975 0.244133 0.00268182
0 0.448551 0.203537 0.880944 0.340364 0.00267933
0 0.0775941 0.449427 0.155188 0.571526 0.00267124
0 0.110969 0.606336 0.221938 0.603058 0.0026568
0 0.64596 0.20651 0.620629 0.299501 0.00265148
0 0.0851113 0.532673 0.170223 0.554448 0.00263878
0 0.419654 0.745479 0.839309 0.476853 0.00261184
0 0.390879 0.149276 0.781759 0.282316 0.00252531
0 0.486282 0.391994 0.972563 0.764282 0.00249356
0 0.356736 0.307118 0.713472 0.614237 0.00249182
0 0.21785 0.203371 0.435701 0.406743 0.00248431
1 0.445362 0.897661 0.336241 0.117343 0.00243636
0 0.329369 0.658475 0.658738 0.650669 0.00243603
0 0.28882 0.253681 0.57764 0.507362 0.00242975
0 0.464179 0.234456 0.928357 0.437316 0.00224801
2 0.436608 0.653846 0.16426 0.134027 0.00224036
2 0.437385 0.628771 0.159876 0.0832962 0.00223256
0 0.371561 0.587595 0.743121 0.820245 0.00218343
2 0.954841 0.871436 0.0903181 0.257128 0.00211638
1 0.645648 0.942112 0.708704 0.115775 0.00200234
0 0.422819 0.226431 0.0796842 0.0544881 0.00197502
0 0.863753 0.172887 0.132859 0.0858944 0.00190194
2 0.952147 0.900004 0.0957058 0.199992 0.00187868
1 0.688765 0.823044 0.344099 0.27923 0.00185224
0 0.145926 0.919727 0.291851 0.160038 0.00184778
0 0.0937246 0.912452 0.187449 0.175096 0.00182871
0 0.353758 0.227106 0.17721 0.0941125 0.00175361
0 0.954411 0.960373 0.0911776 0.079255 0.00169379
0 0.338601 0.914616 0.121211 0.0652859 0.00165116
1 0.469997 0.959382 0.590771 0.0812359 0.00164798
2 0.956286 0.980023 0.0874279 0.0399543 0.00164033
0 0.554623 0.242659 0.378237 0.177685 0.00158263
0 0.436898 0.631637 0.161869 0.0887285 0.00155092
1 0.52865 0.72399 0.448816 0.278777 0.0015425
1 0.578157 0.94108 0.69137 0.105652 0.00151474
0 0.400538 0.202957 0.0875857 0.064094 0.00150884
1 0.489041 0.930043 0.490775 0.0982195 0.00148765
2 0.245892 0.0462908 0.314641 0.0914638 0.00147894
1 0.638393 0.972191 0.715735 0.0556174 0.00146997
1 0.536051 0.965475 0.606293 0.0690502 0.00142521
0 0.12952 0.953072 0.259039 0.0938566 0.00140405
1 0.902944 0.909645 0.194113 0.180709 0.00138091
1 0.421596 0.910998 0.297785 0.0883004 0.00136806
0 0.0630783 0.961335 0.126157 0.0667377 0.0013357
1 0.596743 0.89651 0.630222 0.123683 0.00131826
1 0.935957 0.870894 0.128086 0.258212 0.00131701
1 0.504256 0.910767 0.491748 0.0921589 0.00131524
1 0.411809 0.877865 0.28183 0.17398 0.00131459
2 0.94343 0.153546 0.113139 0.244023 0.00129292
1 0.431768 0.72447 0.225415 0.281421 0.0012853
1 0.288945 0.0475538 0.401911 0.0951077 0.00128524
1 0.657769 0.901979 0.684461 0.196043 0.00128012
1 0.435686 0.6597 0.168132 0.147346 0.00126554
0 0.896884 0.110103 0.193847 0.191775 0.00125231
0 0.00266666 0.894642 0.00533332 0.210715 0.00124956
1 0.5688 0.785272 0.593147 0.258361 0.0012241
1 0.428808 0.683896 0.181172 0.196892 0.001218
0 0.436318 0.654044 0.164253 0.136863 0.00121267
1 0.430533 0.949187 0.480281 0.101626 0.00119824
0 0.958018 0.620721 0.0339821 0.0185014 0.00118844
0 0.55341 0.266534 0.43185 0.227141 0.00116117
1 0.644006 0.902051 0.198672 0.113417 0.0011557
0 0.584855 0.200294 0.207082 0.121509 0.00114644
0 0.57767 0.671566 0.528898 0.171039 0.00110168
0 0.176543 0.0458923 0.307592 0.090875 0.00110011
2 0.0846629 0.895873 0.169326 0.166906 0.00109899
2 0.968155 0.617714 0.0608472 0.0290411 0.00107427
2 0.964026 0.16838 0.0719473 0.238825 0.00107346
0 0.00973101 0.940263 0.019462 0.119474 0.00106869
1 0.768537 0.896301 0.462926 0.207398 0.00106096
1 0.654016 0.863257 0.441347 0.197755 0.00105423
0 0.849463 0.992852 0.0942817 0.0142963 0.00105274
2 0.955751 0.961134 0.088497 0.0777315 0.00104855
2 0.943584 0.97186 0.112831 0.0562808 0.00104703
0 0.8665 0.162194 0.181965 0.152646 0.00104571
1 0.199291 0.0479805 0.398583 0.0959611 0.00104315
0 0.208092 0.0997878 0.294366 0.199576 0.00103445
0 0.496828 0.24812 0.26588 0.17466 0.0010258
0 0.499768 0.206956 0.239415 0.0903755 0.00101913
0 0.539643 0.204197 0.312499 0.147952 0.00101904
1 0.463445 0.736695 0.290964 0.312271 0.00101472
0 0.537127 0.676842 0.38555 0.182666 0.00100773
2 0.0716821 0.828057 0.143364 0.215646 0.00100537
0 0.768612 0.0286073 0.439066 0.0572145 0.00100219
1 0.564249 0.744057 0.667395 0.263593 0.0010014
2 0.957803 0.825509 0.0843932 0.348982 0.000998227
2 0.356775 0.91523 0.159873 0.0691615 0.000993563
0 0.173351 0.0542531 0.132591 0.0673843 0.000992251
0 0.8734 0.992725 0.13504 0.0145506 0.000990895
0 0.355943 0.899119 0.155997 0.100638 0.000989869
0 0.530893 0.378846 0.455318 0.209772 0.000988728
2 0.380975 0.907559 0.210035 0.0908294 0.000981307
2 0.722732 0.0359197 0.503503 0.0714546 0.000972839
1 0.384665 0.914554 0.219387 0.0737987 0.000971072
2 0.951853 0.658221 0.0940128 0.0985535 0.000970662
2 0.991863 0.193424 0.0162731 0.245958 0.000970178
1 0.575797 0.703623 0.633724 0.232497 0.000967646
0 0.811091 0.0387335 0.377818 0.077467 0.000966791
1 0.589907 0.674936 0.585377 0.174863 0.000963373
0 0.525 0.388731 0.475275 0.141883 0.000960374
0 0.356832 0.21239 0.178593 0.0704138 0.000959782
0 0.15464 0.96659 0.26824 0.0668202 0.000957231
1 0.0668739 0.0651386 0.133748 0.126972 0.000953542
1 0.505218 0.683927 0.316689 0.19657 0.000953435
1 0.150331 0.0534684 0.300662 0.106023 0.000952794
1 0.879214 0.206564 0.229142 0.167678 0.000952077
0 0.356238 0.912474 0.164668 0.0724966 0.000944062
2 0.980904 0.811783 0.038191 0.376435 0.000940834
0 0.426476 0.673324 0.187805 0.176382 0.000931778
2 0.0745239 0.748248 0.149048 0.183645 0.000929865
1 0.335273 0.955031 0.449525 0.0899376 0.000926621
2 0.959288 0.122743 0.0814246 0.245487 0.000924515
2 0.996431 0.700247 0.00713824 0.291888 0.000923848
0 0.352056 0.240096 0.23007 0.120353 0.000923285
2 0.995467 0.764018 0.00906567 0.343615 0.000921351
0 0.00191715 0.85983 0.00383429 0.255971 0.000918025
2 0.320237 0.0446829 0.581148 0.0876711 0.000916821
2 0.621482 0.0375846 0.460684 0.0742854 0.000913695
0 0.673786 0.028007 0.45087 0.056014 0.000909536
1 0.926411 0.821146 0.146324 0.206568 0.000908243
2 0.00214624 0.0538487 0.00429247 0.107697 0.000906857
2 0.989286 0.80509 0.0214286 0.389821 0.000906671
2 0.00411279 0.717412 0.00822557 0.401902 0.000906338
2 0.0026887 0.829793 0.0053774 0.297462 0.000903086
0 0.649876 0.3595 0.132137 0.0501876 0.000902735
1 0.840889 0.850091 0.315914 0.273225 0.000902427
0 0.561012 0.364242 0.31824 0.0751578 0.000902323
0 0.965232 0.621411 0.0525452 0.0218277 0.000898725
0 0.530655 0.202005 0.241737 0.129263 0.000896885
0 0.514684 0.188276 0.273838 0.0976654 0.000896228
2 0.0612623 0.133993 0.122525 0.159776 0.000895079
0 0.0854562 0.9517 0.170912 0.0878838 0.000892407
2 0.995539 0.625722 0.00892236 0.249813 0.00089072
2 0.00481648 0.586126 0.00963297 0.421759 0.000887762
2 0.0449595 0.0940166 0.0899189 0.14822 0.000887484
1 0.644748 0.0291595 0.477123 0.058319 0.000885852
0 0.174791 0.97106 0.349582 0.0578799 0.000881562
2 0.955691 0.927641 0.0886174 0.144719 0.000881511
2 0.9485 0.0619045 0.103001 0.123809 0.000880803
2 0.969666 0.0669049 0.0606681 0.13381 0.000879942
0 0.509696 0.220841 0.402277 0.182202 0.000876112
2 0.999298 0.314357 0.00140405 0.299937 0.000874269
1 0.115888 0.0520686 0.231776 0.104137 0.000873536
2 0.947744 0.673213 0.103085 0.112868 0.000871329
1 0.00781453 0.0459506 0.0156291 0.0919011 0.000870933
2 0.601005 0.041341 0.608255 0.082198 0.000868519
2 0.00176015 0.0766623 0.00352031 0.153325 0.00086251
2 0.0235747 0.972108 0.0471495 0.0553499 0.000860417
0 0.417065 0.801992 0.19924 0.110207 0.000859585
0 0.277069 0.110859 0.392009 0.221719 0.000857548
2 0.07475 0.689805 0.1495 0.234334 0.000856342
0 0.412722 0.183854 0.214938 0.113067 0.000854012
2 0.997097 0.258891 0.00580658 0.28289 0.000852161
1 0.41811 0.928085 0.315647 0.107978 0.000851222
2 0.0017602 0.103526 0.0035204 0.207053 0.000851106
2 0.0621196 0.193877 0.124239 0.130226 0.00084834
0 0.272946 0.63415 0.0880348 0.0673579 0.00084769
2 0.0049186 0.778702 0.0098372 0.362866 0.00084555
2 0.998835 0.359835 0.00233069 0.266273 0.000844671
2 0.069911 0.156933 0.139822 0.147228 0.000841493
2 0.872429 0.0483629 0.255142 0.0967258 0.000837955
2 0.00384372 0.484003 0.00768745 0.398469 0.000833122
2 0.997248 0.446705 0.00550488 0.275497 0.000831713
0 0.753842 0.0508762 0.492317 0.101752 0.000828947
0 0.363655 0.201184 0.160839 0.0646011 0.000827954
1 0.134848 0.0861707 0.269696 0.172122 0.000826689
0 0.87778 0.104171 0.244439 0.184098 0.000825843
0 0.00131698 0.202186 0.00263397 0.243636 0.000825273
2 0.984093 0.0827782 0.0318133 0.165556 0.000824136
2 0.992449 0.589222 0.0151012 0.296482 0.000823147
2 0.457909 0.0408044 0.589989 0.0797356 0.000823028
0 0.0293664 0.985682 0.0587328 0.0286357 0.000822655
0 0.378335 0.644955 0.295129 0.124675 0.000821903
2 0.963141 0.603059 0.0713422 0.0901935 0.000818276
2 0.561166 0.0288833 0.463331 0.0577666 0.000816847
1 0.902111 0.227509 0.195154 0.198038 0.00081561
2 0.0744063 0.611802 0.148813 0.191638 0.000812217
1 0.893204 0.725922 0.211755 0.212516 0.00081017
1 0.898977 0.0491567 0.202046 0.0983134 0.000809333
0 0.197541 0.941625 0.395082 0.11675 0.000809113
0 0.54323 0.627639 0.401243 0.185949 0.000805986
2 0.00292171 0.423241 0.00584341 0.342385 0.000805288
1 0.100209 0.10971 0.200418 0.219419 0.000805203
1 0.925443 0.655193 0.136469 0.106612 0.000804302
0 0.433212 0.421188 0.129145 0.0558391 0.000799912
0 0.507007 0.0291857 0.471206 0.0583714 0.000799505
