2 0.542532 0.622804 0.787131 0.552781 0.986262
1 0.801517 0.11746 0.374116 0.232874 0.0753935
0 0.582984 0.985203 0.0630236 0.0295933 0.0695142
0 0.395605 0.249761 0.0915716 0.0504398 0.0653247
0 0.889621 0.15956 0.066451 0.0587778 0.0646668
0 0.0710232 0.44551 0.0553328 0.0400757 0.0359851
0 0.857359 0.256774 0.142814 0.0803373 0.0342386
0 0.946382 0.432258 0.0970073 0.0714853 0.02859
0 0.805697 0.035087 0.388606 0.070174 0.0272083
0 0.618294 0.809052 0.0671665 0.0520488 0.0268349
0 0.885338 0.17494 0.0758473 0.0884702 0.0241957
0 0.558076 0.985229 0.120194 0.0292957 0.0227851
0 0.400741 0.247468 0.0693459 0.0475971 0.0217589
0 0.522313 0.981001 0.513848 0.0379971 0.0212022
0 0.849012 0.214477 0.162634 0.166112 0.0205643
0 0.465135 0.976464 0.72034 0.0466728 0.0198153
0 0.676203 0.784728 0.183909 0.104493 0.0189701
1 0.722307 0.111716 0.536505 0.222071 0.0166499
1 0.800553 0.0332531 0.398894 0.0665063 0.0160178
0 0.946993 0.403948 0.105864 0.130815 0.0154506
0 0.4324 0.980455 0.49492 0.0390903 0.0149611
1 0.411643 0.979204 0.507416 0.0415919 0.0149107
0 0.367184 0.310869 0.0609041 0.0296984 0.0147656
1 0.809188 0.167597 0.368617 0.334663 0.0146585
0 0.929858 0.443738 0.0647012 0.044268 0.0146404
0 0.47455 0.865871 0.749224 0.268258 0.0135645
2 0.53889 0.669148 0.775222 0.377177 0.0129626
0 0.807576 0.0500576 0.384849 0.100115 0.01281
2 0.661453 0.713557 0.556689 0.255715 0.0115362
2 0.947451 0.404141 0.101246 0.127597 0.011406
1 0.80353 0.0538263 0.39294 0.107429 0.0112661
2 0.678777 0.769865 0.192337 0.13212 0.0104741
2 0.483811 0.977766 0.64538 0.0444683 0.0104721
1 0.931265 0.0230531 0.13747 0.0461062 0.0102011
2 0.570119 0.532982 0.761804 0.365047 0.0101209
0 0.0665893 0.430325 0.0710878 0.0708854 0.00989384
0 0.418688 0.565781 0.501871 0.351176 0.0094212
2 0.666618 0.588935 0.553595 0.477688 0.00898169
2 0.946574 0.022579 0.106851 0.045158 0.00895689
0 0.532338 0.303267 0.845832 0.605919 0.00876193
0 0.807633 0.161739 0.364122 0.323478 0.00871016
0 0.814501 0.111197 0.347015 0.222395 0.00864242
1 0.392212 0.972222 0.589629 0.0550686 0.00862907
0 0.18853 0.384687 0.0613671 0.0545278 0.00826413
0 0.5804 0.888132 0.714533 0.223736 0.00819379
0 0.39526 0.971679 0.627359 0.0561279 0.00814878
0 0.887608 0.139422 0.0940117 0.16416 0.00807945
0 0.527487 0.985264 0.192126 0.0294728 0.00797945
0 0.54198 0.453791 0.825557 0.512618 0.00765824
2 0.542628 0.268958 0.849165 0.537917 0.00759945
0 0.621781 0.97605 0.708814 0.0478998 0.00756175
0 0.835185 0.261196 0.324276 0.484921 0.00745845
2 0.634649 0.669203 0.609954 0.347516 0.00731745
0 0.526474 0.383904 0.176768 0.0802666 0.00728472
2 0.439158 0.63577 0.559327 0.462023 0.00664636
2 0.956245 0.0206535 0.0875092 0.041307 0.00632165
0 0.541386 0.351565 0.801161 0.348776 0.00625536
1 0.557715 0.251124 0.833492 0.501425 0.00614892
1 0.655331 0.227561 0.61808 0.455122 0.00612725
0 0.379959 0.920399 0.741031 0.159203 0.0059878
0 0.388527 0.665642 0.461136 0.405263 0.00598429
0 0.511248 0.776753 0.83342 0.442939 0.00598009
0 0.642307 0.855084 0.648319 0.289832 0.00592244
0 0.923032 0.443901 0.0547659 0.0368077 0.00587384
1 0.69374 0.17575 0.589367 0.349445 0.00566947
0 0.737827 0.696524 0.410653 0.279098 0.0056665
0 0.876048 0.120543 0.109228 0.201222 0.00565165
0 0.858674 0.271277 0.134913 0.0639876 0.00562922
0 0.743207 0.446067 0.24656 0.163018 0.00562353
2 0.929067 0.0297544 0.141866 0.0591223 0.00557564
0 0.715707 0.239564 0.511118 0.474672 0.00546315
0 0.667503 0.504881 0.552935 0.311021 0.0054362
1 0.376411 0.772972 0.229935 0.181986 0.00536461
2 0.944087 0.432463 0.101548 0.0721829 0.00536214
1 0.632874 0.0827188 0.734251 0.16472 0.00535514
2 0.721451 0.44764 0.298442 0.167087 0.00523616
2 0.653135 0.753143 0.611892 0.37209 0.00511355
0 0.479535 0.302207 0.735142 0.342553 0.00505498
0 0.900504 0.277753 0.198993 0.512299 0.00504557
0 0.297676 0.972282 0.595351 0.0554358 0.00489312
2 0.736899 0.702427 0.424798 0.281575 0.00488797
2 0.361057 0.623777 0.405531 0.491658 0.00483855
0 0.867625 0.33401 0.258618 0.511968 0.00481543
0 0.413888 0.618467 0.491749 0.245972 0.00480814
0 0.817081 0.484163 0.353741 0.332256 0.0047488
0 0.471064 0.356206 0.645216 0.258106 0.00465518
2 0.374797 0.771985 0.233577 0.185012 0.00464322
0 0.746589 0.491996 0.407403 0.286622 0.00463503
0 0.493491 0.241496 0.986982 0.479355 0.00455699
0 0.394915 0.278666 0.131947 0.108658 0.00453712
1 0.704544 0.767302 0.524571 0.44961 0.00450365
0 0.823063 0.210041 0.218471 0.177819 0.00450238
0 0.690542 0.568534 0.512367 0.427782 0.00448465
0 0.786246 0.523197 0.415916 0.403243 0.00447321
0 0.332011 0.730762 0.353695 0.268107 0.00441383
0 0.844588 0.448196 0.300909 0.336557 0.00439694
0 0.938324 0.501486 0.123351 0.444589 0.00439267
0 0.99052 0.976862 0.0189601 0.0450878 0.00432075
0 0.5296 0.396899 0.184478 0.113857 0.00427696
0 0.396004 0.969054 0.357339 0.0606826 0.00425723
0 0.746646 0.336172 0.462049 0.646091 0.00424705
0 0.539331 0.713307 0.781565 0.299404 0.00424703
0 0.936331 0.334213 0.127338 0.458436 0.00423655
0 0.95032 0.395221 0.0993606 0.376009 0.00422132
1 0.596318 0.143049 0.7382 0.285357 0.00419336
0 0.649805 0.787396 0.645649 0.424051 0.00408567
2 0.576907 0.0683899 0.813002 0.135897 0.00406034
0 0.794522 0.593769 0.353064 0.486291 0.00397872
0 0.533798 0.17013 0.853498 0.338073 0.00396502
0 0.785059 0.664163 0.342277 0.342447 0.00395117
0 0.74599 0.410621 0.23381 0.0896389 0.00386829
0 0.163945 0.841622 0.0691206 0.0298927 0.00386061
0 0.787488 0.969746 0.425024 0.0605086 0.00379939
0 0.400691 0.270356 0.100111 0.0992208 0.00378756
0 0.311826 0.40155 0.306062 0.176943 0.00371176
0 0.763415 0.0268577 0.295801 0.0537154 0.00370828
0 0.916855 0.541394 0.166291 0.456335 0.0036936
0 0.375254 0.780367 0.750508 0.43795 0.003689
0 0.549658 0.426419 0.818903 0.251935 0.00364388
0 0.322045 0.319471 0.62355 0.295834 0.00349696
0 0.507047 0.061428 0.795665 0.122471 0.00349465
1 0.331329 0.731671 0.329182 0.282217 0.0034912
0 0.925542 0.955912 0.148917 0.088176 0.00346656
0 0.648961 0.418776 0.626732 0.344565 0.00343833
0 0.505513 0.556491 0.518352 0.381215 0.00341248
0 0.184159 0.387894 0.0404171 0.0508143 0.0033892
0 0.775316 0.904712 0.448621 0.185506 0.0033517
0 0.939436 0.899724 0.121127 0.200552 0.00333842
0 0.38058 0.350438 0.462412 0.230978 0.0033355
0 0.0507662 0.436669 0.101532 0.0709008 0.00333097
0 0.517298 0.484376 0.746497 0.315583 0.00329941
2 0.964363 0.359544 0.0712747 0.0682422 0.00329578
0 0.0824402 0.592635 0.16488 0.401456 0.00329546
0 0.0801067 0.531538 0.160213 0.38037 0.00329423
2 0.558169 0.940023 0.688648 0.119945 0.00327625
0 0.288652 0.965441 0.54 0.0671329 0.00324098
0 0.866336 0.627344 0.267327 0.536872 0.00320406
0 0.948017 0.838112 0.103966 0.323776 0.00320016
0 0.398356 0.0535685 0.601123 0.106934 0.00319428
0 0.829537 0.734706 0.340926 0.477291 0.0031887
0 0.328486 0.619443 0.340954 0.502358 0.00315376
0 0.752983 0.792251 0.474342 0.411815 0.0031378
0 0.940945 0.789788 0.11811 0.420425 0.00313661
0 0.379436 0.347823 0.523002 0.105753 0.00313409
0 0.362854 0.162827 0.680683 0.323904 0.00313265
0 0.21226 0.368256 0.106408 0.0878675 0.00313172
0 0.373856 0.26044 0.747712 0.428457 0.00312501
2 0.0953702 0.680304 0.19074 0.388078 0.00311181
0 0.0924021 0.312504 0.184804 0.380808 0.00307872
0 0.0841452 0.422216 0.16829 0.322756 0.00302917
0 0.815327 0.255429 0.234569 0.0891362 0.00300774
2 0.96131 0.432043 0.0681086 0.0716747 0.00294935
0 0.117694 0.0750628 0.235388 0.150126 0.00292869
0 0.353554 0.263177 0.177793 0.0945812 0.0029285
0 0.145414 0.639229 0.290827 0.549874 0.00292085
0 0.087938 0.721887 0.175876 0.409732 0.00291041
2 0.470515 0.563792 0.633867 0.371666 0.00290275
0 0.28154 0.890916 0.563081 0.216599 0.00287221
1 0.533439 0.763667 0.800261 0.396267 0.00287193
0 0.1054 0.229686 0.210801 0.3802 0.00285893
0 0.903293 0.140075 0.13933 0.161155 0.00284343
0 0.0753714 0.778997 0.150743 0.378949 0.00282553
0 0.296439 0.28462 0.276903 0.124701 0.00282432
0 0.302759 0.0517325 0.533185 0.102842 0.00282105
0 0.115614 0.911208 0.231228 0.177584 0.00281184
0 0.213569 0.618958 0.427137 0.504927 0.00281142
0 0.0631294 0.83085 0.126259 0.314562 0.00278632
0 0.361898 0.305494 0.723795 0.610987 0.00278468
0 0.125728 0.188307 0.251456 0.341981 0.00275982
0 0.809783 0.182715 0.24689 0.172291 0.00275862
0 0.328832 0.75805 0.410534 0.209097 0.00274552
0 0.983428 0.976329 0.0331432 0.0469963 0.00274071
0 0.35281 0.347226 0.394084 0.159777 0.00274
0 0.229928 0.953064 0.451944 0.0910724 0.00272803
0 0.463766 0.321231 0.306568 0.209149 0.00271915
0 0.161625 0.54745 0.323251 0.657237 0.00270288
0 0.357131 0.419253 0.385755 0.147412 0.00267362
0 0.249617 0.297997 0.499235 0.558471 0.00266139
0 0.0517141 0.424156 0.103428 0.100923 0.00265081
0 0.667352 0.797805 0.271098 0.0833029 0.00264589
0 0.606842 0.984955 0.181008 0.0300894 0.00264566
0 0.117054 0.117249 0.234108 0.234499 0.00264279
1 0.366033 0.746956 0.25856 0.246854 0.00263226
0 0.338101 0.375579 0.495419 0.275594 0.00260351
0 0.436652 0.392328 0.395081 0.167495 0.00258261
0 0.839965 0.290775 0.197201 0.173384 0.00256547
2 0.682579 0.745517 0.205674 0.200714 0.00255952
0 0.217258 0.239261 0.434516 0.461706 0.00254735
0 0.902047 0.198968 0.174958 0.226304 0.00254108
0 0.182919 0.931945 0.365838 0.13611 0.00253936
0 0.427934 0.45805 0.556535 0.277549 0.00253297
0 0.350257 0.430455 0.220946 0.121773 0.00251744
0 0.148243 0.0693328 0.296486 0.138666 0.00250863
0 0.624514 0.448652 0.492363 0.170933 0.00248669
0 0.204229 0.0568231 0.393034 0.11344 0.00248275
0 0.266494 0.674004 0.460838 0.392765 0.00248222
0 0.12053 0.36894 0.24106 0.472903 0.0024645
0 0.629407 0.419234 0.483199 0.121538 0.00245659
0 0.66192 0.778112 0.246868 0.125591 0.0024564
0 0.155771 0.720478 0.311542 0.502602 0.00245369
0 0.368328 0.391588 0.423733 0.196824 0.00245
0 0.36862 0.615494 0.433439 0.1468 0.0024268
0 0.158332 0.798226 0.316664 0.39964 0.00242669
2 0.609588 0.450535 0.521507 0.176478 0.00241678
0 0.211322 0.876229 0.41454 0.244132 0.00241428
0 0.11725 0.487974 0.2345 0.56677 0.00240099
0 0.284336 0.548265 0.566536 0.560965 0.00239785
0 0.287843 0.745659 0.563689 0.380068 0.00238791
0 0.889643 0.117493 0.205402 0.209015 0.00237548
2 0.737062 0.0258558 0.202916 0.0517116 0.00237254
1 0.655658 0.966167 0.688185 0.0676315 0.00235517
0 0.617332 0.030569 0.680523 0.060992 0.00235396
0 0.525349 0.366645 0.192009 0.11135 0.00234226
0 0.968224 0.428144 0.0533564 0.0661378 0.00232682
0 0.219514 0.796112 0.439029 0.40418 0.00232616
0 0.531346 0.571571 0.345096 0.350451 0.00231191
0 0.817674 0.273923 0.231444 0.113902 0.0023054
0 0.338428 0.505662 0.553206 0.445244 0.002301
0 0.367678 0.523124 0.431339 0.362844 0.00229565
0 0.574203 0.574678 0.493001 0.354169 0.00228524
0 0.94793 0.436799 0.104139 0.221768 0.00227576
0 0.178994 0.347531 0.357988 0.333853 0.00226963
0 0.176239 0.173024 0.352477 0.339078 0.00226918
0 0.240696 0.126587 0.481392 0.252218 0.0022674
0 0.616777 0.937973 0.722506 0.124055 0.00223334
2 0.934272 0.0449776 0.131456 0.0899552 0.00219489
0 0.196645 0.505335 0.39329 0.556989 0.00219414
0 0.499047 0.377789 0.115534 0.0657962 0.00218919
0 0.813114 0.13123 0.236748 0.18246 0.00218835
0 0.153861 0.132077 0.307721 0.2621 0.00217828
0 0.455335 0.605102 0.3726 0.282798 0.00217644
1 0.488211 0.94166 0.608001 0.11557 0.00217023
0 0.661529 0.400006 0.459215 0.114584 0.0021373
1 0.750228 0.754524 0.335874 0.165979 0.00213587
1 0.904216 0.0417582 0.191568 0.0835164 0.00213498
0 0.773443 0.198022 0.326475 0.210496 0.00212909
0 0.445479 0.92208 0.344006 0.155098 0.00212727
2 0.624405 0.807218 0.0781875 0.0563507 0.00212186
0 0.885307 0.217437 0.216026 0.19774 0.00212152
0 0.053296 0.460586 0.106592 0.163248 0.00211407
0 0.471745 0.947876 0.537783 0.102871 0.00210665
0 0.42213 0.360433 0.420715 0.183141 0.00209482
1 0.27731 0.959895 0.55462 0.0796196 0.00207122
0 0.966247 0.355939 0.064926 0.0413941 0.00204445
0 0.259543 0.568288 0.0405578 0.0239229 0.00204385
0 0.0681858 0.4076 0.110196 0.124916 0.0020404
0 0.378891 0.223235 0.127062 0.110725 0.00201958
0 0.358343 0.924512 0.332553 0.150331 0.00201562
2 0.755216 0.728679 0.35097 0.218664 0.00198873
1 0.845837 0.40007 0.295697 0.14955 0.00198607
0 0.243086 0.967993 0.486172 0.0640145 0.00197376
0 0.291897 0.36693 0.270681 0.102932 0.00196518
0 0.659434 0.752658 0.243639 0.171322 0.00196112
0 0.234086 0.367866 0.151802 0.0973584 0.00193805
0 0.399605 0.234316 0.0894507 0.0888617 0.0019328
0 0.858062 0.398348 0.276499 0.145046 0.00192984
0 0.73375 0.135035 0.101492 0.0674804 0.0019248
0 0.372628 0.973396 0.0814218 0.0532087 0.00191222
0 0.494099 0.985024 0.341252 0.0299513 0.00189453
0 0.942734 0.457637 0.112867 0.192054 0.00187944
1 0.699364 0.958092 0.601272 0.0838163 0.00187748
0 0.418446 0.39348 0.432569 0.101009 0.00187613
0 0.373271 0.775996 0.24384 0.177267 0.00187099
0 0.871734 0.282344 0.199401 0.184829 0.00184091
0 0.228606 0.384314 0.150019 0.0617975 0.00182928
0 0.675369 0.029618 0.388934 0.0591536 0.00182303
0 0.588125 0.809207 0.146904 0.0614204 0.00182168
2 0.95851 0.930104 0.0829799 0.139251 0.00181746
0 0.458086 0.276277 0.310281 0.112807 0.00181436
0 0.30229 0.934162 0.486636 0.1307 0.00180649
0 0.352591 0.677297 0.38194 0.267851 0.00180408
1 0.708151 0.973357 0.53903 0.0532865 0.00178618
0 0.2626 0.95782 0.525201 0.0835685 0.0017757
0 0.346151 0.250917 0.189598 0.0665781 0.00177357
2 0.970166 0.892656 0.0596679 0.214688 0.00176344
1 0.758718 0.720947 0.348847 0.247922 0.00176241
0 0.439721 0.423699 0.398113 0.1809 0.00176198
0 0.334599 0.647437 0.337236 0.204133 0.00175211
0 0.0628528 0.445317 0.0729082 0.0483053 0.00174536
0 0.439117 0.495413 0.466119 0.216609 0.00173653
0 0.766603 0.662564 0.34912 0.209985 0.00172996
1 0.45461 0.771238 0.408366 0.186884 0.00172961
0 0.348802 0.807305 0.193985 0.117343 0.00172753
2 0.963656 0.957728 0.0726877 0.0837611 0.00172191
2 0.968891 0.949192 0.0622184 0.101615 0.00170575
0 0.948097 0.393734 0.103806 0.173498 0.00169633
0 0.883646 0.245328 0.193 0.220885 0.00166992
0 0.32567 0.236466 0.23842 0.102156 0.00165901
0 0.443717 0.038717 0.773753 0.0774339 0.00164781
0 0.0228127 0.218746 0.0456253 0.155544 0.0016427
0 0.783393 0.0417952 0.313188 0.0818852 0.00163578
2 0.906481 0.021003 0.187039 0.042006 0.00163568
0 0.82177 0.421285 0.338739 0.129729 0.00159067
2 0.987918 0.87308 0.0241635 0.253841 0.00158174
0 0.958514 0.377841 0.0829722 0.188369 0.00157584
0 0.301093 0.323274 0.297592 0.203644 0.00156311
1 0.423286 0.711169 0.40198 0.325436 0.00156142
0 0.378975 0.444278 0.252239 0.169214 0.00154127
0 0.992715 0.965233 0.0145703 0.0682221 0.00153173
0 0.734424 0.0336562 0.325632 0.0673123 0.00152698
