0 0.538951 0.311395 0.677507 0.296262 0.724085
0 0.536722 0.431757 0.687903 0.538164 0.695114
0 0.529226 0.884145 0.24903 0.121104 0.65004
0 0.630167 0.23155 0.154888 0.108144 0.530641
0 0.554968 0.691466 0.411765 0.551144 0.441002
0 0.92207 0.871764 0.155861 0.139547 0.419075
0 0.763166 0.397564 0.215145 0.153358 0.347634
0 0.551191 0.76983 0.406418 0.361905 0.245227
0 0.57481 0.560953 0.354929 0.205111 0.142731
0 0.634306 0.545304 0.503356 0.42939 0.105603
0 0.37807 0.24128 0.333846 0.155937 0.105216
0 0.569005 0.240838 0.3069 0.132095 0.103414
0 0.685264 0.406981 0.378187 0.174711 0.0937552
0 0.625738 0.666995 0.494977 0.615326 0.0901365
0 0.554226 0.826553 0.40915 0.243923 0.0896394
0 0.549612 0.744065 0.412152 0.243421 0.0886317
0 0.720851 0.3681 0.302652 0.226681 0.0732038
0 0.627954 0.35358 0.487492 0.373279 0.0724914
0 0.595917 0.496144 0.320392 0.152628 0.0472702
0 0.570131 0.305552 0.333386 0.259948 0.0459958
0 0.510265 0.305456 0.468936 0.285506 0.03889
0 0.606394 0.478632 0.299503 0.113031 0.0351637
0 0.426081 0.273853 0.442988 0.21748 0.0346453
0 0.705104 0.973295 0.1956 0.0523136 0.0295937
0 0.722136 0.97371 0.0946689 0.0525804 0.0250519
0 0.548833 0.870813 0.365847 0.157282 0.0240817
0 0.652048 0.354941 0.437174 0.264981 0.0174772
0 0.636255 0.246955 0.163764 0.149869 0.0167584
0 0.547593 0.851617 0.296902 0.182153 0.0164084
0 0.592496 0.85526 0.434766 0.25511 0.0159534
0 0.530752 0.228505 0.378753 0.115937 0.0151632
0 0.916683 0.892894 0.166635 0.191016 0.0148695
0 0.921725 0.843162 0.15655 0.198713 0.0141855
0 0.562717 0.63179 0.37442 0.333196 0.0137793
0 0.679193 0.607176 0.631789 0.761803 0.0133813
0 0.658006 0.433854 0.431912 0.23062 0.013077
0 0.620096 0.546459 0.491429 0.302104 0.0111023
0 0.921596 0.86579 0.156808 0.165621 0.0108692
0 0.678818 0.815679 0.642364 0.361419 0.0108195
0 0.4097 0.98822 0.0388149 0.0235607 0.0105886
0 0.570601 0.247701 0.638454 0.292329 0.0102674
0 0.721738 0.87304 0.555038 0.250537 0.010087
0 0.660353 0.326956 0.639832 0.325099 0.0100155
0 0.645172 0.559264 0.478591 0.745332 0.00842782
0 0.890624 0.899351 0.218752 0.201297 0.00837611
0 0.40989 0.989351 0.0516405 0.0212985 0.00832295
0 0.60469 0.898819 0.394201 0.202362 0.00825224
0 0.345021 0.242884 0.265013 0.13036 0.00811223
0 0.515083 0.866617 0.214021 0.0810329 0.00810254
0 0.80134 0.897142 0.39732 0.204047 0.00807268
0 0.641717 0.297112 0.182372 0.24471 0.00783697
0 0.545401 0.343704 0.217616 0.201857 0.00697489
0 0.497092 0.837989 0.296733 0.218387 0.00681325
0 0.474739 0.180237 0.551632 0.31576 0.00679705
0 0.922207 0.851536 0.148284 0.114734 0.00669691
0 0.913118 0.411502 0.0610545 0.0509474 0.00666677
0 0.483567 0.37661 0.564011 0.383237 0.00662056
0 0.921642 0.801172 0.156715 0.287716 0.00649532
0 0.920235 0.818708 0.159529 0.275401 0.00645298
0 0.499048 0.888637 0.18347 0.129387 0.00627358
0 0.446866 0.235206 0.520635 0.201524 0.00623765
0 0.555047 0.908538 0.324562 0.182924 0.00611093
0 0.652011 0.479245 0.199947 0.0997234 0.00581443
0 0.769053 0.975113 0.265475 0.0497733 0.00576788
0 0.481935 0.787129 0.520581 0.330462 0.0056966
0 0.671813 0.737714 0.655278 0.460986 0.00565991
0 0.652388 0.217759 0.608551 0.340086 0.00542089
0 0.920947 0.900059 0.158105 0.199882 0.0053227
0 0.353285 0.288809 0.29318 0.252871 0.00520416
0 0.525354 0.626341 0.411526 0.402671 0.00516826
0 0.564503 0.177084 0.737059 0.338511 0.0051262
0 0.529384 0.0617842 0.707599 0.123568 0.00499222
0 0.561539 0.122737 0.77861 0.245473 0.00494014
0 0.713749 0.290943 0.554674 0.255398 0.00492319
0 0.616878 0.0523772 0.631067 0.104754 0.00481424
0 0.597706 0.730667 0.303769 0.222983 0.0047204
0 0.530586 0.363352 0.188052 0.162401 0.00465902
0 0.461563 0.422891 0.845626 0.422618 0.00446288
0 0.721346 0.0476971 0.495686 0.0953943 0.00442038
0 0.908699 0.75989 0.182601 0.33151 0.00437386
0 0.705806 0.973746 0.0632077 0.0525084 0.00431567
0 0.76527 0.636408 0.468745 0.648641 0.00430625
0 0.381551 0.855013 0.730059 0.202865 0.00425764
0 0.734946 0.363739 0.530108 0.29667 0.00416419
0 0.423849 0.556975 0.624556 0.318074 0.0041525
0 0.737102 0.431568 0.525796 0.395185 0.00411641
0 0.120592 0.497699 0.0392994 0.0252902 0.00400574
0 0.810885 0.269621 0.378229 0.249674 0.00395557
0 0.671311 0.137949 0.618506 0.275319 0.00389948
0 0.310616 0.255529 0.194927 0.0956347 0.00384694
0 0.658408 0.220871 0.219478 0.145971 0.00380167
0 0.917574 0.731702 0.164851 0.373856 0.00377468
0 0.824928 0.218021 0.350144 0.311955 0.00376925
0 0.826719 0.713573 0.346561 0.390566 0.00375391
0 0.45952 0.735553 0.202137 0.191029 0.00374091
0 0.39691 0.372482 0.482082 0.414556 0.00372607
0 0.850142 0.0510228 0.299717 0.102046 0.00371682
0 0.935447 0.412894 0.105214 0.0542477 0.00368151
0 0.922107 0.312799 0.155786 0.32788 0.00364528
0 0.922236 0.629845 0.155529 0.497665 0.00363574
0 0.421761 0.502856 0.843522 0.299801 0.00361475
0 0.925606 0.264298 0.148789 0.314972 0.00360482
0 0.767049 0.135821 0.423644 0.271642 0.00359774
0 0.918913 0.0700856 0.162173 0.140171 0.00358546
0 0.940094 0.586348 0.119811 0.487067 0.00353276
0 0.906894 0.138257 0.186212 0.276515 0.00350298
0 0.849364 0.131466 0.301272 0.262583 0.00350045
0 0.750605 0.171389 0.479315 0.339504 0.00349375
0 0.620222 0.22036 0.139411 0.0861671 0.00348709
0 0.382456 0.0713448 0.764913 0.14269 0.00346064
0 0.922054 0.21531 0.155892 0.338999 0.00346049
0 0.4491 0.728554 0.178794 0.100128 0.00340736
0 0.919147 0.845696 0.141758 0.0835045 0.00339889
0 0.388906 0.214188 0.264217 0.0978278 0.00339819
0 0.926369 0.38966 0.147263 0.315533 0.00339388
0 0.417242 0.707193 0.0797329 0.0557913 0.00338341
0 0.44764 0.933903 0.470894 0.132195 0.00335329
0 0.479327 0.87843 0.143351 0.137947 0.00333862
0 0.571818 0.973327 0.483656 0.0531162 0.00333827
0 0.382716 0.692067 0.733261 0.401881 0.00332849
0 0.631878 0.511813 0.271606 0.228217 0.00330196
0 0.9507 0.531202 0.0986 0.482111 0.00329385
0 0.35279 0.207302 0.439701 0.246564 0.00326353
0 0.115891 0.078044 0.231783 0.156088 0.00322857
0 0.0985122 0.776098 0.197024 0.33044 0.00321616
0 0.408374 0.168454 0.816749 0.297745 0.00320838
0 0.775866 0.389854 0.279087 0.175838 0.00319908
1 0.591617 0.970523 0.471621 0.0589537 0.00319887
0 0.11028 0.730507 0.220559 0.336181 0.00319853
0 0.656572 0.91612 0.476031 0.16776 0.00319163
0 0.08747 0.44224 0.17494 0.346105 0.00318178
0 0.0785033 0.817584 0.157007 0.307475 0.00317997
0 0.112796 0.644996 0.225593 0.365709 0.00317854
0 0.103537 0.492803 0.207074 0.344708 0.00316586
0 0.376025 0.775306 0.62592 0.337399 0.00316509
0 0.949345 0.438728 0.10131 0.371871 0.00315337
0 0.618237 0.201861 0.0688845 0.0516887 0.00313231
0 0.779279 0.973256 0.36407 0.0530597 0.0031101
0 0.281078 0.0740709 0.562156 0.148142 0.0031071
0 0.0789708 0.387499 0.157942 0.340478 0.00310576
0 0.0713714 0.854656 0.142743 0.285996 0.00305823
0 0.144877 0.0764457 0.289755 0.152891 0.00303441
1 0.550654 0.918994 0.575653 0.162011 0.00302313
0 0.0749186 0.329227 0.149837 0.319779 0.00298107
0 0.114346 0.111359 0.228691 0.222718 0.00296773
0 0.146233 0.665894 0.292466 0.483661 0.00292815
0 0.268274 0.682546 0.536549 0.36968 0.00291702
0 0.105637 0.192604 0.211275 0.313662 0.0029164
0 0.357382 0.832557 0.71135 0.288365 0.00290191
0 0.41538 0.699008 0.0747745 0.0440813 0.00289657
0 0.580004 0.701515 0.341991 0.171559 0.00289229
0 0.0762803 0.277606 0.152561 0.31506 0.00288974
0 0.11523 0.147117 0.23046 0.294233 0.00288739
0 0.37018 0.962969 0.572981 0.074062 0.00287872
0 0.237047 0.295933 0.410294 0.268678 0.00287179
0 0.268796 0.590199 0.537592 0.299021 0.00285102
0 0.115857 0.903844 0.231715 0.192312 0.00284305
0 0.138141 0.555317 0.276282 0.385157 0.00283879
0 0.50336 0.563573 0.195598 0.176982 0.00282123
0 0.722524 0.944539 0.418227 0.110922 0.00282021
0 0.143003 0.69368 0.286006 0.33105 0.0028099
0 0.213919 0.435233 0.427838 0.536505 0.0028045
0 0.143654 0.625249 0.287308 0.341736 0.00279274
0 0.146086 0.488263 0.292172 0.451601 0.00277518
0 0.734477 0.975869 0.139904 0.0482017 0.00274681
0 0.699443 0.462844 0.374019 0.298483 0.00273156
0 0.449493 0.754541 0.18388 0.144255 0.00272536
0 0.334616 0.263409 0.669232 0.265808 0.00272462
0 0.204875 0.517816 0.40975 0.300387 0.00271275
0 0.442679 0.129809 0.885359 0.258156 0.00270828
0 0.263866 0.347229 0.458441 0.34639 0.00270107
0 0.286653 0.964462 0.513972 0.071077 0.00268562
0 0.1449 0.755281 0.2898 0.440372 0.00267962
0 0.218185 0.745284 0.43637 0.313019 0.00264363
0 0.22848 0.127702 0.45696 0.255405 0.00261673
0 0.685226 0.309209 0.28186 0.279753 0.00261605
0 0.158153 0.90828 0.316306 0.183441 0.00257353
0 0.193715 0.959873 0.369846 0.0802534 0.00255505
0 0.456363 0.189517 0.912726 0.35652 0.00254814
0 0.141053 0.815014 0.282106 0.369973 0.00253449
0 0.164164 0.338915 0.321659 0.453587 0.00253007
0 0.493444 0.597809 0.17466 0.0993048 0.00251617
1 0.770383 0.946061 0.459234 0.107878 0.00249219
0 0.42891 0.98812 0.0937218 0.0237604 0.00248375
0 0.336521 0.179025 0.673042 0.349334 0.00246252
0 0.194448 0.24925 0.388895 0.433121 0.00245268
0 0.545116 0.871153 0.227705 0.085641 0.00241182
0 0.283638 0.224321 0.567275 0.422793 0.00240569
1 0.82458 0.899942 0.350839 0.200116 0.00239381
0 0.630819 0.185291 0.185975 0.211444 0.00236895
0 0.418538 0.987079 0.0631383 0.0258414 0.00235778
0 0.301848 0.814457 0.603696 0.362828 0.0023535
0 0.41442 0.327874 0.428744 0.247524 0.00232827
0 0.49501 0.604894 0.180933 0.142355 0.0022501
0 0.425561 0.716877 0.0966379 0.0740801 0.0022255
0 0.148073 0.878031 0.290787 0.238516 0.00221939
0 0.530601 0.391725 0.174707 0.104105 0.0021796
1 0.517245 0.968667 0.58127 0.0626653 0.00212302
0 0.630579 0.317637 0.279964 0.293757 0.0021154
0 0.470582 0.698741 0.217948 0.150882 0.00205826
0 0.648771 0.745687 0.200189 0.22923 0.00205406
0 0.604024 0.429804 0.32268 0.207767 0.00205378
0 0.939766 0.418427 0.117839 0.0771912 0.00200149
0 0.461065 0.862878 0.106513 0.0733535 0.00198881
0 0.541174 0.575547 0.277317 0.198886 0.00198757
0 0.469121 0.894534 0.119752 0.104302 0.00196689
0 0.61002 0.193386 0.0394106 0.0313893 0.00195606
0 0.336931 0.768872 0.0288918 0.0200916 0.00193948
0 0.392227 0.989952 0.0913599 0.0200964 0.00193325
0 0.789812 0.950104 0.406365 0.0997922 0.00191149
0 0.647289 0.241571 0.122057 0.0805587 0.0018548
1 0.789507 0.96838 0.420985 0.0632394 0.00184829
0 0.574113 0.518195 0.360311 0.212394 0.00181405
0 0.630626 0.210277 0.0997858 0.0656435 0.00180285
0 0.731124 0.395418 0.12961 0.11092 0.0017744
0 0.622619 0.549037 0.253143 0.235069 0.00177402
0 0.674204 0.182841 0.28465 0.2227 0.00177335
0 0.536254 0.665339 0.35012 0.238127 0.00176097
0 0.262399 0.713562 0.0595184 0.0233404 0.00171863
0 0.497445 0.92098 0.066136 0.0448685 0.00167101
0 0.645636 0.701198 0.203671 0.145412 0.00167034
0 0.574259 0.772036 0.376143 0.188049 0.00165819
0 0.493029 0.56276 0.173483 0.127083 0.00164426
0 0.46543 0.869615 0.281715 0.161156 0.001644
0 0.554897 0.377456 0.226338 0.138441 0.00163257
0 0.138055 0.529552 0.100992 0.0945686 0.00162594
0 0.497944 0.847127 0.0750316 0.0398848 0.00162063
0 0.485343 0.666861 0.24147 0.168518 0.0015679
0 0.430914 0.209496 0.217011 0.0878243 0.00156122
0 0.485804 0.75571 0.267994 0.180875 0.00154575
0 0.903845 0.210436 0.0953266 0.0800981 0.00153234
0 0.639782 0.781124 0.218794 0.156961 0.0015024
0 0.467045 0.873079 0.113312 0.0947537 0.00149083
0 0.628341 0.687805 0.240899 0.243745 0.00149079
0 0.912441 0.97458 0.0569491 0.0347578 0.0014761
0 0.569862 0.512185 0.211114 0.0898769 0.00146445
0 0.676314 0.037473 0.307302 0.0740581 0.00146415
0 0.0731574 0.51051 0.146315 0.108873 0.00144475
0 0.81105 0.934224 0.376893 0.131552 0.00142318
0 0.885778 0.827077 0.049452 0.0420681 0.00138118
2 0.0727791 0.618449 0.145558 0.12817 0.00137972
0 0.675446 0.0274602 0.187777 0.0545031 0.00137881
0 0.90134 0.830867 0.0813922 0.0511475 0.00137848
2 0.0300239 0.826952 0.0600478 0.136085 0.00137196
1 0.506421 0.966356 0.360964 0.0672884 0.00137031
0 0.74327 0.992495 0.131194 0.0150104 0.00136932
0 0.694143 0.973506 0.0552435 0.0529887 0.00136545
0 0.0774801 0.531155 0.15496 0.127019 0.00136515
0 0.439811 0.884187 0.27867 0.131064 0.00136228
0 0.0755084 0.63163 0.151017 0.117906 0.0013606
0 0.503617 0.615058 0.23593 0.207897 0.00135403
0 0.918023 0.214707 0.123571 0.0942427 0.00134817
0 0.31136 0.230863 0.202222 0.0884523 0.00132843
0 0.917006 0.41237 0.114161 0.0769735 0.00132135
0 0.454967 0.985463 0.203492 0.0290743 0.00131809
0 0.716544 0.219136 0.355381 0.170127 0.00130669
0 0.816005 0.443692 0.320879 0.13142 0.00130457
0 0.736504 0.380297 0.142451 0.110121 0.00128736
0 0.483731 0.979099 0.303291 0.0418025 0.00128245
0 0.573506 0.413759 0.259311 0.138881 0.00126594
0 0.893183 0.866536 0.0856341 0.039106 0.0012538
0 0.521793 0.52229 0.230148 0.136299 0.00124425
0 0.914815 0.836894 0.117536 0.0676418 0.00123645
0 0.530545 0.856609 0.158977 0.0576064 0.00122002
0 0.71366 0.275472 0.350361 0.242362 0.00121475
0 0.488385 0.841038 0.0458838 0.0313235 0.00120952
0 0.0814345 0.59766 0.162869 0.176703 0.0012022
0 0.317643 0.261146 0.218246 0.14521 0.00119936
0 0.386429 0.025217 0.406878 0.050434 0.00119459
1 0.500905 0.915893 0.390759 0.167187 0.00119217
1 0.21286 0.964958 0.37898 0.0700842 0.00117784
0 0.0354721 0.319521 0.0709443 0.118926 0.00116823
0 0.808376 0.350323 0.347862 0.235448 0.00115294
0 0.662559 0.490926 0.187643 0.0745874 0.00114689
0 0.770243 0.419462 0.205693 0.119131 0.00113295
1 0.174304 0.956531 0.325736 0.0869382 0.00112986
2 0.0316801 0.871256 0.0633601 0.143424 0.00112096
0 0.429525 0.902459 0.318562 0.149611 0.00112075
2 0.0523884 0.293896 0.104777 0.144555 0.00111751
2 0.0352843 0.725564 0.0705687 0.121446 0.0011169
2 0.0455036 0.700621 0.0910073 0.130795 0.00111532
0 0.597468 0.447883 0.280437 0.159026 0.00110971
2 0.0339634 0.790537 0.0679268 0.188365 0.00110909
0 0.410024 0.691861 0.0611686 0.0424489 0.00110764
0 0.289545 0.245512 0.156768 0.116604 0.00110569
0 0.626303 0.603329 0.240445 0.188916 0.00110521
2 0.0665196 0.662471 0.133039 0.146847 0.00110406
0 0.79348 0.31898 0.395383 0.203131 0.00110087
0 0.254126 0.258388 0.0907637 0.088504 0.00109989
2 0.0795892 0.58072 0.159178 0.193288 0.00108777
0 0.924453 0.2021 0.13588 0.0940667 0.00108584
0 0.393555 0.983514 0.125756 0.0329714 0.0010826
0 0.943399 0.225766 0.113203 0.119194 0.00108216
2 0.13917 0.979692 0.255845 0.0406164 0.00108129
0 0.672661 0.0270918 0.463671 0.0541837 0.00108011
0 0.150441 0.529192 0.117269 0.112204 0.00107838
0 0.444229 0.955194 0.314901 0.089611 0.00107422
2 0.0137623 0.965327 0.0275246 0.0693457 0.00107171
0 0.0335928 0.344006 0.0671856 0.117471 0.00107073
0 0.410621 0.726409 0.101027 0.19332 0.00106575
