0 0.453026 0.60839 0.230654 0.288855 0.397005
2 0.236607 0.320391 0.302381 0.298616 0.33562
0 0.236899 0.322549 0.30519 0.303066 0.328903
2 0.255806 0.663906 0.0850128 0.147728 0.204712
0 0.691912 0.973178 0.0348894 0.0526956 0.0920636
0 0.254772 0.661785 0.0838997 0.143148 0.0625124
0 0.505666 0.53817 0.123555 0.12921 0.0500095
2 0.166082 0.915012 0.144607 0.109601 0.0409732
2 0.238257 0.654564 0.0505286 0.117504 0.0373302
2 0.120065 0.929013 0.0476979 0.0463095 0.0372286
0 0.510392 0.611652 0.341609 0.29964 0.0360222
0 0.0217869 0.286837 0.0429107 0.248822 0.0339134
2 0.183708 0.913817 0.108474 0.101879 0.0322588
1 0.255894 0.661926 0.0824893 0.14319 0.0280783
1 0.199576 0.562647 0.399151 0.848834 0.0240174
1 0.122325 0.931414 0.046196 0.0405137 0.0236332
0 0.240963 0.572245 0.300589 0.803006 0.023533
2 0.0225965 0.252192 0.044942 0.157381 0.0208448
0 0.157358 0.928667 0.165814 0.133129 0.0204441
0 0.226067 0.929482 0.42199 0.139465 0.0194985
0 0.321559 0.445353 0.490523 0.612092 0.0184918
0 0.191633 0.915111 0.096717 0.105994 0.0167733
2 0.0220579 0.258127 0.0441157 0.24731 0.0154604
0 0.0846867 0.524724 0.0580786 0.0694874 0.0154101
0 0.228077 0.554782 0.455816 0.882326 0.0153625
0 0.43867 0.310303 0.774245 0.359544 0.0150981
0 0.683792 0.972265 0.119477 0.0554689 0.0147961
0 0.46648 0.41763 0.0354822 0.0394975 0.0143803
0 0.412946 0.592826 0.132547 0.260864 0.01393
1 0.154792 0.928945 0.17193 0.141432 0.0137862
0 0.372954 0.502571 0.63131 0.719843 0.0134755
2 0.169428 0.920399 0.168471 0.137882 0.0124315
0 0.156304 0.872331 0.312608 0.255338 0.0123681
0 0.0255484 0.338825 0.0510968 0.344208 0.0120838
0 0.654477 0.716648 0.625834 0.561349 0.0116551
2 0.693565 0.480723 0.61287 0.936596 0.0111019
0 0.456861 0.541892 0.226288 0.148762 0.0108466
0 0.245678 0.247534 0.317336 0.447988 0.0106409
0 0.0226971 0.28677 0.0451489 0.168568 0.0106051
0 0.16131 0.931801 0.318216 0.135531 0.0105411
0 0.216358 0.346893 0.257215 0.248737 0.0102185
0 0.697198 0.974396 0.0611692 0.0512072 0.0100745
0 0.276655 0.713448 0.0391495 0.0442291 0.0100627
1 0.24517 0.490459 0.323096 0.656989 0.00994791
0 0.285363 0.703545 0.570727 0.591877 0.00993694
0 0.435526 0.631909 0.182273 0.237484 0.00974467
2 0.119316 0.924696 0.0525231 0.0637509 0.00959948
2 0.473188 0.255358 0.812343 0.505985 0.00948495
0 0.362368 0.605921 0.410139 0.293569 0.00935738
2 0.295961 0.700161 0.557312 0.594494 0.00917829
1 0.332525 0.718433 0.476249 0.557005 0.00887705
0 0.442164 0.242564 0.733235 0.457958 0.00870228
2 0.0220481 0.214684 0.042665 0.0852017 0.0084741
0 0.718202 0.970481 0.185243 0.0590382 0.00843006
0 0.159544 0.701466 0.31782 0.591017 0.0083722
2 0.787591 0.499761 0.42079 0.999521 0.00836307
0 0.1789 0.910778 0.0537269 0.0918323 0.00822744
0 0.235338 0.320462 0.46946 0.634996 0.00820886
0 0.159848 0.539363 0.319696 0.865021 0.00815232
0 0.407945 0.495263 0.392434 0.512369 0.00814577
0 0.650127 0.601438 0.650293 0.543133 0.008131
0 0.119195 0.273521 0.238389 0.547042 0.00807954
0 0.53289 0.36503 0.876574 0.724072 0.00797136
0 0.149211 0.792728 0.297154 0.413683 0.00788957
0 0.275942 0.808731 0.530803 0.382537 0.00779394
0 0.671428 0.97363 0.083999 0.0527398 0.00776068
0 0.0801428 0.261527 0.160239 0.523055 0.00770243
0 0.504496 0.540433 0.0631455 0.115566 0.00768729
2 0.41385 0.132497 0.79308 0.264416 0.00766876
2 0.224054 0.664633 0.144594 0.151833 0.00766678
0 0.446707 0.729517 0.232172 0.540191 0.00758216
0 0.403837 0.564925 0.114789 0.203463 0.00747453
1 0.221439 0.467455 0.442878 0.678126 0.00744686
2 0.714996 0.394843 0.506903 0.789686 0.00741209
0 0.18005 0.424432 0.35774 0.831858 0.00741142
2 0.619356 0.379655 0.724556 0.756611 0.00740313
0 0.456136 0.291399 0.881864 0.565303 0.00725842
0 0.732805 0.96662 0.366363 0.0661876 0.00720628
2 0.678577 0.281711 0.484574 0.558571 0.00716787
1 0.259529 0.24694 0.519058 0.493879 0.00710526
0 0.557105 0.715158 0.448159 0.564464 0.0068032
0 0.662318 0.507724 0.675363 0.887619 0.00679152
0 0.0927472 0.517878 0.0739199 0.0862027 0.00676065
2 0.206661 0.911168 0.123109 0.11708 0.00671558
0 0.0987444 0.376456 0.197489 0.675443 0.00640826
0 0.157291 0.298829 0.129348 0.236283 0.00640169
0 0.271279 0.248881 0.542558 0.491612 0.00638521
2 0.268717 0.63972 0.113502 0.201299 0.00624342
2 0.775213 0.274722 0.440844 0.54518 0.0062144
2 0.177066 0.908611 0.0528372 0.0923194 0.00613785
2 0.803503 0.364695 0.383396 0.728276 0.00602207
1 0.221113 0.664264 0.153001 0.149245 0.00599088
0 0.114622 0.726541 0.229244 0.544674 0.00594685
2 0.1562 0.905969 0.11733 0.0933086 0.00585321
1 0.350141 0.126503 0.695481 0.252632 0.00577678
1 0.239692 0.149202 0.476295 0.295928 0.00558961
2 0.652907 0.71246 0.694187 0.57508 0.00550056
0 0.678443 0.967522 0.198527 0.0638141 0.00547465
0 0.174777 0.887088 0.0417614 0.0489509 0.00546611
2 0.104161 0.183285 0.208323 0.36657 0.00537807
2 0.340382 0.21145 0.680764 0.42266 0.00531212
2 0.854758 0.496015 0.290485 0.986714 0.00524609
0 0.640672 0.963072 0.377547 0.0733388 0.00523465
0 0.294093 0.594075 0.49944 0.368055 0.00501687
0 0.715682 0.875465 0.441643 0.247329 0.00497892
0 0.736884 0.960633 0.24493 0.0778795 0.00482284
2 0.574426 0.228777 0.744097 0.457134 0.0048142
0 0.529436 0.505374 0.858587 0.745171 0.00479774
2 0.518163 0.538911 0.0974435 0.130195 0.00478912
2 0.0228842 0.221804 0.0452128 0.389341 0.00463233
2 0.82711 0.243881 0.337997 0.482486 0.00456391
0 0.118346 0.821948 0.236553 0.356104 0.00454023
0 0.791415 0.963844 0.408033 0.0709617 0.00451758
2 0.0866416 0.523462 0.0579505 0.070232 0.00447683
2 0.770338 0.696985 0.450405 0.604873 0.00440581
2 0.0227595 0.227272 0.0402498 0.0523006 0.00428657
0 0.195639 0.322597 0.209975 0.299997 0.0042551
0 0.397514 0.702612 0.611392 0.591134 0.00419969
0 0.652522 0.971742 0.150005 0.0563718 0.00418783
0 0.957998 0.496988 0.083588 0.704368 0.00416984
0 0.22407 0.531998 0.448139 0.624402 0.0041463
0 0.907966 0.555104 0.183979 0.860335 0.00413648
0 0.267363 0.709544 0.0569149 0.0511459 0.00410111
0 0.283604 0.936321 0.567207 0.127358 0.00399132
0 0.214724 0.389726 0.256495 0.159916 0.00397053
0 0.0191681 0.816402 0.0381963 0.367196 0.00388248
2 0.585737 0.140643 0.675505 0.278893 0.00387761
2 0.71407 0.14111 0.431465 0.280369 0.00384395
0 0.596359 0.876974 0.517472 0.243419 0.00383902
0 0.57287 0.95667 0.465636 0.0855253 0.00374688
2 0.792095 0.141296 0.388755 0.281276 0.00373645
0 0.959686 0.30607 0.0802883 0.579709 0.00370362
0 0.917209 0.318339 0.165583 0.625934 0.00369871
0 0.875384 0.313025 0.247947 0.621874 0.00368691
0 0.134279 0.926199 0.236941 0.147603 0.00365209
0 0.947338 0.151426 0.105324 0.302852 0.00362966
0 0.944724 0.23838 0.110552 0.47676 0.00360877
0 0.885637 0.471474 0.228143 0.918311 0.00349178
0 0.939025 0.902711 0.12195 0.194579 0.00348418
0 0.904182 0.127619 0.191636 0.255238 0.00346372
2 0.666427 0.598642 0.667145 0.771619 0.00346012
0 0.791486 0.844701 0.407672 0.310242 0.00340891
0 0.236956 0.266324 0.311429 0.174197 0.00339114
0 0.882549 0.955274 0.234902 0.0871892 0.00336222
0 0.900479 0.231377 0.197483 0.461926 0.00334115
0 0.721537 0.813643 0.532121 0.372381 0.00331349
0 0.852658 0.248019 0.292867 0.491998 0.00325921
0 0.153856 0.269602 0.118943 0.16498 0.00321953
0 0.466516 0.848731 0.573282 0.298141 0.00316327
0 0.496135 0.948794 0.531757 0.102145 0.00314647
0 0.956296 0.6307 0.0869953 0.644444 0.00314025
0 0.943646 0.851381 0.112708 0.291272 0.00313595
1 0.211058 0.698594 0.175283 0.2171 0.00310748
0 0.0421769 0.833002 0.084333 0.333996 0.003096
0 0.751544 0.948695 0.266022 0.101187 0.00309551
0 0.35833 0.845656 0.64954 0.302604 0.00308955
0 0.648755 0.965081 0.198531 0.0685053 0.00307331
2 0.830732 0.667411 0.338108 0.635554 0.00305327
0 0.852026 0.140683 0.291176 0.281365 0.00303634
0 0.766168 0.932452 0.391943 0.133736 0.00303214
1 0.122016 0.950037 0.054787 0.0980594 0.00298586
0 0.407879 0.945819 0.556584 0.108362 0.00294959
0 0.500941 0.531737 0.0524231 0.0954385 0.00293282
2 0.0821169 0.923048 0.127586 0.0977558 0.0028711
1 0.0736127 0.926488 0.147225 0.147024 0.00284768
0 0.862129 0.878388 0.274868 0.238804 0.00283316
0 0.863317 0.637431 0.273313 0.677595 0.00281706
0 0.0241527 0.177517 0.0479262 0.354147 0.00278253
2 0.794749 0.765433 0.402511 0.469135 0.00278057
1 0.4671 0.419035 0.0310112 0.037122 0.00275236
0 0.0156562 0.292908 0.0313124 0.154073 0.00270746
0 0.951206 0.768835 0.0973644 0.453689 0.0027068
0 0.224419 0.918056 0.215886 0.149223 0.0026692
0 0.288515 0.323878 0.194732 0.297274 0.00261989
0 0.4649 0.42508 0.0357147 0.0520174 0.00252328
0 0.019308 0.634063 0.0383201 0.401847 0.00249912
2 0.210035 0.884715 0.127933 0.165732 0.00249337
0 0.834632 0.814005 0.330265 0.361636 0.00240785
0 0.797896 0.900925 0.271174 0.195957 0.00238998
2 0.179212 0.858839 0.185342 0.223879 0.00238511
2 0.0983783 0.505888 0.0871698 0.113219 0.00238034
2 0.153992 0.266796 0.118459 0.171482 0.00237802
2 0.125375 0.919318 0.0590734 0.077203 0.00236306
0 0.391686 0.541637 0.0906837 0.154289 0.00224592
0 0.483368 0.448803 0.168525 0.109857 0.00222175
1 0.620576 0.950814 0.277805 0.0979532 0.00221676
2 0.874417 0.720561 0.251166 0.544559 0.00221201
0 0.0349582 0.772333 0.0698577 0.455334 0.00216283
2 0.928976 0.898667 0.140487 0.202165 0.00212586
0 0.470794 0.679394 0.10964 0.132139 0.00211532
1 0.0966257 0.948258 0.170104 0.103485 0.00211109
2 0.175962 0.886237 0.0443648 0.0442723 0.00207294
0 0.745283 0.916138 0.305305 0.167725 0.00203408
0 0.285439 0.251455 0.200438 0.144583 0.00202935
0 0.0980704 0.484174 0.0884631 0.16048 0.00202206
1 0.0505172 0.401445 0.101034 0.446442 0.0019884
2 0.0220432 0.189927 0.043816 0.163778 0.00197293
0 0.240933 0.65658 0.0497055 0.118775 0.00195769
0 0.0654147 0.586827 0.130829 0.232334 0.00189394
1 0.0680099 0.328807 0.13602 0.301972 0.00186988
0 0.592696 0.969139 0.28673 0.0617211 0.00185973
2 0.949699 0.89254 0.0996897 0.214002 0.00182752
1 0.312768 0.63676 0.20686 0.213711 0.0018036
0 0.0603983 0.809089 0.120797 0.381821 0.00178435
0 0.657324 0.923439 0.268714 0.153122 0.00176778
0 0.463292 0.624295 0.133957 0.244713 0.00176098
0 0.12626 0.493867 0.147564 0.14749 0.00175795
0 0.493983 0.43177 0.0970931 0.0893761 0.00170749
0 0.0310671 0.70993 0.0620327 0.482726 0.00169297
0 0.362745 0.965485 0.130046 0.0690309 0.00168834
0 0.455772 0.507972 0.221324 0.22976 0.00167204
0 0.0244693 0.434448 0.0485379 0.496209 0.00167203
1 0.22361 0.928312 0.352594 0.143375 0.00166827
0 0.499673 0.49432 0.160761 0.217763 0.00166733
2 0.934742 0.923141 0.129013 0.151114 0.00166578
1 0.0759265 0.8682 0.151853 0.2636 0.00166367
0 0.187163 0.369322 0.190573 0.202475 0.00164297
0 0.930264 0.952167 0.138919 0.0956665 0.00163864
0 0.953123 0.918319 0.0937537 0.163363 0.00163819
0 0.0208757 0.566489 0.0415603 0.443601 0.0016372
1 0.911922 0.895907 0.175842 0.20651 0.00162903
0 0.992375 0.658411 0.0150682 0.158952 0.00162588
0 0.520675 0.533564 0.0974831 0.115886 0.00161294
0 0.255186 0.243568 0.270835 0.128398 0.00161144
0 0.329344 0.964862 0.189159 0.0702765 0.00159667
2 0.0522507 0.856369 0.104501 0.287262 0.00159256
2 0.0866287 0.907156 0.118399 0.109003 0.00156502
0 0.197105 0.406926 0.298312 0.127441 0.00156434
2 0.520557 0.541878 0.133736 0.135421 0.00156305
0 0.500263 0.609429 0.149106 0.280629 0.00154983
2 0.469651 0.401385 0.0394517 0.074713 0.00154391
2 0.122076 0.950153 0.0516705 0.0921687 0.0015406
0 0.825692 0.906937 0.348615 0.184202 0.00154032
0 0.0404589 0.183962 0.0809177 0.367924 0.00152844
1 0.0667267 0.181919 0.133453 0.363837 0.001524
0 0.766035 0.882713 0.212949 0.234575 0.00150827
0 0.519962 0.565742 0.124496 0.192166 0.00149789
1 0.620583 0.931589 0.298435 0.136823 0.00149768
0 0.447382 0.420897 0.0749932 0.0640356 0.00147503
1 0.1969 0.672623 0.212594 0.178742 0.0014709
0 0.344129 0.946333 0.162726 0.105903 0.00146751
2 0.0581302 0.905831 0.11626 0.188338 0.00146625
2 0.240299 0.63719 0.0461614 0.0875097 0.0014636
2 0.0202131 0.788518 0.0404261 0.208421 0.00145955
0 0.215526 0.892351 0.131167 0.165447 0.00145816
1 0.199013 0.948385 0.34237 0.103231 0.00145408
1 0.636749 0.901062 0.284455 0.197875 0.00144852
0 0.139826 0.557691 0.178161 0.19371 0.00144784
0 0.0888658 0.624805 0.177732 0.33803 0.00144319
1 0.28838 0.929648 0.293031 0.140287 0.00144223
2 0.0184945 0.755125 0.036067 0.0879621 0.00143227
0 0.727046 0.90007 0.147417 0.19986 0.00142848
2 0.0899772 0.484418 0.119434 0.161171 0.00142359
1 0.0778327 0.640405 0.155665 0.335884 0.00141779
1 0.234886 0.706744 0.135368 0.24514 0.00139865
1 0.124613 0.16449 0.249226 0.32898 0.001392
1 0.500461 0.548717 0.0673065 0.101318 0.00136772
0 0.55144 0.93283 0.12989 0.133682 0.00136074
0 0.375948 0.940851 0.145836 0.116244 0.00135964
1 0.791044 0.928246 0.417913 0.142112 0.00134724
0 0.4314 0.680193 0.204292 0.161633 0.00133687
1 0.884799 0.922006 0.229219 0.154163 0.0013325
0 0.394343 0.964616 0.197695 0.0707689 0.00131903
1 0.141811 0.116126 0.259101 0.230747 0.0013155
0 0.697517 0.885535 0.171003 0.228931 0.00131324
1 0.339632 0.930179 0.178982 0.139641 0.00131192
0 0.379933 0.986204 0.0887245 0.0275912 0.00131097
1 0.322543 0.9139 0.22566 0.1722 0.00130717
0 0.916284 0.875179 0.167092 0.249643 0.00129917
0 0.665499 0.979324 0.12146 0.040933 0.00129838
1 0.84749 0.899653 0.305019 0.20031 0.00128614
0 0.600782 0.933191 0.249762 0.132708 0.00128323
1 0.0622578 0.272125 0.124516 0.211918 0.00128247
0 0.514722 0.902773 0.202465 0.194454 0.00128177
2 0.273318 0.602557 0.12556 0.324657 0.00127874
1 0.0757923 0.369346 0.151585 0.344724 0.00127665
2 0.927746 0.845059 0.143568 0.309882 0.00127619
0 0.894679 0.851806 0.210643 0.296388 0.00127055
1 0.0673028 0.839183 0.134606 0.321635 0.00126376
1 0.247204 0.961053 0.354642 0.0778934 0.00125956
0 0.948255 0.986159 0.103489 0.027682 0.00125929
2 0.739994 0.0920631 0.316944 0.181333 0.00125828
0 0.061347 0.643253 0.122572 0.414609 0.00125616
0 0.620588 0.905907 0.271969 0.188186 0.00125498
2 0.0597977 0.786653 0.119595 0.426694 0.00125447
0 0.957101 0.794528 0.0857977 0.410945 0.00125357
2 0.690565 0.051474 0.216026 0.101949 0.00125259
2 0.233092 0.644237 0.150946 0.210778 0.00125131
1 0.140972 0.061171 0.239555 0.122009 0.00124833
1 0.504555 0.900241 0.235701 0.199518 0.00124589
0 0.570189 0.958904 0.235975 0.0821925 0.0012448
1 0.217833 0.734959 0.182197 0.292918 0.00124118
1 0.3399 0.610665 0.257902 0.285021 0.00123668
0 0.524981 0.959485 0.204309 0.0810298 0.00123141
0 0.382316 0.664743 0.107927 0.178196 0.00121769
1 0.399671 0.919685 0.201256 0.160631 0.0012105
0 0.724086 0.98204 0.122529 0.0359202 0.00120984
0 0.0577636 0.938703 0.115527 0.122594 0.00120886
2 0.012578 0.303443 0.0251561 0.144594 0.00120514
1 0.48713 0.927664 0.294264 0.144672 0.00120495
