2 0.476499 0.495624 0.871536 0.991247 0.850915
2 0.854343 0.853382 0.188676 0.293236 0.822796
2 0.79877 0.728757 0.296035 0.542486 0.759534
2 0.609803 0.499353 0.470107 0.998706 0.758968
2 0.308431 0.583153 0.260571 0.740094 0.684595
2 0.297267 0.371727 0.227439 0.304836 0.634839
2 0.5238 0.596195 0.837641 0.790636 0.618204
2 0.817475 0.648876 0.248282 0.363409 0.564258
2 0.590369 0.465492 0.312535 0.928573 0.561901
2 0.762522 0.370311 0.169802 0.218263 0.527574
2 0.520986 0.703346 0.700379 0.593309 0.471446
2 0.493859 0.551755 0.633603 0.68346 0.410611
2 0.517376 0.799211 0.500649 0.401579 0.397388
2 0.464676 0.483085 0.5566 0.9621 0.396703
2 0.594647 0.260261 0.299975 0.518763 0.341837
2 0.353591 0.535622 0.339615 0.652158 0.336311
2 0.321902 0.629107 0.26639 0.441446 0.228495
2 0.586787 0.820469 0.366527 0.359062 0.222579
2 0.589505 0.770344 0.41226 0.459311 0.221844
2 0.6357 0.669243 0.618421 0.659401 0.147643
2 0.738749 0.608242 0.412525 0.771756 0.131336
0 0.162115 0.591507 0.0368007 0.0821294 0.127641
2 0.688395 0.522377 0.512451 0.925823 0.114259
2 0.672631 0.903276 0.176885 0.193448 0.0817763
2 0.586189 0.149773 0.257744 0.299234 0.0768954
2 0.685659 0.471897 0.382412 0.943794 0.0732343
0 0.0398803 0.02547 0.0662717 0.0481134 0.0529774
2 0.828365 0.822413 0.240302 0.355173 0.0522059
2 0.51628 0.893914 0.167899 0.210928 0.0483337
2 0.372346 0.439239 0.744692 0.875732 0.0441757
0 0.189057 0.761477 0.0708929 0.0824122 0.043694
2 0.0404516 0.0316347 0.0666106 0.0583751 0.0436111
2 0.214266 0.0475107 0.0999513 0.0950214 0.0419306
2 0.640915 0.314593 0.426309 0.625717 0.0410387
0 0.0438114 0.181208 0.0876227 0.325456 0.0402807
2 0.735992 0.376502 0.219908 0.252526 0.0390118
2 0.293913 0.489657 0.232638 0.549481 0.0387436
2 0.436 0.376902 0.515794 0.349081 0.0342253
2 0.189301 0.779387 0.0752661 0.118497 0.0337668
0 0.176947 0.754068 0.0435118 0.053108 0.0333084
2 0.791862 0.59061 0.31053 0.698289 0.0330796
2 0.689373 0.723466 0.509277 0.553067 0.0317286
0 0.124053 0.76698 0.0272141 0.0426404 0.0290427
2 0.657461 0.878586 0.207586 0.238318 0.0263723
2 0.176287 0.762623 0.094524 0.064375 0.0260536
2 0.713268 0.359378 0.280777 0.339691 0.0250855
0 0.188905 0.774441 0.0760947 0.113152 0.0246078
2 0.652093 0.582874 0.207709 0.242581 0.0237344
0 0.200811 0.0517451 0.125516 0.10349 0.0237248
0 0.117359 0.946281 0.228563 0.107438 0.0232809
0 0.217647 0.0488358 0.0939694 0.0966812 0.0232629
2 0.700314 0.908407 0.123756 0.183185 0.0226101
2 0.125133 0.950428 0.214023 0.099143 0.0221102
2 0.180145 0.0529627 0.166868 0.105925 0.0212912
2 0.156932 0.761989 0.0968804 0.0560028 0.0210023
0 0.165783 0.0491889 0.15544 0.0983779 0.0209243
0 0.303983 0.213459 0.0306361 0.0465219 0.0205286
2 0.600932 0.582568 0.107978 0.225951 0.0203001
2 0.37282 0.24173 0.745639 0.483459 0.0197983
0 0.159139 0.602556 0.0253636 0.060798 0.0189337
2 0.476192 0.854553 0.552094 0.290894 0.0180373
2 0.413314 0.463602 0.116294 0.208855 0.0179384
0 0.0375627 0.213452 0.0751253 0.426904 0.0177227
2 0.478835 0.831108 0.712569 0.337784 0.0176541
0 0.211188 0.0214918 0.036429 0.0429836 0.0169907
0 0.0331294 0.18745 0.0661602 0.277455 0.0167547
2 0.116494 0.047101 0.229558 0.094202 0.0164071
2 0.766485 0.370338 0.11641 0.198227 0.0163772
2 0.746246 0.81567 0.407513 0.368661 0.015715
2 0.239131 0.688106 0.436675 0.52925 0.0153327
0 0.160134 0.612445 0.0259565 0.0409761 0.015194
0 0.210655 0.544261 0.0323305 0.0500582 0.0148204
0 0.0771558 0.110917 0.154312 0.218445 0.0147163
0 0.157553 0.7602 0.0986841 0.0564734 0.0142947
2 0.445807 0.335226 0.87658 0.63991 0.0141455
2 0.166668 0.762925 0.1182 0.0774969 0.0140797
2 0.804388 0.918339 0.0949713 0.162482 0.0139787
2 0.641572 0.440856 0.10119 0.127501 0.013902
0 0.307892 0.212504 0.0438327 0.0510474 0.0138567
0 0.0397418 0.0312687 0.0546339 0.0398001 0.0137196
2 0.588317 0.0519595 0.120681 0.103919 0.0134352
0 0.0788425 0.176591 0.157685 0.343183 0.0132645
2 0.199446 0.5 0.396912 1 0.0130195
2 0.616664 0.0518241 0.119383 0.103648 0.012821
0 0.124599 0.234215 0.248413 0.459533 0.0126875
2 0.698884 0.267844 0.302223 0.483166 0.0124995
0 0.0656255 0.315528 0.131251 0.631055 0.0123425
2 0.0428073 0.0315092 0.0725088 0.0630183 0.0122622
2 0.659311 0.816378 0.504513 0.367245 0.0119066
2 0.509867 0.323143 0.711669 0.401536 0.011874
2 0.0941645 0.479773 0.188329 0.959547 0.0118541
0 0.0607578 0.189027 0.121516 0.294545 0.0111266
2 0.0841764 0.0489232 0.160642 0.0958473 0.0109907
0 0.0931993 0.395733 0.186399 0.791465 0.0109135
2 0.362466 0.693149 0.658985 0.613702 0.0107623
2 0.499612 0.224952 0.454725 0.449904 0.0107425
2 0.784051 0.361941 0.125023 0.224692 0.0107197
0 0.17133 0.486559 0.340541 0.947291 0.0107159
2 0.329215 0.342246 0.322652 0.405945 0.0106681
0 0.141322 0.763882 0.0616704 0.0517502 0.0106314
2 0.698559 0.75782 0.111057 0.195617 0.0104014
2 0.651752 0.837998 0.222413 0.319361 0.0103987
0 0.228358 0.0357139 0.0740312 0.0714278 0.01031
2 0.641216 0.227914 0.395783 0.45438 0.0101972
0 0.119622 0.056002 0.233945 0.112004 0.0101043
0 0.166108 0.565426 0.0221076 0.0305323 0.00920668
0 0.0120252 0.633296 0.0198351 0.0272926 0.0091801
2 0.749364 0.902077 0.112494 0.195846 0.0087909
2 0.353703 0.66434 0.200503 0.376751 0.00868124
2 0.275806 0.418808 0.194375 0.321948 0.00865954
0 0.121067 0.152504 0.242013 0.295718 0.00850458
2 0.0382725 0.0418314 0.0712342 0.0792874 0.00831593
2 0.684839 0.601078 0.142434 0.229373 0.00812981
2 0.306165 0.629405 0.217552 0.351722 0.00803697
2 0.162181 0.59026 0.0360213 0.088994 0.00791602
2 0.70779 0.73906 0.0922799 0.145374 0.00774427
2 0.674089 0.75687 0.160742 0.196931 0.00770062
2 0.115346 0.841382 0.230692 0.317235 0.00767252
0 0.117277 0.852451 0.231366 0.295097 0.00749074
2 0.568367 0.193209 0.251493 0.386417 0.00735202
2 0.96131 0.381135 0.0773806 0.736914 0.00716909
2 0.453631 0.498102 0.185814 0.271116 0.00714651
2 0.761277 0.939386 0.0808385 0.121227 0.00700938
1 0.778091 0.949868 0.0539519 0.100263 0.00700529
2 0.188286 0.749595 0.0691091 0.0657702 0.00695937
0 0.014143 0.639941 0.0281104 0.362227 0.00682035
0 0.175659 0.761747 0.0438316 0.0471257 0.00679478
2 0.22214 0.377986 0.0838749 0.214391 0.00671773
2 0.0307544 0.229873 0.0615088 0.180528 0.0066694
2 0.721298 0.87774 0.0776089 0.126199 0.0066538
2 0.0859194 0.0370446 0.171839 0.0740893 0.00650776
1 0.842997 0.903643 0.174286 0.192713 0.00650252
2 0.255517 0.349704 0.375686 0.407285 0.00648768
2 0.595744 0.890534 0.349089 0.218933 0.00645964
2 0.625615 0.912248 0.106197 0.175503 0.00618507
0 0.193336 0.945233 0.0770521 0.106344 0.00617697
2 0.214422 0.340813 0.414205 0.612668 0.00614623
2 0.096135 0.778023 0.19227 0.443955 0.00610202
2 0.0582283 0.72561 0.116454 0.548781 0.00608032
0 0.0343285 0.149611 0.068288 0.145119 0.00605553
2 0.118197 0.906446 0.235906 0.187109 0.00598175
2 0.640884 0.375327 0.113658 0.25667 0.00595495
0 0.255856 0.459176 0.505723 0.905584 0.00583
0 0.141882 0.774456 0.0669098 0.0670424 0.00582979
2 0.464788 0.858164 0.275299 0.274927 0.00569004
2 0.128445 0.929652 0.210149 0.134344 0.00567107
2 0.680387 0.672953 0.153138 0.383948 0.00562797
2 0.567211 0.0514256 0.187891 0.102851 0.00559398
0 0.131706 0.109898 0.259278 0.219795 0.00554086
1 0.563214 0.908416 0.421031 0.183168 0.00548667
2 0.824776 0.501633 0.341313 0.911279 0.00543021
2 0.432475 0.156979 0.845991 0.304298 0.0052796
1 0.778803 0.953258 0.0424124 0.0900063 0.00526874
2 0.0429797 0.0248614 0.0598994 0.04295 0.00523751
2 0.95989 0.241403 0.0802199 0.482806 0.00522827
2 0.217385 0.541077 0.0471498 0.0644312 0.00522384
2 0.482508 0.530691 0.123788 0.288966 0.00520629
2 0.120105 0.717121 0.239783 0.565758 0.00514047
2 0.931566 0.383047 0.136711 0.75943 0.00512091
0 0.693984 0.930748 0.120941 0.138505 0.00507117
2 0.917473 0.459676 0.165055 0.919352 0.00499479
2 0.884673 0.847484 0.123954 0.305033 0.00489022
2 0.132244 0.0616083 0.264487 0.119078 0.00485846
2 0.404633 0.883337 0.750201 0.233326 0.00479693
0 0.0557038 0.305696 0.111408 0.474003 0.00478591
2 0.220515 0.578898 0.417455 0.725313 0.00476289
2 0.839428 0.823845 0.150946 0.234685 0.00475525
2 0.802695 0.347169 0.137989 0.205121 0.00474883
2 0.781012 0.354307 0.383939 0.627625 0.00471532
0 0.15732 0.598856 0.0308434 0.0715652 0.0046951
0 0.0330949 0.317555 0.0661897 0.504562 0.00460673
2 0.0196612 0.796594 0.0390793 0.406813 0.00459741
2 0.547231 0.542147 0.249469 0.302478 0.00456517
2 0.959398 0.150767 0.0809519 0.301533 0.00455433
2 0.408828 0.337248 0.124577 0.170097 0.0045256
0 0.209279 0.0891669 0.0443483 0.0406043 0.00448567
0 0.173177 0.579696 0.065466 0.12419 0.00438516
0 0.0168405 0.485762 0.0336809 0.501808 0.00437159
0 0.176681 0.820677 0.339581 0.355175 0.00434145
0 0.175359 0.93872 0.116717 0.114306 0.00433892
2 0.0616122 0.635481 0.123087 0.696458 0.00432784
2 0.606315 0.0479499 0.072333 0.0958998 0.004295
2 0.0183634 0.836957 0.0362825 0.326087 0.00425274
0 0.163235 0.781542 0.128032 0.11869 0.00424308
2 0.77797 0.953367 0.0416614 0.0874762 0.00422642
2 0.592486 0.0604366 0.172144 0.120873 0.00422278
1 0.704587 0.918482 0.173662 0.163036 0.00421923
2 0.506229 0.14426 0.413917 0.288519 0.00417813
2 0.494389 0.497607 0.100848 0.195104 0.00414099
2 0.742256 0.428428 0.218959 0.334313 0.00411415
2 0.0163878 0.566525 0.0325671 0.446718 0.00409203
1 0.122338 0.943665 0.238816 0.11267 0.00407598
2 0.833812 0.812607 0.15074 0.353654 0.00404883
2 0.424827 0.151912 0.593738 0.303825 0.00402767
2 0.409366 0.427802 0.127936 0.284047 0.0039659
2 0.64886 0.518021 0.215025 0.388542 0.00391878
0 0.635634 0.921013 0.0968361 0.157974 0.00391678
0 0.145735 0.446959 0.0335857 0.0377616 0.00390429
2 0.507944 0.542974 0.163326 0.303819 0.0038892
0 0.153707 0.705406 0.304089 0.589189 0.00388401
2 0.631125 0.0615415 0.135805 0.121079 0.00388184
2 0.405128 0.87073 0.158481 0.257698 0.00386413
2 0.622919 0.509987 0.152026 0.384835 0.00374066
2 0.0708947 0.952251 0.13613 0.0954976 0.0037365
0 0.576516 0.139027 0.318692 0.278054 0.00371885
2 0.538974 0.817165 0.218857 0.365518 0.0036451
2 0.955339 0.542757 0.0879032 0.719034 0.00360482
2 0.842932 0.720266 0.314137 0.549033 0.00359525
0 0.147291 0.591918 0.0674693 0.0871951 0.00356767
2 0.64606 0.773998 0.110188 0.179811 0.00354087
0 0.0144415 0.728874 0.0288829 0.485265 0.0035348
0 0.189019 0.868334 0.367271 0.263331 0.00353138
2 0.711184 0.776206 0.0913558 0.222819 0.0035087
1 0.874828 0.929387 0.119378 0.141227 0.0035055
2 0.0370573 0.043774 0.0741146 0.087548 0.0034919
2 0.928919 0.246616 0.14083 0.493233 0.00348165
2 0.518194 0.857522 0.179606 0.282383 0.00346503
2 0.164223 0.0489839 0.205729 0.0979677 0.00345585
2 0.187635 0.729772 0.0796967 0.321738 0.00344909
2 0.101632 0.939309 0.203161 0.118764 0.00343496
0 0.184085 0.574377 0.0894693 0.109613 0.00343308
2 0.0297186 0.190052 0.0592797 0.220797 0.00342171
2 0.702648 0.703457 0.110196 0.320999 0.00341674
1 0.559778 0.0512145 0.184074 0.102429 0.00341509
1 0.784591 0.377111 0.123918 0.181859 0.0034143
2 0.421081 0.457973 0.107386 0.163278 0.00341402
0 0.0289281 0.241647 0.0569698 0.158816 0.00338896
0 0.0593085 0.596998 0.0200757 0.0305743 0.00338373
0 0.320274 0.710071 0.63235 0.579858 0.00336654
2 0.826131 0.246378 0.346982 0.492565 0.00336134
2 0.167816 0.740395 0.115624 0.165566 0.00335468
2 0.0546733 0.862881 0.109347 0.274239 0.00333079
2 0.72094 0.776703 0.120084 0.243817 0.00331774
2 0.0784862 0.883378 0.156972 0.233245 0.00329503
2 0.772107 0.660006 0.255505 0.387194 0.0032828
2 0.38339 0.686195 0.141493 0.327887 0.00326187
2 0.71319 0.85431 0.0415656 0.0648737 0.00325625
0 0.210703 0.0837382 0.0529126 0.0485364 0.00324584
2 0.650025 0.149894 0.178491 0.289334 0.00322262
2 0.403455 0.313038 0.137447 0.158686 0.00317821
2 0.720362 0.9063 0.0782366 0.176063 0.00317593
0 0.177197 0.765865 0.0458135 0.0661122 0.00315856
2 0.33001 0.408927 0.181043 0.378877 0.00313845
2 0.311563 0.205471 0.0492911 0.0681431 0.0031271
2 0.0373621 0.174274 0.0747242 0.155903 0.00312426
1 0.418605 0.485916 0.116293 0.233425 0.00312406
0 0.249464 0.125975 0.493343 0.25195 0.00309485
2 0.765705 0.862676 0.163548 0.274208 0.00306685
2 0.907014 0.633241 0.185973 0.684478 0.00305465
2 0.66491 0.260314 0.632312 0.519213 0.00304788
2 0.147205 0.911368 0.170373 0.173051 0.00302056
2 0.207944 0.049939 0.174334 0.099878 0.00302001
0 0.279188 0.214134 0.555927 0.426063 0.00301871
0 0.617655 0.144289 0.435453 0.288216 0.00301269
0 0.216886 0.575394 0.430981 0.849212 0.00299499
2 0.808722 0.576708 0.217313 0.226556 0.00294594
0 0.12663 0.0420583 0.0748501 0.0841165 0.0029371
0 0.171895 0.590471 0.0590919 0.0876862 0.00293686
2 0.0162371 0.761367 0.0324742 0.477265 0.00292347
2 0.901874 0.940283 0.0605435 0.119434 0.00291853
2 0.142129 0.0450221 0.273311 0.0900442 0.00289179
0 0.91839 0.978416 0.0259117 0.0386785 0.00285585
2 0.539731 0.735718 0.226842 0.294068 0.00284164
2 0.811101 0.831333 0.0924324 0.17254 0.00283455
0 0.329431 0.125037 0.658863 0.245217 0.00282623
2 0.82295 0.328031 0.128909 0.163451 0.00280838
1 0.799996 0.725097 0.248778 0.510523 0.00279648
0 0.269341 0.847809 0.537924 0.304382 0.00276162
0 0.120696 0.0817098 0.241393 0.158462 0.00274799
2 0.256823 0.367983 0.149898 0.250565 0.00273556
2 0.406315 0.741599 0.0995561 0.209615 0.00272958
1 0.42966 0.897057 0.251385 0.205887 0.00272587
2 0.576796 0.0539438 0.227558 0.107888 0.00272538
0 0.107761 0.949849 0.215522 0.100302 0.00271129
1 0.21035 0.541838 0.0309693 0.0476228 0.00270398
2 0.832704 0.538155 0.14766 0.145065 0.00270262
2 0.840622 0.625764 0.189848 0.325228 0.00269378
0 0.92396 0.151876 0.149864 0.303752 0.00269151
2 0.81537 0.390522 0.13321 0.29141 0.00268783
0 0.351034 0.250956 0.702069 0.494888 0.0026856
1 0.653618 0.657052 0.205323 0.369559 0.00267448
2 0.719518 0.627388 0.138073 0.321163 0.00266815
0 0.170529 0.917769 0.123904 0.159663 0.00266596
2 0.572446 0.323669 0.260159 0.438465 0.0026523
2 0.619508 0.225195 0.243758 0.450389 0.00264876
2 0.395991 0.30541 0.0873433 0.0781385 0.00263963
0 0.250247 0.592131 0.112298 0.15455 0.00261684
0 0.705112 0.117524 0.349236 0.235047 0.00259213
2 0.618746 0.065794 0.151293 0.131588 0.00258527
2 0.845174 0.181644 0.297121 0.363287 0.002581
2 0.819842 0.285678 0.0933424 0.0843441 0.00256872
0 0.187532 0.747476 0.0695185 0.0606064 0.00252908
1 0.876099 0.840753 0.247802 0.318493 0.00250596
0 0.0388592 0.175392 0.0777185 0.155334 0.00246039
2 0.874015 0.794852 0.251969 0.389666 0.00246029
2 0.644342 0.495968 0.122365 0.366102 0.00245104
0 0.858154 0.147663 0.269053 0.295326 0.00242921
1 0.0385519 0.791029 0.0771038 0.417942 0.00238978
2 0.387024 0.320982 0.174561 0.187959 0.00238571
0 0.318321 0.258526 0.159221 0.135496 0.00238053
