0 0.881556 0.281475 0.0977372 0.068985 0.606706
0 0.61348 0.432615 0.483141 0.464589 0.336132
2 0.882318 0.281173 0.0988017 0.0688306 0.28781
0 0.603218 0.340496 0.440278 0.273601 0.0789515
0 0.317429 0.0606728 0.14071 0.119803 0.0721361
0 0.460427 0.845029 0.920854 0.306931 0.0711558
0 0.233979 0.912779 0.465859 0.174441 0.0707337
0 0.64086 0.506574 0.414505 0.300682 0.0577441
0 0.326476 0.880224 0.652621 0.239552 0.0548879
0 0.640617 0.52914 0.417794 0.452109 0.0531174
0 0.560897 0.296192 0.337009 0.18474 0.0468983
0 0.741206 0.954782 0.197869 0.0879829 0.0461331
0 0.265123 0.135368 0.0441159 0.027072 0.0454506
0 0.220137 0.185807 0.144989 0.129157 0.038375
0 0.107122 0.913042 0.205302 0.169548 0.0381153
0 0.586957 0.873226 0.809944 0.253548 0.0328572
0 0.698149 0.960558 0.0934723 0.0766237 0.0326596
0 0.681578 0.886596 0.628288 0.226808 0.030637
0 0.641339 0.278238 0.573281 0.282592 0.0287129
0 0.948076 0.921546 0.102942 0.155037 0.0280497
0 0.402916 0.92643 0.79947 0.145968 0.0268203
0 0.781319 0.892486 0.437362 0.214847 0.0260743
0 0.176185 0.899384 0.351296 0.200339 0.0250385
0 0.668109 0.353609 0.597903 0.367477 0.024963
0 0.644932 0.957542 0.701972 0.0843651 0.0245033
0 0.506343 0.235808 0.738936 0.356272 0.0230451
0 0.525052 0.954019 0.899301 0.0909855 0.0229409
0 0.780628 0.821722 0.438745 0.35492 0.022702
0 0.216795 0.203085 0.0834827 0.0931141 0.0223017
0 0.707751 0.59592 0.584498 0.808161 0.0216315
0 0.67893 0.473057 0.637638 0.556923 0.0215778
0 0.789469 0.952126 0.326906 0.0940361 0.0210817
0 0.675645 0.286983 0.614866 0.399275 0.020946
0 0.932288 0.731351 0.134347 0.176994 0.0204486
0 0.274173 0.141134 0.547843 0.279233 0.0196049
0 0.218037 0.216245 0.0636648 0.066382 0.0194995
0 0.499147 0.278119 0.961684 0.556238 0.0193896
0 0.73811 0.820596 0.0630509 0.0654619 0.0193267
0 0.173584 0.150125 0.0412259 0.0347141 0.0188623
0 0.328913 0.0926411 0.107323 0.0539069 0.0187208
0 0.654679 0.638126 0.461807 0.600635 0.0186809
0 0.67587 0.832441 0.639266 0.333442 0.017955
0 0.14029 0.871211 0.28058 0.257577 0.0178928
0 0.761648 0.819249 0.1108 0.0652752 0.0178703
0 0.500596 0.178081 0.995644 0.353835 0.0174834
0 0.76452 0.932443 0.47096 0.134257 0.0170475
0 0.512204 0.130162 0.95131 0.260324 0.0169106
0 0.23455 0.324263 0.0378317 0.0323836 0.0167702
0 0.923523 0.886743 0.152954 0.221418 0.015593
0 0.86094 0.1581 0.277337 0.314984 0.0154328
0 0.934561 0.826873 0.130877 0.346253 0.0154265
0 0.841681 0.282346 0.181511 0.077112 0.0149668
0 0.779623 0.110612 0.0772606 0.0693202 0.014864
0 0.865531 0.81787 0.268937 0.359092 0.014369
0 0.81798 0.746925 0.364039 0.489188 0.0142007
0 0.926888 0.774216 0.145432 0.257553 0.0141555
0 0.772099 0.125554 0.451351 0.251085 0.0141334
0 0.496989 0.775519 0.156863 0.10993 0.0141028
0 0.627788 0.453023 0.378676 0.266599 0.0140682
0 0.272772 0.27144 0.544184 0.542589 0.0137907
0 0.518125 0.0725653 0.807321 0.145131 0.0136746
0 0.955133 0.908221 0.0897349 0.183558 0.013507
0 0.788759 0.126088 0.0444064 0.0340502 0.0133395
0 0.935782 0.715189 0.128436 0.482921 0.0131696
0 0.915677 0.306577 0.168161 0.214172 0.013159
0 0.913144 0.931604 0.172863 0.135745 0.0129397
0 0.866092 0.103594 0.252686 0.190435 0.0127457
0 0.894432 0.501582 0.211137 0.521208 0.0122236
0 0.88873 0.30773 0.162601 0.123343 0.0119022
0 0.428621 0.0618922 0.391908 0.123784 0.0116634
0 0.500854 0.774353 0.99191 0.451293 0.0116607
0 0.317188 0.0274992 0.092025 0.0547637 0.0116491
0 0.525993 0.110392 0.0447506 0.0355592 0.0116372
0 0.352991 0.312424 0.703663 0.620971 0.0111972
0 0.820041 0.10033 0.162515 0.0940001 0.011148
0 0.878768 0.917424 0.240474 0.165099 0.0111463
0 0.583081 0.296861 0.400949 0.268716 0.0111166
0 0.130097 0.818871 0.260153 0.362258 0.011028
0 0.945622 0.145612 0.107401 0.115302 0.0110169
0 0.702359 0.165506 0.587133 0.329079 0.0109213
0 0.909414 0.174556 0.181171 0.342308 0.0108354
0 0.908352 0.741627 0.18142 0.186131 0.0107573
0 0.601348 0.58313 0.501538 0.51884 0.0107495
0 0.9579 0.95168 0.0836561 0.0824639 0.0107381
0 0.942559 0.756047 0.114882 0.267915 0.0106576
0 0.368464 0.0624456 0.277915 0.124891 0.0105859
0 0.960658 0.940784 0.0783248 0.0581047 0.0104179
0 0.906242 0.282577 0.185481 0.159377 0.0102419
0 0.806655 0.586227 0.38669 0.702997 0.0101441
0 0.754344 0.952435 0.491312 0.0944061 0.0100202
0 0.741686 0.0943082 0.505879 0.188616 0.00974817
0 0.930846 0.492749 0.138074 0.474799 0.0096054
0 0.901592 0.383194 0.193855 0.302882 0.00956761
0 0.953514 0.864552 0.0915852 0.270895 0.00951707
0 0.661119 0.54859 0.375875 0.219115 0.0091695
0 0.9427 0.643514 0.114599 0.63947 0.00908217
0 0.143585 0.19266 0.287169 0.38532 0.00907758
0 0.373295 0.970478 0.131643 0.0590432 0.00904802
0 0.728526 0.961833 0.493318 0.0763337 0.00903153
0 0.342777 0.094425 0.0746101 0.0519835 0.00890838
0 0.987238 0.299991 0.0255245 0.0562994 0.00886506
0 0.696959 0.558963 0.297592 0.193565 0.00869702
0 0.914076 0.249478 0.171476 0.335118 0.00869275
0 0.271345 0.0631475 0.240625 0.126295 0.00849425
0 0.393056 0.968327 0.417334 0.0632574 0.00845378
0 0.788964 0.116492 0.0513352 0.0530517 0.00844854
0 0.381982 0.0789292 0.737512 0.156659 0.00844287
0 0.76376 0.829991 0.124284 0.0866308 0.00829286
0 0.523009 0.641812 0.764217 0.716376 0.00818415
0 0.946838 0.201931 0.106323 0.252253 0.00814914
0 0.162161 0.311474 0.324323 0.622948 0.00810141
0 0.933 0.674244 0.043437 0.0456825 0.00807549
0 0.858234 0.0744876 0.246355 0.148236 0.00796477
0 0.727854 0.298905 0.526186 0.220853 0.00774854
0 0.987124 0.428003 0.0257517 0.0426806 0.00771377
0 0.447242 0.77191 0.254639 0.124719 0.00768259
0 0.726435 0.93019 0.233881 0.138522 0.00745806
0 0.657217 0.950427 0.440542 0.0977043 0.00741042
0 0.379564 0.413441 0.758575 0.823263 0.00738186
0 0.94561 0.360507 0.1084 0.190977 0.00735596
0 0.588864 0.394951 0.416276 0.343823 0.00735144
0 0.91117 0.230859 0.166989 0.176202 0.00728095
0 0.263209 0.139126 0.0503634 0.0351308 0.00724482
0 0.882505 0.266007 0.102694 0.102539 0.0072219
0 0.527064 0.0897612 0.945872 0.178985 0.00716472
0 0.943936 0.102531 0.110829 0.20345 0.00708092
0 0.650833 0.39922 0.320511 0.156685 0.00705414
0 0.140637 0.132954 0.281273 0.265908 0.00704027
0 0.508308 0.285918 0.231608 0.162065 0.00698173
0 0.515061 0.431719 0.686647 0.473989 0.00694503
0 0.94803 0.680616 0.0735585 0.0586635 0.00689253
0 0.87328 0.281284 0.0775528 0.0598551 0.00680796
0 0.950233 0.671584 0.0982005 0.285448 0.00666261
0 0.985761 0.308719 0.0276796 0.0436674 0.00663684
0 0.910691 0.107711 0.178618 0.215073 0.00658801
0 0.930217 0.70858 0.136703 0.122557 0.0064472
0 0.722903 0.963769 0.147539 0.0724621 0.00641311
0 0.692439 0.925742 0.337573 0.147281 0.00628232
0 0.201983 0.818737 0.401902 0.361248 0.00622281
0 0.277618 0.836321 0.553347 0.327357 0.00614655
0 0.825433 0.310229 0.216017 0.131764 0.00599229
0 0.345962 0.111973 0.688216 0.222201 0.0059141
0 0.328028 0.0747374 0.121412 0.095929 0.00590919
0 0.392824 0.954955 0.474932 0.0893488 0.00585706
0 0.5 0.665623 1 0.658991 0.00570864
0 0.524412 0.773147 0.0986829 0.0965706 0.0056697
0 0.258509 0.106914 0.283829 0.213829 0.00557486
0 0.695185 0.906906 0.282299 0.186037 0.00551342
0 0.780554 0.128657 0.0590756 0.045741 0.00546521
0 0.987004 0.416837 0.0259916 0.0703331 0.00543919
0 0.448051 0.57475 0.896103 0.685475 0.00538102
0 0.966095 0.931115 0.0660047 0.0374405 0.00525845
0 0.172722 0.93471 0.318533 0.125941 0.00520277
0 0.811855 0.934262 0.37629 0.13121 0.00510659
0 0.749651 0.904569 0.262711 0.190843 0.0050863
0 0.129855 0.96586 0.0709903 0.0426109 0.00502734
0 0.476629 0.445439 0.953257 0.488791 0.00502481
0 0.172947 0.156404 0.0487034 0.0483974 0.0049848
0 0.887232 0.955711 0.225536 0.0885786 0.00489239
0 0.147349 0.09368 0.294697 0.18736 0.00482737
0 0.13595 0.950821 0.0864029 0.076918 0.00481724
0 0.41871 0.918596 0.410055 0.160712 0.0048066
0 0.958882 0.359341 0.0822356 0.29057 0.00475378
0 0.953776 0.439168 0.0924488 0.333228 0.00474883
0 0.755387 0.964795 0.216386 0.0704099 0.00474822
0 0.418353 0.371424 0.834824 0.368002 0.00473935
0 0.901693 0.795873 0.194553 0.301116 0.00465288
0 0.909477 0.347122 0.180148 0.214325 0.00462349
0 0.342477 0.971425 0.243608 0.0571056 0.0045472
0 0.830769 0.983202 0.189253 0.0334648 0.00445529
0 0.48436 0.820463 0.184202 0.212044 0.00445438
0 0.380438 0.978432 0.161343 0.043119 0.00438967
0 0.823315 0.12223 0.179667 0.136196 0.00438132
0 0.430142 0.766981 0.309914 0.183866 0.00426644
0 0.960787 0.879778 0.0749452 0.0578947 0.00424955
0 0.144494 0.178334 0.141439 0.0998799 0.00415527
0 0.0808001 0.889347 0.161124 0.221306 0.00413785
0 0.392599 0.121045 0.411301 0.242091 0.00413722
0 0.802647 0.917172 0.394707 0.165657 0.00410488
0 0.736317 0.870757 0.189185 0.172058 0.00410093
0 0.830004 0.972228 0.182219 0.0555445 0.00406394
0 0.363488 0.982632 0.195305 0.0343887 0.00404841
0 0.943527 0.863423 0.0351187 0.0229714 0.00402376
0 0.29898 0.0157766 0.0492813 0.0307495 0.00401195
0 0.117247 0.968269 0.0449551 0.0368958 0.00391563
0 0.963898 0.943179 0.0715785 0.0787241 0.00388616
0 0.523819 0.258681 0.256395 0.104738 0.00388513
0 0.989264 0.320016 0.0212033 0.0853897 0.00387505
0 0.689373 0.402341 0.241664 0.139045 0.00383367
0 0.950686 0.814021 0.0986278 0.371957 0.00376559
0 0.144283 0.744988 0.288465 0.496536 0.00373513
0 0.537426 0.125726 0.0765099 0.0774637 0.00370997
0 0.77817 0.0173692 0.175254 0.0341975 0.00369839
0 0.140865 0.610731 0.28173 0.592027 0.00363808
0 0.556544 0.263684 0.339648 0.119405 0.00362775
0 0.982589 0.296074 0.0348218 0.161624 0.00356774
0 0.891256 0.861224 0.215873 0.277551 0.00353082
0 0.398332 0.790238 0.792199 0.38421 0.0035284
0 0.328775 0.0247157 0.125627 0.0494315 0.00351083
0 0.144724 0.477658 0.289447 0.691307 0.0034242
0 0.300635 0.686508 0.600201 0.60253 0.00340193
0 0.20657 0.20982 0.0936617 0.0808162 0.00337962
0 0.0597243 0.865704 0.11913 0.268593 0.00336149
0 0.827851 0.859888 0.261838 0.155713 0.00330305
0 0.229721 0.975154 0.459441 0.0495081 0.00325699
0 0.16345 0.972343 0.326901 0.0549254 0.00324261
0 0.393185 0.899095 0.303024 0.201809 0.00324167
2 0.221808 0.213868 0.0653938 0.0667511 0.00323428
0 0.0572713 0.877388 0.0979969 0.0898987 0.0031865
0 0.905309 0.199154 0.187893 0.231043 0.00317132
0 0.935186 0.232094 0.129431 0.302145 0.00314152
0 0.419736 0.741498 0.0276953 0.0254256 0.00313914
0 0.396373 0.699197 0.789123 0.50075 0.00305917
0 0.760555 0.843919 0.141154 0.119649 0.00305309
0 0.258859 0.185681 0.173269 0.131671 0.00297684
0 0.221113 0.124352 0.209148 0.248703 0.00297512
2 0.188806 0.953119 0.349421 0.0917255 0.00291412
0 0.533637 0.9718 0.599637 0.0563999 0.00291378
0 0.600408 0.361671 0.316355 0.28552 0.00290188
1 0.268975 0.959785 0.53795 0.0797609 0.00282762
0 0.802319 0.115579 0.0816081 0.0547017 0.00279907
0 0.964512 0.138596 0.0701027 0.085348 0.00278883
0 0.9516 0.692554 0.0941028 0.0838508 0.0027866
0 0.970505 0.127756 0.0581959 0.0635532 0.00277675
0 0.314357 0.0387309 0.106368 0.0774618 0.00275923
0 0.807003 0.845739 0.217008 0.143606 0.00275843
0 0.760642 0.815183 0.125233 0.0959511 0.00273631
0 0.168355 0.188697 0.225803 0.126558 0.00273117
0 0.324785 0.905799 0.302684 0.188402 0.00270453
0 0.538165 0.751777 0.0632538 0.057669 0.00269261
0 0.24317 0.988732 0.176639 0.0225327 0.00266154
0 0.646934 0.378174 0.289851 0.261599 0.00261433
2 0.24831 0.962356 0.496619 0.0742328 0.0025898
0 0.951816 0.672013 0.0963672 0.411398 0.00258158
0 0.217271 0.990523 0.161815 0.0189183 0.00258158
1 0.562466 0.95287 0.635282 0.0929072 0.0025774
0 0.585926 0.299533 0.270651 0.140067 0.00253486
0 0.82676 0.177048 0.0373183 0.0289795 0.00251201
0 0.727452 0.987608 0.16916 0.0247665 0.00251098
0 0.93011 0.285186 0.139781 0.357791 0.00248944
0 0.866324 0.141478 0.263161 0.19698 0.00247796
0 0.98802 0.441819 0.0236323 0.0720986 0.00247494
0 0.862738 0.973467 0.203215 0.0530654 0.0024281
0 0.475138 0.857872 0.153878 0.121781 0.00242784
0 0.859441 0.0896017 0.0893482 0.0602889 0.00241922
0 0.739054 0.80986 0.0620196 0.0490347 0.00239473
0 0.279791 0.0638669 0.343169 0.127734 0.00239376
0 0.920416 0.987167 0.159169 0.0254253 0.00237503
0 0.985382 0.427964 0.0291753 0.10397 0.00237446
0 0.758474 0.0829781 0.233905 0.134292 0.00235592
0 0.050998 0.8686 0.0787757 0.0717739 0.00233841
0 0.107932 0.975766 0.215864 0.0478992 0.00232501
0 0.948695 0.670405 0.0996808 0.164555 0.00232327
0 0.400409 0.861305 0.239458 0.127465 0.00231362
0 0.209466 0.982821 0.27876 0.0343582 0.00231194
0 0.538923 0.132581 0.0948321 0.0873066 0.00231112
0 0.0657612 0.886919 0.11405 0.088261 0.00230779
0 0.917329 0.959004 0.165342 0.081992 0.00229376
0 0.586687 0.0859857 0.181844 0.162538 0.00228473
0 0.980575 0.124155 0.0379653 0.0520096 0.00227118
0 0.342448 0.918326 0.441744 0.161759 0.00225527
0 0.930062 0.989812 0.139876 0.0202023 0.00225032
0 0.55391 0.478766 0.21348 0.259653 0.00223698
0 0.794101 0.0569979 0.199313 0.11213 0.00222812
0 0.0609083 0.853877 0.0571169 0.0418712 0.0022082
0 0.875798 0.354505 0.248046 0.223977 0.00217231
0 0.302733 0.0259681 0.0659953 0.0505807 0.00216889
0 0.238283 0.331657 0.0655843 0.0455307 0.00216272
0 0.948247 0.610141 0.102634 0.235599 0.00214443
0 0.0344148 0.157661 0.0685468 0.315323 0.00214143
0 0.0242157 0.687611 0.0478111 0.295599 0.00214054
0 0.232355 0.327056 0.0474093 0.034024 0.0021303
0 0.176987 0.166022 0.0522593 0.0658332 0.00212762
0 0.822005 0.879597 0.282931 0.20647 0.00211958
0 0.165295 0.153144 0.0567642 0.0451263 0.00211852
0 0.416867 0.737708 0.267692 0.139564 0.00211503
0 0.447973 0.747923 0.0846144 0.0619431 0.002113
0 0.209362 0.14645 0.163284 0.221137 0.00208618
0 0.0442076 0.878446 0.0863533 0.105771 0.00206891
0 0.972481 0.934034 0.0547474 0.0740577 0.00205991
0 0.511744 0.933638 0.518296 0.132372 0.00205101
0 0.415767 0.820343 0.328921 0.247338 0.00204044
0 0.96194 0.872401 0.0689237 0.0432495 0.00203755
0 0.689472 0.600569 0.278852 0.112634 0.00202783
0 0.258647 0.984009 0.245154 0.0319817 0.00201467
0 0.952342 0.779476 0.0949339 0.0706884 0.00201377
0 0.392221 0.97173 0.109688 0.0565407 0.0020051
0 0.27257 0.914451 0.315443 0.171098 0.002001
2 0.024265 0.717078 0.0480921 0.290562 0.00199209
0 0.0351636 0.0990393 0.0700826 0.198079 0.00199068
0 0.26106 0.14761 0.0599784 0.0532854 0.00198855
0 0.880945 0.883182 0.235903 0.206131 0.00197807
0 0.313813 0.133055 0.288363 0.26611 0.00197007
0 0.24177 0.32503 0.0516995 0.0355551 0.00196475
0 0.987233 0.386803 0.0252855 0.131465 0.00195951
0 0.555845 0.360011 0.328046 0.312559 0.00195753
0 0.969138 0.311367 0.0617246 0.187408 0.00195719
0 0.589126 0.412843 0.397628 0.238352 0.00195108
0 0.820579 0.181134 0.0332634 0.0257538 0.00194886
0 0.214959 0.225824 0.0596332 0.0455933 0.00194868
