0 0.507077 0.562622 0.499783 0.626902 0.755121
0 0.445408 0.597598 0.514441 0.804805 0.564286
0 0.539525 0.625813 0.516871 0.475731 0.544249
0 0.515954 0.296828 0.237491 0.202248 0.524989
0 0.381627 0.792697 0.128505 0.194683 0.400136
0 0.770464 0.172628 0.40647 0.343214 0.397364
0 0.55414 0.758268 0.124258 0.182261 0.36797
0 0.577234 0.298697 0.111681 0.197098 0.363137
0 0.777089 0.545286 0.445821 0.340437 0.340354
0 0.31783 0.438046 0.239127 0.338194 0.313401
0 0.730001 0.508558 0.535577 0.422978 0.307283
0 0.470788 0.288415 0.140194 0.179068 0.30197
0 0.680314 0.542801 0.639372 0.544979 0.281811
0 0.660576 0.624707 0.663758 0.435896 0.277986
0 0.498496 0.60609 0.402037 0.553974 0.275351
0 0.559724 0.248258 0.337405 0.291707 0.257406
0 0.767885 0.345596 0.413973 0.691192 0.242259
0 0.855092 0.225127 0.232405 0.176068 0.217014
0 0.313759 0.395156 0.220764 0.256921 0.213721
0 0.825808 0.500322 0.348383 0.422469 0.201281
0 0.866172 0.552957 0.265396 0.299081 0.18984
0 0.421278 0.49651 0.45333 0.494545 0.189468
0 0.543186 0.717592 0.0988996 0.100983 0.189325
0 0.270283 0.367132 0.133649 0.194898 0.175718
0 0.633695 0.503663 0.0996825 0.112241 0.155575
0 0.45566 0.446136 0.380908 0.513289 0.143634
0 0.843466 0.426656 0.311077 0.584267 0.138983
0 0.325525 0.162959 0.0304764 0.0434064 0.132075
0 0.633483 0.198693 0.483895 0.396233 0.129893
0 0.631614 0.559658 0.10296 0.226317 0.123447
0 0.700715 0.582465 0.147299 0.263891 0.123329
0 0.902453 0.545221 0.194278 0.298933 0.114362
0 0.586315 0.446603 0.436824 0.588507 0.10817
0 0.669238 0.579683 0.230396 0.279843 0.103361
0 0.720991 0.627867 0.103742 0.172415 0.100786
0 0.686346 0.258598 0.594272 0.517197 0.0931558
0 0.484135 0.494757 0.0911558 0.131329 0.0854009
0 0.369195 0.486185 0.15824 0.280607 0.0810645
0 0.486633 0.579501 0.214225 0.302468 0.0765008
0 0.694538 0.418045 0.610925 0.819997 0.0763234
0 0.775439 0.617882 0.214627 0.19907 0.0733598
0 0.575079 0.558032 0.206026 0.229776 0.0722342
0 0.589432 0.456231 0.630776 0.742384 0.0696783
0 0.855233 0.281248 0.234926 0.293946 0.0685775
0 0.564336 0.679778 0.15514 0.349586 0.0638472
0 0.36329 0.815328 0.0866209 0.147378 0.062416
0 0.854665 0.519563 0.204172 0.24264 0.0581775
0 0.508418 0.560078 0.169871 0.262383 0.0580489
0 0.418901 0.369213 0.441768 0.359123 0.0560083
0 0.48837 0.56341 0.109313 0.267476 0.0544043
0 0.610303 0.573185 0.13904 0.255596 0.0527515
0 0.901979 0.464344 0.111059 0.128748 0.0519891
0 0.707397 0.126834 0.289479 0.253668 0.0514014
0 0.850886 0.16734 0.240006 0.299444 0.0506677
0 0.921472 0.446082 0.0717434 0.0943359 0.0498081
0 0.642717 0.477448 0.12147 0.201626 0.0497895
0 0.325274 0.563616 0.254347 0.598111 0.0488147
0 0.347687 0.403748 0.156496 0.253487 0.0466857
0 0.553765 0.717402 0.126406 0.28047 0.0464228
0 0.481292 0.657119 0.344333 0.406895 0.0460361
0 0.580356 0.632516 0.203156 0.407315 0.0457597
0 0.843595 0.375485 0.104181 0.147875 0.0452584
0 0.676104 0.122647 0.203651 0.245294 0.0434252
0 0.441312 0.553574 0.203808 0.245353 0.0428782
0 0.485692 0.200443 0.321403 0.395358 0.0412784
0 0.890016 0.22576 0.153038 0.157343 0.0409133
0 0.422083 0.575911 0.255798 0.292823 0.0395457
0 0.676382 0.431198 0.0675385 0.101699 0.0392349
0 0.866358 0.477248 0.183124 0.15846 0.0388758
0 0.55431 0.668127 0.125609 0.19873 0.038398
0 0.667856 0.459662 0.0813236 0.163051 0.0382574
0 0.543508 0.60907 0.118217 0.327473 0.0377721
0 0.406443 0.579099 0.369587 0.647654 0.0360715
0 0.57968 0.804744 0.0762344 0.0836212 0.0357
0 0.682198 0.14982 0.597604 0.299641 0.0351664
0 0.571566 0.773859 0.0886701 0.149741 0.0343425
0 0.677222 0.406495 0.0522572 0.0512221 0.0327869
0 0.33584 0.579995 0.0747939 0.0806713 0.0327492
0 0.823886 0.159708 0.32988 0.318894 0.0289958
0 0.558209 0.591335 0.246195 0.312651 0.0286316
0 0.864055 0.43186 0.185495 0.231432 0.0285677
0 0.757602 0.698231 0.482661 0.603539 0.0284535
0 0.894127 0.51599 0.12433 0.232222 0.0278898
0 0.629001 0.583309 0.0816584 0.158469 0.0271085
0 0.928301 0.573579 0.141877 0.2325 0.0270249
0 0.825953 0.368455 0.0683552 0.134933 0.026893
0 0.427446 0.729014 0.244472 0.328457 0.0262236
0 0.172865 0.122729 0.100314 0.156861 0.0260636
0 0.821119 0.378932 0.163069 0.165012 0.0257924
0 0.860405 0.39122 0.269878 0.748363 0.0251224
0 0.405132 0.257077 0.456765 0.307594 0.0238308
0 0.377424 0.548526 0.164283 0.377996 0.0237253
0 0.784336 0.161453 0.21196 0.319686 0.0236257
0 0.623903 0.10563 0.684652 0.211062 0.023407
0 0.384138 0.737021 0.145566 0.316208 0.0218108
0 0.87832 0.499295 0.239356 0.415127 0.0214303
0 0.785763 0.0378262 0.0949467 0.0754528 0.0209405
0 0.356228 0.465524 0.139267 0.228233 0.0206441
0 0.209352 0.243673 0.418704 0.480773 0.0204688
0 0.908821 0.450606 0.102245 0.104845 0.0202279
0 0.528173 0.050249 0.183916 0.0994629 0.0202112
0 0.71778 0.0742301 0.255652 0.14846 0.0201014
0 0.908539 0.647075 0.182922 0.49319 0.019986
0 0.372294 0.526288 0.152997 0.188252 0.0197271
0 0.468683 0.743676 0.314606 0.295257 0.0184726
0 0.11265 0.300713 0.125602 0.135989 0.0182672
0 0.554096 0.0701573 0.0313024 0.0508383 0.0180585
0 0.121395 0.776861 0.241927 0.445218 0.0177722
0 0.942072 0.624999 0.115437 0.129415 0.0171662
0 0.836489 0.694943 0.327023 0.610114 0.0171048
0 0.486675 0.476921 0.0808508 0.0961471 0.0167257
0 0.694457 0.0591257 0.164854 0.117318 0.0166278
0 0.0756746 0.315017 0.0437465 0.0701796 0.0160364
0 0.171077 0.307946 0.341459 0.611326 0.0155118
0 0.165486 0.18325 0.329593 0.366501 0.0154961
0 0.743183 0.153953 0.229449 0.307906 0.0152851
0 0.266491 0.304295 0.53042 0.605695 0.0147411
0 0.203137 0.138476 0.169752 0.191741 0.0145058
0 0.389174 0.595888 0.180156 0.601826 0.0144468
0 0.811252 0.572566 0.307784 0.290614 0.0139071
0 0.28123 0.329745 0.337045 0.615192 0.0134413
0 0.328031 0.180803 0.0379447 0.079597 0.0133388
0 0.412546 0.205592 0.542686 0.408056 0.0133185
0 0.571862 0.810168 0.0565802 0.0732255 0.0133127
0 0.534998 0.605532 0.0993732 0.156887 0.0132896
0 0.541621 0.598899 0.162872 0.352788 0.0129351
0 0.292671 0.252276 0.387167 0.483847 0.0128226
0 0.283203 0.348575 0.306608 0.4174 0.0126692
0 0.216473 0.157821 0.399455 0.311715 0.0124199
0 0.824236 0.350285 0.0656811 0.0970006 0.0122857
0 0.408452 0.49322 0.257505 0.330875 0.0121917
0 0.47415 0.195674 0.76842 0.391347 0.0121622
0 0.477349 0.606447 0.268006 0.364221 0.0119027
0 0.15509 0.340395 0.0522251 0.059661 0.0116619
0 0.344114 0.330983 0.373168 0.610458 0.0116242
0 0.153355 0.31935 0.0533779 0.106028 0.0109057
0 0.404702 0.326756 0.546221 0.606441 0.0107819
0 0.417706 0.14534 0.136625 0.118519 0.0105436
0 0.933051 0.335908 0.0302553 0.0420794 0.0105051
0 0.345731 0.169825 0.552417 0.337496 0.0102557
0 0.641268 0.492533 0.0830952 0.0925349 0.0102174
0 0.645098 0.441756 0.129042 0.21764 0.00991269
0 0.925828 0.188834 0.148345 0.377668 0.00989732
0 0.891959 0.692809 0.216082 0.611822 0.00988343
0 0.931979 0.440215 0.0475979 0.0722926 0.00981996
0 0.483655 0.101792 0.762484 0.203583 0.00970132
0 0.599714 0.0516194 0.363088 0.102738 0.00959626
0 0.822926 0.300779 0.205276 0.311217 0.009576
2 0.543241 0.714691 0.0978159 0.104691 0.00953549
0 0.433313 0.651651 0.0886566 0.133083 0.00936931
0 0.109256 0.257969 0.218512 0.515937 0.00927336
0 0.246452 0.320656 0.0780644 0.102519 0.00912775
0 0.198572 0.779752 0.39558 0.43454 0.00907841
0 0.90816 0.598283 0.183311 0.187561 0.00879659
0 0.0911906 0.700086 0.182381 0.587682 0.00868451
0 0.845788 0.435664 0.242691 0.285825 0.00843958
0 0.143329 0.946469 0.284172 0.105414 0.0083956
0 0.938687 0.692173 0.122626 0.615654 0.00836139
0 0.184602 0.117078 0.359427 0.232864 0.00829019
0 0.309488 0.592292 0.593598 0.647952 0.00823194
0 0.895067 0.323084 0.209866 0.630164 0.00814671
0 0.398201 0.837225 0.176456 0.283903 0.00814002
0 0.984828 0.634958 0.0303444 0.106107 0.00804062
0 0.377292 0.715504 0.186927 0.363191 0.00797381
0 0.126103 0.660483 0.251688 0.664546 0.00796251
0 0.655008 0.157419 0.146583 0.172187 0.0079255
0 0.164605 0.885953 0.327118 0.224476 0.00773743
0 0.325998 0.170453 0.0368156 0.0615662 0.00773474
0 0.762304 0.38199 0.0624316 0.157222 0.00770457
0 0.127252 0.924294 0.253796 0.150943 0.0076222
0 0.293941 0.128104 0.580483 0.256207 0.00757946
0 0.120897 0.465317 0.241056 0.766887 0.00756713
0 0.616146 0.227397 0.266043 0.37165 0.00749887
0 0.392113 0.5223 0.117894 0.151474 0.00748897
0 0.812928 0.625109 0.0727888 0.093987 0.00745971
0 0.937005 0.104402 0.125876 0.208804 0.00742575
0 0.469802 0.780738 0.32918 0.428529 0.007388
0 0.188251 0.586651 0.375638 0.803962 0.00736772
0 0.400283 0.289304 0.270487 0.191376 0.00727871
0 0.319641 0.178424 0.0469851 0.0794002 0.00719155
0 0.354394 0.430486 0.136869 0.156257 0.00715404
0 0.944691 0.803858 0.110619 0.392285 0.00707754
0 0.354847 0.81339 0.130021 0.158269 0.00695249
0 0.401363 0.745425 0.0972114 0.110822 0.00692718
0 0.29237 0.872469 0.0301137 0.0445572 0.00689
0 0.242962 0.405664 0.484765 0.492729 0.00671045
0 0.680476 0.40886 0.0555172 0.0679577 0.00664557
0 0.0887635 0.174113 0.176887 0.348227 0.00663913
0 0.758932 0.580099 0.292485 0.27721 0.0066279
0 0.127961 0.11718 0.254036 0.232751 0.00659836
0 0.544589 0.0462844 0.115774 0.0925687 0.00658919
0 0.407086 0.120652 0.744869 0.241303 0.00656411
0 0.218669 0.427652 0.430574 0.369747 0.00639821
0 0.535025 0.0475918 0.0696054 0.0924723 0.0063816
0 0.398575 0.782281 0.17064 0.243309 0.00632309
0 0.551202 0.0521782 0.0393277 0.0837856 0.00623545
0 0.964696 0.871378 0.0699476 0.253689 0.00613751
0 0.926546 0.862461 0.146908 0.268443 0.00612136
0 0.950929 0.231224 0.0975674 0.270627 0.00611302
0 0.97428 0.178423 0.0501215 0.264102 0.00609388
0 0.107457 0.845231 0.21461 0.309538 0.00599632
0 0.221029 0.549644 0.436014 0.58078 0.00598994
0 0.0940426 0.513517 0.188085 0.804207 0.00592875
0 0.368651 0.819521 0.393365 0.351806 0.00592091
0 0.267951 0.761183 0.40123 0.325254 0.0058992
0 0.759947 0.120531 0.184177 0.240461 0.00574278
0 0.57083 0.73062 0.171257 0.242241 0.00560045
0 0.564488 0.818396 0.0387859 0.0609876 0.00558986
0 0.448325 0.646139 0.294625 0.203984 0.00557144
0 0.204212 0.849095 0.408423 0.297206 0.00549889
0 0.771868 0.0493752 0.152863 0.0983102 0.00549554
0 0.0668148 0.303849 0.0871754 0.124223 0.00549025
0 0.486519 0.464376 0.0758687 0.0718838 0.00547378
0 0.927495 0.0490358 0.121286 0.0946734 0.00544566
0 0.386206 0.427551 0.0724669 0.135926 0.00535228
0 0.948871 0.688928 0.102257 0.261267 0.00527926
0 0.0826789 0.0910932 0.165358 0.182186 0.00524128
0 0.976941 0.184165 0.0458092 0.0958271 0.00519009
0 0.939979 0.883921 0.120041 0.232158 0.0051165
0 0.916827 0.917875 0.166346 0.163702 0.00511385
0 0.38027 0.786386 0.119349 0.142986 0.00510667
0 0.758244 0.412638 0.0511417 0.0908498 0.00506625
0 0.591684 0.108362 0.3405 0.216724 0.00503333
0 0.414721 0.637528 0.12977 0.161933 0.00503315
0 0.394243 0.609917 0.193515 0.221995 0.00501077
0 0.27648 0.766337 0.551296 0.464778 0.00499952
0 0.204927 0.951888 0.401705 0.0947986 0.00491121
0 0.383544 0.754177 0.131197 0.114321 0.0048788
0 0.100649 0.893998 0.201298 0.209938 0.00485116
0 0.181181 0.091725 0.0454849 0.0866067 0.00481826
0 0.271049 0.334702 0.12692 0.135909 0.00478958
0 0.625056 0.60317 0.0704209 0.115389 0.00476426
0 0.471287 0.8525 0.327108 0.295001 0.00476422
0 0.286139 0.824479 0.383823 0.342779 0.00474553
0 0.584796 0.349931 0.0679773 0.0874116 0.00467625
0 0.697749 0.474193 0.240785 0.222361 0.00465791
0 0.658224 0.703478 0.573259 0.58371 0.00465078
0 0.242303 0.937213 0.435751 0.124351 0.00461477
0 0.156208 0.340767 0.0379736 0.067253 0.00447904
0 0.29074 0.324924 0.175301 0.25936 0.00444673
0 0.973681 0.252712 0.0526373 0.356099 0.00442576
0 0.448315 0.905304 0.324308 0.189392 0.00439612
0 0.698697 0.43103 0.165491 0.183233 0.00436188
0 0.857644 0.948769 0.284713 0.100593 0.00435895
0 0.833923 0.851399 0.332153 0.291165 0.00429512
0 0.470411 0.0540582 0.239506 0.105836 0.00426866
0 0.183424 0.0846694 0.0377683 0.0743264 0.00421847
0 0.362484 0.845851 0.0812033 0.0902817 0.00414225
0 0.324759 0.924398 0.329016 0.150182 0.00413133
0 0.847231 0.583063 0.305538 0.22237 0.00412267
0 0.572782 0.524884 0.23173 0.182176 0.00411953
0 0.0660407 0.870332 0.131931 0.259336 0.00406524
0 0.965253 0.172393 0.0687325 0.344786 0.00404495
0 0.386311 0.926303 0.328254 0.147394 0.00401556
0 0.173333 0.101372 0.0661624 0.107589 0.00399733
0 0.739508 0.542759 0.320916 0.316672 0.00396219
0 0.87676 0.233078 0.115436 0.141752 0.00395344
0 0.348562 0.578215 0.101786 0.0850735 0.00389672
0 0.421022 0.0486749 0.156157 0.0945306 0.00388733
0 0.792452 0.0284412 0.090256 0.0568823 0.00388722
0 0.92366 0.440661 0.111066 0.241625 0.00383916
0 0.938731 0.145317 0.122538 0.290635 0.00380303
0 0.446665 0.305492 0.0897875 0.143885 0.00375673
0 0.963352 0.286537 0.0732962 0.392341 0.00373304
0 0.918022 0.508218 0.160192 0.356517 0.00369261
0 0.823573 0.621743 0.0979512 0.101421 0.00367331
0 0.682918 0.0519419 0.105074 0.102806 0.00365645
0 0.331539 0.191245 0.0485943 0.0957163 0.00363546
0 0.155565 0.129054 0.180786 0.179669 0.003623
0 0.958773 0.826955 0.0818306 0.34609 0.00361976
0 0.389042 0.411425 0.0659254 0.107123 0.0035757
0 0.385943 0.388573 0.211362 0.275667 0.00357334
0 0.0934878 0.959127 0.186976 0.0817469 0.00356207
0 0.331957 0.251645 0.0759589 0.124739 0.00356096
0 0.368998 0.797383 0.0947854 0.108963 0.00355469
0 0.964786 0.804496 0.0704287 0.391008 0.00355459
0 0.821883 0.385695 0.0646968 0.138239 0.00353523
0 0.0793388 0.689622 0.158678 0.206417 0.00353387
0 0.614264 0.0803565 0.384338 0.160713 0.00353135
0 0.803819 0.602686 0.342557 0.207546 0.00350638
0 0.913018 0.056407 0.043436 0.0450085 0.00348432
0 0.124528 0.106264 0.18859 0.186037 0.00347866
0 0.941936 0.691089 0.115755 0.356903 0.00345702
0 0.903441 0.154595 0.18257 0.309191 0.00345102
0 0.588902 0.327389 0.0867864 0.122785 0.00344051
0 0.0929525 0.316976 0.185905 0.18022 0.00343295
0 0.0879292 0.289658 0.175858 0.148833 0.00342199
0 0.571533 0.739308 0.404804 0.509769 0.00339872
0 0.534439 0.942886 0.389482 0.114227 0.00335496
0 0.918349 0.465734 0.0787975 0.136449 0.00334337
1 0.924969 0.892833 0.148914 0.213199 0.00332814
0 0.510698 0.510207 0.165495 0.164794 0.00332353
0 0.325351 0.227862 0.0919602 0.179021 0.00331877
0 0.83141 0.0566024 0.337179 0.113205 0.0032977
0 0.939217 0.604762 0.121565 0.187352 0.00327426
0 0.510182 0.0556531 0.25829 0.111306 0.00326269
0 0.418774 0.106436 0.180933 0.212581 0.00325772
0 0.922443 0.434643 0.0651974 0.0707157 0.00324495
0 0.344916 0.7899 0.17557 0.207788 0.00323859
0 0.678784 0.957917 0.322137 0.0841666 0.00323849
