0 0.510863 0.789204 0.603595 0.204852 0.77272
0 0.264266 0.370212 0.292259 0.16224 0.707033
2 0.96373 0.881455 0.0725394 0.13791 0.516848
0 0.475362 0.421474 0.733589 0.56541 0.468977
0 0.578881 0.496659 0.503475 0.399193 0.363273
0 0.324507 0.790336 0.212358 0.139756 0.353702
0 0.418301 0.79174 0.416018 0.1668 0.310911
0 0.507794 0.704521 0.599125 0.385093 0.307685
0 0.598443 0.782631 0.414634 0.220284 0.299213
0 0.796325 0.222192 0.142002 0.0998058 0.274302
0 0.819704 0.547664 0.0430154 0.0208833 0.245087
0 0.963937 0.884731 0.0721259 0.144799 0.231831
0 0.462296 0.508934 0.715791 0.502602 0.217629
0 0.687979 0.28535 0.30111 0.162938 0.2075
0 0.58338 0.444987 0.457027 0.192713 0.176616
0 0.533525 0.587601 0.381359 0.203494 0.1709
0 0.505906 0.791047 0.213407 0.178356 0.168841
0 0.702472 0.231657 0.336582 0.121892 0.148502
0 0.746489 0.226598 0.24271 0.109994 0.14755
0 0.583483 0.639038 0.472024 0.567439 0.13165
0 0.552406 0.794288 0.26935 0.183829 0.128355
0 0.702006 0.259965 0.32547 0.191112 0.121973
0 0.656496 0.785257 0.306697 0.211028 0.106773
0 0.393698 0.420476 0.57513 0.257899 0.0941316
0 0.707214 0.297324 0.332573 0.259619 0.0885487
0 0.599465 0.71371 0.411777 0.36524 0.0881671
0 0.664484 0.347209 0.408633 0.358701 0.0805687
0 0.603493 0.441446 0.544475 0.551881 0.0764274
0 0.433954 0.371169 0.653272 0.166539 0.0744002
0 0.657859 0.744999 0.294339 0.120551 0.0618416
0 0.0307246 0.785219 0.0577468 0.0313184 0.0480525
2 0.96423 0.903332 0.0715397 0.193336 0.0360102
0 0.310046 0.802546 0.178661 0.106672 0.0328432
0 0.178949 0.365422 0.12204 0.0909764 0.0283477
0 0.208069 0.381463 0.179114 0.129555 0.0250152
0 0.963262 0.90485 0.0734767 0.190299 0.01966
0 0.595703 0.165026 0.0977556 0.0718593 0.0189642
0 0.819219 0.551048 0.0524617 0.0264399 0.0179431
0 0.821464 0.544014 0.0419683 0.0291526 0.0165578
0 0.539607 0.525777 0.399667 0.336886 0.0152997
0 0.472604 0.594262 0.256664 0.196039 0.013511
0 0.758443 0.451409 0.123768 0.0918798 0.0132181
0 0.0305074 0.789455 0.0610149 0.043606 0.0131024
0 0.578367 0.169461 0.062237 0.0622211 0.0122554
0 0.656487 0.840684 0.158736 0.0988599 0.011812
0 0.6026 0.728808 0.414428 0.136695 0.0116953
0 0.526461 0.445977 0.32668 0.200624 0.0115244
0 0.497839 0.325342 0.763369 0.329203 0.0115234
0 0.275657 0.325162 0.33326 0.265408 0.01113
0 0.960689 0.858796 0.0786227 0.263668 0.0110919
0 0.728133 0.239753 0.374319 0.246537 0.0110353
0 0.681925 0.364698 0.298605 0.311473 0.0102316
0 0.317825 0.360857 0.177629 0.139021 0.0097608
2 0.961152 0.867755 0.0776968 0.228351 0.00959722
0 0.515191 0.836793 0.580284 0.326415 0.00940284
0 0.454057 0.780649 0.313641 0.15782 0.00884988
0 0.331624 0.340059 0.147369 0.0977208 0.0086946
0 0.819792 0.556532 0.0461732 0.0382515 0.00861502
0 0.598106 0.183103 0.10411 0.0965321 0.00851612
0 0.363227 0.49896 0.510773 0.414191 0.00833061
0 0.963776 0.861322 0.0724478 0.0956016 0.00831307
1 0.948341 0.903167 0.103317 0.190678 0.00830167
0 0.421233 0.612065 0.153683 0.108999 0.00794947
0 0.766998 0.288115 0.466005 0.261543 0.00781369
0 0.942671 0.902923 0.114657 0.194155 0.00754034
0 0.262177 0.441682 0.304822 0.300456 0.00749369
0 0.434924 0.855014 0.553885 0.289971 0.00748098
0 0.425595 0.595653 0.160956 0.150293 0.00724615
0 0.284074 0.813728 0.123126 0.0850037 0.00723981
0 0.67851 0.420046 0.287896 0.163968 0.00704142
0 0.911494 0.823574 0.177012 0.296621 0.0069602
0 0.963019 0.815461 0.0739624 0.278768 0.00695216
0 0.721142 0.433352 0.196268 0.132443 0.00693864
0 0.499409 0.270822 0.75407 0.239913 0.00676836
0 0.545059 0.814602 0.406239 0.151795 0.00671755
0 0.650616 0.828671 0.189174 0.125025 0.00647962
0 0.910063 0.885325 0.179874 0.224365 0.00643681
0 0.692142 0.741574 0.221161 0.110896 0.00642096
0 0.35021 0.373227 0.386738 0.166504 0.0062773
0 0.69288 0.425128 0.384872 0.529651 0.00620301
0 0.695974 0.785901 0.608051 0.273091 0.00605408
0 0.891327 0.90327 0.217346 0.19346 0.00602644
0 0.692024 0.425887 0.25574 0.119568 0.0059833
0 0.669847 0.276798 0.252729 0.111947 0.00592203
1 0.955958 0.90133 0.0880834 0.197341 0.00590877
0 0.760957 0.357006 0.478086 0.381946 0.00585736
0 0.685095 0.260683 0.285174 0.10832 0.00572705
0 0.440285 0.823943 0.358913 0.10628 0.00568518
0 0.0313683 0.81974 0.0627365 0.123859 0.00561197
0 0.628089 0.359211 0.414107 0.294762 0.00538837
0 0.979196 0.840026 0.0416074 0.0495705 0.00535232
0 0.36352 0.783878 0.159278 0.122468 0.00535059
0 0.718936 0.190281 0.371093 0.314466 0.00530526
0 0.854716 0.782053 0.290569 0.331702 0.00522116
0 0.694767 0.452844 0.552896 0.617956 0.0049644
0 0.627283 0.820635 0.368639 0.141367 0.00492971
0 0.964329 0.777483 0.0713414 0.320461 0.0049291
0 0.796988 0.203135 0.147165 0.152201 0.00491456
0 0.26778 0.491242 0.321955 0.415005 0.00479031
0 0.758861 0.846774 0.482278 0.300728 0.00467063
0 0.798679 0.238324 0.149485 0.139413 0.00464483
0 0.262415 0.828566 0.0792743 0.0537786 0.00461656
0 0.963731 0.878419 0.0701407 0.0679886 0.0046077
0 0.828103 0.905881 0.343794 0.188238 0.00459185
0 0.369688 0.75046 0.374078 0.254424 0.00457128
0 0.6754 0.558298 0.6492 0.648964 0.00454924
0 0.565373 0.969706 0.513128 0.0605885 0.00453212
0 0.60763 0.979036 0.0942256 0.0419281 0.00451701
0 0.611501 0.419467 0.443489 0.217839 0.0045092
0 0.625882 0.833517 0.549159 0.330979 0.00448159
0 0.562345 0.171938 0.629677 0.304594 0.0044774
0 0.507796 0.0715493 0.662509 0.143099 0.00446948
1 0.918795 0.884709 0.162409 0.134337 0.00445782
0 0.668777 0.31934 0.405898 0.210326 0.00442773
1 0.902306 0.901109 0.195389 0.197783 0.00436371
0 0.191841 0.346745 0.366915 0.312048 0.00434364
0 0.424897 0.622377 0.685005 0.431133 0.00422189
0 0.27575 0.855209 0.5515 0.289582 0.00420513
0 0.266854 0.811831 0.0860396 0.0880538 0.00418155
0 0.388975 0.553195 0.689507 0.528089 0.00412907
0 0.890064 0.257752 0.219871 0.281012 0.00411594
0 0.053684 0.808523 0.107368 0.254896 0.00401262
0 0.536347 0.621853 0.362617 0.142035 0.00400254
0 0.526622 0.154277 0.846619 0.308555 0.00399793
0 0.753742 0.420613 0.492516 0.471124 0.00399469
0 0.77468 0.1698 0.450641 0.283642 0.00398435
0 0.0726281 0.771673 0.145256 0.276387 0.00396542
0 0.913427 0.338462 0.173145 0.337617 0.00395719
0 0.884905 0.217935 0.230191 0.288891 0.0039297
0 0.768698 0.755206 0.462604 0.367237 0.00388336
0 0.728661 0.953376 0.542677 0.093248 0.00388328
0 0.20669 0.447876 0.390641 0.410007 0.0038668
0 0.28793 0.564373 0.575861 0.576952 0.00385868
0 0.162236 0.824332 0.324472 0.214859 0.00384649
0 0.671156 0.860565 0.124414 0.060102 0.00384395
0 0.0597425 0.849061 0.119485 0.261281 0.00383804
0 0.0317034 0.788735 0.0634067 0.0614979 0.00378017
0 0.97172 0.851285 0.0565611 0.0763771 0.00376879
0 0.964868 0.727759 0.0702648 0.353999 0.00376692
0 0.904645 0.170574 0.19071 0.291562 0.00376277
0 0.953199 0.385864 0.0936014 0.348241 0.00375261
0 0.983317 0.915878 0.0333661 0.0697498 0.00374448
0 0.247017 0.513901 0.468775 0.494606 0.0037199
0 0.697178 0.699135 0.605644 0.420071 0.0037099
0 0.0901908 0.734038 0.180382 0.313552 0.00370753
0 0.0584762 0.529363 0.116952 0.387937 0.00369601
0 0.752263 0.434297 0.134781 0.078947 0.00368698
0 0.0750724 0.878183 0.150145 0.243635 0.00367971
0 0.231593 0.798044 0.463187 0.203312 0.00367801
0 0.132977 0.821108 0.265953 0.315346 0.00366243
0 0.395171 0.279751 0.673773 0.312234 0.00364239
0 0.789139 0.569264 0.421722 0.423745 0.00362332
2 0.978223 0.840142 0.0435544 0.0531273 0.00361644
0 0.518423 0.115536 0.963154 0.229891 0.0036084
0 0.484783 0.219773 0.827119 0.295249 0.00358356
0 0.96226 0.430649 0.0754793 0.366799 0.00357897
0 0.433779 0.970563 0.516442 0.058875 0.00352652
0 0.863471 0.0778841 0.273057 0.155768 0.00351696
0 0.654595 0.0737912 0.574089 0.147582 0.00349935
0 0.0290629 0.793284 0.0581257 0.28484 0.00349472
0 0.15118 0.77788 0.302361 0.351587 0.0034938
0 0.930868 0.0852395 0.138264 0.170479 0.00348797
0 0.070052 0.580475 0.140104 0.394082 0.00348773
0 0.965164 0.492825 0.0696712 0.361754 0.00347904
0 0.337682 0.969446 0.494562 0.0611088 0.00347663
0 0.809428 0.553399 0.068417 0.0347096 0.00346092
0 0.964841 0.666775 0.0703176 0.358483 0.00344726
0 0.351648 0.866021 0.51717 0.267957 0.0034457
0 0.846242 0.628513 0.307516 0.45877 0.00342633
0 0.965775 0.556123 0.0684495 0.338604 0.00342304
0 0.0901106 0.695098 0.180221 0.332726 0.00341359
0 0.0603272 0.468288 0.120654 0.342221 0.00340524
0 0.808967 0.669113 0.382065 0.465268 0.00340152
0 0.106818 0.903712 0.213637 0.192576 0.00340051
0 0.697505 0.20155 0.313161 0.143553 0.00339883
0 0.161813 0.912914 0.323627 0.174172 0.00337781
0 0.835372 0.127641 0.329256 0.250121 0.00337778
0 0.264899 0.967504 0.482108 0.0649928 0.00336707
0 0.0811743 0.647464 0.162349 0.342484 0.00330092
0 0.0782087 0.315226 0.156417 0.299051 0.00328916
0 0.761329 0.432102 0.117319 0.0577274 0.00328338
0 0.193883 0.963653 0.387766 0.072694 0.00328236
0 0.799385 0.07859 0.40123 0.15718 0.00328001
0 0.591302 0.414736 0.466389 0.139423 0.00325576
0 0.721633 0.145721 0.5185 0.289967 0.00321816
2 0.96608 0.85934 0.0678394 0.093111 0.00321511
0 0.0637927 0.353818 0.127585 0.272234 0.00320653
0 0.0542491 0.407308 0.108498 0.280946 0.00320288
0 0.258331 0.832622 0.0664622 0.0418333 0.00314913
0 0.766727 0.992016 0.0618284 0.0159685 0.00314775
0 0.329633 0.714031 0.659266 0.320095 0.00313289
0 0.577382 0.607564 0.29426 0.157821 0.00309906
0 0.122954 0.0842877 0.245909 0.168575 0.0030904
0 0.0999544 0.282672 0.199909 0.3241 0.00305539
0 0.153175 0.856318 0.30635 0.270161 0.00301468
0 0.35374 0.658943 0.707479 0.31702 0.00300596
0 0.134421 0.204618 0.268842 0.35931 0.00299876
0 0.535755 0.737031 0.117088 0.0693767 0.00299537
0 0.988383 0.929147 0.0232336 0.0357491 0.00298342
0 0.572194 0.1745 0.0497831 0.0515945 0.00298118
0 0.217503 0.0715593 0.430729 0.143119 0.00297542
0 0.494112 0.800747 0.154319 0.151899 0.0029444
0 0.414469 0.615083 0.139105 0.0841192 0.00293431
0 0.583627 0.844184 0.307637 0.0970352 0.00292554
0 0.189638 0.695279 0.379275 0.418431 0.0029187
0 0.141107 0.0802452 0.282214 0.16049 0.00291104
0 0.343557 0.769868 0.180583 0.0951231 0.00290037
0 0.136294 0.158899 0.272588 0.317797 0.00286746
0 0.215897 0.604498 0.431794 0.530032 0.00285346
0 0.129585 0.124866 0.25917 0.249733 0.00282314
0 0.574978 0.159824 0.0435254 0.0434 0.00280928
0 0.0424006 0.812013 0.0848013 0.104476 0.00277631
0 0.304359 0.270808 0.608718 0.336414 0.00276812
0 0.392125 0.128707 0.78425 0.256961 0.00273202
0 0.582006 0.576822 0.287172 0.0930729 0.00270711
0 0.0182474 0.975922 0.0364948 0.0474071 0.00266792
0 0.244997 0.274791 0.489994 0.465714 0.00266777
0 0.60245 0.536111 0.4292 0.286944 0.002638
0 0.361662 0.23875 0.723325 0.447362 0.00262467
0 0.259709 0.173253 0.519418 0.335943 0.00260851
0 0.149764 0.133182 0.299527 0.266159 0.0025835
0 0.462813 0.220069 0.925626 0.378517 0.00257885
0 0.968715 0.904578 0.0625709 0.0923455 0.00252962
0 0.667735 0.26019 0.247006 0.0791593 0.00250853
0 0.601437 0.691937 0.419874 0.256057 0.00250144
0 0.348607 0.79401 0.273192 0.155485 0.00248495
0 0.611643 0.965839 0.174928 0.067442 0.00244401
0 0.632853 0.979054 0.201858 0.0418911 0.00238851
0 0.501435 0.821765 0.16954 0.105903 0.0023808
0 0.749398 0.439598 0.154376 0.105927 0.00236714
2 0.920222 0.880499 0.159557 0.140765 0.002341
0 0.0313469 0.844413 0.0626938 0.153481 0.00232871
0 0.55435 0.630972 0.406812 0.235798 0.00225809
0 0.20637 0.361203 0.168025 0.0894754 0.00225101
0 0.446309 0.54859 0.201095 0.251883 0.00218534
0 0.825078 0.542913 0.0542565 0.0334808 0.00216693
0 0.97436 0.418775 0.0504449 0.0468597 0.00212725
0 0.501385 0.545623 0.314889 0.262631 0.00211262
0 0.834938 0.568224 0.0787907 0.0639414 0.00209845
0 0.988937 0.937488 0.0221255 0.0531801 0.00206476
0 0.828392 0.577546 0.0728448 0.0879007 0.00205058
0 0.655082 0.582887 0.13602 0.0666513 0.0020258
0 0.595088 0.97012 0.131383 0.058568 0.00199799
0 0.79808 0.20783 0.14219 0.0719974 0.00198278
2 0.9648 0.816308 0.0703996 0.229118 0.00196711
0 0.484683 0.510649 0.272359 0.317639 0.00195989
0 0.226638 0.806676 0.0446238 0.0923824 0.00191112
0 0.597128 0.151389 0.117184 0.108115 0.00189833
0 0.0456693 0.750042 0.0913386 0.130442 0.00189092
0 0.46326 0.452404 0.208028 0.206956 0.00185968
1 0.881595 0.920071 0.236811 0.159858 0.00184731
0 0.953925 0.906813 0.0921502 0.186374 0.00181814
0 0.0274426 0.751068 0.0548853 0.222639 0.0018157
0 0.0486129 0.830106 0.0972258 0.148655 0.00181464
0 0.77874 0.991644 0.0834755 0.0166134 0.00178639
0 0.644812 0.447171 0.360534 0.168647 0.00175638
0 0.639992 0.58452 0.164678 0.088836 0.00174833
0 0.672028 0.976571 0.274945 0.0468575 0.00174258
0 0.489804 0.432149 0.238707 0.173978 0.00172003
0 0.727717 0.699724 0.0408044 0.0231982 0.00171805
0 0.517917 0.725798 0.0701748 0.0484008 0.00169963
0 0.766071 0.985522 0.0708029 0.0289565 0.00168792
0 0.704119 0.177154 0.334574 0.173313 0.00166456
0 0.431041 0.494468 0.141247 0.112079 0.00166218
0 0.0756379 0.810524 0.139554 0.0935211 0.0016601
0 0.317735 0.807744 0.239934 0.130245 0.00165025
0 0.456026 0.446877 0.32257 0.206485 0.00164798
0 0.506639 0.400796 0.164437 0.110106 0.00164702
0 0.279965 0.793 0.167131 0.12197 0.0016422
0 0.321728 0.766769 0.224615 0.119918 0.00164155
0 0.124518 0.816936 0.0316405 0.0333067 0.0016347
0 0.0227401 0.971585 0.0454802 0.0568306 0.00163115
0 0.392357 0.387665 0.438515 0.202438 0.00160035
0 0.829201 0.234487 0.218854 0.135008 0.00159663
0 0.660873 0.868932 0.0778361 0.0443577 0.00159517
0 0.354399 0.687258 0.0337808 0.020489 0.00158499
2 0.971847 0.78709 0.0563054 0.173507 0.00156753
0 0.4878 0.833678 0.141332 0.079908 0.00155921
0 0.772454 0.278697 0.308087 0.223026 0.00153966
0 0.822646 0.529729 0.0389042 0.0600086 0.0015387
0 0.825549 0.593738 0.0837225 0.112385 0.00153726
0 0.510508 0.746393 0.16013 0.0848948 0.00153704
0 0.617085 0.310466 0.359077 0.185629 0.0015188
0 0.751484 0.985627 0.0941837 0.0287467 0.00151641
0 0.622462 0.270404 0.151995 0.101035 0.00151564
0 0.355517 0.749492 0.0836292 0.0591489 0.00151001
0 0.490247 0.353156 0.0587163 0.0294184 0.00150505
0 0.0160837 0.988296 0.0321674 0.0234072 0.00150347
0 0.772365 0.155795 0.0907385 0.0601058 0.00149471
0 0.737124 0.9906 0.127492 0.0188005 0.00149438
0 0.251321 0.835215 0.0563142 0.0333298 0.00149396
2 0.986385 0.792387 0.0272306 0.315815 0.00148968
0 0.372629 0.592065 0.0506452 0.0295027 0.00148837
0 0.244548 0.780883 0.0376136 0.0316595 0.0014678
0 0.523614 0.382476 0.151009 0.0761067 0.00145859
0 0.626375 0.83998 0.224289 0.102683 0.00145594
0 0.431283 0.501488 0.106862 0.064474 0.00144604
0 0.834525 0.249435 0.265842 0.180664 0.00143618
0 0.99003 0.962865 0.0199402 0.0736011 0.00143545
0 0.539371 0.758901 0.25091 0.118233 0.00143137
