1 0.552745 0.612513 0.670433 0.75002 0.895148
1 0.554331 0.481319 0.656734 0.477028 0.379758
1 0.453644 0.7892 0.394769 0.312591 0.14464
1 0.529113 0.734222 0.549886 0.422992 0.105993
1 0.444466 0.762754 0.413963 0.462648 0.0835809
1 0.342897 0.784468 0.623654 0.430692 0.080395
1 0.555523 0.705676 0.680469 0.520832 0.0690992
1 0.561475 0.407779 0.657967 0.32945 0.0514384
0 0.923435 0.360627 0.0700556 0.043041 0.0491744
0 0.187402 0.0228016 0.166353 0.0454199 0.0483332
0 0.158683 0.0238052 0.300735 0.0476104 0.0446207
1 0.57066 0.794878 0.752367 0.408887 0.0414889
0 0.720345 0.0935287 0.0653149 0.0280609 0.034867
1 0.459552 0.885866 0.41047 0.227669 0.0334768
1 0.373817 0.8806 0.549768 0.238753 0.0250552
0 0.210908 0.0299179 0.400142 0.0598359 0.0210954
1 0.539463 0.634541 0.921073 0.702107 0.0180409
1 0.538519 0.860012 0.781334 0.279924 0.0174656
0 0.53102 0.15067 0.0338616 0.0252552 0.0170821
1 0.457969 0.685998 0.422009 0.521246 0.01291
0 0.217046 0.022487 0.146892 0.044974 0.0119797
0 0.718799 0.0971206 0.0721902 0.0408818 0.0102696
1 0.48394 0.820315 0.294594 0.232343 0.00991197
1 0.442876 0.929597 0.393182 0.139282 0.00953671
1 0.655699 0.67194 0.688603 0.638596 0.00802276
0 0.204741 0.106703 0.371844 0.21318 0.00765787
0 0.330032 0.0351148 0.633157 0.0702297 0.00697193
1 0.480383 0.554569 0.496068 0.524645 0.00691082
0 0.295728 0.0289281 0.534051 0.0578561 0.00626734
1 0.327444 0.688434 0.633848 0.579711 0.00608615
0 0.245343 0.0797518 0.46415 0.159454 0.00583164
0 0.725857 0.0988709 0.0902038 0.0554127 0.00552447
0 0.24174 0.0419061 0.48348 0.0835928 0.00539358
1 0.394488 0.16021 0.783059 0.319292 0.00531067
0 0.179488 0.0474722 0.358975 0.0948456 0.00512045
0 0.561841 0.284189 0.167752 0.0869747 0.005048
1 0.491922 0.445115 0.514071 0.383736 0.00485746
1 0.569065 0.903121 0.838108 0.193259 0.0047313
1 0.574351 0.500918 0.615992 0.339857 0.00469068
0 0.19022 0.0223956 0.0776274 0.043481 0.00469038
0 0.615824 0.257217 0.0422416 0.0290461 0.00465603
2 0.928024 0.351204 0.0864506 0.0675441 0.00463899
1 0.505547 0.689213 0.565185 0.27198 0.0046085
1 0.296579 0.855045 0.593158 0.28991 0.00459942
0 0.533347 0.295526 0.892511 0.585127 0.00448069
1 0.457823 0.0499332 0.915645 0.0997649 0.00445595
1 0.859999 0.640743 0.280003 0.696908 0.00443105
1 0.557899 0.342377 0.687072 0.291492 0.00441543
1 0.365991 0.932891 0.549255 0.134218 0.00417209
1 0.461591 0.348107 0.923182 0.685257 0.00415718
1 0.406724 0.10623 0.813449 0.212357 0.00412423
1 0.527987 0.314187 0.771489 0.420245 0.00409903
1 0.451875 0.362164 0.835383 0.496676 0.00409718
1 0.278489 0.892762 0.556635 0.213033 0.00406362
0 0.16462 0.139299 0.329239 0.278599 0.00401383
0 0.574018 0.233965 0.760703 0.464604 0.00376952
0 0.681895 0.216704 0.593886 0.430217 0.00370667
1 0.488289 0.93474 0.291933 0.128836 0.00367243
0 0.526608 0.151131 0.0431274 0.0284851 0.00367188
1 0.506951 0.220677 0.944063 0.4386 0.00364846
0 0.464978 0.366325 0.929955 0.702363 0.00362963
1 0.26996 0.163746 0.539919 0.324742 0.00362579
1 0.697858 0.26074 0.598414 0.514631 0.00360822
0 0.908837 0.368152 0.113123 0.0653679 0.00359749
0 0.138874 0.0590041 0.277748 0.118008 0.00342622
0 0.921545 0.364611 0.0832219 0.0544352 0.00334625
0 0.13123 0.108117 0.262459 0.216234 0.00323515
0 0.921865 0.0943397 0.156269 0.188679 0.00323248
0 0.936584 0.30881 0.126833 0.320199 0.00321838
0 0.583505 0.0989459 0.595767 0.196892 0.00319192
0 0.754741 0.0888807 0.445539 0.177761 0.00316669
0 0.828071 0.316798 0.324477 0.305174 0.003162
0 0.860875 0.238339 0.271659 0.437209 0.00315811
0 0.56585 0.165807 0.715007 0.330176 0.00315385
1 0.370643 0.603907 0.5088 0.618534 0.00315142
1 0.380608 0.6332 0.761215 0.704341 0.00313183
0 0.861924 0.0788185 0.272167 0.157637 0.00312971
1 0.452434 0.70349 0.420359 0.249269 0.00312124
0 0.942444 0.360821 0.115111 0.331204 0.00312108
0 0.431862 0.239294 0.863725 0.476312 0.00310752
0 0.907349 0.152423 0.185301 0.304847 0.00307342
0 0.935958 0.222639 0.128083 0.389374 0.00306894
0 0.764357 0.362994 0.451344 0.310401 0.00306449
0 0.695541 0.144121 0.519909 0.28638 0.00305464
0 0.115477 0.604273 0.230954 0.652712 0.00304323
0 0.923484 0.186975 0.153032 0.365571 0.00303766
1 0.611923 0.32413 0.745871 0.530478 0.00303335
0 0.132166 0.188826 0.264332 0.370116 0.00301852
0 0.731044 0.273711 0.532864 0.513684 0.0030012
0 0.232922 0.230884 0.465843 0.456888 0.00299059
1 0.492552 0.641178 0.58618 0.328097 0.00296678
2 0.561367 0.285274 0.167212 0.0836028 0.00296252
0 0.935926 0.363532 0.106928 0.102972 0.00295953
0 0.936083 0.432863 0.127833 0.408042 0.00292277
0 0.76343 0.202456 0.457823 0.402268 0.00292014
0 0.380991 0.647197 0.761981 0.68669 0.00291201
0 0.374707 0.410065 0.742289 0.588798 0.00291149
0 0.398751 0.508795 0.424689 0.460632 0.0029005
0 0.121498 0.896491 0.242996 0.207018 0.00289719
0 0.919911 0.950704 0.160178 0.0985922 0.00288545
0 0.717891 0.424086 0.549774 0.351896 0.00286824
0 0.205101 0.895044 0.410202 0.209912 0.00286066
0 0.85451 0.145412 0.276319 0.289254 0.00285915
0 0.651462 0.35189 0.670634 0.475729 0.00285542
2 0.913405 0.652126 0.17319 0.629949 0.00285258
0 0.106388 0.710183 0.212776 0.43582 0.00281291
0 0.587094 0.436186 0.781655 0.493075 0.0028109
1 0.433695 0.821259 0.280761 0.234342 0.00279554
0 0.120995 0.277015 0.241991 0.467276 0.00279532
0 0.186564 0.0244768 0.373128 0.0489535 0.00279107
0 0.105337 0.837196 0.210673 0.323502 0.00278018
0 0.937241 0.60113 0.125518 0.587824 0.0027663
0 0.774825 0.140459 0.416823 0.279873 0.00273777
1 0.414671 0.947478 0.458065 0.105044 0.00271755
0 0.118574 0.386372 0.237147 0.471932 0.00271615
0 0.56796 0.159733 0.131181 0.0489105 0.00270822
0 0.748145 0.202636 0.128854 0.0674045 0.00270376
0 0.920012 0.899658 0.159976 0.200685 0.0026322
1 0.326764 0.959635 0.609529 0.0807303 0.00262934
0 0.907863 0.677354 0.184273 0.58684 0.00262492
1 0.474925 0.334437 0.535387 0.181687 0.00260992
0 0.219528 0.805084 0.439057 0.389832 0.00257891
0 0.751976 0.0880119 0.232921 0.172436 0.00257514
1 0.611157 0.953242 0.777686 0.0924377 0.00255799
0 0.748296 0.590846 0.503409 0.615087 0.00254099
0 0.378202 0.42126 0.593704 0.397417 0.00253697
0 0.86142 0.963361 0.277159 0.0732777 0.00250935
0 0.911925 0.863415 0.17615 0.27317 0.00249012
0 0.530212 0.151026 0.0406445 0.0353548 0.0024886
0 0.810231 0.631919 0.379538 0.657801 0.00247232
0 0.68173 0.0759125 0.145886 0.0787737 0.00246898
1 0.167236 0.0306514 0.334473 0.0612965 0.00246591
0 0.750496 0.060274 0.189937 0.120548 0.00243696
0 0.276912 0.772075 0.553824 0.451448 0.00241132
0 0.919867 0.832316 0.160265 0.333461 0.00239471
0 0.295985 0.697102 0.59197 0.593826 0.00238726
0 0.535282 0.15883 0.0596658 0.0429723 0.00231812
1 0.342564 0.0301431 0.571976 0.0602862 0.00231041
0 0.839802 0.895974 0.288974 0.196334 0.00222273
0 0.825148 0.0216396 0.149288 0.0428788 0.00222163
0 0.181024 0.0160998 0.344679 0.0321996 0.00217869
0 0.757856 0.199116 0.107373 0.0547217 0.00217228
0 0.795599 0.854911 0.374123 0.26467 0.00209375
1 0.498818 0.890856 0.273321 0.158878 0.00208092
0 0.246409 0.0230568 0.220933 0.0461137 0.00207826
1 0.568145 0.358609 0.405794 0.234444 0.00202802
0 0.757987 0.100334 0.169161 0.0971806 0.00201964
0 0.842485 0.806305 0.290412 0.329204 0.00198214
1 0.199452 0.0430925 0.398904 0.0860201 0.00197173
0 0.195278 0.0226645 0.113702 0.0434318 0.00196471
1 0.512119 0.597056 0.672246 0.28694 0.00194396
0 0.631229 0.0768291 0.257791 0.121594 0.00191065
0 0.730784 0.0663459 0.295228 0.131635 0.00191035
1 0.487051 0.451933 0.608934 0.237728 0.00188049
1 0.524424 0.324471 0.271482 0.159518 0.00187499
1 0.445349 0.315912 0.455087 0.139586 0.00177216
1 0.428692 0.843694 0.189283 0.189361 0.00176838
0 0.759142 0.0810639 0.316931 0.161629 0.00174525
0 0.213202 0.0223001 0.073688 0.043425 0.00173959
0 0.752393 0.215545 0.12772 0.0935537 0.00173706
0 0.91365 0.365582 0.0724814 0.0449209 0.00172141
0 0.206309 0.064514 0.388368 0.129028 0.00170954
2 0.0866092 0.930496 0.173218 0.137793 0.00170211
0 0.557669 0.168994 0.0965345 0.0787794 0.00170148
1 0.186883 0.074114 0.373765 0.147113 0.00168534
0 0.311861 0.1001 0.484031 0.2002 0.00167279
0 0.937198 0.338928 0.114306 0.112574 0.00165616
1 0.185954 0.0522263 0.371908 0.104453 0.00165122
0 0.886886 0.363027 0.15502 0.0527045 0.00163848
0 0.365063 0.0467371 0.630595 0.0934741 0.00163451
1 0.485413 0.849499 0.360081 0.301002 0.0015626
0 0.620203 0.268231 0.0504885 0.0543302 0.00155629
1 0.623822 0.974978 0.561451 0.0500437 0.00155589
0 0.585525 0.355939 0.302899 0.226275 0.00153391
1 0.753981 0.946733 0.492038 0.106017 0.00152984
1 0.487932 0.889187 0.287627 0.221625 0.00151643
0 0.846489 0.0111255 0.161986 0.0222511 0.00149816
0 0.618838 0.0848618 0.292009 0.169724 0.00148348
1 0.439728 0.962505 0.435355 0.0749903 0.00147026
0 0.808774 0.383759 0.317919 0.122734 0.00146697
1 0.14351 0.104533 0.28702 0.209066 0.00146595
0 0.0830066 0.957429 0.166013 0.0851414 0.00146542
1 0.404471 0.915983 0.440135 0.167897 0.00145831
1 0.495732 0.657335 0.50217 0.236688 0.00141967
1 0.845666 0.944516 0.302468 0.110321 0.00141504
0 0.477688 0.299234 0.343004 0.109413 0.00139428
0 0.605089 0.117691 0.330881 0.235014 0.00137377
0 0.811417 0.0992438 0.256229 0.180348 0.00137123
0 0.784715 0.0583995 0.322586 0.115937 0.00136768
1 0.437532 0.891546 0.154984 0.0868222 0.00135927
0 0.690771 0.143815 0.195121 0.150959 0.00135488
0 0.529063 0.109648 0.134229 0.154289 0.0013487
0 0.586753 0.178721 0.171521 0.102477 0.00134293
1 0.530906 0.532682 0.74548 0.295253 0.00134284
0 0.496799 0.114212 0.149756 0.0951006 0.00133024
0 0.679865 0.0785683 0.410445 0.157137 0.00132914
1 0.486412 0.420265 0.58795 0.162665 0.00131919
1 0.18606 0.1156 0.372121 0.229726 0.00131817
1 0.483087 0.361163 0.680595 0.229939 0.00131688
0 0.780454 0.30575 0.193478 0.109206 0.00131353
2 0.112005 0.950381 0.22401 0.099239 0.00131134
0 0.254727 0.117664 0.336321 0.235327 0.00130369
0 0.748189 0.150924 0.230348 0.205704 0.00130319
2 0.548741 0.316629 0.194326 0.144355 0.00128627
1 0.612566 0.931077 0.587073 0.136739 0.00128626
0 0.744461 0.225247 0.155502 0.117435 0.00128464
0 0.935047 0.374789 0.109477 0.172266 0.00127919
0 0.740009 0.198458 0.0806597 0.0504649 0.00127408
0 0.954514 0.775291 0.0750812 0.0439299 0.00126728
0 0.442937 0.319249 0.468834 0.14346 0.00125964
0 0.289296 0.233975 0.0973182 0.0644049 0.0012578
0 0.889046 0.395906 0.186832 0.143678 0.00125508
1 0.529588 0.457307 0.738574 0.292319 0.00125075
0 0.549781 0.109283 0.247185 0.213427 0.00124539
1 0.280867 0.948103 0.561734 0.103455 0.00124362
0 0.807071 0.101095 0.359311 0.20219 0.00124232
2 0.819233 0.0462376 0.305071 0.0914458 0.00123593
0 0.858225 0.355128 0.21447 0.0694383 0.00122967
0 0.785517 0.286208 0.128813 0.0727348 0.00122949
1 0.544476 0.96552 0.66797 0.0689595 0.00122314
2 0.169169 0.0522354 0.338339 0.104471 0.00122262
1 0.733564 0.925977 0.477433 0.148045 0.00121748
1 0.413642 0.0778449 0.662335 0.15569 0.00120765
1 0.707247 0.97912 0.497804 0.0417605 0.00119814
1 0.916553 0.309715 0.140035 0.154299 0.00119628
1 0.868914 0.931904 0.250905 0.136192 0.00119157
1 0.0863682 0.115446 0.172736 0.223762 0.00118391
1 0.470118 0.86015 0.239172 0.149318 0.0011756
0 0.830009 0.316538 0.288746 0.156595 0.00117121
0 0.781 0.324837 0.371987 0.162161 0.00115878
0 0.491704 0.155586 0.129626 0.0642072 0.001145
2 0.127255 0.116742 0.254511 0.233484 0.00114404
1 0.904688 0.935631 0.188256 0.128738 0.00113924
1 0.219968 0.944106 0.396318 0.110853 0.00113698
0 0.817422 0.990732 0.0933529 0.0185366 0.00113692
0 0.854663 0.0469791 0.262683 0.0939581 0.00113471
1 0.264431 0.970418 0.528863 0.0591639 0.00113449
0 0.751191 0.303255 0.308417 0.150636 0.00112649
1 0.477454 0.502487 0.607399 0.319934 0.00112305
2 0.0775853 0.121123 0.155171 0.237206 0.00112006
0 0.569207 0.18379 0.287711 0.0967256 0.00111512
2 0.432992 0.883814 0.174866 0.101674 0.00111167
0 0.984225 0.985636 0.0315493 0.0280712 0.00110946
2 0.958901 0.696313 0.0805065 0.0704537 0.00110828
0 0.500253 0.101345 0.173032 0.136829 0.00108991
1 0.55429 0.693422 0.423827 0.250906 0.0010777
1 0.164471 0.938648 0.321095 0.12175 0.00107649
0 0.596811 0.17558 0.227555 0.0910933 0.00107566
1 0.775979 0.97659 0.416904 0.0468201 0.00107218
2 0.0838231 0.880146 0.167646 0.191567 0.00107129
0 0.499052 0.140728 0.117965 0.0752288 0.00107023
1 0.867517 0.972919 0.264966 0.0541623 0.00106946
2 0.118448 0.926213 0.236896 0.146964 0.00106725
1 0.438761 0.0371571 0.673593 0.0743141 0.001067
1 0.812603 0.398425 0.31207 0.152743 0.00106524
0 0.476388 0.110389 0.173361 0.113187 0.00106329
0 0.672421 0.224569 0.332763 0.129603 0.00105941
0 0.539526 0.981562 0.17169 0.0368757 0.0010593
0 0.0913667 0.910981 0.182733 0.178038 0.00105565
2 0.994508 0.87869 0.0109839 0.242621 0.00105196
2 0.983275 0.903816 0.0334502 0.192368 0.00105105
0 0.771121 0.251735 0.175669 0.173208 0.00105036
0 0.847371 0.99048 0.166366 0.0190212 0.00104749
1 0.933507 0.323017 0.117203 0.131825 0.00104243
2 0.952973 0.77501 0.0886497 0.0991186 0.00104012
0 0.494968 0.332171 0.583962 0.16099 0.00103919
1 0.666964 0.252273 0.419964 0.188269 0.00103818
0 0.425625 0.090391 0.343836 0.176733 0.00103561
0 0.626387 0.0642921 0.419845 0.128142 0.00103528
1 0.35868 0.454518 0.241472 0.242172 0.00103435
2 0.950217 0.751631 0.0947319 0.11204 0.00103169
1 0.163917 0.970063 0.303207 0.0598743 0.00102975
2 0.940787 0.947124 0.118425 0.105752 0.00102745
0 0.525138 0.160309 0.0514983 0.0466826 0.00102679
0 0.138559 0.963392 0.277118 0.0732153 0.00102387
0 0.396062 0.112382 0.547075 0.224765 0.0010231
2 0.787749 0.0865879 0.406062 0.172221 0.00102064
0 0.289884 0.26273 0.199193 0.140889 0.00102021
1 0.994931 0.397084 0.0101371 0.267911 0.00101953
2 0.85917 0.0551172 0.274848 0.109734 0.00101197
0 0.510805 0.285543 0.290868 0.0913357 0.00101102
0 0.721103 0.0634637 0.430012 0.126927 0.00100838
0 0.633304 0.147364 0.279491 0.200614 0.00100793
0 0.544097 0.991188 0.170437 0.0176182 0.00100758
0 0.553367 0.165328 0.104928 0.0588243 0.0010063
1 0.799662 0.319713 0.346125 0.168218 0.00100411
1 0.48477 0.376673 0.596111 0.167717 0.00100368
0 0.427954 0.0891132 0.638735 0.178226 0.00100336
1 0.562618 0.276359 0.173598 0.100939 0.000999454
1 0.49779 0.575619 0.576677 0.225744 0.000998167
0 0.783095 0.990015 0.139726 0.0199413 0.000997463
2 0.00849922 0.882461 0.0169984 0.235077 0.000996258
0 0.661463 0.200914 0.332428 0.146992 0.000995673
2 0.950477 0.928823 0.0990466 0.135851 0.000993642
1 0.426812 0.483683 0.382056 0.298936 0.000987891
0 0.734671 0.172875 0.19554 0.201365 0.000979058
0 0.729998 0.201371 0.0525988 0.0474478 0.000976854
0 0.637071 0.255574 0.350401 0.143404 0.000976663
0 0.531316 0.092577 0.309996 0.183668 0.000975996
0 0.629235 0.909514 0.53294 0.180973 0.000974195
