1 0.561916 0.465668 0.3186 0.484684 0.857597
0 0.457018 0.567494 0.0949015 0.171981 0.0630557
1 0.409361 0.397209 0.803306 0.77697 0.0564763
1 0.541824 0.512868 0.362282 0.629891 0.0466432
1 0.6707 0.51925 0.611036 0.64718 0.0394356
1 0.624087 0.592606 0.691201 0.814789 0.0309784
0 0.194545 0.69261 0.0328708 0.0633965 0.0293657
1 0.667814 0.392116 0.65803 0.784233 0.0218561
1 0.731871 0.523988 0.529706 0.877695 0.0158774
1 0.504596 0.47415 0.38711 0.487783 0.0141558
1 0.6084 0.466553 0.216248 0.471357 0.0129604
0 0.510622 0.576965 0.205701 0.211481 0.0111767
1 0.379763 0.656829 0.730001 0.683295 0.0108735
1 0.512929 0.569339 0.519551 0.756138 0.00996289
1 0.821017 0.40319 0.357966 0.80638 0.00932941
1 0.394855 0.514144 0.657174 0.543236 0.00835419
0 0.21658 0.692579 0.0885811 0.0754125 0.0076441
1 0.553764 0.510329 0.279355 0.373964 0.00750131
1 0.362195 0.518978 0.724333 0.727875 0.00683585
0 0.364723 0.713807 0.702196 0.572385 0.0066942
1 0.544965 0.563712 0.287136 0.256155 0.00629038
0 0.935255 0.493298 0.129491 0.604759 0.00587346
1 0.698619 0.641022 0.594637 0.714295 0.00582599
0 0.539294 0.58102 0.264914 0.249653 0.00578663
1 0.914478 0.460658 0.170742 0.754056 0.00527505
0 0.80044 0.1366 0.0243637 0.0357097 0.00525646
0 0.305967 0.770338 0.610584 0.459324 0.00518555
0 0.195531 0.484894 0.390134 0.969788 0.00502755
0 0.328968 0.840469 0.654353 0.317916 0.00485174
0 0.200794 0.694323 0.0489364 0.0719118 0.00483204
0 0.955718 0.504901 0.0880678 0.425974 0.00476472
0 0.0939711 0.469254 0.187942 0.938508 0.00472217
0 0.473072 0.566956 0.132985 0.205237 0.00467031
0 0.950899 0.610998 0.0974246 0.574906 0.0045586
1 0.498496 0.23528 0.957461 0.449512 0.00450531
2 0.610447 0.401581 0.221611 0.366751 0.00448555
0 0.991888 0.676807 0.0162237 0.0769735 0.00446876
0 0.950896 0.425092 0.0982084 0.71433 0.00445674
0 0.532934 0.634839 0.252228 0.335691 0.00440564
1 0.921479 0.480972 0.157041 0.573169 0.00433538
1 0.539733 0.35282 0.885988 0.667061 0.00413042
2 0.455723 0.569574 0.0933285 0.174464 0.00409355
0 0.173246 0.684768 0.0922129 0.105678 0.0040732
1 0.95216 0.649508 0.0947189 0.635796 0.00404645
0 0.265956 0.919515 0.528565 0.141631 0.00396836
1 0.960107 0.374222 0.0797854 0.69045 0.0038545
0 0.988565 0.678416 0.0225893 0.102991 0.00377239
0 0.154598 0.612037 0.308868 0.730513 0.00365996
0 0.320168 0.540638 0.638627 0.660754 0.00360096
1 0.929825 0.606799 0.140333 0.728356 0.00352601
0 0.0899135 0.612616 0.179827 0.699967 0.00344491
0 0.22688 0.686448 0.114346 0.0914711 0.00342442
0 0.290861 0.94912 0.581722 0.10176 0.00342422
0 0.209368 0.655173 0.418736 0.584784 0.00327325
0 0.19762 0.779571 0.395178 0.411457 0.00326148
1 0.579566 0.561649 0.201031 0.263203 0.00321718
0 0.235345 0.562817 0.469265 0.771552 0.0032022
0 0.197109 0.956622 0.385309 0.086755 0.00313833
1 0.489532 0.148356 0.951384 0.280785 0.00313317
0 0.0951374 0.711738 0.190127 0.56187 0.00312962
0 0.961013 0.316498 0.077973 0.615939 0.00311343
1 0.38481 0.279806 0.761118 0.524946 0.00302112
0 0.95512 0.789554 0.0897591 0.403962 0.00299315
0 0.14088 0.760704 0.280522 0.471594 0.00299102
0 0.959123 0.174437 0.0817541 0.348873 0.0029829
2 0.504412 0.114866 0.744194 0.229732 0.00296256
0 0.246683 0.342402 0.490599 0.659138 0.00295288
0 0.0886374 0.217921 0.176882 0.435841 0.00290683
0 0.991993 0.697038 0.0160133 0.124787 0.00290655
0 0.910314 0.659335 0.178991 0.635366 0.00289584
0 0.0222425 0.751322 0.0439602 0.497356 0.00289512
0 0.15587 0.949387 0.304354 0.101226 0.00284279
0 0.168677 0.832274 0.335208 0.317008 0.0028335
0 0.932466 0.52279 0.134592 0.381205 0.00282533
0 0.96713 0.627407 0.0657398 0.631116 0.00280419
0 0.0814855 0.12146 0.162971 0.242919 0.00277579
0 0.0880696 0.831396 0.176139 0.337208 0.00274572
0 0.951069 0.872441 0.0978616 0.255119 0.00274104
0 0.439601 0.571842 0.124584 0.172681 0.00272374
2 0.707897 0.127436 0.476113 0.254872 0.00269211
0 0.965226 0.539694 0.069549 0.451338 0.00268672
1 0.921985 0.361456 0.154316 0.700137 0.00268624
2 0.600807 0.126293 0.608203 0.252586 0.00263975
0 0.500412 0.834893 0.846689 0.322133 0.00256618
0 0.909881 0.118617 0.172337 0.237233 0.0025623
2 0.644328 0.177676 0.67341 0.350592 0.00253129
0 0.361087 0.1187 0.555867 0.237401 0.00253036
0 0.415216 0.943048 0.738625 0.113903 0.00252225
0 0.117582 0.950437 0.235164 0.0991259 0.00251447
0 0.130628 0.262069 0.261255 0.50896 0.00251371
0 0.09855 0.144286 0.1971 0.288572 0.00249853
0 0.838199 0.758977 0.322489 0.460686 0.00247841
0 0.338733 0.283829 0.670049 0.503534 0.0024264
0 0.561519 0.937859 0.734434 0.124283 0.00241212
0 0.162288 0.111997 0.295353 0.223993 0.00239534
0 0.157265 0.712035 0.237772 0.11615 0.002344
0 0.654909 0.824795 0.669506 0.348414 0.00233447
0 0.825219 0.124181 0.329078 0.248362 0.00233242
0 0.229273 0.242707 0.456922 0.458929 0.00233008
0 0.956857 0.911121 0.0856674 0.171552 0.00230249
0 0.764759 0.685111 0.465936 0.629777 0.00225758
0 0.0250139 0.680321 0.0500023 0.639358 0.00224162
0 0.985998 0.230956 0.0280045 0.23021 0.00223995
1 0.607583 0.543471 0.194589 0.303008 0.00222684
0 0.914153 0.239838 0.167105 0.466677 0.00219186
0 0.39346 0.151337 0.687162 0.296236 0.00218572
0 0.870581 0.954011 0.250569 0.0919773 0.00216697
0 0.972977 0.578238 0.0535432 0.344969 0.00216515
0 0.890281 0.837139 0.216286 0.308712 0.00215224
0 0.681715 0.932521 0.610174 0.134958 0.00212871
2 0.954036 0.898277 0.091695 0.191018 0.00210639
0 0.223466 0.666305 0.165228 0.139021 0.00210321
0 0.960406 0.684413 0.079187 0.631173 0.00208234
0 0.166084 0.142354 0.311514 0.268226 0.00199381
0 0.752298 0.950997 0.48501 0.0980056 0.00195527
0 0.959478 0.943469 0.0810444 0.113062 0.0019237
0 0.248976 0.144481 0.446189 0.271416 0.00192047
0 0.753181 0.824834 0.47814 0.337073 0.00189633
0 0.192355 0.710735 0.0398465 0.0997239 0.00189627
0 0.449581 0.585205 0.0785589 0.134259 0.00188911
0 0.824761 0.198365 0.337034 0.392836 0.00188818
0 0.187991 0.623564 0.311029 0.244388 0.0018593
0 0.985514 0.660788 0.0286228 0.112495 0.00180101
0 0.145048 0.647032 0.254155 0.182858 0.00180053
0 0.988248 0.668441 0.0235041 0.223999 0.00177658
0 0.0473774 0.805939 0.0945302 0.388123 0.00173554
0 0.594938 0.609072 0.10717 0.144934 0.0017244
0 0.217522 0.633666 0.177112 0.225595 0.00169488
0 0.194894 0.705943 0.279431 0.125917 0.00168312
0 0.190693 0.905786 0.381386 0.169979 0.00166062
0 0.10688 0.900698 0.210272 0.175768 0.00165001
0 0.0218822 0.587617 0.0437645 0.617196 0.00164398
0 0.12568 0.931602 0.238904 0.118924 0.00163375
0 0.175848 0.93972 0.351695 0.113945 0.0016292
0 0.452667 0.525105 0.115862 0.268922 0.00158577
0 0.956877 0.402505 0.0862458 0.536208 0.00158547
0 0.436956 0.891264 0.192699 0.199855 0.00158098
0 0.147432 0.934252 0.294864 0.115364 0.00155941
0 0.128497 0.856659 0.256994 0.268582 0.0015538
0 0.960186 0.675764 0.0795868 0.457638 0.0015395
0 0.0220046 0.343723 0.0439221 0.665033 0.00149278
0 0.0271329 0.300314 0.0542659 0.600629 0.00148103
0 0.207562 0.941465 0.415124 0.11031 0.00147189
0 0.205961 0.911242 0.26264 0.161887 0.00146936
2 0.446888 0.901391 0.1865 0.184444 0.00144944
0 0.990097 0.262494 0.0195427 0.176112 0.00142495
0 0.371826 0.933611 0.41649 0.127252 0.0014222
2 0.173814 0.912526 0.347628 0.158394 0.00141919
2 0.118625 0.913765 0.181611 0.150128 0.00141812
2 0.266399 0.928761 0.22298 0.130005 0.00141549
0 0.0579396 0.764572 0.115696 0.470856 0.00141415
1 0.48378 0.51066 0.156621 0.310531 0.00139878
2 0.176683 0.914359 0.230852 0.151722 0.00138388
0 0.80146 0.112219 0.114989 0.116307 0.00137833
0 0.977205 0.638154 0.0455623 0.160383 0.00137752
2 0.416041 0.908859 0.117858 0.168273 0.00136962
2 0.7954 0.0934874 0.158814 0.184054 0.00136886
0 0.601253 0.910873 0.217279 0.174996 0.00134933
0 0.475078 0.500641 0.146546 0.335806 0.00133641
2 0.582559 0.0693357 0.170138 0.136176 0.00133251
0 0.895566 0.0510325 0.174931 0.0990223 0.0013222
0 0.238551 0.687343 0.203316 0.159873 0.00131728
1 0.633433 0.508978 0.271675 0.382243 0.00131248
0 0.0189772 0.794131 0.0379387 0.35589 0.00130108
2 0.625736 0.917497 0.13894 0.159072 0.00129545
0 0.405016 0.908727 0.147834 0.163671 0.0012932
0 0.80109 0.133694 0.0304638 0.0440156 0.00129024
0 0.962351 0.25217 0.0745033 0.324499 0.00128047
2 0.598352 0.915439 0.165957 0.162602 0.00127757
0 0.220625 0.916877 0.174453 0.151178 0.00127745
0 0.934814 0.92689 0.127906 0.143701 0.00127397
0 0.984853 0.27347 0.0300659 0.175814 0.00127195
0 0.309977 0.936009 0.391058 0.120508 0.00126447
0 0.14635 0.632946 0.2927 0.226557 0.00125706
0 0.0996982 0.835423 0.199396 0.308621 0.00125494
2 0.246055 0.928825 0.132606 0.128415 0.00125414
2 0.454435 0.0682827 0.216136 0.132895 0.00124974
0 0.027156 0.419384 0.054312 0.696434 0.00124054
1 0.432475 0.492844 0.23806 0.350015 0.00123465
2 0.316438 0.926653 0.307348 0.133406 0.00123378
0 0.140419 0.707366 0.280837 0.1389 0.00122394
0 0.80798 0.136466 0.0386934 0.0407025 0.0012155
2 0.932445 0.871437 0.133833 0.2421 0.00121427
2 0.598395 0.0716685 0.265664 0.136484 0.0012067
2 0.421136 0.0635021 0.225663 0.124289 0.00119825
0 0.518134 0.937848 0.39535 0.124305 0.00118987
2 0.869694 0.0642476 0.147115 0.127086 0.00118842
0 0.179487 0.875129 0.358973 0.240547 0.00118426
1 0.504963 0.0492252 0.19708 0.0957753 0.00117839
0 0.419307 0.865892 0.183382 0.258058 0.00117775
2 0.45263 0.897198 0.28834 0.192396 0.00117424
0 0.0253137 0.21321 0.0505302 0.42642 0.00116627
0 0.199489 0.748431 0.339641 0.232358 0.00116336
2 0.764286 0.0922903 0.202589 0.181826 0.00116254
0 0.0691372 0.824778 0.137984 0.346634 0.00116209
0 0.562452 0.881957 0.22767 0.227292 0.00115911
0 0.545348 0.867448 0.330177 0.252221 0.00115846
0 0.652804 0.904766 0.284463 0.187673 0.00115701
1 0.582045 0.0493182 0.174377 0.0986363 0.00115113
0 0.618444 0.868706 0.27456 0.262588 0.00114956
0 0.428768 0.389692 0.10436 0.126333 0.00114486
2 0.612952 0.352386 0.205555 0.286527 0.00113816
1 0.78919 0.0843021 0.168207 0.166627 0.00113791
0 0.598671 0.611508 0.148329 0.162431 0.00113637
2 0.403951 0.922022 0.111005 0.140855 0.00113452
0 0.255819 0.9137 0.206802 0.15927 0.00113428
0 0.375262 0.903034 0.3127 0.175118 0.00112989
2 0.657771 0.916303 0.140883 0.161874 0.00112773
1 0.364658 0.0357497 0.223449 0.0710637 0.00112183
0 0.905419 0.0668802 0.179124 0.132771 0.00112017
0 0.446481 0.29766 0.305661 0.377355 0.00112008
2 0.835434 0.0714118 0.205668 0.141908 0.00111997
2 0.431216 0.0386804 0.186128 0.0773607 0.00111909
1 0.133954 0.0404991 0.259543 0.0809981 0.00111785
1 0.61251 0.00205199 0.327519 0.00410399 0.00111591
1 0.326937 0.912774 0.502472 0.159085 0.00111485
0 0.058379 0.893377 0.116758 0.213246 0.00110833
1 0.45545 0.0432047 0.194792 0.0852216 0.00110826
0 0.837272 0.108372 0.228288 0.206931 0.00110563
2 0.686582 0.914019 0.256755 0.166978 0.00109942
0 0.623419 0.940278 0.457802 0.119443 0.00109591
0 0.186259 0.700315 0.0448056 0.0814702 0.00109457
0 0.658809 0.30631 0.118078 0.184518 0.00109437
2 0.579882 0.657119 0.23416 0.273928 0.00109278
1 0.620917 0.0505533 0.207927 0.100338 0.00109204
0 0.958585 0.243332 0.0828301 0.486663 0.00108943
0 0.790627 0.142944 0.151384 0.127383 0.00108752
2 0.327319 0.91822 0.459313 0.149292 0.00108737
2 0.523435 0.896301 0.331066 0.192759 0.00108687
1 0.819701 0.0518338 0.194257 0.102082 0.00108267
0 0.865445 0.0439868 0.150028 0.0855902 0.00108258
2 0.826227 0.0867055 0.277018 0.16772 0.00107838
0 0.579169 0.855032 0.239558 0.289936 0.00107485
0 0.947563 0.934116 0.104874 0.131768 0.00107288
0 0.727393 0.0943138 0.264432 0.188152 0.00107235
1 0.268517 0.944472 0.430783 0.103764 0.0010699
0 0.229669 0.891525 0.207117 0.213166 0.00106865
0 0.46915 0.864759 0.211752 0.263266 0.00106839
2 0.704637 0.917021 0.357856 0.159984 0.00106446
0 0.490496 0.271734 0.450059 0.360934 0.00106425
0 0.127911 0.0599343 0.255822 0.114888 0.00106074
2 0.100412 0.994594 0.200824 0.0108121 0.00105785
0 0.0128384 0.793048 0.0250014 0.394177 0.00105686
0 0.381265 0.0595959 0.253466 0.11689 0.00105683
1 0.461958 0.00202149 0.314736 0.00404298 0.00105538
0 0.360407 0.899547 0.442941 0.1832 0.00105468
1 0.186294 0.00217753 0.372588 0.00435507 0.00105297
2 0.891085 0.962967 0.217457 0.0740651 0.00105284
2 0.501634 0.0713173 0.208315 0.137617 0.00104898
2 0.0800418 0.915238 0.160084 0.145957 0.00104818
2 0.160667 0.994811 0.321334 0.0103781 0.00104777
2 0.120427 0.0726207 0.240853 0.135793 0.00104733
0 0.419157 0.562395 0.170905 0.190136 0.00104503
0 0.393475 0.257792 0.288265 0.353287 0.00104498
1 0.577244 0.90293 0.251476 0.18291 0.00104459
2 0.174491 0.0735493 0.348982 0.136537 0.00104359
0 0.306294 0.912476 0.295393 0.162521 0.00103896
1 0.417072 0.00209935 0.3186 0.00419869 0.0010379
0 0.0739792 0.926423 0.147958 0.123829 0.00103539
1 0.681851 0.0550668 0.17146 0.108793 0.00103465
0 0.174368 0.994601 0.330818 0.0107988 0.00103374
1 0.816516 0.00231678 0.323434 0.00463357 0.00103352
0 0.453961 0.392034 0.123552 0.142405 0.00102775
0 0.921615 0.478556 0.154471 0.455133 0.00102633
2 0.404757 0.994594 0.333012 0.0108112 0.00102283
0 0.770408 0.0921773 0.21668 0.178719 0.0010218
2 0.305253 0.99734 0.319744 0.00531903 0.00101943
2 0.47077 0.0729081 0.318334 0.13668 0.00101546
1 0.54529 0.00207989 0.315431 0.00415978 0.00101499
1 0.176639 0.0420823 0.259223 0.0827623 0.00101442
0 0.498007 0.645308 0.188691 0.320068 0.00101219
2 0.624155 0.642692 0.305318 0.29134 0.00101202
0 0.596909 0.582023 0.284401 0.256957 0.00100765
0 0.428911 0.995254 0.345725 0.00949139 0.00100763
2 0.262881 0.995479 0.316996 0.00904218 0.00100727
2 0.717866 0.996367 0.346189 0.00726575 0.0010069
0 0.23496 0.993972 0.335106 0.0120559 0.00100648
0 0.631294 0.279676 0.15049 0.132224 0.00100576
0 0.121445 0.606017 0.242889 0.253031 0.00100542
2 0.60424 0.991123 0.355359 0.0177538 0.00100522
2 0.481191 0.996605 0.339981 0.00679071 0.00100237
0 0.365968 0.212448 0.227809 0.353194 0.00100199
0 0.424923 0.942044 0.458244 0.109069 0.00099809
0 0.0654723 0.698376 0.130719 0.603247 0.000997971
2 0.160404 0.0634458 0.291908 0.121429 0.000993852
2 0.712895 0.0840591 0.214853 0.164778 0.000987295
0 0.435114 0.317318 0.235189 0.309871 0.000985246
1 0.738458 0.00233147 0.331708 0.00466295 0.00098434
1 0.320613 0.037827 0.241932 0.0731326 0.000978498
2 0.372953 0.919626 0.297681 0.144211 0.000978315
2 0.897418 0.937167 0.14141 0.116839 0.000978214
0 0.608545 0.59534 0.195132 0.205695 0.000976726
0 0.647155 0.992634 0.355507 0.0147325 0.000975875
0 0.253613 0.729259 0.291409 0.224526 0.000974633
1 0.939514 0.0833663 0.11841 0.166305 0.000973154
2 0.928632 0.0767567 0.138825 0.153513 0.000972573
2 0.874051 0.939168 0.112604 0.111644 0.000970851
1 0.338708 0.00213566 0.365837 0.00427131 0.000969499
1 0.732613 0.090152 0.206345 0.178519 0.00096739
0 0.106259 0.26204 0.212518 0.336838 0.000967055
