1 0.461422 0.507584 0.559388 0.906462 0.878584
1 0.457598 0.646235 0.554848 0.611706 0.19364
2 0.647284 0.518399 0.704533 0.913366 0.098122
1 0.404596 0.504011 0.780514 0.950974 0.0817686
2 0.501106 0.499468 0.666621 0.914609 0.0348819
2 0.804193 0.524551 0.391613 0.898 0.0333012
2 0.0649587 0.0865855 0.129917 0.167991 0.0238824
1 0.935286 0.835713 0.129394 0.328574 0.0204869
1 0.465917 0.735727 0.532738 0.493225 0.0197512
2 0.936622 0.940045 0.12471 0.119911 0.0186317
2 0.0644569 0.154618 0.128914 0.309237 0.0179049
1 0.0351334 0.475311 0.0702668 0.950623 0.0157541
1 0.31361 0.552371 0.607542 0.800855 0.0152359
1 0.0525035 0.453497 0.105007 0.896401 0.0149206
2 0.761808 0.246671 0.166263 0.312587 0.0126753
1 0.935006 0.764113 0.129989 0.471775 0.0123555
2 0.936341 0.883013 0.126011 0.233975 0.0117644
0 0.934706 0.952799 0.125653 0.0944023 0.0104043
2 0.839077 0.249817 0.316077 0.333688 0.0101571
1 0.0652961 0.310505 0.130592 0.62101 0.00986376
1 0.236439 0.479518 0.47011 0.952402 0.009266
0 0.760584 0.247093 0.161854 0.312613 0.00881235
1 0.15592 0.47188 0.311082 0.94376 0.00879016
2 0.93532 0.721166 0.129359 0.557668 0.00808014
1 0.0658433 0.162357 0.130219 0.324714 0.00787826
1 0.489627 0.798976 0.584211 0.383911 0.00710095
1 0.033865 0.621391 0.06773 0.757218 0.00693396
2 0.919614 0.522238 0.160773 0.925395 0.00682678
1 0.601198 0.504603 0.797604 0.913636 0.00665637
1 0.366039 0.375064 0.732078 0.734841 0.00642654
2 0.835612 0.372796 0.328775 0.586451 0.00632765
1 0.0922012 0.384985 0.184402 0.76997 0.00632241
0 0.720164 0.013656 0.0317093 0.027312 0.00622756
2 0.374398 0.130998 0.72419 0.243161 0.00610501
2 0.953896 0.515521 0.0922089 0.886296 0.00570843
1 0.762832 0.246052 0.163898 0.312989 0.0055968
0 0.917976 0.94481 0.164048 0.11038 0.00555831
2 0.0677926 0.200179 0.135585 0.400357 0.00538617
2 0.915563 0.952877 0.168875 0.0942451 0.00538476
1 0.591341 0.771412 0.775273 0.443545 0.00530999
1 0.0734047 0.200491 0.146809 0.399273 0.00524428
0 0.936165 0.855998 0.126334 0.288005 0.00518217
0 0.935808 0.818583 0.128384 0.362835 0.00510569
2 0.394703 0.279289 0.765403 0.512628 0.00507079
2 0.403748 0.186421 0.795878 0.356028 0.00493981
1 0.446112 0.873916 0.633984 0.252167 0.00482855
1 0.49668 0.903227 0.604111 0.193546 0.00477403
1 0.385392 0.1352 0.766906 0.262767 0.00471584
1 0.401257 0.915335 0.672394 0.169331 0.00466836
1 0.371439 0.786663 0.671831 0.426673 0.00466116
2 0.526754 0.122571 0.905601 0.23294 0.00459673
1 0.300154 0.839687 0.571099 0.320625 0.00440915
1 0.561355 0.944033 0.735896 0.111935 0.00437379
1 0.368765 0.947847 0.685668 0.104305 0.00433875
2 0.95277 0.65328 0.0944596 0.69344 0.00432909
2 0.688441 0.185961 0.592029 0.325278 0.00426175
1 0.807915 0.244222 0.274022 0.31175 0.00421081
1 0.765702 0.913134 0.468596 0.173733 0.0041528
0 0.430757 0.0706467 0.231813 0.139089 0.00415212
1 0.290436 0.651982 0.570813 0.609271 0.00407989
1 0.607121 0.0356591 0.279991 0.0713181 0.00404004
0 0.934675 0.94378 0.13065 0.11244 0.00397272
1 0.930226 0.947793 0.137804 0.104414 0.00396553
1 0.453346 0.312644 0.795948 0.602156 0.00390642
1 0.59356 0.667234 0.747762 0.618704 0.00384393
2 0.0727381 0.104994 0.145476 0.209988 0.00369401
1 0.874401 0.508913 0.249278 0.867217 0.00367458
1 0.316008 0.73683 0.60834 0.480839 0.00364526
1 0.630719 0.921133 0.708369 0.157733 0.00345922
1 0.0288388 0.452673 0.0576777 0.822563 0.00345168
2 0.61325 0.219008 0.717059 0.32944 0.00344091
2 0.782561 0.716149 0.433604 0.567701 0.00343493
1 0.168311 0.256734 0.336622 0.505693 0.00341167
2 0.787282 0.802917 0.422857 0.394166 0.00340893
1 0.383745 0.224852 0.761543 0.433017 0.00340163
2 0.408406 0.101757 0.750577 0.203515 0.00329607
1 0.0402527 0.70983 0.0805053 0.580341 0.00329549
1 0.257818 0.799941 0.504899 0.400117 0.00326861
1 0.0334386 0.339946 0.0668773 0.679891 0.003259
0 0.65604 0.0969834 0.638944 0.193967 0.00321821
1 0.256209 0.861054 0.449555 0.277893 0.00321483
1 0.141796 0.629085 0.283593 0.741829 0.00319383
0 0.642178 0.142391 0.675308 0.277379 0.0031772
1 0.0712654 0.272096 0.142531 0.544192 0.0031674
1 0.0523814 0.316021 0.104763 0.632041 0.00301718
2 0.652184 0.781752 0.683268 0.432735 0.00300932
1 0.10275 0.129909 0.205244 0.250477 0.00296015
1 0.379473 0.789141 0.261751 0.295016 0.00293416
2 0.703781 0.0855388 0.583437 0.171078 0.00291533
2 0.63608 0.674161 0.708189 0.635504 0.00290315
0 0.444684 0.0499086 0.199015 0.0998172 0.00288473
1 0.198272 0.5713 0.39382 0.8574 0.00287932
1 0.208865 0.720333 0.415394 0.559334 0.00286042
0 0.952948 0.103372 0.0941041 0.206744 0.00277901
2 0.666616 0.90967 0.657974 0.18066 0.00274298
2 0.783843 0.0653958 0.421381 0.130792 0.0026853
0 0.82596 0.0597826 0.344921 0.119565 0.00263689
0 0.0920439 0.798364 0.184088 0.403272 0.00262397
2 0.531725 0.229402 0.811618 0.426717 0.00259161
1 0.217828 0.181368 0.426278 0.344069 0.00258112
2 0.957998 0.399496 0.0840031 0.781825 0.00257781
0 0.950749 0.245665 0.0985022 0.491329 0.00257049
2 0.783967 0.140563 0.421938 0.261907 0.00254955
0 0.880432 0.949253 0.239135 0.101495 0.0025399
2 0.117422 0.125272 0.234843 0.250544 0.00243533
0 0.065334 0.742717 0.130668 0.514565 0.00241818
1 0.838256 0.428565 0.32154 0.715374 0.00241453
1 0.629394 0.00341079 0.340067 0.00682157 0.00241149
0 0.216112 0.911009 0.396055 0.177981 0.00239674
0 0.607007 0.0525954 0.313256 0.103334 0.00236979
0 0.803926 0.0377516 0.236551 0.0755033 0.00235906
0 0.674599 0.0303912 0.377341 0.0607825 0.0022907
0 0.19463 0.113039 0.372734 0.226079 0.00228202
0 0.820475 0.138633 0.353588 0.26115 0.00220733
2 0.105282 0.0669691 0.210565 0.128932 0.0021829
1 0.589377 0.0541832 0.350777 0.104739 0.00217955
1 0.193235 0.11638 0.382087 0.220688 0.00217665
1 0.645894 0.00772729 0.396514 0.0154546 0.00216543
0 0.469447 0.0412223 0.157272 0.0824445 0.0021443
0 0.127659 0.901604 0.255319 0.196791 0.00212397
1 0.784185 0.9427 0.431629 0.114599 0.0020435
0 0.727712 0.0406893 0.331747 0.0813786 0.00200595
0 0.135585 0.788929 0.270053 0.422141 0.00200033
0 0.175114 0.0685301 0.339825 0.134576 0.00196534
0 0.517089 0.0580807 0.0586702 0.116161 0.00194754
1 0.414727 0.787483 0.370939 0.307098 0.00194752
0 0.473576 0.0595575 0.228016 0.116926 0.00190733
0 0.770486 0.200081 0.139706 0.224844 0.00189031
1 0.934295 0.957429 0.131411 0.0851412 0.00187336
2 0.292776 0.0767268 0.505425 0.14633 0.00184808
1 0.392885 0.34565 0.362466 0.56625 0.00183729
0 0.778205 0.0617233 0.326434 0.123447 0.00177319
1 0.689605 0.0100369 0.450157 0.0200738 0.00176725
2 0.89069 0.937713 0.218621 0.120658 0.00176447
2 0.490051 0.0442255 0.199224 0.0884509 0.00175704
0 0.85963 0.937812 0.280741 0.124376 0.0017327
2 0.439694 0.266297 0.260883 0.440637 0.00170062
1 0.840542 0.214481 0.318916 0.25529 0.00166302
1 0.557724 0.0445957 0.330635 0.0891914 0.00166239
2 0.803168 0.00385 0.280259 0.0077 0.00166126
0 0.243155 0.0798258 0.48631 0.151655 0.00163476
0 0.943587 0.73612 0.112826 0.527759 0.00162128
0 0.705671 0.0597408 0.480942 0.119482 0.00161775
2 0.0985923 0.184841 0.197185 0.369682 0.00161685
0 0.205156 0.0579861 0.262091 0.115972 0.00161132
0 0.518513 0.0308752 0.0537946 0.0617505 0.00159954
0 0.406503 0.296178 0.333002 0.490251 0.00157964
1 0.817082 0.945292 0.365837 0.109416 0.00156291
1 0.804898 0.923395 0.390204 0.144858 0.00156271
2 0.82668 0.00291402 0.298166 0.00582805 0.00154423
0 0.236679 0.0653318 0.333606 0.130664 0.00154192
0 0.319606 0.109955 0.549498 0.217311 0.00153847
1 0.071224 0.650887 0.142064 0.698227 0.00153775
1 0.927476 0.966795 0.145047 0.0664099 0.00152058
2 0.082819 0.068614 0.165638 0.137228 0.00152021
2 0.447433 0.181707 0.236581 0.291331 0.00151745
0 0.399854 0.043363 0.293818 0.079671 0.00149981
1 0.419124 0.423788 0.460064 0.470583 0.00144683
0 0.73681 0.275562 0.253939 0.297691 0.00141806
1 0.745103 0.00914789 0.369142 0.0182958 0.00140877
0 0.9083 0.8779 0.183399 0.235781 0.00140717
2 0.438651 0.00255547 0.284321 0.00511095 0.00139818
1 0.480316 0.717104 0.45979 0.393479 0.00137641
1 0.823653 0.00377915 0.351156 0.00755831 0.00136775
1 0.669691 0.0764342 0.474758 0.147829 0.00136378
0 0.443146 0.105979 0.223847 0.202997 0.00131833
2 0.151629 0.0808865 0.303257 0.152731 0.00131415
0 0.959349 0.70482 0.0813024 0.59036 0.00130837
1 0.826756 0.866708 0.346489 0.248538 0.001304
0 0.743554 0.280977 0.369826 0.337963 0.00130197
2 0.76704 0.913286 0.465921 0.158342 0.00130124
0 0.832137 0.214501 0.335726 0.272609 0.00129961
0 0.73903 0.119108 0.268316 0.238216 0.00129707
0 0.841585 0.0804755 0.316829 0.160951 0.00129685
1 0.251019 0.946562 0.487588 0.106877 0.00129161
2 0.218264 0.977569 0.400845 0.0448626 0.00128738
2 0.835822 0.180361 0.313814 0.295979 0.00128714
1 0.42618 0.00288413 0.306469 0.00576826 0.0012866
2 0.639821 0.0759022 0.498448 0.143998 0.00128427
2 0.209881 0.0858052 0.419763 0.16161 0.00125715
1 0.796263 0.96679 0.407473 0.0664203 0.00125586
1 0.388978 0.326713 0.38502 0.398944 0.00125518
2 0.942748 0.95547 0.113812 0.0890609 0.00125289
2 0.796863 0.870419 0.406273 0.238051 0.00124876
0 0.720198 0.285609 0.200589 0.238284 0.00124536
1 0.531074 0.548266 0.442564 0.525365 0.00123208
1 0.601854 0.00294457 0.335764 0.00588914 0.00122927
0 0.414362 0.418433 0.372165 0.442103 0.00119541
0 0.718779 0.0863489 0.48534 0.172698 0.00119507
2 0.134617 0.182903 0.269235 0.365806 0.00119501
0 0.717268 0.102747 0.382952 0.205493 0.00119269
1 0.958775 0.680234 0.0824493 0.639531 0.00119247
1 0.496956 0.00372341 0.340105 0.00744683 0.0011888
0 0.460013 0.654378 0.431636 0.499023 0.00117933
0 0.781246 0.243532 0.259419 0.336011 0.00117535
2 0.14594 0.10963 0.29188 0.210929 0.00117513
1 0.807847 0.25296 0.384307 0.355501 0.00116947
0 0.762005 0.127966 0.16521 0.255932 0.00116785
0 0.513873 0.847323 0.370349 0.293202 0.00115737
1 0.957953 0.755866 0.0836872 0.488267 0.00115589
1 0.13104 0.0653355 0.26208 0.128717 0.00114801
2 0.320673 0.979555 0.409258 0.0408893 0.00114568
2 0.495748 0.0765268 0.32414 0.145249 0.00114139
0 0.248708 0.0490868 0.280727 0.0981737 0.00114019
1 0.263225 0.149218 0.514397 0.290097 0.00113786
2 0.132435 0.987922 0.26487 0.0241567 0.00113601
0 0.590791 0.075022 0.451089 0.14106 0.0011342
0 0.794236 0.150435 0.094105 0.118779 0.00113344
2 0.782329 0.991435 0.409124 0.0171295 0.00110491
0 0.392557 0.0726047 0.361809 0.139116 0.00110481
0 0.685458 0.36576 0.35886 0.333236 0.00110256
1 0.862234 0.873151 0.275532 0.239877 0.00110241
1 0.569017 0.00505358 0.355186 0.0101072 0.00110112
2 0.215145 0.116413 0.430289 0.224328 0.00110033
0 0.658018 0.131801 0.527883 0.244345 0.00109949
0 0.721999 0.0393237 0.0412107 0.0786474 0.00109765
1 0.312704 0.935861 0.488917 0.128278 0.00109604
0 0.188311 0.98087 0.376623 0.0382596 0.00109599
0 0.743224 0.85289 0.513551 0.277397 0.00109341
0 0.758308 0.343153 0.418669 0.380491 0.00109181
0 0.438804 0.64289 0.514933 0.360901 0.00109148
2 0.377514 0.989706 0.42116 0.0205883 0.00108833
0 0.541749 0.586043 0.370608 0.440263 0.00108031
1 0.44503 0.496081 0.515772 0.433328 0.00108027
2 0.15137 0.871186 0.287797 0.257628 0.00107658
1 0.122768 0.195341 0.245536 0.390682 0.0010703
2 0.420649 0.993336 0.394274 0.0133282 0.00107006
0 0.787558 0.166327 0.109929 0.1449 0.00106321
0 0.440409 0.135001 0.127252 0.169654 0.00106191
1 0.379826 0.00183099 0.381055 0.00366199 0.00105888
2 0.637677 0.995636 0.388041 0.00872827 0.00105808
0 0.687052 0.310272 0.221547 0.208706 0.00105477
2 0.164555 0.904459 0.24172 0.188741 0.00105241
0 0.710128 0.376966 0.333664 0.489036 0.00105095
0 0.399106 0.483077 0.328044 0.265223 0.00105066
1 0.41714 0.487732 0.383775 0.279392 0.00105052
0 0.658303 0.425102 0.339481 0.421554 0.00104895
0 0.15842 0.0566135 0.286756 0.11182 0.00104869
0 0.454337 0.574992 0.486688 0.442207 0.00104675
1 0.114138 0.0764765 0.228275 0.152953 0.00104521
1 0.377508 0.858062 0.453671 0.276877 0.00104335
0 0.809629 0.272057 0.380742 0.317114 0.0010427
0 0.726876 0.0146549 0.0476514 0.0293098 0.00104044
1 0.50417 0.779286 0.385384 0.322326 0.00103948
1 0.0826876 0.726169 0.165375 0.53275 0.0010387
0 0.484151 0.714959 0.398136 0.428537 0.00103677
1 0.360703 0.0383843 0.367435 0.0735879 0.00103643
0 0.660673 0.839888 0.458476 0.311361 0.00103578
0 0.517898 0.518239 0.437325 0.485842 0.00103011
1 0.958456 0.557013 0.0830882 0.739485 0.00102261
1 0.423278 0.508469 0.485228 0.24907 0.00101974
0 0.283953 0.0400272 0.279286 0.0798783 0.00101582
2 0.100101 0.658401 0.197686 0.24434 0.00101372
1 0.431433 0.414679 0.387631 0.610136 0.00101293
2 0.729727 0.995393 0.400852 0.00921405 0.00101202
0 0.71309 0.937717 0.520786 0.119045 0.00100858
1 0.400547 0.934253 0.508529 0.131493 0.0010077
0 0.237966 0.163395 0.475931 0.317975 0.00100761
1 0.683651 0.937744 0.517812 0.123215 0.00100594
2 0.772924 0.850113 0.454151 0.283142 0.00100575
1 0.674409 0.786572 0.382345 0.371799 0.00100488
0 0.445591 0.991416 0.376858 0.0171685 0.00100297
1 0.0520725 0.741522 0.104145 0.516957 0.00100083
0 0.580175 0.117692 0.421753 0.229826 0.000999608
0 0.0540572 0.822656 0.108114 0.354688 0.000992445
0 0.161519 0.175406 0.323038 0.350812 0.000988541
0 0.346598 0.871231 0.465568 0.222279 0.000984399
0 0.34217 0.0850232 0.494736 0.164086 0.000979708
0 0.1219 0.20167 0.2438 0.40334 0.000978368
0 0.596066 0.830212 0.34524 0.336608 0.000978046
1 0.839585 0.167995 0.320829 0.28629 0.000967992
2 0.411467 0.872299 0.472021 0.253954 0.000967958
0 0.449605 0.172059 0.222275 0.315885 0.000967554
0 0.115252 0.86354 0.221162 0.27292 0.00096689
2 0.685026 0.729315 0.239715 0.3707 0.000965219
0 0.127024 0.938028 0.253144 0.123944 0.000964751
0 0.641663 0.174836 0.509242 0.263844 0.000961757
1 0.492141 0.58534 0.449114 0.641642 0.000960355
0 0.669861 0.42955 0.302603 0.591028 0.000960101
0 0.145009 0.942001 0.290018 0.115997 0.000959363
2 0.631874 0.888101 0.470879 0.218748 0.000957505
2 0.126508 0.899727 0.207874 0.200024 0.000956993
0 0.47356 0.994126 0.370613 0.0117477 0.000956909
0 0.418043 0.553776 0.501599 0.253877 0.000946598
0 0.837699 0.00799823 0.324602 0.0159965 0.000944652
1 0.560124 0.724559 0.363817 0.397228 0.000944517
0 0.639694 0.376029 0.366996 0.252913 0.000943084
0 0.399143 0.738655 0.343747 0.368337 0.000942965
0 0.609862 0.768026 0.259717 0.326536 0.000942381
0 0.805969 0.358036 0.388062 0.311745 0.000937216
0 0.267279 0.211931 0.446242 0.344782 0.000934656
2 0.0921606 0.987463 0.184321 0.0250731 0.00092787
0 0.128535 0.625825 0.25707 0.21692 0.00092207
2 0.129782 0.636446 0.259564 0.207221 0.000918457
2 0.0892665 0.224435 0.172469 0.44887 0.0009178
2 0.563884 0.995982 0.333834 0.00803583 0.000916453
0 0.542982 0.995889 0.324934 0.00822113 0.000914655
0 0.743443 0.164574 0.213008 0.25812 0.000912992
0 0.394662 0.691927 0.404614 0.376849 0.000912532
0 0.674042 0.72711 0.168147 0.376054 0.000912213
