2 0.442165 0.493086 0.7781 0.986172 0.984719
2 0.62156 0.483345 0.508115 0.966689 0.0831533
2 0.426129 0.626194 0.743304 0.706684 0.0814286
0 0.150342 0.0727995 0.23319 0.145599 0.0214542
2 0.367934 0.142609 0.693204 0.279963 0.0209577
2 0.164754 0.0783175 0.190779 0.156635 0.0118786
2 0.650631 0.271069 0.443541 0.48509 0.0106973
2 0.465054 0.263747 0.823697 0.505879 0.00883305
2 0.541472 0.214531 0.185179 0.305144 0.00812245
2 0.0753191 0.47018 0.150638 0.940361 0.00778107
2 0.671005 0.354945 0.404627 0.597282 0.00737106
2 0.700731 0.524035 0.577237 0.94527 0.00726668
2 0.567752 0.189786 0.608076 0.342673 0.00689333
2 0.200924 0.481866 0.400648 0.963731 0.0066115
2 0.816506 0.495458 0.366989 0.990916 0.00638373
2 0.415771 0.766361 0.723042 0.467279 0.00620512
2 0.460533 0.116363 0.893297 0.225013 0.00607511
0 0.957992 0.523248 0.0840149 0.827518 0.00534247
2 0.506227 0.212855 0.256901 0.316657 0.0053063
2 0.660764 0.199719 0.417148 0.302586 0.00521883
2 0.519278 0.658071 0.525239 0.454962 0.00519811
2 0.377475 0.820196 0.705727 0.359608 0.00503773
2 0.112031 0.467054 0.224062 0.934109 0.00483632
0 0.9238 0.512388 0.152237 0.934878 0.0045554
0 0.631329 0.17577 0.494038 0.264657 0.00449665
0 0.652636 0.226079 0.598079 0.339445 0.00448528
2 0.921784 0.517098 0.156431 0.932389 0.00424114
2 0.686287 0.403175 0.552921 0.681002 0.00422861
2 0.282169 0.516124 0.522792 0.896839 0.00417847
0 0.0359624 0.305995 0.0719247 0.611989 0.00401399
0 0.171899 0.0808643 0.343798 0.15685 0.00398319
1 0.456779 0.82566 0.243002 0.348681 0.00395036
2 0.360815 0.950604 0.718868 0.0987921 0.00392813
0 0.456304 0.823424 0.242688 0.353152 0.00387573
2 0.0497855 0.523789 0.0987415 0.868335 0.00384621
2 0.288147 0.449103 0.565024 0.586378 0.00380383
2 0.304932 0.617389 0.486277 0.63339 0.00379362
0 0.510524 0.127285 0.731512 0.209852 0.00379265
0 0.686035 0.321345 0.354073 0.215751 0.00377011
2 0.52817 0.749116 0.677074 0.4844 0.00375141
2 0.36641 0.921785 0.70881 0.156429 0.00374226
2 0.55208 0.602175 0.50435 0.59996 0.00366839
0 0.66311 0.517885 0.667329 0.898932 0.00364299
0 0.476627 0.0972428 0.798263 0.194486 0.00352035
0 0.689989 0.276498 0.35494 0.287127 0.00344652
0 0.547705 0.0740387 0.730006 0.148077 0.00344014
2 0.141827 0.0871086 0.252331 0.174217 0.00337518
2 0.0423565 0.60918 0.0846652 0.693193 0.00335134
0 0.646603 0.318911 0.693777 0.539966 0.00330971
2 0.291196 0.7587 0.578884 0.41435 0.00328681
0 0.610181 0.130074 0.729329 0.232962 0.0032323
0 0.956454 0.323479 0.0870916 0.637458 0.00322319
2 0.329754 0.889111 0.657951 0.221778 0.00320957
2 0.350153 0.122804 0.30107 0.245608 0.00318053
2 0.303021 0.109282 0.603405 0.218564 0.00316549
2 0.18796 0.0994469 0.36605 0.198894 0.00312458
0 0.954224 0.143793 0.091551 0.287587 0.00311071
2 0.0720848 0.0829131 0.14417 0.165826 0.00305104
2 0.105419 0.0941604 0.206776 0.188321 0.00298632
2 0.485677 0.896499 0.650142 0.207002 0.00295345
0 0.522519 0.818667 0.61536 0.34117 0.00295189
0 0.0239887 0.266614 0.0479168 0.533228 0.00295185
0 0.959902 0.691333 0.080158 0.57872 0.00291288
0 0.21366 0.487399 0.426802 0.961834 0.00288664
0 0.634459 0.178021 0.71634 0.313211 0.00288529
0 0.0731143 0.140592 0.146151 0.281184 0.00286607
2 0.322453 0.963386 0.630089 0.0732283 0.00280824
2 0.20496 0.0661159 0.232977 0.132232 0.0027974
0 0.901007 0.0537539 0.195809 0.107508 0.0027657
0 0.696118 0.0562824 0.593249 0.112565 0.00275251
2 0.572261 0.825924 0.767309 0.32596 0.00274851
2 0.578133 0.611556 0.7138 0.475424 0.00272421
0 0.324695 0.426428 0.643174 0.839085 0.00270092
0 0.0823112 0.801487 0.164622 0.397027 0.00264416
0 0.959418 0.798708 0.0811635 0.377782 0.002638
2 0.0885802 0.233664 0.17716 0.467327 0.00263642
2 0.343691 0.260879 0.677757 0.441773 0.0026165
0 0.646541 0.257312 0.389338 0.344619 0.00260149
0 0.58107 0.563505 0.671884 0.562354 0.0025842
0 0.952357 0.933044 0.0952852 0.133912 0.00257874
0 0.110456 0.164523 0.220913 0.322269 0.00254785
0 0.041163 0.690687 0.082326 0.599378 0.00254577
0 0.811248 0.0444908 0.365933 0.0889815 0.00253596
0 0.055589 0.762997 0.111178 0.474006 0.00252475
2 0.572973 0.929207 0.696291 0.141586 0.00249329
0 0.169793 0.316463 0.33902 0.625794 0.00246728
0 0.909674 0.194068 0.176437 0.381208 0.002463
0 0.732499 0.262682 0.535002 0.496551 0.0024608
2 0.621694 0.704698 0.730715 0.576384 0.00242973
2 0.24417 0.681012 0.454484 0.515095 0.0023819
0 0.238473 0.964458 0.459953 0.0710837 0.00237674
0 0.772514 0.113583 0.445318 0.218531 0.00232715
0 0.251858 0.243795 0.499356 0.468097 0.00232034
0 0.175714 0.953991 0.339442 0.0920179 0.00231766
0 0.507505 0.0738155 0.314481 0.138923 0.00227569
0 0.0693686 0.290742 0.138544 0.581485 0.00225966
0 0.116932 0.936497 0.233864 0.127006 0.00224926
0 0.0513916 0.336142 0.102783 0.672283 0.00224828
0 0.658152 0.314261 0.354883 0.269836 0.00221005
1 0.488105 0.827715 0.162932 0.344569 0.00216183
0 0.121633 0.685597 0.24295 0.61213 0.00215209
0 0.649475 0.943997 0.662189 0.112005 0.00213893
0 0.625876 0.827694 0.722883 0.321088 0.00213751
2 0.369553 0.0994491 0.259521 0.198898 0.00210892
2 0.240692 0.132245 0.469676 0.237466 0.00210631
0 0.111874 0.815721 0.222485 0.35442 0.00210533
0 0.23622 0.891242 0.461675 0.183224 0.00209886
0 0.0179635 0.0694835 0.0359269 0.138967 0.00209886
0 0.216624 0.759047 0.430709 0.379394 0.00207878
0 0.835202 0.965543 0.312274 0.0689143 0.00205795
0 0.906427 0.66978 0.187038 0.591191 0.00203497
0 0.176627 0.808557 0.346147 0.356929 0.00201008
0 0.178299 0.106287 0.313857 0.212574 0.00200643
0 0.330503 0.146044 0.351162 0.292088 0.00199098
0 0.656816 0.72442 0.672588 0.537785 0.00197407
0 0.84615 0.806892 0.301098 0.341893 0.00195805
0 0.747074 0.960728 0.496959 0.0785444 0.00195141
0 0.880153 0.739144 0.238146 0.435234 0.00194176
0 0.649526 0.65909 0.255561 0.347687 0.00190221
0 0.203956 0.670426 0.396091 0.543673 0.00186648
0 0.855154 0.878317 0.261171 0.21766 0.00186443
2 0.649372 0.668072 0.256092 0.322857 0.00185506
0 0.772298 0.736396 0.444713 0.512173 0.00182378
0 0.0197817 0.144579 0.0395635 0.289157 0.00179943
1 0.327414 0.147167 0.400515 0.294333 0.00178145
2 0.153309 0.0636589 0.298638 0.127318 0.00177956
0 0.861155 0.0690122 0.272899 0.138024 0.00177432
0 0.243845 0.416398 0.393051 0.225954 0.00174388
0 0.740455 0.83439 0.483633 0.30787 0.00169286
2 0.453361 0.205435 0.369142 0.339074 0.00166719
0 0.642937 0.723314 0.270226 0.211622 0.00163723
0 0.877199 0.0400633 0.227053 0.0793396 0.00161451
2 0.238546 0.0444779 0.210885 0.0889559 0.0016127
0 0.265106 0.337335 0.437734 0.298521 0.00160154
1 0.0245188 0.631428 0.0490376 0.704681 0.00158164
0 0.217072 0.426648 0.294075 0.229627 0.00155218
0 0.494487 0.492123 0.315024 0.398316 0.00153932
0 0.674156 0.38944 0.275942 0.46074 0.00152112
0 0.518398 0.0431349 0.308674 0.0796707 0.00151877
0 0.193183 0.15946 0.328495 0.318921 0.00151532
1 0.547324 0.825652 0.239784 0.348695 0.00149731
0 0.503543 0.937662 0.172859 0.124676 0.0014848
0 0.562209 0.0684107 0.254448 0.129718 0.00147962
0 0.300052 0.419114 0.474604 0.284591 0.00147095
0 0.243044 0.792542 0.266651 0.262422 0.00143766
1 0.347743 0.238325 0.342974 0.476649 0.00142576
0 0.181013 0.523151 0.206127 0.311431 0.00141228
0 0.830871 0.039079 0.222923 0.0764573 0.0014022
0 0.184865 0.46407 0.206202 0.316355 0.00139673
0 0.756893 0.321276 0.228542 0.192611 0.00138682
0 0.505951 0.934515 0.123578 0.13097 0.00137182
1 0.361144 0.438703 0.49425 0.550845 0.00137094
0 0.428432 0.516318 0.353272 0.44897 0.00135296
2 0.141224 0.0215709 0.282449 0.0431417 0.00134205
2 0.222514 0.0882292 0.345512 0.170184 0.0013377
0 0.459909 0.461308 0.270954 0.374229 0.00133561
1 0.545055 0.00238616 0.39753 0.00477232 0.00133177
0 0.821841 0.0817865 0.318179 0.161446 0.00132712
1 0.337615 0.418618 0.511086 0.30467 0.00132448
0 0.295776 0.298429 0.437758 0.297649 0.00132307
0 0.511959 0.287869 0.264099 0.459185 0.00131783
0 0.085027 0.0659282 0.164945 0.128231 0.00131604
0 0.372215 0.442238 0.388524 0.438305 0.00131154
0 0.252571 0.486546 0.381812 0.391384 0.0013082
0 0.855708 0.109992 0.288584 0.219984 0.00130147
0 0.627008 0.0672896 0.365906 0.126767 0.00129884
0 0.329931 0.238394 0.364478 0.476788 0.0012987
1 0.0300009 0.657586 0.0600019 0.684828 0.00129332
0 0.633106 0.748581 0.30335 0.165906 0.0012924
0 0.0516501 0.879588 0.1033 0.232306 0.00129148
0 0.269061 0.735728 0.308544 0.354697 0.00129071
0 0.617742 0.683711 0.170948 0.299696 0.00128713
1 0.280604 0.00279022 0.32346 0.00558043 0.00127737
0 0.211894 0.499278 0.274484 0.336563 0.00127241
2 0.211133 0.014952 0.307254 0.0299041 0.00127193
0 0.0676185 0.0712347 0.135237 0.142469 0.00127187
2 0.25349 0.0799555 0.262162 0.159911 0.00126518
1 0.272492 0.0524925 0.254779 0.104985 0.00126252
1 0.619751 0.590303 0.229023 0.520761 0.00125166
2 0.510472 0.966895 0.313072 0.0662103 0.00125076
0 0.23491 0.377419 0.356486 0.283233 0.00124833
0 0.183898 0.8369 0.346319 0.164117 0.00124006
0 0.177284 0.4217 0.188032 0.245905 0.00123805
0 0.923294 0.0731511 0.147645 0.146134 0.0012368
1 0.508622 0.845001 0.134552 0.309997 0.00123438
0 0.635075 0.604117 0.244867 0.455058 0.0012297
0 0.946523 0.101611 0.106953 0.203222 0.00121889
0 0.47101 0.93607 0.362665 0.127861 0.00121459
0 0.260374 0.851548 0.45608 0.17325 0.00121221
0 0.285973 0.49635 0.391384 0.505586 0.00121044
1 0.606844 0.266509 0.413501 0.399376 0.00120953
0 0.177111 0.0624891 0.133179 0.124978 0.00120894
2 0.461661 0.96162 0.299175 0.0767602 0.00120813
0 0.581278 0.103433 0.263744 0.13734 0.00120231
0 0.555331 0.0383855 0.283379 0.0735 0.00120124
2 0.733675 0.335471 0.283637 0.206779 0.00120094
0 0.0219596 0.541861 0.0439191 0.728198 0.00119923
0 0.0512006 0.832248 0.102123 0.332027 0.00119859
1 0.319661 0.0525978 0.279714 0.105196 0.0011946
0 0.0888869 0.242158 0.177774 0.427624 0.00118946
0 0.499839 0.835977 0.138333 0.328047 0.0011801
1 0.333658 0.332838 0.498064 0.305882 0.00117623
0 0.0423044 0.42108 0.0846078 0.787515 0.00117017
0 0.023801 0.74456 0.047401 0.510879 0.00115864
1 0.233481 0.0040416 0.311083 0.0080832 0.00115273
1 0.431421 0.292718 0.407036 0.585436 0.00115135
0 0.548454 0.0996735 0.178646 0.14117 0.00115009
0 0.651384 0.942037 0.491252 0.111744 0.00114838
0 0.725642 0.43353 0.296757 0.504665 0.00114707
1 0.454536 0.0451347 0.328501 0.0896714 0.00114336
0 0.332636 0.438191 0.48222 0.528087 0.00114154
0 0.474188 0.349083 0.334934 0.646863 0.00113799
0 0.427631 0.799543 0.184424 0.322424 0.00113727
2 0.178209 0.532885 0.213496 0.365842 0.00113326
0 0.509524 0.48681 0.274481 0.512693 0.00113188
0 0.954038 0.216424 0.0919249 0.432848 0.00112797
0 0.324516 0.717229 0.448703 0.365099 0.00112359
0 0.400733 0.0619905 0.18702 0.123981 0.00112347
0 0.601669 0.041121 0.305895 0.0762413 0.00112004
0 0.715747 0.85634 0.343783 0.276695 0.00111812
1 0.618621 0.00256602 0.414803 0.00513203 0.00111308
1 0.13285 0.00765328 0.2657 0.0153066 0.00111254
1 0.560553 0.882573 0.372874 0.234855 0.00110857
0 0.197249 0.140496 0.21145 0.280991 0.00110674
0 0.807471 0.102368 0.385057 0.196644 0.00110493
0 0.484555 0.082292 0.43989 0.160877 0.00110402
0 0.434378 0.966212 0.299748 0.067577 0.00110329
0 0.423319 0.0836426 0.277948 0.167285 0.00110198
0 0.82688 0.142622 0.34624 0.230369 0.00109999
0 0.782946 0.433013 0.369142 0.470297 0.00109974
0 0.358221 0.320829 0.349697 0.641657 0.00109776
0 0.149951 0.820952 0.299902 0.188084 0.00108975
0 0.697715 0.0829967 0.47559 0.156911 0.00108878
2 0.397556 0.0708734 0.198495 0.141747 0.0010869
0 0.153508 0.430284 0.140795 0.19813 0.00108186
0 0.87957 0.00347443 0.240859 0.00694886 0.00108121
2 0.686732 0.904727 0.496132 0.17668 0.0010777
0 0.675754 0.836444 0.31896 0.327111 0.00107728
0 0.581747 0.664671 0.30583 0.334095 0.00106917
1 0.369 0.191723 0.334778 0.383446 0.00106801
0 0.241921 0.814714 0.362319 0.196056 0.00106433
1 0.448179 0.224564 0.382881 0.330678 0.00106302
0 0.252652 0.578573 0.341344 0.302983 0.00105996
2 0.899972 0.908954 0.145177 0.167583 0.0010598
0 0.0300157 0.780839 0.0599346 0.438322 0.00105559
0 0.549222 0.692663 0.326204 0.283683 0.001054
1 0.525563 0.937189 0.439072 0.125623 0.00105005
1 0.475967 0.00216956 0.398536 0.00433911 0.00104886
0 0.897034 0.00630629 0.205932 0.0126126 0.0010429
2 0.873591 0.922791 0.139203 0.13832 0.00104159
0 0.797291 0.930811 0.352838 0.125532 0.00103716
0 0.849996 0.183819 0.300009 0.219586 0.00103597
2 0.598825 0.994717 0.406175 0.0105654 0.00103428
0 0.0283318 0.462729 0.0565226 0.789758 0.00103358
0 0.957244 0.632033 0.0851215 0.319304 0.00103302
0 0.643353 0.993857 0.386291 0.0122852 0.00103274
2 0.519915 0.899072 0.122824 0.201857 0.00103182
2 0.236435 0.8957 0.470341 0.177074 0.00103111
0 0.304138 0.604024 0.351783 0.39445 0.00102872
2 0.532307 0.878181 0.283339 0.243638 0.00102777
0 0.408716 0.361317 0.275663 0.597362 0.00102703
0 0.732233 0.38296 0.300311 0.356398 0.0010264
1 0.341114 0.00272728 0.290016 0.00545455 0.00102617
1 0.0673794 0.612546 0.134652 0.686944 0.00102539
0 0.360712 0.367346 0.443276 0.531395 0.00102422
2 0.398935 0.991597 0.353477 0.0168054 0.00102163
0 0.163457 0.995236 0.326913 0.00952844 0.00102162
0 0.794615 0.0762909 0.41077 0.147511 0.00101817
1 0.559132 0.530171 0.261521 0.487562 0.00101158
0 0.318229 0.270538 0.458899 0.389051 0.00100857
1 0.353022 0.565519 0.459983 0.517709 0.00100833
0 0.402133 0.926437 0.310699 0.147126 0.00100581
0 0.574672 0.939145 0.488113 0.120845 0.00100276
1 0.0772559 0.0644255 0.154512 0.128851 0.00100111
1 0.610196 0.846806 0.37784 0.296145 0.00100062
0 0.371839 0.762152 0.195615 0.269889 0.000998989
0 0.118316 0.99573 0.236633 0.00853998 0.000998811
0 0.957053 0.929868 0.0858429 0.133888 0.000995802
0 0.0629833 0.913914 0.125967 0.157774 0.000995541
0 0.64065 0.848952 0.419196 0.286955 0.000994776
1 0.350741 0.686555 0.460455 0.381701 0.00099322
1 0.34438 0.274233 0.448538 0.461109 0.000992314
0 0.134334 0.11602 0.268668 0.232039 0.000991301
0 0.199865 0.93395 0.399729 0.125421 0.000991222
1 0.698219 0.0021925 0.395916 0.00438499 0.000990345
0 0.333785 0.935644 0.501046 0.121474 0.00098731
1 0.33425 0.107594 0.345152 0.215189 0.000987028
2 0.449319 0.742899 0.229325 0.379236 0.000986337
0 0.317497 0.201421 0.452703 0.355653 0.000982794
1 0.0690166 0.719559 0.138033 0.560882 0.000982387
0 0.93696 0.103069 0.126081 0.206138 0.000979968
0 0.300986 0.997043 0.350475 0.00591431 0.000977438
1 0.388326 0.0563005 0.136947 0.112601 0.000976515
1 0.433709 0.00351147 0.325042 0.00702295 0.000974806
2 0.315572 0.904296 0.497305 0.159857 0.000974786
0 0.591683 0.598927 0.245569 0.453665 0.00097346
0 0.647511 0.0423338 0.300429 0.0816532 0.000970612
0 0.301695 0.753533 0.388101 0.298277 0.000969285
0 0.812507 0.476968 0.374986 0.392892 0.000969124
2 0.545557 0.984239 0.377163 0.0315219 0.00096792
