2 0.544925 0.570373 0.459757 0.313625 0.990808
0 0.412552 0.210059 0.142609 0.110161 0.728962
0 0.312501 0.268741 0.0953436 0.0695058 0.642643
0 0.0566865 0.0777811 0.113078 0.140542 0.473491
0 0.413235 0.180251 0.144431 0.171007 0.323558
0 0.968606 0.541703 0.0627873 0.05769 0.306363
0 0.758174 0.832693 0.106244 0.0555439 0.163687
0 0.428829 0.118472 0.0418968 0.0445995 0.155039
0 0.878839 0.882866 0.242323 0.232974 0.137999
0 0.375801 0.225602 0.229449 0.147484 0.109239
0 0.888168 0.561045 0.0381793 0.0279941 0.109121
2 0.758564 0.830717 0.104873 0.0525082 0.0852389
0 0.419896 0.123556 0.106077 0.0615387 0.085083
2 0.310962 0.267504 0.0961744 0.0687015 0.0734052
0 0.415134 0.187609 0.138424 0.0640285 0.0674473
2 0.413472 0.19063 0.13399 0.0682255 0.065115
0 0.965691 0.830218 0.0674831 0.141266 0.0619618
0 0.412558 0.151625 0.117876 0.114836 0.0598432
0 0.883906 0.951003 0.213596 0.0959442 0.0590942
0 0.965848 0.863551 0.0679792 0.20464 0.0495067
2 0.413528 0.202338 0.145077 0.124969 0.0359975
0 0.829495 0.891927 0.34101 0.214461 0.0340421
0 0.924578 0.882523 0.149549 0.234953 0.0319054
0 0.372333 0.191123 0.231198 0.218183 0.0317
0 0.953692 0.882719 0.0919117 0.234562 0.0312124
0 0.0196967 0.903137 0.0393732 0.193727 0.0288512
2 0.665361 0.465915 0.105282 0.0693993 0.0249348
0 0.109062 0.128822 0.217313 0.253879 0.0248765
0 0.0602216 0.131634 0.120443 0.26032 0.024315
0 0.929985 0.543318 0.138584 0.0870422 0.0233281
2 0.582988 0.624987 0.313764 0.197729 0.0229268
2 0.966934 0.80985 0.0661312 0.136471 0.0222934
2 0.969108 0.501593 0.06072 0.141798 0.0211475
0 0.965032 0.84561 0.0699369 0.101617 0.0187393
0 0.834774 0.938672 0.301932 0.121379 0.0182239
0 0.89111 0.912003 0.215747 0.175995 0.0178482
0 0.104941 0.184178 0.208946 0.363379 0.0171809
0 0.0174157 0.906881 0.0348315 0.0625176 0.0159947
0 0.0175915 0.915729 0.0350441 0.0999022 0.0151377
0 0.123121 0.0909697 0.245375 0.180063 0.015063
0 0.96593 0.539781 0.0681398 0.245143 0.0143146
1 0.660945 0.477436 0.112537 0.0793694 0.0132064
0 0.971448 0.83671 0.0565369 0.10409 0.0129331
0 0.959946 0.599321 0.0798564 0.324806 0.012643
2 0.608967 0.462395 0.216114 0.0897878 0.0124606
0 0.897799 0.956991 0.134923 0.0847355 0.0121766
2 0.542493 0.606448 0.337553 0.238844 0.0117891
2 0.968904 0.534651 0.0620863 0.102346 0.0117801
0 0.949074 0.832148 0.101618 0.312907 0.0113197
2 0.545353 0.634558 0.225659 0.180376 0.0111461
0 0.280816 0.393821 0.025243 0.0199266 0.0110769
0 0.304376 0.27612 0.112826 0.0868308 0.0108504
0 0.236402 0.274057 0.471921 0.547594 0.00946705
0 0.917081 0.538532 0.165839 0.249452 0.0094203
2 0.602054 0.66181 0.236911 0.123792 0.00935117
0 0.401361 0.200623 0.112125 0.0877526 0.00907604
2 0.663311 0.483476 0.110118 0.0945676 0.00906669
2 0.562938 0.655205 0.120069 0.0993189 0.00897871
1 0.60953 0.461141 0.227438 0.0922321 0.00880714
0 0.981004 0.80933 0.0379567 0.11128 0.00817421
0 0.0644635 0.0902263 0.128745 0.180453 0.00799708
0 0.0451353 0.0492908 0.0902707 0.0824756 0.00738707
0 0.197162 0.141101 0.394324 0.277714 0.00729131
0 0.946331 0.679682 0.106793 0.463119 0.00718483
0 0.071331 0.22683 0.142662 0.449102 0.00702335
0 0.0197672 0.933477 0.0389593 0.133046 0.00696581
0 0.438775 0.200186 0.387742 0.230328 0.00693974
0 0.323899 0.183799 0.647799 0.360899 0.0067259
1 0.659647 0.49134 0.115178 0.111916 0.00670022
0 0.259776 0.172966 0.506701 0.272984 0.00650728
0 0.925512 0.637405 0.148975 0.435211 0.00642009
0 0.944647 0.766421 0.109976 0.440685 0.00639991
2 0.461606 0.568039 0.279415 0.3126 0.00626172
0 0.354191 0.249083 0.705721 0.496782 0.00622077
0 0.854692 0.716354 0.290616 0.555346 0.00622022
0 0.298723 0.343973 0.596448 0.679607 0.00616608
0 0.855094 0.527275 0.289812 0.289684 0.00605048
2 0.544284 0.515744 0.45311 0.209934 0.00604789
0 0.573201 0.566486 0.408237 0.339694 0.00590181
0 0.988758 0.793893 0.0222277 0.0633674 0.00590051
0 0.987044 0.807254 0.0253414 0.0944779 0.00588716
0 0.0546962 0.895855 0.109301 0.208289 0.00581618
0 0.0176682 0.894529 0.0353365 0.0741965 0.00580166
2 0.92921 0.540652 0.140476 0.0688768 0.0057795
0 0.0498697 0.0609929 0.0993447 0.110668 0.00574742
0 0.378607 0.357472 0.240546 0.454932 0.00572516
0 0.796292 0.82992 0.407416 0.335669 0.00569986
0 0.421487 0.196449 0.123578 0.0842281 0.00565805
0 0.389395 0.227178 0.0923777 0.0779158 0.00562052
0 0.527194 0.528942 0.451811 0.261261 0.00559528
0 0.91927 0.854097 0.159942 0.183513 0.00557316
0 0.432624 0.114753 0.0533767 0.047403 0.00532944
0 0.26381 0.215348 0.511199 0.212182 0.00524012
0 0.282922 0.390855 0.0288698 0.0197712 0.00516275
0 0.928022 0.832779 0.142852 0.124343 0.00512226
0 0.962117 0.827831 0.0744092 0.191493 0.00507027
0 0.0848487 0.860987 0.16923 0.278025 0.00501468
2 0.757521 0.814689 0.105993 0.087878 0.00496006
0 0.901215 0.967715 0.148771 0.0645691 0.00492168
0 0.495273 0.376088 0.480535 0.562677 0.00488523
0 0.95739 0.489092 0.0841822 0.357693 0.00486294
0 0.738993 0.89552 0.505986 0.206574 0.00484547
0 0.492512 0.176366 0.490296 0.224397 0.00481872
0 0.107969 0.902649 0.215939 0.194703 0.00478002
0 0.558598 0.334743 0.621503 0.498143 0.0047077
0 0.950638 0.572808 0.098261 0.186966 0.00462941
0 0.731616 0.590078 0.536767 0.384337 0.00461319
0 0.314961 0.274551 0.111862 0.104717 0.00456189
0 0.0837035 0.27171 0.167407 0.543421 0.0045487
2 0.66714 0.504299 0.117555 0.136662 0.00453196
2 0.663016 0.259543 0.660761 0.518099 0.00444405
0 0.167423 0.926038 0.33242 0.147923 0.00442399
0 0.722542 0.663719 0.554917 0.528095 0.00438056
0 0.432236 0.11168 0.0648329 0.0627915 0.0043752
0 0.968796 0.483109 0.0624074 0.22651 0.00431714
0 0.449938 0.182958 0.0673388 0.0540993 0.00425874
0 0.545744 0.635651 0.471234 0.455603 0.00423567
0 0.764352 0.834836 0.123031 0.0730072 0.00419107
0 0.602059 0.21053 0.795882 0.394596 0.00416707
0 0.0446848 0.0378305 0.084965 0.0580166 0.00415686
0 0.155711 0.866887 0.310436 0.266226 0.00415294
2 0.543895 0.659949 0.455264 0.511846 0.004111
0 0.598199 0.498494 0.533721 0.269074 0.0040689
0 0.215224 0.957394 0.416393 0.0852116 0.00403159
0 0.446111 0.140832 0.408946 0.277042 0.00394624
0 0.632216 0.651175 0.6125 0.514956 0.00389868
0 0.253316 0.967912 0.479915 0.0641767 0.00383901
0 0.448546 0.494465 0.597244 0.315289 0.00382682
0 0.74397 0.532995 0.51206 0.338832 0.00381841
0 0.762971 0.827965 0.0877141 0.0470894 0.00379783
0 0.661408 0.280141 0.664157 0.547539 0.00379589
2 0.671105 0.647769 0.0791242 0.0550223 0.00378192
0 0.434859 0.124401 0.0622787 0.0514343 0.00377985
0 0.612002 0.428189 0.64774 0.350108 0.00377605
0 0.104512 0.818195 0.208212 0.36361 0.00377465
0 0.967119 0.55181 0.0656907 0.0879646 0.00374472
0 0.757035 0.815312 0.107929 0.0999855 0.00371891
0 0.3285 0.971478 0.531082 0.0570439 0.00370919
0 0.603021 0.280659 0.793958 0.493095 0.00369264
2 0.479641 0.596191 0.455545 0.371295 0.00367777
0 0.599172 0.163472 0.724625 0.323581 0.00367495
0 0.421686 0.124052 0.0501525 0.0468049 0.00366361
0 0.365315 0.144411 0.50454 0.286326 0.00362235
0 0.800548 0.506901 0.39747 0.367836 0.00359554
0 0.763651 0.727677 0.455837 0.48964 0.00354026
0 0.67338 0.859939 0.570298 0.268293 0.00352871
0 0.928987 0.10017 0.142025 0.20034 0.00347103
0 0.638386 0.916389 0.687638 0.167221 0.00343924
0 0.293216 0.0991379 0.586432 0.198276 0.00338115
0 0.535268 0.0843147 0.57719 0.168629 0.00337262
0 0.376546 0.196202 0.0600026 0.0748585 0.00336996
1 0.67967 0.509611 0.146015 0.145499 0.00333153
0 0.569963 0.698128 0.495196 0.445794 0.00332018
0 0.924019 0.167664 0.151962 0.335327 0.00328142
2 0.755111 0.223993 0.478624 0.447986 0.00326964
0 0.427651 0.241669 0.0809693 0.0467785 0.00322741
0 0.874857 0.0872782 0.250286 0.174556 0.00322692
1 0.600309 0.667672 0.250227 0.109172 0.00322409
0 0.937199 0.620174 0.125602 0.295402 0.00322259
0 0.221364 0.872324 0.438955 0.255352 0.00322075
0 0.434843 0.0968073 0.62242 0.193615 0.00321971
0 0.533438 0.96982 0.64878 0.0603589 0.00317026
0 0.27812 0.916453 0.54797 0.167093 0.00316417
0 0.579785 0.957434 0.713893 0.0851326 0.00313002
0 0.0882097 0.92581 0.176419 0.14838 0.00311573
0 0.300659 0.323314 0.570166 0.428975 0.00311075
0 0.756232 0.255213 0.47591 0.490818 0.00309847
0 0.945014 0.221411 0.108933 0.425119 0.00304868
2 0.88839 0.553897 0.0390998 0.0430229 0.00304133
0 0.670786 0.468368 0.638686 0.31388 0.00302841
0 0.100481 0.319869 0.200962 0.579007 0.00300892
0 0.0956617 0.404386 0.191323 0.486882 0.00299179
1 0.533767 0.595242 0.424159 0.260024 0.00296669
0 0.433953 0.410772 0.697605 0.430567 0.00296215
2 0.596707 0.659247 0.160772 0.107918 0.00293459
0 0.950684 0.390791 0.096617 0.425188 0.00290883
0 0.418971 0.111993 0.08613 0.0618721 0.00288637
0 0.918967 0.579584 0.162066 0.118038 0.00288398
0 0.370347 0.578314 0.713198 0.298129 0.00287946
0 0.839727 0.918211 0.320546 0.163577 0.00286623
0 0.872646 0.138956 0.252393 0.277913 0.00286406
0 0.370684 0.355316 0.638936 0.563051 0.00286244
0 0.714875 0.363974 0.559521 0.385253 0.00286203
0 0.87359 0.559557 0.0641495 0.0333458 0.0028369
0 0.765318 0.950402 0.428034 0.0976714 0.00282296
0 0.816281 0.226474 0.363177 0.450234 0.00281038
0 0.422425 0.156017 0.147853 0.13085 0.00279731
0 0.394339 0.170624 0.182726 0.206462 0.00278459
0 0.106383 0.654956 0.212766 0.496054 0.00278276
0 0.397162 0.923557 0.67002 0.152886 0.00277448
0 0.888563 0.23066 0.222873 0.451133 0.00275289
0 0.633781 0.782237 0.659881 0.435527 0.00274901
0 0.0947932 0.535925 0.189586 0.485832 0.00274295
0 0.109223 0.746851 0.218446 0.479981 0.00274264
0 0.972579 0.497489 0.0548415 0.158487 0.00272994
0 0.435361 0.379737 0.856771 0.527878 0.00268497
0 0.443275 0.249464 0.047273 0.0273393 0.00267451
0 0.637528 0.0983684 0.56338 0.196737 0.00265035
0 0.758279 0.434949 0.479542 0.388721 0.00264594
0 0.417818 0.635786 0.826752 0.376062 0.0026285
2 0.788598 0.106516 0.406394 0.213032 0.00261697
0 0.814639 0.100969 0.364737 0.201938 0.00261525
0 0.343487 0.824913 0.686094 0.350174 0.00261466
0 0.438254 0.854946 0.87225 0.290108 0.00261167
0 0.332537 0.494542 0.665074 0.719242 0.00260994
0 0.154813 0.788898 0.309626 0.422204 0.002579
2 0.691096 0.137975 0.597649 0.274527 0.00256982
2 0.624726 0.5838 0.305732 0.282001 0.00256796
0 0.860525 0.421507 0.276331 0.415573 0.00256041
0 0.922044 0.608713 0.155417 0.236575 0.00255494
2 0.577421 0.66687 0.119429 0.122207 0.00255229
2 0.8038 0.171451 0.387343 0.340949 0.0025476
0 0.782728 0.32033 0.426221 0.494248 0.0025425
0 0.573711 0.825793 0.766226 0.348415 0.00253908
0 0.976235 0.509299 0.0465621 0.131053 0.00253874
0 0.449865 0.250127 0.0337976 0.0250336 0.00253363
0 0.433375 0.689904 0.689716 0.553828 0.00249555
0 0.884405 0.976729 0.194333 0.046542 0.00249014
0 0.389775 0.489135 0.769816 0.361348 0.00247952
0 0.872688 0.356478 0.251259 0.406435 0.00246187
0 0.191139 0.748312 0.382278 0.499405 0.00246061
0 0.536403 0.745732 0.709475 0.508535 0.00243833
0 0.242958 0.709136 0.485915 0.546758 0.0024301
0 0.44777 0.469909 0.895539 0.641225 0.00240886
0 0.985197 0.780365 0.0296058 0.108039 0.00240801
0 0.799448 0.138084 0.393738 0.276168 0.00240431
0 0.429168 0.776152 0.798134 0.447695 0.00238905
1 0.555113 0.670566 0.155852 0.104641 0.00237473
1 0.673114 0.647204 0.074236 0.0549839 0.0023703
0 0.410568 0.108789 0.10767 0.0785537 0.00235806
0 0.310054 0.652037 0.620108 0.677733 0.00234189
0 0.88832 0.566172 0.0404509 0.0349567 0.00230986
2 0.421896 0.154901 0.120215 0.118117 0.0022749
0 0.431977 0.59578 0.863953 0.679555 0.00226951
0 0.911115 0.976083 0.136866 0.0478348 0.00225835
2 0.65531 0.600193 0.229779 0.166434 0.00225361
0 0.989838 0.771689 0.0196546 0.0964195 0.00221715
0 0.0439378 0.882391 0.0876028 0.235218 0.00221322
0 0.261608 0.280061 0.207117 0.095455 0.00220976
0 0.75817 0.870502 0.256469 0.140924 0.0022
1 0.0225504 0.933276 0.0451007 0.133448 0.00215157
0 0.892363 0.98888 0.132436 0.0222397 0.00214714
0 0.312783 0.333274 0.117391 0.210899 0.0021397
1 0.412901 0.238851 0.0618485 0.0522723 0.00213657
2 0.690507 0.527107 0.166762 0.18268 0.00211158
1 0.10256 0.934954 0.205121 0.130092 0.00208962
1 0.515126 0.619832 0.355502 0.211772 0.00208082
0 0.381892 0.181851 0.0512718 0.0475458 0.00204501
0 0.0213451 0.0790116 0.0426903 0.132989 0.0019803
0 0.016159 0.883254 0.0323179 0.0870411 0.00193218
0 0.440034 0.258648 0.229582 0.227173 0.00190096
0 0.925206 0.936592 0.0854081 0.0494877 0.0018777
1 0.370093 0.213158 0.234014 0.121996 0.00185559
0 0.341326 0.33542 0.175254 0.228542 0.00185515
2 0.517096 0.654784 0.222883 0.138687 0.00181014
0 0.819609 0.887436 0.276523 0.173941 0.0017906
0 0.728188 0.833647 0.167006 0.0715803 0.00175982
2 0.614594 0.627823 0.312887 0.16703 0.0017334
0 0.94075 0.935371 0.118499 0.0709778 0.00171317
1 0.859006 0.884688 0.280136 0.230624 0.00169873
0 0.0287542 0.44636 0.0572353 0.300181 0.00165032
2 0.0252834 0.856571 0.0505669 0.286859 0.00163957
0 0.373661 0.205619 0.0562544 0.0583064 0.0016301
0 0.306408 0.260792 0.0785442 0.0540669 0.00162877
0 0.923453 0.948829 0.13268 0.0766273 0.0016273
0 0.287009 0.274779 0.0451661 0.0582296 0.00161883
2 0.698269 0.604988 0.147175 0.143538 0.00161735
0 0.0165365 0.08025 0.0330731 0.116857 0.0016149
0 0.385324 0.13041 0.177404 0.10049 0.0016095
0 0.049131 0.0338944 0.0731887 0.0469937 0.00159414
0 0.817581 0.865967 0.25186 0.134665 0.00159214
0 0.283722 0.398175 0.0314061 0.0275054 0.00158199
1 0.539981 0.463695 0.375792 0.0955065 0.00157557
0 0.689202 0.536899 0.17365 0.209234 0.00155269
0 0.402354 0.52675 0.142735 0.0898733 0.00154613
0 0.896328 0.941555 0.112372 0.0704735 0.00153796
0 0.961299 0.815815 0.0774014 0.278133 0.00152794
2 0.478061 0.58085 0.300596 0.238435 0.00150857
0 0.512506 0.670613 0.22295 0.108523 0.00148841
0 0.0342236 0.323352 0.0682791 0.409609 0.00148414
2 0.658785 0.493823 0.197638 0.125201 0.00146718
1 0.0996478 0.960283 0.199296 0.079435 0.0014594
0 0.605555 0.457353 0.240208 0.0873999 0.00145244
0 0.524728 0.495914 0.410021 0.160516 0.00144724
0 0.0356926 0.386271 0.0709472 0.303148 0.00144101
0 0.0282587 0.66053 0.0562393 0.342422 0.00143186
0 0.0299439 0.502139 0.0596671 0.338184 0.00142598
1 0.734012 0.491386 0.278917 0.196715 0.00140441
2 0.685522 0.579546 0.174135 0.188654 0.0013969
0 0.93978 0.919341 0.119668 0.119953 0.00139548
0 0.956442 0.883176 0.0870965 0.178388 0.00139339
0 0.0281602 0.402837 0.0444713 0.0262068 0.00139151
0 0.0495733 0.0976319 0.0991466 0.0992837 0.0013794
0 0.856121 0.601918 0.105167 0.132855 0.00137232
0 0.286 0.413628 0.0456047 0.0705515 0.00136318
2 0.935773 0.116214 0.128455 0.232307 0.00136006
0 0.0346911 0.239077 0.0693822 0.478154 0.00135101
0 0.375116 0.247773 0.271839 0.195748 0.00135055
1 0.0708828 0.871712 0.141704 0.256577 0.00134373
1 0.706219 0.953705 0.587563 0.0922623 0.00133071
