1 0.486228 0.486256 0.369077 0.735138 0.952448
1 0.514091 0.63833 0.306864 0.42022 0.107826
1 0.534802 0.689584 0.259607 0.31892 0.0791344
2 0.0786145 0.629209 0.156559 0.725932 0.0279318
1 0.471683 0.344332 0.332352 0.451239 0.0176096
1 0.337411 0.560695 0.674822 0.860497 0.0137759
1 0.0785376 0.693069 0.156795 0.613141 0.0133386
1 0.619777 0.486923 0.687062 0.740003 0.0119888
2 0.0237081 0.626446 0.0471649 0.17833 0.00918055
0 0.0186853 0.622167 0.0373056 0.155064 0.00867365
1 0.529758 0.760077 0.276423 0.479845 0.00659345
2 0.0163454 0.613796 0.0326722 0.17028 0.00639144
1 0.381214 0.584938 0.576575 0.591251 0.00599888
1 0.470297 0.335906 0.307291 0.321976 0.00584654
1 0.502988 0.302867 0.407217 0.371332 0.00538765
0 0.435327 0.964494 0.0614056 0.0450304 0.00534801
2 0.0734609 0.527378 0.146922 0.358765 0.00489791
1 0.599284 0.539513 0.801431 0.919881 0.0045817
0 0.92767 0.187368 0.14359 0.372502 0.00413218
2 0.0860133 0.50105 0.172027 0.997901 0.00406896
1 0.362132 0.709304 0.617987 0.577496 0.00398964
1 0.51872 0.0659257 0.616101 0.129379 0.00394648
2 0.0192218 0.573312 0.0384436 0.52379 0.00376684
1 0.519529 0.260822 0.695663 0.361968 0.00375215
0 0.880094 0.198958 0.239813 0.39701 0.00365332
1 0.585127 0.0943974 0.683286 0.185849 0.00359704
2 0.0514879 0.511198 0.102976 0.547392 0.00353011
2 0.142467 0.616884 0.284935 0.760318 0.00352388
0 0.930744 0.273302 0.138319 0.537352 0.00351482
0 0.859394 0.130238 0.281211 0.260477 0.00344816
1 0.583497 0.149631 0.713616 0.298559 0.00340342
1 0.450759 0.274106 0.400555 0.391768 0.00338644
2 0.87939 0.0509359 0.23545 0.101163 0.00331023
1 0.708264 0.115532 0.500026 0.229223 0.00324368
1 0.461738 0.405869 0.338645 0.348278 0.00322953
1 0.574991 0.193687 0.797368 0.38601 0.00311002
2 0.0753025 0.592916 0.150605 0.34295 0.00309407
1 0.387817 0.946054 0.566663 0.107891 0.00306413
0 0.804953 0.11355 0.385214 0.2271 0.00303425
1 0.438598 0.28048 0.660254 0.50694 0.00303184
1 0.478143 0.937322 0.403214 0.125355 0.00302021
1 0.603914 0.374271 0.659423 0.515701 0.00297885
1 0.737091 0.200519 0.493428 0.399896 0.00293799
1 0.383542 0.801099 0.703899 0.395697 0.00287813
0 0.917329 0.349587 0.165341 0.68733 0.00286139
0 0.897403 0.277166 0.204807 0.545402 0.0028591
0 0.834004 0.206849 0.329206 0.411979 0.00284824
0 0.0198026 0.640195 0.0396052 0.62311 0.00283226
1 0.550513 0.919296 0.347159 0.161408 0.00270958
2 0.641675 0.570836 0.648197 0.810118 0.00270369
1 0.455989 0.0828558 0.748701 0.161824 0.00268084
2 0.476417 0.305414 0.289152 0.375681 0.00264955
2 0.15826 0.5 0.316521 1 0.00264597
1 0.65766 0.733494 0.573776 0.533013 0.0026207
0 0.850018 0.0484066 0.177235 0.0962307 0.00261811
2 0.651119 0.677286 0.600074 0.626288 0.00260264
1 0.584877 0.761201 0.4966 0.477599 0.00258465
1 0.427718 0.459378 0.521781 0.720305 0.00257911
0 0.432038 0.32559 0.649968 0.560988 0.0025343
0 0.848228 0.880372 0.303545 0.239257 0.0025234
0 0.940758 0.574906 0.118484 0.789415 0.00251872
1 0.59538 0.293404 0.802683 0.586809 0.00248504
0 0.930272 0.461432 0.139456 0.887453 0.00246482
0 0.561806 0.367297 0.855096 0.59514 0.00245932
1 0.0785244 0.801741 0.157049 0.386229 0.00241233
0 0.598977 0.443835 0.802046 0.810897 0.00238525
0 0.946685 0.69724 0.106493 0.605519 0.00235261
0 0.870054 0.365156 0.259502 0.725196 0.00231
1 0.570515 0.90446 0.511478 0.191081 0.00230476
1 0.286415 0.671418 0.57283 0.656228 0.00228853
0 0.771424 0.248793 0.451106 0.497587 0.00228127
1 0.0856288 0.860847 0.171258 0.278305 0.00226761
0 0.831009 0.302067 0.336276 0.600713 0.0022546
0 0.965789 0.77003 0.0673834 0.45994 0.00224157
0 0.925151 0.779762 0.149358 0.440477 0.00223226
0 0.666248 0.331655 0.661128 0.661528 0.00222858
0 0.891349 0.832297 0.217303 0.335407 0.00221923
0 0.990849 0.695264 0.0178822 0.10568 0.00221614
0 0.379736 0.453082 0.735592 0.812801 0.00220459
1 0.321646 0.921586 0.61161 0.156829 0.00219899
0 0.0862387 0.206188 0.172477 0.412377 0.00219715
0 0.0735304 0.660614 0.147061 0.54791 0.00217256
0 0.0256523 0.619242 0.0513045 0.154866 0.00217238
0 0.947953 0.805464 0.0318478 0.0450083 0.00215831
0 0.162464 0.52958 0.324041 0.935779 0.00214355
0 0.968632 0.758049 0.0627356 0.305051 0.00213378
0 0.27367 0.543986 0.546698 0.903953 0.00212973
0 0.846472 0.933282 0.307055 0.133374 0.0021195
0 0.692311 0.568714 0.615379 0.862573 0.00211137
0 0.812093 0.0471998 0.0957939 0.094091 0.00209219
0 0.0919503 0.442244 0.183901 0.830845 0.00207641
0 0.86654 0.585579 0.266921 0.778299 0.00206512
0 0.0102829 0.0442335 0.0204958 0.0883299 0.00202678
2 0.935529 0.30306 0.0251759 0.0347908 0.00202547
1 0.466031 0.142875 0.788684 0.279436 0.00201904
0 0.227289 0.113393 0.454577 0.225293 0.00200178
0 0.222515 0.0749932 0.434376 0.145883 0.00198932
0 0.892781 0.643133 0.214388 0.701806 0.00195364
0 0.144157 0.111318 0.288027 0.222637 0.00194737
0 0.198709 0.354225 0.39313 0.674427 0.001923
0 0.665208 0.926147 0.576906 0.147705 0.00192121
0 0.95666 0.278015 0.0862072 0.321684 0.00191592
0 0.786433 0.936122 0.399679 0.12726 0.00189867
0 0.758228 0.406575 0.483544 0.806974 0.00188397
0 0.243595 0.25009 0.481199 0.485745 0.00187756
0 0.183535 0.716374 0.367069 0.567253 0.00186511
0 0.297838 0.185161 0.595675 0.352413 0.00185759
0 0.960785 0.29658 0.077381 0.471375 0.00185224
0 0.289434 0.337909 0.575154 0.641517 0.00184778
0 0.219151 0.166088 0.437156 0.328612 0.0018399
0 0.821858 0.546631 0.353992 0.871319 0.00181562
0 0.901743 0.744759 0.196041 0.510481 0.00181439
0 0.772983 0.612048 0.454034 0.768635 0.00180629
0 0.34423 0.124349 0.668656 0.237262 0.00179325
0 0.30558 0.913134 0.580356 0.173502 0.0017853
0 0.21144 0.91539 0.42288 0.167857 0.00177902
1 0.3188 0.842505 0.62756 0.313695 0.00177268
0 0.461234 0.968876 0.120874 0.0574823 0.00176601
0 0.125223 0.888968 0.250446 0.220917 0.00174654
0 0.0908571 0.821583 0.179527 0.353751 0.00172918
0 0.864316 0.853259 0.270274 0.280687 0.00171974
1 0.180638 0.690571 0.356095 0.618857 0.00170591
0 0.947383 0.250037 0.104794 0.378044 0.00169503
0 0.812886 0.0484372 0.232993 0.0967268 0.00169427
1 0.67055 0.809349 0.634567 0.376855 0.00168332
0 0.802136 0.693488 0.394264 0.613024 0.00168024
1 0.0598481 0.73787 0.119696 0.52426 0.0016467
2 0.435168 0.966467 0.0679148 0.0515737 0.0016254
0 0.700818 0.838081 0.557847 0.31452 0.00159014
0 0.192531 0.848353 0.385015 0.29805 0.00158703
0 0.852459 0.795601 0.29142 0.408797 0.00157543
2 0.538175 0.198335 0.131808 0.158721 0.00153725
0 0.792228 0.846659 0.402707 0.292493 0.00152609
0 0.877049 0.0694036 0.245903 0.138807 0.00152301
1 0.0750174 0.609831 0.14898 0.377944 0.00152194
0 0.274651 0.720217 0.549302 0.559565 0.00151926
0 0.947214 0.326523 0.10484 0.216188 0.00150345
0 0.0251204 0.671759 0.0502408 0.656481 0.00149866
2 0.578573 0.697077 0.172434 0.306353 0.00148014
0 0.964374 0.330372 0.0712124 0.279239 0.00147313
0 0.964317 0.415113 0.0702565 0.579463 0.00146305
0 0.989514 0.676669 0.0205358 0.157721 0.00145883
0 0.298886 0.848041 0.577792 0.30144 0.00144007
0 0.978904 0.718588 0.0406669 0.562824 0.00142355
2 0.398965 0.415655 0.184345 0.340789 0.00142306
0 0.832931 0.0281492 0.138802 0.0561578 0.00137831
1 0.0380142 0.679788 0.0760285 0.640423 0.00136023
1 0.461919 0.495192 0.359433 0.335599 0.00135955
2 0.774448 0.0493796 0.336866 0.0987591 0.00135571
2 0.875619 0.0856097 0.248761 0.171219 0.00134628
2 0.342982 0.439537 0.0664568 0.148326 0.00133502
1 0.506539 0.701545 0.197212 0.292085 0.00128193
0 0.991029 0.703685 0.0174982 0.074941 0.00128013
0 0.0204049 0.373807 0.0408098 0.704719 0.00127707
0 0.0184007 0.572427 0.0367883 0.331159 0.00126774
1 0.769937 0.0486185 0.401741 0.0963859 0.00126007
0 0.943942 0.799444 0.0404701 0.059903 0.00125766
1 0.47847 0.381067 0.281015 0.241923 0.00124785
0 0.0255224 0.0358106 0.0510449 0.0716212 0.00123979
1 0.43783 0.0425654 0.473303 0.0851308 0.0012363
0 0.495963 0.968692 0.202195 0.0602061 0.0012281
0 0.800313 0.0552918 0.0712807 0.0824219 0.00122585
1 0.0324574 0.77047 0.0646687 0.459059 0.00122133
0 0.0203128 0.791444 0.0402005 0.417113 0.00121578
2 0.538162 0.0472066 0.412085 0.0944133 0.00119879
0 0.0255311 0.0899903 0.0501396 0.179981 0.00119603
1 0.50599 0.0458453 0.422419 0.0916905 0.00118187
0 0.0170135 0.119382 0.0336382 0.238765 0.00117654
0 0.990071 0.731604 0.0194324 0.126667 0.00115972
2 0.0435079 0.456036 0.0870158 0.69228 0.00115951
0 0.03018 0.43327 0.0603601 0.708867 0.00115948
0 0.0190735 0.29876 0.038147 0.597521 0.00115093
1 0.531587 0.300872 0.178368 0.363142 0.00114608
0 0.982842 0.702606 0.0343168 0.29976 0.00113579
1 0.532977 0.576045 0.270769 0.339216 0.00113571
1 0.487936 0.449953 0.285529 0.346269 0.00112345
0 0.967583 0.815346 0.0647358 0.369308 0.00111993
2 0.0634731 0.801579 0.126382 0.396842 0.00111455
2 0.617412 0.0487413 0.397125 0.0974826 0.00110881
2 0.419897 0.968685 0.105327 0.0595054 0.00110502
0 0.498069 0.72966 0.176032 0.221738 0.00110456
0 0.582517 0.0479669 0.461841 0.0954503 0.00109276
0 0.95978 0.771169 0.0803043 0.246362 0.00109259
0 0.436014 0.97074 0.0708222 0.058519 0.00109241
0 0.763823 0.0278687 0.222109 0.0541985 0.00108976
0 0.932963 0.297924 0.0266689 0.0486085 0.00108578
2 0.962865 0.272542 0.0732697 0.545084 0.00107529
0 0.940626 0.353554 0.117785 0.217639 0.0010744
2 0.967825 0.89698 0.0643499 0.206041 0.00105557
2 0.703244 0.0492306 0.349181 0.0981482 0.00104208
2 0.598132 0.682255 0.130854 0.281795 0.00103912
0 0.659168 0.049184 0.389194 0.097871 0.0010267
1 0.576247 0.530885 0.186724 0.311838 0.00102541
2 0.0174214 0.188445 0.0347258 0.37689 0.00102289
2 0.964881 0.838922 0.0702389 0.322155 0.0010186
0 0.969338 0.692108 0.0609974 0.430063 0.00101237
1 0.0755515 0.687536 0.147118 0.415342 0.00100924
0 0.0345134 0.868195 0.0690268 0.263609 0.00100665
2 0.382369 0.962897 0.19529 0.0731061 0.00100572
1 0.425955 0.471235 0.251317 0.325224 0.00100292
1 0.5779 0.700479 0.173676 0.293582 0.000997399
2 0.940667 0.312773 0.0365028 0.063354 0.000997053
2 0.0213731 0.656575 0.0425314 0.244616 0.000994666
0 0.0616912 0.815492 0.123382 0.369015 0.000991102
2 0.933777 0.211092 0.13222 0.422184 0.000987189
0 0.953344 0.397991 0.0932183 0.423892 0.000985812
0 0.873897 0.945836 0.252205 0.107784 0.000985158
1 0.509686 0.530906 0.328416 0.342877 0.000981919
2 0.498981 0.74719 0.181136 0.188416 0.000974213
2 0.353494 0.95303 0.273199 0.0932022 0.000972251
0 0.0769273 0.933869 0.153855 0.132262 0.000964246
2 0.13562 0.940597 0.271241 0.11845 0.000964131
0 0.417856 0.969872 0.100863 0.0587262 0.000960082
0 0.383482 0.38183 0.150112 0.264423 0.000952737
0 0.508514 0.955918 0.260299 0.0869168 0.000952299
0 0.395688 0.446627 0.173977 0.262584 0.000951421
1 0.504747 0.745555 0.188257 0.196503 0.000950778
2 0.768523 0.0580654 0.166781 0.116033 0.000949671
2 0.218579 0.0468671 0.409903 0.0937342 0.000946853
1 0.467322 0.557353 0.36035 0.414694 0.000943608
0 0.072752 0.104227 0.145504 0.208453 0.000943493
0 0.504446 0.772916 0.188274 0.141212 0.000937852
0 0.925059 0.29457 0.0457874 0.0590361 0.000936071
2 0.195216 0.0976982 0.390432 0.195396 0.000926159
0 0.0583567 0.411427 0.116713 0.565031 0.000925235
2 0.68691 0.190631 0.152924 0.151528 0.000923195
2 0.385975 0.373794 0.159615 0.248615 0.000921199
2 0.657087 0.976254 0.180623 0.0466388 0.000920216
2 0.108849 0.337428 0.214746 0.340288 0.000912767
2 0.464883 0.387278 0.345235 0.323063 0.000912767
2 0.917896 0.872929 0.164178 0.253305 0.000908599
2 0.546842 0.266309 0.169751 0.302074 0.000905736
0 0.113405 0.941053 0.226087 0.117297 0.000901346
2 0.189368 0.944148 0.378736 0.111439 0.000898015
2 0.255232 0.082072 0.510465 0.161746 0.00089637
0 0.489218 0.679556 0.1856 0.308167 0.000894102
0 0.367659 0.432701 0.115761 0.198346 0.000887737
2 0.0647945 0.463195 0.129589 0.498014 0.000886906
2 0.241267 0.948681 0.315089 0.102139 0.00088444
0 0.470249 0.628016 0.24353 0.410521 0.000877904
2 0.615076 0.637191 0.0944462 0.198927 0.000875838
2 0.749496 0.0632661 0.235922 0.126532 0.000874724
0 0.0712559 0.349767 0.142512 0.34 0.000873917
0 0.491359 0.843096 0.191244 0.260949 0.000872191
2 0.0675383 0.503887 0.135077 0.145511 0.000869181
0 0.795802 0.0371268 0.06425 0.0734224 0.000868841
2 0.0850392 0.609466 0.170078 0.456941 0.000866457
0 0.409014 0.193059 0.371668 0.201342 0.000864975
2 0.973499 0.568615 0.0517221 0.684868 0.0008626
2 0.563325 0.211033 0.210377 0.196194 0.000862194
0 0.915242 0.937657 0.169517 0.124686 0.000862071
0 0.060309 0.880391 0.120618 0.238552 0.00086127
2 0.928791 0.93115 0.142418 0.1377 0.000857973
2 0.675631 0.965812 0.197606 0.0678321 0.000854497
0 0.819781 0.857908 0.107083 0.146568 0.000849194
1 0.875952 0.137262 0.248096 0.274524 0.000848614
1 0.566285 0.625203 0.194901 0.383079 0.000845677
2 0.082863 0.939427 0.165726 0.120433 0.000844875
2 0.300478 0.953503 0.320868 0.0924819 0.000840217
1 0.585382 0.577285 0.157091 0.323082 0.000840089
2 0.0186221 0.595975 0.036924 0.264757 0.000838465
2 0.317937 0.043245 0.491096 0.08649 0.000837033
0 0.954889 0.820069 0.0902224 0.33158 0.000835984
2 0.491433 0.961616 0.194908 0.0681868 0.000835798
0 0.338716 0.180176 0.346073 0.278507 0.000835673
0 0.604253 0.875717 0.178753 0.248566 0.000831397
0 0.87564 0.890656 0.245098 0.215241 0.000828238
0 0.972066 0.538546 0.0547271 0.698659 0.000827768
2 0.632023 0.961893 0.205873 0.0757947 0.000825459
1 0.401853 0.450106 0.186468 0.315635 0.000823023
0 0.203175 0.133408 0.334929 0.266816 0.000818336
2 0.141102 0.901219 0.278017 0.193206 0.000815562
0 0.326473 0.906646 0.258637 0.184311 0.000814866
0 0.277098 0.17301 0.320148 0.306258 0.000814778
0 0.072041 0.902931 0.139641 0.192432 0.000813238
0 0.932189 0.391437 0.13522 0.296798 0.000813132
0 0.0937169 0.354549 0.185536 0.292052 0.000813115
0 0.28551 0.268275 0.284671 0.220071 0.000812785
2 0.724088 0.952628 0.245406 0.0944942 0.000811221
2 0.945653 0.297709 0.0494 0.0551041 0.000810107
0 0.587642 0.762225 0.154467 0.166722 0.000807603
0 0.156181 0.871621 0.244548 0.256758 0.000807481
0 0.629342 0.885396 0.172381 0.229207 0.000805457
0 0.803705 0.950574 0.232857 0.0985197 0.000805422
0 0.935045 0.73121 0.129462 0.283595 0.000800647
0 0.36558 0.23278 0.325744 0.167273 0.000799192
0 0.255626 0.13867 0.287096 0.277339 0.000799191
0 0.299728 0.314696 0.284433 0.166385 0.000799187
0 0.91362 0.870179 0.17276 0.259642 0.000798287
0 0.394667 0.155532 0.360247 0.284225 0.000797956
1 0.546623 0.353295 0.142986 0.272551 0.000797743
0 0.825382 0.911973 0.135097 0.160125 0.000796139
0 0.235123 0.206961 0.319666 0.268788 0.000794983
0 0.276527 0.211834 0.276872 0.239219 0.000792984
0 0.117129 0.916908 0.234258 0.164109 0.000792833
0 0.209122 0.903952 0.253865 0.188631 0.000791782
0 0.602555 0.907593 0.174065 0.179953 0.000791751
0 0.904644 0.195567 0.190711 0.309339 0.000791684
2 0.603437 0.220167 0.245499 0.226462 0.000791257
0 0.936998 0.427128 0.125932 0.467377 0.000790285
