2 0.549757 0.611858 0.788928 0.527493 0.977729
0 0.8092 0.112214 0.381599 0.223991 0.323661
0 0.402785 0.251025 0.0771986 0.0524901 0.271369
0 0.941201 0.431615 0.0930934 0.0704258 0.0898156
0 0.360964 0.313282 0.0564961 0.0286431 0.0648749
0 0.669528 0.113787 0.660944 0.227574 0.0619033
0 0.582548 0.984469 0.0626373 0.0306957 0.0592353
0 0.814784 0.027723 0.370433 0.0554461 0.0591808
0 0.943074 0.404646 0.098504 0.126544 0.0581645
0 0.0706594 0.443441 0.0567236 0.038862 0.0547789
0 0.890312 0.168455 0.0613751 0.071492 0.0519264
0 0.940364 0.441672 0.0884894 0.045197 0.0472458
2 0.54337 0.685899 0.789169 0.358385 0.0381834
0 0.886791 0.176259 0.0710812 0.091664 0.0349563
2 0.942054 0.399031 0.104559 0.13662 0.0336077
2 0.419965 0.616509 0.532785 0.516049 0.0223592
0 0.62062 0.808468 0.0652851 0.0524022 0.0218077
2 0.797062 0.113857 0.405877 0.22655 0.0217009
2 0.942143 0.431718 0.0958686 0.0724322 0.0193434
2 0.530638 0.535557 0.809678 0.377736 0.01875
1 0.604083 0.127447 0.791833 0.254145 0.0174843
0 0.57464 0.981276 0.322369 0.0365511 0.0164989
1 0.571622 0.197873 0.856756 0.395316 0.0164766
0 0.539422 0.984125 0.166157 0.0317318 0.0158914
0 0.922416 0.44465 0.0507682 0.0345364 0.0149497
0 0.184318 0.384966 0.0412351 0.0521758 0.0144628
0 0.87192 0.174952 0.102897 0.0904686 0.0134335
2 0.957933 0.43112 0.0671359 0.072017 0.0128518
0 0.540485 0.541512 0.80615 0.541184 0.0120718
0 0.895814 0.0248909 0.208373 0.0492554 0.0118315
0 0.73085 0.187738 0.538301 0.373886 0.011247
0 0.0702181 0.430474 0.0660897 0.0664368 0.0110854
0 0.473471 0.978884 0.339875 0.0417719 0.0105332
2 0.963159 0.392103 0.0668607 0.145244 0.0099232
0 0.889531 0.135607 0.204796 0.171825 0.00955986
0 0.390744 0.27464 0.101681 0.101103 0.00939126
0 0.93341 0.0219855 0.133181 0.0437782 0.00876779
0 0.833476 0.13305 0.333048 0.179295 0.00829296
0 0.80989 0.0497103 0.38022 0.0994205 0.00781639
2 0.651156 0.672121 0.577332 0.386235 0.00765812
0 0.216427 0.368447 0.115637 0.0887965 0.00756343
0 0.504233 0.0294008 0.576046 0.058521 0.00751947
1 0.542865 0.0252446 0.746173 0.0494908 0.00751496
1 0.5181 0.0607905 0.7442 0.121581 0.00733169
0 0.595888 0.0253863 0.808225 0.0503276 0.0073313
0 0.164639 0.842318 0.0740956 0.0297931 0.0072067
0 0.241062 0.369429 0.165234 0.0905297 0.00683168
0 0.852845 0.170776 0.140999 0.100293 0.00678105
0 0.448829 0.970486 0.559529 0.058923 0.00670847
0 0.860534 0.248428 0.135549 0.0901949 0.00668537
0 0.0532112 0.437436 0.0966492 0.0568029 0.00660651
1 0.565458 0.0985706 0.800476 0.195937 0.00632432
0 0.951942 0.0209211 0.0961152 0.0416955 0.00582408
1 0.544522 0.817111 0.758604 0.365387 0.00554849
2 0.650253 0.547877 0.581149 0.386539 0.00538387
2 0.604861 0.0300204 0.691748 0.0600408 0.00537631
1 0.47807 0.961116 0.627357 0.0777677 0.00537014
0 0.29322 0.371302 0.269196 0.0939225 0.00525243
1 0.540594 0.286364 0.918813 0.572729 0.00520446
0 0.510886 0.417124 0.842884 0.355481 0.00513478
1 0.535039 0.860558 0.632977 0.278476 0.00512516
0 0.218852 0.955396 0.0379025 0.0356877 0.00506109
0 0.502106 0.982989 0.264311 0.0337973 0.00494289
1 0.797727 0.244654 0.404546 0.489309 0.00493429
0 0.626617 0.983483 0.239252 0.032476 0.00491662
0 0.804933 0.231329 0.390048 0.462658 0.00480003
2 0.212031 0.364353 0.103979 0.0822391 0.00476716
0 0.393952 0.321923 0.493425 0.211161 0.00471562
2 0.811904 0.0316038 0.376191 0.0632077 0.0047144
2 0.962796 0.424365 0.0569946 0.0980164 0.00464446
0 0.362602 0.304033 0.0603095 0.0457681 0.00458409
1 0.694146 0.239281 0.611709 0.478562 0.00446154
0 0.30559 0.318326 0.304002 0.19734 0.00433827
2 0.421323 0.702052 0.537179 0.338691 0.00423813
0 0.80761 0.155852 0.257173 0.131144 0.0042223
0 0.856288 0.211811 0.134278 0.169254 0.00417059
0 0.558395 0.476471 0.768514 0.295151 0.00416889
0 0.502442 0.285167 0.75941 0.551975 0.00415132
0 0.888748 0.151865 0.063721 0.109572 0.00412539
0 0.528018 0.381361 0.814038 0.622462 0.00410869
0 0.88487 0.154381 0.0681703 0.160744 0.0040925
2 0.698677 0.568437 0.486447 0.319683 0.00402287
0 0.0581576 0.427145 0.0903721 0.0781606 0.00400181
2 0.679533 0.770666 0.191543 0.130396 0.00399687
0 0.681304 0.768671 0.193804 0.136306 0.00398587
1 0.681593 0.769234 0.194095 0.135315 0.00397291
2 0.724664 0.7069 0.424749 0.279329 0.0039223
0 0.45637 0.372154 0.624505 0.251121 0.00389837
2 0.711977 0.64395 0.458171 0.332895 0.00382345
0 0.635158 0.981394 0.316445 0.0359325 0.00379339
2 0.364652 0.648461 0.420266 0.474206 0.00375336
2 0.504563 0.802976 0.641969 0.382818 0.00372926
0 0.460137 0.0250056 0.725551 0.0490924 0.00370763
1 0.417543 0.0569865 0.608705 0.112935 0.00367395
0 0.45725 0.236192 0.643197 0.461771 0.00362812
1 0.451918 0.888602 0.57788 0.222755 0.00351856
1 0.430645 0.945703 0.787666 0.108594 0.00349072
1 0.37985 0.774644 0.226782 0.183114 0.00346938
0 0.304803 0.356086 0.301946 0.130214 0.00341022
0 0.330032 0.228521 0.370091 0.408512 0.0033227
0 0.870199 0.0281069 0.259602 0.0558511 0.00328913
0 0.790906 0.260761 0.418187 0.521522 0.00324127
0 0.860183 0.264028 0.133898 0.070288 0.00320876
0 0.445083 0.96732 0.376331 0.0653595 0.00315859
0 0.493429 0.0889882 0.747529 0.174272 0.00310163
0 0.337431 0.395344 0.376141 0.195817 0.00308739
0 0.307731 0.409228 0.298842 0.169811 0.00301887
0 0.0945628 0.563767 0.0393745 0.0339091 0.00301707
0 0.957733 0.020275 0.0845341 0.0404446 0.00297245
1 0.746514 0.715574 0.399118 0.282656 0.00294287
2 0.92356 0.397222 0.147193 0.14204 0.00293902
1 0.620591 0.954042 0.713267 0.0919151 0.00291081
2 0.63623 0.806987 0.0962085 0.0570623 0.00289666
1 0.700131 0.840169 0.509187 0.319663 0.00288986
0 0.947903 0.410712 0.104195 0.137914 0.00285396
2 0.688855 0.505496 0.507496 0.307218 0.00283962
0 0.885899 0.112093 0.228202 0.222539 0.00282463
0 0.907312 0.172231 0.163812 0.097834 0.00282223
0 0.498901 0.00960267 0.322572 0.0192053 0.00280557
1 0.727219 0.800322 0.432186 0.399357 0.00276875
0 0.712336 0.945858 0.563971 0.108284 0.00275905
0 0.560005 0.968188 0.387137 0.0636235 0.00272218
2 0.381662 0.278085 0.109243 0.0957801 0.00270317
0 0.107875 0.687358 0.215751 0.315023 0.00269865
1 0.807502 0.0254564 0.384997 0.0507955 0.0026944
0 0.406804 0.188596 0.560345 0.376674 0.00267283
0 0.0951648 0.727526 0.19033 0.295265 0.00264746
0 0.483215 0.631182 0.670054 0.235109 0.00259426
0 0.722796 0.0317322 0.554407 0.0631574 0.00259302
2 0.965202 0.356872 0.064691 0.212101 0.00258688
2 0.379278 0.564109 0.448133 0.442276 0.0025846
1 0.966571 0.358533 0.061163 0.0425394 0.00255733
2 0.347928 0.69812 0.383187 0.351782 0.00254794
0 0.766921 0.940404 0.466157 0.119192 0.00254167
0 0.384583 0.515176 0.462881 0.360992 0.00253962
0 0.117525 0.610424 0.23505 0.341356 0.0025393
0 0.101267 0.788437 0.202533 0.30633 0.00251601
1 0.671341 0.891044 0.59089 0.217144 0.00249812
0 0.476535 0.0123832 0.34059 0.0247664 0.00245946
2 0.404849 0.770977 0.536192 0.454579 0.00245671
0 0.0662957 0.579791 0.0996258 0.0724587 0.00243742
0 0.106989 0.562533 0.213978 0.312531 0.00243111
0 0.556997 0.0113404 0.335465 0.0226807 0.00242973
0 0.160513 0.942979 0.321026 0.114041 0.00242736
0 0.187443 0.658079 0.331333 0.397879 0.00242458
0 0.390643 0.0304638 0.640854 0.0606868 0.002418
0 0.53269 0.393058 0.194296 0.0958592 0.00241453
0 0.194735 0.383626 0.06189 0.0535273 0.00239255
2 0.37407 0.860814 0.625791 0.275485 0.00239114
0 0.330371 0.967469 0.450051 0.0648142 0.00238424
0 0.0774309 0.50081 0.154862 0.255127 0.00238408
0 0.269198 0.07809 0.479534 0.153613 0.00238075
0 0.120135 0.83774 0.24027 0.283778 0.00237158
0 0.0616714 0.438617 0.123343 0.2167 0.00235892
0 0.945662 0.40048 0.108675 0.140648 0.00235116
0 0.250441 0.20181 0.352218 0.377235 0.0023481
0 0.774042 0.905764 0.451917 0.185857 0.00234672
2 0.311904 0.677871 0.439712 0.460603 0.00234533
0 0.0976528 0.190648 0.195306 0.244961 0.00233487
0 0.0983014 0.28351 0.196603 0.246973 0.0023343
0 0.114776 0.0841256 0.229553 0.168251 0.00233402
0 0.0757853 0.438354 0.071154 0.0532537 0.00233311
0 0.365883 0.127946 0.617111 0.247546 0.00233149
0 0.297194 0.272599 0.426524 0.254153 0.00233103
0 0.100211 0.229439 0.200422 0.25558 0.00232951
0 0.0836442 0.335512 0.167288 0.233184 0.0023272
0 0.305587 0.939087 0.603689 0.121825 0.0023265
0 0.0629941 0.37983 0.125988 0.218742 0.00232085
2 0.31304 0.800744 0.478137 0.39516 0.00230879
0 0.324538 0.432741 0.350605 0.269373 0.00230334
0 0.177585 0.0823377 0.3272 0.164596 0.00226626
0 0.183208 0.772358 0.322655 0.37606 0.00225427
0 0.141424 0.89987 0.282848 0.180577 0.00225105
0 0.104676 0.113422 0.209353 0.217526 0.00221846
0 0.764677 0.852682 0.466602 0.294637 0.00220845
0 0.8658 0.297975 0.2684 0.502771 0.00219835
0 0.966633 0.357804 0.0614937 0.0404811 0.00219486
0 0.760474 0.548073 0.44361 0.294213 0.00219318
2 0.913698 0.572061 0.172604 0.396954 0.00218961
0 0.300359 0.277669 0.297278 0.111222 0.00218215
2 0.839629 0.113362 0.320741 0.226724 0.00218113
0 0.0529343 0.421517 0.103179 0.104515 0.00218041
2 0.255335 0.860408 0.46742 0.264107 0.00217171
0 0.648818 0.432498 0.608609 0.236723 0.0021661
0 0.29733 0.9453 0.304 0.108308 0.00216595
0 0.87805 0.496336 0.2439 0.426415 0.00215336
1 0.545932 0.0398707 0.701902 0.0797415 0.0021461
1 0.878811 0.415189 0.229992 0.126771 0.00213948
0 0.180085 0.18693 0.312568 0.304461 0.00213668
0 0.35754 0.262957 0.173804 0.0807732 0.00213628
0 0.803988 0.843057 0.392024 0.313886 0.00213577
0 0.225819 0.12218 0.403887 0.23701 0.0021334
1 0.966328 0.402003 0.0629449 0.156806 0.00212656
0 0.825824 0.446995 0.348352 0.339901 0.00212536
0 0.334823 0.48005 0.380755 0.321342 0.00212416
2 0.938144 0.622528 0.123711 0.400989 0.00211953
0 0.35431 0.593834 0.411131 0.538882 0.00211312
1 0.447937 0.774396 0.37928 0.182365 0.0021089
0 0.287777 0.883391 0.538897 0.22449 0.00210451
0 0.305285 0.522316 0.426876 0.293118 0.00210296
0 0.863754 0.802193 0.272492 0.395614 0.0020924
2 0.948976 0.671753 0.102047 0.397705 0.00209115
0 0.848276 0.378052 0.303449 0.32529 0.00207476
0 0.333523 0.339005 0.503159 0.223579 0.00206409
0 0.180997 0.551778 0.31738 0.335356 0.00205998
0 0.205882 0.258147 0.361783 0.269175 0.00205937
0 0.596195 0.0200197 0.471408 0.039313 0.00205312
2 0.920411 0.768373 0.159179 0.410694 0.00202459
0 0.750189 0.273183 0.45952 0.517343 0.00202225
1 0.876588 0.0274363 0.244844 0.0531977 0.0020218
0 0.539852 0.0235379 0.46839 0.0466953 0.00202175
2 0.747002 0.79163 0.448478 0.373805 0.00201509
2 0.941556 0.722037 0.116888 0.415619 0.00201045
2 0.964455 0.407196 0.0586794 0.187422 0.00199775
0 0.663956 0.287181 0.629768 0.56514 0.0019952
0 0.165625 0.509102 0.287009 0.257337 0.00198513
0 0.513735 0.0520644 0.667202 0.104129 0.00195884
0 0.599671 0.644105 0.729623 0.208063 0.00195523
0 0.780748 0.452967 0.424483 0.236874 0.00191342
0 0.32121 0.42475 0.480136 0.254861 0.00191063
0 0.403449 0.970923 0.24325 0.0581272 0.00190801
0 0.198356 0.454098 0.354591 0.238407 0.00187964
0 0.204517 0.326857 0.363587 0.224179 0.00187915
0 0.770546 0.398635 0.445109 0.199011 0.00187013
2 0.511038 0.394039 0.146775 0.10859 0.0018637
1 0.405805 0.764372 0.287795 0.212018 0.00186287
0 0.21116 0.359389 0.102485 0.0679431 0.00184688
0 0.430833 0.0191944 0.462241 0.0375521 0.00181324
0 0.203768 0.378951 0.365172 0.20993 0.00181123
0 0.258102 0.57039 0.041233 0.0267276 0.00181041
0 0.503147 0.379482 0.128714 0.0738874 0.00180591
0 0.0201241 0.206491 0.0402483 0.0504415 0.00179198
2 0.966378 0.378823 0.0645458 0.100943 0.00178876
0 0.805132 0.204693 0.260477 0.191781 0.00175063
0 0.312196 0.0341005 0.563431 0.0676287 0.00175063
0 0.618924 0.0145326 0.401512 0.0290653 0.00174959
2 0.966503 0.358281 0.0615767 0.0421649 0.00171737
0 0.418894 0.0634646 0.609092 0.126929 0.0017108
2 0.379046 0.775415 0.225197 0.186411 0.00170966
0 0.698457 0.975786 0.431878 0.0476798 0.00170446
0 0.327334 0.043661 0.654668 0.0865809 0.00169437
1 0.645922 0.0443489 0.708156 0.0886978 0.00168873
1 0.437066 0.724 0.415721 0.298118 0.00165522
0 0.870808 0.148596 0.104131 0.16507 0.00162643
0 0.427865 0.600295 0.528164 0.159066 0.00161751
0 0.723813 0.76012 0.27258 0.145505 0.00160815
0 0.764478 0.728177 0.353144 0.212748 0.00160285
1 0.371633 0.724186 0.263505 0.301986 0.00158768
0 0.561908 0.980947 0.175955 0.0381065 0.00151178
0 0.426972 0.0146675 0.375104 0.029335 0.00150441
0 0.861032 0.237585 0.13707 0.135121 0.00150014
0 0.681336 0.0211807 0.319198 0.0423613 0.00149334
0 0.954172 0.481794 0.0916556 0.190684 0.00148502
0 0.328954 0.385372 0.374745 0.124 0.00145602
0 0.104609 0.588157 0.202734 0.094865 0.00145176
0 0.859734 0.279573 0.136482 0.0770171 0.00145106
0 0.409405 0.277346 0.137989 0.11047 0.0014497
2 0.661045 0.800729 0.150926 0.0716064 0.00143713
1 0.639657 0.800215 0.109784 0.0749386 0.00143053
0 0.326334 0.920867 0.269596 0.158265 0.00142543
0 0.0528641 0.469234 0.105728 0.216579 0.00142261
0 0.56066 0.394438 0.253883 0.106829 0.00141302
0 0.766585 0.0246501 0.253275 0.0493002 0.00139829
0 0.270513 0.953511 0.333593 0.0871994 0.00139644
0 0.403681 0.971767 0.169237 0.0564669 0.0013911
0 0.332358 0.744213 0.327468 0.257583 0.00138517
1 0.893269 0.425265 0.19816 0.0999159 0.00137095
0 0.732318 0.134043 0.10221 0.0690001 0.00134629
0 0.419428 0.282607 0.240892 0.120832 0.00134395
0 0.321867 0.0138354 0.338547 0.0276708 0.00134229
0 0.991469 0.981499 0.0170622 0.0354082 0.00132786
0 0.411093 0.086774 0.43861 0.171801 0.00129661
0 0.463921 0.773773 0.422317 0.189813 0.00128842
1 0.620642 0.768951 0.326231 0.141318 0.00128556
0 0.23258 0.0353972 0.415509 0.0694994 0.00127856
0 0.317622 0.551112 0.319999 0.298281 0.0012734
0 0.976574 0.98011 0.0468526 0.0391704 0.00126408
0 0.65054 0.964674 0.401426 0.0698856 0.00126143
1 0.354468 0.717991 0.360761 0.324397 0.00125972
0 0.388975 0.947036 0.46027 0.105177 0.0012593
1 0.945756 0.47187 0.0994374 0.16929 0.00125635
0 0.956766 0.396912 0.0864681 0.145866 0.00125481
0 0.0195382 0.196748 0.0390763 0.0262505 0.00124678
2 0.745988 0.76077 0.329214 0.150462 0.00122802
0 0.460069 0.259035 0.218494 0.0604403 0.0012246
0 0.35541 0.588429 0.398045 0.199541 0.00122049
0 0.50464 0.392624 0.131652 0.107584 0.00121562
0 0.26122 0.0481389 0.509978 0.0950698 0.00120836
0 0.0548816 0.37455 0.109763 0.193722 0.0012047
0 0.505364 0.948736 0.431754 0.101764 0.00119953
0 0.229819 0.356639 0.147119 0.0706261 0.00119707
0 0.343144 0.977437 0.247006 0.0450991 0.0011797
0 0.839028 0.176749 0.178155 0.13799 0.00117942
2 0.889289 0.113172 0.221422 0.226344 0.00117612
0 0.3322 0.310918 0.121456 0.0391562 0.00116617
0 0.0735217 0.428627 0.0901468 0.075812 0.00115051
0 0.0626241 0.59408 0.121203 0.118705 0.00114419
0 0.309704 0.0602648 0.576692 0.12053 0.0011403
0 0.379858 0.77756 0.229561 0.181367 0.00113953
0 0.873912 0.388123 0.247051 0.169562 0.00113844
