1 0.474406 0.432558 0.310298 0.828808 0.812645
1 0.474249 0.25993 0.308235 0.488252 0.752002
2 0.474689 0.627361 0.290263 0.465791 0.618888
2 0.476448 0.490329 0.295938 0.750039 0.583236
0 0.958801 0.193712 0.0795349 0.103145 0.0641941
1 0.386072 0.460585 0.488049 0.892444 0.0560573
2 0.511993 0.688442 0.206913 0.346794 0.0373048
0 0.807993 0.934999 0.0785142 0.130002 0.0113729
0 0.24473 0.864506 0.0492996 0.0869233 0.00794967
1 0.33722 0.484032 0.665705 0.908685 0.00784084
0 0.82469 0.922433 0.117633 0.155134 0.00757854
1 0.580851 0.485678 0.838299 0.949366 0.00674961
0 0.957263 0.141333 0.0842735 0.282667 0.00665321
2 0.471357 0.698388 0.300255 0.376514 0.00637151
1 0.532311 0.31726 0.185224 0.362543 0.00549344
1 0.496388 0.294533 0.261603 0.340283 0.00549333
1 0.44755 0.206978 0.360339 0.389166 0.00515416
2 0.806731 0.933257 0.0798942 0.133485 0.00509048
0 0.238811 0.907894 0.0959084 0.173259 0.00507714
0 0.957763 0.302259 0.0833826 0.376845 0.00507584
1 0.3803 0.306231 0.559231 0.58524 0.00490644
2 0.42986 0.632445 0.444702 0.536413 0.00441094
2 0.451533 0.724559 0.397159 0.505651 0.00431762
1 0.450539 0.416321 0.233244 0.391572 0.00429743
1 0.500957 0.184871 0.417527 0.361311 0.00405573
0 0.793643 0.951824 0.318934 0.0963528 0.00398167
2 0.453286 0.683006 0.606137 0.628451 0.0038465
0 0.0195785 0.739309 0.039157 0.521383 0.00360581
0 0.189291 0.884528 0.322114 0.217389 0.00359232
2 0.629947 0.618841 0.659508 0.736679 0.00352314
0 0.939487 0.179954 0.119448 0.359909 0.0033687
0 0.944954 0.259981 0.109676 0.519961 0.00335439
1 0.653675 0.376275 0.69265 0.743808 0.00329824
0 0.988964 0.422105 0.021767 0.0795695 0.00326202
1 0.472272 0.69331 0.268641 0.32997 0.00326186
0 0.189991 0.930132 0.341294 0.139736 0.00321241
1 0.692237 0.5 0.615526 1 0.0031772
0 0.701185 0.947834 0.407347 0.104332 0.00316999
0 0.153864 0.865373 0.294438 0.248821 0.00314177
0 0.804157 0.927985 0.335188 0.144031 0.00312388
0 0.239383 0.892888 0.0768877 0.148191 0.00305713
0 0.74786 0.922347 0.355008 0.155227 0.00304637
0 0.0946776 0.514406 0.188834 0.934616 0.0030113
1 0.0942414 0.501744 0.187959 0.977829 0.00300597
1 0.654625 0.721891 0.666843 0.556217 0.00297533
0 0.781553 0.882811 0.0205531 0.037811 0.00294869
1 0.452043 0.176234 0.418334 0.352467 0.00294543
1 0.580508 0.210572 0.773609 0.421145 0.00290472
0 0.65927 0.889372 0.494488 0.218903 0.00290315
1 0.373861 0.22626 0.501512 0.452521 0.00287174
0 0.333299 0.881311 0.583533 0.226674 0.00285348
0 0.835398 0.897634 0.329204 0.204732 0.00279655
0 0.285543 0.933766 0.460494 0.132469 0.00275907
1 0.381141 0.804737 0.717172 0.372862 0.00274758
1 0.506766 0.142992 0.540128 0.285984 0.0027404
0 0.947945 0.361298 0.103759 0.722595 0.00273103
0 0.207491 0.826286 0.3763 0.334804 0.00270664
2 0.575153 0.298156 0.536983 0.555379 0.00268686
0 0.903091 0.193365 0.193818 0.386731 0.00267076
0 0.208442 0.906835 0.173963 0.175706 0.00262659
0 0.867857 0.163671 0.262448 0.327342 0.00261618
1 0.453945 0.334943 0.284996 0.424912 0.00260103
0 0.320735 0.809619 0.61794 0.369325 0.00259592
0 0.957257 0.293551 0.0844128 0.549536 0.00259074
0 0.362292 0.941009 0.42332 0.117982 0.00258956
1 0.0958675 0.719923 0.190763 0.546577 0.00258439
0 0.637103 0.844456 0.592761 0.305978 0.00257861
0 0.986768 0.420732 0.0262695 0.0997641 0.00257774
0 0.835032 0.829203 0.329935 0.341594 0.00254919
0 0.146512 0.495044 0.293025 0.984632 0.00251331
0 0.239826 0.879769 0.0578639 0.107336 0.00250358
0 0.61908 0.938923 0.521256 0.122154 0.00249203
2 0.589758 0.415533 0.545481 0.777255 0.00247786
0 0.910908 0.282671 0.178138 0.565342 0.00246575
0 0.158095 0.806957 0.305 0.370705 0.00245187
1 0.191968 0.49071 0.383935 0.98142 0.0024268
0 0.442011 0.849989 0.581433 0.287105 0.00241325
0 0.0809849 0.209218 0.16197 0.418436 0.00240794
1 0.331938 0.157925 0.532581 0.315851 0.00238835
0 0.0917142 0.804314 0.183428 0.35498 0.00238806
1 0.560149 0.264949 0.629115 0.516689 0.00238223
0 0.0900539 0.869243 0.180108 0.261513 0.00237839
0 0.262428 0.504506 0.524857 0.990987 0.0023701
0 0.24695 0.912677 0.161263 0.174646 0.00234606
0 0.556299 0.949416 0.442188 0.101168 0.0023436
0 0.290875 0.904045 0.204369 0.183141 0.00234204
0 0.832956 0.750899 0.333286 0.498202 0.00232462
0 0.618222 0.55942 0.761463 0.881159 0.00232032
0 0.434473 0.950018 0.388201 0.0999642 0.00230094
0 0.935108 0.484839 0.129783 0.969679 0.00229594
0 0.00831929 0.821023 0.0166332 0.11346 0.00229593
0 0.350531 0.247062 0.670584 0.492631 0.00228794
0 0.726389 0.817194 0.513243 0.364888 0.00226902
1 0.667281 0.248746 0.646784 0.497491 0.00226211
2 0.434732 0.824844 0.473612 0.336304 0.00225973
0 0.112406 0.908763 0.224812 0.182473 0.00225134
0 0.0929053 0.295027 0.185363 0.584514 0.00224818
0 0.282225 0.298258 0.535089 0.566732 0.00224547
0 0.320678 0.183617 0.597841 0.367234 0.00223267
1 0.268451 0.131521 0.49687 0.263042 0.0022288
1 0.396683 0.702417 0.713857 0.586252 0.00222055
0 0.855286 0.908792 0.185245 0.182415 0.00221115
0 0.107984 0.772758 0.215968 0.436143 0.0022077
0 0.811749 0.168187 0.370633 0.336374 0.0021754
0 0.109703 0.137597 0.219406 0.275194 0.00217349
0 0.237961 0.129433 0.426335 0.258867 0.00217059
0 0.374053 0.65834 0.712716 0.635253 0.00216746
0 0.22721 0.70158 0.442045 0.590285 0.00214467
0 0.178034 0.11748 0.344919 0.234959 0.00213359
0 0.873649 0.367676 0.252702 0.735351 0.00213354
0 0.108812 0.630996 0.217624 0.718226 0.00213115
0 0.963041 0.199379 0.0739182 0.175021 0.00210103
2 0.45083 0.831283 0.338932 0.325717 0.00209474
0 0.911566 0.561317 0.176514 0.877367 0.00209443
0 0.885965 0.653394 0.228037 0.693212 0.00208743
0 0.168995 0.163169 0.325324 0.325944 0.00208299
2 0.390338 0.709234 0.117786 0.139509 0.00208249
0 0.94528 0.127333 0.108868 0.254666 0.00208201
0 0.118917 0.187175 0.237833 0.37435 0.00207586
0 0.156895 0.275926 0.298814 0.504004 0.00207448
0 0.0197429 0.642305 0.0394858 0.71539 0.00204781
0 0.159268 0.734514 0.316617 0.516546 0.00204203
1 0.718498 0.326088 0.563004 0.64101 0.00204043
0 0.47165 0.850144 0.329504 0.293675 0.00199533
0 0.854656 0.462343 0.290689 0.924686 0.00196813
0 0.790942 0.893724 0.040439 0.0553754 0.00196552
0 0.695552 0.695778 0.592816 0.608444 0.00196304
0 0.470215 0.602317 0.296291 0.439656 0.00195154
0 0.813326 0.328319 0.370892 0.65339 0.00193628
2 0.550482 0.290515 0.149011 0.300947 0.001925
0 0.164252 0.614926 0.324849 0.755811 0.00186407
0 0.717518 0.287198 0.562714 0.574396 0.00186283
0 0.804312 0.496091 0.389569 0.992181 0.00184102
0 0.0209919 0.789001 0.0419837 0.413703 0.00183438
0 0.757433 0.20922 0.476298 0.418439 0.00182505
0 0.0197767 0.467708 0.0395534 0.802278 0.00181145
0 0.773119 0.714346 0.449963 0.56823 0.00179645
0 0.195086 0.591476 0.0212738 0.032543 0.00179572
2 0.56415 0.646314 0.104136 0.238062 0.00179327
0 0.916569 0.128942 0.166623 0.257885 0.00176491
1 0.455556 0.48399 0.219083 0.260649 0.00176455
0 0.9561 0.195822 0.086768 0.391645 0.00175838
0 0.955804 0.227815 0.0867983 0.200419 0.00172517
0 0.203303 0.972193 0.0257215 0.0485617 0.00170659
0 0.527055 0.971889 0.0506534 0.0447151 0.00170021
0 0.454333 0.672857 0.254718 0.332969 0.00166349
2 0.54359 0.683409 0.144041 0.308464 0.0016488
2 0.446449 0.702762 0.23037 0.310653 0.00159517
0 0.413013 0.647132 0.169304 0.298857 0.00158817
0 0.0186891 0.354561 0.0373782 0.709122 0.00158037
0 0.0264387 0.839233 0.0528775 0.312514 0.00154528
0 0.0581029 0.758102 0.116206 0.483797 0.00152798
0 0.415932 0.592894 0.167982 0.424232 0.001451
0 0.526058 0.953223 0.0603929 0.0810765 0.00142302
0 0.793206 0.899872 0.0455981 0.0706136 0.00140939
1 0.558277 0.294173 0.133541 0.310255 0.00140753
0 0.794301 0.933289 0.0492336 0.131715 0.00136174
2 0.0192344 0.299572 0.0384687 0.599145 0.00135503
0 0.38623 0.216452 0.126336 0.353181 0.00131101
1 0.0765022 0.863905 0.153004 0.250382 0.00129189
0 0.503286 0.948213 0.167857 0.101433 0.00127879
2 0.017895 0.222452 0.0357899 0.444904 0.00126032
1 0.0778894 0.816228 0.155779 0.356881 0.00124697
0 0.875957 0.891003 0.232481 0.217993 0.00123087
0 0.985058 0.408322 0.0297932 0.202559 0.00122367
0 0.466217 0.157165 0.321986 0.292878 0.00121555
0 0.386362 0.106995 0.129619 0.184469 0.00121447
0 0.814469 0.974302 0.102409 0.0513969 0.00121357
2 0.981427 0.462515 0.0357849 0.684157 0.00120588
1 0.0497544 0.816487 0.0995059 0.348704 0.00119312
1 0.50587 0.364007 0.241243 0.450365 0.00119227
0 0.403187 0.697992 0.141273 0.158676 0.0011902
2 0.249212 0.908177 0.108786 0.180142 0.00118377
2 0.581092 0.237128 0.0857096 0.234068 0.00117599
0 0.975523 0.184401 0.0489546 0.0881125 0.00116744
0 0.371425 0.237901 0.0944698 0.267236 0.00116647
0 0.0487402 0.887296 0.0974803 0.218656 0.00115751
0 0.490995 0.898026 0.13799 0.189435 0.00114457
2 0.79404 0.910688 0.0526659 0.0936952 0.00114217
0 0.81299 0.899746 0.188311 0.200508 0.00114113
1 0.421414 0.304452 0.200012 0.391009 0.00111837
0 0.777143 0.936392 0.20775 0.127216 0.00111462
0 0.828969 0.982738 0.13129 0.0345247 0.00110585
0 0.404749 0.239223 0.166924 0.40923 0.00110087
0 0.365385 0.974275 0.0557883 0.0456711 0.00109842
2 0.933354 0.130712 0.132854 0.261425 0.00109278
1 0.0530787 0.654494 0.106142 0.691011 0.00107569
0 0.464267 0.498495 0.242044 0.259296 0.00107553
0 0.80859 0.952192 0.0752635 0.095345 0.00106537
0 0.38517 0.276937 0.123117 0.294993 0.0010588
2 0.965612 0.354343 0.0674883 0.692555 0.00105784
0 0.405523 0.51236 0.112756 0.259725 0.00105743
1 0.561154 0.369714 0.125135 0.472189 0.00105276
0 0.0103422 0.769505 0.0205945 0.325696 0.0010398
0 0.00965943 0.851134 0.0193189 0.28528 0.0010393
2 0.956379 0.19817 0.0859535 0.39634 0.00103907
0 0.0417358 0.853408 0.0834716 0.272263 0.00103174
1 0.319144 0.882487 0.277457 0.224178 0.00102045
1 0.0564533 0.481727 0.112907 0.725589 0.00101581
2 0.583782 0.288942 0.090219 0.340638 0.00101382
2 0.390738 0.149985 0.131405 0.269897 0.00101047
0 0.436656 0.733257 0.206817 0.246594 0.00100335
0 0.383796 0.709282 0.104242 0.136125 0.00100126
1 0.10411 0.875192 0.206798 0.229306 0.000982909
2 0.0149237 0.848825 0.0298126 0.30235 0.000981697
0 0.526792 0.996362 0.181288 0.00727582 0.000970154
0 0.363346 0.96274 0.148367 0.0745196 0.000965737
1 0.563375 0.228649 0.12146 0.166832 0.000965363
2 0.42491 0.684695 0.188149 0.204877 0.000964203
0 0.211295 0.94456 0.043983 0.105669 0.000956113
1 0.0445068 0.860549 0.0890135 0.278902 0.000935737
2 0.374307 0.877583 0.184372 0.230966 0.000933724
2 0.466468 0.214689 0.332849 0.389515 0.000931597
0 0.577562 0.228542 0.0914911 0.2421 0.000929886
0 0.445091 0.95212 0.258403 0.0957607 0.000926713
1 0.289371 0.981322 0.199059 0.0373566 0.000926358
0 0.194453 0.835655 0.209917 0.32869 0.000925144
2 0.499977 0.890412 0.172521 0.204158 0.000922007
2 0.132531 0.138001 0.264232 0.276002 0.000920964
0 0.194779 0.742415 0.200279 0.264949 0.000919684
0 0.559567 0.759996 0.127222 0.206879 0.000918495
0 0.503611 0.794772 0.0601591 0.121202 0.000917121
0 0.15311 0.891592 0.232206 0.205337 0.000916417
0 0.501178 0.997443 0.154419 0.00511328 0.000913156
2 0.105019 0.845783 0.208061 0.2964 0.0009083
0 0.420137 0.105968 0.200199 0.18462 0.000907798
0 0.191352 0.785108 0.192728 0.24477 0.00090575
0 0.416196 0.536679 0.137788 0.315858 0.000903005
2 0.975427 0.391892 0.0478731 0.735545 0.000902897
2 0.960001 0.924411 0.0792969 0.151179 0.000902004
2 0.0120053 0.747217 0.023989 0.401135 0.000901933
0 0.560969 0.945219 0.234298 0.106665 0.000901086
0 0.0595797 0.318622 0.119159 0.637245 0.000899768
1 0.0604725 0.360806 0.120945 0.676631 0.000890197
2 0.366151 0.71959 0.0634939 0.114977 0.000890033
0 0.430862 0.703343 0.199647 0.176103 0.000889768
1 0.887268 0.139994 0.225463 0.279989 0.000889695
2 0.965193 0.841494 0.0687195 0.317013 0.000887506
0 0.438249 0.997041 0.20018 0.00591772 0.000885551
0 0.255147 0.869697 0.0832148 0.100998 0.000884613
1 0.239636 0.974036 0.175494 0.0519276 0.000880485
0 0.332795 0.938617 0.237893 0.122766 0.000879883
0 0.392726 0.99623 0.164635 0.00753937 0.000878639
0 0.860583 0.980345 0.189865 0.0393091 0.000875049
0 0.224041 0.869817 0.181927 0.249175 0.000873364
2 0.977312 0.574133 0.0441162 0.696353 0.000868886
0 0.384836 0.965694 0.139179 0.0686127 0.000868558
0 0.0673828 0.98179 0.134766 0.0364199 0.000866148
0 0.6796 0.959303 0.205382 0.0801049 0.00086238
1 0.0692254 0.629183 0.138451 0.483732 0.000861902
0 0.216489 0.986521 0.173119 0.0269583 0.000860669
2 0.96445 0.78648 0.0703748 0.427041 0.00086063
0 0.777314 0.995226 0.168103 0.00954791 0.000859572
0 0.581052 0.807753 0.102843 0.215044 0.000858226
2 0.973579 0.407685 0.0525754 0.450321 0.000857673
0 0.245324 0.848919 0.0770856 0.118641 0.000857559
2 0.663357 0.998695 0.15863 0.00261047 0.000852769
0 0.537485 0.900551 0.187754 0.178632 0.000852728
0 0.471925 0.997071 0.17473 0.00585828 0.000851096
0 0.877363 0.845643 0.245274 0.308714 0.000851038
2 0.37962 0.113748 0.125104 0.191695 0.00085057
2 0.428625 0.866617 0.226988 0.253023 0.00084754
0 0.0724472 0.125426 0.144894 0.250851 0.000845794
0 0.426928 0.960017 0.216197 0.0799652 0.000845772
0 0.171891 0.768637 0.163914 0.201502 0.000845767
0 0.538583 0.763238 0.127353 0.190371 0.000844634
1 0.0705537 0.770456 0.141107 0.459089 0.00084408
0 0.436244 0.892235 0.240162 0.201801 0.000842006
0 0.560004 0.996516 0.199395 0.00696899 0.000841184
2 0.54207 0.770033 0.120088 0.178975 0.00083878
2 0.559228 0.252226 0.131714 0.212857 0.000838157
1 0.619208 0.273897 0.168813 0.334888 0.000836872
1 0.0584707 0.279481 0.116941 0.558962 0.000835509
1 0.602498 0.328439 0.124623 0.486935 0.000835342
0 0.445928 0.12489 0.25364 0.222299 0.000834641
0 0.614628 0.99855 0.185914 0.0028999 0.000833303
0 0.552403 0.698903 0.128311 0.333124 0.00083296
1 0.076285 0.279693 0.15257 0.410019 0.000827339
2 0.0619779 0.254645 0.123956 0.509291 0.000822682
2 0.961546 0.958966 0.0769085 0.0820677 0.000822427
0 0.833065 0.855034 0.186882 0.289931 0.000820329
0 0.929245 0.83858 0.141509 0.308585 0.000819547
0 0.442958 0.82778 0.244741 0.344441 0.000819436
0 0.973522 0.382078 0.0527582 0.490499 0.000819319
0 0.172227 0.705868 0.190389 0.308441 0.000818766
2 0.309012 0.987621 0.200106 0.0247573 0.000818408
0 0.400771 0.441195 0.10251 0.321669 0.000813296
0 0.584025 0.997949 0.193819 0.00410266 0.000813176
0 0.796827 0.852493 0.199605 0.208953 0.000812782
0 0.590315 0.79706 0.0889997 0.152128 0.000810362
0 0.158066 0.436704 0.026594 0.0558599 0.000810311
2 0.019765 0.841465 0.0386936 0.31707 0.000808584
2 0.355058 0.912661 0.131093 0.163696 0.000807986
0 0.583434 0.770059 0.0262646 0.0355496 0.000806042
0 0.399397 0.338983 0.146085 0.289305 0.000805579
0 0.434232 0.444116 0.173059 0.345921 0.000804905
0 0.174217 0.926483 0.229759 0.147035 0.000801746
0 0.152882 0.749267 0.135158 0.203717 0.000799501
0 0.0235512 0.143228 0.0471023 0.286456 0.000798932
2 0.944893 0.852054 0.10967 0.277335 0.000795585
