2 0.345228 0.485054 0.382896 0.565837 0.966839
0 0.180275 0.197461 0.0668456 0.0903139 0.302691
0 0.171514 0.200282 0.0501284 0.0808919 0.05998
2 0.346207 0.559134 0.370529 0.403663 0.0265132
0 0.0199412 0.165559 0.0395061 0.057896 0.0234297
0 0.931178 0.459356 0.137643 0.918712 0.018987
0 0.940065 0.349256 0.119871 0.698512 0.0181486
0 0.895673 0.48237 0.208655 0.96474 0.0148272
0 0.94245 0.250877 0.115101 0.501754 0.0129338
0 0.349917 0.435989 0.387217 0.514604 0.00921288
1 0.823646 0.486256 0.351023 0.972513 0.00866131
0 0.0185356 0.131986 0.0366285 0.263972 0.00855026
0 0.0202575 0.196812 0.0400451 0.162752 0.00814131
0 0.954724 0.330339 0.0896702 0.660677 0.00786886
2 0.351541 0.384107 0.371772 0.376571 0.00756793
0 0.908568 0.212336 0.182865 0.424671 0.00750164
0 0.347528 0.354974 0.397472 0.384966 0.00685481
2 0.352721 0.5058 0.536002 0.619992 0.00609903
0 0.0199198 0.273137 0.0398258 0.546273 0.00598959
0 0.189899 0.198493 0.0445555 0.0704839 0.00572637
2 0.45999 0.55981 0.752868 0.760182 0.00560292
0 0.0407983 0.329078 0.0813641 0.613802 0.00544422
0 0.849084 0.435122 0.300774 0.870244 0.00527295
0 0.0384828 0.245829 0.0767016 0.491658 0.00517522
2 0.411719 0.389436 0.268069 0.377322 0.00506459
0 0.195812 0.199799 0.102088 0.0913246 0.00481757
0 0.967952 0.405521 0.0638067 0.811041 0.004701
0 0.883205 0.335948 0.23305 0.659406 0.00468815
1 0.548791 0.489417 0.871224 0.978834 0.00449106
0 0.0662208 0.421249 0.131981 0.812533 0.00446932
0 0.931738 0.197598 0.136364 0.395196 0.00413296
0 0.85743 0.215186 0.28464 0.430372 0.00412903
0 0.0570669 0.205046 0.113801 0.410091 0.00403439
0 0.376445 0.560984 0.33036 0.408032 0.00385365
0 0.977244 0.475597 0.0447036 0.831839 0.00375851
0 0.0845272 0.476732 0.168227 0.926858 0.00375167
0 0.135766 0.303524 0.27119 0.559571 0.00368477
0 0.935903 0.61645 0.128194 0.7671 0.00350264
0 0.540872 0.500777 0.874216 0.961298 0.00345423
0 0.144442 0.37766 0.288885 0.755319 0.00338639
0 0.244461 0.62065 0.0423621 0.0584295 0.00331461
1 0.685928 0.507347 0.628143 0.97034 0.00331089
0 0.184381 0.167208 0.0918314 0.146718 0.00330649
0 0.282458 0.322344 0.516809 0.420246 0.00313747
0 0.959333 0.456442 0.081334 0.675201 0.00310336
0 0.301248 0.249182 0.497075 0.467638 0.00306513
0 0.0745378 0.212023 0.149076 0.424047 0.00304259
0 0.381983 0.396148 0.5159 0.454224 0.00301288
0 0.124373 0.181349 0.247558 0.362697 0.00296301
0 0.20096 0.310171 0.401633 0.515705 0.00291018
1 0.35873 0.734747 0.385715 0.530507 0.00289818
0 0.598898 0.360099 0.786535 0.672709 0.00288066
0 0.110008 0.539595 0.220017 0.87178 0.00285295
0 0.92938 0.301358 0.141241 0.445787 0.00284987
1 0.403388 0.801571 0.404378 0.396857 0.00284764
0 0.823644 0.265025 0.352713 0.530017 0.00283851
0 0.307831 0.58026 0.547538 0.720911 0.00283814
0 0.189801 0.308809 0.367666 0.364161 0.00279442
0 0.898725 0.618301 0.202378 0.763399 0.00272677
1 0.71935 0.950627 0.433345 0.0987468 0.00270526
0 0.682173 0.948437 0.467808 0.103126 0.00270411
0 0.244247 0.397169 0.488495 0.64361 0.00269731
2 0.344319 0.691687 0.385136 0.616625 0.00269279
0 0.664722 0.45856 0.670555 0.884768 0.00268637
1 0.763911 0.45255 0.472178 0.887211 0.00268047
0 0.139315 0.199934 0.157699 0.0891049 0.00261454
1 0.791526 0.725251 0.400213 0.546595 0.00261326
0 0.0955939 0.663509 0.19079 0.660719 0.00260296
0 0.686054 0.29926 0.627892 0.595267 0.00259505
0 0.59977 0.944569 0.540819 0.110862 0.00259007
0 0.170612 0.177318 0.320687 0.277588 0.00258055
0 0.022849 0.171379 0.0456981 0.342758 0.00257876
0 0.774862 0.358089 0.450276 0.684882 0.00256627
0 0.843802 0.908787 0.312396 0.182426 0.00255597
0 0.111797 0.134641 0.222649 0.269283 0.00253622
0 0.480728 0.944993 0.527265 0.110013 0.00251639
0 0.78627 0.186975 0.419259 0.373951 0.00249855
0 0.168403 0.129573 0.321858 0.25663 0.00246569
0 0.733759 0.24109 0.510761 0.48218 0.0024555
0 0.237949 0.593553 0.475898 0.812894 0.00244791
0 0.560022 0.270708 0.767722 0.530141 0.00243487
0 0.18915 0.941474 0.3783 0.117052 0.0024332
0 0.094908 0.920056 0.189816 0.159887 0.00242739
1 0.522437 0.773262 0.592834 0.453477 0.00242494
0 0.696203 0.871988 0.471161 0.249358 0.00240366
1 0.756733 0.794196 0.454491 0.411608 0.00239942
0 0.900001 0.768751 0.198342 0.462499 0.0023983
0 0.32845 0.174817 0.558626 0.349634 0.00237413
0 0.22503 0.222791 0.426691 0.38615 0.00236876
0 0.547112 0.63873 0.816592 0.717074 0.00236635
0 0.219375 0.138391 0.404948 0.276782 0.00236587
0 0.186464 0.212121 0.0838221 0.114896 0.00236519
0 0.258017 0.620697 0.0711709 0.0730282 0.00236197
1 0.619839 0.750984 0.719765 0.498032 0.00235845
0 0.615495 0.853234 0.552584 0.286092 0.00235735
0 0.223126 0.107016 0.379772 0.214032 0.00235556
0 0.340751 0.942677 0.546408 0.114646 0.00235096
0 0.0193318 0.131488 0.0382988 0.181343 0.00233927
0 0.868452 0.830003 0.261574 0.337803 0.0023282
0 0.474703 0.325066 0.638866 0.468366 0.0023246
0 0.14747 0.15185 0.201235 0.17852 0.0023179
1 0.59788 0.664879 0.785917 0.670241 0.00231652
0 0.0933554 0.831192 0.186711 0.307303 0.00230864
0 0.629088 0.21991 0.685202 0.439819 0.00227986
1 0.394224 0.699348 0.523783 0.601304 0.00227082
0 0.789553 0.951314 0.384275 0.0973726 0.00226313
0 0.633587 0.800789 0.597798 0.396741 0.00226275
0 0.12765 0.715807 0.255096 0.558869 0.00224855
0 0.91096 0.355472 0.178079 0.483016 0.00221349
0 0.521104 0.871116 0.538319 0.253242 0.00221115
0 0.213178 0.73026 0.425472 0.53948 0.00221026
0 0.31322 0.123089 0.539279 0.246178 0.00220871
0 0.576758 0.137651 0.501656 0.275302 0.00220762
0 0.47954 0.25171 0.571323 0.471351 0.00220207
0 0.559726 0.181926 0.528718 0.361093 0.00219394
0 0.980773 0.377589 0.0384543 0.475524 0.00218983
0 0.885288 0.708445 0.229424 0.579628 0.00217735
0 0.20764 0.22552 0.126733 0.144994 0.00217734
0 0.443568 0.882551 0.454526 0.232166 0.0021633
0 0.777634 0.870257 0.38683 0.252464 0.00215236
0 0.226318 0.800617 0.451965 0.384485 0.00214916
0 0.249934 0.616769 0.0547591 0.0712601 0.00213589
0 0.296719 0.490285 0.276332 0.425854 0.00212383
0 0.263542 0.612917 0.0850594 0.10905 0.00210915
0 0.416057 0.382705 0.257712 0.362216 0.00208301
0 0.135678 0.837722 0.269652 0.301422 0.0020749
0 0.192128 0.856697 0.376028 0.273669 0.00206179
0 0.487421 0.111771 0.547301 0.223543 0.00204459
2 0.317433 0.67789 0.602334 0.644219 0.00202971
0 0.84734 0.645716 0.305319 0.708567 0.00201846
0 0.430195 0.178674 0.571981 0.357347 0.00201348
0 0.317102 0.452324 0.392809 0.645631 0.00197715
0 0.211837 0.150291 0.172427 0.17835 0.00197533
0 0.0110764 0.936858 0.0221529 0.116143 0.00195645
0 0.323304 0.792105 0.586337 0.415789 0.00192465
0 0.331155 0.864133 0.586327 0.265435 0.00192394
0 0.977827 0.610829 0.0431606 0.778343 0.00190874
0 0.989578 0.400909 0.0202621 0.224834 0.00190781
0 0.842897 0.780435 0.313502 0.434717 0.00187184
0 0.676525 0.891319 0.234357 0.206807 0.00187
0 0.989006 0.379358 0.0211265 0.337291 0.00185095
0 0.835965 0.861265 0.326715 0.259279 0.00185043
2 0.404894 0.560736 0.245669 0.407334 0.00184658
0 0.0234082 0.370429 0.0468163 0.740858 0.00181561
0 0.0114529 0.915499 0.0229058 0.169002 0.00180969
0 0.73104 0.874406 0.278432 0.249492 0.0017871
0 0.0231127 0.210301 0.0456745 0.26825 0.0017444
1 0.381091 0.582474 0.295534 0.359922 0.00171566
2 0.435035 0.596847 0.182219 0.323199 0.00166237
0 0.0120065 0.95395 0.024013 0.0849358 0.00165611
2 0.967632 0.717093 0.0635172 0.565813 0.00160989
0 0.1295 0.129937 0.259001 0.235564 0.00158419
0 0.0186975 0.80066 0.037395 0.385809 0.00156841
0 0.019687 0.738118 0.039374 0.523764 0.00155855
0 0.0586959 0.167559 0.117392 0.335117 0.00155463
0 0.230764 0.176742 0.183026 0.130421 0.00155436
0 0.266092 0.388387 0.211509 0.20212 0.00151793
0 0.96206 0.581198 0.07588 0.686613 0.0015008
0 0.988256 0.441656 0.0226501 0.314509 0.00149804
0 0.018114 0.870842 0.0362281 0.253849 0.00149181
0 0.980237 0.189511 0.0395253 0.379022 0.00147275
0 0.322345 0.582913 0.307303 0.355552 0.00146731
0 0.88151 0.31873 0.234811 0.400141 0.0014523
0 0.165475 0.205779 0.0476878 0.0747297 0.00145011
0 0.350714 0.614681 0.272992 0.299538 0.00144594
2 0.931322 0.748194 0.137193 0.503611 0.00142929
0 0.736256 0.824007 0.295509 0.351986 0.00142845
0 0.237972 0.233925 0.198478 0.149505 0.00140633
0 0.981147 0.468253 0.0377052 0.464176 0.00134107
0 0.243335 0.148342 0.219849 0.190465 0.00134093
0 0.0138559 0.96338 0.0277119 0.0678864 0.00134013
0 0.956386 0.658203 0.0872272 0.683593 0.00133937
2 0.443151 0.528574 0.165829 0.453899 0.00132043
0 0.163265 0.214696 0.035309 0.0697847 0.00131905
0 0.131753 0.258907 0.211272 0.256149 0.00129447
0 0.226584 0.275885 0.191814 0.250983 0.0012821
0 0.317443 0.387497 0.32993 0.223162 0.00127922
0 0.398039 0.342679 0.297436 0.280726 0.00127229
0 0.900245 0.160504 0.197908 0.321007 0.00127048
0 0.940955 0.725503 0.117976 0.548994 0.00126584
0 0.910521 0.123894 0.178958 0.247787 0.00124888
0 0.819877 0.104474 0.360246 0.208949 0.00124335
0 0.867181 0.143782 0.265638 0.287563 0.00124285
0 0.282055 0.6243 0.118718 0.103151 0.00123828
2 0.0212727 0.178824 0.0425004 0.357649 0.00122913
0 0.966342 0.766997 0.0665759 0.466005 0.00122128
0 0.297935 0.642825 0.152977 0.141769 0.00120549
0 0.0208992 0.495476 0.0417985 0.811402 0.00120274
2 0.38473 0.505161 0.293571 0.454628 0.00118457
0 0.918099 0.476398 0.163802 0.535441 0.00117447
0 0.957324 0.245746 0.083929 0.491492 0.00116531
0 0.986336 0.163126 0.0263931 0.326251 0.00115951
0 0.231691 0.387904 0.131755 0.182673 0.00115169
0 0.0208009 0.625643 0.0416018 0.748714 0.00114628
0 0.88392 0.407952 0.230523 0.405313 0.00113772
0 0.232158 0.127725 0.26042 0.253751 0.00113647
0 0.69002 0.837242 0.261701 0.325516 0.00112528
0 0.34557 0.30475 0.346342 0.194701 0.00110281
0 0.117164 0.199007 0.234327 0.16826 0.00109259
0 0.318072 0.338964 0.356139 0.22778 0.00108516
0 0.422213 0.594771 0.210275 0.332754 0.00107939
0 0.311573 0.631644 0.185669 0.246246 0.0010765
0 0.987609 0.501426 0.0236023 0.405255 0.00105721
0 0.475328 0.478771 0.098436 0.541795 0.00105611
0 0.0542816 0.911361 0.108563 0.177279 0.00104899
0 0.876921 0.365832 0.246158 0.266673 0.00103819
0 0.276712 0.554003 0.223648 0.315241 0.00103677
0 0.912748 0.819941 0.174371 0.356266 0.00103639
0 0.390256 0.294791 0.299518 0.184574 0.00103507
0 0.0520145 0.393779 0.104029 0.696659 0.00102659
0 0.855246 0.307922 0.289509 0.347344 0.00101646
0 0.0746779 0.110431 0.149356 0.220862 0.00100981
1 0.430254 0.601343 0.195004 0.314141 0.00100682
0 0.0713759 0.172227 0.142752 0.344454 0.00100295
0 0.0126622 0.879007 0.0253245 0.241987 0.000993728
0 0.708926 0.894591 0.166536 0.202918 0.000985158
2 0.444957 0.393323 0.18762 0.391724 0.000980745
2 0.956818 0.231678 0.0855643 0.463357 0.000979367
0 0.296936 0.617815 0.158121 0.166027 0.000965957
0 0.168004 0.0733481 0.336007 0.146696 0.000954653
0 0.787026 0.877505 0.284633 0.232421 0.000953063
0 0.0550525 0.821704 0.110105 0.34356 0.000949764
0 0.0385099 0.856944 0.0770198 0.268303 0.000940857
0 0.233041 0.379757 0.18516 0.192376 0.000937104
0 0.263427 0.450087 0.204419 0.329226 0.000936773
0 0.263731 0.353073 0.208453 0.208323 0.000930688
0 0.0599953 0.768164 0.119991 0.463671 0.000929539
2 0.957405 0.891747 0.0848116 0.216505 0.000925507
0 0.877216 0.376729 0.245569 0.188852 0.000921082
0 0.783 0.0634606 0.434 0.126921 0.000911798
1 0.895341 0.203811 0.208843 0.407622 0.000911625
0 0.0768294 0.804696 0.153659 0.390608 0.000908948
0 0.925198 0.68698 0.149604 0.541999 0.000906894
0 0.922876 0.567471 0.154248 0.542096 0.000903732
0 0.203252 0.31532 0.249035 0.307518 0.000902726
0 0.409395 0.269638 0.288831 0.177018 0.000902537
0 0.695705 0.955177 0.248295 0.089646 0.000902363
2 0.960436 0.848745 0.0775936 0.302509 0.000901953
0 0.914857 0.865001 0.170122 0.254102 0.000895207
0 0.890478 0.485978 0.218252 0.455231 0.000892126
0 0.139456 0.0556534 0.261032 0.111307 0.000889578
0 0.0412531 0.895723 0.0825062 0.208553 0.000887483
0 0.84178 0.173763 0.31644 0.267939 0.000886409
0 0.0645443 0.25309 0.128699 0.40027 0.000886219
0 0.460181 0.299148 0.16149 0.188927 0.000884299
0 0.3906 0.203025 0.314579 0.280817 0.000882958
0 0.789055 0.826232 0.278076 0.347537 0.000877673
0 0.770909 0.142403 0.330878 0.281515 0.000877142
0 0.986932 0.333911 0.0247906 0.430426 0.000876997
0 0.444977 0.501432 0.163573 0.479744 0.000874927
0 0.537806 0.857895 0.194801 0.284209 0.000873642
0 0.987578 0.590645 0.0239784 0.271286 0.00087281
2 0.11119 0.838565 0.220968 0.322871 0.000870946
0 0.61494 0.890347 0.200086 0.207575 0.000870772
0 0.241071 0.471354 0.162557 0.389366 0.000868099
0 0.655662 0.957873 0.230421 0.0842533 0.000867422
0 0.535582 0.890246 0.155901 0.204165 0.00086695
0 0.36052 0.24758 0.286739 0.212595 0.00086686
0 0.846861 0.25878 0.306278 0.312291 0.000866114
0 0.513385 0.789464 0.180515 0.289096 0.000865512
0 0.46046 0.651121 0.180562 0.235594 0.000864306
0 0.295658 0.283568 0.285271 0.165631 0.00086141
0 0.987893 0.577892 0.0229721 0.37649 0.000859824
0 0.508059 0.746632 0.214477 0.310619 0.000859466
0 0.489958 0.683868 0.239501 0.35986 0.000856085
0 0.0723183 0.982441 0.144637 0.0351174 0.000853393
0 0.843268 0.340677 0.269431 0.255693 0.000852505
0 0.0536305 0.549225 0.107261 0.684185 0.000851834
0 0.857711 0.639277 0.284577 0.421721 0.000843244
0 0.291396 0.324731 0.273303 0.17402 0.000842375
0 0.265274 0.286288 0.243317 0.215781 0.000842261
0 0.906208 0.104481 0.187584 0.208962 0.000840507
0 0.560735 0.839039 0.173716 0.294987 0.00084011
0 0.541 0.783874 0.153454 0.205577 0.000839935
0 0.11864 0.0854187 0.230056 0.170837 0.000839294
0 0.981511 0.602295 0.0369778 0.464797 0.000837285
0 0.7883 0.118739 0.423399 0.231224 0.000835401
1 0.445675 0.636916 0.164355 0.242104 0.000834306
2 0.11994 0.869247 0.239879 0.250591 0.000833008
0 0.561403 0.783254 0.135345 0.179519 0.000829879
0 0.619571 0.877454 0.261459 0.24182 0.000827003
0 0.0667264 0.88255 0.133453 0.217271 0.000826584
0 0.6885 0.996838 0.191599 0.00632379 0.000826491
0 0.800164 0.796776 0.213887 0.333318 0.000826419
0 0.742103 0.948146 0.245927 0.103709 0.000826405
0 0.857836 0.877341 0.232427 0.230611 0.000826223
0 0.8206 0.28307 0.265655 0.26924 0.000824974
0 0.586358 0.863722 0.231653 0.272555 0.000823625
0 0.456564 0.839835 0.21644 0.320331 0.000823285
0 0.252827 0.213248 0.231514 0.288374 0.000823079
0 0.851119 0.391044 0.232495 0.14149 0.000821276
0 0.492923 0.837762 0.183579 0.31588 0.000817949
0 0.545772 0.764497 0.193451 0.254484 0.000817405
0 0.383603 0.147572 0.274408 0.295144 0.000817401
0 0.754446 0.0918437 0.491108 0.180952 0.000816448
0 0.307063 0.683897 0.184139 0.170487 0.000815709
0 0.226766 0.33763 0.201173 0.264136 0.000815103
0 0.0690877 0.554936 0.137128 0.44397 0.00081117
0 0.488971 0.996419 0.201553 0.00716138 0.000810985
2 0.956422 0.936526 0.0871559 0.126947 0.000810845
