0 0.539204 0.436488 0.676255 0.536204 0.829791
0 0.537889 0.326448 0.671211 0.314343 0.792773
0 0.559241 0.692212 0.404172 0.523146 0.74385
0 0.554358 0.771276 0.408341 0.35474 0.590916
0 0.531236 0.882382 0.241332 0.120403 0.553933
0 0.921396 0.87733 0.147383 0.155149 0.42566
0 0.555364 0.741297 0.410085 0.241724 0.347351
0 0.623983 0.658603 0.507629 0.530858 0.268055
0 0.579511 0.544368 0.35592 0.235909 0.264845
0 0.620586 0.528316 0.529124 0.728692 0.221355
0 0.623414 0.34014 0.500474 0.33081 0.141449
0 0.631446 0.22841 0.1587 0.104227 0.127216
0 0.759514 0.400183 0.226795 0.159039 0.118394
0 0.61342 0.406025 0.522483 0.462175 0.0939109
0 0.563506 0.867719 0.338419 0.158915 0.0922392
0 0.581254 0.839931 0.368406 0.214391 0.0588774
0 0.725292 0.972256 0.106393 0.0550804 0.0578683
0 0.480137 0.305947 0.532333 0.288977 0.0540765
0 0.727065 0.39182 0.298761 0.18257 0.0518039
0 0.751087 0.972076 0.176809 0.0553806 0.0499372
0 0.568035 0.303282 0.344841 0.259671 0.0480906
0 0.385095 0.243811 0.345645 0.157898 0.0467132
0 0.708587 0.424776 0.333113 0.221212 0.0409131
0 0.713872 0.971397 0.184614 0.0568164 0.0264031
0 0.69449 0.364721 0.365856 0.238391 0.0223885
0 0.575436 0.263735 0.316198 0.17612 0.0200636
0 0.541173 0.547552 0.704942 0.789536 0.0200299
0 0.498233 0.27 0.501191 0.196601 0.0195081
0 0.672768 0.401571 0.418078 0.182349 0.0166103
0 0.578944 0.834353 0.452839 0.281127 0.0161627
0 0.575704 0.563592 0.337907 0.170557 0.0155661
0 0.520992 0.812193 0.534564 0.274924 0.0145754
0 0.624439 0.260151 0.211246 0.166816 0.0140277
0 0.912506 0.893667 0.174987 0.193522 0.0124747
0 0.518671 0.253074 0.628258 0.292653 0.0123977
0 0.588769 0.483044 0.336826 0.11236 0.0120494
0 0.569145 0.632784 0.371149 0.303863 0.0115611
0 0.652707 0.480089 0.202643 0.106385 0.0110924
0 0.622113 0.53216 0.263961 0.207577 0.0108268
0 0.65716 0.645201 0.643921 0.603845 0.0103311
0 0.492691 0.725826 0.556294 0.461425 0.0103262
0 0.636274 0.220936 0.106133 0.0855404 0.00990784
0 0.594956 0.90204 0.575395 0.195921 0.00971667
0 0.839539 0.894269 0.320921 0.199786 0.00954275
0 0.411321 0.280201 0.39225 0.31383 0.00897423
0 0.92542 0.969333 0.0267173 0.0226801 0.00786863
0 0.405822 0.987954 0.0425843 0.0231285 0.00732098
0 0.604906 0.346624 0.433245 0.209402 0.00732053
0 0.637645 0.94982 0.643079 0.100361 0.00729486
0 0.922982 0.882581 0.154036 0.181361 0.00678092
0 0.660096 0.971457 0.321714 0.057087 0.0066727
0 0.703331 0.972657 0.0584457 0.05331 0.00646216
0 0.630573 0.375596 0.494526 0.214996 0.00629226
0 0.653177 0.877548 0.693646 0.238336 0.00620392
0 0.499436 0.867895 0.313524 0.16346 0.00603158
0 0.644688 0.964502 0.710624 0.0709965 0.0060193
0 0.819195 0.967914 0.356887 0.0635357 0.00585498
0 0.632971 0.290902 0.536462 0.254112 0.00584698
0 0.661155 0.809652 0.677691 0.351472 0.00564077
0 0.707554 0.902383 0.584892 0.192643 0.00545585
0 0.478764 0.17989 0.540335 0.318308 0.00543466
0 0.606338 0.291338 0.264663 0.230159 0.00520117
0 0.923231 0.852249 0.150624 0.103681 0.00505866
0 0.594348 0.456755 0.35903 0.167849 0.00504329
0 0.492109 0.376808 0.572152 0.45862 0.00499398
0 0.510245 0.830355 0.328743 0.239028 0.00483551
0 0.523289 0.877944 0.620336 0.244111 0.00472193
0 0.553431 0.83806 0.665458 0.249802 0.00453234
0 0.632394 0.420139 0.497863 0.235584 0.00445354
0 0.801522 0.900428 0.396957 0.199144 0.00441605
0 0.751258 0.980101 0.207334 0.0395153 0.00439385
0 0.491816 0.88635 0.171186 0.122393 0.00416084
0 0.644175 0.510693 0.263703 0.185337 0.00414356
0 0.123671 0.496007 0.0382458 0.0230505 0.00409796
0 0.924958 0.856005 0.150083 0.188214 0.00391956
0 0.45711 0.245438 0.492351 0.161101 0.00390336
0 0.671195 0.969057 0.509669 0.0617691 0.0038678
0 0.639478 0.514605 0.522825 0.532506 0.00373228
0 0.473163 0.725758 0.240522 0.201633 0.00372168
0 0.923977 0.805349 0.152046 0.360856 0.00364302
0 0.501513 0.649296 0.596043 0.601715 0.00348655
0 0.733921 0.342284 0.278884 0.287345 0.00339626
0 0.874747 0.804666 0.250507 0.367064 0.00328307
0 0.557156 0.687308 0.403867 0.287715 0.00327841
0 0.41171 0.339292 0.452638 0.399952 0.00319301
0 0.63839 0.546758 0.677197 0.565421 0.00309391
0 0.442012 0.78735 0.790058 0.36803 0.00301154
0 0.523317 0.561817 0.228219 0.170579 0.00299859
0 0.330055 0.247845 0.229573 0.125616 0.00296318
0 0.416223 0.720165 0.817962 0.51925 0.00290428
0 0.624645 0.74744 0.246273 0.230549 0.00290074
0 0.927728 0.933336 0.140879 0.119478 0.0028823
0 0.371457 0.221855 0.408663 0.27065 0.00288172
0 0.446869 0.0536117 0.54934 0.106697 0.00288091
0 0.620761 0.657156 0.758478 0.474556 0.00285773
0 0.518093 0.738539 0.332431 0.174653 0.00279508
0 0.512016 0.142478 0.637354 0.279671 0.00277234
0 0.633699 0.207248 0.0920471 0.0556459 0.00276993
0 0.389625 0.177723 0.359909 0.285987 0.00274383
0 0.891034 0.113224 0.217932 0.226447 0.00273273
0 0.724653 0.379646 0.550695 0.333625 0.00272717
0 0.449853 0.12181 0.533488 0.232448 0.00269154
0 0.60227 0.909024 0.426347 0.181952 0.00266865
0 0.521891 0.0767805 0.62195 0.152789 0.00264805
0 0.35313 0.0482075 0.452272 0.096415 0.00261058
0 0.915056 0.119577 0.169889 0.239154 0.0026045
0 0.851699 0.0979929 0.284654 0.194373 0.00256797
0 0.926686 0.747964 0.146629 0.397326 0.00256358
0 0.447085 0.491645 0.84248 0.701077 0.00255185
0 0.417353 0.713185 0.0786945 0.0745395 0.00254849
0 0.708408 0.433812 0.583184 0.335269 0.00251836
0 0.708683 0.261433 0.482142 0.200413 0.00251781
0 0.480654 0.919572 0.787557 0.160857 0.00250864
0 0.807718 0.756261 0.384565 0.383528 0.0024879
0 0.28885 0.0586667 0.438714 0.117333 0.0024379
0 0.644645 0.226742 0.62672 0.28383 0.00242257
0 0.698979 0.0796541 0.500393 0.156761 0.00241499
0 0.779924 0.088874 0.407469 0.175794 0.00239653
0 0.201056 0.944782 0.402112 0.108921 0.00238521
0 0.305811 0.939888 0.606932 0.119298 0.00238195
0 0.134998 0.943633 0.269997 0.112734 0.00237909
0 0.0921157 0.08259 0.184231 0.16518 0.00236331
0 0.879233 0.296587 0.241533 0.310473 0.00234254
0 0.9132 0.706241 0.1736 0.410804 0.00233316
0 0.715138 0.711862 0.569724 0.390495 0.00232514
0 0.90127 0.411441 0.034748 0.0434868 0.00232473
0 0.84825 0.337863 0.3035 0.328188 0.00232189
0 0.11684 0.732191 0.233679 0.260395 0.00230796
0 0.880752 0.112181 0.200334 0.215964 0.00229803
0 0.116492 0.664964 0.232984 0.324218 0.00228752
0 0.909265 0.180686 0.181471 0.301562 0.0022838
0 0.116327 0.516221 0.232654 0.37717 0.00227923
0 0.0517192 0.32606 0.103438 0.270318 0.00227505
0 0.0502797 0.275224 0.100559 0.250774 0.00227244
0 0.0634343 0.384169 0.126869 0.301001 0.00226269
0 0.896414 0.64347 0.207173 0.430461 0.00226124
0 0.113478 0.783527 0.226956 0.260393 0.00225531
0 0.0883402 0.450829 0.17668 0.353002 0.00225432
0 0.214503 0.0665219 0.352075 0.133044 0.00225276
0 0.921978 0.907859 0.15146 0.175695 0.00224995
0 0.127621 0.56816 0.255242 0.358267 0.00224529
0 0.0571114 0.175654 0.114223 0.214336 0.0022423
0 0.890572 0.227835 0.218856 0.279801 0.00223421
0 0.0558825 0.2255 0.111765 0.241445 0.00223393
0 0.147818 0.0745969 0.287309 0.149194 0.00223114
0 0.795863 0.453464 0.408274 0.425275 0.00222067
0 0.359995 0.10963 0.451935 0.200103 0.00222014
0 0.829639 0.524416 0.340722 0.47029 0.00221633
0 0.907663 0.968811 0.0653192 0.0245597 0.00221319
0 0.803127 0.381645 0.393746 0.337641 0.00221318
0 0.868659 0.581236 0.262683 0.457124 0.00220602
0 0.0533097 0.139614 0.106619 0.218565 0.00219876
0 0.0619302 0.099597 0.12386 0.199194 0.00219854
0 0.666536 0.496643 0.666928 0.431662 0.00219446
0 0.763032 0.302968 0.473936 0.255513 0.0021907
0 0.590119 0.11921 0.573848 0.231571 0.0021835
0 0.163388 0.69881 0.265943 0.278013 0.00217631
0 0.356696 0.845432 0.676178 0.268176 0.00216013
0 0.12061 0.829901 0.24122 0.256961 0.00215921
0 0.331903 0.888638 0.617807 0.200179 0.00215796
0 0.131863 0.903985 0.263726 0.167677 0.00214962
0 0.359797 0.453911 0.689389 0.480285 0.00212953
0 0.587863 0.590067 0.313772 0.160282 0.00212542
0 0.348724 0.757677 0.694231 0.394352 0.00211412
0 0.127657 0.874411 0.255313 0.195617 0.00209824
0 0.27916 0.714684 0.55832 0.365306 0.00208991
0 0.170136 0.77418 0.273309 0.259306 0.00208345
0 0.67257 0.577487 0.654859 0.417045 0.0020815
0 0.186315 0.899036 0.348304 0.184866 0.00207409
0 0.208831 0.660502 0.385203 0.28969 0.00206453
0 0.722698 0.114593 0.473961 0.217425 0.00204249
0 0.869805 0.143646 0.227913 0.212646 0.00203268
0 0.798256 0.251296 0.403488 0.175788 0.00202986
0 0.507241 0.225753 0.43769 0.112278 0.00202572
0 0.183715 0.818054 0.297411 0.269882 0.00200643
0 0.151207 0.594559 0.234551 0.223367 0.00200187
0 0.145488 0.608259 0.267155 0.324584 0.00199652
0 0.432015 0.626812 0.726087 0.424136 0.00198822
0 0.24435 0.101108 0.348744 0.180924 0.0019809
0 0.306274 0.339233 0.512894 0.287816 0.00198066
0 0.259931 0.1847 0.371075 0.192348 0.00197201
0 0.151633 0.552113 0.287421 0.304181 0.00196736
0 0.26244 0.544074 0.508765 0.258399 0.0019629
0 0.274013 0.409489 0.465773 0.299583 0.00196205
0 0.290421 0.224804 0.455679 0.20656 0.00195998
0 0.410531 0.987439 0.0758754 0.0246948 0.00195432
0 0.826371 0.199849 0.326058 0.210443 0.00195342
0 0.164687 0.547396 0.265378 0.21366 0.00195052
0 0.689194 0.946693 0.343296 0.106614 0.00194963
0 0.151821 0.867714 0.284056 0.22983 0.00194836
0 0.36095 0.9891 0.184838 0.0218003 0.00194796
0 0.317756 0.263126 0.519476 0.240386 0.00194391
0 0.770662 0.373303 0.206255 0.214136 0.00194159
0 0.210682 0.591211 0.383377 0.238046 0.00193226
0 0.627898 0.939238 0.435002 0.121525 0.0019253
0 0.761302 0.213026 0.408338 0.252147 0.00192518
0 0.239905 0.151003 0.320574 0.199627 0.00191257
0 0.155229 0.502361 0.309723 0.331412 0.00190147
0 0.429564 0.713724 0.108366 0.0822552 0.00189804
0 0.206369 0.497465 0.370446 0.264741 0.0018949
0 0.685094 0.171898 0.573026 0.275819 0.00188099
0 0.912267 0.977033 0.175466 0.0459338 0.00187655
0 0.441622 0.988658 0.145684 0.0219974 0.00187378
0 0.676466 0.0353416 0.403491 0.0691145 0.00185102
0 0.174702 0.171572 0.312945 0.19076 0.00184516
0 0.744514 0.948215 0.265053 0.10357 0.00184249
0 0.156703 0.432458 0.312043 0.306581 0.00184184
0 0.165723 0.135425 0.285623 0.193874 0.00183955
0 0.160439 0.360143 0.315406 0.245732 0.00183391
0 0.832293 0.166316 0.29562 0.257078 0.0018307
0 0.164411 0.309022 0.31699 0.225393 0.00182773
0 0.172692 0.262777 0.327853 0.210741 0.001827
0 0.412923 0.988611 0.148949 0.0215279 0.00180695
0 0.176154 0.214649 0.328137 0.2019 0.00179405
0 0.915229 0.411802 0.063881 0.0478151 0.00179108
0 0.675739 0.305881 0.313501 0.266383 0.00178907
0 0.559034 0.361363 0.351759 0.163736 0.00178587
0 0.519642 0.870147 0.225608 0.0910914 0.00176019
0 0.647129 0.0279889 0.469783 0.054501 0.00174587
0 0.464539 0.749502 0.2224 0.14897 0.00174049
0 0.91998 0.898464 0.160039 0.203071 0.00171298
0 0.935342 0.974596 0.0582773 0.0343696 0.00170624
0 0.934116 0.975179 0.131768 0.0472979 0.00170405
0 0.91473 0.843542 0.124627 0.0827561 0.0016914
0 0.653015 0.236349 0.113686 0.0871393 0.00168836
0 0.622569 0.201407 0.0660314 0.0455552 0.00163747
0 0.412791 0.701524 0.0679962 0.052961 0.00163366
0 0.697418 0.0119217 0.288618 0.0238433 0.00163282
0 0.884927 0.970197 0.230146 0.0586007 0.00161186
0 0.496597 0.787772 0.285233 0.102342 0.00160637
0 0.431742 0.0255725 0.480674 0.0499471 0.00159932
0 0.710743 0.0477979 0.425857 0.094122 0.00158218
0 0.525011 0.0287989 0.417338 0.0563778 0.00156363
0 0.124033 0.490053 0.0425851 0.0363904 0.00152367
0 0.346441 0.0278793 0.373979 0.0544674 0.00146194
0 0.647406 0.761346 0.20392 0.193943 0.00145179
0 0.487395 0.985176 0.323221 0.0290405 0.00142949
0 0.60721 0.392576 0.389361 0.123424 0.00142473
0 0.888503 0.96023 0.03003 0.0304189 0.00140456
0 0.429577 0.224545 0.405612 0.120331 0.00139197
0 0.64417 0.701212 0.208729 0.172672 0.00138814
0 0.390954 0.987551 0.102869 0.0248982 0.00135101
0 0.949461 0.882793 0.0909144 0.149102 0.00135067
0 0.933798 0.821592 0.132403 0.265026 0.00133718
0 0.509893 0.965613 0.368443 0.0687738 0.00133375
0 0.486247 0.672521 0.277875 0.189668 0.0013135
0 0.378506 0.985224 0.195026 0.0289251 0.00128243
0 0.934576 0.967534 0.130847 0.0649326 0.00127901
0 0.636895 0.205431 0.260548 0.143992 0.00127839
0 0.775484 0.368955 0.198654 0.153678 0.00127461
0 0.609342 0.197235 0.03834 0.0373446 0.00127323
0 0.359426 0.0175876 0.274135 0.0351752 0.00126257
0 0.702408 0.488169 0.355574 0.285523 0.00126084
0 0.933205 0.223055 0.0345742 0.0276982 0.00124831
0 0.682318 0.0614422 0.332368 0.12209 0.00124443
0 0.670473 0.0224453 0.406537 0.044175 0.00123895
0 0.82607 0.95525 0.347859 0.0865081 0.0012356
0 0.268691 0.273749 0.107875 0.0640015 0.00122007
0 0.623205 0.474784 0.143368 0.0935061 0.00121601
0 0.501508 0.547152 0.189891 0.146254 0.00121415
0 0.486399 0.885322 0.315405 0.120488 0.0012062
0 0.563203 0.382834 0.331957 0.120819 0.00118857
1 0.596686 0.956435 0.455743 0.0871294 0.00117943
0 0.677124 0.0300894 0.321512 0.0594395 0.00117795
0 0.942617 0.417789 0.106484 0.0678075 0.00117336
0 0.801917 0.944798 0.333808 0.110404 0.00116871
0 0.39022 0.319899 0.356587 0.253819 0.00115494
0 0.479282 0.423485 0.0550199 0.0374415 0.00114511
0 0.132842 0.495563 0.0648264 0.0320214 0.00113928
0 0.262166 0.714553 0.0527429 0.021973 0.00113462
0 0.625843 0.882662 0.0461309 0.0293118 0.00113378
0 0.578409 0.455282 0.259218 0.157234 0.00112786
0 0.59979 0.627109 0.298707 0.227908 0.0011067
0 0.903247 0.963919 0.0640294 0.0327366 0.00110339
0 0.732289 0.0176037 0.272646 0.0352074 0.00110058
0 0.566971 0.390531 0.243153 0.111778 0.00108939
0 0.669236 0.496645 0.169635 0.0646986 0.0010835
0 0.335687 0.222133 0.26839 0.131634 0.00108313
0 0.278034 0.0293502 0.358364 0.0576298 0.00106442
0 0.549977 0.633713 0.312785 0.228467 0.00106428
0 0.450278 0.0117766 0.273492 0.0235533 0.00105995
0 0.446464 0.89514 0.07171 0.0746772 0.00105345
0 0.91748 0.830578 0.145092 0.179896 0.00104387
0 0.671641 0.777063 0.159265 0.163889 0.00103833
0 0.556869 0.960603 0.426493 0.0787934 0.00102491
0 0.573947 0.502369 0.313692 0.165511 0.00101652
0 0.479599 0.871972 0.142939 0.0943577 0.00101412
0 0.765344 0.0525352 0.469312 0.103843 0.00100635
0 0.555085 0.425061 0.201221 0.0733907 0.00100549
0 0.346022 0.975506 0.231763 0.0489884 0.00100314
0 0.153126 0.959805 0.293466 0.08039 0.00100048
0 0.360352 0.202296 0.343612 0.126375 0.00099584
1 0.554631 0.913367 0.341291 0.173266 0.000994487
0 0.524058 0.916113 0.302181 0.167773 0.000985254
0 0.758439 0.0627778 0.376487 0.125556 0.000981186
0 0.435712 0.785551 0.15856 0.0850239 0.00097327
0 0.946726 0.660031 0.099583 0.0898684 0.000971824
0 0.125061 0.492298 0.0547114 0.0422192 0.000970555
0 0.925138 0.826774 0.145953 0.2425 0.000968796
0 0.33831 0.272239 0.246398 0.119834 0.000966867
