2 0.500522 0.513557 0.854036 0.942984 0.966075
2 0.378419 0.530603 0.635823 0.91429 0.0476428
2 0.0909725 0.531287 0.181417 0.937427 0.0446764
2 0.925948 0.619074 0.148105 0.705191 0.0161298
2 0.176593 0.526882 0.353185 0.946237 0.014737
2 0.405896 0.710835 0.678214 0.57833 0.00973505
2 0.786839 0.558298 0.424631 0.844912 0.00911224
0 0.925931 0.65399 0.148138 0.542447 0.00870778
2 0.895627 0.578208 0.208746 0.82433 0.00863549
2 0.275581 0.538467 0.544982 0.916516 0.00860357
0 0.92724 0.641038 0.144865 0.717924 0.00643147
2 0.430288 0.382613 0.816021 0.702931 0.00637125
2 0.640462 0.570963 0.719076 0.858074 0.00572568
2 0.749342 0.5 0.499772 1 0.00563439
2 0.471244 0.594583 0.703346 0.810834 0.00521639
2 0.85156 0.499191 0.296879 0.998382 0.0050831
2 0.479752 0.170414 0.208959 0.256766 0.00505361
2 0.475517 0.193997 0.859734 0.351218 0.00423948
0 0.0793944 0.388422 0.158789 0.402606 0.00420297
2 0.492979 0.299821 0.747615 0.536752 0.00411513
0 0.593419 0.808719 0.208825 0.372425 0.0040704
0 0.0234051 0.318096 0.0468102 0.636192 0.00342646
2 0.576032 0.358626 0.815962 0.64372 0.00331513
2 0.341159 0.671939 0.451081 0.656121 0.00317945
2 0.485517 0.137157 0.840468 0.265947 0.00317301
0 0.315989 0.534037 0.499923 0.931925 0.00312042
0 0.067812 0.352412 0.134961 0.521801 0.00305945
0 0.959345 0.589397 0.0807812 0.799026 0.00301456
0 0.927637 0.668398 0.144326 0.384861 0.00297802
0 0.0390825 0.364452 0.0781651 0.629444 0.00296128
2 0.478871 0.103335 0.814859 0.20667 0.00270397
0 0.645204 0.49057 0.707958 0.89574 0.00268927
2 0.761021 0.660019 0.476592 0.676967 0.00268732
0 0.866891 0.408284 0.266218 0.806358 0.00266378
2 0.565852 0.648399 0.832298 0.703202 0.0026266
2 0.235947 0.402059 0.46692 0.619124 0.00261278
2 0.194496 0.379403 0.388991 0.757674 0.00259655
2 0.0983793 0.686841 0.195785 0.617569 0.00257738
0 0.228213 0.528912 0.453384 0.942176 0.00248013
2 0.503319 0.746322 0.573386 0.507357 0.00246761
0 0.881158 0.196908 0.237684 0.393816 0.00242865
0 0.829446 0.858096 0.341107 0.283808 0.00241355
0 0.458041 0.203894 0.773865 0.407788 0.0023956
0 0.912605 0.204998 0.174789 0.409995 0.00239514
0 0.912344 0.283686 0.175313 0.567372 0.00238842
2 0.0921191 0.354411 0.184238 0.708821 0.00238817
1 0.925725 0.755509 0.148257 0.488982 0.00238116
1 0.436006 0.194835 0.78816 0.383229 0.00237362
0 0.0887651 0.305613 0.17753 0.611226 0.00229081
0 0.0145138 0.275502 0.0286115 0.207275 0.00225965
0 0.0282187 0.407576 0.0564374 0.649566 0.0022134
0 0.405793 0.0877251 0.692253 0.17545 0.00220005
1 0.931301 0.680988 0.136759 0.638023 0.00218158
2 0.275756 0.333254 0.551512 0.60231 0.00217112
2 0.686981 0.269518 0.618036 0.507474 0.00216811
0 0.861778 0.752108 0.276444 0.495783 0.00216577
0 0.605893 0.196333 0.739836 0.392666 0.0021657
0 0.277843 0.0877207 0.494096 0.175441 0.00215875
0 0.827987 0.167254 0.341635 0.334509 0.00215742
2 0.56696 0.201438 0.755633 0.402876 0.00214489
0 0.0620023 0.286141 0.123884 0.572281 0.00214411
0 0.322204 0.706201 0.437618 0.587598 0.00213303
0 0.0964959 0.887166 0.192992 0.225668 0.00213269
0 0.447807 0.136577 0.751284 0.264939 0.00213265
0 0.175376 0.27766 0.350752 0.55532 0.00209447
2 0.642249 0.151824 0.636028 0.303647 0.00208607
2 0.841221 0.703 0.317559 0.594 0.00207561
2 0.451438 0.821902 0.668525 0.356197 0.00206216
2 0.790758 0.288395 0.418219 0.555817 0.00205233
0 0.24368 0.369745 0.483983 0.562566 0.00204602
2 0.927248 0.716231 0.144775 0.567537 0.00204122
0 0.417877 0.632029 0.317541 0.442473 0.00203365
2 0.674308 0.760803 0.64221 0.478394 0.00202706
0 0.142946 0.164128 0.285892 0.328256 0.00202457
0 0.727557 0.910777 0.509085 0.178446 0.00202253
0 0.218958 0.932288 0.437917 0.135425 0.00201652
0 0.218622 0.133431 0.437243 0.266863 0.00200499
0 0.28276 0.148685 0.531627 0.29585 0.002004
0 0.665031 0.936687 0.504203 0.126625 0.00198689
2 0.0950991 0.812299 0.190198 0.351543 0.00198207
0 0.558353 0.937808 0.454179 0.124384 0.00198177
0 0.835306 0.282853 0.329389 0.554272 0.00197651
0 0.521101 0.932322 0.607625 0.135357 0.00196479
0 0.310071 0.934073 0.590681 0.131854 0.00194463
0 0.751104 0.143195 0.472051 0.286389 0.00193651
0 0.816162 0.944407 0.367018 0.111186 0.00193369
0 0.205703 0.245997 0.407968 0.350069 0.00193157
0 0.719477 0.823468 0.527252 0.353065 0.00193102
0 0.746281 0.18971 0.494556 0.37942 0.00192065
0 0.146971 0.920741 0.293942 0.158518 0.0019203
0 0.360978 0.254276 0.67527 0.373431 0.00191718
0 0.249849 0.203453 0.499697 0.398081 0.00189759
2 0.49684 0.92257 0.682272 0.15486 0.0018828
0 0.0206209 0.47032 0.0412418 0.751754 0.00185533
0 0.0169858 0.430438 0.0339716 0.323409 0.00183965
1 0.717626 0.759696 0.558324 0.480609 0.00183085
2 0.539371 0.863067 0.749471 0.259981 0.00182361
2 0.213122 0.726547 0.423881 0.53815 0.00176981
2 0.731458 0.819944 0.52135 0.350396 0.00176703
2 0.133835 0.771532 0.267671 0.436025 0.00175567
2 0.556031 0.867448 0.361904 0.256526 0.00173225
2 0.550104 0.795454 0.420287 0.409092 0.00172607
0 0.269543 0.854833 0.539085 0.267443 0.00170348
0 0.139935 0.822798 0.279052 0.332898 0.00169481
0 0.56776 0.801694 0.288738 0.378064 0.00167894
0 0.990849 0.53794 0.0177979 0.119552 0.00167569
0 0.82123 0.809926 0.356364 0.366394 0.00167157
2 0.293628 0.884984 0.581009 0.207852 0.0016597
2 0.604335 0.805865 0.645844 0.38827 0.0016496
0 0.661756 0.855608 0.476617 0.28775 0.00164621
0 0.244346 0.790861 0.486991 0.395764 0.0016053
2 0.413899 0.880719 0.655477 0.219261 0.00153164
2 0.321472 0.78027 0.440477 0.430534 0.00150636
0 0.416402 0.53105 0.347795 0.348572 0.00147693
2 0.364897 0.824964 0.542417 0.322055 0.00146401
0 0.990989 0.542641 0.0177061 0.0823586 0.00144997
0 0.982169 0.529061 0.035662 0.451896 0.0014269
1 0.256341 0.800905 0.262022 0.379394 0.00140219
2 0.45158 0.162536 0.29207 0.235498 0.00139928
0 0.923499 0.565572 0.152722 0.495892 0.00139048
2 0.970772 0.517792 0.058085 0.812987 0.00136835
0 0.0141258 0.24507 0.0282054 0.421364 0.00135057
0 0.0118565 0.354064 0.0237131 0.322111 0.00130503
0 0.205284 0.280173 0.218133 0.368402 0.00129824
2 0.97554 0.443697 0.0478988 0.8043 0.00127838
0 0.446959 0.159582 0.295558 0.236745 0.00127557
0 0.390807 0.481414 0.42804 0.355326 0.00126594
0 0.452335 0.664141 0.256302 0.411139 0.00125653
0 0.0685489 0.25046 0.137098 0.425263 0.00125091
1 0.023531 0.631034 0.0470621 0.737931 0.00124336
0 0.541944 0.447075 0.533427 0.28517 0.00121782
0 0.679213 0.832646 0.148581 0.325524 0.00120799
0 0.645026 0.811856 0.228372 0.376289 0.0012036
0 0.928454 0.788211 0.143092 0.40245 0.00119857
0 0.0211546 0.58795 0.0423092 0.824101 0.0011932
0 0.855026 0.391206 0.0545698 0.0940009 0.00117243
0 0.84525 0.543704 0.309499 0.460948 0.00116693
0 0.891353 0.610632 0.217293 0.339355 0.0011541
1 0.428232 0.193606 0.339382 0.299289 0.00114626
2 0.709352 0.465935 0.24394 0.236724 0.00114229
0 0.0776685 0.524598 0.155337 0.631895 0.00113973
0 0.294349 0.640618 0.2902 0.359689 0.00112283
0 0.457507 0.552544 0.458296 0.337182 0.00111494
1 0.0799871 0.582579 0.158692 0.375319 0.00111434
0 0.688429 0.778151 0.131503 0.231844 0.00110646
0 0.419595 0.133851 0.350942 0.247771 0.0011026
0 0.0228266 0.69586 0.0456531 0.608281 0.00109783
0 0.860925 0.39131 0.0402157 0.0859359 0.00109695
0 0.076621 0.306192 0.153241 0.310293 0.00109588
0 0.23926 0.800919 0.220912 0.380941 0.00109424
1 0.469431 0.195285 0.230939 0.303747 0.00109403
0 0.542358 0.757153 0.314503 0.437577 0.0010904
0 0.287974 0.756171 0.273768 0.383213 0.00108576
0 0.691619 0.716342 0.149998 0.32961 0.00108361
0 0.928431 0.712097 0.143137 0.200244 0.00108179
1 0.0797104 0.617379 0.158807 0.540631 0.00108009
0 0.657067 0.706144 0.240364 0.365595 0.00107572
0 0.478399 0.506287 0.538485 0.243703 0.00106822
0 0.0799087 0.475787 0.159817 0.290578 0.00106717
2 0.0209026 0.264814 0.0418052 0.529629 0.00106625
2 0.11761 0.399286 0.23522 0.390792 0.00106455
1 0.930067 0.527691 0.139866 0.682556 0.00105403
1 0.718261 0.465602 0.219998 0.237515 0.00105384
0 0.853611 0.397738 0.292778 0.355171 0.0010421
0 0.196132 0.36576 0.19699 0.190121 0.00103239
1 0.0770254 0.619429 0.154051 0.757938 0.00102714
1 0.0502958 0.664386 0.100592 0.671228 0.00101984
0 0.506324 0.409674 0.533799 0.331408 0.0010195
2 0.965688 0.752679 0.0674368 0.494642 0.00101479
1 0.336206 0.87424 0.298357 0.233192 0.00101409
0 0.477688 0.719509 0.211853 0.351387 0.00101387
2 0.961234 0.865656 0.0768993 0.268689 0.00101215
0 0.661894 0.761942 0.206661 0.292691 0.00101129
2 0.49666 0.211204 0.170647 0.336618 0.00100622
2 0.0789335 0.531345 0.157638 0.230726 0.000992686
0 0.109661 0.424283 0.217761 0.331027 0.000989278
0 0.594107 0.743482 0.226932 0.40066 0.000982946
0 0.700331 0.687232 0.158626 0.424631 0.000981563
0 0.0821574 0.65346 0.163367 0.544461 0.000978885
0 0.41237 0.107199 0.481466 0.20217 0.000971836
0 0.279998 0.563422 0.292927 0.507659 0.000971026
0 0.368923 0.668651 0.438978 0.384181 0.0009638
2 0.383739 0.882069 0.303196 0.224157 0.000958444
0 0.50547 0.160667 0.155803 0.232535 0.000956581
0 0.0236257 0.758039 0.0471491 0.483922 0.000956013
0 0.691226 0.728686 0.135614 0.244591 0.000955802
1 0.237803 0.834447 0.218577 0.312475 0.000955792
0 0.0799239 0.576296 0.159449 0.386696 0.000950327
1 0.940255 0.445646 0.11949 0.668499 0.000947206
2 0.693171 0.416622 0.28575 0.340693 0.000945593
0 0.847305 0.404824 0.0711132 0.118247 0.000941965
0 0.343581 0.855398 0.298881 0.263483 0.000941061
0 0.990399 0.55941 0.0188038 0.102035 0.000937319
0 0.805309 0.386436 0.15403 0.361176 0.000935905
0 0.837765 0.409308 0.0923892 0.135527 0.00093197
0 0.990061 0.510073 0.0191582 0.236743 0.000931446
0 0.327363 0.489725 0.432243 0.283649 0.000931159
0 0.847206 0.462122 0.305589 0.40329 0.000930543
0 0.688905 0.628933 0.229076 0.529647 0.000928676
0 0.42054 0.432249 0.475903 0.392041 0.000923471
0 0.177007 0.239485 0.254945 0.281104 0.000918089
0 0.289032 0.457302 0.392866 0.324027 0.000917534
0 0.617439 0.740039 0.206852 0.300214 0.000916933
0 0.287584 0.509151 0.329168 0.293374 0.000909068
1 0.722625 0.544524 0.215367 0.545195 0.000908255
2 0.728789 0.496377 0.19649 0.410235 0.000905254
0 0.66475 0.179965 0.278309 0.281509 0.000898918
0 0.886284 0.698793 0.227432 0.217167 0.000897253
0 0.810076 0.40078 0.254534 0.316433 0.000896662
0 0.271602 0.38633 0.36457 0.280837 0.000896463
0 0.659538 0.443972 0.319108 0.285184 0.000895763
0 0.112135 0.67245 0.224271 0.561993 0.000894825
1 0.0570897 0.263413 0.114179 0.526826 0.000887892
0 0.890741 0.559103 0.218519 0.491938 0.000887808
2 0.97739 0.370249 0.0445763 0.740498 0.000887491
0 0.723581 0.604235 0.21225 0.584819 0.000884385
0 0.848991 0.618339 0.302017 0.336914 0.000884351
0 0.349838 0.707434 0.370904 0.357626 0.000879093
0 0.36839 0.533802 0.433833 0.185743 0.000876223
0 0.0270973 0.453823 0.0536525 0.353698 0.000875085
0 0.252431 0.49611 0.291279 0.481166 0.000874724
0 0.0529254 0.754629 0.105851 0.490743 0.000872773
0 0.262546 0.621393 0.269465 0.439673 0.000871877
0 0.29941 0.582071 0.311916 0.31233 0.000870872
0 0.0797482 0.496498 0.157483 0.15701 0.000870551
0 0.54356 0.488844 0.505003 0.217708 0.0008696
0 0.263326 0.336811 0.344871 0.316195 0.000868801
2 0.958896 0.910136 0.0822074 0.179727 0.000866206
0 0.358839 0.170177 0.518665 0.241678 0.000862766
0 0.406968 0.0816849 0.424395 0.16337 0.000862164
0 0.399702 0.869293 0.336289 0.248328 0.000859286
0 0.0980542 0.710386 0.19333 0.422536 0.000859185
0 0.285048 0.178909 0.22778 0.15302 0.000856606
0 0.0330456 0.846056 0.0660911 0.307889 0.0008563
0 0.744625 0.880139 0.298343 0.222254 0.00085577
2 0.971591 0.788891 0.0556 0.422217 0.000854799
0 0.692222 0.480438 0.277334 0.203552 0.000853207
0 0.26435 0.427516 0.317701 0.330834 0.000849969
0 0.075426 0.833535 0.150852 0.331955 0.000846725
2 0.762919 0.889047 0.283544 0.205743 0.000845045
0 0.30943 0.824999 0.291697 0.327453 0.000844159
0 0.140796 0.603768 0.281592 0.508945 0.000843819
0 0.649984 0.642749 0.276647 0.471047 0.000843501
0 0.355518 0.409989 0.482573 0.44281 0.000838325
0 0.303963 0.0848181 0.266012 0.16617 0.000837795
0 0.828425 0.404221 0.252727 0.422102 0.00083577
2 0.416709 0.891825 0.197376 0.206241 0.000834772
0 0.746822 0.604911 0.243783 0.451047 0.000833385
2 0.4427 0.887595 0.346539 0.213355 0.000830297
2 0.970944 0.298631 0.0570987 0.597261 0.000829349
0 0.696586 0.801085 0.163573 0.350163 0.000828791
0 0.43318 0.724943 0.232589 0.329902 0.000827183
2 0.965093 0.827387 0.0679926 0.345225 0.000827018
0 0.521258 0.125722 0.395068 0.17618 0.000826919
0 0.270975 0.0800968 0.367976 0.160068 0.000826404
0 0.63006 0.851359 0.179624 0.290055 0.000825363
0 0.305667 0.508108 0.369744 0.221139 0.000824393
0 0.15799 0.545594 0.315979 0.470322 0.00082419
0 0.48878 0.296143 0.208282 0.398043 0.000822388
0 0.798104 0.89701 0.214897 0.191531 0.000822284
0 0.207792 0.467536 0.257651 0.384842 0.000822278
0 0.114776 0.851334 0.229551 0.286319 0.000818232
0 0.21935 0.749661 0.188601 0.267783 0.000816714
0 0.729236 0.691201 0.219587 0.502405 0.000816265
0 0.0527783 0.823024 0.105557 0.35113 0.00081599
0 0.0681212 0.880286 0.136123 0.221101 0.000814827
0 0.709614 0.206528 0.410686 0.31945 0.000813771
0 0.346616 0.618082 0.388734 0.305948 0.000812868
0 0.41803 0.297471 0.390602 0.447847 0.000812139
0 0.672341 0.172869 0.372333 0.332211 0.000811398
0 0.112785 0.153356 0.224476 0.301452 0.000810778
0 0.0185265 0.370633 0.036398 0.349282 0.000810598
0 0.80587 0.628595 0.337495 0.319128 0.000807691
0 0.508343 0.361376 0.305365 0.284604 0.000806371
0 0.201755 0.805998 0.147444 0.365929 0.000805876
0 0.819058 0.487001 0.361884 0.491047 0.000804662
0 0.912067 0.494152 0.175866 0.524157 0.000803817
0 0.807267 0.237886 0.385466 0.385142 0.00080194
0 0.11317 0.558615 0.22634 0.331172 0.000800304
0 0.484769 0.612997 0.46669 0.374001 0.000799654
2 0.772467 0.858692 0.326854 0.282616 0.000798856
0 0.196184 0.52663 0.265947 0.545253 0.000798001
0 0.86012 0.887375 0.250823 0.213336 0.000796183
1 0.276157 0.934037 0.252897 0.131925 0.000795986
0 0.487631 0.362557 0.466998 0.30174 0.000795253
2 0.0224682 0.3409 0.0441195 0.318549 0.000792804
0 0.448706 0.453496 0.525339 0.261136 0.000792098
0 0.204925 0.387472 0.227904 0.177497 0.000791872
0 0.857704 0.849719 0.284593 0.300561 0.000791454
0 0.218196 0.187899 0.353776 0.181712 0.000791371
2 0.735781 0.453534 0.182598 0.259519 0.000790058
0 0.240174 0.370832 0.313739 0.207702 0.000789506
0 0.702345 0.853325 0.249964 0.281125 0.000788379
0 0.672963 0.213829 0.315347 0.25001 0.000788194
0 0.800661 0.870383 0.313314 0.259234 0.000786082
0 0.799255 0.583507 0.40149 0.373345 0.000786067
0 0.181472 0.722604 0.221229 0.27993 0.000784854
0 0.156257 0.652625 0.230024 0.460737 0.000784554
0 0.0729359 0.16221 0.145872 0.32442 0.000782592
0 0.469404 0.888735 0.352268 0.209297 0.00078255
