1 0.431633 0.603694 0.330865 0.564859 0.952374
0 0.173339 0.282644 0.0257813 0.04402 0.152845
1 0.518316 0.642937 0.516481 0.659539 0.134406
0 0.0558464 0.76126 0.0782544 0.0625231 0.119584
1 0.551986 0.648822 0.739694 0.687289 0.0283049
0 0.0458738 0.756453 0.0549363 0.0609771 0.0174642
0 0.443117 0.677997 0.310424 0.410765 0.0158661
1 0.431383 0.697721 0.333541 0.354233 0.0156122
1 0.371365 0.765182 0.205648 0.211141 0.011156
0 0.0851837 0.752958 0.14457 0.0810711 0.0104849
0 0.0535573 0.756728 0.084351 0.0877825 0.0100239
0 0.453069 0.58081 0.288442 0.483717 0.00919415
0 0.107597 0.763479 0.191838 0.0886417 0.00724407
1 0.328651 0.630791 0.637424 0.613383 0.00699998
1 0.256304 0.788908 0.494081 0.415088 0.00674414
0 0.179059 0.28286 0.0409222 0.0499736 0.00670197
1 0.527291 0.703018 0.54687 0.395276 0.00612099
0 0.809751 0.322399 0.0268861 0.0739321 0.0059025
1 0.17561 0.826364 0.343827 0.34185 0.00578907
1 0.249056 0.704167 0.480935 0.585339 0.00551545
0 0.411262 0.723529 0.286009 0.30739 0.00550975
1 0.358844 0.785384 0.702861 0.424109 0.00536014
0 0.166004 0.85015 0.32732 0.295914 0.00497587
0 0.0915952 0.610732 0.182972 0.764789 0.00471439
1 0.470812 0.742273 0.424052 0.515454 0.00452192
0 0.186048 0.281449 0.055588 0.0552674 0.00445154
0 0.0940769 0.734033 0.187224 0.522451 0.00443635
0 0.138113 0.816969 0.275988 0.364398 0.00436222
0 0.173857 0.293386 0.0313712 0.0664437 0.00412789
0 0.133598 0.726854 0.266981 0.541223 0.00406114
0 0.123495 0.583136 0.246991 0.823247 0.00402093
0 0.298653 0.0832377 0.022695 0.0405252 0.00395661
0 0.168885 0.772883 0.33521 0.445721 0.00385305
0 0.170487 0.283976 0.0318885 0.0524924 0.00384687
1 0.415041 0.544971 0.375577 0.739796 0.00378133
1 0.479008 0.522253 0.234453 0.404856 0.00370449
0 0.0941768 0.834983 0.187552 0.311378 0.00362533
0 0.121789 0.731006 0.223032 0.144975 0.00353463
0 0.941581 0.254253 0.116839 0.508256 0.00347612
0 0.0441443 0.678228 0.0882885 0.643544 0.00338813
1 0.365492 0.508666 0.48588 0.901396 0.0033784
0 0.16216 0.895836 0.324319 0.208328 0.00329519
0 0.135496 0.773819 0.252075 0.134196 0.00325775
0 0.0147544 0.544655 0.0295088 0.163835 0.00325036
0 0.17499 0.602817 0.34998 0.794367 0.00323373
1 0.574811 0.510557 0.849778 0.948575 0.00321189
0 0.0190428 0.519845 0.0380855 0.723693 0.00318939
1 0.629713 0.760495 0.659541 0.474818 0.00317608
0 0.0913697 0.425752 0.182725 0.844147 0.00308491
0 0.099853 0.875036 0.199706 0.249927 0.0030503
0 0.0222739 0.62462 0.0445479 0.75076 0.00302639
0 0.09545 0.784102 0.174141 0.122488 0.00302498
0 0.942146 0.384469 0.115709 0.715508 0.00301274
0 0.921976 0.189409 0.156047 0.378817 0.00300947
0 0.942315 0.574723 0.11537 0.769884 0.00299132
1 0.504768 0.488731 0.181631 0.33391 0.00293192
0 0.0669323 0.785917 0.111617 0.121632 0.0029308
0 0.0946 0.721214 0.168079 0.148762 0.00287966
0 0.827713 0.323137 0.0686451 0.080433 0.00279746
0 0.939431 0.68532 0.121137 0.629359 0.00278212
0 0.922231 0.337279 0.154699 0.608396 0.0027733
0 0.0509209 0.660007 0.101674 0.336311 0.00275296
0 0.0218296 0.414361 0.0436593 0.779513 0.00274347
1 0.506243 0.813022 0.612612 0.373955 0.00273151
0 0.879813 0.168228 0.235428 0.336455 0.00272024
0 0.0511342 0.823083 0.101853 0.353833 0.00271225
0 0.0633551 0.723119 0.103496 0.135053 0.00267356
0 0.859855 0.900215 0.28029 0.199571 0.00265743
0 0.0899218 0.29449 0.179494 0.58697 0.00264622
0 0.0422316 0.766329 0.0653369 0.163036 0.0026386
0 0.0807812 0.207054 0.161562 0.414107 0.002619
0 0.124292 0.797348 0.235288 0.155409 0.00260994
0 0.990272 0.248539 0.0189724 0.0992585 0.00259206
0 0.230601 0.923876 0.452423 0.152248 0.00258965
0 0.0197786 0.3543 0.0395573 0.7086 0.00254891
0 0.351183 0.360034 0.606491 0.63789 0.00253724
0 0.921535 0.778689 0.154775 0.442621 0.00250184
0 0.266027 0.547233 0.532054 0.852795 0.00249212
0 0.89523 0.835255 0.207761 0.327898 0.00248082
0 0.914403 0.591015 0.17035 0.753726 0.00245238
0 0.188639 0.484603 0.377278 0.951761 0.00238285
0 0.618622 0.514731 0.762756 0.927401 0.00237602
0 0.412333 0.490542 0.48399 0.79781 0.0023631
0 0.0120173 0.51364 0.0240228 0.204395 0.00235341
0 0.0994402 0.142451 0.19888 0.284902 0.00234422
0 0.752731 0.949256 0.40541 0.101488 0.00232833
0 0.848646 0.951458 0.300174 0.0970839 0.00232569
0 0.118158 0.265971 0.23566 0.523299 0.00232191
0 0.017208 0.56507 0.0344049 0.190031 0.00230533
0 0.452784 0.367506 0.656027 0.613589 0.00228578
0 0.647006 0.946114 0.492655 0.107771 0.00228455
0 0.10773 0.185666 0.215459 0.371333 0.00228321
0 0.826305 0.15479 0.332728 0.309581 0.00226869
1 0.508605 0.919293 0.480294 0.161415 0.00225515
0 0.578108 0.93908 0.522679 0.12184 0.00225042
0 0.137505 0.136909 0.275009 0.273818 0.00224705
0 0.882808 0.293 0.231428 0.547597 0.0022131
0 0.589934 0.359115 0.787558 0.621123 0.00220362
0 0.723813 0.147875 0.386428 0.295749 0.00220332
0 0.858774 0.199316 0.275971 0.395612 0.00220257
0 0.0493185 0.765924 0.0638701 0.0766979 0.00216573
0 0.621779 0.145438 0.422647 0.290877 0.00216442
0 0.172212 0.327721 0.344424 0.600513 0.00215756
0 0.157457 0.0855906 0.300878 0.171181 0.00215293
0 0.378369 0.280597 0.550416 0.505495 0.00215151
0 0.526069 0.123715 0.407392 0.24743 0.00213671
1 0.782126 0.706784 0.406273 0.579297 0.0021277
0 0.625861 0.831788 0.563178 0.325425 0.00211732
0 0.21684 0.0802256 0.361866 0.160451 0.00207721
0 0.719717 0.300706 0.510106 0.555721 0.00207705
0 0.148446 0.186028 0.296892 0.370883 0.00206572
0 0.67276 0.203444 0.476725 0.395172 0.00206453
0 0.383215 0.113921 0.395062 0.227842 0.00205936
0 0.353776 0.927364 0.610707 0.145273 0.0020555
0 0.445255 0.923879 0.538937 0.152242 0.00205226
0 0.823913 0.286366 0.34704 0.522307 0.00205053
1 0.689973 0.628544 0.594886 0.742912 0.00204885
0 0.29545 0.101041 0.408193 0.202082 0.002042
0 0.862751 0.857997 0.27316 0.266303 0.0020418
0 0.797442 0.347788 0.404728 0.604793 0.00202138
0 0.557181 0.189903 0.461887 0.369966 0.00201926
0 0.0422401 0.792688 0.063184 0.149845 0.00199879
0 0.062112 0.61534 0.124224 0.549568 0.00199601
0 0.452633 0.490348 0.298035 0.340739 0.00199401
1 0.787487 0.793295 0.384498 0.407508 0.0019806
2 0.107895 0.857267 0.213977 0.275257 0.00196686
0 0.354324 0.186211 0.439667 0.358637 0.00195676
0 0.768043 0.839505 0.393766 0.309563 0.00194695
0 0.878099 0.637871 0.242513 0.724258 0.00194414
0 0.860022 0.414118 0.276892 0.753339 0.00193773
0 0.176473 0.240719 0.311322 0.426895 0.00192647
0 0.467168 0.192407 0.486761 0.369605 0.00192495
0 0.681039 0.607928 0.637749 0.756253 0.0019048
0 0.226988 0.167641 0.381041 0.323978 0.00187352
0 0.982742 0.241054 0.0345165 0.384315 0.00182177
0 0.471858 0.633662 0.243348 0.481929 0.00181634
0 0.198129 0.255531 0.0795967 0.106264 0.00181424
0 0.28203 0.259575 0.450372 0.463258 0.00178949
0 0.00595802 0.803723 0.0117178 0.0592083 0.00178826
1 0.836273 0.736349 0.324058 0.519577 0.00177891
0 0.846246 0.798235 0.302722 0.397174 0.00177501
0 0.0337531 0.742512 0.0675062 0.514977 0.00176506
0 0.779463 0.515109 0.441074 0.859805 0.00176318
0 0.815503 0.65209 0.363256 0.695821 0.00174828
0 0.0714498 0.756684 0.0637283 0.0594409 0.00174727
0 0.0691856 0.641254 0.137083 0.309348 0.00174448
0 0.989447 0.275795 0.0206554 0.181941 0.00174429
1 0.446092 0.727314 0.273813 0.291781 0.00168968
0 0.0724827 0.68376 0.135 0.226323 0.00165317
0 0.0497159 0.487234 0.0994319 0.638786 0.00163957
0 0.0104218 0.495534 0.0208206 0.309876 0.00159743
0 0.0224365 0.785693 0.044873 0.428614 0.00159336
0 0.00717978 0.791639 0.0140688 0.0920335 0.00158532
2 0.514438 0.465386 0.161239 0.284641 0.00155214
0 0.0384067 0.744904 0.0753598 0.292038 0.00154591
0 0.146568 0.764566 0.285224 0.182056 0.00153793
0 0.0295666 0.853752 0.0591331 0.292495 0.00151515
1 0.418308 0.750143 0.268474 0.240737 0.00151469
2 0.469408 0.466053 0.253525 0.287125 0.0015075
0 0.00837477 0.647591 0.0165774 0.200936 0.0015019
0 0.0187438 0.263905 0.0374876 0.527811 0.00149901
0 0.300217 0.0936843 0.0281307 0.0649043 0.00149715
0 0.974811 0.374353 0.0493153 0.748705 0.00148424
0 0.0684144 0.845906 0.136829 0.302272 0.0014761
0 0.0518774 0.357759 0.103755 0.715518 0.00143194
0 0.516703 0.430113 0.159519 0.21563 0.00142205
0 0.134416 0.888725 0.255706 0.215212 0.00141097
0 0.117958 0.656486 0.222107 0.300192 0.00136622
0 0.185004 0.246334 0.0585419 0.122477 0.00136211
1 0.365924 0.818799 0.225978 0.362403 0.00131784
0 0.0701384 0.904653 0.140277 0.190694 0.00128421
0 0.420873 0.621181 0.302294 0.475399 0.00127067
0 0.917943 0.252694 0.163999 0.505388 0.00126971
0 0.00801653 0.682149 0.0159951 0.19842 0.00126856
0 0.965481 0.805605 0.0681606 0.38879 0.00126066
0 0.0171478 0.594787 0.0341338 0.308179 0.00123499
0 0.115073 0.923923 0.227843 0.152154 0.00121747
0 0.0100191 0.320735 0.0199416 0.322924 0.00121605
0 0.0549506 0.791209 0.0871999 0.140013 0.0012154
0 0.195416 0.309274 0.0769278 0.109005 0.00118878
1 0.340588 0.778486 0.218135 0.222571 0.00118587
0 0.20906 0.241032 0.117814 0.138979 0.00118252
0 0.965423 0.743685 0.0681892 0.512631 0.00118001
0 0.968193 0.310617 0.0627882 0.621233 0.00117543
0 0.989103 0.198579 0.0208236 0.268339 0.0011741
2 0.958297 0.885678 0.082624 0.228645 0.00116928
0 0.970161 0.474701 0.0587974 0.799687 0.00116741
0 0.254589 0.844945 0.0281369 0.0394987 0.00116085
0 0.0547149 0.28653 0.10943 0.57306 0.00115146
0 0.00794794 0.844554 0.0157095 0.137221 0.00114634
0 0.990027 0.304279 0.0192066 0.253309 0.0011343
0 0.157996 0.934284 0.261257 0.131432 0.00113234
0 0.925321 0.444745 0.149359 0.590089 0.00112266
0 0.020366 0.56724 0.0277456 0.0427693 0.00110198
0 0.808646 0.314854 0.0931812 0.10289 0.00109303
0 0.0105069 0.631332 0.020807 0.319862 0.00109288
0 0.221041 0.252776 0.131868 0.106878 0.00109125
0 0.0106555 0.781644 0.0211371 0.186807 0.00108309
1 0.421609 0.832241 0.275769 0.333905 0.0010748
1 0.340335 0.770602 0.168989 0.197924 0.00107354
2 0.970143 0.512651 0.058889 0.804815 0.00107111
1 0.320199 0.809776 0.247826 0.287032 0.0010619
0 0.960973 0.258839 0.0776226 0.517677 0.00105704
0 0.912216 0.151686 0.175568 0.303372 0.0010557
2 0.509844 0.587157 0.172907 0.416639 0.00105266
1 0.536241 0.459208 0.133315 0.290404 0.00104889
0 0.013359 0.207209 0.0267179 0.414419 0.00104718
2 0.0181575 0.234949 0.0363151 0.469898 0.00104472
0 0.021914 0.981163 0.043828 0.0376748 0.00104261
0 0.0187208 0.197997 0.0374416 0.395994 0.0010249
0 0.00932797 0.712897 0.0185649 0.291759 0.00101971
0 0.366961 0.743731 0.196509 0.256321 0.00101205
1 0.46972 0.654976 0.243137 0.435394 0.00101136
0 0.989439 0.354362 0.0202587 0.304735 0.00101032
0 0.802109 0.321295 0.154365 0.0930397 0.00100701
0 0.0142778 0.726657 0.0285555 0.324541 0.00100477
0 0.144214 0.716692 0.283957 0.201469 0.0010036
0 0.0365195 0.80721 0.0725368 0.20556 0.00100202
2 0.967999 0.673056 0.062984 0.653889 0.00100172
0 0.867088 0.310037 0.221978 0.142604 0.000998014
0 0.234694 0.225174 0.172617 0.166995 0.000992306
0 0.0656028 0.395391 0.130164 0.489385 0.000991905
0 0.482923 0.433818 0.22989 0.218303 0.000980144
0 0.915896 0.0888974 0.167062 0.177795 0.000974209
0 0.310264 0.768367 0.212387 0.202732 0.000965059
1 0.366324 0.894202 0.230386 0.198029 0.000955271
0 0.919522 0.857018 0.160957 0.273153 0.000944481
0 0.329973 0.249826 0.274701 0.350086 0.000943823
0 0.350567 0.173764 0.294303 0.335261 0.000941414
0 0.920405 0.299189 0.15919 0.3781 0.000938802
0 0.0676284 0.98383 0.135257 0.03234 0.000934051
0 0.17896 0.752647 0.354386 0.230458 0.000933861
1 0.448895 0.875385 0.26729 0.243292 0.000931814
1 0.570876 0.461149 0.176636 0.297569 0.000928459
0 0.0640038 0.494644 0.128008 0.392885 0.00092736
0 0.92201 0.375113 0.15598 0.391814 0.000926251
0 0.016149 0.966449 0.032298 0.0671014 0.000925765
0 0.169857 0.20309 0.230389 0.235426 0.000921981
0 0.08333 0.936001 0.16666 0.127997 0.000919919
0 0.389137 0.67165 0.246925 0.382572 0.000919138
0 0.343993 0.61102 0.222808 0.324892 0.000915833
0 0.864791 0.281971 0.243838 0.197713 0.000912885
0 0.570597 0.251384 0.25409 0.265955 0.00091048
0 0.862945 0.129836 0.274111 0.259673 0.000904622
0 0.0128056 0.270741 0.0255625 0.353817 0.000899176
0 0.14432 0.810171 0.277989 0.239425 0.000899064
0 0.069523 0.240338 0.139046 0.480676 0.000897541
0 0.136476 0.246684 0.224359 0.155798 0.000892649
0 0.863696 0.250502 0.272609 0.29538 0.000890274
0 0.736343 0.057637 0.172916 0.115274 0.000890064
0 0.529519 0.38119 0.179089 0.239191 0.000889376
0 0.162455 0.994348 0.210999 0.0113035 0.000885045
0 0.0115834 0.143208 0.022948 0.286417 0.000883858
0 0.0452602 0.885657 0.0905204 0.228687 0.000881791
0 0.546206 0.321405 0.222331 0.307128 0.000880836
0 0.313509 0.608252 0.211771 0.293401 0.000879901
0 0.0769384 0.593857 0.152063 0.386661 0.000879464
0 0.915567 0.701859 0.168865 0.463325 0.000878483
0 0.134993 0.197068 0.269985 0.28517 0.000876666
0 0.327596 0.320039 0.257461 0.267663 0.000876225
2 0.398243 0.157916 0.263043 0.315831 0.000875596
2 0.956074 0.895293 0.0878523 0.209413 0.000872591
0 0.34483 0.768378 0.15593 0.200394 0.00087148
0 0.757665 0.0483412 0.176075 0.0966824 0.000871223
0 0.0109844 0.861381 0.0217446 0.266357 0.000867502
0 0.0650978 0.280241 0.129218 0.459401 0.000867209
0 0.893429 0.23349 0.212169 0.382915 0.00086628
0 0.230948 0.277638 0.153942 0.150999 0.000865758
1 0.415614 0.896985 0.202026 0.190001 0.000865385
0 0.135747 0.990581 0.212553 0.0188372 0.000865265
0 0.814545 0.280503 0.212523 0.195692 0.000864834
0 0.919971 0.45114 0.160057 0.416925 0.000860007
0 0.792336 0.0468449 0.213321 0.0936897 0.000859678
0 0.074401 0.125874 0.148802 0.251748 0.000858679
0 0.495422 0.382704 0.208566 0.25864 0.000857443
0 0.980544 0.301423 0.0389115 0.42713 0.000855797
0 0.36857 0.591097 0.269312 0.426477 0.000855063
2 0.0128751 0.125132 0.025416 0.250264 0.00085449
0 0.467773 0.881407 0.264248 0.22811 0.000854309
0 0.706285 0.0715853 0.231358 0.143171 0.000852075
0 0.821789 0.339453 0.097512 0.121118 0.000851535
0 0.311541 0.091348 0.128538 0.164862 0.000849847
0 0.368285 0.214984 0.25478 0.349953 0.000849396
0 0.299551 0.28291 0.299945 0.316026 0.000849257
0 0.253957 0.746642 0.341685 0.206919 0.000845665
0 0.227681 0.50642 0.0182704 0.0368965 0.000844651
0 0.107172 0.260067 0.214262 0.303709 0.000835943
0 0.0298607 0.144393 0.0597214 0.288785 0.000831315
0 0.127269 0.0798006 0.254538 0.159601 0.000828348
0 0.580358 0.181875 0.287745 0.351497 0.000826564
0 0.255325 0.250533 0.214317 0.142148 0.000824239
0 0.188401 0.691044 0.306418 0.241512 0.000824185
0 0.0785958 0.449405 0.153518 0.324151 0.000820782
0 0.491725 0.325718 0.218288 0.297814 0.000820211
0 0.534969 0.997506 0.193568 0.00498724 0.000817833
0 0.617788 0.997873 0.186526 0.00425433 0.000817134
0 0.250459 0.305477 0.203562 0.259148 0.000815008
0 0.897078 0.393078 0.204433 0.319978 0.000813593
0 0.0491097 0.738446 0.0696323 0.122387 0.000813306
0 0.267235 0.0988395 0.193296 0.180789 0.00081208
