1 0.609893 0.541649 0.721299 0.475589 0.960488
1 0.514161 0.643503 0.877983 0.669175 0.13131
1 0.731742 0.548523 0.476016 0.471305 0.0676148
1 0.763241 0.661479 0.423585 0.608499 0.0170521
1 0.66533 0.678295 0.598631 0.64341 0.0158926
0 0.0294699 0.88349 0.0589398 0.19492 0.0119009
1 0.154907 0.808457 0.307781 0.375668 0.0110794
1 0.149688 0.719857 0.299376 0.546805 0.0107101
0 0.0301192 0.847305 0.0602384 0.276327 0.00807134
1 0.452807 0.75839 0.861616 0.483219 0.00746299
1 0.650164 0.463916 0.635194 0.321792 0.00647269
1 0.243652 0.803466 0.477646 0.387887 0.00646376
1 0.595645 0.434435 0.762239 0.71952 0.0061253
1 0.340994 0.683433 0.629181 0.627669 0.00591734
1 0.197904 0.769393 0.379058 0.452619 0.00554806
1 0.603783 0.406815 0.734207 0.42659 0.00547243
1 0.178012 0.649863 0.356024 0.692302 0.00485459
2 0.148271 0.714081 0.295535 0.156679 0.00471654
1 0.242208 0.663351 0.481705 0.664347 0.00423677
0 0.0332941 0.832798 0.0665882 0.334404 0.00419284
1 0.498966 0.510242 0.792421 0.425823 0.00388199
1 0.518863 0.369007 0.9049 0.738015 0.00365003
0 0.146907 0.751533 0.292211 0.240344 0.00363102
1 0.739155 0.475589 0.458248 0.332024 0.00330132
1 0.149691 0.718969 0.299381 0.173179 0.00323561
1 0.525038 0.236887 0.853761 0.473775 0.00320237
0 0.147179 0.718973 0.294358 0.168399 0.00316248
1 0.712944 0.351584 0.551757 0.68863 0.00311787
1 0.123156 0.853623 0.246313 0.277262 0.00296587
1 0.761137 0.666721 0.477726 0.634615 0.00293571
1 0.498184 0.0780714 0.689624 0.15498 0.00286699
1 0.142079 0.615004 0.284158 0.769061 0.00278771
1 0.0314998 0.884028 0.0629996 0.208117 0.0027827
1 0.455136 0.0602305 0.67099 0.119135 0.00274872
1 0.611239 0.0915393 0.59578 0.181995 0.00274565
1 0.125376 0.923462 0.250752 0.153076 0.00268112
1 0.554112 0.14663 0.74482 0.291077 0.00267132
0 0.724312 0.43752 0.501497 0.317295 0.00264085
1 0.78057 0.7555 0.424241 0.488999 0.00260061
0 0.428828 0.0530504 0.629033 0.104534 0.00257413
1 0.519902 0.0280716 0.880405 0.0550974 0.00255833
0 0.417432 0.0321246 0.614915 0.0637339 0.00253452
1 0.838498 0.702073 0.323003 0.595855 0.00246867
0 0.670811 0.140785 0.567786 0.27922 0.0024603
2 0.758713 0.560598 0.482573 0.509803 0.00245549
0 0.145359 0.510081 0.290718 0.762349 0.00243357
0 0.761644 0.939317 0.476712 0.121366 0.00241591
0 0.710663 0.118116 0.578673 0.236232 0.00239977
1 0.204485 0.546948 0.408969 0.906104 0.00238827
0 0.769614 0.954544 0.460772 0.0909117 0.0023836
1 0.470326 0.953324 0.803933 0.0933514 0.00237087
1 0.615224 0.290983 0.748578 0.581965 0.00236703
0 0.703045 0.345616 0.566151 0.468041 0.00235546
1 0.450352 0.87308 0.828671 0.253839 0.00234475
0 0.190346 0.525475 0.380691 0.934279 0.00233721
1 0.657009 0.188186 0.608694 0.376085 0.00232428
0 0.143276 0.390365 0.286551 0.569843 0.00230887
0 0.296831 0.0728727 0.52251 0.143632 0.00230304
0 0.10843 0.101595 0.216861 0.20319 0.00230012
0 0.724963 0.331365 0.539137 0.633208 0.00229115
0 0.639223 0.0286979 0.721555 0.0560974 0.00228494
0 0.653537 0.218616 0.635678 0.437232 0.00226964
0 0.111926 0.205333 0.223853 0.275807 0.00226946
0 0.494886 0.116226 0.76079 0.227806 0.00224878
0 0.131424 0.294713 0.262848 0.417969 0.00224838
0 0.841739 0.723843 0.316522 0.552314 0.00223746
0 0.295253 0.560048 0.590506 0.879903 0.00223463
0 0.324343 0.931759 0.623667 0.136482 0.0022249
1 0.179877 0.919011 0.359754 0.161977 0.00221677
0 0.223799 0.088131 0.396562 0.173938 0.00221242
0 0.0954404 0.162265 0.190881 0.260943 0.00221042
0 0.160307 0.0946812 0.296677 0.189362 0.00218559
0 0.581439 0.0335086 0.519645 0.0663103 0.00218299
1 0.694667 0.650616 0.357514 0.246214 0.00218157
0 0.256769 0.459754 0.513538 0.808804 0.0021807
1 0.640415 0.956231 0.680847 0.0875107 0.00217707
2 0.697897 0.485621 0.604206 0.588191 0.00216647
0 0.785674 0.816622 0.428651 0.366756 0.00216515
0 0.4299 0.347727 0.850208 0.695454 0.00216258
0 0.101006 0.120761 0.202011 0.232228 0.00216029
0 0.799943 0.894376 0.400115 0.211249 0.00211667
0 0.0319378 0.862777 0.0638756 0.142237 0.00211071
0 0.186761 0.401359 0.366035 0.761208 0.00208129
1 0.472457 0.450246 0.835842 0.590087 0.00207464
0 0.474457 0.181181 0.823422 0.360134 0.00207394
0 0.733295 0.173786 0.53341 0.3472 0.00206747
0 0.748604 0.24234 0.496156 0.475448 0.00206395
0 0.365261 0.173575 0.540461 0.321072 0.00206345
0 0.0532511 0.881609 0.103087 0.197496 0.00205985
0 0.308272 0.126832 0.525153 0.241672 0.00203374
0 0.394235 0.428574 0.78847 0.71621 0.00200881
0 0.194801 0.127849 0.344385 0.248034 0.00196634
0 0.271855 0.17695 0.426258 0.317208 0.00195992
0 0.370254 0.286772 0.670451 0.559261 0.00195862
1 0.378072 0.840855 0.688901 0.318289 0.0019504
0 0.312006 0.346397 0.624011 0.643925 0.0019488
0 0.473508 0.548424 0.890858 0.789835 0.00192638
0 0.177277 0.17284 0.306856 0.30217 0.00191804
0 0.315678 0.218695 0.524737 0.367085 0.00190128
0 0.778018 0.878723 0.425627 0.239241 0.00189654
0 0.181713 0.299105 0.332759 0.516548 0.00184845
1 0.0338865 0.816544 0.067773 0.366911 0.00180345
1 0.825781 0.589889 0.271249 0.338439 0.00180299
2 0.191986 0.703811 0.205027 0.136982 0.00178193
0 0.655784 0.0873564 0.439631 0.174713 0.00168874
1 0.590089 0.865858 0.691459 0.265829 0.00167868
2 0.0379322 0.824037 0.0758644 0.351926 0.00160021
0 0.277134 0.656537 0.362442 0.204437 0.00159193
0 0.670208 0.0445725 0.659583 0.0878151 0.00155469
0 0.0773412 0.829499 0.14976 0.311682 0.00155225
1 0.0440256 0.891555 0.0880513 0.215367 0.00153931
1 0.650534 0.643816 0.495988 0.265923 0.00153585
1 0.731455 0.600511 0.460665 0.321812 0.00151383
1 0.382582 0.0263016 0.761262 0.0514738 0.00149183
0 0.312575 0.0301739 0.538675 0.0596269 0.00148574
1 0.0393952 0.873054 0.0787904 0.253892 0.00136711
0 0.268984 0.613866 0.371242 0.214646 0.00135307
2 0.0276266 0.899582 0.0552531 0.185462 0.00126652
1 0.555497 0.413243 0.458964 0.211566 0.00125442
0 0.611196 0.0810071 0.619999 0.162014 0.0012403
0 0.0271108 0.904936 0.0542217 0.190129 0.00122161
0 0.353866 0.0256555 0.707732 0.0501515 0.00120754
0 0.244228 0.6889 0.298188 0.128297 0.00119664
2 0.0536146 0.900236 0.107229 0.198843 0.00117355
1 0.564867 0.434657 0.614111 0.264481 0.00115791
0 0.500109 0.572894 0.522199 0.21737 0.00115595
0 0.537051 0.62056 0.617372 0.244957 0.00114717
1 0.089404 0.817325 0.17393 0.365351 0.00113678
0 0.689594 0.0153783 0.381165 0.0307566 0.00113045
1 0.721286 0.705116 0.295729 0.133418 0.00112912
0 0.674069 0.412573 0.551934 0.217479 0.00112512
0 0.195913 0.698606 0.210655 0.129638 0.00111747
1 0.441716 0.592453 0.413212 0.190034 0.00110962
1 0.43279 0.559688 0.367526 0.239152 0.00108815
1 0.727826 0.508202 0.478321 0.20104 0.00108696
0 0.837912 0.622761 0.23643 0.325871 0.00108651
0 0.293258 0.959503 0.586517 0.0806615 0.00108045
1 0.837064 0.548351 0.252641 0.271596 0.00107905
0 0.264902 0.565186 0.414921 0.24435 0.00107486
1 0.278167 0.709726 0.480066 0.182963 0.00107227
1 0.792916 0.631844 0.33293 0.304869 0.00107018
1 0.499125 0.611607 0.526937 0.236538 0.001064
2 0.222925 0.961946 0.44585 0.0756851 0.00105832
0 0.724837 0.966894 0.476227 0.065548 0.00105302
0 0.540186 0.529108 0.682905 0.223393 0.00105034
0 0.550832 0.0478545 0.79007 0.095709 0.00104201
0 0.22081 0.715201 0.427981 0.182391 0.00104011
0 0.547444 0.362135 0.323132 0.105575 0.00103041
1 0.19534 0.734108 0.390679 0.218832 0.0010257
0 0.594658 0.564092 0.731781 0.194979 0.00102568
0 0.685252 0.0607162 0.629495 0.119986 0.00102133
0 0.223916 0.0317682 0.427084 0.0621654 0.00102126
1 0.072837 0.920735 0.145674 0.158531 0.00102002
2 0.336498 0.96041 0.672996 0.0787548 0.00101607
1 0.551935 0.480904 0.673683 0.245738 0.00101254
0 0.504556 0.962209 0.72329 0.074913 0.00101199
0 0.618103 0.965585 0.678348 0.0682114 0.00101158
0 0.691093 0.0386753 0.594048 0.0772768 0.0010051
2 0.863359 0.57032 0.19481 0.234123 0.000997107
2 0.0999745 0.902762 0.199949 0.194146 0.000978546
1 0.687565 0.524335 0.589105 0.23308 0.000974843
1 0.850254 0.609863 0.21844 0.238878 0.000969326
0 0.715625 0.024283 0.324302 0.0485661 0.000966561
0 0.234422 0.59223 0.37774 0.183523 0.000965789
2 0.879835 0.0536622 0.24033 0.107324 0.000954532
1 0.272352 0.678 0.390942 0.168227 0.000950982
1 0.0996526 0.886159 0.189291 0.206833 0.000948847
0 0.150197 0.807031 0.288762 0.380021 0.000947673
0 0.303192 0.709581 0.453739 0.199382 0.00094579
0 0.68679 0.50146 0.595878 0.193712 0.00094002
2 0.152026 0.952444 0.300889 0.0951121 0.000933368
0 0.0544519 0.659937 0.108904 0.324845 0.000924365
0 0.662077 0.0109787 0.355626 0.0219574 0.000915944
2 0.845465 0.542881 0.232332 0.244005 0.000903695
0 0.468883 0.275117 0.399528 0.165821 0.000898774
0 0.103795 0.882753 0.200366 0.200338 0.00088847
0 0.110358 0.841332 0.211357 0.2871 0.000884034
2 0.896085 0.951262 0.20783 0.0969536 0.000880265
0 0.75106 0.026079 0.217936 0.052158 0.000880123
0 0.724429 0.0928057 0.450475 0.185611 0.000878213
0 0.633988 0.608809 0.711753 0.238025 0.000876075
0 0.0219314 0.18199 0.0438629 0.101206 0.000874238
0 0.360959 0.095499 0.503934 0.184856 0.000865298
0 0.812894 0.649017 0.203094 0.245516 0.00086019
0 0.486568 0.312438 0.447983 0.128625 0.000859359
0 0.672648 0.0279312 0.467825 0.0552887 0.000857648
0 0.573879 0.422397 0.478948 0.231011 0.000857198
0 0.488934 0.36757 0.389052 0.119544 0.00085685
0 0.221489 0.0544722 0.442977 0.108523 0.000853265
0 0.443477 0.0995885 0.577348 0.198949 0.000852854
1 0.89437 0.534309 0.13587 0.240838 0.000850504
1 0.829706 0.660561 0.296885 0.236045 0.000847145
0 0.596371 0.6532 0.580279 0.247747 0.000845774
0 0.536406 0.273363 0.330295 0.142425 0.000845056
0 0.499413 0.243841 0.352144 0.199118 0.000840093
0 0.621057 0.259155 0.345818 0.154842 0.000838042
0 0.139534 0.661059 0.277036 0.192398 0.000837153
0 0.69764 0.242926 0.290532 0.177279 0.000836513
0 0.609163 0.371345 0.294356 0.125327 0.00083634
0 0.540195 0.341749 0.335618 0.0993217 0.000835438
0 0.612789 0.106991 0.444476 0.213982 0.000833366
0 0.460787 0.215929 0.378779 0.240831 0.000832399
0 0.536729 0.240726 0.276235 0.172464 0.000831469
0 0.392353 0.941139 0.527112 0.116134 0.000829081
1 0.878228 0.072318 0.243544 0.144636 0.000823899
0 0.689846 0.0937694 0.310048 0.184263 0.000823671
1 0.0916305 0.647387 0.179123 0.279016 0.000822899
0 0.0396356 0.18157 0.0792711 0.360206 0.000822612
0 0.114718 0.595511 0.220895 0.240915 0.000822598
0 0.454734 0.910942 0.42001 0.178115 0.000821874
0 0.489119 0.644096 0.502113 0.263547 0.000821366
2 0.867528 0.0783761 0.264535 0.156635 0.00081914
0 0.723403 0.821656 0.226505 0.274694 0.000818365
0 0.332478 0.663329 0.488489 0.270392 0.000818145
1 0.729799 0.748272 0.285337 0.268051 0.000817288
1 0.659072 0.606985 0.66594 0.244613 0.000817273
0 0.550413 0.315961 0.381021 0.115129 0.000813583
0 0.346871 0.177942 0.358493 0.195457 0.000812404
0 0.437916 0.245736 0.378753 0.217775 0.000812006
2 0.902361 0.132642 0.195279 0.265284 0.000810523
0 0.714748 0.774357 0.26266 0.291386 0.000810358
2 0.97228 0.0662401 0.0554405 0.13248 0.000810191
0 0.532807 0.920189 0.314396 0.159622 0.000808475
0 0.768017 0.197858 0.310618 0.274605 0.000808304
0 0.655272 0.301972 0.324639 0.11639 0.000807007
0 0.62248 0.52983 0.75504 0.185171 0.000806605
2 0.880218 0.934878 0.239564 0.128879 0.000805636
0 0.221452 0.744831 0.442904 0.252356 0.000805223
2 0.811432 0.0878482 0.377136 0.175457 0.00080424
2 0.856319 0.0435366 0.287362 0.0865182 0.000804142
0 0.528185 0.216026 0.293652 0.238636 0.000803547
0 0.796549 0.187214 0.375347 0.325725 0.000802515
0 0.47785 0.944205 0.424763 0.109519 0.00080183
0 0.550771 0.398559 0.374049 0.17947 0.000800403
0 0.36098 0.205966 0.31457 0.188614 0.00079935
0 0.6601 0.167975 0.252219 0.198883 0.000798825
0 0.634764 0.348269 0.325411 0.142297 0.000798667
0 0.420082 0.210005 0.318723 0.207238 0.000798361
1 0.871695 0.0493616 0.25661 0.098062 0.000797987
0 0.325144 0.350508 0.445831 0.203197 0.000797471
0 0.393324 0.277578 0.313376 0.168994 0.000796432
0 0.552279 0.898242 0.259478 0.194836 0.000796201
1 0.040955 0.650885 0.08191 0.458819 0.000795755
0 0.437975 0.181669 0.374887 0.217154 0.000795606
0 0.759598 0.233277 0.345411 0.21833 0.00079554
0 0.748652 0.770212 0.237418 0.328455 0.00079547
0 0.381835 0.153724 0.403763 0.219242 0.000795462
0 0.681396 0.784928 0.228001 0.261306 0.000794111
0 0.686825 0.266091 0.288679 0.142019 0.000792992
0 0.609285 0.311023 0.404365 0.11922 0.000792456
0 0.654745 0.21687 0.290024 0.209798 0.000792238
0 0.314848 0.322467 0.408297 0.198411 0.000791691
0 0.347626 0.300171 0.382486 0.178617 0.000790951
2 0.0460057 0.808059 0.0920114 0.383883 0.000790427
0 0.589422 0.925513 0.261524 0.148974 0.000790119
0 0.294409 0.749909 0.393674 0.230329 0.000787272
0 0.739639 0.212622 0.271534 0.222894 0.000786878
0 0.667821 0.822229 0.200816 0.217773 0.000785857
0 0.554491 0.856389 0.190745 0.136333 0.000784509
0 0.607171 0.21668 0.301868 0.218886 0.000784454
0 0.215649 0.276372 0.287512 0.20738 0.000783104
0 0.546686 0.945483 0.366203 0.106492 0.000781373
0 0.484955 0.891993 0.341427 0.216014 0.000779921
0 0.301295 0.198236 0.359456 0.198364 0.000778918
0 0.39146 0.0136718 0.369263 0.0273436 0.000778686
0 0.381493 0.243183 0.30271 0.204038 0.000777558
0 0.50573 0.860738 0.244653 0.180334 0.000776207
0 0.798926 0.49231 0.340708 0.170242 0.000773344
0 0.40348 0.307208 0.413424 0.160483 0.000772301
0 0.342643 0.270946 0.318991 0.190395 0.000772044
0 0.553718 0.152957 0.278074 0.179028 0.000771604
0 0.176896 0.0381536 0.33904 0.0758026 0.000771315
0 0.26169 0.285612 0.300094 0.196049 0.000770591
0 0.594438 0.146611 0.236158 0.159401 0.000770468
0 0.603351 0.121174 0.350187 0.197844 0.000770065
0 0.563842 0.182808 0.253079 0.195102 0.000769459
0 0.790211 0.783042 0.238812 0.30382 0.000769436
0 0.70853 0.175354 0.290996 0.235912 0.000769406
0 0.73074 0.390108 0.412094 0.168 0.000769298
0 0.83421 0.764077 0.301982 0.320127 0.000768825
0 0.326509 0.234621 0.345389 0.227069 0.000768036
0 0.656476 0.369489 0.294684 0.131854 0.000767852
0 0.668131 0.335274 0.325325 0.153722 0.000767069
0 0.629682 0.865421 0.235078 0.198716 0.000766647
0 0.667724 0.868185 0.236193 0.231468 0.000765615
0 0.724985 0.869012 0.278489 0.260718 0.000765506
0 0.660332 0.140684 0.276417 0.195907 0.000764955
0 0.699458 0.380247 0.317235 0.148778 0.000764438
0 0.143338 0.584246 0.269755 0.200413 0.000763933
0 0.809593 0.836153 0.282287 0.268816 0.00076367
0 0.0590166 0.642022 0.118033 0.441745 0.00076306
1 0.843928 0.094087 0.312143 0.187552 0.000762871
0 0.465963 0.859432 0.248858 0.169803 0.000761201
0 0.290441 0.157127 0.404695 0.211743 0.000760464
0 0.590006 0.859286 0.205565 0.158563 0.000760065
0 0.78006 0.920897 0.344774 0.158205 0.000759678
0 0.804095 0.252342 0.362661 0.198184 0.000758954
0 0.342831 0.787568 0.275426 0.244801 0.000758576
0 0.654344 0.112895 0.32404 0.203694 0.000758327
0 0.143357 0.584206 0.261938 0.28461 0.000757791
