2 0.620038 0.364798 0.596325 0.405157 0.98952
0 0.922092 0.778568 0.127271 0.0890198 0.901474
0 0.575426 0.741969 0.226696 0.152567 0.660528
0 0.831215 0.653922 0.0547177 0.0622716 0.465847
2 0.575732 0.742983 0.22851 0.152348 0.354319
0 0.865842 0.128934 0.0475131 0.0409602 0.351642
0 0.438377 0.973134 0.0323758 0.0319723 0.199608
0 0.820479 0.653809 0.0803836 0.0656552 0.152646
2 0.827531 0.65352 0.0574369 0.0642073 0.143075
0 0.0144255 0.978503 0.028851 0.0417444 0.122291
2 0.922692 0.777869 0.129332 0.0880781 0.0620913
0 0.82986 0.665041 0.0387489 0.039895 0.0520737
0 0.903784 0.780828 0.084992 0.077786 0.0462454
0 0.88629 0.783018 0.0496925 0.051674 0.0462416
0 0.440727 0.974828 0.0404153 0.0371086 0.0454774
2 0.715675 0.35719 0.412408 0.382728 0.0306666
2 0.619665 0.43954 0.602682 0.245831 0.0243254
0 0.932417 0.760561 0.0738414 0.051566 0.0217264
0 0.607297 0.78501 0.0566742 0.05891 0.0202515
0 0.428258 0.976857 0.06921 0.0442874 0.0181251
0 0.59559 0.907924 0.0293714 0.0244722 0.0179363
0 0.94999 0.757533 0.051231 0.0442812 0.0135944
0 0.451938 0.977219 0.0904162 0.0441338 0.0119384
0 0.0923039 0.962196 0.184608 0.0749004 0.011779
0 0.613621 0.789998 0.0491771 0.0475962 0.0114446
2 0.86443 0.128335 0.0499581 0.0473458 0.0111441
2 0.607232 0.783122 0.0571513 0.0623859 0.0102302
0 0.821259 0.659437 0.0500879 0.0506097 0.00976373
0 0.0202018 0.958917 0.0398813 0.0803443 0.00871716
0 0.946173 0.777184 0.0760376 0.0823687 0.00845637
0 0.59837 0.888437 0.0396461 0.0626019 0.00750498
0 0.0190447 0.972394 0.0370569 0.0539086 0.00746225
0 0.0669027 0.979751 0.133805 0.0399284 0.00733571
0 0.133749 0.962946 0.267498 0.0734681 0.00677474
0 0.907486 0.716748 0.172858 0.20442 0.00672943
0 0.388866 0.975577 0.155925 0.0448259 0.00668244
0 0.924574 0.790898 0.134236 0.124849 0.00643639
2 0.6213 0.298191 0.601082 0.290352 0.00621112
0 0.873227 0.724464 0.232205 0.184853 0.00615932
0 0.711473 0.738459 0.495287 0.193972 0.005861
0 0.0215123 0.925943 0.042601 0.148114 0.00555742
0 0.927035 0.747979 0.14593 0.153235 0.005467
0 0.501676 0.748912 0.0759403 0.050494 0.00536957
2 0.816146 0.653599 0.0861405 0.0666406 0.00531587
0 0.575845 0.821424 0.240522 0.328235 0.00501858
0 0.105862 0.92635 0.211725 0.1473 0.00495168
2 0.713335 0.296985 0.420583 0.267313 0.00476036
0 0.878013 0.655237 0.163301 0.0623648 0.00475729
0 0.549576 0.734338 0.16709 0.138835 0.00460963
0 0.960578 0.775067 0.0485374 0.0340114 0.00453628
0 0.578803 0.284791 0.571425 0.312324 0.00445048
0 0.102039 0.892041 0.203697 0.211803 0.00442885
0 0.893704 0.776413 0.18128 0.0913307 0.00432922
0 0.491516 0.976405 0.239334 0.0444645 0.00424464
0 0.511062 0.723176 0.0968915 0.109621 0.00423348
2 0.564614 0.721057 0.17558 0.103684 0.00420235
0 0.193538 0.9603 0.387076 0.0791386 0.00415941
0 0.515152 0.725405 0.34696 0.195019 0.00410749
2 0.658303 0.453206 0.469292 0.220798 0.00405206
0 0.673507 0.277431 0.503809 0.289902 0.00398813
0 0.914781 0.769351 0.107888 0.068976 0.00397373
0 0.425882 0.966869 0.458991 0.0662617 0.00396076
0 0.892155 0.68807 0.21569 0.24027 0.00372722
0 0.636758 0.620268 0.442978 0.394187 0.00369004
2 0.427171 0.403058 0.200738 0.101156 0.00363239
0 0.73591 0.751028 0.518888 0.139977 0.00357908
0 0.0141749 0.95947 0.027869 0.0810598 0.00355321
0 0.925669 0.841878 0.143404 0.266901 0.00354539
0 0.547308 0.216851 0.113534 0.119646 0.00353977
0 0.715274 0.703361 0.474856 0.15534 0.00346595
2 0.546276 0.216466 0.117393 0.121067 0.0032789
0 0.475133 0.253479 0.950267 0.505315 0.00318781
0 0.512103 0.235726 0.719662 0.4668 0.00317562
0 0.488076 0.892899 0.4698 0.209807 0.00313693
2 0.599627 0.774327 0.0664174 0.0914032 0.00313641
0 0.487298 0.960398 0.522476 0.0792042 0.00310677
0 0.197711 0.905349 0.395421 0.188011 0.003095
0 0.280736 0.958164 0.561471 0.0836728 0.0030867
0 0.532858 0.598423 0.335683 0.470207 0.00308183
0 0.517645 0.750655 0.107776 0.057353 0.00293584
0 0.873089 0.125502 0.0494307 0.0478845 0.00293342
0 0.479052 0.916721 0.585903 0.161237 0.002875
2 0.636781 0.366587 0.597897 0.25815 0.00278661
0 0.72132 0.249897 0.475021 0.328485 0.00278332
2 0.563338 0.214027 0.100139 0.115182 0.00274701
2 0.486138 0.211355 0.972275 0.422709 0.00270529
0 0.493111 0.747208 0.0567183 0.041518 0.00268295
1 0.583143 0.447782 0.517246 0.232358 0.0026594
0 0.743553 0.785493 0.512895 0.168664 0.00265904
0 0.711973 0.814851 0.528437 0.339073 0.00261821
0 0.536324 0.830201 0.333114 0.331028 0.00261257
2 0.527405 0.737387 0.132717 0.08794 0.0026053
0 0.566742 0.704672 0.168134 0.071285 0.00258296
2 0.622323 0.548755 0.614911 0.5576 0.00258294
0 0.908758 0.898416 0.182483 0.203167 0.00256578
0 0.90039 0.635827 0.199219 0.320449 0.00256003
1 0.488612 0.208954 0.952568 0.417909 0.00253353
2 0.0177763 0.95595 0.0355525 0.0880999 0.00251571
0 0.619292 0.58333 0.608095 0.604315 0.00250993
0 0.51901 0.744032 0.479575 0.271028 0.00250323
2 0.718146 0.426488 0.405084 0.353759 0.00248964
0 0.548389 0.716393 0.130735 0.0922491 0.00247048
0 0.610088 0.243502 0.656092 0.413037 0.002468
0 0.501227 0.608023 0.514766 0.437137 0.00245619
0 0.809556 0.112983 0.380888 0.225965 0.00244817
0 0.514996 0.690541 0.0596228 0.0385162 0.00244198
2 0.482581 0.400591 0.317113 0.106982 0.00242969
2 0.53209 0.436991 0.42312 0.203388 0.00241775
0 0.559793 0.904682 0.491883 0.185055 0.00240222
0 0.695848 0.673487 0.465544 0.179657 0.00236887
0 0.901227 0.116163 0.195984 0.232327 0.00235511
0 0.0228528 0.867754 0.0456471 0.264493 0.00234192
0 0.108495 0.11348 0.216989 0.22696 0.0023401
2 0.671971 0.409585 0.555656 0.251565 0.00233913
0 0.464246 0.712943 0.517106 0.269621 0.00233617
0 0.576414 0.708322 0.232457 0.185874 0.00233113
0 0.468848 0.368824 0.804584 0.463959 0.002294
0 0.827904 0.681426 0.293038 0.211817 0.00228896
0 0.901642 0.164093 0.196716 0.305296 0.00228109
0 0.769179 0.259405 0.461642 0.460676 0.00227651
0 0.592276 0.718303 0.195341 0.0968212 0.002266
2 0.613404 0.759609 0.0993331 0.122275 0.00223093
0 0.863849 0.222269 0.272303 0.397492 0.00221884
0 0.129163 0.413123 0.258325 0.797311 0.00220887
0 0.634108 0.480495 0.644317 0.395722 0.00219977
0 0.569962 0.801135 0.541985 0.326586 0.00219224
0 0.121857 0.258641 0.243713 0.484496 0.00219158
0 0.276547 0.918316 0.553095 0.157593 0.00219
0 0.112839 0.697097 0.225678 0.562458 0.00218297
1 0.5882 0.741054 0.206213 0.149757 0.00218284
0 0.480368 0.656207 0.652449 0.40376 0.00218109
0 0.526678 0.697705 0.0758319 0.0555981 0.00218011
0 0.117514 0.807335 0.234738 0.385139 0.00217679
0 0.858595 0.936843 0.28281 0.126315 0.00216965
0 0.496307 0.837376 0.650499 0.309912 0.00216613
2 0.639311 0.472541 0.339441 0.179388 0.00216268
0 0.905837 0.550637 0.188326 0.389812 0.00215419
2 0.813169 0.338626 0.373662 0.428537 0.00215249
0 0.486542 0.150064 0.973084 0.297394 0.00215101
0 0.589623 0.949703 0.688131 0.100595 0.0021499
0 0.737391 0.102739 0.525219 0.205477 0.00214016
0 0.295579 0.0682851 0.591157 0.136089 0.00212153
0 0.724974 0.803564 0.550051 0.272151 0.002101
0 0.138265 0.0848189 0.275561 0.169638 0.00209881
0 0.537593 0.458924 0.474871 0.436496 0.00209437
1 0.376016 0.0696526 0.665008 0.137123 0.00208573
0 0.402269 0.0882192 0.764594 0.174641 0.00208128
0 0.332862 0.0452368 0.649944 0.0887749 0.00207541
0 0.273089 0.401757 0.546177 0.781894 0.0020713
0 0.477539 0.112706 0.844329 0.22531 0.00205402
0 0.120999 0.607175 0.241997 0.741484 0.00204826
0 0.760161 0.950882 0.479677 0.0982359 0.00203815
0 0.171648 0.436288 0.343295 0.861302 0.00197892
0 0.587206 0.89338 0.638809 0.20628 0.00197736
0 0.906069 0.880218 0.187861 0.218315 0.00197374
2 0.516879 0.74997 0.110647 0.0588684 0.00197209
0 0.923295 0.491267 0.15341 0.421044 0.00197086
0 0.323082 0.342695 0.646163 0.639511 0.00196256
0 0.422152 0.594972 0.732696 0.591588 0.00195704
2 0.800145 0.637973 0.151994 0.0946533 0.00195475
0 0.147263 0.660496 0.294525 0.604514 0.00194739
0 0.142167 0.176762 0.282951 0.340031 0.00194614
0 0.630639 0.102283 0.677981 0.203576 0.0019458
0 0.152196 0.120619 0.302005 0.239726 0.00194316
0 0.416418 0.758808 0.763593 0.394647 0.00193556
0 0.654618 0.575906 0.543552 0.324953 0.00192534
0 0.786382 0.8671 0.427236 0.234306 0.00192355
0 0.514771 0.348797 0.390821 0.20809 0.00190815
0 0.950551 0.761289 0.0670554 0.0523365 0.00190484
0 0.325689 0.495242 0.651378 0.518919 0.00189793
0 0.221653 0.881284 0.443307 0.219271 0.00189431
0 0.608508 0.709818 0.17118 0.0781667 0.00187457
2 0.882883 0.388373 0.234233 0.472929 0.00186172
0 0.156687 0.317343 0.313373 0.62625 0.00185736
0 0.913817 0.426275 0.172366 0.468673 0.00185677
0 0.217028 0.225829 0.434055 0.402379 0.00185325
0 0.282237 0.180595 0.564474 0.347325 0.00184413
0 0.288076 0.57505 0.576152 0.718965 0.00184313
0 0.327257 0.882505 0.654515 0.217091 0.00184126
0 0.647168 0.478341 0.318772 0.160633 0.0018396
0 0.247988 0.67414 0.495977 0.582297 0.00183323
0 0.771202 0.182736 0.455962 0.301478 0.00183127
0 0.756001 0.896111 0.487998 0.183405 0.00182221
0 0.643886 0.14137 0.696181 0.278089 0.00181908
0 0.701384 0.852042 0.597231 0.282636 0.00181553
0 0.410609 0.179656 0.802866 0.349475 0.00181261
2 0.580898 0.768177 0.107674 0.0769878 0.00180611
0 0.226821 0.819967 0.453641 0.360066 0.00180562
0 0.226584 0.310032 0.453169 0.596804 0.00180269
0 0.140082 0.771563 0.280165 0.456875 0.00180182
0 0.29959 0.582517 0.599179 0.524948 0.00179804
0 0.695377 0.569249 0.454509 0.267303 0.00178297
0 0.864085 0.13576 0.0622538 0.0626967 0.00178038
0 0.365419 0.705644 0.704954 0.423195 0.00177274
0 0.880685 0.786546 0.0479513 0.0406621 0.00176397
0 0.392724 0.453016 0.785449 0.503377 0.001759
0 0.784535 0.592637 0.371956 0.246433 0.00175049
0 0.699233 0.187234 0.599198 0.342265 0.00173519
0 0.726592 0.478184 0.410421 0.337276 0.00172251
0 0.35665 0.82261 0.663465 0.35247 0.00171698
0 0.88542 0.129286 0.0992457 0.0446843 0.00167807
0 0.0236447 0.832584 0.0472894 0.334832 0.00164814
2 0.504218 0.367443 0.367285 0.174284 0.00164132
0 0.360603 0.97405 0.233134 0.0514299 0.00160716
0 0.752107 0.536374 0.414351 0.295176 0.00160031
0 0.0235441 0.222563 0.0470881 0.445125 0.00156926
0 0.988121 0.881072 0.023102 0.0383836 0.00156242
2 0.616109 0.789808 0.0543044 0.0506518 0.0015175
0 0.013096 0.944003 0.0261514 0.111995 0.00150271
2 0.0291189 0.978506 0.0582378 0.0419214 0.00148003
2 0.550731 0.206773 0.100991 0.0981187 0.0014495
0 0.570093 0.242805 0.176353 0.177021 0.00144911
0 0.0119815 0.0836375 0.0236669 0.15416 0.00144253
0 0.56396 0.221289 0.168575 0.131674 0.00141665
0 0.858824 0.1369 0.0472523 0.0449439 0.00140189
0 0.0739088 0.535894 0.0206097 0.020244 0.00139339
0 0.948648 0.79391 0.0728533 0.0546847 0.0013876
0 0.495393 0.969423 0.277228 0.0601097 0.00137491
0 0.59149 0.777907 0.0889195 0.0740059 0.00137017
1 0.422378 0.402837 0.187364 0.10164 0.00136506
1 0.640401 0.462554 0.381201 0.203454 0.00136402
0 0.0119278 0.181627 0.0238555 0.19304 0.00136046
0 0.618614 0.217494 0.243188 0.121281 0.00134804
0 0.0117318 0.108887 0.0234635 0.217774 0.00133295
0 0.872932 0.686112 0.170789 0.12506 0.00132732
0 0.935403 0.799621 0.0422663 0.0431147 0.00132725
2 0.760953 0.411619 0.328034 0.218698 0.00132118
0 0.602051 0.734554 0.192773 0.131399 0.00130713
2 0.588993 0.492805 0.0923526 0.148683 0.00129725
0 0.0238286 0.664753 0.0476572 0.513364 0.00127121
0 0.0874819 0.976939 0.174964 0.0457699 0.00126776
0 0.614636 0.722298 0.145099 0.104215 0.00126314
1 0.0257656 0.641909 0.0515312 0.536576 0.00126307
2 0.807147 0.42186 0.226624 0.199783 0.00124283
0 0.352654 0.96909 0.315575 0.0618195 0.00124247
2 0.68683 0.368664 0.507006 0.21049 0.00124146
0 0.0142157 0.932058 0.028084 0.135884 0.0012412
0 0.0236951 0.300523 0.0473901 0.535582 0.00123713
0 0.636737 0.706959 0.0973594 0.0672047 0.00120904
0 0.0892796 0.872553 0.178559 0.254894 0.00120426
0 0.911925 0.790507 0.0919808 0.0622801 0.0012038
0 0.587368 0.700071 0.0983742 0.057782 0.00120222
0 0.0254926 0.474294 0.0509853 0.528139 0.00119544
1 0.891095 0.706905 0.216647 0.174295 0.00119164
2 0.0252632 0.452034 0.0505265 0.538266 0.00118892
0 0.0219695 0.160098 0.0438272 0.320196 0.00118703
0 0.0243798 0.770099 0.0487596 0.459803 0.00118602
0 0.980776 0.892414 0.0382695 0.0521975 0.00116047
0 0.886831 0.746533 0.219189 0.151338 0.00115182
1 0.939058 0.846772 0.117375 0.26155 0.001149
0 0.929526 0.742421 0.140949 0.227703 0.00114647
0 0.561956 0.760813 0.199494 0.125732 0.00114091
0 0.961426 0.791025 0.0501598 0.0565664 0.00113587
2 0.811064 0.641206 0.0951524 0.087864 0.00112934
0 0.139992 0.970681 0.0749559 0.0570177 0.00111198
1 0.666579 0.498126 0.278842 0.119953 0.00110427
0 0.978295 0.876199 0.0412085 0.247602 0.001101
2 0.513775 0.725377 0.0967668 0.11327 0.00109649
0 0.0105543 0.730089 0.0210331 0.11078 0.00109242
0 0.566427 0.695554 0.133853 0.0496693 0.00109046
0 0.659515 0.717834 0.0502449 0.0380433 0.0010895
0 0.0235611 0.117291 0.0470906 0.234582 0.00106559
0 0.00974285 0.736046 0.0194857 0.0792999 0.00106471
0 0.600306 0.697939 0.0747531 0.0532808 0.00106465
2 0.579394 0.388235 0.536683 0.195944 0.00105514
0 0.889877 0.662264 0.191984 0.072772 0.00103228
2 0.598268 0.888875 0.0513856 0.0651583 0.00102914
1 0.447274 0.412096 0.246142 0.126006 0.00101567
0 0.76623 0.285373 0.310585 0.228578 0.0010128
1 0.782771 0.415604 0.277517 0.206528 0.00100705
0 0.976025 0.890793 0.0464747 0.218413 0.00100602
0 0.0488594 0.0801976 0.0977188 0.160395 0.000999729
1 0.0730144 0.651162 0.146029 0.467683 0.000997181
0 0.0144469 0.806957 0.0287673 0.186796 0.000990212
0 0.966088 0.848424 0.0667044 0.284097 0.000989924
0 0.785335 0.635561 0.171767 0.102912 0.000982846
0 0.848861 0.131296 0.0989705 0.0430671 0.000978978
0 0.699415 0.213787 0.131657 0.0868759 0.000959038
0 0.624457 0.889574 0.0945559 0.0624319 0.000958963
2 0.963059 0.945406 0.0738826 0.109187 0.000958539
1 0.912471 0.152635 0.17019 0.102111 0.000958183
0 0.877863 0.171362 0.111426 0.137396 0.000946595
0 0.840981 0.685667 0.150857 0.12005 0.000944671
0 0.600786 0.913905 0.144245 0.122105 0.000940133
0 0.417178 0.95373 0.0879023 0.0801388 0.000939436
0 0.0111972 0.66294 0.022321 0.208665 0.0009332
1 0.655011 0.486232 0.335573 0.147392 0.00093275
0 0.496433 0.274804 0.372302 0.247309 0.0009246
2 0.68804 0.473811 0.303992 0.152778 0.000924322
1 0.0661579 0.484844 0.132316 0.45466 0.000923016
0 0.795681 0.656553 0.135612 0.0693953 0.000921147
0 0.580806 0.512359 0.0819385 0.091386 0.000914161
0 0.575642 0.968403 0.321993 0.0631935 0.000912239
1 0.828117 0.429015 0.175224 0.183963 0.000912087
2 0.585196 0.508913 0.0845782 0.0962803 0.000908025
0 0.651432 0.507659 0.242653 0.100675 0.000907601
0 0.694437 0.221355 0.174348 0.108605 0.000904574
0 0.569145 0.902737 0.123627 0.0994297 0.000900868
2 0.864689 0.375417 0.109535 0.0970568 0.0009006
0 0.255228 0.961994 0.441338 0.076013 0.000900401
