2 0.47824 0.153949 0.263305 0.266923 0.469585
2 0.131359 0.499269 0.129955 0.08759 0.455594
2 0.692833 0.366802 0.4955 0.291056 0.428961
2 0.897641 0.872101 0.201008 0.145692 0.292641
2 0.576119 0.592294 0.75194 0.753892 0.219327
2 0.874443 0.875703 0.138265 0.134935 0.213647
1 0.898155 0.870685 0.203691 0.149804 0.194978
1 0.163351 0.257066 0.114292 0.0938528 0.179458
2 0.558684 0.146776 0.427788 0.280651 0.174958
2 0.724048 0.588519 0.457724 0.741778 0.164352
2 0.163396 0.256658 0.11495 0.0941872 0.16316
2 0.685659 0.864875 0.0785497 0.0830467 0.140342
2 0.451706 0.48225 0.375957 0.190752 0.121779
1 0.69029 0.865388 0.0915804 0.0855782 0.121332
2 0.599739 0.33329 0.70116 0.65428 0.119565
2 0.167085 0.0545261 0.293855 0.109052 0.095716
0 0.973918 0.204882 0.051943 0.0607303 0.0933487
1 0.578366 0.568266 0.838621 0.853822 0.0893038
2 0.720214 0.279987 0.456784 0.549472 0.086805
1 0.706211 0.858985 0.123395 0.101372 0.0803014
0 0.686098 0.864494 0.0786793 0.0849781 0.0723228
2 0.643237 0.144076 0.607043 0.286207 0.0560531
1 0.133658 0.501392 0.130307 0.0884458 0.0538716
1 0.599805 0.384095 0.80039 0.756493 0.0526633
0 0.962887 0.982405 0.0730535 0.0345196 0.0460039
2 0.898353 0.825711 0.202525 0.240226 0.0430887
1 0.460271 0.60782 0.591326 0.775394 0.0415768
2 0.283882 0.0550749 0.559991 0.11015 0.0391166
1 0.461639 0.417763 0.784998 0.827565 0.0324225
1 0.368188 0.159181 0.584989 0.316132 0.0320314
2 0.100753 0.483701 0.061727 0.0509885 0.0306593
2 0.963296 0.982845 0.0724968 0.0335136 0.0268335
2 0.371247 0.0692683 0.730179 0.137435 0.0267392
2 0.325471 0.143569 0.607201 0.285156 0.0267019
1 0.192877 0.259069 0.0565208 0.0880195 0.0258059
1 0.896224 0.823144 0.206713 0.256318 0.024629
1 0.664104 0.866685 0.152673 0.091798 0.0243078
2 0.182006 0.256078 0.0789264 0.0916726 0.0211164
1 0.369363 0.294063 0.606731 0.588047 0.0208476
1 0.415975 0.680548 0.511061 0.623546 0.0208161
2 0.0915233 0.0332415 0.181361 0.0664831 0.0192648
1 0.859556 0.873496 0.245221 0.143269 0.0184499
0 0.615482 0.894245 0.0395635 0.0369976 0.0183168
1 0.897311 0.872745 0.204724 0.254509 0.0175979
2 0.16143 0.034957 0.32286 0.0699139 0.0166288
2 0.16174 0.840595 0.204209 0.138396 0.0156901
1 0.376823 0.200217 0.73382 0.398793 0.014561
1 0.641104 0.318883 0.681912 0.630042 0.014476
1 0.960392 0.980382 0.0770856 0.0377146 0.0141657
0 0.645694 0.291185 0.624853 0.577724 0.01396
1 0.90515 0.953886 0.188848 0.0922276 0.0121191
0 0.676605 0.674178 0.0552238 0.0600616 0.0119143
2 0.650985 0.200225 0.6453 0.40045 0.0115583
2 0.0908254 0.869103 0.0548298 0.0706352 0.0113261
2 0.502888 0.123799 0.920905 0.247598 0.0111169
1 0.671763 0.860998 0.203925 0.104355 0.0110916
0 0.975226 0.196645 0.0492953 0.198926 0.0110888
1 0.363373 0.113309 0.726747 0.226619 0.0109069
2 0.161514 0.242842 0.10745 0.0634144 0.0108429
2 0.56627 0.0995755 0.797318 0.19913 0.0108247
1 0.869877 0.781754 0.260246 0.35474 0.0106968
0 0.231068 0.0503428 0.394385 0.100532 0.0104826
2 0.160917 0.504376 0.0814591 0.0756492 0.0102994
1 0.512875 0.753073 0.957435 0.471853 0.0101658
0 0.176516 0.0553063 0.252794 0.110141 0.0101486
2 0.677352 0.673589 0.053745 0.0633346 0.00979033
1 0.784364 0.892587 0.428693 0.214825 0.00976032
1 0.167687 0.841313 0.218337 0.141057 0.00971493
1 0.836915 0.86665 0.324448 0.248825 0.00958136
0 0.972856 0.224307 0.0539548 0.102913 0.00952505
2 0.76579 0.0976549 0.29338 0.194166 0.00944501
0 0.507597 0.0176686 0.171795 0.0343676 0.00901629
2 0.738753 0.480926 0.522493 0.75105 0.00863834
2 0.0685154 0.0297697 0.135502 0.0594698 0.00859816
1 0.516465 0.671401 0.864433 0.623923 0.0084527
1 0.827626 0.816065 0.342689 0.332169 0.00840476
1 0.370577 0.756585 0.637833 0.466623 0.00838477
2 0.0506329 0.0323189 0.100736 0.0646378 0.00837409
0 0.524675 0.122618 0.83691 0.244617 0.00825933
2 0.691049 0.101613 0.617252 0.203226 0.00819474
1 0.16913 0.0303458 0.338261 0.0606917 0.00805046
1 0.896337 0.758567 0.206504 0.420286 0.00793159
2 0.19401 0.28014 0.0529896 0.0412769 0.00791488
1 0.19251 0.241906 0.186386 0.133882 0.00791426
0 0.400356 0.131491 0.741888 0.262982 0.00790697
1 0.216009 0.0859583 0.432017 0.171917 0.00784862
1 0.798974 0.866939 0.347478 0.151725 0.0077842
2 0.0195339 0.648281 0.0387286 0.137116 0.0076793
0 0.0923951 0.868819 0.0607498 0.0713726 0.00763724
2 0.84904 0.0921027 0.30192 0.183112 0.00751784
1 0.193762 0.280935 0.0538654 0.0439108 0.00749189
1 0.171819 0.267456 0.135397 0.12516 0.00746741
2 0.968762 0.834252 0.0617895 0.0693489 0.0074428
1 0.787273 0.788308 0.423906 0.347156 0.0074416
0 0.970705 0.827255 0.0585904 0.0943151 0.00741608
1 0.364246 0.0698427 0.727009 0.139685 0.00722771
2 0.698291 0.846011 0.102298 0.103403 0.00695492
2 0.106441 0.0119144 0.212794 0.0238288 0.00693961
2 0.12135 0.485977 0.103648 0.0579173 0.00692984
1 0.948197 0.925484 0.101559 0.149032 0.00677079
2 0.482916 0.769906 0.912717 0.454454 0.00670705
0 0.683612 0.68106 0.0415191 0.0437093 0.00662856
0 0.975763 0.173817 0.0481488 0.137652 0.00642879
0 0.100908 0.0140532 0.201816 0.0281064 0.00634044
0 0.0867281 0.0316706 0.173456 0.0629796 0.00630972
2 0.739045 0.349576 0.521275 0.699151 0.00620872
1 0.292157 0.0503815 0.521583 0.100363 0.00617566
2 0.797086 0.0875691 0.405828 0.175138 0.00610166
2 0.975415 0.16313 0.0488817 0.186403 0.0059739
2 0.176318 0.634047 0.352441 0.722453 0.00594479
2 0.284913 0.657201 0.569825 0.680974 0.00589058
1 0.15631 0.531286 0.0493643 0.0241395 0.00585639
1 0.704485 0.843193 0.127637 0.141416 0.00583866
1 0.205449 0.254738 0.207243 0.0992395 0.0057798
2 0.122229 0.612675 0.2439 0.769294 0.00567937
1 0.838776 0.755949 0.322449 0.427784 0.00565229
2 0.117427 0.0144929 0.234853 0.028352 0.00557024
1 0.215495 0.217889 0.429765 0.433915 0.00547296
1 0.118115 0.028243 0.23623 0.0562812 0.00545466
0 0.718044 0.38435 0.456211 0.272744 0.00544795
1 0.577712 0.802651 0.841788 0.370599 0.00520106
2 0.511296 0.648285 0.311897 0.133913 0.00512073
1 0.222391 0.0505703 0.336615 0.101141 0.00493279
2 0.214291 0.0483665 0.16095 0.0960274 0.00492885
2 0.774485 0.118135 0.44893 0.2347 0.00491364
1 0.914357 0.975989 0.171287 0.0475754 0.00472279
1 0.931151 0.876617 0.136435 0.246765 0.00468907
0 0.518392 0.0191642 0.244214 0.0380081 0.0045888
1 0.684986 0.89686 0.630027 0.206281 0.00456711
1 0.728749 0.384693 0.542501 0.764155 0.00453526
1 0.373112 0.445943 0.746225 0.891886 0.00436321
1 0.279 0.450937 0.558 0.901874 0.00434512
1 0.150497 0.276975 0.300747 0.553951 0.00433403
1 0.178424 0.288466 0.156551 0.183093 0.00432837
0 0.0235607 0.680133 0.0470339 0.367762 0.00431629
2 0.150309 0.010755 0.223472 0.0215099 0.00431574
0 0.0208311 0.648386 0.0415448 0.105353 0.00421661
0 0.187324 0.0135647 0.271222 0.0271293 0.00420043
1 0.127275 0.568108 0.254549 0.863784 0.00419711
0 0.736786 0.383846 0.526428 0.767395 0.00413241
1 0.131377 0.776538 0.262049 0.446777 0.00412853
2 0.801609 0.053312 0.396782 0.106569 0.00410045
1 0.580653 0.867383 0.829544 0.258984 0.00405078
2 0.432355 0.126469 0.168756 0.165593 0.00401293
1 0.89408 0.965729 0.211841 0.0685421 0.00399641
2 0.522501 0.176755 0.127156 0.126284 0.0039777
0 0.97624 0.232115 0.0469133 0.394608 0.00396504
2 0.34898 0.592066 0.386595 0.248387 0.00392734
1 0.165206 0.447603 0.330412 0.895205 0.0038969
2 0.972923 0.819186 0.0538363 0.0924577 0.00387678
2 0.0867437 0.0475065 0.172941 0.095013 0.00386818
1 0.344734 0.676245 0.357509 0.236735 0.00386047
1 0.196913 0.502829 0.266636 0.0918366 0.00383867
2 0.976594 0.82827 0.0468115 0.0553446 0.00379543
2 0.158403 0.491038 0.0677337 0.0509155 0.0037926
2 0.11521 0.849063 0.110686 0.114789 0.00372575
2 0.75748 0.0696993 0.33229 0.139399 0.00371181
1 0.153319 0.574046 0.172854 0.25596 0.00370712
0 0.122205 0.706746 0.243254 0.579782 0.00369971
0 0.0996023 0.482934 0.0588445 0.0493269 0.00368611
1 0.129734 0.83921 0.134544 0.138779 0.00367436
2 0.413851 0.704563 0.764207 0.581588 0.00366416
1 0.0984794 0.513915 0.196959 0.314155 0.00364442
2 0.16904 0.819442 0.127047 0.0944748 0.00354731
1 0.155006 0.0582468 0.306837 0.116151 0.00351917
2 0.746384 0.0418764 0.398642 0.0836181 0.00350513
0 0.939447 0.983495 0.121106 0.032523 0.00349939
0 0.703243 0.435363 0.444044 0.156632 0.00346084
1 0.259356 0.39251 0.465776 0.769265 0.00344277
2 0.634078 0.463409 0.731843 0.888401 0.00340415
1 0.234959 0.768386 0.469917 0.460849 0.00340385
2 0.963584 0.969336 0.0727502 0.0613272 0.00338964
0 0.194968 0.281699 0.0539404 0.0423678 0.00338442
1 0.711122 0.87394 0.142677 0.129026 0.00335794
1 0.505374 0.911705 0.958188 0.176591 0.00335683
0 0.158637 0.238862 0.0988002 0.0550476 0.0033498
0 0.969692 0.166438 0.0593238 0.17079 0.00334339
0 0.169173 0.839677 0.183679 0.141105 0.00332844
2 0.760619 0.169684 0.478743 0.336365 0.00332343
2 0.877436 0.0372713 0.245128 0.0743011 0.00328822
1 0.34485 0.615755 0.374933 0.226375 0.00328729
0 0.249099 0.692052 0.498199 0.610381 0.00327544
2 0.954503 0.507252 0.0901878 0.337295 0.00327386
2 0.0217478 0.0336163 0.0434956 0.0667524 0.00322692
0 0.777843 0.221212 0.444313 0.436112 0.0031621
0 0.218765 0.0476214 0.126655 0.0952428 0.00315884
0 0.201192 0.0218854 0.28319 0.0437709 0.00314262
1 0.142996 0.536222 0.144002 0.17686 0.00312524
1 0.276138 0.686161 0.552276 0.627052 0.00300991
2 0.0929801 0.860526 0.0609435 0.0946289 0.00300385
2 0.952252 0.835215 0.0954955 0.0712171 0.00291073
0 0.372844 0.536137 0.745687 0.927726 0.00288551
1 0.0816583 0.108593 0.163317 0.217186 0.00283063
2 0.508532 0.0272581 0.225775 0.0540581 0.00280977
1 0.454592 0.658335 0.42904 0.150809 0.00276002
2 0.0153169 0.48248 0.0306338 0.0501869 0.00274281
0 0.422746 0.655224 0.805895 0.681249 0.00273611
2 0.739813 0.322794 0.392402 0.201411 0.002724
1 0.119019 0.247218 0.200681 0.171594 0.00272138
2 0.791375 0.100121 0.206356 0.199297 0.00269335
1 0.158716 0.229236 0.116524 0.161208 0.00265844
2 0.897871 0.872956 0.14688 0.133551 0.00262692
0 0.498303 0.990352 0.133452 0.0190952 0.00260244
0 0.501363 0.0311774 0.252284 0.0615262 0.00253315
2 0.871472 0.0723456 0.257056 0.144539 0.00247988
1 0.192179 0.893042 0.384358 0.213917 0.00246969
1 0.136629 0.8627 0.272843 0.265209 0.00246817
2 0.0884935 0.878125 0.0509688 0.0533341 0.00246158
2 0.468097 0.1158 0.240614 0.199775 0.0024495
2 0.013591 0.731739 0.0270313 0.0733838 0.00242516
2 0.021894 0.609727 0.043788 0.488569 0.00241662
1 0.448525 0.703528 0.442617 0.24033 0.00239446
2 0.961759 0.45288 0.0762832 0.280989 0.00239099
1 0.21176 0.575079 0.306844 0.278647 0.00237708
2 0.835493 0.710705 0.0888905 0.0927022 0.00236664
2 0.961995 0.432743 0.0753802 0.0840636 0.00234313
1 0.407596 0.845731 0.765 0.308217 0.00234112
1 0.755253 0.699779 0.489189 0.556712 0.0023343
1 0.0195825 0.444941 0.0387357 0.155184 0.00232382
2 0.346011 0.624679 0.355941 0.207114 0.00231824
0 0.471309 0.892769 0.0442509 0.0311382 0.00231556
2 0.974026 0.157215 0.0515091 0.314429 0.00229241
0 0.976787 0.13453 0.0458419 0.0830194 0.00228225
0 0.371665 0.89753 0.73958 0.204268 0.00226623
2 0.484064 0.0291682 0.302355 0.0577069 0.00224978
2 0.10347 0.858932 0.0858885 0.0990682 0.00222691
1 0.283473 0.897498 0.566945 0.204919 0.00217217
2 0.175366 0.826376 0.152996 0.114293 0.0021464
1 0.270057 0.073572 0.43591 0.147144 0.00213038
1 0.946252 0.827599 0.106276 0.344802 0.00211785
0 0.717824 0.652225 0.564352 0.677512 0.00208564
1 0.0966558 0.566309 0.193312 0.470407 0.00207012
1 0.304818 0.861248 0.585431 0.277505 0.00206473
0 0.0218628 0.663008 0.0433695 0.146447 0.00206347
0 0.967563 0.832927 0.0645727 0.0712454 0.0020416
2 0.516993 0.989918 0.181841 0.0190824 0.00201523
2 0.968843 0.139266 0.0609683 0.221882 0.00200998
0 0.96865 0.202252 0.0615906 0.25528 0.00200415
2 0.681699 0.575415 0.636603 0.843555 0.00198124
0 0.470416 0.990014 0.142491 0.0199089 0.00195399
0 0.0410873 0.0323007 0.0821746 0.0646013 0.00193325
2 0.0376812 0.743496 0.0753512 0.115593 0.00192791
0 0.0228906 0.585215 0.0457812 0.526425 0.00191481
2 0.401564 0.497889 0.29033 0.22544 0.00191184
1 0.168219 0.881084 0.257851 0.237832 0.001911
2 0.0199969 0.444253 0.0399937 0.189503 0.00190107
0 0.463449 0.881076 0.0640168 0.0564877 0.00188216
2 0.0171716 0.491593 0.0341267 0.0378248 0.00185205
0 0.979165 0.147172 0.0410566 0.0777631 0.00185128
0 0.616512 0.887257 0.0439338 0.058147 0.00184584
1 0.0237287 0.733117 0.0474573 0.464235 0.00184318
2 0.530283 0.173986 0.139404 0.1726 0.00183472
0 0.570257 0.0317855 0.414688 0.0625045 0.00181186
0 0.08126 0.702368 0.16252 0.410296 0.00181007
0 0.977289 0.223031 0.044648 0.147195 0.00180548
1 0.646193 0.868837 0.102379 0.0947556 0.00179851
1 0.0133964 0.0334755 0.0267929 0.0660857 0.00179554
2 0.0127744 0.691672 0.0255487 0.188791 0.00178623
1 0.51741 0.643862 0.294341 0.139028 0.00177617
1 0.0201124 0.554503 0.0402248 0.438456 0.00172468
1 0.242858 0.21895 0.285075 0.187009 0.00172042
0 0.135996 0.711961 0.0787416 0.0945464 0.00171583
0 0.833 0.711221 0.0910654 0.0948523 0.00171461
0 0.988106 0.560811 0.0236264 0.0500519 0.00169185
2 0.540981 0.178367 0.103137 0.121268 0.00168277
1 0.656038 0.835712 0.237778 0.164065 0.00165373
0 0.352346 0.600313 0.362711 0.266227 0.00162733
2 0.959256 0.447979 0.0810811 0.125771 0.00162641
1 0.872493 0.10722 0.255013 0.214439 0.00162482
2 0.983028 0.490634 0.0325789 0.226538 0.00162334
1 0.0761887 0.830633 0.152377 0.338733 0.00161125
2 0.428564 0.159691 0.16328 0.232909 0.00161108
1 0.117826 0.3028 0.210571 0.218517 0.00159917
2 0.568342 0.0312043 0.411019 0.0617258 0.00158978
0 0.0206331 0.45129 0.0412661 0.350674 0.00158048
2 0.134155 0.712577 0.0742594 0.0953179 0.0015792
2 0.0124189 0.712534 0.0248377 0.0963359 0.0015752
0 0.0156408 0.7443 0.0312157 0.100443 0.00155888
0 0.443144 0.458916 0.331358 0.142732 0.00155821
1 0.222244 0.247733 0.248769 0.126324 0.00155419
0 0.177182 0.0217528 0.354364 0.0426465 0.00154625
1 0.457338 0.477651 0.363439 0.17527 0.0015424
2 0.713112 0.847066 0.112767 0.120041 0.00154141
1 0.826809 0.093861 0.165802 0.187722 0.00153617
2 0.396934 0.550428 0.303109 0.290113 0.00151986
2 0.26809 0.64222 0.184175 0.155826 0.00150926
0 0.0882592 0.878049 0.0510555 0.0526838 0.00150869
2 0.129051 0.830535 0.238058 0.167717 0.00150503
0 0.0248867 0.751971 0.0497735 0.496059 0.00149612
2 0.48554 0.0780103 0.267867 0.155487 0.00149358
0 0.60432 0.35683 0.167267 0.146252 0.00149294
0 0.657566 0.399215 0.331575 0.237692 0.00148046
2 0.129726 0.479351 0.133962 0.132677 0.00147987
0 0.601434 0.383641 0.188157 0.200381 0.00147967
1 0.1254 0.589676 0.151507 0.310557 0.00146528
1 0.0841843 0.725101 0.168369 0.427624 0.00146438
2 0.43133 0.100653 0.162694 0.116015 0.00146068
2 0.951992 0.772671 0.0947661 0.416064 0.00145252
1 0.168563 0.317645 0.145473 0.253203 0.00144572
1 0.971202 0.822219 0.0575951 0.240051 0.00143833
