0 0.396431 0.487158 0.199543 0.227179 0.824834
0 0.459317 0.754168 0.0593324 0.049279 0.56009
0 0.395675 0.522598 0.19799 0.146964 0.448282
0 0.353618 0.416394 0.107896 0.0788747 0.429619
0 0.977977 0.330168 0.0402425 0.0314895 0.254147
0 0.389771 0.422952 0.184383 0.0965599 0.242792
0 0.392858 0.445577 0.187493 0.140546 0.0902705
0 0.46055 0.759722 0.064962 0.068424 0.0471086
0 0.356773 0.487744 0.287347 0.228219 0.0454018
0 0.463592 0.487015 0.361226 0.221312 0.0420019
0 0.359642 0.450982 0.259254 0.295527 0.0203405
0 0.339814 0.412533 0.0817846 0.0753057 0.0137941
0 0.794075 0.976541 0.102526 0.0467012 0.0136287
0 0.0097474 0.78201 0.0194948 0.121428 0.0123799
0 0.507542 0.482241 0.47015 0.250028 0.0120223
0 0.72657 0.972184 0.283544 0.0555523 0.011527
0 0.0102287 0.77246 0.0204493 0.0834774 0.0113564
0 0.383396 0.569956 0.0789814 0.0507566 0.0101977
0 0.829637 0.97653 0.242786 0.0453507 0.0100602
0 0.815206 0.97655 0.111076 0.0463335 0.00982099
0 0.0134762 0.761419 0.0267817 0.126482 0.00962246
0 0.10376 0.438297 0.0460871 0.045873 0.00927481
0 0.777058 0.97629 0.254697 0.0463749 0.00914954
0 0.977597 0.345473 0.0435844 0.0688879 0.00884022
0 0.722665 0.949106 0.272932 0.101773 0.00868687
0 0.00807588 0.703659 0.0161411 0.0542072 0.00866241
0 0.393774 0.544536 0.199149 0.332705 0.00850939
0 0.485996 0.759299 0.120923 0.0663172 0.00801751
0 0.807439 0.977526 0.0691783 0.0437992 0.00776965
0 0.310751 0.45178 0.378483 0.29658 0.00775966
0 0.0115378 0.802422 0.0230756 0.187999 0.00637343
0 0.762929 0.95603 0.429476 0.0879395 0.00632179
0 0.321276 0.397885 0.0402028 0.0459435 0.00605682
0 0.0229323 0.751853 0.0458646 0.348153 0.00563659
0 0.333417 0.403985 0.0666823 0.0584507 0.00519889
0 0.442273 0.761723 0.108279 0.0763893 0.0051488
0 0.733103 0.943775 0.450484 0.112396 0.00510409
0 0.370024 0.488891 0.418981 0.258349 0.00487817
0 0.337726 0.42699 0.1432 0.112569 0.00485522
0 0.0433246 0.784957 0.0853806 0.361652 0.00468508
0 0.00899623 0.691259 0.0178328 0.115251 0.00457314
0 0.562394 0.475033 0.682818 0.273912 0.00440005
0 0.0241349 0.794473 0.0482698 0.411053 0.00437844
0 0.015421 0.752567 0.0308139 0.201095 0.00427251
0 0.760511 0.924609 0.469424 0.150782 0.00399218
0 0.731095 0.96334 0.533823 0.0733209 0.00391424
0 0.009646 0.841397 0.0192114 0.149106 0.00388816
0 0.386236 0.510296 0.182189 0.111212 0.00381873
0 0.0504206 0.709008 0.0991291 0.423831 0.00355118
0 0.465554 0.774363 0.0828372 0.0951231 0.00344275
0 0.0871584 0.844096 0.173642 0.302454 0.00338104
0 0.472354 0.554824 0.472178 0.356486 0.00334356
0 0.553834 0.447892 0.547921 0.284011 0.00326036
0 0.382607 0.569831 0.301469 0.355427 0.0032255
0 0.0186238 0.80033 0.0368526 0.172685 0.00312707
0 0.485006 0.776363 0.154789 0.0960826 0.00311176
0 0.0223904 0.796373 0.0442326 0.234707 0.00304732
0 0.673036 0.92015 0.526892 0.158915 0.00302461
0 0.977443 0.311754 0.0441427 0.120048 0.00297831
0 0.0634182 0.669144 0.126836 0.466611 0.00292978
0 0.00832945 0.299885 0.0166504 0.0510817 0.00287588
0 0.115936 0.872984 0.231873 0.239224 0.00285969
0 0.560303 0.780518 0.345705 0.119545 0.00284039
0 0.676691 0.942475 0.637214 0.11505 0.00283955
0 0.357039 0.438887 0.119459 0.1176 0.00276393
0 0.468579 0.743876 0.176445 0.100814 0.00274809
0 0.141987 0.79556 0.269732 0.362486 0.00274295
0 0.0106529 0.864057 0.0212719 0.190883 0.00270646
0 0.363924 0.3742 0.32837 0.308458 0.00269908
0 0.738366 0.889297 0.523267 0.221406 0.00269604
0 0.119851 0.908943 0.239701 0.182115 0.00269522
0 0.3752 0.41532 0.0623259 0.0581993 0.00267974
0 0.344094 0.450501 0.160572 0.152042 0.00267713
0 0.0822224 0.622525 0.164445 0.457439 0.0026062
0 0.815072 0.00994928 0.126091 0.0198986 0.00260589
0 0.00973179 0.73995 0.0193529 0.159651 0.0026052
0 0.35107 0.0438719 0.526432 0.0865863 0.00260174
0 0.267391 0.400996 0.435098 0.400926 0.00259724
0 0.868165 0.112505 0.26367 0.225009 0.00259158
0 0.755531 0.980502 0.229817 0.0389969 0.00256773
0 0.912455 0.135633 0.173152 0.270962 0.00255605
0 0.106195 0.105464 0.212391 0.210929 0.00254662
0 0.477369 0.0603911 0.548799 0.119606 0.00253782
0 0.511318 0.760149 0.175512 0.0753511 0.00252753
0 0.0104254 0.289904 0.0206779 0.100535 0.00252533
0 0.153002 0.930503 0.306004 0.138994 0.00250741
0 0.535838 0.736084 0.280714 0.138521 0.00248892
0 0.0988471 0.44524 0.197694 0.47011 0.00247699
0 0.249851 0.042728 0.460587 0.0830414 0.00246448
0 0.0940306 0.556458 0.188061 0.429328 0.00245969
0 0.0978549 0.357488 0.19571 0.545717 0.00245655
0 0.576696 0.0773408 0.589675 0.153061 0.00243475
0 0.199706 0.946034 0.397411 0.107191 0.00242414
0 0.0981153 0.263795 0.196231 0.476581 0.0024241
0 0.920733 0.191415 0.158533 0.374289 0.00242244
0 0.845685 0.846496 0.30863 0.307007 0.00239958
0 0.237313 0.060984 0.473404 0.120226 0.00239543
0 0.939272 0.745946 0.121457 0.441705 0.00237776
0 0.459624 0.741892 0.0639681 0.0841135 0.00236721
0 0.102422 0.182833 0.204406 0.343089 0.00236636
0 0.507407 0.836949 0.191402 0.203089 0.00236017
0 0.302241 0.953374 0.449771 0.0932527 0.00234008
0 0.0250727 0.230971 0.0501455 0.461942 0.00233841
0 0.137383 0.702855 0.258156 0.367426 0.00233557
0 0.158409 0.0823908 0.312931 0.164782 0.00233435
0 0.261442 0.472097 0.522883 0.310676 0.0023255
0 0.804421 0.101602 0.389429 0.202549 0.00232461
0 0.558525 0.120728 0.70942 0.237751 0.00230671
0 0.647518 0.856496 0.505028 0.264385 0.00230436
0 0.939152 0.651421 0.121697 0.477434 0.00230425
0 0.915898 0.274607 0.168203 0.493992 0.00229937
0 0.459737 0.776902 0.253074 0.0981112 0.00229027
0 0.472523 0.952255 0.609569 0.0954894 0.0022812
0 0.437456 0.606697 0.374678 0.36568 0.00227031
0 0.622925 0.771823 0.528244 0.198239 0.00225825
0 0.466632 0.0804226 0.717909 0.154635 0.00225122
0 0.931409 0.809469 0.137182 0.381062 0.00225108
0 0.700017 0.93313 0.329574 0.13374 0.00224918
0 0.463208 0.48468 0.0564556 0.0409423 0.00224691
0 0.699182 0.0871855 0.503102 0.172547 0.00224147
0 0.426126 0.512292 0.141479 0.112727 0.00224074
0 0.144215 0.432504 0.28843 0.378122 0.00223264
0 0.929794 0.40366 0.140411 0.451608 0.00222011
0 0.936421 0.497035 0.127158 0.441098 0.00222004
0 0.656292 0.145352 0.606472 0.28774 0.00221942
0 0.59009 0.203261 0.802878 0.404116 0.00218405
0 0.652733 0.840027 0.626604 0.316535 0.00217968
0 0.121352 0.476536 0.241681 0.326534 0.00217882
0 0.340371 0.0775004 0.612635 0.147229 0.00216097
0 0.425153 0.743786 0.249945 0.107461 0.00216093
0 0.218394 0.116379 0.432377 0.23213 0.00214273
0 0.173782 0.390519 0.347565 0.43552 0.0021334
0 0.334621 0.115409 0.667465 0.222331 0.00212086
0 0.508905 0.640873 0.430797 0.294905 0.00211005
0 0.123904 0.581005 0.239476 0.336284 0.00208702
0 0.608529 0.718865 0.491999 0.173637 0.00208309
0 0.491123 0.839859 0.279373 0.199532 0.00207547
0 0.419974 0.00770473 0.148293 0.0154095 0.00205876
0 0.466098 0.162088 0.753384 0.313061 0.00203385
0 0.185576 0.16501 0.366347 0.314509 0.0020297
0 0.721291 0.19524 0.543149 0.385933 0.00201664
0 0.0266268 0.84338 0.0532536 0.31324 0.00201161
0 0.591192 0.879556 0.39827 0.22464 0.00201012
0 0.480859 0.380964 0.5317 0.330717 0.00200929
0 0.605757 0.435688 0.678276 0.217373 0.0020041
0 0.573658 0.524541 0.64498 0.254009 0.00200403
0 0.196487 0.907934 0.390156 0.167423 0.00199348
0 0.795004 0.148261 0.406254 0.292887 0.00199283
0 0.168291 0.273126 0.336581 0.473824 0.00198756
0 0.37378 0.63804 0.321798 0.266935 0.00197683
0 0.62602 0.888776 0.645968 0.214635 0.00194071
0 0.288349 0.166091 0.561901 0.315916 0.00193376
0 0.299245 0.134304 0.449857 0.24471 0.00192854
0 0.907644 0.775395 0.177209 0.332698 0.00192316
0 0.887086 0.222791 0.224514 0.425889 0.0019229
0 0.745203 0.834374 0.501659 0.328192 0.00191803
0 0.386731 0.15175 0.504153 0.281954 0.00191101
0 0.606042 0.676246 0.536275 0.228848 0.00190873
0 0.899627 0.821861 0.196472 0.356278 0.00188533
0 0.48794 0.880423 0.312777 0.193415 0.00188376
0 0.827876 0.199561 0.340528 0.391307 0.00188002
0 0.2381 0.545463 0.469748 0.245188 0.00187331
0 0.32281 0.593763 0.379957 0.260352 0.00187264
0 0.395026 0.00709863 0.134702 0.0141973 0.00186886
0 0.636431 0.262631 0.727138 0.496486 0.0018674
0 0.200157 0.788141 0.383682 0.247205 0.00186669
0 0.1955 0.834051 0.375118 0.256192 0.00185817
0 0.872393 0.285068 0.253588 0.510208 0.00185096
0 0.445222 0.00876528 0.173127 0.0175306 0.00184933
0 0.0268146 0.300435 0.0536292 0.469719 0.00183851
0 0.664953 0.727187 0.496844 0.209265 0.00183163
0 0.206509 0.724006 0.393972 0.218749 0.00183138
0 0.590061 0.607224 0.572712 0.27459 0.00183037
0 0.561958 0.337271 0.599124 0.282181 0.0018219
0 0.481256 0.903239 0.582899 0.178583 0.00181665
0 0.619318 0.384683 0.66137 0.234093 0.00180887
0 0.909297 0.684069 0.174799 0.346391 0.00180532
0 0.443524 0.740347 0.108079 0.0910975 0.00180316
0 0.316445 0.917089 0.428029 0.147448 0.00180245
0 0.805996 0.743277 0.338362 0.2488 0.00180211
0 0.261758 0.162139 0.422902 0.250578 0.00179915
0 0.45114 0.776655 0.340547 0.114433 0.00179873
0 0.788195 0.00921808 0.15933 0.0184362 0.00179842
0 0.385645 0.00800393 0.196115 0.0160079 0.00179657
0 0.21256 0.673377 0.407353 0.232326 0.00178914
0 0.103096 0.443473 0.0567418 0.0640232 0.00178599
0 0.863102 0.767077 0.265414 0.295259 0.00176771
0 0.215142 0.618843 0.420417 0.271511 0.00176032
0 0.237281 0.28356 0.474563 0.330274 0.00175562
0 0.578429 0.28126 0.672669 0.333263 0.00175533
0 0.760435 0.297614 0.47913 0.49214 0.00174287
0 0.639106 0.478504 0.608455 0.239014 0.0017367
0 0.063732 0.754931 0.127242 0.367218 0.00173536
0 0.451992 0.771132 0.0667929 0.0753279 0.001731
0 0.909572 0.621302 0.173775 0.339428 0.00172962
0 0.290441 0.663688 0.374053 0.187921 0.00172738
0 0.681213 0.685803 0.458781 0.229782 0.00172655
0 0.0224771 0.685078 0.0449542 0.444403 0.00172353
0 0.237459 0.209719 0.474918 0.326134 0.00172316
0 0.47146 0.826006 0.399362 0.1851 0.0017196
0 0.672654 0.569192 0.45882 0.216899 0.00171892
0 0.900419 0.471942 0.194984 0.343418 0.00171718
0 0.816601 0.270329 0.364116 0.522246 0.00171615
0 0.00861653 0.307197 0.0171356 0.0707384 0.00171568
0 0.81689 0.694564 0.320337 0.242735 0.00170908
0 0.891599 0.420905 0.213216 0.371592 0.00170835
0 0.232165 0.885921 0.348825 0.168161 0.00170608
0 0.708617 0.345429 0.54582 0.321716 0.00170435
0 0.422079 0.21521 0.625637 0.348665 0.00170427
0 0.407177 0.880084 0.39026 0.175596 0.00170194
0 0.0125981 0.86871 0.0251173 0.242319 0.00170059
0 0.700261 0.633296 0.397478 0.231436 0.00169416
0 0.367566 0.722711 0.327356 0.141342 0.00169033
0 0.443254 0.506423 0.10176 0.0949944 0.00168941
0 0.840991 0.0103176 0.177894 0.0206353 0.00168371
0 0.799316 0.342741 0.401368 0.342124 0.00166582
0 0.387057 0.298813 0.522753 0.315596 0.00166129
0 0.868119 0.670261 0.258171 0.302524 0.00165722
0 0.26066 0.77248 0.332646 0.163134 0.00165559
0 0.3564 0.774675 0.323345 0.140581 0.00165159
0 0.3878 0.567828 0.102105 0.0569648 0.00164917
0 0.817017 0.642432 0.304669 0.241118 0.00164463
0 0.249558 0.824976 0.326299 0.190363 0.00164284
0 0.334753 0.884845 0.356617 0.17123 0.0016425
0 0.274137 0.716304 0.344521 0.156515 0.00163805
0 0.0316671 0.872433 0.0633342 0.255134 0.00163344
0 0.319725 0.207696 0.458674 0.303794 0.00162527
0 0.349665 0.400904 0.121719 0.131842 0.00161759
0 0.28577 0.291073 0.435308 0.284466 0.00160742
0 0.836023 0.342956 0.325355 0.506635 0.00160654
0 0.816409 0.381237 0.366588 0.24291 0.00160149
0 0.457861 0.746554 0.0546917 0.0678787 0.00159922
0 0.354634 0.82584 0.342494 0.193778 0.0015944
0 0.878867 0.962856 0.242265 0.074123 0.00159435
0 0.816994 0.577112 0.299426 0.207529 0.00159318
0 0.868234 0.601514 0.255949 0.268896 0.00159206
0 0.0302628 0.364458 0.0605256 0.514703 0.00158249
0 0.817361 0.435549 0.358879 0.246037 0.00157607
0 0.821147 0.529469 0.331244 0.221454 0.0015732
0 0.817682 0.482863 0.356588 0.238082 0.0015585
0 0.844848 0.411774 0.304459 0.345451 0.00155247
0 0.865496 0.558133 0.269008 0.296401 0.00154783
0 0.778933 0.00950975 0.227027 0.0190195 0.00154444
0 0.455387 0.775753 0.124697 0.0989132 0.00153845
0 0.857797 0.510578 0.284407 0.304536 0.00153483
0 0.362844 0.417806 0.0892922 0.0637081 0.00151165
0 0.0798189 0.449597 0.111339 0.0935261 0.00150961
0 0.0128478 0.27499 0.025642 0.19109 0.00149467
0 0.337237 0.486335 0.193308 0.226719 0.00149221
0 0.0752609 0.828761 0.150515 0.342477 0.00147704
0 0.978136 0.40908 0.04264 0.321325 0.0014716
0 0.0989768 0.942626 0.197954 0.114749 0.0014428
0 0.0132379 0.0909261 0.0262989 0.181852 0.00143878
0 0.376649 0.536791 0.150698 0.118846 0.00138716
0 0.0524416 0.89258 0.104883 0.21484 0.00138056
0 0.736649 0.933724 0.228957 0.132552 0.00136401
0 0.0125225 0.0813175 0.0246508 0.140538 0.00136337
0 0.015054 0.719993 0.03 0.156869 0.00136235
0 0.0099929 0.670212 0.0198766 0.164134 0.00136197
1 0.276418 0.0290947 0.552836 0.0571575 0.00134087
0 0.0786436 0.89731 0.157287 0.205381 0.00133502
0 0.975127 0.289918 0.0487451 0.19254 0.00132089
0 0.480624 0.744569 0.11832 0.0952843 0.00129713
0 0.96749 0.315567 0.0629362 0.115878 0.0012913
0 0.0128165 0.132028 0.025633 0.242653 0.00128716
0 0.225945 0.957398 0.45189 0.0850183 0.00128622
0 0.0204841 0.206856 0.0409369 0.197837 0.00128476
0 0.0405354 0.803373 0.0177187 0.0174142 0.00128241
0 0.0128463 0.900436 0.0256926 0.199127 0.00128182
0 0.48492 0.0100272 0.262678 0.0200544 0.00127112
0 0.0675963 0.862123 0.135193 0.275754 0.00125803
0 0.318832 0.395459 0.201972 0.138564 0.00124813
0 0.226649 0.0317947 0.428323 0.0627915 0.0012463
2 0.380795 0.0206326 0.409786 0.0400296 0.00123558
0 0.0119518 0.535785 0.0237956 0.147839 0.00122975
2 0.428841 0.0184259 0.36513 0.0355166 0.00122245
0 0.0514592 0.311235 0.102918 0.39501 0.00122232
0 0.158085 0.9567 0.316169 0.0861733 0.00120932
0 0.0249229 0.600169 0.0498459 0.51111 0.00120648
0 0.798791 0.936453 0.402418 0.127093 0.00119795
0 0.0237234 0.499504 0.0474467 0.493512 0.00118583
0 0.262004 0.0161247 0.298273 0.0322493 0.0011832
0 0.059599 0.221034 0.119198 0.442068 0.00116029
1 0.401747 0.523662 0.200561 0.144875 0.00115794
0 0.384475 0.00889004 0.256005 0.0177801 0.00112939
0 0.815251 0.0141074 0.322039 0.0269047 0.00112347
2 0.465754 0.0219346 0.347683 0.0426241 0.00111684
1 0.385815 0.0264443 0.504127 0.0510883 0.001108
0 0.425382 0.769173 0.155828 0.0943132 0.00109556
0 0.0182016 0.953956 0.0364031 0.0920884 0.00108789
0 0.0852955 0.469444 0.109029 0.152139 0.00108122
0 0.066231 0.393984 0.132462 0.418437 0.00106184
2 0.934589 0.933932 0.130822 0.132137 0.00105919
0 0.0224998 0.164754 0.0449307 0.329508 0.00105785
0 0.0604023 0.0714511 0.120805 0.142902 0.00105143
0 0.0171743 0.0400702 0.0343486 0.0801404 0.00104967
2 0.879767 0.951165 0.240467 0.0969387 0.00104815
0 0.0984137 0.461539 0.0692241 0.101999 0.00104477
0 0.838893 0.019986 0.322215 0.0388539 0.00103441
0 0.0300656 0.113405 0.0601248 0.22681 0.00102166
