1 0.437271 0.574991 0.762812 0.53446 0.967772
1 0.438274 0.714418 0.752823 0.451798 0.0734202
1 0.42366 0.488371 0.723621 0.3568 0.0400417
1 0.56632 0.578294 0.503649 0.534265 0.0382775
1 0.568909 0.66251 0.480774 0.360544 0.0262535
1 0.609006 0.713804 0.396366 0.280402 0.0190394
1 0.543397 0.736794 0.543402 0.526413 0.0165913
1 0.413322 0.43525 0.696017 0.288579 0.0106761
1 0.616479 0.782867 0.39577 0.434265 0.0105428
1 0.399555 0.383695 0.747592 0.68626 0.00590636
1 0.459215 0.309104 0.840524 0.618207 0.00568921
1 0.717892 0.770123 0.550261 0.459754 0.00548296
1 0.543058 0.500573 0.515374 0.377612 0.00542274
0 0.567457 0.134505 0.032764 0.0242954 0.00537806
1 0.349088 0.609704 0.580214 0.604538 0.00514134
1 0.641313 0.62541 0.717375 0.650149 0.00484038
0 0.472265 0.0286666 0.476898 0.0564864 0.00449842
1 0.445612 0.0699683 0.692684 0.139527 0.00449607
1 0.468515 0.817483 0.703126 0.365034 0.00444926
1 0.481961 0.199935 0.805097 0.39987 0.00441568
1 0.419463 0.684308 0.722274 0.631384 0.00420249
1 0.616402 0.530846 0.549994 0.440733 0.00418987
1 0.507764 0.0248423 0.630157 0.0489104 0.0041175
1 0.488811 0.126826 0.750736 0.251905 0.00408706
2 0.511397 0.0284738 0.527773 0.0563574 0.00386041
1 0.750173 0.616178 0.499654 0.635836 0.00373205
1 0.439157 0.861328 0.800395 0.277125 0.00356836
1 0.288092 0.613667 0.435802 0.234986 0.00327455
1 0.611506 0.748319 0.387477 0.16426 0.00323212
1 0.282169 0.953288 0.555387 0.0932089 0.00319613
1 0.411139 0.944092 0.78395 0.111817 0.00301655
1 0.342586 0.731749 0.58476 0.532008 0.00299873
1 0.274453 0.688321 0.447928 0.618388 0.00293959
0 0.272162 0.523191 0.414355 0.339662 0.00288291
2 0.531211 0.460428 0.471466 0.299479 0.00286878
0 0.303086 0.761069 0.0366032 0.0195928 0.00283234
0 0.763574 0.627464 0.472852 0.65788 0.00281209
1 0.317082 0.0829958 0.55526 0.163786 0.00279667
1 0.399915 0.031261 0.541047 0.0614994 0.00270379
1 0.683555 0.5019 0.614001 0.379536 0.00267434
0 0.529732 0.428972 0.470482 0.263802 0.00266814
1 0.499097 0.934031 0.710304 0.131939 0.00265188
0 0.293469 0.480161 0.475625 0.458071 0.00264682
0 0.837289 0.116386 0.325422 0.232771 0.00256872
1 0.585967 0.0773897 0.591193 0.153854 0.00256644
1 0.13299 0.698674 0.26598 0.594474 0.0025536
0 0.119451 0.551915 0.238901 0.486416 0.00254942
1 0.333924 0.659532 0.497259 0.242882 0.00248176
0 0.392853 0.361544 0.771133 0.723087 0.00247601
0 0.178202 0.949024 0.356403 0.101951 0.00247212
1 0.200541 0.691239 0.360344 0.611556 0.00247099
1 0.564986 0.425302 0.363552 0.23133 0.00246961
0 0.281786 0.65706 0.432085 0.560381 0.00246862
0 0.111314 0.679424 0.222628 0.615857 0.00246576
0 0.234014 0.952168 0.468028 0.0955631 0.00245034
0 0.138149 0.751213 0.276297 0.497575 0.00244269
0 0.450057 0.420573 0.625471 0.586497 0.00243699
0 0.884621 0.129669 0.230758 0.259339 0.00242975
0 0.79953 0.685779 0.400939 0.614157 0.00242284
0 0.776125 0.099195 0.447749 0.196836 0.00241685
0 0.730291 0.543538 0.539419 0.553454 0.00240527
0 0.146716 0.463449 0.293433 0.593119 0.0023894
0 0.409759 0.223827 0.674715 0.442655 0.00238797
0 0.290065 0.435271 0.234927 0.126086 0.0023811
0 0.738053 0.935955 0.523894 0.12809 0.00238038
0 0.138629 0.354676 0.277259 0.565148 0.00237728
1 0.649068 0.936452 0.668459 0.126852 0.00236661
1 0.642035 0.0249019 0.715929 0.0485588 0.0023515
0 0.352809 0.696283 0.592185 0.599423 0.00233659
0 0.147971 0.815658 0.295942 0.368683 0.00233647
0 0.232277 0.661437 0.410792 0.653098 0.0023277
0 0.648777 0.0815013 0.609351 0.16149 0.00228701
0 0.132232 0.220717 0.264464 0.334369 0.00228336
0 0.731492 0.947667 0.537015 0.104666 0.00228143
0 0.122667 0.097908 0.245333 0.195816 0.00226553
0 0.743705 0.475272 0.51259 0.548091 0.00225986
0 0.725537 0.790694 0.548925 0.418398 0.00224565
1 0.601885 0.0291194 0.548596 0.0573831 0.0022439
2 0.682968 0.676937 0.634064 0.627971 0.00224345
0 0.256114 0.094912 0.467806 0.187297 0.00224249
0 0.738742 0.663443 0.522517 0.638833 0.00223541
0 0.299589 0.183082 0.497542 0.360284 0.00223398
0 0.345395 0.132317 0.612935 0.258549 0.00223103
0 0.159203 0.904404 0.318407 0.172634 0.00222039
1 0.331821 0.848761 0.600238 0.302478 0.0022101
0 0.855761 0.175115 0.288478 0.349905 0.00220893
0 0.179649 0.095175 0.332758 0.189567 0.00220132
0 0.634674 0.146789 0.592017 0.291591 0.00219646
0 0.301624 0.297404 0.581752 0.587819 0.00218507
0 0.737136 0.417489 0.525728 0.491552 0.00218268
0 0.151099 0.87095 0.302197 0.232919 0.0021763
0 0.24524 0.416914 0.49048 0.746168 0.00217332
0 0.238452 0.211446 0.388328 0.405865 0.00216814
0 0.129542 0.128585 0.259085 0.24684 0.00213437
0 0.662694 0.49891 0.674612 0.426534 0.00213436
0 0.181549 0.345144 0.341253 0.681009 0.00213275
0 0.717429 0.4433 0.565141 0.676157 0.00212995
0 0.740502 0.838631 0.518997 0.322737 0.00212604
0 0.754836 0.370425 0.490327 0.50281 0.00212467
0 0.212534 0.891669 0.392098 0.212358 0.0021158
0 0.770092 0.143829 0.426543 0.285485 0.00211447
0 0.843687 0.218319 0.312626 0.407143 0.00211006
0 0.169113 0.211731 0.300454 0.394511 0.00210659
0 0.756964 0.216601 0.451084 0.407978 0.00210456
1 0.727343 0.862766 0.543272 0.272966 0.00207956
0 0.240606 0.284142 0.428175 0.554877 0.0020772
0 0.743268 0.893407 0.513463 0.213186 0.00207634
1 0.270211 0.0330851 0.540422 0.0655964 0.00206997
0 0.637712 0.221745 0.61687 0.441774 0.00205342
0 0.820005 0.267407 0.35999 0.438184 0.00204309
0 0.52767 0.0162832 0.343908 0.0325665 0.00204068
1 0.25134 0.836904 0.451152 0.324157 0.00204016
0 0.910271 0.895685 0.179348 0.20863 0.00203064
0 0.751223 0.310732 0.49568 0.419842 0.00202149
0 0.502153 0.018144 0.455137 0.0352297 0.00201759
0 0.18968 0.835365 0.355881 0.320036 0.00196961
0 0.699913 0.264671 0.580483 0.514273 0.00190375
0 0.300321 0.964367 0.395106 0.0708283 0.00186614
2 0.677912 0.0293523 0.504132 0.0576643 0.00185886
1 0.361861 0.0289148 0.723722 0.0572329 0.00182551
0 0.56647 0.338607 0.766961 0.6461 0.0017751
0 0.376374 0.433712 0.427694 0.140143 0.0015944
1 0.528708 0.715893 0.589284 0.256238 0.0015886
0 0.200547 0.961252 0.360027 0.0772028 0.00157702
1 0.487006 0.0526202 0.569999 0.10524 0.00156417
2 0.228989 0.0307542 0.380948 0.060522 0.00150128
1 0.365582 0.623149 0.631826 0.221255 0.00147484
0 0.910596 0.932989 0.177268 0.132423 0.00147292
1 0.653198 0.760942 0.292717 0.139159 0.00141239
1 0.252738 0.0262443 0.443895 0.0517437 0.00140856
1 0.732465 0.0293004 0.535069 0.0579597 0.00133526
0 0.323666 0.791112 0.0959315 0.0796451 0.00133172
0 0.385243 0.962173 0.394804 0.0752258 0.00130431
1 0.610522 0.771092 0.389518 0.114732 0.00129854
0 0.614735 0.363098 0.270833 0.100706 0.00129641
0 0.530911 0.403536 0.44579 0.1831 0.00123643
0 0.150491 0.969528 0.2991 0.0600647 0.00122979
1 0.603608 0.411101 0.279486 0.195621 0.00118732
0 0.345972 0.325434 0.0291597 0.0233885 0.00118068
1 0.432719 0.0410351 0.547579 0.0820702 0.00116918
1 0.438429 0.548494 0.662245 0.231137 0.00116902
0 0.400182 0.41123 0.490909 0.170162 0.00116503
1 0.409005 0.66114 0.708318 0.206725 0.00115631
2 0.773711 0.033021 0.436913 0.0652737 0.00114504
2 0.223767 0.0703797 0.390412 0.140759 0.00114272
0 0.516068 0.363808 0.49209 0.103585 0.00113769
0 0.448925 0.377604 0.529246 0.126959 0.00111709
1 0.630002 0.829349 0.350003 0.300718 0.00111322
0 0.173292 0.796875 0.0254392 0.0241712 0.00111275
0 0.085554 0.955279 0.171108 0.0887998 0.00108674
0 0.204971 0.0306785 0.373685 0.0601834 0.00103751
2 0.906336 0.949159 0.187329 0.10146 0.00103201
2 0.108951 0.962549 0.215011 0.0747821 0.00103113
1 0.452375 0.585308 0.695825 0.20132 0.00102637
0 0.464673 0.959627 0.535564 0.0804638 0.00102503
1 0.53135 0.459517 0.439379 0.283811 0.00101195
1 0.600819 0.452002 0.283724 0.280197 0.0010064
0 0.475856 0.0144968 0.397482 0.0289935 0.00100495
0 0.507535 0.889063 0.0361543 0.0263468 0.000997137
0 0.726937 0.711494 0.153966 0.266845 0.000996246
0 0.564529 0.13467 0.0435706 0.0265479 0.000994687
0 0.903173 0.951211 0.193654 0.0970588 0.000986112
0 0.926361 0.861477 0.143478 0.232266 0.000985178
0 0.781358 0.953499 0.415563 0.0926121 0.000983662
0 0.249991 0.940482 0.31885 0.117586 0.000978337
2 0.686454 0.0774784 0.563034 0.154957 0.000974814
1 0.367923 0.691146 0.545195 0.248601 0.00097332
2 0.805636 0.0415124 0.388728 0.0829244 0.000972498
0 0.364164 0.445381 0.0749831 0.0839976 0.000970877
1 0.757876 0.0542686 0.484247 0.108049 0.00096872
2 0.406243 0.0409407 0.618522 0.0818813 0.000964937
0 0.225515 0.503785 0.392864 0.26571 0.000962603
1 0.507494 0.668741 0.65934 0.228468 0.000956412
0 0.250725 0.0255652 0.281972 0.0511303 0.000951119
0 0.156686 0.925718 0.30972 0.14767 0.000949712
1 0.465389 0.499957 0.579333 0.249601 0.000949711
2 0.656932 0.0781979 0.36675 0.151958 0.000945072
2 0.292458 0.0806069 0.519233 0.161214 0.000941357
2 0.853296 0.0757689 0.291699 0.151538 0.000937757
0 0.440444 0.519308 0.674096 0.225161 0.000933469
0 0.193755 0.93602 0.298959 0.126344 0.000925304
0 0.470544 0.462294 0.562687 0.271691 0.000923952
1 0.459771 0.0908751 0.488947 0.180041 0.000923248
0 0.573411 0.963026 0.528859 0.0734727 0.000921452
0 0.25141 0.445348 0.325799 0.147744 0.00091896
2 0.435387 0.0930438 0.474404 0.183649 0.000911991
2 0.089582 0.105215 0.177959 0.210431 0.000906516
0 0.720875 0.960535 0.429426 0.0783491 0.000902556
2 0.0662794 0.140035 0.132559 0.28007 0.000893717
1 0.362264 0.48581 0.529109 0.21157 0.000890743
0 0.433018 0.480588 0.699023 0.211054 0.000885746
0 0.632538 0.868576 0.338734 0.262847 0.000882194
0 0.167735 0.610872 0.195164 0.144908 0.000878013
0 0.447157 0.423703 0.650595 0.208414 0.000874672
1 0.700744 0.717476 0.210089 0.224935 0.000873854
0 0.873197 0.946694 0.253605 0.105437 0.000871707
0 0.216946 0.547692 0.319204 0.276324 0.000871468
0 0.306771 0.942305 0.305366 0.113389 0.00086837
2 0.273088 0.0954185 0.39957 0.190361 0.000863472
0 0.119447 0.89355 0.233417 0.212899 0.000862029
2 0.367281 0.102962 0.485282 0.201982 0.000857957
0 0.0610714 0.93518 0.122143 0.125434 0.000856585
1 0.684874 0.737032 0.258665 0.177806 0.000856387
0 0.562773 0.311603 0.377215 0.127923 0.000853601
0 0.359381 0.366821 0.34501 0.122638 0.000850685
2 0.915737 0.0790387 0.167548 0.158077 0.000850235
0 0.0519063 0.914383 0.103813 0.170261 0.000845872
0 0.0970585 0.932091 0.188577 0.133193 0.000843899
0 0.595121 0.887564 0.314681 0.223476 0.00084056
1 0.651091 0.717764 0.302687 0.234696 0.00083911
2 0.80024 0.0710532 0.39952 0.142106 0.000838102
0 0.384992 0.453958 0.479083 0.165396 0.000831012
2 0.56565 0.0813226 0.446666 0.162407 0.000829104
0 0.495846 0.606023 0.664619 0.196956 0.000828252
0 0.274944 0.973181 0.14075 0.0536371 0.000828049
0 0.204971 0.906779 0.28279 0.18631 0.000827994
0 0.893866 0.855772 0.212268 0.244146 0.000825617
0 0.599393 0.278617 0.324187 0.207572 0.00082493
0 0.59455 0.831088 0.390574 0.337825 0.000823141
0 0.206999 0.472226 0.308927 0.203229 0.000818685
2 0.879874 0.0673336 0.240252 0.134667 0.000817583
0 0.833064 0.895053 0.333872 0.209895 0.000813143
2 0.0852934 0.957077 0.170587 0.0833927 0.000812818
0 0.0403901 0.98792 0.0807802 0.0235221 0.000812305
1 0.53546 0.596256 0.556553 0.202391 0.000809564
1 0.371604 0.551571 0.644524 0.181971 0.000809099
0 0.54336 0.245434 0.348679 0.263874 0.00080366
2 0.964872 0.94926 0.070256 0.10148 0.000802103
0 0.82227 0.927442 0.35546 0.143377 0.000800849
0 0.729722 0.919445 0.296254 0.16111 0.000800628
0 0.0514504 0.348916 0.102901 0.355945 0.000798793
2 0.109806 0.0823257 0.217415 0.164651 0.000794493
0 0.231296 0.437995 0.240868 0.139312 0.000792175
2 0.791979 0.94848 0.403568 0.102234 0.000790945
1 0.310501 0.495785 0.458821 0.254779 0.000789827
0 0.631694 0.253649 0.283474 0.221921 0.000787758
0 0.525001 0.0809969 0.407687 0.160445 0.000786091
0 0.598453 0.0793011 0.21213 0.140709 0.000784182
0 0.632398 0.310956 0.322498 0.152547 0.000782887
0 0.307427 0.360113 0.266367 0.107636 0.000782793
0 0.658224 0.825438 0.325382 0.349124 0.000781245
0 0.893885 0.0744302 0.212231 0.14886 0.000778453
0 0.706544 0.0147384 0.366439 0.0294767 0.000777369
0 0.120147 0.515508 0.223133 0.321119 0.000776751
1 0.66301 0.449719 0.180585 0.267924 0.000776733
0 0.518743 0.865047 0.182378 0.194332 0.000773196
0 0.255626 0.909083 0.276972 0.181834 0.000773018
2 0.283458 0.120354 0.303737 0.213579 0.00077259
0 0.509014 0.275636 0.402091 0.216077 0.000772267
0 0.829333 0.855057 0.341335 0.252274 0.00077192
0 0.716412 0.88197 0.319536 0.23606 0.000771872
0 0.506768 0.910383 0.351192 0.179233 0.000771851
0 0.658166 0.90652 0.325605 0.18696 0.000771116
0 0.0574106 0.891324 0.114821 0.217351 0.000769563
0 0.640285 0.0796694 0.285068 0.13724 0.000768516
0 0.866685 0.823221 0.26663 0.26526 0.000768182
0 0.436111 0.32154 0.411963 0.105517 0.000767983
0 0.271899 0.970304 0.106794 0.0592428 0.000767903
0 0.495284 0.246039 0.325846 0.234625 0.00076389
0 0.635489 0.215419 0.273699 0.239747 0.000762984
0 0.384075 0.938192 0.327541 0.120862 0.00076278
2 0.0375125 0.933622 0.075025 0.132755 0.000756911
2 0.0742218 0.932744 0.146561 0.133461 0.000756728
0 0.559014 0.100606 0.184142 0.102215 0.000755955
0 0.241588 0.980196 0.197608 0.0394436 0.000755776
1 0.706791 0.800694 0.329189 0.303255 0.000755129
2 0.0251644 0.892163 0.0503288 0.215675 0.000754595
2 0.707006 0.0866312 0.387314 0.173262 0.000754383
0 0.751671 0.938463 0.303504 0.120779 0.000754125
0 0.358851 0.312453 0.245812 0.0941463 0.000750841
0 0.541206 0.20398 0.320242 0.283353 0.000750603
0 0.567169 0.932375 0.36389 0.132197 0.000748227
0 0.405007 0.263357 0.283842 0.195774 0.0007461
0 0.692507 0.936774 0.288222 0.123015 0.000745785
0 0.591929 0.0141345 0.375242 0.0282689 0.000745649
0 0.472122 0.932699 0.377158 0.131977 0.000744952
0 0.457069 0.29189 0.398659 0.125958 0.000744765
0 0.611294 0.336934 0.281931 0.114943 0.000744575
0 0.594929 0.108471 0.138841 0.081207 0.000744489
1 0.0273271 0.0913145 0.0546542 0.182629 0.000743069
2 0.0537322 0.313932 0.107464 0.344231 0.000741801
0 0.726623 0.825152 0.342375 0.326192 0.000738856
0 0.591834 0.209937 0.301404 0.255911 0.000737706
0 0.490983 0.336765 0.514504 0.114415 0.000736248
0 0.775388 0.808415 0.408132 0.271902 0.000736035
1 0.645165 0.409126 0.200344 0.197805 0.000734487
2 0.67932 0.716687 0.247449 0.239658 0.000732287
2 0.0643863 0.192693 0.128773 0.385387 0.000731498
0 0.492738 0.198151 0.27651 0.264566 0.000730312
0 0.458003 0.097568 0.461064 0.195136 0.000726682
0 0.466236 0.249592 0.261036 0.195291 0.000726629
2 0.979305 0.074248 0.0413906 0.148496 0.000725801
0 0.303761 0.324134 0.230607 0.104432 0.000724533
2 0.757828 0.103658 0.44354 0.207316 0.000723311
0 0.3261 0.796855 0.0842119 0.0596691 0.000722143
0 0.054126 0.285769 0.108252 0.389868 0.000721438
0 0.2113 0.640371 0.285703 0.146641 0.000720381
0 0.935814 0.840325 0.128372 0.319351 0.000720379
0 0.623936 0.333964 0.281977 0.154438 0.000719997
2 0.0632206 0.873613 0.126441 0.252773 0.000719839
