0 0.465664 0.491733 0.337799 0.494374 0.818857
0 0.335772 0.385353 0.0785124 0.123979 0.648311
0 0.583617 0.336972 0.083388 0.170757 0.582011
0 0.398621 0.644263 0.0992756 0.182215 0.557281
0 0.46262 0.409478 0.337356 0.329834 0.375907
0 0.435982 0.552308 0.181914 0.382324 0.271044
0 0.443514 0.418412 0.191652 0.342752 0.2491
0 0.500696 0.344282 0.25538 0.197584 0.211195
0 0.423097 0.629411 0.14953 0.219128 0.203196
0 0.438369 0.472527 0.177752 0.227733 0.0443056
0 0.45442 0.351341 0.338311 0.467583 0.0396993
0 0.0819034 0.0919515 0.162116 0.183903 0.0339604
0 0.536954 0.357135 0.175427 0.220711 0.0339027
0 0.395367 0.453819 0.193084 0.264988 0.0312462
0 0.383357 0.371652 0.170024 0.148077 0.0292142
0 0.245836 0.305553 0.0233684 0.0446654 0.026748
0 0.417695 0.589021 0.234603 0.31219 0.026687
0 0.415671 0.346289 0.236626 0.204818 0.0256772
0 0.643724 0.975285 0.0237806 0.0387315 0.0228415
0 0.584873 0.307025 0.0794281 0.106641 0.0220116
0 0.0851917 0.192383 0.170383 0.384765 0.0192834
0 0.41789 0.464936 0.242329 0.362989 0.017345
0 0.455933 0.304617 0.0514528 0.101199 0.014773
0 0.323934 0.37897 0.102154 0.130882 0.0127608
0 0.0881754 0.346171 0.176216 0.689565 0.0120616
0 0.452761 0.344759 0.163599 0.197548 0.0120347
0 0.535283 0.417584 0.45 0.357406 0.0119041
0 0.399572 0.457206 0.332888 0.463994 0.011279
0 0.395898 0.498123 0.196619 0.372558 0.0112435
0 0.55843 0.861776 0.0202295 0.0515164 0.0110699
0 0.127341 0.104643 0.067481 0.10775 0.0106492
0 0.330732 0.364551 0.061653 0.0796835 0.00843628
0 0.445935 0.660843 0.297936 0.522506 0.00814102
0 0.377463 0.432802 0.158447 0.230755 0.0080659
0 0.499543 0.511623 0.045384 0.0703553 0.00733995
0 0.0900073 0.487612 0.179265 0.975224 0.00683571
0 0.115374 0.138831 0.230748 0.277662 0.00656714
0 0.370824 0.595036 0.189675 0.300724 0.00635387
0 0.619218 0.336883 0.1535 0.168716 0.00633226
0 0.54237 0.500089 0.576667 0.508868 0.00627591
0 0.389202 0.617208 0.0800747 0.111577 0.00626219
0 0.130916 0.111843 0.0557516 0.0902288 0.00621144
0 0.37915 0.494012 0.438531 0.533565 0.00614188
0 0.301666 0.37205 0.146815 0.150789 0.0060626
0 0.647144 0.973871 0.0319486 0.0449818 0.00604888
0 0.242914 0.318139 0.0309784 0.0736357 0.00585448
0 0.316861 0.515054 0.624998 0.519958 0.00565924
0 0.521552 0.335219 0.411346 0.461631 0.00562098
0 0.445438 0.706348 0.376457 0.556768 0.00556495
0 0.455287 0.271831 0.354436 0.39476 0.00551542
0 0.426658 0.649189 0.285491 0.675429 0.00548414
0 0.455104 0.28911 0.051759 0.0733159 0.00534021
0 0.019337 0.38023 0.038674 0.76046 0.00516505
0 0.0201458 0.724818 0.0402916 0.550365 0.00506851
0 0.0100953 0.271448 0.0201907 0.380585 0.00505331
0 0.479138 0.345336 0.118007 0.182658 0.00468188
0 0.596397 0.959405 0.322974 0.0811901 0.00459391
0 0.503784 0.514532 0.0358048 0.0572948 0.00451526
0 0.13359 0.12117 0.0479931 0.0720729 0.004219
0 0.591324 0.918156 0.294035 0.148588 0.00417957
0 0.581457 0.384315 0.551745 0.360732 0.00417535
0 0.00772391 0.327412 0.0154478 0.315728 0.0041604
0 0.339723 0.338649 0.437684 0.439606 0.00398735
0 0.0924957 0.650559 0.184501 0.687969 0.00394551
0 0.682639 0.960393 0.342051 0.0792138 0.00386237
0 0.631461 0.972997 0.161683 0.0540065 0.0037081
0 0.323432 0.359884 0.0480039 0.0702441 0.0036417
0 0.580052 0.297094 0.0694305 0.0849301 0.00357747
0 0.472167 0.319822 0.0917721 0.139863 0.00357374
0 0.643912 0.973547 0.116459 0.0523749 0.00356224
0 0.164522 0.133355 0.325501 0.266711 0.00354761
0 0.42114 0.460833 0.127111 0.1967 0.00350975
0 0.156243 0.103319 0.312486 0.206638 0.00349832
0 0.518646 0.958275 0.393276 0.0834501 0.00346127
0 0.118415 0.390492 0.236829 0.779939 0.00341432
0 0.946147 0.518825 0.107705 0.723259 0.00335066
0 0.142403 0.493595 0.284806 0.98719 0.00332364
0 0.0179268 0.325028 0.0358535 0.650057 0.00331819
0 0.693842 0.917847 0.316672 0.14736 0.00330399
0 0.0956443 0.770623 0.190323 0.440559 0.00329677
0 0.0136812 0.824421 0.0273624 0.351159 0.0032756
0 0.517627 0.911005 0.340267 0.15442 0.00326787
0 0.948177 0.648458 0.103634 0.647828 0.00325892
0 0.469162 0.581519 0.475281 0.671505 0.00325173
0 0.34761 0.416015 0.0975407 0.188427 0.00319655
0 0.12136 0.0993538 0.0933073 0.121299 0.00313108
0 0.00806582 0.382697 0.0161316 0.353636 0.00308925
0 0.280332 0.0780509 0.02402 0.029713 0.00305986
0 0.606871 0.313995 0.507675 0.41556 0.00305619
0 0.873391 0.439776 0.0348755 0.0397489 0.0030531
0 0.948622 0.397294 0.10258 0.656852 0.00305236
0 0.115463 0.574295 0.230927 0.846945 0.00303097
0 0.455393 0.959985 0.397017 0.08003 0.0029957
0 0.533221 0.878146 0.348078 0.214359 0.00298347
0 0.501656 0.72711 0.517058 0.54578 0.0029789
0 0.327481 0.627391 0.654961 0.674636 0.00295369
0 0.930704 0.680608 0.138047 0.583636 0.00293148
0 0.94313 0.196153 0.11312 0.392307 0.00292493
0 0.476363 0.870994 0.296715 0.219768 0.00292433
0 0.135165 0.713903 0.267695 0.563277 0.00291216
0 0.127175 0.791925 0.252675 0.404658 0.00290546
0 0.940702 0.741829 0.118461 0.489518 0.00290017
0 0.948167 0.253733 0.103538 0.507466 0.0028674
0 0.650674 0.86185 0.294827 0.24309 0.00286447
0 0.190365 0.0798609 0.38073 0.159722 0.0028374
0 0.926613 0.18626 0.146774 0.372521 0.00283008
0 0.778632 0.958178 0.387258 0.0836433 0.00282105
0 0.438421 0.856118 0.234893 0.247856 0.00281704
0 0.176008 0.188204 0.349266 0.36355 0.00278492
0 0.865336 0.935994 0.269327 0.128011 0.00277824
0 0.34415 0.632249 0.214141 0.222436 0.00277487
0 0.402423 0.664563 0.446255 0.670875 0.00277429
0 0.588744 0.323728 0.0697096 0.139028 0.00277394
0 0.379787 0.960348 0.378916 0.0793032 0.00277015
0 0.927424 0.485011 0.14424 0.628922 0.00276945
0 0.352291 0.349077 0.218929 0.195308 0.0027617
0 0.215216 0.956123 0.394176 0.0877542 0.0027586
0 0.0923965 0.8821 0.184793 0.235799 0.00274266
0 0.0685503 0.75258 0.136985 0.484631 0.00270244
0 0.0207157 0.529667 0.0414314 0.813026 0.00270207
0 0.712663 0.851874 0.339449 0.257573 0.00267579
0 0.926072 0.791511 0.146029 0.385545 0.00266945
0 0.151158 0.943455 0.302315 0.113089 0.0026383
0 0.850777 0.95885 0.293727 0.0822993 0.00261344
0 0.276356 0.334909 0.545501 0.51388 0.00260939
0 0.633717 0.332445 0.492448 0.313063 0.00260446
0 0.898147 0.858293 0.203586 0.26807 0.00258412
0 0.889216 0.15499 0.211726 0.30998 0.00257225
0 0.30609 0.331838 0.144347 0.104349 0.00254682
0 0.546904 0.252288 0.434119 0.425275 0.00254511
0 0.407179 0.688821 0.0798692 0.0937503 0.00254183
0 0.39692 0.0519788 0.369715 0.103958 0.00253223
0 0.492643 0.510173 0.0609148 0.0765839 0.00252482
0 0.262567 0.0613933 0.426932 0.122787 0.00252439
0 0.151008 0.839738 0.292972 0.301312 0.00252387
0 0.345162 0.0580599 0.374081 0.11612 0.00251772
0 0.106037 0.923855 0.212074 0.15229 0.0025113
0 0.0101529 0.419351 0.0203059 0.398901 0.00249024
0 0.289738 0.523662 0.579476 0.717336 0.00248974
0 0.0243555 0.675117 0.048711 0.649767 0.00248947
0 0.490246 0.0446458 0.368296 0.0892917 0.00246087
0 0.243403 0.308592 0.0293906 0.0527205 0.00245192
0 0.114843 0.0848326 0.198308 0.169665 0.00245042
0 0.636965 0.0452044 0.408184 0.0904088 0.00244233
0 0.263494 0.308407 0.0624926 0.0515013 0.00243762
0 0.399525 0.603467 0.102518 0.144612 0.00242454
0 0.2059 0.256993 0.411019 0.481587 0.00239594
0 0.396452 0.793068 0.255978 0.375431 0.00239498
0 0.928731 0.341294 0.140386 0.516277 0.00239235
0 0.4464 0.161531 0.358125 0.323061 0.00237246
0 0.317996 0.387836 0.129336 0.148442 0.00236839
0 0.183577 0.866771 0.345609 0.247956 0.0023663
0 0.898769 0.7007 0.197532 0.543418 0.00234869
0 0.276051 0.264468 0.461746 0.413655 0.00234102
0 0.187441 0.790065 0.373179 0.402065 0.00233236
0 0.890845 0.575243 0.2139 0.575648 0.00232556
0 0.73053 0.0546928 0.373396 0.109386 0.00232039
0 0.230159 0.115318 0.4446 0.227049 0.00231964
0 0.655979 0.278065 0.482331 0.338483 0.00231942
0 0.2201 0.551452 0.4402 0.813189 0.00231553
0 0.11179 0.0875377 0.104612 0.145658 0.00230783
0 0.36797 0.642261 0.165624 0.198002 0.00229462
0 0.304572 0.357819 0.182567 0.182141 0.00228711
0 0.789608 0.906408 0.379951 0.163488 0.00228385
0 0.16059 0.598915 0.32118 0.776292 0.00227583
0 0.658016 0.510576 0.508693 0.486204 0.00226984
0 0.409376 0.908121 0.315227 0.161457 0.00226379
0 0.554606 0.624888 0.550774 0.683635 0.00226165
0 0.360051 0.148321 0.385491 0.29356 0.00225581
0 0.567216 0.803277 0.45238 0.366456 0.00225491
0 0.786777 0.0665218 0.344354 0.133044 0.00223808
0 0.83178 0.102278 0.316645 0.204555 0.00223742
0 0.251236 0.426642 0.502473 0.828508 0.00223689
0 0.593892 0.296019 0.0594598 0.0825628 0.00222627
0 0.619668 0.227166 0.46819 0.367833 0.00222143
0 0.868084 0.910244 0.260971 0.151521 0.00221209
0 0.729299 0.893182 0.0240156 0.0430006 0.00220788
0 0.667076 0.814766 0.358926 0.348025 0.00219988
0 0.721948 0.414364 0.407661 0.383191 0.00219452
0 0.0487668 0.389379 0.0974981 0.678101 0.00219168
0 0.305997 0.795578 0.422756 0.377524 0.0021882
0 0.235921 0.815232 0.469624 0.343388 0.00218609
0 0.732136 0.811362 0.375585 0.347095 0.00217872
0 0.893333 0.807868 0.210069 0.360437 0.00216975
0 0.711306 0.341928 0.422449 0.35359 0.00216738
0 0.52249 0.14869 0.39772 0.297379 0.00215851
0 0.271756 0.904786 0.411174 0.171536 0.00215531
0 0.287887 0.703714 0.575774 0.588567 0.00213058
0 0.740288 0.510509 0.366413 0.418843 0.00212907
0 0.0850925 0.133798 0.166008 0.267596 0.00212669
0 0.341541 0.911932 0.358046 0.157838 0.00212054
0 0.839952 0.520968 0.295121 0.396424 0.00211491
0 0.853977 0.596619 0.277109 0.413551 0.00209908
0 0.856649 0.680324 0.27473 0.440148 0.00209203
0 0.819441 0.839524 0.333911 0.273732 0.00208587
0 0.893437 0.419221 0.206953 0.522721 0.00208458
0 0.638224 0.134898 0.433487 0.269795 0.00207709
0 0.252815 0.309803 0.0447584 0.0568076 0.00205344
0 0.774577 0.579215 0.305304 0.397266 0.00205303
0 0.822181 0.452311 0.324016 0.416137 0.00205263
0 0.457784 0.310138 0.064981 0.122995 0.00205115
0 0.846632 0.809907 0.294638 0.345324 0.00204358
0 0.613495 0.568975 0.550936 0.509625 0.00204283
0 0.020815 0.803469 0.04163 0.376326 0.00202575
0 0.586138 0.867181 0.080139 0.0825239 0.00200649
0 0.086328 0.0641055 0.117288 0.128211 0.0020003
0 0.816732 0.377477 0.333501 0.413878 0.00198515
0 0.377533 0.608444 0.0548986 0.0946318 0.00197266
0 0.789523 0.665335 0.294502 0.408161 0.00197189
0 0.639097 0.729426 0.474219 0.46935 0.00196712
0 0.73693 0.146483 0.363748 0.287875 0.00196142
0 0.792421 0.762106 0.33913 0.446913 0.00192678
0 0.724087 0.63221 0.374085 0.379778 0.00192475
0 0.566768 0.29781 0.132196 0.233775 0.00191718
0 0.815691 0.15954 0.305792 0.299913 0.00189632
0 0.831447 0.303615 0.304309 0.397316 0.00188105
0 0.896528 0.267912 0.201457 0.425705 0.00184961
0 0.728348 0.218061 0.3932 0.348816 0.00183799
0 0.616911 0.965799 0.200071 0.0684017 0.00179099
0 0.484333 0.322459 0.253349 0.157532 0.00178717
0 0.83944 0.231441 0.285422 0.348837 0.00177737
0 0.501913 0.373596 0.06754 0.121326 0.0017731
0 0.0275749 0.831266 0.0551499 0.334111 0.00174534
0 0.688447 0.969635 0.213093 0.0595177 0.00173348
0 0.393045 0.693824 0.057376 0.0835599 0.00172955
0 0.526337 0.416566 0.197265 0.349463 0.00170457
0 0.631841 0.986154 0.149476 0.0276912 0.00169808
0 0.541656 0.29279 0.210501 0.240312 0.00168981
0 0.959462 0.755192 0.080357 0.489615 0.00167392
0 0.664041 0.985562 0.163013 0.0288759 0.00165019
0 0.00798343 0.169907 0.0159669 0.312974 0.00163629
0 0.598801 0.885511 0.104564 0.121688 0.00162173
0 0.0784763 0.269028 0.156953 0.538056 0.00161622
0 0.646479 0.361085 0.017948 0.0335049 0.00158026
0 0.641019 0.976669 0.0378771 0.0423434 0.00155492
0 0.556003 0.864367 0.0279496 0.0556307 0.00155087
0 0.0541835 0.501778 0.10831 0.700729 0.00155077
0 0.0592613 0.306172 0.118523 0.612345 0.0015467
0 0.405221 0.664401 0.0841431 0.146761 0.00153004
0 0.600592 0.901796 0.119165 0.152746 0.00152936
0 0.0503727 0.233614 0.100745 0.467227 0.0015216
0 0.616832 0.877589 0.0409527 0.0619749 0.00150678
0 0.280625 0.0819259 0.032659 0.0384955 0.00149311
0 0.633359 0.325859 0.190119 0.195651 0.00148218
0 0.146516 0.125561 0.0579969 0.0769491 0.00148003
0 0.11951 0.108349 0.127982 0.115092 0.00147903
0 0.0101351 0.587251 0.0202701 0.377975 0.00146437
0 0.335666 0.540476 0.255888 0.412183 0.00144102
0 0.122325 0.130423 0.0860461 0.161626 0.00141787
0 0.0107132 0.484086 0.0214265 0.435028 0.0014143
0 0.576954 0.286632 0.0646719 0.0685784 0.00138722
0 0.567951 0.340218 0.0503002 0.174144 0.00135357
0 0.0686311 0.0379213 0.0511085 0.0758425 0.00134982
0 0.0455746 0.813069 0.0911492 0.35878 0.00134981
0 0.569432 0.860564 0.0464734 0.0682184 0.00134953
0 0.0753234 0.817174 0.150647 0.35445 0.00134711
0 0.690507 0.98968 0.199636 0.0206391 0.00134692
0 0.485261 0.362421 0.100051 0.147899 0.00133024
0 0.711484 0.964026 0.227109 0.0709102 0.00132165
0 0.0481711 0.619575 0.0963421 0.703838 0.00129969
0 0.436765 0.329831 0.297075 0.176946 0.00129379
0 0.415557 0.671677 0.140194 0.252911 0.00127552
0 0.640356 0.898731 0.212428 0.183145 0.00124885
0 0.367156 0.306086 0.278698 0.222287 0.00124622
0 0.560216 0.404891 0.134691 0.327611 0.00123596
0 0.489879 0.164458 0.016535 0.0263778 0.00123516
0 0.0618503 0.364167 0.0190344 0.041567 0.00123056
0 0.960593 0.822399 0.0778599 0.355202 0.00122636
0 0.907414 0.820932 0.183191 0.290897 0.00122512
0 0.602534 0.913332 0.171948 0.160415 0.00121965
0 0.0491173 0.909096 0.0982346 0.181127 0.00121881
0 0.070633 0.0526944 0.0594618 0.105389 0.00121416
0 0.0414917 0.854016 0.0829834 0.274652 0.00120857
0 0.0576809 0.691965 0.115362 0.616071 0.00120834
0 0.711516 0.99273 0.211838 0.0145394 0.00120768
0 0.966238 0.697354 0.0664399 0.605292 0.00120718
0 0.989154 0.469943 0.020953 0.208774 0.0012034
0 0.0990566 0.0787538 0.127944 0.157508 0.00116227
0 0.0665275 0.46029 0.133055 0.523229 0.00116117
0 0.0661497 0.364522 0.132299 0.438521 0.00115674
0 0.574458 0.32765 0.0836829 0.139736 0.00114802
0 0.49452 0.266715 0.287701 0.188085 0.00113832
0 0.642847 0.962203 0.0294922 0.0635619 0.00113276
0 0.277033 0.0727283 0.0331296 0.0390444 0.00111905
0 0.015239 0.898294 0.030478 0.203412 0.00111204
0 0.877164 0.442786 0.0429688 0.0505134 0.00111016
0 0.378758 0.628307 0.0600048 0.124261 0.00110646
0 0.891655 0.448544 0.0786879 0.07442 0.00110629
0 0.0780573 0.0444394 0.0764663 0.0888788 0.00110182
0 0.240791 0.072951 0.15493 0.143053 0.00109312
0 0.590787 0.95566 0.218551 0.088681 0.00109232
0 0.719575 0.896935 0.135866 0.144813 0.00108924
0 0.685988 0.897227 0.145579 0.150073 0.00108483
0 0.563102 0.908251 0.201891 0.161283 0.00108141
0 0.482776 0.996552 0.191339 0.00689691 0.00107723
0 0.505455 0.402587 0.0593378 0.0629478 0.00107559
0 0.0684864 0.277426 0.136388 0.428166 0.00107545
0 0.281996 0.0619044 0.220871 0.114035 0.00107339
0 0.329367 0.280692 0.286678 0.160189 0.00107289
0 0.588462 0.993063 0.201131 0.0138744 0.00106381
