1 0.456161 0.494085 0.517213 0.455295 0.968589
1 0.461849 0.628155 0.532485 0.725886 0.0243943
0 0.00926598 0.29925 0.018532 0.0564388 0.012823
1 0.406855 0.591792 0.377073 0.248808 0.0106053
0 0.472933 0.410841 0.486968 0.288779 0.00958769
2 0.457248 0.442426 0.512084 0.347351 0.0087554
0 0.83897 0.268276 0.0261432 0.0181805 0.00815077
0 0.0096219 0.295323 0.0192438 0.0806858 0.00801098
0 0.0528966 0.406827 0.0873945 0.0348804 0.00533412
1 0.381363 0.505513 0.348621 0.476515 0.00519013
0 0.482367 0.361477 0.489423 0.288181 0.00509105
1 0.366744 0.570827 0.635858 0.629023 0.00435422
2 0.622852 0.402089 0.177666 0.186505 0.00411881
0 0.020771 0.233252 0.0415421 0.312907 0.00409422
2 0.511013 0.440659 0.413804 0.277197 0.00406749
0 0.0101853 0.272982 0.0203706 0.127657 0.00400724
0 0.48499 0.397781 0.509187 0.531703 0.00395529
1 0.418901 0.692579 0.460375 0.614841 0.00382413
0 0.116053 0.360196 0.231393 0.683828 0.00379549
2 0.356819 0.329645 0.211671 0.11438 0.00373548
0 0.0241559 0.213682 0.0483117 0.413956 0.00363381
1 0.576631 0.603313 0.775598 0.643851 0.0036151
0 0.421524 0.352793 0.34769 0.165646 0.00358208
0 0.116589 0.233074 0.23257 0.43848 0.00353822
0 0.466619 0.956932 0.670603 0.086113 0.00347274
0 0.10584 0.633334 0.211679 0.719298 0.00344094
0 0.331845 0.955296 0.571921 0.0886587 0.00336712
0 0.0977758 0.735713 0.195085 0.512016 0.00335985
0 0.820476 0.930762 0.359048 0.138475 0.00331629
2 0.615501 0.43084 0.190238 0.248266 0.00331041
0 0.799907 0.957574 0.399002 0.0847664 0.00324913
0 0.124086 0.802077 0.247453 0.395846 0.003246
0 0.895784 0.894196 0.206378 0.211608 0.00323533
0 0.376982 0.341592 0.256438 0.140518 0.00322729
0 0.931016 0.805782 0.137969 0.388435 0.00322709
0 0.0517592 0.387249 0.103518 0.317025 0.0032032
0 0.916114 0.86217 0.166542 0.27566 0.00318968
0 0.0269489 0.822911 0.0538977 0.354178 0.00318533
1 0.326425 0.505823 0.472422 0.512502 0.00318274
2 0.511062 0.493353 0.509603 0.401173 0.00317474
0 0.0507167 0.415394 0.0929957 0.0596198 0.00316836
0 0.641317 0.95789 0.605449 0.0842205 0.00313024
1 0.110378 0.598004 0.220757 0.786948 0.00312684
0 0.10614 0.489977 0.212174 0.760252 0.00310956
0 0.228402 0.954439 0.451273 0.0905173 0.00310406
0 0.114221 0.160481 0.228443 0.320963 0.00301604
0 0.234191 0.397588 0.468382 0.758044 0.0029977
0 0.237045 0.607058 0.47409 0.777657 0.00295458
0 0.905995 0.120325 0.18801 0.240651 0.00294839
0 0.846084 0.919582 0.306627 0.156957 0.00293896
0 0.936355 0.714901 0.12729 0.472075 0.00293291
0 0.201756 0.27852 0.403512 0.554499 0.00292592
0 0.12711 0.911178 0.25422 0.177645 0.00292478
0 0.120102 0.874819 0.240203 0.238354 0.0029245
0 0.181116 0.214046 0.362232 0.419442 0.00292449
0 0.92404 0.137134 0.150072 0.274269 0.00291743
0 0.167293 0.933402 0.334587 0.132821 0.00285953
0 0.904009 0.822166 0.190795 0.355669 0.00283847
2 0.59061 0.409133 0.243516 0.202339 0.00283197
0 0.335588 0.611816 0.671176 0.743723 0.00282929
0 0.553806 0.318965 0.643527 0.426809 0.00281285
0 0.0507551 0.396829 0.10151 0.456031 0.00273274
0 0.562208 0.424851 0.672211 0.350072 0.00272932
0 0.848772 0.11015 0.300277 0.2203 0.00270137
1 0.520965 0.464005 0.383747 0.293062 0.00268234
0 0.169054 0.658134 0.338108 0.661457 0.00267899
0 0.488458 0.292018 0.636705 0.558496 0.00263651
0 0.931098 0.190653 0.137803 0.381307 0.0026279
0 0.138124 0.721854 0.276247 0.544256 0.00261467
0 0.207072 0.139282 0.412803 0.278564 0.0026085
0 0.934922 0.607569 0.130156 0.532085 0.00254568
0 0.161164 0.103682 0.321413 0.207365 0.00254123
0 0.363489 0.930967 0.621387 0.136093 0.00253942
0 0.147507 0.854759 0.294994 0.288309 0.00253439
0 0.453303 0.0715311 0.629142 0.141909 0.00250467
0 0.197458 0.0276591 0.373021 0.0536891 0.00250385
0 0.298616 0.428459 0.597232 0.645563 0.00250302
0 0.220256 0.0823274 0.440512 0.163634 0.00249987
0 0.293698 0.0439104 0.486053 0.0862468 0.00249081
0 0.326547 0.47815 0.396718 0.534142 0.00248667
0 0.361547 0.0602174 0.619373 0.118801 0.00248437
0 0.928499 0.448484 0.143002 0.488487 0.00248403
0 0.927409 0.352217 0.145183 0.503629 0.00246959
0 0.555265 0.102832 0.641671 0.205664 0.00246116
0 0.776276 0.925435 0.43874 0.14391 0.00246112
0 0.479419 0.926085 0.7776 0.145749 0.00245922
0 0.897118 0.743544 0.204359 0.424391 0.00245517
0 0.357994 0.322496 0.209969 0.100969 0.00245046
1 0.542437 0.675413 0.721157 0.649173 0.00243946
0 0.921139 0.267954 0.157723 0.483574 0.00243797
0 0.515364 0.242998 0.794971 0.485995 0.00241264
0 0.195155 0.904263 0.390311 0.186207 0.00241208
0 0.0143292 0.311983 0.0286584 0.126392 0.00240842
0 0.615031 0.628675 0.769937 0.69252 0.00240646
2 0.587836 0.459652 0.242053 0.301431 0.00240035
0 0.241587 0.227868 0.483173 0.42559 0.00239927
0 0.417086 0.402779 0.430315 0.41137 0.00239913
0 0.0104922 0.852428 0.0209843 0.175216 0.00239572
0 0.781114 0.0979705 0.420564 0.195941 0.00239458
0 0.635753 0.924275 0.62393 0.149238 0.00239398
0 0.358417 0.715458 0.557937 0.569084 0.00237953
0 0.280123 0.92569 0.489306 0.144958 0.00235434
0 0.879165 0.679937 0.240463 0.490838 0.00233825
0 0.540353 0.154325 0.803989 0.306012 0.00232192
0 0.304023 0.142999 0.608045 0.278821 0.00231624
0 0.439982 0.962594 0.527572 0.0743817 0.00229833
0 0.767503 0.462393 0.464202 0.437592 0.00226395
0 0.843721 0.614409 0.311205 0.53969 0.00223985
0 0.0296583 0.342629 0.0593165 0.50979 0.0022372
0 0.715069 0.597678 0.567062 0.653974 0.00223319
0 0.240125 0.338256 0.480249 0.350982 0.00222695
0 0.275887 0.707283 0.551775 0.581335 0.0022206
0 0.443871 0.130841 0.763592 0.253887 0.00221672
0 0.636689 0.48824 0.702899 0.418747 0.0022161
0 0.677874 0.15506 0.525241 0.304409 0.00220164
0 0.230932 0.796309 0.461863 0.407383 0.00220159
0 0.780933 0.567117 0.437663 0.527222 0.00220061
0 0.43656 0.189854 0.801018 0.370779 0.0021979
0 0.270844 0.38208 0.465951 0.394163 0.00219462
0 0.593234 0.20841 0.755795 0.406681 0.00219351
0 0.828863 0.895759 0.333889 0.208482 0.00218781
0 0.269583 0.0988321 0.518849 0.189285 0.00218349
0 0.217003 0.876572 0.434007 0.244827 0.00217836
0 0.560043 0.962036 0.566146 0.0754154 0.00216859
0 0.856922 0.811603 0.278225 0.376793 0.00215483
2 0.646913 0.44321 0.693882 0.391736 0.00215266
0 0.358769 0.269918 0.601344 0.47582 0.0021453
0 0.894939 0.188913 0.207505 0.350192 0.0021447
0 0.765511 0.145734 0.408221 0.282072 0.00213041
0 0.806582 0.368564 0.38641 0.443385 0.00212213
0 0.0291643 0.859879 0.0583286 0.280242 0.00211809
0 0.818095 0.702585 0.359587 0.547696 0.00210697
1 0.554928 0.487789 0.312129 0.2501 0.00210163
0 0.869875 0.230426 0.257349 0.392661 0.00206406
0 0.639965 0.345262 0.697927 0.398112 0.00206229
0 0.888832 0.950005 0.222335 0.099277 0.00204414
0 0.834728 0.281452 0.328686 0.441223 0.00202129
0 0.641017 0.269916 0.625087 0.433472 0.00201015
0 0.390745 0.884896 0.669767 0.226674 0.00200055
0 0.74436 0.219571 0.501913 0.382297 0.00199535
0 0.496758 0.715217 0.665002 0.569566 0.00198809
0 0.716516 0.961677 0.543796 0.0762547 0.0019834
0 0.0114025 0.248006 0.0228049 0.191603 0.00197983
0 0.746929 0.898553 0.493171 0.202621 0.00196705
0 0.0270336 0.755391 0.0540671 0.489217 0.00196484
0 0.83542 0.193161 0.322238 0.352835 0.00196233
0 0.722958 0.401524 0.553427 0.429754 0.00195958
0 0.752091 0.727323 0.494221 0.537263 0.00195667
0 0.943425 0.901382 0.112604 0.197237 0.0019397
0 0.525375 0.894274 0.803297 0.211207 0.00191549
2 0.489417 0.402162 0.483202 0.245216 0.00191319
0 0.738686 0.318639 0.522628 0.428127 0.00191284
0 0.322862 0.33905 0.145545 0.137461 0.0018921
0 0.783673 0.80458 0.422026 0.39084 0.00187902
0 0.0262041 0.649689 0.0524083 0.523627 0.00186457
0 0.0132023 0.231692 0.0264045 0.247686 0.00186354
0 0.614357 0.747159 0.681546 0.505682 0.00185239
1 0.493918 0.438924 0.475597 0.290732 0.00181183
0 0.68233 0.818132 0.544132 0.363736 0.00178382
0 0.0455048 0.47002 0.0910096 0.539675 0.00178338
0 0.00997556 0.31259 0.0198789 0.176265 0.00177763
0 0.0732364 0.850363 0.146473 0.299274 0.00175636
2 0.385356 0.622359 0.368549 0.187851 0.00174884
0 0.0117268 0.866798 0.0234264 0.227396 0.00173824
0 0.0184084 0.323602 0.0368069 0.183393 0.00172918
0 0.100286 0.947933 0.200571 0.104135 0.00172652
1 0.281383 0.0273243 0.562766 0.054129 0.00172426
0 0.0772219 0.403335 0.035397 0.0229473 0.00171899
0 0.952164 0.864694 0.0946039 0.270611 0.00170792
0 0.231582 0.0319919 0.463163 0.0637041 0.00168501
0 0.945458 0.936918 0.109084 0.126165 0.00167987
2 0.587035 0.502591 0.245449 0.205081 0.00165219
0 0.0532569 0.248496 0.106371 0.370079 0.0016028
0 0.4266 0.487485 0.406292 0.266696 0.0016026
0 0.05474 0.476375 0.10948 0.386117 0.00158062
0 0.153912 0.955989 0.307824 0.0874775 0.00157821
0 0.0852762 0.901781 0.170552 0.19555 0.00156856
0 0.0251254 0.188601 0.0502508 0.377201 0.0015616
0 0.46141 0.44297 0.409 0.322758 0.00155379
0 0.0542534 0.902254 0.108507 0.195492 0.00155366
0 0.0559031 0.44453 0.11144 0.199566 0.00153208
0 0.833342 0.945092 0.33114 0.108766 0.0015307
0 0.356971 0.623032 0.307169 0.186804 0.00151985
0 0.951284 0.972081 0.0974319 0.0558378 0.00150876
0 0.411534 0.539464 0.405283 0.262852 0.00150815
2 0.443118 0.59531 0.307361 0.247532 0.00149309
0 0.624008 0.395364 0.174654 0.171362 0.00148149
0 0.0763758 0.20104 0.152655 0.399482 0.00147767
0 0.0257079 0.552534 0.0514159 0.52788 0.0014335
0 0.0349421 0.500425 0.0698841 0.552598 0.00142609
0 0.973884 0.975757 0.0512972 0.046884 0.00141363
0 0.396726 0.0329085 0.432993 0.0649866 0.00138069
0 0.0672018 0.81974 0.134404 0.360521 0.00137952
0 0.0243715 0.11143 0.048569 0.222861 0.00136259
0 0.897258 0.986367 0.205484 0.0271923 0.00134782
0 0.154179 0.0236104 0.308359 0.0458677 0.00131221
0 0.023798 0.146469 0.0475097 0.292938 0.00128272
0 0.84263 0.269735 0.0355298 0.0216792 0.00127367
0 0.0471365 0.0819055 0.094273 0.163811 0.00126836
0 0.423717 0.0312122 0.592312 0.0611099 0.0012632
0 0.32747 0.0320591 0.654941 0.0627356 0.0012623
1 0.35434 0.618845 0.3059 0.186751 0.00125858
0 0.371228 0.586011 0.340281 0.25248 0.00124416
0 0.401268 0.941536 0.379776 0.11384 0.00124212
0 0.0123262 0.827004 0.0243635 0.213522 0.00123905
0 0.393531 0.324351 0.310058 0.108875 0.00121277
2 0.324093 0.339991 0.147056 0.137968 0.00121157
0 0.110072 0.0606322 0.219962 0.121264 0.00120764
0 0.802982 0.0282061 0.38594 0.0552007 0.00120285
0 0.474162 0.375044 0.458264 0.212113 0.00119783
0 0.122916 0.0272371 0.245831 0.0536592 0.001194
0 0.505216 0.030482 0.406711 0.0600632 0.00119223
0 0.441271 0.3355 0.406577 0.137484 0.00118932
0 0.666848 0.0277768 0.37756 0.0544101 0.00118044
0 0.930798 0.982184 0.138403 0.0356329 0.00117883
0 0.526222 0.941889 0.39811 0.113259 0.00116271
1 0.306738 0.340924 0.146865 0.139018 0.00115706
1 0.579373 0.509718 0.259837 0.202561 0.00115564
0 0.59136 0.027895 0.414345 0.0548528 0.00115186
0 0.0445934 0.959548 0.0891867 0.0809042 0.00115039
0 0.107505 0.921874 0.212544 0.153713 0.00114523
0 0.484654 0.355481 0.433444 0.14816 0.00113269
0 0.0652451 0.657566 0.13049 0.452325 0.00112507
0 0.0504021 0.420132 0.0999798 0.142709 0.00111839
0 0.674489 0.941177 0.408966 0.114827 0.00111128
0 0.34077 0.938 0.431521 0.120947 0.00110177
2 0.652239 0.437652 0.113192 0.272685 0.00109413
0 0.384406 0.374679 0.275066 0.219873 0.00108447
0 0.065813 0.763496 0.131626 0.470418 0.00108212
0 0.601502 0.367454 0.176419 0.122764 0.00106533
0 0.0133113 0.0853807 0.0263963 0.170761 0.00103617
0 0.0715124 0.356709 0.143025 0.282127 0.0010196
0 0.0604192 0.981162 0.120838 0.0376751 0.00101168
0 0.722704 0.0253081 0.400082 0.0492726 0.00101054
0 0.322214 0.57326 0.245758 0.168271 0.0010089
0 0.3878 0.479149 0.319896 0.317955 0.00100346
0 0.880346 0.0340889 0.239307 0.0681777 0.00100104
0 0.0641055 0.538647 0.128211 0.470978 0.00099317
0 0.876959 0.0663524 0.246082 0.132705 0.000985122
0 0.953905 0.806261 0.0906053 0.387477 0.000981781
0 0.0863119 0.174259 0.172624 0.348519 0.000981513
0 0.0899391 0.197309 0.178855 0.280943 0.000978344
0 0.30722 0.0704486 0.473275 0.140312 0.000974231
0 0.0136608 0.0378549 0.0273216 0.0757099 0.000974107
0 0.0501468 0.424739 0.0990699 0.0944798 0.000967973
0 0.291734 0.0785895 0.583468 0.157179 0.0009676
0 0.0128923 0.174743 0.0257846 0.249481 0.000954272
0 0.0984187 0.127737 0.196837 0.255474 0.000953392
0 0.32178 0.58825 0.240442 0.116358 0.000949338
1 0.501393 0.510919 0.45478 0.216742 0.000948054
0 0.083964 0.247268 0.166298 0.242536 0.000945363
0 0.964819 0.736436 0.0686539 0.467803 0.000940038
1 0.438154 0.622865 0.321231 0.184866 0.000937519
0 0.0142588 0.890732 0.0285176 0.218536 0.000922878
0 0.364428 0.0622492 0.43261 0.124028 0.000920324
0 0.842413 0.0394591 0.315174 0.0775501 0.000916916
1 0.603103 0.506493 0.238324 0.281967 0.000915904
0 0.740073 0.160826 0.202774 0.131854 0.000910481
0 0.881199 0.0516677 0.237603 0.103335 0.000904933
0 0.0744745 0.487922 0.148553 0.279841 0.000901609
0 0.0740361 0.627709 0.145749 0.275098 0.000900013
0 0.378912 0.924865 0.289886 0.147674 0.000899438
0 0.477147 0.0614828 0.501255 0.122966 0.000894116
0 0.618028 0.348989 0.167681 0.113563 0.000890819
0 0.482131 0.647703 0.201824 0.136121 0.000887332
0 0.391235 0.427894 0.2925 0.296583 0.000886974
0 0.309347 0.916709 0.295724 0.160212 0.000883272
0 0.0146229 0.618588 0.0291662 0.220174 0.000881575
0 0.337848 0.52236 0.306754 0.279796 0.000881144
0 0.0122836 0.130892 0.0245672 0.229869 0.000878063
0 0.477217 0.91876 0.349351 0.162479 0.000876815
0 0.807129 0.0586303 0.385743 0.117261 0.000870752
0 0.081347 0.712808 0.161669 0.304776 0.000866151
0 0.980528 0.94439 0.03756 0.11122 0.000866139
0 0.550035 0.914488 0.315811 0.171023 0.000862305
0 0.083475 0.301322 0.165305 0.270118 0.000862303
0 0.892035 0.0800008 0.215786 0.160002 0.000861737
2 0.930857 0.106313 0.138286 0.212625 0.000861209
0 0.225331 0.129264 0.413233 0.206629 0.000861196
0 0.942325 0.137631 0.115349 0.275261 0.000859162
0 0.940729 0.719072 0.118278 0.270896 0.00085572
0 0.165967 0.0744118 0.329268 0.148205 0.000855048
0 0.206171 0.14237 0.343905 0.159159 0.000854278
0 0.0856164 0.793341 0.170479 0.313564 0.000851952
0 0.716307 0.057647 0.308079 0.113093 0.000850682
0 0.631954 0.919279 0.290267 0.161443 0.000848468
0 0.261448 0.910821 0.350751 0.178357 0.000848428
0 0.779705 0.153047 0.236709 0.150555 0.000847875
0 0.308433 0.0863688 0.373072 0.162805 0.000846183
0 0.807096 0.079224 0.351208 0.158448 0.000845822
0 0.4868 0.0899328 0.386225 0.179866 0.000842173
0 0.0807756 0.533061 0.158135 0.342625 0.000839268
0 0.404556 0.0944005 0.366516 0.188801 0.000836628
0 0.232324 0.183775 0.360179 0.220732 0.00083544
0 0.327065 0.383602 0.149521 0.263476 0.000834725
0 0.970739 0.605452 0.0568792 0.443984 0.000832645
0 0.509338 0.64882 0.233461 0.161741 0.000831804
0 0.355287 0.462861 0.280583 0.375934 0.000831803
0 0.114466 0.0825445 0.228932 0.165089 0.000830428
0 0.278031 0.226011 0.387412 0.194981 0.000828013
