1 0.546907 0.545132 0.644842 0.826105 0.941888
0 0.935197 0.807445 0.129606 0.19773 0.498288
0 0.847054 0.969805 0.0456448 0.0534129 0.278878
2 0.935444 0.807841 0.129112 0.200376 0.190166
0 0.0317928 0.0719318 0.0632161 0.143864 0.0992068
2 0.056013 0.0981127 0.111983 0.193107 0.0844315
2 0.0320551 0.106493 0.0638409 0.209388 0.0730126
1 0.62518 0.52984 0.452868 0.806109 0.0642252
0 0.0320574 0.147745 0.0635188 0.288959 0.0555031
1 0.444432 0.549617 0.441669 0.82488 0.0460968
0 0.0128547 0.0705795 0.0257095 0.129633 0.0456519
0 0.0328781 0.206127 0.0655576 0.412254 0.035502
0 0.0101302 0.0839017 0.0202455 0.166605 0.0337316
0 0.935432 0.75208 0.128046 0.472231 0.0222369
2 0.0797342 0.0892176 0.159308 0.176357 0.0219854
0 0.0344505 0.381456 0.0687425 0.762912 0.0204682
1 0.618736 0.657169 0.465886 0.673927 0.016484
1 0.683049 0.492346 0.342354 0.752953 0.0164611
0 0.931617 0.847569 0.135923 0.304861 0.0139389
1 0.0497523 0.5 0.0984918 1 0.012995
0 0.921571 0.649934 0.156815 0.576476 0.0127921
1 0.10061 0.0728773 0.200084 0.142956 0.0118859
1 0.710458 0.635994 0.298629 0.607172 0.0116603
1 0.074677 0.0899824 0.149354 0.175885 0.0114688
0 0.0568696 0.188074 0.113739 0.376148 0.0112903
0 0.823638 0.626293 0.352724 0.628116 0.0111098
0 0.0990173 0.183831 0.198035 0.367661 0.0102561
0 0.110945 0.263348 0.22189 0.526696 0.0100975
0 0.0295669 0.288665 0.0591337 0.57733 0.00915193
1 0.0720455 0.494802 0.143403 0.989604 0.00900784
1 0.535022 0.669088 0.592799 0.573592 0.00897817
0 0.00965898 0.129468 0.0193074 0.258937 0.00884514
1 0.75241 0.622773 0.495181 0.69776 0.00862793
1 0.106011 0.5 0.212023 1 0.00841917
0 0.113435 0.388879 0.22687 0.77093 0.00739579
1 0.669692 0.470586 0.634561 0.890621 0.00733417
0 0.0760293 0.131323 0.152059 0.257816 0.00673469
0 0.783865 0.54693 0.432271 0.789074 0.006343
0 0.0195976 0.7172 0.0391952 0.565599 0.00599959
0 0.0229572 0.313921 0.0459143 0.627842 0.00583927
1 0.302064 0.584881 0.588088 0.785459 0.0055422
0 0.00982485 0.183093 0.0196497 0.366186 0.00528877
0 0.0760299 0.515342 0.151713 0.932912 0.00506658
1 0.171765 0.5 0.343529 1 0.00501875
1 0.498183 0.443403 0.546295 0.627836 0.00496713
2 0.115405 0.0638162 0.230127 0.125579 0.00482993
0 0.912193 0.813782 0.174767 0.363166 0.00453434
0 0.15761 0.185287 0.31522 0.370575 0.00438034
2 0.0305521 0.0682502 0.0611043 0.1365 0.0043714
1 0.616841 0.709904 0.692698 0.557156 0.00433129
0 0.0931742 0.637073 0.186005 0.694671 0.00427779
0 0.186186 0.285147 0.372371 0.570295 0.00412274
0 0.0403908 0.269589 0.0803304 0.539178 0.00402463
1 0.376336 0.577294 0.319847 0.770179 0.00400228
1 0.782855 0.693673 0.433689 0.612655 0.00399943
0 0.202551 0.47033 0.405101 0.94066 0.00399064
1 0.41602 0.774363 0.266915 0.350327 0.00396917
0 0.0134066 0.752222 0.0267279 0.359473 0.00377427
2 0.0804694 0.104772 0.160939 0.209544 0.00376362
1 0.424556 0.654756 0.384454 0.593103 0.00376064
0 0.885618 0.806265 0.228765 0.210066 0.00373902
0 0.799002 0.700881 0.400781 0.589725 0.00366811
0 0.859349 0.854068 0.281301 0.291864 0.00360705
0 0.0313491 0.0498879 0.0626981 0.0996842 0.00360273
0 0.697577 0.60278 0.312647 0.393684 0.00349894
0 0.802634 0.937844 0.391955 0.124313 0.0031599
1 0.591936 0.745216 0.630991 0.411602 0.00314859
0 0.0216088 0.635837 0.0432176 0.728326 0.00313914
1 0.519654 0.212393 0.768667 0.424786 0.00309554
0 0.816659 0.819852 0.363639 0.351967 0.00309132
0 0.0664451 0.169585 0.13289 0.336916 0.00305914
1 0.509763 0.300609 0.789647 0.577796 0.00305631
0 0.85109 0.970432 0.070557 0.059136 0.00300319
1 0.573231 0.446306 0.803366 0.790106 0.00299393
1 0.528887 0.363719 0.629045 0.54222 0.00297171
0 0.0098039 0.827276 0.0196078 0.345448 0.00285053
0 0.933127 0.771224 0.133747 0.282554 0.0028108
0 0.831204 0.481095 0.337592 0.933181 0.00280577
0 0.0214972 0.39488 0.0429944 0.78976 0.00274819
1 0.517141 0.148174 0.676291 0.296348 0.00273001
0 0.0953704 0.762026 0.189983 0.440185 0.00269623
0 0.165872 0.591385 0.331745 0.799909 0.00263153
0 0.727085 0.487015 0.54583 0.938576 0.00254555
1 0.477586 0.73968 0.4032 0.4166 0.00249716
0 0.020814 0.786513 0.0416279 0.420434 0.0024827
0 0.0602906 0.754783 0.120417 0.476557 0.00244684
0 0.879435 0.200964 0.241131 0.401927 0.00243504
0 0.171893 0.113331 0.336384 0.226663 0.00241327
0 0.498182 0.363002 0.609876 0.52561 0.00241263
1 0.911049 0.848552 0.177902 0.272001 0.0023912
0 0.0904605 0.889811 0.180921 0.220379 0.00236802
0 0.922619 0.212793 0.154468 0.425587 0.00236017
1 0.619569 0.843869 0.685361 0.312261 0.0023581
0 0.271313 0.515203 0.533452 0.908717 0.00234352
0 0.337588 0.321819 0.67122 0.58996 0.00233284
0 0.930711 0.774132 0.125368 0.130528 0.00230943
0 0.0300539 0.100786 0.0598842 0.201572 0.00228564
0 0.933419 0.262936 0.133042 0.525872 0.00227345
1 0.743887 0.830575 0.485529 0.33885 0.00226587
0 0.737307 0.945224 0.495794 0.109552 0.00226289
0 0.924716 0.340942 0.150569 0.646235 0.00224632
2 0.0354189 0.11513 0.0708377 0.23026 0.002216
0 0.877584 0.430078 0.244831 0.836177 0.0022147
1 0.0897838 0.153986 0.178442 0.30603 0.00221332
1 0.425874 0.750712 0.663205 0.422157 0.0021774
0 0.269909 0.111049 0.527772 0.222098 0.00217725
0 0.425502 0.399083 0.419745 0.478455 0.00217107
1 0.93109 0.844925 0.136816 0.310149 0.00214906
0 0.63586 0.366606 0.719798 0.638064 0.00214431
0 0.810422 0.180256 0.374242 0.360511 0.00211506
0 0.349848 0.468291 0.247878 0.572441 0.00210962
1 0.618169 0.18016 0.674993 0.36032 0.00210798
1 0.532873 0.108365 0.774994 0.216731 0.00210785
0 0.343106 0.441892 0.657824 0.645165 0.00209045
0 0.16066 0.935221 0.32132 0.129558 0.0020883
0 0.319691 0.183952 0.630089 0.363043 0.00208189
0 0.650876 0.936344 0.58773 0.127312 0.00207633
0 0.118249 0.92771 0.236499 0.14458 0.00207408
0 0.506857 0.269051 0.722517 0.473653 0.0020559
0 0.492927 0.924687 0.627193 0.150626 0.00203672
0 0.0112439 0.238073 0.0224878 0.427984 0.00201221
0 0.0511974 0.718162 0.102102 0.563677 0.00200602
0 0.284088 0.547565 0.392712 0.792873 0.00200381
0 0.282493 0.936072 0.552704 0.127857 0.00198274
0 0.16439 0.783367 0.326002 0.404354 0.00197753
0 0.693874 0.65362 0.337624 0.290517 0.0019737
0 0.354345 0.920907 0.672145 0.158185 0.00196977
0 0.634967 0.913803 0.677377 0.172395 0.00193953
0 0.685705 0.162666 0.596536 0.325332 0.00193641
0 0.501127 0.16084 0.750757 0.321424 0.0019235
0 0.45305 0.10883 0.711859 0.217661 0.00192235
0 0.389972 0.251171 0.763154 0.483934 0.00184579
0 0.454516 0.832954 0.716101 0.28256 0.00182755
0 0.309306 0.74919 0.596446 0.472855 0.00182476
0 0.819359 0.345451 0.360115 0.593858 0.00181387
0 0.650585 0.196654 0.678738 0.393307 0.00181048
0 0.902432 0.968522 0.191623 0.0629565 0.00180331
0 0.843418 0.260706 0.312377 0.490039 0.00178774
0 0.94608 0.676401 0.107032 0.622366 0.001764
1 0.115676 0.112305 0.231352 0.22018 0.00176368
1 0.551232 0.84486 0.597141 0.223545 0.00174541
0 0.749666 0.201261 0.497084 0.402523 0.0017405
0 0.329387 0.825081 0.626353 0.323269 0.00173712
0 0.706425 0.279249 0.585422 0.52257 0.0017335
1 0.419944 0.823985 0.263156 0.239826 0.00172392
1 0.0308339 0.0890412 0.0616679 0.178082 0.00168598
1 0.13281 0.0557829 0.26562 0.111171 0.00167961
1 0.8969 0.973954 0.19197 0.0520925 0.00162407
0 0.419729 0.757747 0.268506 0.372887 0.00162266
0 0.931883 0.65835 0.135517 0.457941 0.0016013
1 0.542049 0.269838 0.32092 0.269647 0.0015948
0 0.0265958 0.173343 0.0529515 0.346686 0.00157597
2 0.327822 0.353082 0.198592 0.290892 0.0015584
0 0.0150495 0.207008 0.0299219 0.414016 0.00143121
2 0.874529 0.940518 0.137436 0.112822 0.00142208
0 0.0444354 0.634606 0.0888707 0.705636 0.0014185
0 0.0510592 0.811808 0.102118 0.357738 0.001383
0 0.332237 0.370108 0.209812 0.327789 0.00136629
2 0.139056 0.0536082 0.278112 0.105682 0.00130141
0 0.0449869 0.431585 0.0899737 0.752444 0.00129212
0 0.0132515 0.683028 0.026503 0.428475 0.00128776
0 0.637173 0.596791 0.416379 0.389303 0.00128526
0 0.595301 0.280931 0.342641 0.288942 0.00126958
2 0.582825 0.253387 0.213211 0.231727 0.00122731
0 0.974255 0.652186 0.0497761 0.695628 0.00119391
1 0.563482 0.316236 0.45309 0.363061 0.00118469
1 0.911916 0.891089 0.176169 0.196066 0.00118434
1 0.0650516 0.230747 0.12991 0.461494 0.00118203
0 0.0109131 0.318992 0.0218261 0.386965 0.00117534
1 0.856499 0.791108 0.287002 0.229042 0.00115335
1 0.851332 0.68863 0.265993 0.216137 0.00114348
0 0.864164 0.729778 0.271673 0.299933 0.00111631
0 0.952589 0.81326 0.0948218 0.219276 0.00110264
0 0.0430648 0.843213 0.0861295 0.29151 0.001092
1 0.811633 0.968159 0.156776 0.0636818 0.00108619
0 0.553356 0.412803 0.503748 0.272382 0.0010801
1 0.898021 0.987319 0.203958 0.0253625 0.00107351
2 0.980555 0.466239 0.0370374 0.683146 0.00107106
0 0.982018 0.545702 0.0339348 0.712668 0.00107078
0 0.552164 0.470588 0.528337 0.239494 0.00105846
2 0.981685 0.577502 0.0344499 0.738488 0.00105189
0 0.980135 0.434011 0.0379737 0.696814 0.00104777
0 0.586111 0.32615 0.422769 0.376283 0.00104628
0 0.812335 0.980796 0.14935 0.0384082 0.00104551
1 0.895919 0.960967 0.208162 0.078066 0.00104491
1 0.0671515 0.811632 0.134303 0.36207 0.00104437
0 0.53442 0.615783 0.449022 0.412107 0.00103909
0 0.0136888 0.589555 0.027324 0.306785 0.00101597
2 0.954698 0.807893 0.0903604 0.201657 0.00101308
1 0.574989 0.416939 0.486522 0.271382 0.00100102
0 0.56678 0.66671 0.422464 0.34598 0.000996559
0 0.0585465 0.890702 0.117093 0.214542 0.000984029
2 0.948673 0.83877 0.102653 0.32246 0.000981989
0 0.575433 0.547544 0.532111 0.274898 0.000979596
2 0.114581 0.157401 0.229161 0.314801 0.000976718
0 0.8188 0.62134 0.133169 0.352041 0.000970749
0 0.541635 0.776973 0.275004 0.289554 0.000970424
0 0.856237 0.641775 0.234087 0.312074 0.000968577
0 0.533208 0.510118 0.505275 0.250327 0.000962692
1 0.11338 0.0830055 0.226761 0.166011 0.000959869
1 0.375974 0.510268 0.365824 0.402632 0.000954454
1 0.425889 0.69417 0.321017 0.352062 0.000939222
0 0.471428 0.489013 0.509001 0.323689 0.000931041
0 0.474546 0.225524 0.446334 0.181956 0.000929027
0 0.945952 0.789501 0.108095 0.158079 0.000916029
0 0.0640394 0.681668 0.128079 0.492768 0.000911429
0 0.87726 0.685905 0.24548 0.322437 0.000902711
0 0.0649064 0.841848 0.129813 0.292827 0.000900273
0 0.820413 0.659387 0.180473 0.266855 0.000895007
0 0.841215 0.699155 0.31757 0.199658 0.00089493
0 0.313141 0.323203 0.168456 0.233869 0.000885068
2 0.961296 0.922704 0.0774076 0.154592 0.000881115
2 0.979732 0.353486 0.0389176 0.706973 0.000872036
0 0.270852 0.298534 0.258646 0.189671 0.00086435
1 0.501514 0.680333 0.433516 0.350235 0.000864027
0 0.710169 0.87256 0.19898 0.244786 0.000862804
0 0.463408 0.427874 0.552649 0.334441 0.000861212
1 0.11737 0.879069 0.234741 0.223555 0.000859706
2 0.911352 0.996517 0.177297 0.00696558 0.000858241
1 0.0300422 0.0678935 0.0599612 0.135787 0.000854938
0 0.0794568 0.81023 0.157337 0.374429 0.000849619
0 0.0639127 0.347329 0.123927 0.543951 0.000847503
1 0.925993 0.995121 0.148015 0.00975775 0.000847332
0 0.49888 0.793325 0.223105 0.251704 0.00084622
2 0.823665 0.939828 0.177409 0.113008 0.000842657
0 0.767558 0.8748 0.24697 0.241235 0.000842407
0 0.0664006 0.562795 0.13146 0.523129 0.000839816
0 0.843132 0.975328 0.126517 0.0493438 0.000838928
2 0.356285 0.996538 0.250561 0.00692468 0.000838411
0 0.713927 0.814587 0.23255 0.370827 0.000835092
0 0.903499 0.930494 0.193003 0.126126 0.000834371
2 0.976327 0.312426 0.0459141 0.624851 0.00083396
0 0.389828 0.345506 0.362498 0.302212 0.000833322
0 0.418848 0.244531 0.372851 0.204788 0.000832499
2 0.11729 0.83565 0.230651 0.320676 0.000826563
1 0.703637 0.649256 0.29582 0.298702 0.000825395
0 0.974239 0.423042 0.051276 0.447574 0.000819844
0 0.553998 0.735982 0.331359 0.325547 0.000818269
0 0.954248 0.76312 0.0665802 0.102516 0.000817106
0 0.968741 0.843451 0.0621609 0.27871 0.000816155
0 0.0712335 0.989518 0.142467 0.0209646 0.000814331
1 0.0451956 0.865212 0.0903911 0.269575 0.000810222
0 0.50965 0.0835717 0.489945 0.167143 0.000807743
0 0.370978 0.721157 0.162884 0.361314 0.000806883
0 0.34854 0.63517 0.220038 0.544821 0.000805969
0 0.313268 0.567085 0.168119 0.487022 0.000805164
2 0.0109802 0.856192 0.0219604 0.287616 0.000804716
0 0.580423 0.230412 0.200179 0.183401 0.000804559
0 0.21648 0.215996 0.432959 0.245137 0.000804539
0 0.670173 0.890481 0.148984 0.205283 0.000802871
0 0.131237 0.150949 0.262474 0.301898 0.00080281
0 0.762518 0.80335 0.235928 0.3933 0.000802193
0 0.97124 0.557726 0.057221 0.58673 0.000800817
0 0.368774 0.261696 0.404167 0.199067 0.000800782
0 0.463228 0.312334 0.516034 0.33922 0.000799292
0 0.213619 0.16601 0.427239 0.308033 0.000796502
2 0.396147 0.997265 0.223074 0.0054704 0.000796256
0 0.010827 0.428132 0.0216541 0.416247 0.000794885
1 0.149199 0.0915618 0.298399 0.182518 0.000793375
0 0.377797 0.222555 0.454736 0.204656 0.00079172
0 0.0584331 0.0498039 0.116866 0.0996077 0.000791654
0 0.291633 0.449812 0.107643 0.34151 0.000789449
1 0.128933 0.063731 0.257865 0.127462 0.000788026
0 0.434391 0.167162 0.493703 0.214802 0.00078706
1 0.448154 0.837017 0.220045 0.206848 0.000786595
2 0.79116 0.987152 0.216493 0.025696 0.000785825
2 0.11175 0.874876 0.220615 0.231212 0.00078521
2 0.285484 0.350452 0.115619 0.290485 0.000784354
1 0.401157 0.637839 0.345017 0.396681 0.00077816
0 0.360485 0.673595 0.191155 0.427076 0.000776911
2 0.77023 0.996729 0.241893 0.00654144 0.000774268
0 0.505574 0.102343 0.571769 0.202494 0.000773743
0 0.819167 0.564509 0.143226 0.476989 0.000772907
0 0.388581 0.380132 0.432749 0.374229 0.000771229
2 0.293977 0.997579 0.235598 0.0048421 0.000767576
0 0.264648 0.230067 0.332246 0.213784 0.000766713
0 0.698321 0.893594 0.148484 0.192047 0.000766707
0 0.332266 0.300587 0.245318 0.188436 0.000763277
0 0.596138 0.861205 0.189017 0.27296 0.000762631
0 0.377161 0.632137 0.31095 0.510013 0.000762406
2 0.173096 0.0675956 0.346193 0.135191 0.000761691
0 0.613714 0.0893514 0.375305 0.178703 0.000760527
0 0.480099 0.271393 0.445303 0.271568 0.000759528
1 0.391264 0.576869 0.387762 0.375018 0.000759442
2 0.364397 0.5965 0.271805 0.492259 0.00075708
2 0.435022 0.99597 0.240695 0.00806085 0.000756411
2 0.968854 0.270266 0.0617179 0.540533 0.000755375
0 0.590437 0.274216 0.239077 0.274137 0.000754647
0 0.434315 0.126541 0.517281 0.229038 0.0007546
0 0.983442 0.849824 0.0325684 0.294109 0.00075435
0 0.099352 0.996831 0.194573 0.00633771 0.000754348
1 0.378069 0.453347 0.335056 0.406461 0.000753909
0 0.337628 0.290458 0.370943 0.185803 0.000752765
2 0.172542 0.106998 0.345083 0.212701 0.000751788
0 0.347764 0.160185 0.388469 0.245325 0.000751607
0 0.720748 0.18493 0.298048 0.316214 0.00074847
0 0.0738902 0.290733 0.133188 0.437102 0.000747161
0 0.638998 0.300185 0.297914 0.32357 0.000745538
0 0.0937395 0.311451 0.182944 0.392612 0.000744454
0 0.742554 0.295641 0.236347 0.424535 0.000744224
