2 0.541248 0.395456 0.188741 0.226832 0.751476
2 0.645795 0.471525 0.436728 0.437066 0.675653
2 0.0377643 0.209616 0.0755286 0.116925 0.338152
2 0.710729 0.471147 0.304283 0.432095 0.293525
2 0.051916 0.945844 0.103612 0.108312 0.222133
2 0.642554 0.594668 0.465895 0.671334 0.197248
2 0.590201 0.0304255 0.051749 0.0589169 0.159787
0 0.363355 0.955911 0.0367611 0.0473525 0.150192
2 0.916292 0.0353913 0.167417 0.0707826 0.149586
1 0.0384588 0.210129 0.0767122 0.121398 0.140695
2 0.367495 0.0520553 0.120488 0.104111 0.133081
2 0.386162 0.0522773 0.0698795 0.103607 0.125538
1 0.133324 0.0628574 0.266649 0.124458 0.110645
1 0.274184 0.0618518 0.548274 0.123704 0.10684
2 0.727308 0.0804714 0.183544 0.160943 0.103691
1 0.190452 0.0639943 0.380904 0.127112 0.0892483
0 0.59099 0.030097 0.0511891 0.0593929 0.0849605
2 0.0535644 0.921455 0.107129 0.157091 0.0786656
2 0.914496 0.0987819 0.170441 0.197564 0.0684879
0 0.488542 0.63815 0.121483 0.158456 0.0668422
2 0.416103 0.781936 0.154361 0.194688 0.0664206
1 0.358545 0.0518805 0.132728 0.102622 0.0647121
1 0.0378839 0.181988 0.0755553 0.188901 0.0632003
0 0.505349 0.707753 0.161223 0.299477 0.0552987
2 0.974061 0.440912 0.0515793 0.196103 0.0505001
1 0.250247 0.0488309 0.310729 0.0962725 0.0475269
2 0.0375513 0.149768 0.0741963 0.277129 0.0453572
0 0.461445 0.716628 0.253237 0.330285 0.0443934
0 0.482125 0.588919 0.299271 0.632443 0.0434954
0 0.940138 0.606873 0.0623256 0.0743856 0.0421568
1 0.382986 0.0592043 0.723149 0.118409 0.0417628
2 0.690781 0.0701268 0.098525 0.140254 0.041471
1 0.603364 0.618437 0.62556 0.707582 0.0395864
2 0.131511 0.063909 0.263023 0.127818 0.0375574
0 0.415236 0.783892 0.150682 0.185036 0.0368718
2 0.97547 0.468528 0.0488105 0.138694 0.0366239
0 0.0528696 0.945991 0.105102 0.107152 0.0356086
1 0.171705 0.0476244 0.330291 0.0952487 0.0355194
2 0.67102 0.0716918 0.0653322 0.134642 0.030277
2 0.896795 0.0371487 0.20641 0.0736075 0.0299894
1 0.300205 0.0512215 0.266938 0.102443 0.0297977
2 0.869473 0.613238 0.0608868 0.0815023 0.0275139
0 0.0913497 0.943871 0.180718 0.111461 0.0259604
0 0.783162 0.79052 0.0170896 0.0270371 0.0256594
2 0.835049 0.517515 0.0485699 0.0502125 0.0253699
2 0.975764 0.494956 0.0476436 0.0828695 0.025194
2 0.733245 0.0860894 0.533509 0.172179 0.0239123
2 0.76909 0.0786374 0.284631 0.15664 0.0219252
1 0.708748 0.0815013 0.575352 0.163003 0.0216852
2 0.754082 0.485624 0.320662 0.483955 0.0215072
2 0.34127 0.0519245 0.176276 0.103253 0.020767
2 0.907895 0.611009 0.138897 0.0950172 0.0203693
2 0.0539233 0.842414 0.107742 0.315172 0.0200295
1 0.76669 0.0989357 0.460863 0.197871 0.0199816
1 0.263279 0.0480522 0.18819 0.094599 0.0198371
1 0.302712 0.200293 0.605424 0.397702 0.0184331
0 0.976532 0.492663 0.0466125 0.0866778 0.0182467
2 0.809793 0.130621 0.380414 0.261241 0.0181274
1 0.534419 0.0642903 0.773374 0.128581 0.0181252
1 0.043683 0.280002 0.0867581 0.334941 0.0178502
1 0.219183 0.150775 0.437814 0.300309 0.0178339
2 0.914526 0.139367 0.170386 0.278735 0.0174784
0 0.834944 0.516431 0.0469609 0.0506108 0.016952
2 0.74376 0.420073 0.231371 0.330087 0.0169394
1 0.256997 0.252891 0.512025 0.504256 0.0168652
2 0.939705 0.605496 0.060524 0.0691656 0.0167695
0 0.612259 0.594154 0.589603 0.649583 0.0166527
2 0.609063 0.0321318 0.0979929 0.0642636 0.016591
2 0.482776 0.638646 0.113019 0.16596 0.0160624
1 0.62545 0.0967102 0.731635 0.192298 0.0160231
2 0.0158931 0.207497 0.0317862 0.104141 0.0157569
1 0.907568 0.61295 0.139358 0.0968405 0.0151353
2 0.982698 0.436725 0.0344749 0.177834 0.0150869
1 0.047493 0.21949 0.0939008 0.160456 0.0142969
1 0.0396835 0.28129 0.0791685 0.48502 0.0140502
2 0.589536 0.0310243 0.0780119 0.0613842 0.013838
1 0.0914946 0.247646 0.18281 0.49363 0.0136028
1 0.544167 0.395055 0.192079 0.23018 0.0134043
1 0.811677 0.137531 0.37649 0.273388 0.013258
1 0.123434 0.164324 0.246867 0.32855 0.0130906
0 0.00661928 0.0994292 0.0132386 0.0436904 0.0127324
2 0.084235 0.0527161 0.16847 0.104981 0.0126829
1 0.412229 0.0511791 0.254067 0.101986 0.0124325
0 0.0853558 0.274101 0.0178494 0.0243984 0.0122119
2 0.836582 0.0384011 0.326835 0.076741 0.0118681
1 0.858717 0.0335825 0.282566 0.0669841 0.0115424
2 0.715179 0.503963 0.202573 0.363462 0.011457
1 0.352987 0.575655 0.691998 0.807918 0.0114252
1 0.595215 0.0298012 0.0651808 0.0578118 0.011294
2 0.672484 0.329428 0.0641569 0.134565 0.011271
0 0.905949 0.616739 0.135547 0.0982504 0.0112322
1 0.651446 0.0304085 0.181802 0.0604275 0.0112216
2 0.0219415 0.206495 0.043883 0.11758 0.0112153
1 0.555904 0.256622 0.869981 0.511185 0.0111968
1 0.0382579 0.151176 0.0761923 0.302353 0.0110773
1 0.875806 0.611259 0.0725724 0.0933038 0.0110707
2 0.77189 0.0616959 0.0803144 0.123392 0.0110386
1 0.0643476 0.351279 0.128403 0.695458 0.0110113
1 0.0882778 0.0619632 0.176556 0.122635 0.0108252
2 0.254493 0.0252473 0.125114 0.0484894 0.010789
2 0.633322 0.0311525 0.15489 0.0623051 0.0106685
1 0.182293 0.204765 0.364586 0.40953 0.0106409
2 0.662388 0.326991 0.0504455 0.127288 0.0104519
2 0.078309 0.0612505 0.110683 0.122501 0.0103284
0 0.540736 0.656699 0.229355 0.239757 0.0102842
0 0.86955 0.614669 0.0621517 0.0833608 0.0101233
0 0.802182 0.85822 0.0606132 0.069403 0.0100036
2 0.786116 0.075611 0.427768 0.151222 0.00981465
1 0.0572408 0.216115 0.114019 0.121233 0.00967649
1 0.915697 0.134225 0.167734 0.267124 0.00965632
2 0.724163 0.517864 0.550823 0.957249 0.00899064
0 0.661294 0.324035 0.048799 0.119438 0.0088066
2 0.885178 0.599901 0.0924066 0.113815 0.00861669
2 0.253234 0.0413799 0.266326 0.0816664 0.00848674
1 0.38867 0.0518106 0.0670504 0.103621 0.00847806
2 0.5102 0.440114 0.120981 0.141417 0.00843079
2 0.663657 0.428146 0.435898 0.319896 0.00840783
1 0.430117 0.227888 0.857352 0.452274 0.00840426
2 0.28265 0.0243183 0.0510888 0.0470024 0.00817478
1 0.733306 0.499651 0.533387 0.999302 0.00817002
2 0.967832 0.806532 0.0640415 0.17905 0.00806248
2 0.968001 0.411666 0.0634769 0.266527 0.00802651
2 0.0518468 0.829682 0.103694 0.0973999 0.00786487
2 0.832181 0.250081 0.335639 0.498344 0.00783894
0 0.463879 0.764415 0.262892 0.227295 0.00783355
1 0.0551815 0.45352 0.109968 0.90704 0.0077218
1 0.800482 0.253592 0.398283 0.504469 0.00771248
2 0.572184 0.395444 0.257067 0.253943 0.00771226
1 0.189985 0.356921 0.379192 0.713788 0.0076394
0 0.664607 0.428847 0.495158 0.466036 0.00760655
1 0.775602 0.0390764 0.448797 0.0781528 0.00754487
2 0.867416 0.473608 0.0300351 0.0458547 0.0074887
0 0.380188 0.964813 0.0778356 0.0693972 0.00737084
1 0.149691 0.290834 0.299382 0.581669 0.00735359
2 0.91385 0.0618817 0.1723 0.123433 0.00726945
1 0.385718 0.311077 0.763611 0.620188 0.00707747
1 0.0530446 0.941126 0.105122 0.117749 0.00707118
2 0.891326 0.0350675 0.0978012 0.0691741 0.00706851
2 0.425233 0.0510177 0.307869 0.101551 0.00698224
2 0.364359 0.961626 0.036337 0.0533766 0.00697482
2 0.766152 0.388515 0.183006 0.264889 0.00686435
1 0.709029 0.278206 0.581943 0.553741 0.00686413
2 0.988562 0.802746 0.0227227 0.114913 0.00671298
2 0.0665591 0.0423813 0.133118 0.0847626 0.00668635
0 0.0720139 0.62898 0.0473776 0.078024 0.00666193
0 0.781427 0.789193 0.0185809 0.0323586 0.00663118
2 0.971347 0.142433 0.0568982 0.284865 0.0066231
1 0.0875746 0.868652 0.175149 0.261405 0.00655491
1 0.80143 0.420297 0.397139 0.840593 0.00654513
2 0.503923 0.471347 0.0478513 0.064129 0.00648781
2 0.122675 0.0443732 0.245351 0.0880428 0.00644134
2 0.215955 0.0629107 0.0643764 0.062557 0.00639935
1 0.779657 0.0673288 0.440686 0.134658 0.00635996
2 0.67892 0.0352958 0.285335 0.0700181 0.0063293
2 0.7109 0.351099 0.566289 0.626041 0.0063113
2 0.061363 0.938096 0.0808827 0.0923508 0.00630391
2 0.687278 0.0741572 0.326403 0.147804 0.00628983
2 0.757592 0.0696987 0.177274 0.139032 0.00625517
1 0.0807258 0.821669 0.161452 0.354504 0.00616045
1 0.0893127 0.125959 0.178625 0.251918 0.0061231
2 0.0608613 0.156184 0.121723 0.288608 0.00591462
2 0.964092 0.178056 0.0717098 0.356112 0.00569633
1 0.625426 0.327519 0.703921 0.655039 0.00567
2 0.670139 0.0612269 0.0616988 0.091586 0.00553802
1 0.542759 0.448044 0.193083 0.339043 0.00551163
1 0.0976065 0.215636 0.195213 0.127199 0.00543424
2 0.0561847 0.224048 0.0524348 0.110755 0.00542169
2 0.982308 0.794895 0.0352146 0.128744 0.0054197
2 0.933973 0.443628 0.131653 0.198788 0.00538725
1 0.0708662 0.5 0.140984 1 0.00538105
1 0.430279 0.0500675 0.36625 0.099674 0.00534874
0 0.147623 0.89496 0.295246 0.209535 0.00532609
1 0.686516 0.0444886 0.321399 0.0889772 0.00532133
2 0.292583 0.0246998 0.0863813 0.0489052 0.00521515
1 0.0524072 0.254233 0.025981 0.0397379 0.00514903
2 0.680021 0.0757707 0.0526911 0.116154 0.00514409
1 0.125556 0.93264 0.251111 0.133973 0.00509126
2 0.562343 0.368424 0.140989 0.1748 0.00507941
2 0.206829 0.044913 0.264082 0.088382 0.00503378
2 0.0542954 0.794772 0.108591 0.410457 0.00495532
1 0.579616 0.030323 0.110685 0.0597331 0.0048837
1 0.0690839 0.144337 0.138126 0.288674 0.00488328
0 0.588904 0.740194 0.529887 0.48967 0.00486006
1 0.220646 0.0551319 0.0565523 0.0736675 0.00484233
1 0.138867 0.474269 0.277734 0.948538 0.0048388
2 0.941286 0.13409 0.117001 0.268181 0.00482886
0 0.483369 0.616011 0.660351 0.683721 0.00478196
2 0.562661 0.0316527 0.145857 0.062171 0.00478176
0 0.1014 0.83007 0.2028 0.339861 0.00475179
2 0.442018 0.795426 0.0915852 0.161401 0.00466098
0 0.00666465 0.112693 0.0133293 0.0682718 0.00451408
2 0.0138488 0.217536 0.0276976 0.0780898 0.0044861
2 0.772341 0.61331 0.449234 0.768987 0.00442925
0 0.504961 0.471523 0.0498362 0.0674573 0.00440632
0 0.679296 0.371827 0.483844 0.29066 0.00438483
2 0.0539138 0.888182 0.107828 0.223637 0.00436835
2 0.469647 0.762291 0.245209 0.240732 0.0043309
2 0.676403 0.407878 0.614152 0.815755 0.00431222
2 0.119448 0.930454 0.238896 0.138683 0.00425571
0 0.427302 0.967745 0.180426 0.0624471 0.00420867
2 0.771124 0.0407855 0.0776294 0.081571 0.00414922
0 0.142665 0.846169 0.282596 0.307662 0.00412562
0 0.385751 0.0516109 0.071893 0.103222 0.00405338
2 0.299163 0.0413274 0.107153 0.0826231 0.00404028
2 0.494255 0.437661 0.0860497 0.125342 0.00401014
0 0.480893 0.02256 0.108075 0.0451201 0.00396818
2 0.0681031 0.257081 0.0590625 0.0558972 0.0039666
2 0.926487 0.816841 0.147026 0.298593 0.00395026
2 0.526772 0.470205 0.098152 0.0900094 0.00393423
2 0.430346 0.348133 0.856214 0.696265 0.00392851
1 0.223533 0.450698 0.447049 0.901396 0.00385769
2 0.684423 0.078818 0.0599773 0.148889 0.00378552
0 0.539263 0.559587 0.225578 0.343901 0.00377596
2 0.545089 0.343836 0.0792704 0.123811 0.00377559
2 0.228129 0.0635477 0.0392044 0.0578981 0.00376245
2 0.281121 0.0282748 0.197174 0.0565496 0.00375879
1 0.335286 0.39688 0.670573 0.79376 0.00374934
0 0.823557 0.852842 0.102597 0.109404 0.00374637
2 0.124694 0.029559 0.171282 0.0591179 0.00372822
1 0.67456 0.360329 0.0556671 0.0697311 0.00369337
2 0.598975 0.494602 0.307828 0.442066 0.00368611
2 0.0992666 0.0554977 0.125642 0.110995 0.00365782
2 0.458603 0.772404 0.0574083 0.111848 0.00364895
2 0.826069 0.849515 0.1069 0.110291 0.00364426
2 0.0446995 0.20952 0.0595506 0.104489 0.00359428
0 0.573808 0.931874 0.0219803 0.0360967 0.00357892
2 0.314048 0.488433 0.080373 0.139308 0.00357874
0 0.599205 0.406645 0.305899 0.274539 0.00353545
2 0.9387 0.616579 0.0718445 0.0990723 0.0035186
2 0.893671 0.778985 0.21038 0.44203 0.00350898
2 0.0333867 0.19207 0.066194 0.286029 0.00348792
1 0.228951 0.0635981 0.0372435 0.0572169 0.00345529
2 0.623395 0.615022 0.688572 0.769955 0.00344659
2 0.411432 0.96519 0.133407 0.05889 0.00344391
2 0.931868 0.169059 0.136264 0.338118 0.00343049
1 0.124577 0.810597 0.249155 0.373965 0.0033449
2 0.674982 0.0786413 0.17557 0.155232 0.00334327
2 0.66477 0.0545802 0.0498245 0.0738431 0.00331756
2 0.212592 0.047891 0.0746536 0.0930205 0.00330714
1 0.935357 0.45299 0.129286 0.193936 0.00329709
2 0.96246 0.81563 0.0743347 0.368739 0.00329478
2 0.698872 0.0587651 0.0880588 0.11753 0.00327933
1 0.253395 0.909111 0.50679 0.181368 0.00320986
0 0.6925 0.516258 0.260685 0.342461 0.00315754
2 0.080126 0.0685523 0.160252 0.137105 0.00314229
2 0.509525 0.676797 0.163304 0.242473 0.0031337
2 0.985879 0.407159 0.0281579 0.115439 0.00313219
2 0.0380229 0.196079 0.0723158 0.0804307 0.00312766
1 0.074945 0.265309 0.0440639 0.0469554 0.00310488
0 0.373022 0.628867 0.595608 0.627151 0.00310434
1 0.0327653 0.320608 0.0655305 0.641217 0.00306433
1 0.36953 0.0682162 0.135913 0.13358 0.00305842
1 0.877618 0.0598008 0.244764 0.119602 0.00303103
1 0.732565 0.0991817 0.196358 0.198011 0.00301982
0 0.903958 0.588628 0.189015 0.822745 0.00301977
2 0.530035 0.710234 0.121684 0.168968 0.00301661
2 0.0845276 0.270634 0.0225111 0.0337844 0.00301171
0 0.365814 0.964374 0.0411251 0.0642097 0.00301022
2 0.839544 0.848902 0.320912 0.302196 0.00299419
2 0.785298 0.789738 0.0178574 0.0300929 0.00299331
0 0.462083 0.98775 0.0270014 0.0243971 0.00294029
2 0.972037 0.249019 0.0551453 0.498038 0.00293879
2 0.0384675 0.0193262 0.076935 0.0386524 0.00293827
0 0.476833 0.42781 0.891065 0.356631 0.00293391
2 0.950946 0.617199 0.0547415 0.0934781 0.00293383
1 0.0904509 0.74296 0.180765 0.512905 0.00290538
0 0.415127 0.736472 0.565052 0.448293 0.00289756
2 0.927447 0.757834 0.144952 0.304212 0.00288581
2 0.0922445 0.0193648 0.175308 0.0387297 0.0028797
0 0.971386 0.796444 0.0570949 0.200827 0.00285756
1 0.266565 0.628899 0.53313 0.741389 0.00285335
2 0.310688 0.558247 0.538599 0.75674 0.00285319
1 0.227961 0.0460038 0.0427279 0.0854046 0.00283802
1 0.532243 0.0316927 0.320012 0.0628165 0.00282503
1 0.806993 0.573129 0.384098 0.846147 0.00281904
0 0.479681 0.335312 0.928477 0.445717 0.00281157
1 0.864427 0.606848 0.0896809 0.103382 0.00280733
1 0.480546 0.0393382 0.365572 0.0786764 0.00280333
0 0.150272 0.930932 0.167565 0.137586 0.00276836
1 0.839275 0.0673852 0.321451 0.13477 0.00276596
2 0.475899 0.656486 0.093223 0.12862 0.00275427
1 0.909525 0.710302 0.148805 0.29178 0.00275404
0 0.286892 0.0235757 0.0591776 0.0467225 0.00274441
2 0.329366 0.380562 0.0682073 0.0711917 0.00273289
1 0.391862 0.0594915 0.0592081 0.0828249 0.00272723
2 0.0205683 0.187461 0.0411367 0.219608 0.00269482
0 0.183391 0.815044 0.36532 0.366448 0.00268995
0 0.709806 0.536783 0.207303 0.298313 0.00268475
0 0.36376 0.699392 0.0274966 0.0446229 0.00267651
2 0.644274 0.331595 0.11689 0.138456 0.00267466
0 0.487524 0.805162 0.317338 0.374506 0.00265697
1 0.866955 0.46945 0.0266335 0.0340619 0.00264493
0 0.978908 0.783935 0.041799 0.144174 0.00263064
2 0.242646 0.665985 0.484315 0.661537 0.00262803
0 0.920087 0.651856 0.156447 0.696288 0.00262326
1 0.970679 0.497533 0.0569356 0.359413 0.00261511
2 0.204999 0.0368364 0.19591 0.0736728 0.00261244
2 0.422977 0.793129 0.131907 0.156392 0.00259881
1 0.862829 0.586084 0.103688 0.145852 0.00259279
2 0.979275 0.181034 0.0414495 0.362067 0.00258631
