2 0.534917 0.65024 0.56215 0.468527 0.731086
0 0.732713 0.753673 0.0389034 0.0287017 0.0858527
0 0.654298 0.528902 0.31754 0.219367 0.0838343
0 0.608391 0.984447 0.172858 0.031106 0.0751073
0 0.542041 0.645662 0.587213 0.452974 0.0544077
0 0.67234 0.981816 0.315429 0.0357998 0.0461286
0 0.638227 0.984706 0.12351 0.0302006 0.0413566
0 0.654909 0.984552 0.244814 0.0306316 0.0289115
0 0.613663 0.981762 0.243343 0.0359447 0.0286043
2 0.530885 0.718169 0.372367 0.296534 0.0259826
0 0.556994 0.559074 0.610152 0.28255 0.0217353
0 0.710273 0.528921 0.253822 0.222762 0.020609
0 0.571091 0.980372 0.392111 0.0391327 0.0137745
0 0.516535 0.710638 0.415921 0.32781 0.0107882
0 0.534509 0.531224 0.0319723 0.0348358 0.01006
0 0.759944 0.978732 0.427787 0.0418661 0.00995874
2 0.862223 0.460614 0.0528334 0.0627435 0.00828703
0 0.750093 0.985334 0.163676 0.0291126 0.00796286
0 0.656881 0.542966 0.469896 0.245474 0.00774605
2 0.571044 0.689895 0.40929 0.242322 0.0073797
0 0.926286 0.977003 0.147428 0.0459938 0.00727787
0 0.539414 0.509353 0.676143 0.401082 0.00717908
0 0.729511 0.984089 0.225761 0.031821 0.00707724
0 0.610572 0.967767 0.572149 0.0644667 0.00697431
2 0.505233 0.726598 0.487172 0.355589 0.00663381
0 0.532727 0.971703 0.522241 0.0565911 0.00634208
0 0.595919 0.557141 0.419433 0.187965 0.00608943
0 0.676629 0.963451 0.354947 0.0730974 0.00572738
0 0.580375 0.983786 0.238457 0.0321597 0.00570056
0 0.485531 0.671811 0.465761 0.324721 0.00548865
0 0.523724 0.542443 0.688198 0.560989 0.00536302
2 0.447025 0.756246 0.602658 0.473579 0.0053077
2 0.857179 0.460037 0.0687592 0.0711594 0.00484777
1 0.443437 0.939288 0.732086 0.121424 0.00467615
1 0.472182 0.199691 0.860174 0.399383 0.00458256
1 0.517288 0.135566 0.724545 0.270195 0.00449931
1 0.458303 0.75746 0.775829 0.484034 0.00448942
1 0.422665 0.884975 0.707985 0.230049 0.00442873
1 0.450347 0.850585 0.831209 0.29883 0.00441077
1 0.467735 0.0957695 0.734421 0.190811 0.00431234
1 0.495762 0.956142 0.692853 0.0877155 0.0042207
0 0.775459 0.965776 0.449083 0.0684082 0.00418524
0 0.615958 0.910673 0.602874 0.178654 0.00399332
0 0.617673 0.682885 0.757625 0.575244 0.00391408
1 0.457447 0.282921 0.914893 0.565842 0.00391252
0 0.526416 0.741933 0.658342 0.462568 0.00381719
0 0.707097 0.961502 0.583266 0.0769968 0.00360733
1 0.482431 0.84019 0.589707 0.31962 0.00348071
1 0.279988 0.929334 0.538259 0.141166 0.00338091
1 0.36702 0.0727395 0.608195 0.143538 0.00318874
2 0.835088 0.459493 0.116578 0.0724393 0.00317489
0 0.625457 0.0138867 0.28372 0.0277735 0.00306235
0 0.693042 0.612513 0.586456 0.380778 0.00298388
1 0.582346 0.104465 0.646161 0.208279 0.00298097
0 0.508293 0.960791 0.534155 0.0783194 0.00298071
2 0.500208 0.656508 0.509995 0.294889 0.00292758
0 0.386925 0.898035 0.721874 0.202919 0.00283978
0 0.465032 0.447264 0.886041 0.815646 0.00276717
0 0.720715 0.9468 0.55857 0.1064 0.00276487
1 0.463062 0.428043 0.926125 0.856086 0.00263796
2 0.430828 0.603583 0.358363 0.163343 0.00263413
0 0.464672 0.721719 0.468852 0.439789 0.00261924
0 0.254342 0.982518 0.164201 0.0341235 0.00260024
1 0.641572 0.13298 0.602089 0.264531 0.00258198
0 0.241589 0.900928 0.438542 0.194314 0.00257527
0 0.794227 0.115295 0.411546 0.23059 0.0025752
1 0.59068 0.779922 0.670274 0.435552 0.00255695
0 0.773463 0.985006 0.114153 0.0295906 0.00254076
0 0.872715 0.131295 0.25457 0.262591 0.00249007
2 0.799205 0.460695 0.183749 0.0786036 0.00244553
2 0.933869 0.976949 0.12442 0.0451774 0.00243996
1 0.194689 0.942725 0.389378 0.114551 0.00243299
0 0.308776 0.967962 0.3854 0.0639172 0.00234999
0 0.130303 0.759268 0.260605 0.3217 0.00231243
1 0.619585 0.0247986 0.756923 0.0484205 0.00229504
0 0.694914 0.10782 0.585095 0.215483 0.00229189
0 0.827971 0.155191 0.334735 0.303175 0.00228105
0 0.380703 0.758567 0.699867 0.482866 0.00227432
0 0.755641 0.131986 0.444889 0.262319 0.00226609
0 0.424606 0.195756 0.823657 0.390057 0.00226563
0 0.160688 0.348488 0.321376 0.555615 0.0022584
0 0.650105 0.852499 0.671907 0.295002 0.00225568
0 0.1291 0.630201 0.2582 0.347088 0.00222631
0 0.560753 0.942547 0.417582 0.114905 0.00222492
0 0.137498 0.844972 0.274996 0.258836 0.00222356
2 0.459747 0.676193 0.47174 0.438327 0.00221958
0 0.147382 0.907931 0.294765 0.159009 0.00221515
1 0.620127 0.187778 0.670525 0.375187 0.00221356
0 0.252053 0.81243 0.445413 0.366205 0.00221162
0 0.286012 0.0684741 0.564232 0.134311 0.00221059
0 0.716389 0.897836 0.567222 0.204328 0.00219503
0 0.742426 0.625032 0.515149 0.481939 0.00219478
2 0.458574 0.647017 0.407074 0.257719 0.00219168
0 0.19414 0.0709822 0.38828 0.141964 0.00219136
2 0.589048 0.0277979 0.550416 0.0550649 0.0021788
0 0.142713 0.561625 0.285425 0.41048 0.00216527
0 0.207086 0.613749 0.347817 0.372616 0.00215245
0 0.709545 0.498432 0.21891 0.156762 0.00215019
0 0.160251 0.457659 0.320502 0.537872 0.00214512
0 0.408623 0.117898 0.793744 0.228552 0.00213409
0 0.233757 0.983685 0.104619 0.031979 0.00212879
0 0.726884 0.569159 0.533098 0.315322 0.00212747
0 0.821255 0.216052 0.35749 0.396412 0.00212019
0 0.141492 0.218019 0.282984 0.302827 0.00211912
0 0.261727 0.960548 0.502511 0.0789036 0.00211755
0 0.161215 0.779614 0.286149 0.394557 0.00210997
0 0.228872 0.71859 0.403156 0.487503 0.00210931
2 0.873082 0.459009 0.0611106 0.0723869 0.00209955
2 0.168292 0.80724 0.303663 0.355203 0.00209336
0 0.74222 0.722515 0.515561 0.522716 0.0020901
0 0.520364 0.530218 0.0617269 0.0455091 0.00207991
0 0.174855 0.871884 0.320565 0.237848 0.00206346
0 0.693299 0.551623 0.215347 0.190899 0.00205394
0 0.78104 0.520307 0.43792 0.370153 0.0020529
0 0.738979 0.215066 0.484053 0.409277 0.00205234
2 0.931673 0.969056 0.130791 0.061877 0.00204894
0 0.267641 0.117581 0.535282 0.219725 0.00204446
2 0.151831 0.664196 0.276278 0.468877 0.00204134
0 0.654212 0.980622 0.101079 0.0381257 0.00203863
0 0.161196 0.698108 0.293463 0.490944 0.00203693
0 0.623788 0.213883 0.665156 0.422064 0.00203162
0 0.308975 0.386445 0.617951 0.760575 0.00202687
0 0.0511813 0.989188 0.102363 0.0215563 0.00202325
0 0.667573 0.487142 0.586042 0.496164 0.00201944
0 0.225265 0.357764 0.425817 0.707672 0.00201847
0 0.638756 0.781742 0.702793 0.436516 0.00201494
0 0.36059 0.295853 0.721181 0.588884 0.00201129
0 0.312886 0.222016 0.596242 0.430317 0.002011
0 0.244515 0.571654 0.423669 0.394344 0.00200767
0 0.443184 0.649784 0.370363 0.272243 0.00200642
0 0.78879 0.261755 0.42242 0.433165 0.00200601
0 0.436192 0.639136 0.628667 0.449216 0.00200539
0 0.323627 0.987388 0.249036 0.0252244 0.00200503
0 0.367439 0.623083 0.620063 0.366132 0.00199316
0 0.803266 0.461336 0.393469 0.362606 0.00197549
0 0.812966 0.40385 0.374068 0.361402 0.00195671
0 0.731182 0.823317 0.537637 0.353367 0.00195379
0 0.412104 0.524153 0.774502 0.524518 0.00193822
0 0.238006 0.175081 0.441999 0.333616 0.00191856
0 0.191971 0.214461 0.351602 0.38537 0.00190957
0 0.589964 0.267941 0.759473 0.533253 0.00190804
0 0.579449 0.610035 0.452982 0.277933 0.00189415
0 0.54829 0.753823 0.325379 0.260749 0.0018916
1 0.548298 0.749336 0.331332 0.269408 0.00187935
0 0.734561 0.748044 0.0456465 0.0432691 0.00187629
0 0.184211 0.520372 0.341275 0.531784 0.00185023
0 0.268393 0.525462 0.48841 0.49366 0.00184694
0 0.669873 0.318478 0.646141 0.614458 0.00184369
0 0.922406 0.981734 0.130987 0.0360981 0.00184339
0 0.349179 0.981104 0.372326 0.03755 0.00184173
1 0.665029 0.0286969 0.561812 0.0568513 0.00182848
2 0.0872442 0.88824 0.171987 0.223519 0.00182531
0 0.0394738 0.482233 0.0789476 0.077499 0.00182057
0 0.767695 0.354187 0.448521 0.349444 0.00181509
0 0.572571 0.366247 0.786264 0.699244 0.00180824
0 0.731788 0.323956 0.498857 0.517996 0.00179484
0 0.740872 0.471475 0.490359 0.301946 0.00177844
0 0.362371 0.44793 0.724743 0.794482 0.00177495
0 0.197505 0.436057 0.369547 0.676254 0.00177304
1 0.518717 0.0274041 0.775986 0.0534928 0.0017722
2 0.556218 0.753964 0.317953 0.259858 0.00175755
0 0.723898 0.408734 0.49735 0.415263 0.00175624
2 0.493884 0.0303223 0.604895 0.0600206 0.00174863
0 0.689453 0.550003 0.167942 0.139444 0.00172009
0 0.644534 0.941691 0.398481 0.115088 0.0017077
2 0.70288 0.0330129 0.519894 0.0652344 0.00170598
0 0.764188 0.510921 0.259964 0.187247 0.00169376
0 0.0388582 0.985583 0.0777165 0.0281791 0.00166792
0 0.906997 0.964615 0.184396 0.0707705 0.00166753
0 0.234363 0.79452 0.0302837 0.0310889 0.00163828
0 0.782676 0.66555 0.0350344 0.0259398 0.00160985
2 0.0931357 0.926377 0.186271 0.145207 0.00160588
0 0.457979 0.967755 0.557532 0.0643887 0.00160588
0 0.371099 0.986943 0.213097 0.0261135 0.00160359
2 0.0851072 0.855461 0.164796 0.181188 0.00159498
0 0.184018 0.984356 0.215584 0.0310314 0.00159
0 0.580559 0.0166612 0.442105 0.0323278 0.00157064
2 0.210904 0.936551 0.421807 0.126881 0.00153801
2 0.123104 0.945959 0.246119 0.108082 0.00152062
2 0.730807 0.748924 0.0514913 0.0372332 0.00152023
2 0.52677 0.0685926 0.599739 0.137185 0.00150629
0 0.105647 0.849419 0.204448 0.172011 0.00150437
2 0.582897 0.634993 0.447888 0.292827 0.00150339
0 0.122323 0.802386 0.240057 0.27502 0.00146506
2 0.900915 0.459761 0.144226 0.0708532 0.00144419
0 0.210767 0.938914 0.416341 0.121901 0.00143786
0 0.670082 0.0172262 0.32509 0.0344524 0.00141118
2 0.791251 0.0405332 0.404599 0.0801339 0.0013794
2 0.0944009 0.805208 0.184347 0.281754 0.00137514
0 0.64026 0.499288 0.376055 0.171169 0.00136642
0 0.486494 0.936016 0.530729 0.127968 0.00136307
1 0.181488 0.946115 0.362976 0.107313 0.00136267
0 0.904729 0.984336 0.114167 0.0311688 0.00135783
0 0.20297 0.800384 0.0964923 0.0536844 0.00133977
0 0.714739 0.94755 0.328952 0.102489 0.00133682
2 0.237207 0.795932 0.0234672 0.0244084 0.00131668
0 0.500899 0.776409 0.334071 0.212699 0.00130916
2 0.0413603 0.496238 0.0827205 0.139929 0.00129596
0 0.62607 0.521491 0.263337 0.0929491 0.0012939
0 0.237948 0.43671 0.13387 0.111423 0.00127594
2 0.0369298 0.478637 0.0738595 0.0858225 0.00125399
2 0.151287 0.933919 0.302575 0.131743 0.00125206
2 0.0623966 0.60761 0.124793 0.369168 0.00125044
0 0.0537295 0.984645 0.107459 0.0300533 0.00124896
0 0.529674 0.532438 0.0505043 0.0398709 0.00122004
0 0.74459 0.753286 0.06966 0.0377234 0.00121928
0 0.0774046 0.83251 0.151964 0.328956 0.00121562
0 0.55864 0.831693 0.112962 0.0882994 0.0012123
0 0.534258 0.986998 0.29501 0.0259102 0.0012121
2 0.353068 0.576221 0.193909 0.116655 0.00121148
2 0.410804 0.585834 0.312869 0.130689 0.00120826
0 0.530336 0.537535 0.0453472 0.0531611 0.00120288
2 0.0874055 0.580911 0.172646 0.329023 0.00119956
0 0.319917 0.661167 0.0559346 0.0591862 0.00118271
2 0.141271 0.910257 0.036924 0.0350045 0.00117992
0 0.275739 0.423773 0.232852 0.164599 0.00117493
0 0.409909 0.575821 0.309119 0.119513 0.00117472
0 0.0847731 0.988421 0.169546 0.0229666 0.00116028
2 0.0385251 0.47235 0.0770502 0.143409 0.00115929
2 0.105514 0.88982 0.19664 0.142872 0.00115349
0 0.279346 0.933815 0.410586 0.13237 0.00114022
2 0.781498 0.0942716 0.437004 0.188543 0.00114003
0 0.0848274 0.881698 0.16852 0.236603 0.0011386
0 0.0727871 0.97423 0.145574 0.0513683 0.00113838
2 0.309205 0.643709 0.058597 0.0393528 0.00112623
0 0.315008 0.647565 0.0450887 0.030464 0.00112505
2 0.923049 0.981128 0.126021 0.0372227 0.00111936
0 0.554277 0.811561 0.10975 0.134172 0.00111934
0 0.466308 0.696644 0.354484 0.197179 0.00111449
2 0.787988 0.523914 0.227453 0.205555 0.00111218
0 0.405579 0.982311 0.26786 0.035276 0.00110789
2 0.845034 0.959111 0.309932 0.0817778 0.00110565
0 0.204367 0.79639 0.0935105 0.035965 0.00109948
2 0.85538 0.0539616 0.284232 0.107923 0.00109045
0 0.785124 0.458945 0.219097 0.0839916 0.00108838
0 0.482574 0.755282 0.314859 0.165087 0.00108483
1 0.888717 0.457778 0.0911111 0.073053 0.00107663
2 0.0672127 0.843945 0.134425 0.118027 0.00107446
0 0.567259 0.834382 0.179485 0.0892406 0.00105931
2 0.852327 0.0852628 0.290751 0.170526 0.00105689
0 0.262277 0.439839 0.16268 0.118216 0.00105444
0 0.262973 0.985814 0.240094 0.0281108 0.00104715
0 0.335533 0.671391 0.0621135 0.0649727 0.00104379
0 0.398826 0.673127 0.281002 0.212092 0.00102938
2 0.0403243 0.483407 0.0806485 0.24394 0.00102561
0 0.858842 0.439289 0.255207 0.124452 0.00102213
2 0.817666 0.0690026 0.361222 0.138005 0.00101949
2 0.685264 0.570095 0.232939 0.184706 0.00101893
0 0.790142 0.945108 0.419717 0.108829 0.00101084
2 0.0658517 0.802414 0.129059 0.339472 0.00100651
0 0.724408 0.752723 0.0774253 0.0327159 0.00100505
0 0.608381 0.835989 0.256287 0.121163 0.00100496
2 0.541442 0.0964644 0.47512 0.187786 0.0010043
1 0.495831 0.0505738 0.676813 0.101148 0.00100356
0 0.632553 0.917893 0.314733 0.152052 0.000997928
0 0.859978 0.393866 0.278812 0.213016 0.000997121
2 0.909913 0.0643364 0.180175 0.128673 0.000991772
0 0.92644 0.725609 0.141739 0.112475 0.000983585
2 0.9287 0.926373 0.140168 0.147254 0.000976615
0 0.758955 0.470052 0.283873 0.106037 0.000974451
0 0.752715 0.977587 0.177277 0.0443504 0.000965395
0 0.867627 0.93298 0.264745 0.13404 0.000965326
1 0.0541203 0.617005 0.108241 0.245405 0.000961559
0 0.31143 0.444172 0.257791 0.126237 0.00096137
0 0.468079 0.983412 0.24854 0.0330165 0.00096013
0 0.91223 0.751318 0.17554 0.148351 0.000958167
2 0.676924 0.109285 0.428104 0.218571 0.000955603
0 0.350485 0.473347 0.184531 0.0814878 0.000950938
0 0.0497422 0.233722 0.0994845 0.371797 0.000950712
2 0.202832 0.806639 0.117238 0.0645153 0.000949121
2 0.919773 0.141344 0.160453 0.282689 0.000945669
0 0.331969 0.463618 0.243044 0.09372 0.000945217
0 0.820343 0.433507 0.286022 0.137301 0.00094269
0 0.717069 0.750423 0.0843244 0.0394981 0.000927783
0 0.549748 0.561336 0.495974 0.130133 0.000926359
2 0.811416 0.013918 0.288893 0.027836 0.000923392
0 0.70415 0.48044 0.282718 0.125131 0.000922835
0 0.874665 0.655451 0.250669 0.22196 0.000919137
2 0.752301 0.104873 0.277019 0.2008 0.000917619
0 0.251744 0.427059 0.109722 0.090707 0.000917414
0 0.600727 0.807848 0.21956 0.141718 0.000916953
2 0.204867 0.798501 0.104613 0.046116 0.00091459
0 0.0459219 0.0253611 0.0918438 0.0506441 0.000914456
0 0.419146 0.929391 0.440667 0.139892 0.000913988
0 0.954256 0.833568 0.0893719 0.197761 0.000913653
2 0.401137 0.0301788 0.4257 0.0595118 0.000913219
2 0.903832 0.452288 0.18818 0.0927918 0.000912744
0 0.0510684 0.130875 0.102137 0.261749 0.000912707
2 0.912499 0.0866077 0.172148 0.173215 0.000907831
2 0.694506 0.0959923 0.577005 0.191985 0.000905234
1 0.909011 0.938028 0.180797 0.123944 0.000904784
0 0.507349 0.801329 0.245329 0.154796 0.000904408
2 0.952879 0.9644 0.0942426 0.0711994 0.000903631
2 0.112482 0.592197 0.216457 0.288728 0.000898041
2 0.443799 0.0554667 0.560756 0.110933 0.000897813
1 0.915283 0.458625 0.163034 0.0787823 0.000897406
0 0.4033 0.606651 0.296561 0.173874 0.000896201
2 0.0373078 0.894924 0.0746157 0.210152 0.000895071
0 0.019768 0.193816 0.039536 0.0477459 0.000892858
0 0.138522 0.838475 0.268762 0.19566 0.000891651
