1 0.520374 0.471518 0.590614 0.791718 0.863822
1 0.476564 0.579278 0.513709 0.596931 0.10541
1 0.543784 0.546704 0.722352 0.841259 0.0431006
1 0.54551 0.362194 0.545966 0.574806 0.0415766
1 0.456469 0.471105 0.81446 0.838224 0.0299557
1 0.455365 0.658322 0.462673 0.418393 0.0261949
1 0.473256 0.132884 0.856275 0.263602 0.0220793
1 0.440262 0.197572 0.805899 0.393815 0.0218625
1 0.635881 0.954856 0.715492 0.090289 0.0182956
1 0.538884 0.600071 0.922232 0.788095 0.0161106
1 0.572428 0.751051 0.833772 0.497899 0.0141206
1 0.490246 0.954469 0.980492 0.0910628 0.0138596
1 0.507873 0.260504 0.665329 0.446353 0.0127881
1 0.495777 0.900977 0.991554 0.195393 0.0125823
1 0.512433 0.774272 0.569963 0.425989 0.0123315
1 0.41914 0.102392 0.803083 0.203471 0.0112807
0 0.771364 0.956324 0.449592 0.0872086 0.0101557
1 0.576512 0.924698 0.825957 0.147689 0.00878541
1 0.544219 0.846538 0.903701 0.306924 0.00799776
1 0.417218 0.49519 0.834435 0.967344 0.00701695
1 0.572299 0.752213 0.717262 0.309712 0.00623018
2 0.736167 0.954334 0.527665 0.0913323 0.00617592
0 0.787523 0.951724 0.287105 0.0959831 0.00598669
1 0.369039 0.6068 0.738078 0.69135 0.00526689
0 0.709177 0.950336 0.491009 0.0993184 0.00509722
1 0.657308 0.523586 0.685384 0.908086 0.00498009
1 0.56062 0.386253 0.830268 0.645677 0.00496299
1 0.513207 0.939003 0.973585 0.121994 0.00489163
1 0.432818 0.0728734 0.820575 0.1442 0.00452203
1 0.371832 0.424599 0.743664 0.849197 0.00431638
0 0.821441 0.944154 0.357119 0.111431 0.00425377
1 0.599607 0.296646 0.77381 0.455537 0.0039755
1 0.629511 0.891489 0.738821 0.217022 0.00391364
1 0.559455 0.106036 0.840599 0.209987 0.00389729
1 0.708324 0.388729 0.583352 0.775313 0.00344777
1 0.754636 0.592998 0.490729 0.789571 0.00300953
1 0.142235 0.424077 0.28447 0.848154 0.00288284
1 0.547449 0.24417 0.905103 0.426939 0.00284498
1 0.271482 0.402929 0.542963 0.805857 0.0028415
1 0.440856 0.716002 0.53784 0.296773 0.00278315
1 0.116584 0.125236 0.233168 0.250473 0.00267753
0 0.637114 0.888286 0.724365 0.223428 0.00261966
0 0.916782 0.709649 0.166436 0.570876 0.00256879
0 0.868045 0.669456 0.26391 0.637571 0.00250687
0 0.398171 0.612232 0.796343 0.742636 0.00247487
1 0.202431 0.472145 0.404862 0.944291 0.00246041
0 0.901936 0.76876 0.195322 0.462481 0.00244135
0 0.794328 0.123415 0.411345 0.246829 0.00243305
0 0.385394 0.196005 0.770788 0.391389 0.00241262
0 0.959652 0.836446 0.0795861 0.327109 0.00237969
1 0.232018 0.0956286 0.462477 0.191257 0.00237341
0 0.888366 0.148601 0.221339 0.297202 0.00236923
0 0.718719 0.80697 0.561291 0.386061 0.00236145
0 0.122535 0.717088 0.24507 0.556622 0.00236143
0 0.729489 0.284632 0.541022 0.544 0.00233231
0 0.277027 0.632761 0.554053 0.706567 0.00231833
0 0.815113 0.207856 0.369396 0.405699 0.0023087
0 0.779263 0.247501 0.441474 0.466193 0.00230097
0 0.125914 0.288854 0.251471 0.54797 0.00229847
0 0.744884 0.693978 0.510232 0.608826 0.00226488
0 0.12261 0.589863 0.24522 0.796092 0.00225543
0 0.370171 0.713438 0.740341 0.560117 0.00225188
0 0.277596 0.177479 0.554327 0.349867 0.00224189
1 0.281902 0.931042 0.563804 0.137916 0.00223065
0 0.145668 0.536407 0.291336 0.927185 0.00222661
0 0.249216 0.237079 0.498432 0.46481 0.00221721
1 0.589923 0.152815 0.819636 0.303892 0.0022103
0 0.857148 0.952846 0.285704 0.0937327 0.00217407
1 0.129503 0.76537 0.259005 0.46926 0.00214313
1 0.322417 0.128932 0.642652 0.25733 0.00210912
0 0.321244 0.338465 0.642488 0.669895 0.00210798
0 0.249326 0.722155 0.498652 0.543687 0.00210329
0 0.417666 0.943858 0.835333 0.111676 0.00205306
0 0.703838 0.117686 0.592324 0.235371 0.00204529
1 0.478356 0.286362 0.934947 0.536506 0.00203583
0 0.898277 0.863234 0.203446 0.273532 0.00202543
0 0.605968 0.294667 0.788064 0.563951 0.00200265
2 0.511657 0.789812 0.91573 0.415492 0.00200163
0 0.864432 0.879125 0.271086 0.241749 0.00199388
0 0.751844 0.936568 0.337708 0.126864 0.00197013
1 0.47874 0.757916 0.89262 0.381653 0.00193812
1 0.321942 0.0254512 0.643885 0.0495999 0.00191919
0 0.40473 0.729174 0.771886 0.37591 0.00191873
0 0.241759 0.882632 0.483518 0.219107 0.00182948
0 0.702697 0.930931 0.508392 0.138137 0.00181641
0 0.626501 0.211922 0.746998 0.411789 0.00181523
1 0.276191 0.0303258 0.552381 0.0606515 0.00181164
0 0.831681 0.912862 0.336639 0.174275 0.00180079
1 0.503911 0.189519 0.596561 0.219456 0.00179628
1 0.371204 0.758518 0.742408 0.482964 0.00179489
0 0.148577 0.853881 0.297154 0.283285 0.001787
2 0.490169 0.871002 0.934255 0.257996 0.00165664
0 0.430163 0.896633 0.860326 0.202232 0.00165057
0 0.2756 0.860111 0.551201 0.278559 0.00162558
1 0.44635 0.750567 0.460223 0.224853 0.00158532
1 0.85217 0.949593 0.29566 0.10026 0.00157226
1 0.729188 0.0286257 0.541623 0.0566457 0.00157084
2 0.856796 0.949762 0.286409 0.0997273 0.00156312
0 0.967865 0.787675 0.0621379 0.42465 0.00154807
0 0.451423 0.591916 0.445698 0.209505 0.00154431
1 0.851154 0.920036 0.297693 0.159066 0.0015254
0 0.620646 0.948758 0.683694 0.102326 0.00152165
0 0.952883 0.864712 0.0923859 0.270577 0.00151151
0 0.96975 0.753349 0.0587379 0.473478 0.00148802
2 0.973935 0.54674 0.0498472 0.530336 0.00146666
2 0.343933 0.031976 0.687865 0.0639519 0.00143396
0 0.460594 0.550633 0.434416 0.208791 0.00143157
2 0.970437 0.725899 0.0569239 0.475929 0.00141838
1 0.709561 0.0244262 0.580878 0.0471919 0.00140115
0 0.965191 0.828479 0.0690845 0.343042 0.00139694
2 0.911696 0.881002 0.176607 0.237996 0.00136297
1 0.80793 0.0288199 0.38414 0.057155 0.00133482
2 0.965562 0.373342 0.0669332 0.492949 0.00133214
1 0.853955 0.0800156 0.292091 0.160031 0.00127605
0 0.443338 0.626944 0.467717 0.231395 0.00126679
0 0.968776 0.808507 0.062228 0.155243 0.0012387
1 0.238299 0.0255923 0.476597 0.0510433 0.00122425
1 0.398742 0.0350935 0.797484 0.0681775 0.00121842
2 0.972955 0.43425 0.0517722 0.510131 0.00121781
2 0.906823 0.918629 0.186354 0.162742 0.00121067
0 0.970073 0.820346 0.0594856 0.102394 0.00118835
1 0.862215 0.100584 0.275569 0.201168 0.00118392
1 0.623346 0.0419402 0.753307 0.0819978 0.00117614
1 0.638536 0.0314315 0.722927 0.0611345 0.00117336
2 0.848729 0.0329103 0.302541 0.0658206 0.00114621
1 0.517378 0.278844 0.682117 0.184141 0.00114492
1 0.0252892 0.183914 0.0505784 0.367827 0.00113039
0 0.595693 0.434289 0.418503 0.24033 0.00112456
1 0.577035 0.0350212 0.75941 0.0700424 0.00112043
1 0.439463 0.678965 0.476253 0.266136 0.0011103
2 0.904084 0.130291 0.191833 0.260582 0.0011101
0 0.414468 0.54035 0.41462 0.26716 0.00110716
2 0.422028 0.0448797 0.844055 0.0876808 0.00110435
0 0.449428 0.504264 0.415783 0.279588 0.00110064
1 0.0275796 0.647415 0.0551592 0.550395 0.00110059
0 0.789712 0.917849 0.247961 0.164302 0.00109724
1 0.592842 0.0578937 0.814316 0.113709 0.00109095
1 0.0272979 0.249845 0.0545958 0.49969 0.00108259
2 0.521589 0.169343 0.484931 0.183517 0.00108014
0 0.973038 0.687559 0.0513453 0.542928 0.00105723
2 0.027467 0.623462 0.054934 0.550284 0.00105018
2 0.449912 0.0346705 0.811082 0.069341 0.0010457
0 0.592414 0.924545 0.670027 0.15091 0.00104047
1 0.0863205 0.162118 0.172641 0.324237 0.00104023
0 0.025134 0.554602 0.0502681 0.529677 0.00103158
0 0.49828 0.14203 0.480647 0.13261 0.00102319
0 0.963716 0.759702 0.072183 0.356139 0.0010226
0 0.438764 0.591519 0.455092 0.139903 0.00102223
2 0.973497 0.660097 0.050384 0.545024 0.00102109
0 0.975136 0.813217 0.0494976 0.078198 0.00101663
0 0.541261 0.432694 0.608076 0.210934 0.00101059
0 0.0281179 0.699085 0.0562358 0.563998 0.00100783
1 0.877339 0.0716301 0.245322 0.14326 0.00100645
2 0.026421 0.164586 0.052758 0.329172 0.00100256
2 0.960873 0.348337 0.0778026 0.346078 0.000995902
0 0.649042 0.908413 0.593693 0.183174 0.000994796
1 0.0290843 0.734116 0.0581687 0.531768 0.000987089
1 0.95994 0.333327 0.0796023 0.380113 0.000979692
0 0.491132 0.470269 0.476639 0.272947 0.000974848
2 0.963734 0.51758 0.0722963 0.360189 0.000971542
0 0.958478 0.707143 0.0824866 0.324571 0.000963922
0 0.513453 0.524844 0.422047 0.279702 0.000959399
1 0.0284408 0.7989 0.0568816 0.4022 0.000957609
2 0.230099 0.959732 0.460197 0.0800354 0.000956081
2 0.581649 0.962237 0.711223 0.0750538 0.000955264
0 0.0289489 0.813121 0.057808 0.373758 0.000951008
1 0.928766 0.160117 0.142468 0.320235 0.000948263
0 0.475953 0.464616 0.375646 0.241607 0.000945989
2 0.690991 0.418825 0.220509 0.24401 0.000944631
2 0.0299211 0.772529 0.0598422 0.454941 0.000942281
0 0.0275581 0.39839 0.0551163 0.555574 0.000941129
1 0.524248 0.327125 0.562316 0.28884 0.000939726
1 0.0281483 0.322516 0.0562967 0.562888 0.000939612
2 0.407856 0.0921344 0.809365 0.184269 0.000936312
0 0.567689 0.487953 0.445815 0.301513 0.000933171
0 0.961668 0.373013 0.0762484 0.337825 0.000931726
0 0.817608 0.984698 0.243803 0.0306033 0.00093063
0 0.0330443 0.848437 0.0660887 0.303126 0.000929748
2 0.0284006 0.373819 0.0568013 0.560504 0.000923723
0 0.672074 0.423789 0.254753 0.252477 0.000922479
2 0.96099 0.209337 0.0766975 0.418674 0.000918928
0 0.445698 0.131189 0.472537 0.190353 0.000918047
2 0.96796 0.280734 0.0618255 0.55135 0.000917842
2 0.0401763 0.871595 0.0803525 0.25681 0.000916768
0 0.488728 0.118944 0.510506 0.137107 0.000915099
2 0.944825 0.173597 0.109968 0.347194 0.00091485
1 0.513515 0.553758 0.359919 0.247093 0.000911685
2 0.0719182 0.141453 0.143836 0.282907 0.000905095
0 0.443135 0.459787 0.315248 0.20214 0.00090216
0 0.796175 0.887331 0.283484 0.225338 0.000899687
0 0.455362 0.887812 0.501949 0.224375 0.000896456
0 0.054847 0.897386 0.109694 0.205228 0.000895102
0 0.526116 0.395458 0.535495 0.223248 0.000893232
0 0.201563 0.958936 0.403126 0.0816429 0.000887465
1 0.528129 0.336854 0.66585 0.193353 0.000887436
1 0.0689638 0.228677 0.137928 0.457353 0.000885378
1 0.509753 0.78033 0.314448 0.147732 0.000882112
0 0.506917 0.404955 0.447453 0.179122 0.000882049
0 0.68818 0.878691 0.556265 0.242619 0.000881965
2 0.383253 0.962757 0.694791 0.0739826 0.000875793
1 0.0682998 0.683891 0.1366 0.493792 0.000873478
0 0.835374 0.867372 0.329252 0.265256 0.000868762
0 0.139669 0.950778 0.279337 0.0984446 0.000857381
0 0.960273 0.537661 0.0793643 0.339573 0.00085193
0 0.964335 0.436752 0.0710096 0.37988 0.000850892
0 0.400502 0.561073 0.360835 0.194694 0.000850336
2 0.0896403 0.116069 0.179281 0.232137 0.000844578
1 0.0892694 0.104382 0.178539 0.208764 0.000843436
0 0.452168 0.159342 0.408961 0.166378 0.000843401
1 0.573806 0.207928 0.45144 0.260361 0.000837574
0 0.394718 0.90347 0.41857 0.193061 0.000835144
2 0.291338 0.0787045 0.582677 0.157409 0.000831138
0 0.611396 0.680979 0.189788 0.308469 0.000829975
0 0.534436 0.385445 0.656925 0.181397 0.000829175
2 0.16947 0.956993 0.338939 0.0855064 0.000825204
1 0.460725 0.791897 0.390402 0.13318 0.000820351
0 0.524165 0.859454 0.481492 0.281091 0.000815383
1 0.0670388 0.383073 0.134078 0.485994 0.00081368
1 0.0722945 0.908775 0.144589 0.181404 0.000813576
1 0.062998 0.613604 0.125996 0.47153 0.000812374
0 0.63228 0.45679 0.331927 0.280592 0.000809209
2 0.398676 0.111247 0.570169 0.213371 0.000809041
2 0.157033 0.096891 0.314066 0.193782 0.00080646
0 0.903981 0.0187527 0.192038 0.0375054 0.000801137
1 0.0635452 0.304801 0.12709 0.503989 0.000800902
2 0.1994 0.0763473 0.3988 0.152695 0.000800754
0 0.799566 0.844195 0.292691 0.289548 0.000798262
0 0.420218 0.418609 0.269061 0.165309 0.000797491
1 0.528314 0.802351 0.282952 0.201012 0.000797228
1 0.064015 0.771114 0.12803 0.457772 0.000797061
1 0.683656 0.436987 0.215667 0.278561 0.000794405
0 0.479276 0.421061 0.365901 0.180223 0.000793632
0 0.344176 0.742931 0.225108 0.239201 0.000793341
0 0.359619 0.508844 0.343452 0.329592 0.000791936
0 0.794434 0.802905 0.267855 0.256686 0.000790128
1 0.885714 0.133022 0.228543 0.266045 0.00078744
1 0.415762 0.727768 0.370234 0.275035 0.000787318
0 0.716227 0.836724 0.370769 0.290905 0.000786376
1 0.0688698 0.533732 0.13774 0.47163 0.000782067
0 0.412348 0.854587 0.357782 0.290826 0.000781773
0 0.329889 0.13098 0.571024 0.23698 0.000780409
0 0.960423 0.619203 0.0790375 0.383424 0.00077812
0 0.708362 0.794644 0.321579 0.246663 0.000773121
2 0.301722 0.956763 0.603444 0.0855103 0.000773036
2 0.321928 0.118616 0.643857 0.229941 0.000771513
0 0.785232 0.761526 0.268298 0.224657 0.000771289
0 0.316887 0.673834 0.175609 0.243415 0.00076911
0 0.527821 0.336417 0.682635 0.164919 0.000768937
1 0.281512 0.95647 0.563025 0.0861271 0.000768879
1 0.311384 0.0801044 0.622767 0.160209 0.000768039
0 0.290326 0.910201 0.355109 0.179599 0.000767508
0 0.220394 0.912107 0.400683 0.175786 0.000767362
2 0.175041 0.920351 0.350083 0.158747 0.000766919
2 0.092204 0.0779098 0.179931 0.155779 0.000766542
0 0.0882194 0.534011 0.172582 0.288646 0.000764733
0 0.968721 0.791925 0.0625589 0.276077 0.000763753
0 0.438703 0.632363 0.466962 0.162769 0.000763299
0 0.212329 0.544107 0.238408 0.220992 0.000762815
0 0.411648 0.322655 0.243682 0.232288 0.000762191
0 0.354933 0.874074 0.259919 0.251852 0.000759183
0 0.480011 0.0860013 0.806786 0.172003 0.000759054
0 0.264392 0.882134 0.331009 0.235731 0.000758773
2 0.743536 0.365607 0.12912 0.26169 0.000758179
0 0.540408 0.102969 0.589023 0.185254 0.000758008
1 0.0745036 0.862179 0.149007 0.275643 0.000757967
1 0.0998693 0.914167 0.199739 0.170999 0.000757729
0 0.704026 0.756267 0.339172 0.227142 0.000754399
0 0.418423 0.386401 0.252254 0.187179 0.000754035
0 0.247028 0.556813 0.279864 0.240911 0.000753405
2 0.525853 0.777741 0.277595 0.150392 0.000752666
2 0.673517 0.0860654 0.652965 0.170711 0.000751671
0 0.442 0.794353 0.371768 0.12791 0.000751543
2 0.731072 0.410237 0.196896 0.313561 0.000751434
0 0.4079 0.941284 0.589092 0.117432 0.00074726
2 0.954011 0.306743 0.091863 0.440427 0.000746413
1 0.0704282 0.821665 0.140856 0.356669 0.000746395
0 0.327389 0.866921 0.37557 0.24875 0.000744819
0 0.902998 0.733908 0.194005 0.248006 0.000742242
2 0.0554154 0.980437 0.110831 0.0391257 0.000742214
0 0.423443 0.172256 0.274374 0.163418 0.000741977
0 0.577399 0.542567 0.321707 0.309666 0.000741967
0 0.348808 0.689961 0.23528 0.259003 0.000741176
0 0.348236 0.299836 0.234649 0.25278 0.000741014
0 0.603475 0.744322 0.192067 0.181872 0.000740751
0 0.162904 0.537796 0.258956 0.216779 0.000740611
2 0.170337 0.127049 0.340675 0.254097 0.000740495
0 0.630908 0.849968 0.51521 0.297151 0.000738608
0 0.418242 0.747253 0.375083 0.235343 0.000738352
0 0.321159 0.548793 0.321243 0.21266 0.000737951
0 0.487472 0.379405 0.40083 0.265047 0.000736523
1 0.198541 0.926676 0.397083 0.146118 0.000734
0 0.626041 0.721158 0.227431 0.222141 0.000733167
0 0.829187 0.577616 0.225631 0.190831 0.000732773
0 0.0794744 0.839976 0.158949 0.320049 0.000732545
0 0.83789 0.764191 0.324219 0.22415 0.000732075
0 0.653741 0.47725 0.235898 0.311105 0.000730954
0 0.699841 0.712452 0.353389 0.250814 0.00072999
0 0.363402 0.856025 0.313511 0.211197 0.000728707
0 0.6168 0.76232 0.301009 0.174936 0.000728507
0 0.0894932 0.432054 0.172619 0.313915 0.000727947
