2 0.501772 0.491113 0.950669 0.982227 0.964193
2 0.3284 0.495665 0.599844 0.991331 0.053965
2 0.457322 0.337318 0.881264 0.674637 0.0293757
2 0.0726188 0.513116 0.144641 0.924385 0.0129268
2 0.631792 0.141527 0.369647 0.279804 0.0122072
2 0.106517 0.563685 0.213034 0.833415 0.0109535
2 0.462843 0.230122 0.806628 0.460244 0.0107368
2 0.523439 0.682675 0.899558 0.612266 0.00997539
2 0.469846 0.173656 0.895626 0.347312 0.00972682
2 0.688049 0.480298 0.551553 0.956499 0.00893414
0 0.851523 0.0894084 0.186694 0.174664 0.00796728
0 0.0415242 0.505509 0.0424977 0.0468556 0.00777339
2 0.661747 0.342448 0.60286 0.646594 0.00750465
2 0.0935679 0.65413 0.186934 0.653471 0.00703166
2 0.164212 0.567014 0.328424 0.834172 0.00701877
2 0.347271 0.68738 0.580136 0.62524 0.00688681
2 0.344362 0.282752 0.623129 0.565393 0.00685523
0 0.0335439 0.546162 0.0611562 0.174775 0.00580461
2 0.0935131 0.412073 0.187026 0.824146 0.00569801
2 0.568267 0.37663 0.797627 0.736758 0.00532201
2 0.437078 0.12466 0.834092 0.249319 0.00494345
2 0.750495 0.583712 0.422948 0.724479 0.0046606
2 0.195931 0.687895 0.391862 0.616345 0.00462851
2 0.788428 0.460134 0.353486 0.751224 0.00461487
0 0.92796 0.834508 0.0636299 0.106692 0.00452871
0 0.757149 0.30048 0.416155 0.571274 0.00431209
2 0.674171 0.64928 0.580729 0.618385 0.0042891
2 0.338742 0.753823 0.501135 0.487021 0.00417738
2 0.171069 0.420486 0.342074 0.840972 0.00404491
0 0.430045 0.876046 0.0350682 0.0480469 0.00402972
0 0.763225 0.102053 0.373005 0.204105 0.00400186
2 0.591245 0.77058 0.710153 0.454237 0.00381899
0 0.841992 0.125371 0.207911 0.248809 0.00372319
2 0.436151 0.790113 0.691416 0.419773 0.00371217
2 0.80485 0.315037 0.364226 0.594116 0.00371198
2 0.0952664 0.763884 0.190204 0.429048 0.00360558
2 0.153683 0.327818 0.307366 0.655637 0.00356151
0 0.626301 0.160931 0.655987 0.321862 0.00351554
0 0.940088 0.747517 0.119157 0.333221 0.00344605
0 0.824824 0.431987 0.339203 0.814297 0.00342282
2 0.23312 0.49286 0.421048 0.985719 0.00338834
0 0.755769 0.175171 0.408623 0.350342 0.00336312
0 0.0330955 0.507951 0.062384 0.131892 0.00332924
0 0.0324728 0.582418 0.0646009 0.239079 0.00327596
2 0.617873 0.129927 0.649507 0.259855 0.00324445
2 0.317845 0.182939 0.606728 0.365878 0.0032194
2 0.662764 0.810406 0.641046 0.379187 0.00320816
2 0.799588 0.648107 0.323539 0.625175 0.00318668
2 0.922378 0.592417 0.151452 0.790009 0.00315804
0 0.942486 0.80057 0.113586 0.321952 0.00315191
2 0.146487 0.775969 0.292975 0.41457 0.00313467
0 0.823082 0.312285 0.35083 0.582463 0.00310822
2 0.83669 0.607076 0.30164 0.724584 0.00309542
2 0.251934 0.336594 0.439101 0.657011 0.00307018
2 0.70726 0.841877 0.565291 0.311577 0.00306871
0 0.701968 0.13474 0.510154 0.269481 0.00305263
2 0.843776 0.42496 0.312174 0.848391 0.00294987
1 0.250716 0.863781 0.234677 0.267124 0.00288265
0 0.784582 0.130059 0.406611 0.260119 0.00286806
2 0.546828 0.833692 0.82234 0.332615 0.00285198
2 0.548503 0.106528 0.271775 0.213055 0.00284917
2 0.900581 0.663135 0.196698 0.673729 0.00284861
2 0.740739 0.684866 0.458775 0.589979 0.00282305
0 0.802718 0.0866194 0.28555 0.173239 0.00280706
0 0.024159 0.646511 0.0483179 0.706977 0.00275435
2 0.798179 0.729722 0.395002 0.53893 0.00275368
2 0.760004 0.812272 0.468292 0.375455 0.00275283
2 0.519301 0.86684 0.807946 0.249992 0.00271947
0 0.0314728 0.530863 0.0629456 0.764145 0.00269027
2 0.322735 0.810346 0.447668 0.367795 0.00266475
2 0.912796 0.519322 0.174408 0.876857 0.0026642
0 0.8789 0.475194 0.242201 0.950389 0.00264475
2 0.556994 0.11437 0.370279 0.228741 0.00262193
0 0.831984 0.218376 0.335083 0.436752 0.00251039
0 0.9362 0.688003 0.127071 0.454708 0.00249739
2 0.200575 0.78817 0.398561 0.39748 0.00245536
2 0.653666 0.920258 0.576782 0.159484 0.00245087
2 0.0901758 0.897231 0.180352 0.205538 0.00244154
2 0.845811 0.76147 0.305536 0.477061 0.00241633
2 0.282471 0.224731 0.50969 0.449462 0.00240376
0 0.947704 0.739552 0.1033 0.520896 0.00238811
0 0.824797 0.875961 0.350406 0.248077 0.00238745
0 0.947002 0.837546 0.102956 0.119235 0.00233798
2 0.21151 0.23208 0.42302 0.46416 0.00232816
0 0.00953631 0.681402 0.0190726 0.0722604 0.0023142
2 0.493902 0.922495 0.749313 0.15501 0.00227981
2 0.51413 0.091738 0.169949 0.183476 0.00216199
0 0.0518538 0.174363 0.0295041 0.0331093 0.00216015
0 0.00963652 0.703496 0.0192569 0.112125 0.00213891
2 0.766613 0.926226 0.451543 0.147548 0.00211334
2 0.161559 0.922083 0.323118 0.155835 0.00207128
0 0.942798 0.786998 0.112969 0.226094 0.00204323
0 0.00999716 0.667362 0.019738 0.118108 0.00203827
2 0.221072 0.137208 0.427928 0.274416 0.00202704
0 0.217833 0.927277 0.435666 0.145445 0.00201222
2 0.241954 0.931959 0.483908 0.136083 0.00194461
0 0.81485 0.929081 0.368927 0.141839 0.00192785
0 0.964766 0.701452 0.0222592 0.0304436 0.00189707
2 0.32309 0.865115 0.475221 0.24981 0.00189039
0 0.890946 0.0843305 0.215472 0.168661 0.00188829
2 0.816604 0.832185 0.364639 0.321767 0.00188164
2 0.328606 0.926648 0.523815 0.146705 0.00184921
2 0.589861 0.160187 0.489649 0.279864 0.00180012
2 0.24468 0.868788 0.478314 0.24154 0.00175093
2 0.496386 0.0701134 0.12248 0.140227 0.00175065
2 0.536468 0.129478 0.47615 0.258955 0.00168058
2 0.556463 0.0818115 0.34798 0.163623 0.00166711
0 0.8244 0.161285 0.253364 0.321718 0.0016476
2 0.859744 0.0841136 0.183722 0.168227 0.00164548
0 0.01053 0.734723 0.0209131 0.228658 0.00158688
2 0.533963 0.79467 0.2685 0.410661 0.00156031
0 0.949088 0.815703 0.100699 0.368594 0.00155631
0 0.763443 0.806274 0.0422338 0.0812058 0.00154914
0 0.885264 0.0270308 0.097205 0.0540617 0.00153038
1 0.305919 0.865286 0.301006 0.261773 0.00149675
0 0.0311283 0.39327 0.0622565 0.786539 0.00147352
2 0.632973 0.124486 0.281992 0.243642 0.00147264
2 0.441989 0.0973903 0.369284 0.194781 0.00146735
0 0.873991 0.0507441 0.128489 0.101488 0.0014641
0 0.537623 0.796773 0.270327 0.406454 0.00145329
0 0.0386403 0.599937 0.0772805 0.689485 0.00143841
2 0.363779 0.0937783 0.135021 0.157438 0.00143655
2 0.96345 0.891311 0.0719941 0.217378 0.00142226
1 0.944603 0.846259 0.109726 0.29251 0.00141262
0 0.76956 0.817403 0.0302743 0.0586907 0.00140514
2 0.486131 0.113479 0.409639 0.226958 0.00139982
0 0.0107681 0.634402 0.0215312 0.319286 0.00138457
0 0.125167 0.875261 0.0342155 0.0515308 0.001382
0 0.0453326 0.676597 0.0904595 0.646806 0.00136799
0 0.728288 0.0789625 0.543425 0.157925 0.00131226
0 0.982681 0.950942 0.0344166 0.0893211 0.00130874
0 0.431165 0.0867894 0.396843 0.173579 0.00130308
0 0.0722851 0.784743 0.14457 0.430514 0.00126109
1 0.281764 0.876437 0.2218 0.243918 0.00125339
0 0.73549 0.784045 0.101667 0.129278 0.00123136
2 0.342785 0.867218 0.329377 0.256739 0.00121993
0 0.130219 0.143319 0.260439 0.201691 0.00119233
0 0.966602 0.704603 0.0267344 0.0366891 0.00119233
2 0.236348 0.83919 0.267182 0.32162 0.00118055
0 0.641281 0.580966 0.243096 0.411174 0.00118005
0 0.0652767 0.672273 0.130553 0.537311 0.00117716
0 0.0477051 0.759129 0.0953999 0.478472 0.00117114
1 0.251857 0.914276 0.256074 0.171448 0.00115196
0 0.927835 0.774863 0.140281 0.257226 0.00115074
0 0.957502 0.662676 0.0836239 0.674649 0.00113784
0 0.975772 0.718395 0.0469576 0.102521 0.00111815
0 0.643272 0.555529 0.341252 0.399867 0.00111222
0 0.141391 0.11444 0.282781 0.225899 0.00111139
0 0.235671 0.792827 0.266809 0.414345 0.00110616
0 0.739411 0.799457 0.0933473 0.0987333 0.00110541
0 0.0117217 0.617956 0.0234434 0.436127 0.00110427
0 0.0248934 0.367444 0.0497867 0.734888 0.00109525
0 0.202134 0.45857 0.317339 0.472449 0.0010946
1 0.864538 0.187777 0.270923 0.375555 0.0010927
0 0.0391434 0.439892 0.0782868 0.657601 0.00108909
2 0.750773 0.878092 0.306825 0.230549 0.00108668
0 0.117393 0.623382 0.234787 0.395233 0.00108313
0 0.453198 0.52433 0.475733 0.286922 0.00108158
0 0.697184 0.629947 0.333473 0.366845 0.00108022
0 0.595464 0.492018 0.366557 0.470859 0.00107966
0 0.128174 0.491424 0.0229719 0.074523 0.00107678
0 0.0233413 0.768409 0.0466827 0.463181 0.00107269
0 0.67881 0.815773 0.242813 0.250895 0.00104887
0 0.833516 0.693551 0.229604 0.41047 0.00104542
2 0.972669 0.64125 0.0530891 0.7175 0.0010394
1 0.480609 0.135431 0.472986 0.270862 0.00103733
0 0.453841 0.460817 0.530725 0.266531 0.00103555
1 0.56524 0.162807 0.511003 0.287704 0.00103369
0 0.947123 0.884566 0.104217 0.214185 0.00103052
2 0.814064 0.8881 0.300982 0.209143 0.00102916
0 0.0302994 0.272867 0.0605988 0.545734 0.00102664
0 0.263206 0.355889 0.458792 0.28272 0.00101921
0 0.822978 0.726928 0.274162 0.304696 0.00101058
2 0.446168 0.14727 0.380232 0.294541 0.00100781
0 0.010783 0.699419 0.0215661 0.181772 0.0010074
0 0.543072 0.526102 0.430215 0.399918 0.00100309
2 0.956291 0.843212 0.0860184 0.313577 0.0010009
2 0.98067 0.440268 0.0358345 0.779934 0.00100049
1 0.0268658 0.348133 0.0537317 0.696267 0.000994905
2 0.31794 0.929489 0.221529 0.141023 0.000990901
0 0.225299 0.0877841 0.450599 0.175568 0.000984217
2 0.97016 0.903974 0.059681 0.192053 0.000983218
0 0.611586 0.117634 0.414115 0.235269 0.000979768
0 0.435374 0.568015 0.414232 0.317494 0.000979063
0 0.767741 0.214255 0.0523662 0.139301 0.000977182
0 0.982188 0.92056 0.0354738 0.158879 0.000973811
0 0.0989397 0.123097 0.197879 0.240573 0.000973384
0 0.407929 0.639065 0.320152 0.376199 0.000969227
0 0.198532 0.296576 0.331344 0.286514 0.000968018
0 0.107966 0.797195 0.215931 0.391576 0.000955274
0 0.168566 0.603631 0.312596 0.370789 0.000954052
1 0.935983 0.66393 0.127534 0.64569 0.000953326
0 0.181999 0.849887 0.231354 0.297871 0.000949894
0 0.562304 0.434112 0.446504 0.477302 0.000948774
0 0.194517 0.38621 0.337677 0.289822 0.00094836
0 0.385939 0.610407 0.405211 0.375262 0.000947842
2 0.584226 0.910935 0.149995 0.17813 0.000946799
2 0.599717 0.223478 0.46981 0.261374 0.000945865
1 0.612787 0.201276 0.395746 0.291527 0.000944905
2 0.797473 0.903936 0.167142 0.177529 0.000942022
0 0.864068 0.745732 0.271864 0.315691 0.000935096
0 0.451295 0.66263 0.205945 0.373287 0.000934252
2 0.360988 0.888774 0.236143 0.213704 0.000925688
2 0.576222 0.0922441 0.457266 0.177418 0.000922428
2 0.980394 0.3437 0.037209 0.687399 0.000921451
2 0.840376 0.653739 0.211678 0.363402 0.000918044
0 0.508076 0.713279 0.269623 0.41346 0.000916295
2 0.772277 0.891868 0.23208 0.200302 0.000915782
2 0.97939 0.616434 0.0393381 0.767133 0.000914758
1 0.928779 0.919772 0.141495 0.157279 0.000912922
2 0.780129 0.0677909 0.331868 0.135582 0.000912207
0 0.0283249 0.851602 0.0566499 0.296797 0.00091179
2 0.939807 0.872153 0.119045 0.242102 0.000908553
0 0.160054 0.797195 0.178122 0.337972 0.000905766
1 0.225114 0.387875 0.439599 0.274345 0.000904262
0 0.22614 0.457312 0.387339 0.381054 0.000904075
1 0.587717 0.865525 0.23386 0.268074 0.000898389
0 0.446566 0.41366 0.518102 0.289456 0.000898154
2 0.697406 0.860701 0.224288 0.232534 0.000896754
0 0.249582 0.112692 0.499164 0.218264 0.000895906
0 0.651117 0.516744 0.492806 0.369829 0.000894866
1 0.521647 0.187746 0.521341 0.375491 0.0008946
0 0.537053 0.583273 0.334631 0.407048 0.000894234
0 0.297387 0.393512 0.439627 0.279712 0.000886222
0 0.0355347 0.529839 0.0710693 0.269746 0.000877037
0 0.149327 0.509668 0.298653 0.466995 0.000874995
0 0.124435 0.847569 0.246095 0.295292 0.000874922
0 0.843789 0.242801 0.251374 0.485601 0.000873927
2 0.407648 0.895401 0.278454 0.195484 0.00087378
0 0.675302 0.66389 0.258608 0.339503 0.000868976
0 0.6397 0.0742368 0.490583 0.148474 0.000868362
2 0.358329 0.931101 0.318243 0.137797 0.000867857
1 0.0491058 0.410043 0.0982115 0.714933 0.000867697
2 0.836456 0.902483 0.205276 0.181099 0.000867509
0 0.309582 0.738804 0.348498 0.412049 0.000867321
0 0.765283 0.766115 0.262846 0.172585 0.000867239
0 0.703267 0.368313 0.2631 0.170049 0.000865782
2 0.577166 0.0716439 0.542434 0.143288 0.000864612
2 0.52468 0.0690793 0.156503 0.138159 0.000864309
2 0.971381 0.27781 0.0562443 0.555619 0.000859784
0 0.26563 0.421306 0.474341 0.351442 0.000859279
1 0.876462 0.0824859 0.247076 0.164972 0.00085893
0 0.739376 0.776529 0.172079 0.150358 0.000858469
0 0.833223 0.759742 0.327989 0.240819 0.000857801
1 0.268349 0.935659 0.231128 0.128682 0.000857796
0 0.693028 0.443323 0.522304 0.206137 0.000857441
0 0.815139 0.806468 0.351263 0.275598 0.000856504
2 0.811895 0.0744916 0.265531 0.148983 0.000854536
0 0.739654 0.0409244 0.458711 0.0818488 0.000853563
0 0.863387 0.886039 0.273226 0.213767 0.000850877
0 0.334286 0.360012 0.449165 0.321722 0.000849837
0 0.899825 0.65871 0.194981 0.536224 0.000849641
0 0.683269 0.726643 0.279679 0.333214 0.00084826
2 0.618263 0.934606 0.137279 0.130788 0.000847625
0 0.0913044 0.189725 0.182609 0.335311 0.000844616
1 0.584145 0.249912 0.518647 0.275955 0.000843941
0 0.328661 0.4378 0.440011 0.249908 0.000843012
0 0.70282 0.39823 0.341025 0.154198 0.00084259
0 0.342147 0.814736 0.29861 0.370529 0.000841931
0 0.0462283 0.822084 0.0924565 0.340725 0.000841534
0 0.717019 0.787834 0.203542 0.149021 0.000840032
0 0.0749438 0.595405 0.149191 0.508526 0.000839958
2 0.68829 0.829652 0.213751 0.210908 0.000838791
0 0.0125656 0.553899 0.0250663 0.347632 0.000833632
1 0.930916 0.951465 0.138167 0.0970702 0.000831266
0 0.272174 0.671845 0.322975 0.426418 0.000830809
0 0.843041 0.277493 0.211755 0.554986 0.000830774
0 0.862922 0.0717665 0.156037 0.143533 0.00082888
0 0.237817 0.125778 0.346286 0.245466 0.000828752
1 0.932957 0.886351 0.133165 0.211424 0.000828606
0 0.410102 0.684115 0.258693 0.369154 0.000826232
0 0.179251 0.278348 0.26101 0.279614 0.000825703
2 0.276414 0.0867596 0.549277 0.173519 0.000824776
0 0.890807 0.12495 0.218318 0.249901 0.000824636
0 0.0918743 0.667483 0.183749 0.424398 0.000823714
0 0.488008 0.823062 0.201631 0.353876 0.000823392
0 0.162551 0.872848 0.201755 0.243015 0.000823299
0 0.690736 0.402098 0.482777 0.229045 0.000823143
0 0.906926 0.457991 0.0991432 0.421922 0.000822763
0 0.125669 0.198771 0.240641 0.239769 0.00082185
0 0.0745216 0.147993 0.149043 0.295985 0.000819982
0 0.5806 0.334414 0.52856 0.273848 0.000819287
0 0.98136 0.517482 0.0345642 0.775614 0.000816872
0 0.127648 0.911393 0.205498 0.161472 0.000815527
1 0.328565 0.989295 0.195225 0.0214092 0.000814717
1 0.299886 0.976702 0.191155 0.0465969 0.000813831
0 0.138262 0.259762 0.198621 0.237095 0.000813667
0 0.924562 0.845266 0.0551641 0.0848238 0.000813227
2 0.419464 0.877792 0.359301 0.231287 0.000812277
0 0.604203 0.380388 0.38358 0.220071 0.000811974
0 0.697752 0.481822 0.535778 0.205632 0.000811342
1 0.0699835 0.241217 0.139967 0.482434 0.00080826
2 0.841913 0.084082 0.217306 0.168164 0.000807104
0 0.0744304 0.50028 0.145834 0.507837 0.000805595
0 0.67234 0.126335 0.377397 0.252671 0.000805406
0 0.0941883 0.755983 0.187615 0.322221 0.000803044
0 0.12076 0.721806 0.24152 0.326897 0.000803027
0 0.283106 0.482378 0.441316 0.274116 0.000801193
0 0.383537 0.396603 0.457629 0.29777 0.000800533
0 0.282446 0.624462 0.385091 0.378948 0.000797221
