2 0.468532 0.487802 0.403292 0.541951 0.988864
2 0.466983 0.58351 0.403316 0.343208 0.0292852
2 0.536085 0.473059 0.256509 0.398587 0.0218426
2 0.488004 0.476658 0.358661 0.41473 0.0146794
2 0.468544 0.346068 0.441269 0.607944 0.00672917
2 0.416086 0.396333 0.296209 0.376622 0.00480851
2 0.590725 0.471881 0.140848 0.391788 0.004743
2 0.59014 0.606206 0.656976 0.787589 0.00468881
2 0.496899 0.356926 0.570054 0.436893 0.00463788
2 0.49409 0.399234 0.354157 0.36924 0.00455665
2 0.614829 0.525967 0.770341 0.902131 0.00455221
2 0.469941 0.669488 0.425659 0.661024 0.0036233
2 0.274625 0.640719 0.549249 0.718562 0.00310786
2 0.196586 0.652678 0.393171 0.694644 0.00283454
0 0.412402 0.363246 0.323085 0.487803 0.00281588
2 0.577967 0.318302 0.809916 0.577287 0.00279713
2 0.524912 0.321063 0.621984 0.642126 0.00274376
2 0.41728 0.566203 0.547799 0.724567 0.00272187
2 0.639472 0.798066 0.635212 0.403868 0.00262112
0 0.843048 0.919004 0.313905 0.161993 0.00262063
2 0.471817 0.692899 0.682544 0.614201 0.00256217
0 0.761305 0.946693 0.411878 0.106615 0.00255804
2 0.537626 0.533601 0.235998 0.443711 0.00253026
0 0.33485 0.388652 0.635369 0.644737 0.00252141
0 0.884331 0.167307 0.231338 0.334614 0.00250048
0 0.167951 0.942733 0.335902 0.114535 0.00247998
0 0.690056 0.942864 0.518605 0.114271 0.00247461
0 0.906767 0.191346 0.185106 0.382693 0.00245826
0 0.299565 0.945137 0.460308 0.109726 0.00245431
2 0.858528 0.112806 0.282944 0.225613 0.00244854
2 0.497361 0.760008 0.492171 0.476715 0.00241334
0 0.839537 0.95323 0.318823 0.0935403 0.0023918
0 0.389076 0.945369 0.471911 0.109263 0.0023702
2 0.418926 0.814214 0.733485 0.369682 0.00235759
0 0.235214 0.0879343 0.367515 0.175869 0.00234904
2 0.365211 0.879178 0.575523 0.233177 0.0023384
0 0.513511 0.944007 0.462626 0.111986 0.00233537
0 0.0780106 0.158818 0.156021 0.317637 0.00233196
0 0.894576 0.31697 0.210777 0.617734 0.00229301
2 0.386863 0.623618 0.773726 0.752763 0.0022843
2 0.681066 0.864621 0.559939 0.257414 0.00228186
0 0.338784 0.271765 0.628291 0.540087 0.00227482
0 0.598107 0.368565 0.803787 0.698585 0.00224919
0 0.305018 0.130828 0.519597 0.260934 0.00224589
0 0.84491 0.153201 0.308593 0.306401 0.0022439
0 0.264619 0.40227 0.529238 0.758006 0.00224003
2 0.451913 0.878488 0.429553 0.230267 0.00221942
0 0.487688 0.312682 0.554097 0.625364 0.0022175
0 0.409918 0.151296 0.635536 0.302591 0.00221591
0 0.846697 0.839084 0.304734 0.31862 0.00220801
0 0.875433 0.38616 0.249135 0.772319 0.00219561
0 0.221359 0.327944 0.436626 0.604571 0.00219155
2 0.529061 0.876864 0.442197 0.234627 0.00218414
0 0.169851 0.0964393 0.339701 0.192879 0.00218392
2 0.09218 0.628777 0.18436 0.727405 0.00217995
0 0.0948901 0.925109 0.18978 0.149783 0.00216474
0 0.32543 0.0994496 0.499943 0.198899 0.00216167
2 0.310966 0.82194 0.591484 0.355803 0.00215988
0 0.562389 0.219426 0.828351 0.438851 0.00215186
0 0.0824538 0.192878 0.164908 0.385756 0.00214423
2 0.252919 0.878826 0.436443 0.231329 0.00213931
0 0.112334 0.106381 0.22019 0.212763 0.00213909
0 0.588512 0.16629 0.69299 0.33258 0.00213192
0 0.416669 0.106602 0.602148 0.213204 0.00213052
0 0.687373 0.185679 0.569269 0.371358 0.00212893
2 0.185998 0.0791451 0.181017 0.15829 0.00211924
0 0.192113 0.49548 0.384225 0.955986 0.00211496
0 0.905283 0.519369 0.189434 0.874655 0.00211262
0 0.332056 0.5409 0.615 0.653374 0.00210699
0 0.656043 0.301712 0.673904 0.603425 0.00209771
0 0.20267 0.112215 0.369465 0.216233 0.00207514
2 0.721651 0.483734 0.556699 0.962889 0.00206456
0 0.491198 0.13467 0.598764 0.26934 0.00206239
0 0.0876577 0.280495 0.175315 0.537858 0.00205706
0 0.235401 0.242079 0.437533 0.454347 0.00202553
2 0.796303 0.699891 0.405195 0.600218 0.00202098
0 0.0947815 0.465575 0.189563 0.833929 0.00201352
0 0.799124 0.85498 0.384509 0.277411 0.00199986
0 0.760784 0.146142 0.454948 0.292284 0.00199862
2 0.125981 0.608968 0.251961 0.765278 0.00198775
1 0.447168 0.562012 0.341297 0.384519 0.00197974
0 0.891239 0.681124 0.216436 0.637752 0.00193587
2 0.159945 0.877614 0.310603 0.22685 0.00193135
0 0.85288 0.71759 0.293217 0.56482 0.00192777
0 0.207472 0.143731 0.408786 0.281507 0.0019227
0 0.771842 0.323728 0.452718 0.616697 0.00190702
0 0.134464 0.158757 0.261281 0.317513 0.00190285
2 0.197964 0.753397 0.395928 0.482877 0.00188597
0 0.794269 0.195243 0.401072 0.390485 0.0018671
2 0.798672 0.798455 0.398671 0.399891 0.00186624
2 0.178741 0.808738 0.348396 0.368629 0.00186004
0 0.154543 0.324878 0.306719 0.574756 0.00185924
0 0.729825 0.440508 0.538668 0.865349 0.00185684
0 0.141347 0.529498 0.282693 0.941003 0.00184425
0 0.854685 0.259365 0.290177 0.51553 0.00184351
2 0.0966318 0.740368 0.193264 0.503533 0.00184175
2 0.812688 0.862198 0.367007 0.260884 0.00184007
0 0.0935592 0.845452 0.187118 0.274988 0.00182818
0 0.202202 0.87175 0.404403 0.235517 0.00177176
2 0.80488 0.480925 0.39024 0.961849 0.00172622
0 0.842061 0.470126 0.315878 0.940251 0.00170142
2 0.609726 0.428679 0.104706 0.30666 0.00167516
0 0.0947872 0.786555 0.189574 0.379419 0.00166708
2 0.828472 0.625834 0.343056 0.723331 0.00162997
2 0.867332 0.269033 0.219841 0.267048 0.00162163
0 0.147476 0.865313 0.294952 0.243974 0.00160461
2 0.414812 0.563787 0.29959 0.379942 0.00156309
0 0.45465 0.303119 0.184231 0.182697 0.00148114
0 0.163032 0.796398 0.326064 0.384644 0.00147575
2 0.502371 0.344556 0.360475 0.277137 0.00146202
2 0.433521 0.481072 0.326784 0.292166 0.00145978
0 0.480701 0.326948 0.282301 0.237429 0.00144577
0 0.158669 0.0779189 0.239953 0.155838 0.00140972
0 0.527129 0.576967 0.237307 0.354702 0.00140896
2 0.500945 0.888737 0.14057 0.209498 0.00138127
2 0.488155 0.831899 0.173869 0.336202 0.00137524
0 0.447249 0.288637 0.156541 0.144063 0.00135258
2 0.108861 0.853289 0.214613 0.288308 0.00134869
0 0.266013 0.133582 0.0400743 0.0584508 0.00134075
2 0.351883 0.497192 0.16017 0.208503 0.0013239
2 0.0273051 0.528676 0.0546103 0.816787 0.00130806
2 0.577573 0.43001 0.16675 0.307537 0.00130408
0 0.0227702 0.873447 0.0455404 0.249827 0.00129051
2 0.58943 0.479019 0.106606 0.194121 0.00128491
2 0.0211647 0.455681 0.0423295 0.811718 0.00127564
2 0.851051 0.883286 0.250897 0.218482 0.00126463
2 0.194267 0.894448 0.215052 0.197356 0.00125313
2 0.91621 0.0991764 0.16758 0.198353 0.00124483
2 0.855593 0.829981 0.288813 0.340039 0.0012359
0 0.0199071 0.805268 0.0398127 0.379699 0.00123034
2 0.923865 0.76399 0.152074 0.47202 0.00120795
0 0.259277 0.130629 0.0319475 0.0566065 0.00120542
2 0.0191047 0.37131 0.0382095 0.742619 0.00120246
2 0.819682 0.865997 0.23311 0.25939 0.00120177
2 0.957938 0.721067 0.083107 0.557865 0.00120021
0 0.298261 0.946704 0.137314 0.106593 0.00118439
2 0.874987 0.249968 0.250027 0.328173 0.0011809
0 0.0194912 0.72429 0.0389824 0.55142 0.00117773
2 0.593477 0.535604 0.131108 0.259049 0.00117485
2 0.0881595 0.662324 0.175232 0.384548 0.00115787
2 0.20133 0.0816247 0.270038 0.163249 0.00114388
2 0.964847 0.640262 0.0693683 0.719475 0.00112998
0 0.291092 0.90928 0.118082 0.172523 0.00112009
2 0.532865 0.828879 0.240359 0.342243 0.00110414
2 0.527028 0.872504 0.203232 0.242844 0.00110294
2 0.543007 0.600035 0.210198 0.304871 0.00109961
2 0.962236 0.321181 0.0745746 0.642362 0.00108717
2 0.0236284 0.616272 0.0472568 0.767457 0.00108331
2 0.0183888 0.292675 0.0367777 0.58535 0.00107797
0 0.0216306 0.638443 0.0432612 0.723113 0.00107028
2 0.114034 0.883218 0.228069 0.215665 0.00106735
2 0.849966 0.273903 0.179624 0.218697 0.0010649
0 0.23734 0.897755 0.22941 0.194572 0.00106397
2 0.196864 0.863407 0.253574 0.273186 0.00105106
0 0.266362 0.941261 0.232019 0.117477 0.0010354
0 0.504999 0.941269 0.196923 0.117461 0.00102623
2 0.793068 0.886372 0.213807 0.212114 0.00102568
0 0.271208 0.892542 0.17767 0.201523 0.00102225
0 0.0539831 0.930931 0.107966 0.138021 0.00101995
0 0.328301 0.94617 0.180993 0.10766 0.00101713
2 0.965799 0.773255 0.0675669 0.453491 0.00100328
2 0.0532568 0.522817 0.106514 0.612076 0.00100078
0 0.213938 0.937311 0.231332 0.125378 0.000986202
0 0.318124 0.90101 0.154172 0.188875 0.000984005
2 0.920253 0.634686 0.15946 0.548639 0.000974789
2 0.942168 0.22652 0.115597 0.453039 0.000966816
0 0.478566 0.857896 0.191305 0.269929 0.000963025
2 0.492194 0.915826 0.141457 0.155491 0.000958057
0 0.469653 0.290752 0.240366 0.171726 0.000954799
0 0.806655 0.861552 0.181124 0.271243 0.000948753
0 0.0638967 0.79913 0.127793 0.394994 0.000946391
2 0.11351 0.900391 0.175099 0.185242 0.000942286
0 0.839408 0.893498 0.185715 0.201581 0.000933226
0 0.0892945 0.883695 0.17288 0.217887 0.000927012
0 0.853704 0.235713 0.218522 0.332236 0.000925922
0 0.762318 0.878751 0.296943 0.227624 0.000920404
0 0.306821 0.997582 0.151675 0.00483563 0.000919136
2 0.147053 0.901308 0.153017 0.184417 0.000918135
0 0.87973 0.8873 0.229956 0.213376 0.000917223
0 0.330236 0.884308 0.187956 0.22006 0.000916618
0 0.049207 0.844945 0.098414 0.296087 0.000916552
0 0.0398194 0.872405 0.0796387 0.239067 0.000916035
2 0.0564 0.646002 0.1128 0.624619 0.000915499
0 0.0794148 0.773137 0.15883 0.453725 0.000914313
0 0.38861 0.409765 0.246258 0.401529 0.000912754
2 0.960424 0.922626 0.0781864 0.154749 0.000911613
0 0.20182 0.397121 0.205422 0.274722 0.000910798
2 0.264924 0.866377 0.220507 0.267247 0.000906898
0 0.474341 0.907219 0.180662 0.171547 0.000906397
2 0.333459 0.507907 0.120272 0.182211 0.000901276
2 0.914836 0.160847 0.170328 0.321694 0.000899041
0 0.873003 0.579629 0.249792 0.211159 0.000893337
0 0.808039 0.794243 0.1708 0.306353 0.000891137
2 0.145898 0.851445 0.291795 0.297111 0.000890181
0 0.175899 0.951384 0.202755 0.0972329 0.000889486
2 0.968601 0.814339 0.0616787 0.371323 0.000885095
2 0.822637 0.89467 0.185312 0.199161 0.000884718
2 0.9676 0.390978 0.0638642 0.778427 0.000884206
0 0.375573 0.585887 0.216145 0.326238 0.000882994
0 0.867473 0.543732 0.265053 0.273844 0.000881145
2 0.968701 0.55164 0.061988 0.796551 0.000880212
2 0.0262894 0.183047 0.0525788 0.366095 0.000879462
1 0.5301 0.627541 0.206222 0.253868 0.000879177
0 0.15654 0.329214 0.209011 0.202725 0.000877124
0 0.205587 0.431707 0.170652 0.200229 0.000876475
2 0.0924976 0.483551 0.181647 0.305289 0.00087614
2 0.929182 0.81759 0.141105 0.351116 0.000875851
0 0.494198 0.997755 0.167846 0.00448907 0.000875692
0 0.0543228 0.458046 0.108646 0.648824 0.000872935
0 0.554814 0.998271 0.145997 0.0034585 0.000872118
0 0.784087 0.903867 0.181682 0.178741 0.000866235
2 0.337545 0.09651 0.186922 0.19302 0.000864906
0 0.753785 0.896795 0.223222 0.19161 0.000861955
0 0.120848 0.942493 0.23288 0.115013 0.000861942
0 0.177884 0.359286 0.248485 0.269559 0.000861866
0 0.590324 0.998277 0.161706 0.00344568 0.000859541
0 0.494231 0.617039 0.198605 0.267838 0.000854461
2 0.789282 0.119313 0.282298 0.238627 0.000853653
2 0.0587718 0.484559 0.117544 0.426701 0.000853309
0 0.774862 0.801381 0.276298 0.367932 0.000852232
0 0.83107 0.803874 0.236662 0.387645 0.000851508
0 0.0594522 0.996171 0.118904 0.00765881 0.000850328
0 0.263956 0.997811 0.167564 0.00437891 0.00085008
0 0.776856 0.946444 0.257024 0.107111 0.000850063
0 0.896366 0.564395 0.207269 0.25289 0.000849736
0 0.176347 0.0708517 0.112825 0.141703 0.000849645
0 0.208006 0.997429 0.182942 0.00514221 0.000849569
1 0.504349 0.649785 0.158739 0.197977 0.000848168
2 0.365662 0.558037 0.191852 0.327632 0.000847991
2 0.593447 0.854404 0.132479 0.284304 0.000847876
1 0.0452163 0.953202 0.0904326 0.0935966 0.00084642
0 0.641658 0.998289 0.177507 0.00342291 0.000846273
0 0.673363 0.950292 0.226873 0.0994167 0.000846252
0 0.0600056 0.504063 0.120011 0.42161 0.000843258
0 0.0982869 0.997585 0.17802 0.00482959 0.000840044
2 0.912042 0.557224 0.175916 0.420293 0.000839228
2 0.962524 0.974233 0.0749526 0.0515342 0.000838949
0 0.442032 0.998347 0.165897 0.0033056 0.000838554
0 0.356959 0.998291 0.158912 0.00341888 0.000838182
0 0.739263 0.998435 0.181972 0.00312921 0.000835346
1 0.878009 0.159819 0.243981 0.319639 0.000834147
2 0.594129 0.892362 0.12784 0.199996 0.000832665
0 0.193961 0.822461 0.228781 0.355078 0.000832112
2 0.243078 0.814387 0.249663 0.371226 0.000832087
2 0.309513 0.851044 0.194168 0.297912 0.000831282
2 0.142176 0.0840537 0.250412 0.168107 0.000830843
0 0.54206 0.872869 0.241566 0.242602 0.000829172
0 0.825452 0.955958 0.226436 0.0880837 0.000827762
0 0.623664 0.902307 0.146217 0.1795 0.000827418
2 0.385131 0.0979395 0.261728 0.195879 0.000827072
0 0.35877 0.951122 0.222955 0.097757 0.0008257
0 0.920795 0.63586 0.15841 0.439397 0.000825596
0 0.531879 0.997703 0.157244 0.00459308 0.000825328
0 0.654216 0.898297 0.169926 0.18733 0.000824319
2 0.76345 0.122705 0.211736 0.218428 0.000822748
2 0.942229 0.325942 0.115541 0.551896 0.000821991
0 0.386156 0.998589 0.158527 0.00282294 0.000820515
0 0.792981 0.998016 0.195573 0.00396863 0.000815268
0 0.558194 0.77668 0.194119 0.44664 0.000814462
2 0.594434 0.465367 0.121024 0.306442 0.00081417
2 0.45425 0.83567 0.231931 0.32866 0.000813323
0 0.690358 0.998534 0.180258 0.0029328 0.000812359
0 0.862489 0.998466 0.179074 0.00306799 0.000809971
2 0.916607 0.215231 0.166357 0.430462 0.000809949
0 0.868749 0.621793 0.261968 0.20549 0.000809849
0 0.163796 0.794393 0.218218 0.411214 0.000808082
2 0.28333 0.819008 0.183055 0.361984 0.000807026
2 0.157263 0.706013 0.216393 0.317314 0.00080676
0 0.535458 0.896343 0.189998 0.198502 0.000805891
0 0.124793 0.328677 0.129673 0.165428 0.000805649
0 0.160599 0.998267 0.163553 0.00346515 0.00080509
0 0.178827 0.422903 0.25852 0.274662 0.000804065
2 0.962687 0.861046 0.0729722 0.277908 0.000802261
0 0.324256 0.0981036 0.18887 0.164227 0.000800803
0 0.22503 0.376875 0.236625 0.330623 0.000799563
0 0.88392 0.615488 0.232159 0.302371 0.000799255
0 0.588981 0.84393 0.118078 0.303774 0.000796867
0 0.0724679 0.998264 0.144818 0.00347278 0.000796184
1 0.0587261 0.35438 0.117452 0.691039 0.00079453
0 0.330062 0.84246 0.190858 0.315079 0.000794313
1 0.0551077 0.700084 0.110215 0.599831 0.000794225
0 0.869935 0.670334 0.26013 0.367401 0.000794176
2 0.815881 0.998335 0.18573 0.00332904 0.000793856
0 0.846831 0.276166 0.215226 0.241548 0.000793799
0 0.872716 0.951138 0.234594 0.0977245 0.000792953
0 0.196817 0.791549 0.177131 0.387709 0.000792407
2 0.104537 0.399581 0.207234 0.40793 0.000792295
2 0.914392 0.486885 0.170995 0.37389 0.000792289
0 0.687244 0.89087 0.144418 0.20081 0.000787981
0 0.0557765 0.741094 0.111553 0.517812 0.000787681
2 0.860134 0.752153 0.279732 0.276202 0.000787583
0 0.845063 0.510963 0.281262 0.326633 0.000787579
0 0.723902 0.949445 0.223289 0.10111 0.000787284
2 0.121494 0.677798 0.242989 0.366796 0.00078677
0 0.271666 0.431936 0.280085 0.307959 0.0007864
2 0.117976 0.786082 0.235952 0.427835 0.000786146
2 0.139301 0.998186 0.162797 0.00362744 0.000785345
0 0.0680225 0.395718 0.135958 0.455327 0.000783901
1 0.605364 0.508392 0.115655 0.301653 0.000783022
0 0.813391 0.183623 0.268192 0.347452 0.000782863
