0 0.29403 0.372179 0.145076 0.180616 0.917804
0 0.520079 0.745277 0.118944 0.0927193 0.911097
0 0.499394 0.470756 0.147702 0.112697 0.910959
0 0.78248 0.836705 0.0905988 0.0781145 0.877563
0 0.293057 0.341469 0.144476 0.118084 0.841777
0 0.0492233 0.674784 0.0984467 0.100187 0.82896
0 0.941872 0.716958 0.0585271 0.0536412 0.72051
0 0.308694 0.416981 0.107732 0.0849794 0.663665
0 0.0328292 0.0833319 0.065609 0.0817088 0.505612
0 0.0328294 0.0629951 0.0655051 0.12599 0.216822
0 0.0493707 0.649946 0.0970075 0.149471 0.198816
0 0.724014 0.382412 0.0365903 0.0227874 0.085722
0 0.049205 0.655539 0.09841 0.215814 0.0564189
0 0.868601 0.984891 0.0351965 0.0295477 0.0543353
0 0.0288909 0.6819 0.0577818 0.0848196 0.0456894
0 0.293471 0.328633 0.132946 0.0871762 0.0349131
0 0.0275949 0.692721 0.0550123 0.0605955 0.034666
0 0.0215564 0.982882 0.0426892 0.0332728 0.0333023
0 0.0497881 0.695266 0.0995762 0.238224 0.0302484
0 0.95213 0.718296 0.0737917 0.0615612 0.0301828
0 0.326745 0.420559 0.0699796 0.0786195 0.0295854
0 0.0231 0.990651 0.0450647 0.0183804 0.0280039
0 0.035656 0.110918 0.0701548 0.221835 0.023411
0 0.0361689 0.660877 0.0722078 0.0737814 0.0216563
0 0.5032 0.74202 0.0831158 0.0857421 0.0207417
0 0.822619 0.837599 0.172825 0.0783676 0.0200971
0 0.878199 0.985145 0.0681807 0.0297104 0.0180568
0 0.491675 0.753645 0.0593095 0.0583358 0.017654
2 0.0312735 0.0803335 0.062547 0.11877 0.0154455
0 0.385796 0.373895 0.335622 0.183218 0.0152785
0 0.517228 0.453972 0.115915 0.079079 0.0150597
0 0.0238589 0.699396 0.0465703 0.0491284 0.0147287
0 0.480221 0.744728 0.194513 0.0995653 0.0135093
0 0.292461 0.318156 0.120278 0.0658098 0.0127245
0 0.0346735 0.10871 0.069347 0.125442 0.0122346
0 0.0484061 0.603971 0.0963226 0.267381 0.0120095
0 0.0231028 0.944808 0.0461568 0.105645 0.0120014
0 0.901453 0.982537 0.13345 0.0334743 0.0117001
0 0.499334 0.438819 0.0482532 0.0444886 0.0112352
0 0.045336 0.667301 0.0904101 0.0761642 0.011139
0 0.0342453 0.129143 0.0680991 0.258285 0.0101137
0 0.0701706 0.628299 0.129413 0.240484 0.00941144
0 0.796164 0.838274 0.0640509 0.0701306 0.00940434
0 0.0256741 0.642987 0.0507375 0.102663 0.00918309
0 0.0609183 0.928279 0.121784 0.141782 0.00831381
0 0.478645 0.477841 0.104909 0.0914543 0.00830828
0 0.498344 0.446309 0.065805 0.0620165 0.00803408
0 0.0899907 0.959236 0.179981 0.0812774 0.00792285
0 0.508274 0.749326 0.158534 0.0951499 0.00780131
0 0.0629819 0.682645 0.122525 0.182943 0.00776613
0 0.50209 0.48055 0.112551 0.0856587 0.00775385
0 0.0249712 0.898953 0.0498425 0.202095 0.00739428
0 0.120232 0.112353 0.200103 0.224706 0.00677541
0 0.425969 0.471457 0.333698 0.101225 0.00664911
0 0.404908 0.410912 0.380506 0.21311 0.00648012
0 0.0605096 0.990073 0.121019 0.0192833 0.00644032
0 0.513943 0.447106 0.0888114 0.063341 0.00639261
2 0.0324235 0.0859357 0.0648471 0.0805317 0.00624194
0 0.0268123 0.0936947 0.0527315 0.0649531 0.00591659
0 0.261635 0.368895 0.221925 0.189893 0.00591548
2 0.942357 0.713193 0.0628811 0.0628244 0.00590857
0 0.0289401 0.986274 0.0578802 0.0268959 0.00583896
0 0.330187 0.433592 0.0627136 0.0509006 0.00576008
0 0.766872 0.835536 0.126721 0.0852238 0.00571101
0 0.560835 0.469585 0.27227 0.116007 0.00539068
0 0.465577 0.480012 0.0738336 0.0840582 0.00525041
0 0.298995 0.310569 0.10258 0.0516751 0.00516358
0 0.475399 0.486217 0.0568885 0.0700787 0.00498051
0 0.0218372 0.972787 0.0430587 0.0544253 0.00478902
0 0.973286 0.816146 0.026738 0.0195114 0.00465718
0 0.963624 0.727502 0.0703627 0.0816051 0.00461106
0 0.472898 0.501313 0.0556616 0.0381953 0.00448622
0 0.842435 0.735346 0.0305118 0.0229568 0.00443856
0 0.447612 0.434401 0.324896 0.192211 0.00437944
0 0.0924788 0.897009 0.184445 0.203346 0.00437248
0 0.469939 0.363068 0.532731 0.24669 0.0043593
0 0.0483233 0.566641 0.0947239 0.386902 0.00434479
0 0.114927 0.607307 0.206647 0.300264 0.00433293
0 0.0977741 0.924031 0.195548 0.151938 0.00426884
0 0.48257 0.446582 0.0877469 0.0606819 0.0042564
2 0.513914 0.725193 0.127954 0.133062 0.00418389
0 0.0548841 0.790547 0.108223 0.393396 0.00417715
0 0.853925 0.830604 0.28695 0.0871201 0.00410168
0 0.487236 0.497091 0.0820852 0.0530189 0.00403251
0 0.668982 0.756385 0.542831 0.114901 0.00402066
0 0.426188 0.362781 0.439192 0.340937 0.00386598
0 0.502909 0.431968 0.034255 0.0322704 0.00378018
0 0.509442 0.688498 0.175342 0.211352 0.00376032
0 0.0987699 0.677439 0.19754 0.0967814 0.00376009
0 0.856986 0.784182 0.265903 0.186784 0.00374987
0 0.0932886 0.746695 0.181492 0.290558 0.00372604
0 0.144095 0.946967 0.288095 0.105933 0.00372164
0 0.785505 0.849193 0.100803 0.103016 0.00367102
0 0.0718459 0.845026 0.142101 0.309948 0.00365974
0 0.764565 0.844993 0.0613706 0.0613747 0.00359415
0 0.0255698 0.871613 0.0511397 0.256775 0.0035814
0 0.515992 0.726915 0.122979 0.132784 0.00351682
0 0.0626227 0.0745884 0.125245 0.102892 0.00348939
0 0.317109 0.435961 0.0832253 0.0467897 0.00347132
0 0.486712 0.487713 0.194153 0.108334 0.00341812
0 0.264567 0.332611 0.0787399 0.0944297 0.00336167
0 0.579452 0.849703 0.295752 0.291886 0.00333043
0 0.280856 0.320268 0.189853 0.293366 0.00328751
0 0.988312 0.754281 0.0226652 0.0246653 0.00325639
0 0.566616 0.758098 0.487786 0.134135 0.00322626
0 0.0626291 0.891254 0.124989 0.217492 0.00320474
0 0.320416 0.397588 0.212188 0.224362 0.00318948
0 0.139153 0.903489 0.27253 0.184897 0.00317144
0 0.700457 0.450043 0.599086 0.167335 0.00315792
0 0.836217 0.851416 0.309785 0.111418 0.00315781
0 0.0593315 0.672532 0.0762514 0.0827959 0.00315209
0 0.84602 0.840607 0.307959 0.233559 0.00314213
0 0.706963 0.836737 0.427902 0.0766203 0.00313037
0 0.363875 0.392815 0.258412 0.139638 0.00312199
0 0.0491363 0.219559 0.0982727 0.439118 0.00309339
0 0.462415 0.462529 0.0713097 0.0597906 0.0030865
0 0.816846 0.950767 0.366307 0.098466 0.00308265
0 0.548214 0.328423 0.723075 0.461687 0.00303767
0 0.197957 0.956887 0.395913 0.0847893 0.00303484
0 0.427802 0.165293 0.029869 0.0188795 0.00301857
0 0.637578 0.773228 0.522872 0.162421 0.00301611
1 0.528174 0.215691 0.939307 0.431381 0.00301523
0 0.218792 0.670404 0.437585 0.126816 0.00301394
2 0.0470454 0.0646456 0.0940908 0.129291 0.00300637
0 0.149871 0.154766 0.266373 0.29457 0.00300553
0 0.515508 0.848078 0.173318 0.299159 0.00299857
0 0.449317 0.738032 0.297844 0.107874 0.00299716
0 0.862973 0.985596 0.0704994 0.0288081 0.00298913
0 0.357794 0.329185 0.306136 0.3081 0.00297664
0 0.781929 0.819765 0.0971393 0.118557 0.00297139
0 0.820779 0.971732 0.351967 0.0565354 0.00296014
0 0.550039 0.463768 0.0461171 0.0398037 0.00295106
0 0.786783 0.84973 0.203112 0.0791105 0.00291568
0 0.529119 0.370579 0.651292 0.342012 0.00291497
0 0.549909 0.24319 0.900181 0.48638 0.00290843
0 0.663227 0.432153 0.673547 0.331449 0.00281639
0 0.906544 0.984242 0.186912 0.0315164 0.0028114
0 0.806645 0.879951 0.38671 0.230245 0.0028094
0 0.613562 0.744331 0.521623 0.160167 0.00279634
0 0.210005 0.0769545 0.410618 0.153909 0.00277245
0 0.32857 0.318441 0.062524 0.0659427 0.00276311
0 0.906827 0.968186 0.186347 0.0636278 0.00275376
0 0.0337715 0.185049 0.067543 0.370097 0.00274298
0 0.213689 0.642624 0.413775 0.221085 0.00270699
0 0.734438 0.851428 0.307865 0.092308 0.00269521
0 0.0648891 0.51819 0.129778 0.426179 0.00268571
0 0.301842 0.365852 0.46156 0.2019 0.00264995
0 0.908641 0.642657 0.182718 0.2705 0.00264839
0 0.144522 0.862655 0.28205 0.265292 0.00260223
0 0.653483 0.84732 0.693034 0.299976 0.00259464
0 0.728733 0.963856 0.456667 0.0722875 0.0025781
1 0.545429 0.152629 0.892834 0.302595 0.00256855
0 0.653196 0.687979 0.599605 0.250998 0.00255984
0 0.131019 0.964396 0.262037 0.0705543 0.00255955
0 0.675088 0.817101 0.632843 0.187693 0.00255779
0 0.142382 0.790272 0.280418 0.389832 0.00254283
0 0.634869 0.960212 0.56069 0.0795759 0.0025357
0 0.422869 0.467555 0.381257 0.187751 0.00253364
0 0.528992 0.737243 0.100311 0.0715433 0.00252821
0 0.559272 0.747701 0.211257 0.0955724 0.00251449
0 0.332768 0.956154 0.61624 0.0872212 0.00250582
0 0.0352916 0.655461 0.0641779 0.0574703 0.00249524
0 0.796027 0.909428 0.395757 0.15173 0.00249364
0 0.323299 0.0878286 0.599009 0.165943 0.00247417
0 0.237472 0.706653 0.474943 0.177438 0.00246992
0 0.956526 0.73058 0.0785481 0.111552 0.00246299
0 0.101186 0.0680265 0.202373 0.125792 0.0024607
0 0.202419 0.326326 0.297843 0.299112 0.0024564
0 0.39884 0.426462 0.324686 0.0745262 0.00244545
0 0.144479 0.564237 0.262985 0.355112 0.0024385
0 0.700812 0.488369 0.598375 0.203516 0.0024347
0 0.798095 0.108615 0.403811 0.21723 0.0024265
0 0.498622 0.760486 0.0738802 0.0628778 0.00241907
0 0.0766151 0.27774 0.15323 0.503924 0.00241421
0 0.573 0.137224 0.81682 0.27184 0.00241108
1 0.535488 0.100142 0.78856 0.197942 0.00239659
0 0.202022 0.91734 0.404044 0.154642 0.00239471
0 0.594294 0.386608 0.811411 0.455167 0.0023875
0 0.923667 0.598327 0.152666 0.347071 0.00238382
0 0.850718 0.137719 0.295901 0.274356 0.00236795
0 0.303541 0.412359 0.274656 0.223327 0.00236608
0 0.520369 0.956015 0.587896 0.0879692 0.00235874
0 0.0861227 0.449034 0.172245 0.3882 0.00234871
0 0.694582 0.86888 0.610836 0.205323 0.00234187
0 0.0960391 0.337505 0.192078 0.458405 0.00232481
0 0.0568317 0.727981 0.113663 0.21951 0.00231734
0 0.808022 0.198274 0.38337 0.390399 0.00231218
0 0.459376 0.473317 0.0658101 0.0566845 0.00229192
0 0.5279 0.094646 0.743526 0.186528 0.0022594
0 0.721056 0.917796 0.42701 0.151011 0.00224738
0 0.505892 0.492157 0.115247 0.0685844 0.00224041
0 0.558773 0.85006 0.4545 0.29988 0.00223853
0 0.294249 0.39552 0.419634 0.185547 0.00223236
0 0.81843 0.985182 0.186414 0.0296364 0.00222966
0 0.0725396 0.683742 0.0490764 0.0417631 0.00222674
0 0.177267 0.233045 0.34565 0.433725 0.00220848
0 0.702875 0.517802 0.594251 0.413586 0.00220119
0 0.498551 0.582119 0.189963 0.2114 0.00219909
0 0.360961 0.3426 0.278357 0.11814 0.00219153
0 0.525145 0.767529 0.122575 0.139544 0.00218926
0 0.21693 0.590593 0.38704 0.209218 0.00217613
0 0.274517 0.324218 0.0914662 0.0750665 0.00217048
0 0.918862 0.545135 0.162277 0.515452 0.00215886
0 0.453207 0.0726631 0.601396 0.142989 0.00215558
0 0.0135598 0.65195 0.0266579 0.158482 0.00213787
0 0.415136 0.696304 0.322928 0.190742 0.00213448
0 0.0437816 0.16867 0.0875633 0.33734 0.00213434
0 0.254338 0.0516858 0.485008 0.101751 0.00213352
0 0.342668 0.0566842 0.507346 0.110876 0.00212238
0 0.627116 0.892874 0.728107 0.211765 0.00211731
0 0.89513 0.505394 0.209739 0.528775 0.00211277
0 0.420404 0.739306 0.484709 0.149806 0.00210977
0 0.649653 0.909182 0.599456 0.174505 0.00210904
0 0.0211909 0.701827 0.0411392 0.159689 0.00209749
0 0.7942 0.285193 0.411601 0.56608 0.00209239
0 0.855524 0.45327 0.288952 0.54442 0.00208441
0 0.538166 0.513211 0.0384351 0.0244473 0.00207486
0 0.831531 0.389703 0.336938 0.602558 0.00207228
0 0.27962 0.133095 0.515523 0.249502 0.00206813
0 0.234842 0.35099 0.462907 0.316029 0.00206512
1 0.583875 0.29295 0.832251 0.5859 0.00206494
0 0.563614 0.350821 0.872771 0.606921 0.00205475
0 0.080791 0.0290882 0.0218729 0.0144743 0.00204983
0 0.873435 0.670248 0.237512 0.182152 0.00204096
0 0.448729 0.468341 0.248268 0.117223 0.00203592
0 0.373969 0.261259 0.565432 0.389484 0.00203186
0 0.200339 0.302144 0.395655 0.412499 0.00202974
0 0.524704 0.790385 0.657918 0.210572 0.00202757
0 0.485363 0.862151 0.619467 0.267442 0.00200996
0 0.0503718 0.74672 0.100744 0.50656 0.00198912
0 0.220858 0.890763 0.441717 0.193286 0.00198762
0 0.366328 0.921043 0.663884 0.148543 0.00198729
0 0.327208 0.30813 0.0459785 0.0449539 0.00198074
0 0.708485 0.10338 0.577565 0.205864 0.00198013
0 0.206418 0.422798 0.387751 0.273925 0.00197678
0 0.237082 0.780131 0.474165 0.242011 0.00197494
0 0.456067 0.447509 0.520293 0.252045 0.00196916
0 0.48644 0.723405 0.199446 0.143045 0.00196811
0 0.674479 0.568862 0.651043 0.363348 0.00196214
0 0.159351 0.475658 0.299074 0.307272 0.00195752
0 0.479752 0.917206 0.705235 0.158255 0.00194415
0 0.513537 0.637299 0.193166 0.279003 0.0019429
0 0.0259214 0.0806315 0.0512982 0.161263 0.00194156
0 0.415652 0.227842 0.736064 0.436696 0.00192997
1 0.525329 0.777049 0.141271 0.159045 0.00192695
0 0.0123114 0.931913 0.0243921 0.136174 0.00192652
0 0.452819 0.5825 0.306623 0.225688 0.0019191
0 0.686098 0.41974 0.627803 0.493439 0.00191706
0 0.0606218 0.571386 0.121244 0.336484 0.00191015
0 0.424808 0.650892 0.333989 0.225382 0.00190575
0 0.525854 0.497681 0.0706225 0.0572806 0.00190493
2 0.790578 0.836095 0.0754436 0.0696247 0.0019025
0 0.768408 0.145556 0.463185 0.288993 0.00189994
0 0.288749 0.25772 0.42279 0.391048 0.00188264
0 0.234565 0.178752 0.46438 0.285247 0.00188061
0 0.335981 0.456737 0.260547 0.296867 0.00187147
0 0.350951 0.75645 0.649081 0.23644 0.00186473
0 0.660838 0.624773 0.608639 0.380097 0.00186372
0 0.892042 0.619038 0.209938 0.270165 0.0018568
0 0.239351 0.511438 0.403698 0.250978 0.00185113
0 0.361332 0.699139 0.471664 0.206876 0.0018368
0 0.297544 0.418031 0.146285 0.100156 0.00183562
1 0.525616 0.746896 0.113163 0.0914943 0.00181458
0 0.395029 0.809776 0.65128 0.28406 0.00181272
2 0.0298492 0.0864691 0.059469 0.172938 0.00181072
0 0.381428 0.880556 0.666899 0.215692 0.00180205
0 0.294411 0.407331 0.0837011 0.0516525 0.00180116
0 0.265886 0.43444 0.427832 0.235696 0.00179542
0 0.288995 0.47832 0.285363 0.237326 0.00179344
0 0.699019 0.227773 0.600802 0.451247 0.00178954
0 0.694143 0.716941 0.611713 0.278398 0.00178505
0 0.0252154 0.826435 0.0504308 0.347129 0.0017663
0 0.909408 0.718641 0.146815 0.0573769 0.00176207
0 0.893973 0.60339 0.210776 0.405456 0.00176109
2 0.536509 0.748439 0.087178 0.0869965 0.00175373
0 0.905439 0.949179 0.189122 0.101642 0.00175072
0 0.363548 0.656371 0.470219 0.234674 0.00172706
0 0.867761 0.561969 0.264478 0.498393 0.00172619
0 0.988155 0.747141 0.0227027 0.0365225 0.00172348
2 0.691197 0.256738 0.617605 0.509446 0.00171681
0 0.324433 0.337919 0.0772282 0.106866 0.00171552
0 0.276346 0.814892 0.552692 0.268061 0.00170505
0 0.834486 0.702066 0.307881 0.228493 0.00169685
2 0.334994 0.427641 0.0535007 0.0661388 0.00167516
0 0.457386 0.460709 0.0603986 0.0347898 0.00166632
0 0.408357 0.576795 0.486396 0.251358 0.00166491
0 0.702428 0.640586 0.595144 0.295281 0.00165471
0 0.325513 0.581762 0.338292 0.239681 0.00164035
0 0.839146 0.980273 0.280278 0.039454 0.00163971
0 0.706815 0.57245 0.586369 0.533384 0.00163912
0 0.0277184 0.570044 0.0554367 0.482394 0.00163768
0 0.816839 0.61652 0.366323 0.42893 0.00161172
0 0.843454 0.642232 0.307192 0.278662 0.00160449
0 0.80356 0.842174 0.0512449 0.0599289 0.00159854
0 0.706581 0.323886 0.586838 0.643093 0.00157794
0 0.962531 0.767949 0.0749381 0.196212 0.00154666
0 0.955083 0.709066 0.0859361 0.074915 0.00154408
0 0.987633 0.761762 0.0245445 0.0411505 0.0015328
0 0.286058 0.314547 0.143749 0.162118 0.00153075
0 0.947832 0.732188 0.104336 0.0980994 0.00152694
