1 0.625435 0.522665 0.578407 0.398632 0.967689
1 0.875598 0.894543 0.244566 0.209668 0.861813
1 0.627422 0.658404 0.582445 0.681228 0.330208
1 0.541315 0.521509 0.400763 0.400282 0.07901
0 0.709799 0.0970884 0.0437218 0.029787 0.0584956
1 0.877863 0.947448 0.242992 0.105104 0.0477695
1 0.717241 0.8921 0.565518 0.215304 0.0313013
0 0.964846 0.147832 0.0409332 0.0329893 0.0277027
1 0.798704 0.893262 0.3956 0.212551 0.0259925
0 0.384996 0.0355715 0.0983609 0.0570731 0.0255195
0 0.941404 0.152793 0.0889478 0.0445016 0.0239052
1 0.588745 0.654693 0.499436 0.522017 0.0223529
0 0.367617 0.289705 0.130877 0.0841159 0.0210294
0 0.34512 0.282832 0.0804451 0.0683581 0.0169133
0 0.936015 0.719701 0.0450829 0.0715551 0.0144208
1 0.862223 0.844529 0.273072 0.310942 0.0118749
0 0.379261 0.0361444 0.382295 0.0697756 0.0103063
1 0.463126 0.612523 0.242288 0.213268 0.0100305
1 0.510742 0.613842 0.346242 0.212386 0.00946594
2 0.388962 0.0404044 0.112326 0.0632273 0.00933649
0 0.321071 0.0317301 0.405984 0.0620038 0.0092344
0 0.4448 0.037399 0.267688 0.0693178 0.00906522
0 0.253749 0.248082 0.0446044 0.0370802 0.00868475
0 0.967666 0.148652 0.044065 0.045742 0.00850155
0 0.405544 0.0466964 0.0904247 0.0704062 0.00805545
0 0.339285 0.280784 0.0572439 0.0624173 0.00804477
1 0.698532 0.752252 0.598445 0.495185 0.00726689
0 0.962863 0.425203 0.0733152 0.0837745 0.00726307
1 0.418773 0.0448559 0.592846 0.0897118 0.00714086
1 0.651977 0.844922 0.693175 0.310157 0.00660903
1 0.722784 0.532642 0.386021 0.350145 0.00643299
0 0.95753 0.153423 0.0589498 0.045886 0.00638141
0 0.394525 0.0439053 0.120084 0.0785593 0.00615812
0 0.387534 0.0341023 0.132607 0.0618825 0.00603162
0 0.395459 0.0386167 0.0802986 0.0495554 0.00577803
0 0.84905 0.818185 0.076035 0.0559622 0.00576988
1 0.87113 0.726994 0.257741 0.546012 0.00521098
0 0.0839283 0.0103623 0.141138 0.0207245 0.0051392
2 0.939669 0.717818 0.048674 0.0750512 0.00501935
0 0.717919 0.0975663 0.061174 0.0345349 0.00494425
1 0.739498 0.679064 0.44954 0.641871 0.00493247
1 0.514038 0.566003 0.762677 0.492157 0.00481125
1 0.529929 0.901182 0.940143 0.197636 0.00473884
1 0.485567 0.648937 0.832571 0.677875 0.00470701
0 0.978387 0.0155309 0.0432264 0.0310619 0.00468762
1 0.507561 0.0551021 0.680738 0.108156 0.00419525
2 0.890249 0.846292 0.192972 0.115542 0.00417563
0 0.460373 0.0369787 0.425044 0.071359 0.00401759
0 0.967589 0.177309 0.0554433 0.0962546 0.00399364
0 0.986495 0.0537353 0.0261289 0.0418597 0.00390495
0 0.29733 0.0255888 0.491027 0.0502123 0.00388634
0 0.957176 0.413254 0.0849094 0.0820278 0.00388324
1 0.559184 0.595983 0.434044 0.250274 0.00386826
0 0.713831 0.103507 0.0548353 0.045376 0.00384746
0 0.631558 0.501318 0.579343 0.373878 0.003817
0 0.358112 0.0436421 0.199316 0.0807746 0.00377789
0 0.912971 0.107344 0.170958 0.213492 0.00377736
0 0.977408 0.0397814 0.0451845 0.0791824 0.00370427
0 0.537156 0.0652039 0.725567 0.130252 0.00368429
1 0.545635 0.118244 0.798519 0.23568 0.00365986
0 0.806594 0.0999287 0.386812 0.199857 0.00348682
0 0.0185821 0.0260669 0.0371641 0.0521337 0.00342642
1 0.877423 0.856438 0.217055 0.136362 0.00340209
1 0.481631 0.189692 0.909745 0.378831 0.00338743
1 0.60594 0.704018 0.761883 0.584787 0.00337125
0 0.870921 0.118282 0.258158 0.23544 0.00336732
1 0.499084 0.932294 0.961721 0.135411 0.00335389
0 0.979471 0.413914 0.0399157 0.0561117 0.00334253
0 0.305802 0.0474851 0.582451 0.0943496 0.00330339
0 0.98508 0.0629348 0.0296077 0.0670518 0.0031744
2 0.369676 0.290896 0.139057 0.0866101 0.0031464
0 0.589527 0.0915153 0.690175 0.182389 0.00313949
0 0.562269 0.1502 0.850181 0.29905 0.00313124
0 0.12481 0.0106266 0.184055 0.0212533 0.00311726
1 0.507649 0.0353477 0.532865 0.0696457 0.00308112
0 0.91645 0.17071 0.166672 0.337406 0.00306256
0 0.404495 0.0798068 0.789676 0.157316 0.00303243
1 0.356474 0.64157 0.712948 0.71686 0.00298908
2 0.0630651 0.201721 0.12613 0.403442 0.00295855
0 0.281899 0.0717505 0.562507 0.143031 0.0028994
0 0.118469 0.153184 0.236937 0.304003 0.00288759
0 0.114944 0.219071 0.229373 0.408878 0.00288525
0 0.060672 0.0105826 0.121344 0.0211651 0.00288285
0 0.361026 0.0310044 0.264114 0.0620088 0.00285607
1 0.412258 0.731133 0.824515 0.536849 0.00281781
0 0.378143 0.144637 0.756285 0.285918 0.00281429
0 0.954439 0.416524 0.0895719 0.124304 0.00280525
2 0.517647 0.0352645 0.443099 0.0693017 0.00278646
0 0.249165 0.180616 0.498329 0.360472 0.0027712
1 0.503898 0.850471 0.979015 0.298711 0.00271537
1 0.478051 0.313896 0.95567 0.627793 0.00268313
0 0.614266 0.422558 0.633868 0.384207 0.00267682
1 0.554918 0.0290165 0.547758 0.0577813 0.00266957
0 0.331487 0.195379 0.662974 0.390758 0.00266166
0 0.222847 0.0862512 0.445695 0.172502 0.00261777
0 0.882141 0.834574 0.145528 0.0905481 0.00260078
0 0.79059 0.135431 0.411912 0.26832 0.00259267
1 0.715896 0.578729 0.393177 0.234635 0.00258944
1 0.894358 0.84116 0.183727 0.104021 0.0025844
1 0.431805 0.948115 0.80998 0.103134 0.00257918
1 0.755519 0.567943 0.488962 0.636286 0.00255521
1 0.27152 0.948577 0.543041 0.102163 0.00254946
0 0.0435701 0.0278392 0.0860793 0.0556784 0.00253425
0 0.954729 0.411196 0.0886449 0.0536259 0.00251985
0 0.957417 0.468934 0.0839315 0.208683 0.00251297
0 0.879173 0.173358 0.240205 0.338913 0.00250317
1 0.947688 0.716076 0.0711365 0.0768141 0.00247232
2 0.296359 0.64666 0.592719 0.706681 0.00246147
1 0.16244 0.917291 0.32488 0.165418 0.00244697
0 0.110884 0.345805 0.220888 0.627245 0.00244686
0 0.978428 0.423616 0.0429756 0.0790544 0.00241172
0 0.0721592 0.0139575 0.144318 0.027584 0.00240598
0 0.982046 0.0538874 0.0358798 0.107775 0.00236681
0 0.224216 0.25419 0.448431 0.504471 0.00236331
2 0.480436 0.0455576 0.32009 0.0876371 0.00235878
0 0.74508 0.520065 0.509839 0.586358 0.00235508
1 0.177914 0.612814 0.355827 0.774371 0.00234973
2 0.139763 0.960039 0.279525 0.0793541 0.00234969
2 0.0771246 0.155997 0.154249 0.311994 0.00231225
0 0.985666 0.0426381 0.0281106 0.083145 0.00230176
2 0.130882 0.810278 0.261765 0.379109 0.00230019
0 0.804772 0.429273 0.390455 0.617667 0.00229672
0 0.315245 0.0492027 0.302968 0.0958305 0.00228877
0 0.98213 0.0361247 0.0357396 0.0720565 0.00228779
0 0.92188 0.270478 0.15624 0.495384 0.00226072
0 0.0624348 0.0174184 0.12487 0.0348368 0.00225928
2 0.301937 0.74 0.603873 0.52 0.00224579
0 0.984094 0.0890161 0.0312782 0.13749 0.00224402
0 0.902579 0.375968 0.194841 0.59526 0.00223043
0 0.971761 0.153745 0.0523364 0.166133 0.00222692
0 0.279665 0.290017 0.55933 0.578503 0.00222595
2 0.970865 0.103331 0.0520522 0.14716 0.0022107
2 0.729774 0.583565 0.540453 0.548351 0.00220879
0 0.123188 0.444167 0.246188 0.790212 0.00219419
0 0.476332 0.509256 0.892676 0.518301 0.0021897
1 0.128477 0.603523 0.256954 0.792953 0.00218749
0 0.515939 0.250807 0.968121 0.501614 0.00216214
1 0.622154 0.57816 0.56065 0.239082 0.0021508
0 0.439796 0.598251 0.879591 0.622897 0.00214225
2 0.128549 0.878706 0.257099 0.230437 0.00213029
2 0.876914 0.867276 0.224007 0.15398 0.00212375
0 0.100085 0.0286897 0.197018 0.0570357 0.00212352
2 0.123425 0.71167 0.24685 0.574836 0.00211977
1 0.953931 0.968879 0.0921376 0.0621414 0.00211858
0 0.841448 0.984961 0.154887 0.0300491 0.00211742
1 0.273218 0.777942 0.546436 0.442903 0.00210617
0 0.405765 0.304141 0.804053 0.608283 0.00210025
0 0.446148 0.512389 0.599949 0.54175 0.00209912
0 0.932665 0.416303 0.132653 0.0662424 0.00209771
2 0.25369 0.794311 0.507381 0.41099 0.00209628
0 0.591314 0.472192 0.674046 0.601614 0.00208948
0 0.493483 0.463162 0.460147 0.519023 0.00207348
0 0.706248 0.0960095 0.0608411 0.0347208 0.00207246
2 0.046998 0.185286 0.0939959 0.370573 0.002066
0 0.113618 0.0189205 0.227235 0.0369597 0.0020622
0 0.386906 0.289628 0.177171 0.0963656 0.0020399
0 0.368924 0.606208 0.737847 0.787584 0.00203734
0 0.807883 0.202063 0.379626 0.399013 0.00202722
0 0.128402 0.363568 0.0312426 0.0188402 0.002023
0 0.229924 0.411775 0.459847 0.79669 0.00201449
0 0.86506 0.230572 0.267433 0.430311 0.00198975
0 0.321817 0.394877 0.643633 0.685384 0.00198084
0 0.359355 0.476399 0.71871 0.717407 0.00197179
0 0.697281 0.197779 0.597284 0.395557 0.00196628
0 0.508455 0.363278 0.92886 0.720175 0.00195375
0 0.392751 0.42412 0.773362 0.569693 0.00194284
2 0.198987 0.675014 0.397975 0.639554 0.00193208
0 0.45022 0.437992 0.835983 0.440353 0.00193007
0 0.597834 0.422913 0.804332 0.712023 0.00192137
0 0.726512 0.0080141 0.255809 0.0160282 0.00190979
2 0.0752093 0.221434 0.150419 0.330149 0.00189511
0 0.346223 0.267021 0.0370084 0.0352904 0.00187143
0 0.051111 0.0216051 0.102222 0.0432101 0.00186643
1 0.503208 0.0437013 0.382246 0.0866156 0.00185733
0 0.337514 0.0229161 0.382412 0.045407 0.00184184
0 0.96047 0.111578 0.077816 0.223157 0.00182056
0 0.962381 0.486684 0.0737047 0.341155 0.00181835
1 0.334241 0.868714 0.648017 0.261856 0.00180459
0 0.946547 0.391489 0.105664 0.124429 0.0018032
0 0.363456 0.282644 0.112881 0.0667657 0.00178909
0 0.262762 0.892522 0.525523 0.214166 0.0017842
1 0.734877 0.619279 0.353487 0.142107 0.00178016
1 0.956042 0.724141 0.0845829 0.091626 0.00177914
2 0.258856 0.864025 0.517712 0.270856 0.00177047
0 0.454091 0.617907 0.224932 0.198952 0.0017592
0 0.672842 0.00831931 0.16327 0.0166386 0.00175737
0 0.831633 0.330204 0.335872 0.530374 0.00174409
0 0.207298 0.539145 0.414595 0.921711 0.00173867
1 0.133574 0.960412 0.267147 0.0785162 0.00173408
0 0.0226035 0.357822 0.045207 0.459071 0.00172285
0 0.956625 0.0100287 0.0867497 0.0200574 0.00171937
1 0.395419 0.0532375 0.119454 0.0845059 0.00171928
2 0.955727 0.968625 0.0885464 0.062651 0.00171486
0 0.0823654 0.0559845 0.164047 0.111969 0.00170078
0 0.0318053 0.286146 0.0636106 0.52317 0.0016993
0 0.647511 0.344756 0.704977 0.595847 0.00169181
2 0.242619 0.896727 0.472107 0.204443 0.00169081
0 0.959142 0.434428 0.0811743 0.201486 0.00168414
1 0.453383 0.638991 0.221542 0.152673 0.00168227
0 0.695656 0.0274921 0.414802 0.0537162 0.00167301
1 0.327664 0.904298 0.615399 0.190528 0.00167219
0 0.037388 0.019865 0.074776 0.0397301 0.00166989
2 0.0234276 0.412216 0.0468551 0.478899 0.00166609
2 0.826222 0.985575 0.136626 0.0286956 0.0016484
0 0.745995 0.281699 0.50647 0.522999 0.00163383
0 0.0228538 0.470659 0.0457076 0.499693 0.00163203
0 0.0132045 0.0523273 0.0260599 0.104655 0.00161485
1 0.273763 0.0643914 0.404803 0.128783 0.00157997
0 0.691187 0.0965385 0.0862698 0.0301044 0.0015785
0 0.155631 0.0196438 0.311261 0.0379213 0.00157003
0 0.969637 0.0932926 0.0589734 0.186585 0.00156263
0 0.0078365 0.457881 0.0156013 0.044247 0.00155145
1 0.954607 0.696351 0.088014 0.131666 0.00155132
2 0.558472 0.423804 0.350143 0.193425 0.00155054
0 0.371998 0.0219712 0.274702 0.0439423 0.00154467
0 0.338251 0.293357 0.204679 0.100835 0.00153472
1 0.91019 0.882974 0.17889 0.234051 0.00152774
1 0.825724 0.985278 0.120653 0.0287612 0.0015242
0 0.0610605 0.10164 0.121928 0.203281 0.00152024
0 0.880863 0.895702 0.229392 0.208266 0.00151823
0 0.61114 0.0290932 0.4531 0.0570187 0.00151394
0 0.369028 0.301878 0.14115 0.112539 0.00151333
0 0.871065 0.0805486 0.25787 0.161097 0.00148752
0 0.977908 0.0229238 0.044184 0.0458476 0.0014766
0 0.0279072 0.197754 0.0558144 0.395508 0.00147151
1 0.957653 0.744917 0.0839264 0.134518 0.00146624
0 0.97188 0.499907 0.0540833 0.400415 0.00146082
1 0.902745 0.773013 0.168575 0.188812 0.00145392
0 0.522871 0.387409 0.270142 0.122217 0.00144536
1 0.362981 0.0627582 0.19437 0.115597 0.00144418
0 0.0118515 0.330896 0.0234173 0.0852404 0.00143953
2 0.188568 0.962277 0.377137 0.074873 0.00142665
0 0.725645 0.108989 0.0808319 0.0592036 0.0013772
2 0.406564 0.0511734 0.0911137 0.0764611 0.00137553
1 0.64323 0.0261571 0.5188 0.0506582 0.00137311
1 0.937877 0.720208 0.0640559 0.0772611 0.00136358
0 0.96899 0.213021 0.0607036 0.360669 0.00136354
1 0.945715 0.786998 0.105198 0.240967 0.0013615
2 0.0789497 0.191922 0.157899 0.209135 0.00135657
0 0.0229493 0.151122 0.0458986 0.302244 0.00134364
0 0.415923 0.033032 0.182589 0.0660641 0.00133284
2 0.878557 0.826917 0.148812 0.074826 0.00132586
1 0.46388 0.0567051 0.276012 0.103462 0.00132095
0 0.195525 0.0238568 0.389644 0.0466428 0.00131913
1 0.302196 0.0784079 0.324997 0.151337 0.00131884
0 0.673136 0.0958998 0.129971 0.0334055 0.00131527
0 0.00870563 0.465766 0.0173636 0.051294 0.00131381
0 0.814916 0.985357 0.122277 0.0289814 0.00131009
2 0.140744 0.92957 0.281489 0.13951 0.00130923
1 0.972907 0.928888 0.0541859 0.142224 0.0013089
1 0.852136 0.951509 0.295727 0.0959884 0.00130366
0 0.667236 0.00892704 0.239022 0.0178541 0.00129442
2 0.868986 0.947085 0.262028 0.105001 0.00128986
0 0.750019 0.0285294 0.499962 0.0563408 0.00128299
0 0.926836 0.405258 0.144881 0.0887689 0.00128061
0 0.86684 0.436175 0.0231498 0.0283064 0.00127685
0 0.0267914 0.526669 0.0535829 0.535746 0.00126712
0 0.924166 0.0856452 0.149646 0.17129 0.00126526
0 0.798751 0.288327 0.0242979 0.0201958 0.00125082
1 0.897102 0.821285 0.192699 0.135601 0.00124873
1 0.919822 0.615139 0.160356 0.312478 0.00123608
0 0.107551 0.0142866 0.215102 0.0278188 0.00123531
0 0.957011 0.258498 0.084364 0.453058 0.00122701
1 0.500333 0.6397 0.317658 0.154121 0.00120961
1 0.470507 0.0860744 0.306791 0.166161 0.00120571
2 0.939247 0.40953 0.0517825 0.0453152 0.00120487
1 0.950009 0.638458 0.0999824 0.280037 0.00120022
2 0.844139 0.984537 0.208845 0.0305678 0.00118329
0 0.0287833 0.724402 0.0575665 0.524788 0.0011755
2 0.954257 0.409093 0.0862468 0.0495646 0.0011703
0 0.971551 0.135115 0.056503 0.0871281 0.00115846
1 0.576806 0.0450823 0.497186 0.0901646 0.00115107
0 0.944241 0.362618 0.110047 0.185153 0.00114713
0 0.437024 0.341682 0.33257 0.21222 0.00114631
0 0.956569 0.21778 0.0867138 0.269281 0.00113756
0 0.0118217 0.0856222 0.0235813 0.162082 0.00113659
0 0.809474 0.0336771 0.381053 0.0664462 0.00113618
0 0.394867 0.0278626 0.20951 0.0557253 0.00112828
0 0.0127861 0.320081 0.0251717 0.113042 0.00112411
2 0.0803398 0.237658 0.158806 0.232294 0.00111451
2 0.975021 0.529242 0.0472514 0.467115 0.00111439
0 0.861184 0.0484174 0.277631 0.0968347 0.00111133
2 0.0176446 0.217014 0.0352891 0.239203 0.00110878
2 0.0289981 0.740968 0.0579962 0.518064 0.00110353
2 0.041755 0.226886 0.0830101 0.238445 0.00110188
0 0.0800897 0.278945 0.160179 0.415885 0.00109696
0 0.978398 0.0989671 0.0424142 0.197934 0.00108426
0 0.987034 0.485657 0.0253544 0.0541744 0.00108223
0 0.749298 0.80005 0.0300284 0.0309805 0.00108126
1 0.900102 0.790824 0.199797 0.268073 0.00107902
0 0.950813 0.351746 0.0973572 0.303586 0.00107845
1 0.120079 0.909304 0.240158 0.181252 0.00107473
0 0.935284 0.145088 0.101106 0.0564387 0.00107339
2 0.447105 0.96087 0.324077 0.0778763 0.0010729
0 0.0799964 0.177232 0.159993 0.354464 0.00107138
0 0.0319986 0.648721 0.0639971 0.554721 0.00105709
2 0.717653 0.56819 0.399492 0.244836 0.00105602
0 0.947015 0.0899265 0.099235 0.168077 0.00105254
1 0.8471 0.602747 0.141919 0.282743 0.00104598
0 0.793916 0.113203 0.224826 0.069113 0.00104498
