0 0.414307 0.435629 0.711128 0.374117 0.896064
0 0.725647 0.547134 0.12812 0.128029 0.655464
0 0.439154 0.335703 0.156786 0.17118 0.626199
0 0.490623 0.486099 0.607474 0.274521 0.54782
0 0.589171 0.489888 0.405009 0.264085 0.365924
0 0.597623 0.39208 0.098944 0.0748733 0.275516
0 0.205651 0.463033 0.286555 0.178858 0.248288
0 0.389695 0.709984 0.0245512 0.0201682 0.22002
0 0.351548 0.44618 0.578929 0.315927 0.168242
0 0.246546 0.486253 0.380448 0.229422 0.163638
0 0.421892 0.287052 0.12488 0.0744768 0.14213
0 0.618859 0.545704 0.348806 0.148723 0.101957
0 0.521425 0.489415 0.277723 0.267856 0.100413
0 0.432985 0.303524 0.148361 0.108587 0.0752225
0 0.138412 0.497042 0.148387 0.108449 0.0579846
0 0.357193 0.360839 0.609543 0.225322 0.0490679
0 0.502741 0.337861 0.281844 0.180367 0.0469035
0 0.466224 0.489305 0.410134 0.250948 0.0417231
0 0.441579 0.365836 0.155172 0.101729 0.0350356
0 0.508265 0.434343 0.302595 0.249078 0.0319346
0 0.393207 0.709878 0.0326251 0.0229324 0.0275612
0 0.495539 0.465263 0.344538 0.232085 0.0228265
0 0.310981 0.484627 0.343901 0.221628 0.0216228
0 0.241763 0.443158 0.199582 0.14011 0.0211221
0 0.457367 0.349299 0.405447 0.209464 0.02006
0 0.392432 0.485173 0.451384 0.227129 0.0192771
0 0.323001 0.502037 0.204863 0.188974 0.015196
0 0.544505 0.434504 0.4989 0.374229 0.0142169
0 0.207863 0.488632 0.283455 0.123386 0.0141149
0 0.356538 0.51359 0.135979 0.106656 0.0140868
0 0.539754 0.443132 0.22925 0.180949 0.0134066
0 0.338411 0.519895 0.170442 0.153105 0.0133134
0 0.598046 0.381944 0.0949766 0.0528826 0.0122903
0 0.450319 0.377321 0.189807 0.176475 0.0118991
0 0.555239 0.519302 0.480385 0.298032 0.0116379
0 0.300946 0.399549 0.0702319 0.0511204 0.0115185
0 0.550391 0.544642 0.224387 0.156845 0.0112782
0 0.450929 0.441453 0.421706 0.277303 0.0108956
0 0.281287 0.413605 0.11935 0.0826819 0.0108124
0 0.408761 0.282667 0.0945668 0.0643477 0.0106098
0 0.540554 0.571721 0.0950728 0.0970133 0.00981591
0 0.345119 0.340484 0.424748 0.190949 0.00965319
0 0.44051 0.624195 0.761017 0.553477 0.00877797
0 0.389456 0.706393 0.0280425 0.0304169 0.00746284
0 0.301523 0.410416 0.0772499 0.0755018 0.00742872
0 0.00937525 0.971461 0.0187505 0.056044 0.00713004
0 0.584765 0.531863 0.151952 0.125465 0.00654708
0 0.503502 0.4018 0.286535 0.100406 0.0062462
0 0.586834 0.435173 0.140274 0.166045 0.00552365
0 0.301724 0.396 0.0566549 0.0443095 0.00551376
0 0.823624 0.00666426 0.0789279 0.0133285 0.00518388
0 0.36967 0.360991 0.356498 0.195488 0.00514218
0 0.369534 0.550813 0.621038 0.354418 0.0050525
0 0.389898 0.719232 0.0326795 0.0385628 0.00494276
0 0.256451 0.503676 0.400045 0.330211 0.00494094
0 0.703307 0.546815 0.111734 0.133118 0.00488439
0 0.219849 0.446222 0.359232 0.303915 0.0047986
0 0.836508 0.00733927 0.106191 0.0146785 0.00448703
0 0.542366 0.584251 0.0961373 0.0689903 0.00448212
0 0.421818 0.520225 0.358658 0.155432 0.00437446
0 0.621104 0.620296 0.464652 0.367576 0.00407415
0 0.31361 0.394719 0.539092 0.303026 0.00382914
0 0.657158 0.5368 0.264053 0.16113 0.00367312
0 0.500472 0.3831 0.295249 0.122276 0.00354744
0 0.0106264 0.0733489 0.0210667 0.0921969 0.00353471
0 0.00876542 0.953784 0.0175308 0.0924312 0.00346156
0 0.652984 0.452107 0.612295 0.31459 0.00340108
0 0.858918 0.00843435 0.153191 0.0168687 0.00335039
0 0.5873 0.378846 0.0730199 0.0441993 0.00329233
0 0.168657 0.440067 0.337313 0.321205 0.00318474
0 0.0167248 0.870655 0.0334497 0.115729 0.00313015
0 0.745511 0.567446 0.0895335 0.0831484 0.00312589
0 0.669843 0.492402 0.660314 0.300463 0.00311942
0 0.243293 0.475513 0.486586 0.354232 0.00309833
0 0.331153 0.417954 0.367639 0.106959 0.00309133
0 0.326663 0.573194 0.0345721 0.041667 0.00303051
0 0.567368 0.57053 0.148118 0.097147 0.00300376
0 0.370879 0.321445 0.291708 0.151734 0.00298945
0 0.592893 0.405542 0.11142 0.105962 0.00298379
0 0.0616599 0.972137 0.12332 0.0557255 0.0029523
0 0.32109 0.560779 0.0932147 0.0653854 0.00291464
0 0.0227829 0.828942 0.0455657 0.342115 0.00290849
0 0.112129 0.793389 0.224258 0.40598 0.00290217
0 0.127254 0.40577 0.254509 0.351029 0.00286404
0 0.898314 0.10752 0.203372 0.21504 0.00280545
0 0.351354 0.274147 0.4048 0.314801 0.00276839
0 0.120822 0.857825 0.241108 0.278974 0.00276309
0 0.125532 0.912376 0.251064 0.175249 0.002724
0 0.560629 0.673898 0.491982 0.620343 0.00269702
0 0.10808 0.6997 0.216161 0.478818 0.00266587
0 0.22597 0.502954 0.324659 0.170879 0.00262308
0 0.452798 0.275548 0.363689 0.317295 0.00261491
0 0.724074 0.527943 0.115966 0.0886618 0.00257628
0 0.252122 0.950379 0.493191 0.0983497 0.00256684
0 0.109318 0.358612 0.218636 0.397998 0.00255866
0 0.614088 0.407115 0.138908 0.111774 0.00255383
0 0.185169 0.594854 0.370338 0.455532 0.00254933
0 0.860487 0.0943423 0.276918 0.188219 0.00253961
0 0.198543 0.932089 0.397086 0.135668 0.0025145
0 0.107953 0.0829613 0.215907 0.165923 0.00250696
0 0.39783 0.953012 0.720287 0.0932011 0.00250209
0 0.920017 0.177387 0.159966 0.351697 0.00250052
0 0.0252665 0.860184 0.0505329 0.279631 0.00247926
0 0.532721 0.325 0.545198 0.232043 0.00247324
0 0.228297 0.0379623 0.432866 0.0739101 0.00245979
0 0.0556978 0.962923 0.111396 0.0741538 0.00243478
0 0.809101 0.92356 0.381797 0.15288 0.0024293
0 0.394888 0.719741 0.0423325 0.0422036 0.00241826
0 0.519101 0.956067 0.729623 0.0877546 0.00238715
0 0.109006 0.117041 0.218013 0.230896 0.00237825
0 0.0155749 0.977506 0.0311498 0.0449007 0.00237698
0 0.105454 0.292568 0.210908 0.407886 0.00237654
0 0.157091 0.816929 0.311609 0.360671 0.00236293
0 0.320851 0.0442307 0.516892 0.0869215 0.00235402
0 0.244823 0.615235 0.434851 0.49339 0.00234953
0 0.336391 0.401167 0.412825 0.274131 0.00234807
0 0.147714 0.0611483 0.29131 0.122297 0.00234742
0 0.22024 0.383634 0.376192 0.321098 0.00234385
0 0.69774 0.0865061 0.425091 0.17121 0.00232949
0 0.109072 0.192295 0.218143 0.322223 0.00232591
0 0.872697 0.581168 0.254605 0.455831 0.00232166
0 0.886219 0.520456 0.227562 0.431099 0.00232046
0 0.802979 0.00691603 0.131382 0.0138321 0.00231969
0 0.805061 0.0795155 0.376421 0.158 0.00231809
0 0.617039 0.0914129 0.520966 0.18158 0.00230246
0 0.161025 0.887107 0.320249 0.216772 0.00230186
0 0.367719 0.0560112 0.551899 0.110404 0.00229806
0 0.919701 0.468914 0.160599 0.43446 0.00229669
0 0.537417 0.0821593 0.57048 0.16296 0.00227448
0 0.458514 0.0684108 0.549614 0.135533 0.00226423
0 0.930386 0.422684 0.139228 0.448004 0.00225109
0 0.0105007 0.924654 0.0210013 0.150692 0.00223731
0 0.0111271 0.73094 0.0220649 0.14554 0.00222577
0 0.920099 0.25058 0.159802 0.4746 0.00221801
0 0.164586 0.375149 0.327998 0.349589 0.00221739
0 0.926945 0.330469 0.14611 0.51063 0.00221418
0 0.206372 0.667256 0.398526 0.494082 0.00221191
0 0.913671 0.693796 0.172658 0.514506 0.00220994
0 0.365957 0.623672 0.642009 0.477039 0.00219348
0 0.263186 0.335285 0.526372 0.239405 0.00218749
0 0.930869 0.745107 0.138262 0.474046 0.00217731
0 0.160849 0.750846 0.314033 0.415237 0.00217704
0 0.184313 0.0993797 0.365119 0.198272 0.00215268
0 0.29521 0.0898205 0.589543 0.171133 0.00214344
0 0.277213 0.066026 0.515149 0.122988 0.00213786
0 0.533533 0.267887 0.537976 0.32031 0.00213611
0 0.922538 0.823153 0.154925 0.353693 0.00211561
0 0.213912 0.00855389 0.168057 0.0171078 0.00211444
0 0.024526 0.778753 0.049052 0.442494 0.00210653
0 0.672232 0.136217 0.569737 0.266883 0.00210642
0 0.26955 0.905172 0.5391 0.181595 0.00209943
0 0.88122 0.891798 0.237559 0.216403 0.00208613
0 0.697575 0.704106 0.604849 0.555239 0.00208425
0 0.909172 0.860011 0.181655 0.279978 0.00207567
0 0.85136 0.142777 0.292376 0.280475 0.00206287
0 0.378869 0.0813837 0.627195 0.153313 0.00205772
0 0.766778 0.953665 0.466443 0.0926703 0.00205535
0 0.794445 0.134978 0.38921 0.263693 0.002055
0 0.523368 0.123637 0.683229 0.240282 0.00205368
0 0.297931 0.607485 0.595863 0.416705 0.00205147
0 0.428862 0.110155 0.67379 0.210667 0.00204443
0 0.0295574 0.917996 0.058964 0.163789 0.00204068
0 0.0110902 0.0982723 0.0221805 0.16964 0.00202198
0 0.74552 0.511554 0.508961 0.254442 0.00201178
0 0.151963 0.14417 0.298705 0.26821 0.0020102
0 0.682084 0.956859 0.598505 0.0857828 0.00199197
0 0.673839 0.390764 0.567865 0.243697 0.00198355
0 0.343231 0.91966 0.623456 0.156781 0.0019748
0 0.242797 0.842497 0.485595 0.307856 0.00197425
0 0.888117 0.0095408 0.223767 0.0190816 0.00196273
0 0.394469 0.705946 0.0402683 0.0374023 0.00194833
0 0.766294 0.547471 0.0355135 0.034 0.00193981
0 0.74078 0.552615 0.518441 0.23644 0.00193478
0 0.523768 0.748284 0.64559 0.402929 0.00193415
0 0.563381 0.171662 0.704129 0.322151 0.00193154
0 0.156825 0.294541 0.313649 0.355207 0.00192344
0 0.73117 0.182482 0.441559 0.349383 0.00191669
0 0.00859233 0.621679 0.0168614 0.0834658 0.00191611
0 0.459911 0.756393 0.681153 0.272166 0.00191597
0 0.481801 0.921927 0.873109 0.153559 0.00191393
0 0.256484 0.140749 0.504992 0.258511 0.0019124
0 0.367743 0.205745 0.543673 0.362361 0.00191204
0 0.482832 0.194366 0.563219 0.332245 0.00190965
0 0.895796 0.209814 0.205781 0.397177 0.00190882
0 0.81378 0.181574 0.3561 0.345771 0.00190801
0 0.720964 0.45583 0.558073 0.269266 0.00189757
0 0.622739 0.2962 0.616709 0.236058 0.00189377
0 0.340779 0.152435 0.60043 0.281254 0.00189119
0 0.271277 0.421647 0.146471 0.0985732 0.00189026
0 0.466515 0.8283 0.659649 0.329284 0.00187654
0 0.232636 0.0074328 0.156255 0.0148656 0.00187531
0 0.548052 0.817852 0.685735 0.364295 0.00186051
0 0.234937 0.763123 0.469873 0.31495 0.0018416
0 0.308623 0.194976 0.477114 0.318181 0.00184014
0 0.0178479 0.845551 0.0356958 0.229365 0.00183438
0 0.399976 0.707857 0.046507 0.0253424 0.00183404
0 0.153024 0.204004 0.306048 0.312148 0.00183279
0 0.74969 0.676528 0.500621 0.424896 0.00183069
0 0.21874 0.320414 0.43748 0.295747 0.00182853
0 0.469968 0.882242 0.841292 0.233012 0.00182434
0 0.643101 0.766034 0.651337 0.467931 0.00182286
0 0.112712 0.952313 0.225423 0.0953736 0.0018143
0 0.39719 0.744851 0.614794 0.200373 0.00179747
0 0.564887 0.584823 0.142232 0.0714458 0.0017952
0 0.366102 0.85063 0.575437 0.29259 0.00179442
0 0.834298 0.450193 0.331403 0.318629 0.00178103
0 0.875453 0.818401 0.247598 0.363199 0.00178078
0 0.246535 0.248206 0.493069 0.294148 0.00178075
0 0.251148 0.735261 0.489881 0.213667 0.00177855
0 0.855229 0.771993 0.289543 0.406717 0.0017758
0 0.747265 0.793501 0.50547 0.412998 0.00175559
0 0.887869 0.393911 0.224261 0.356955 0.00174935
0 0.887589 0.29124 0.224821 0.468536 0.0017279
0 0.707942 0.33475 0.580677 0.228025 0.00172336
0 0.20611 0.0109342 0.19765 0.0218684 0.00172204
0 0.705732 0.829056 0.544219 0.341888 0.00170615
0 0.332136 0.567244 0.0579748 0.0533703 0.00170485
0 0.607564 0.885491 0.744811 0.227632 0.00170164
0 0.671772 0.226973 0.595458 0.305505 0.00169138
0 0.625197 0.916805 0.652672 0.160363 0.0016909
0 0.755723 0.397194 0.488554 0.250037 0.00166953
0 0.765845 0.214318 0.46831 0.319355 0.00165999
0 0.295755 0.249659 0.0339168 0.0298859 0.00165512
0 0.724217 0.279026 0.551566 0.240918 0.00165196
0 0.318791 0.539163 0.0937248 0.108315 0.00164156
0 0.838657 0.237202 0.322686 0.420684 0.00163783
0 0.817848 0.837338 0.364303 0.325324 0.00162049
0 0.591677 0.377168 0.104421 0.120782 0.00161894
0 0.736233 0.884402 0.527533 0.222095 0.00159838
0 0.779681 0.339818 0.440637 0.278566 0.00158403
0 0.0124905 0.0362717 0.0249273 0.0725434 0.00155428
0 0.428344 0.280584 0.107939 0.0574128 0.00154765
0 0.494097 0.541143 0.327726 0.16075 0.00150191
0 0.729357 0.91428 0.536946 0.156947 0.00149888
0 0.573814 0.374239 0.144356 0.119785 0.00147553
0 0.762937 0.569223 0.0511952 0.0780358 0.00147398
0 0.2536 0.458495 0.172517 0.133632 0.00147315
0 0.170819 0.471081 0.217693 0.162316 0.00146706
0 0.0883481 0.906257 0.176563 0.185772 0.00146556
0 0.693779 0.509618 0.040709 0.0501518 0.00143087
0 0.405242 0.707652 0.0626794 0.0328564 0.00142663
0 0.84964 0.0139286 0.224585 0.0273606 0.00139054
0 0.270358 0.00847789 0.174119 0.0169558 0.00138854
0 0.876402 0.0181171 0.247196 0.0346849 0.00137965
0 0.472357 0.311284 0.235268 0.124541 0.00136331
0 0.625075 0.966751 0.339833 0.0658097 0.00135536
0 0.0233756 0.707635 0.0467511 0.478133 0.0013509
2 0.322569 0.959906 0.437865 0.0796442 0.00134391
0 0.00983165 0.647413 0.0194072 0.139285 0.00132275
1 0.64366 0.549535 0.303792 0.144205 0.00131525
0 0.403942 0.293079 0.0888876 0.0632931 0.0013147
0 0.80666 0.0120712 0.185035 0.0237045 0.00131448
0 0.0158436 0.88918 0.0316871 0.211723 0.00131327
0 0.468308 0.3699 0.0939625 0.113198 0.00131281
0 0.708208 0.518325 0.0778194 0.0676226 0.00130403
0 0.0117158 0.685596 0.023143 0.163578 0.0012908
0 0.0222049 0.161537 0.0444099 0.323074 0.00126489
0 0.173775 0.955205 0.347549 0.0891657 0.0012554
0 0.870327 0.0264062 0.259345 0.0508224 0.00124485
0 0.561164 0.962042 0.48369 0.0755363 0.00124297
0 0.736115 0.55683 0.158347 0.155212 0.00123152
0 0.0129526 0.903037 0.0257874 0.193926 0.00123003
0 0.377983 0.297376 0.239827 0.10691 0.0012282
0 0.0715114 0.846655 0.143023 0.306691 0.00122469
0 0.0103383 0.520903 0.0202949 0.0933294 0.00121827
0 0.0117397 0.0640103 0.0231528 0.124933 0.00121292
0 0.0244801 0.384172 0.0489603 0.448694 0.0012062
2 0.225896 0.956133 0.451792 0.0874861 0.00120006
0 0.346284 0.553171 0.157151 0.0828779 0.00117977
0 0.0237164 0.220216 0.0474327 0.440432 0.00116383
0 0.234196 0.018556 0.29567 0.0352332 0.00116016
0 0.690989 0.961355 0.424183 0.076939 0.00115436
0 0.310038 0.567121 0.0807934 0.0536367 0.00115069
2 0.477669 0.958536 0.486736 0.082661 0.00112771
0 0.0124115 0.754649 0.0247341 0.214665 0.00112097
0 0.00895797 0.292098 0.0177235 0.095675 0.00111341
0 0.0220442 0.619579 0.0440883 0.461941 0.00110506
0 0.0220747 0.276916 0.0441495 0.456143 0.00109429
0 0.0232115 0.0833874 0.0460859 0.166775 0.00109238
0 0.0444267 0.0637311 0.0883019 0.127462 0.00109212
0 0.00976128 0.367896 0.0193349 0.131791 0.00109107
0 0.120672 0.48152 0.104843 0.0698243 0.00108366
0 0.385727 0.7068 0.0337616 0.034437 0.00108087
0 0.0107733 0.163632 0.0214355 0.158317 0.00107474
0 0.0212061 0.114273 0.0423092 0.228547 0.00105947
0 0.196342 0.0226645 0.306975 0.0435818 0.00105281
2 0.588519 0.52948 0.153936 0.127891 0.00104862
0 0.454943 0.278965 0.0528913 0.0439876 0.00104788
0 0.0995096 0.47977 0.199019 0.214298 0.00104595
2 0.941599 0.905337 0.116631 0.189325 0.00104275
0 0.026302 0.021685 0.052604 0.0433699 0.00103842
0 0.190802 0.510717 0.256742 0.143984 0.00103598
0 0.418145 0.266423 0.142461 0.112106 0.00103325
2 0.945919 0.938161 0.108163 0.123679 0.00102964
0 0.115354 0.496788 0.0974517 0.106438 0.00102583
0 0.0794683 0.794096 0.158937 0.411807 0.00102576
0 0.823578 0.0179506 0.352844 0.0350601 0.00102284
0 0.239335 0.444534 0.160798 0.108576 0.00101839
0 0.762134 0.587803 0.0445067 0.0415907 0.00101395
0 0.793983 0.00779966 0.221828 0.0155993 0.00100843
