1 0.551181 0.614772 0.589159 0.660577 0.899901
1 0.923634 0.647215 0.0989836 0.0828786 0.597248
1 0.283198 0.0958338 0.469665 0.180479 0.576651
1 0.543894 0.734175 0.575199 0.391877 0.527514
1 0.323169 0.112246 0.399956 0.133995 0.446039
2 0.924331 0.648137 0.100879 0.0822692 0.272888
1 0.394342 0.127596 0.250075 0.117936 0.270819
1 0.147233 0.0827086 0.244988 0.165417 0.26293
0 0.923019 0.648494 0.0984408 0.0822865 0.228194
1 0.426648 0.130807 0.18371 0.111114 0.204921
1 0.199 0.103843 0.135316 0.116247 0.195676
1 0.473502 0.440383 0.389268 0.29956 0.147314
1 0.564106 0.454488 0.570837 0.329456 0.145759
1 0.323547 0.153606 0.404271 0.247326 0.133522
1 0.417503 0.367226 0.458728 0.606118 0.0855429
1 0.270543 0.179071 0.502153 0.3581 0.0808668
1 0.543382 0.792067 0.555856 0.273323 0.0804418
1 0.308775 0.336377 0.516406 0.592314 0.0747353
1 0.342939 0.411439 0.595809 0.732886 0.0696269
1 0.326462 0.292046 0.410874 0.504903 0.0658605
1 0.152833 0.0222055 0.263079 0.0431667 0.06523
1 0.37733 0.100334 0.687254 0.193886 0.0587139
1 0.317556 0.218396 0.411826 0.424797 0.058547
1 0.463566 0.35915 0.362083 0.428716 0.0557349
1 0.463473 0.394154 0.355745 0.206736 0.0512605
1 0.475201 0.306189 0.461353 0.448816 0.0509071
1 0.272335 0.339271 0.544671 0.642546 0.0446913
1 0.0921057 0.0219716 0.142589 0.0439432 0.0393172
1 0.373429 0.422183 0.746857 0.787484 0.0366563
1 0.0675095 0.021264 0.0719255 0.0412143 0.0365062
1 0.220023 0.085938 0.413407 0.171876 0.0350981
1 0.474985 0.60398 0.398155 0.631126 0.0291922
1 0.454158 0.768263 0.40549 0.337835 0.0255974
1 0.567208 0.430283 0.587266 0.462646 0.0242681
1 0.553206 0.405768 0.737096 0.71535 0.0235896
1 0.555216 0.842998 0.547857 0.314004 0.0215207
1 0.711147 0.768834 0.21842 0.24332 0.0205311
1 0.562698 0.626787 0.556228 0.411914 0.0198769
0 0.958224 0.412163 0.0732676 0.0388737 0.019532
1 0.439701 0.795211 0.74248 0.39071 0.0194577
1 0.177736 0.0629536 0.313417 0.12518 0.0188347
1 0.426332 0.202968 0.188484 0.306092 0.0178356
1 0.0612086 0.0225225 0.122417 0.0445626 0.0149374
1 0.575488 0.548263 0.539219 0.331572 0.0144977
1 0.376396 0.63298 0.68469 0.685364 0.0144567
1 0.429288 0.720612 0.35847 0.214307 0.0121121
1 0.889022 0.644157 0.177274 0.0967165 0.0118313
2 0.0705052 0.0207358 0.0694062 0.0414716 0.0110916
1 0.629143 0.785227 0.395723 0.260443 0.0109701
1 0.935549 0.647761 0.128901 0.0893823 0.0108274
1 0.5382 0.320916 0.923601 0.641833 0.0105931
1 0.467402 0.784379 0.291516 0.287455 0.0105242
1 0.692513 0.590031 0.300964 0.219728 0.0103008
0 0.0364382 0.342709 0.0728763 0.0447224 0.00998295
1 0.496456 0.304127 0.775607 0.543523 0.00977265
1 0.461283 0.150985 0.809258 0.300829 0.00972422
0 0.200929 0.102686 0.140365 0.110735 0.00904278
1 0.771751 0.618241 0.456497 0.489213 0.00833937
1 0.608452 0.829641 0.439751 0.19064 0.00813955
1 0.431944 0.849502 0.863887 0.300997 0.00808241
2 0.0551016 0.0211041 0.100773 0.0421802 0.00798537
1 0.744216 0.600129 0.511569 0.662083 0.00770044
1 0.418297 0.631448 0.836593 0.702904 0.00719272
1 0.71373 0.624675 0.25271 0.288132 0.00678125
1 0.923198 0.635834 0.153604 0.467331 0.00676747
1 0.610003 0.474605 0.779993 0.886479 0.00670342
1 0.411584 0.891626 0.823168 0.216749 0.00655828
2 0.199445 0.101689 0.141345 0.112443 0.00650233
1 0.491851 0.820716 0.237865 0.214132 0.00637546
1 0.825825 0.591439 0.304695 0.207923 0.00581707
1 0.221139 0.105921 0.181176 0.125274 0.00567242
1 0.417432 0.663461 0.432258 0.58723 0.00560868
2 0.449291 0.357319 0.1912 0.128299 0.00527712
1 0.710086 0.668343 0.579829 0.516359 0.0052018
0 0.0909294 0.984616 0.127781 0.0302788 0.00481663
1 0.379328 0.919638 0.758655 0.160723 0.0046594
1 0.719471 0.799017 0.198824 0.150427 0.00465604
1 0.679842 0.551323 0.33129 0.259705 0.0046356
1 0.549167 0.241596 0.901666 0.478367 0.0043393
2 0.723147 0.803318 0.194041 0.107461 0.00432211
1 0.933605 0.714479 0.13279 0.230238 0.00429529
1 0.757546 0.583809 0.484907 0.732223 0.00429324
1 0.4316 0.682569 0.351577 0.211264 0.00422273
2 0.422303 0.128722 0.176619 0.106996 0.00419928
1 0.153275 0.21725 0.30655 0.432347 0.00414668
2 0.103781 0.0222594 0.168099 0.0442132 0.00413109
1 0.936178 0.719608 0.127643 0.41973 0.00392371
1 0.627178 0.890237 0.745644 0.219525 0.0037656
1 0.702981 0.821766 0.231142 0.147768 0.00375977
1 0.359355 0.757919 0.647925 0.450903 0.00374707
1 0.488807 0.498482 0.428098 0.227146 0.00373827
0 0.572872 0.380204 0.133435 0.0822412 0.00363776
1 0.93213 0.636043 0.13574 0.117178 0.00360426
1 0.506228 0.113443 0.852143 0.226887 0.00357747
1 0.135157 0.295586 0.270313 0.588267 0.00352653
1 0.431403 0.485494 0.309229 0.193244 0.00346873
1 0.718169 0.721911 0.210417 0.267506 0.00345411
1 0.0682358 0.0298269 0.136472 0.0584458 0.00338658
1 0.935489 0.706399 0.126201 0.2563 0.00336708
1 0.290401 0.938762 0.580802 0.122475 0.00328653
0 0.0484965 0.475886 0.0296229 0.0235562 0.0031838
1 0.0665369 0.0671788 0.133074 0.134358 0.00317237
1 0.897186 0.65856 0.164515 0.109755 0.00309979
1 0.740199 0.588065 0.206562 0.209171 0.00309618
1 0.683347 0.92388 0.633306 0.152239 0.00297285
0 0.0811977 0.98779 0.129582 0.0240385 0.00292897
1 0.935077 0.653382 0.0739153 0.0702124 0.00291118
1 0.0696963 0.0463496 0.139393 0.0926992 0.00290331
1 0.274664 0.578391 0.549328 0.837126 0.00285603
1 0.701075 0.548891 0.597849 0.806447 0.00284474
1 0.539202 0.734416 0.593749 0.26707 0.00283613
1 0.923799 0.625703 0.111776 0.132681 0.00275038
2 0.0362049 0.343199 0.0724098 0.0473498 0.00274415
1 0.301156 0.863603 0.602312 0.271485 0.00271886
1 0.159974 0.608456 0.319948 0.773413 0.00271521
1 0.927682 0.761331 0.144635 0.385929 0.00269851
1 0.727127 0.911033 0.545747 0.177934 0.00268709
1 0.664558 0.82594 0.670885 0.348119 0.00261889
1 0.598316 0.752643 0.47325 0.240367 0.00260735
2 0.713764 0.782995 0.572471 0.376639 0.00260226
0 0.874255 0.108746 0.25149 0.217492 0.00257359
1 0.168368 0.937744 0.336735 0.124512 0.00252458
1 0.506043 0.528477 0.499632 0.271259 0.00251017
1 0.142908 0.703419 0.285816 0.591216 0.00247509
0 0.907173 0.788714 0.185654 0.411728 0.00246653
0 0.839777 0.0927845 0.314004 0.183148 0.00246068
1 0.170718 0.411619 0.341437 0.786143 0.00239418
1 0.454033 0.140177 0.299875 0.141418 0.00237552
0 0.425672 0.672787 0.338611 0.22874 0.00236392
0 0.862965 0.122167 0.25635 0.242215 0.00233979
0 0.0518766 0.987177 0.103753 0.0249861 0.00231352
0 0.792052 0.801335 0.415896 0.397329 0.00229968
2 0.747029 0.859828 0.505942 0.280343 0.00228713
1 0.458833 0.191533 0.308361 0.269414 0.00225967
0 0.120884 0.744719 0.241768 0.509258 0.00225944
0 0.746473 0.101908 0.484557 0.202491 0.00223711
0 0.873501 0.165208 0.252998 0.322732 0.00222172
1 0.29705 0.451298 0.594099 0.89971 0.00219262
0 0.125107 0.812892 0.250214 0.374216 0.00217512
1 0.505093 0.865174 0.183832 0.122374 0.00216822
0 0.316035 0.722189 0.632069 0.545971 0.00215779
0 0.190075 0.456215 0.380151 0.815595 0.00215518
0 0.248086 0.674269 0.496172 0.633434 0.00213877
2 0.862283 0.797467 0.275434 0.394091 0.00213588
0 0.222487 0.717488 0.444974 0.550662 0.002127
0 0.145121 0.90191 0.290241 0.184343 0.0021237
0 0.822858 0.144068 0.31788 0.285871 0.00210214
0 0.130133 0.86511 0.260266 0.25169 0.00209874
2 0.568706 0.386041 0.146919 0.092646 0.00206383
2 0.091712 0.978951 0.131271 0.042033 0.00205649
2 0.0521965 0.0396538 0.104393 0.0793075 0.00203134
0 0.223676 0.784227 0.447352 0.431545 0.00201975
0 0.843657 0.18668 0.298897 0.313766 0.00198927
0 0.82232 0.278992 0.355359 0.427357 0.00197803
0 0.746445 0.406204 0.50711 0.611238 0.00197418
1 0.727233 0.550266 0.221891 0.259378 0.00197243
1 0.712598 0.668631 0.229566 0.237987 0.00196597
0 0.724774 0.222597 0.524886 0.417998 0.00195659
0 0.778772 0.34298 0.442456 0.506042 0.00194957
1 0.537421 0.688813 0.595668 0.248951 0.00192859
0 0.696144 0.468806 0.607711 0.711968 0.00191218
1 0.728171 0.770534 0.179136 0.187939 0.00190555
0 0.300002 0.485292 0.600004 0.94836 0.00189626
0 0.209889 0.880451 0.417173 0.233993 0.00188507
1 0.681311 0.841657 0.280221 0.193537 0.00187675
1 0.510355 0.842021 0.195291 0.168774 0.00184768
1 0.397106 0.481541 0.235933 0.176108 0.00184643
1 0.422034 0.515282 0.28689 0.161197 0.00180874
0 0.788333 0.269405 0.416242 0.390907 0.00180177
0 0.648021 0.382824 0.703958 0.694512 0.00177993
0 0.73737 0.344742 0.524904 0.472683 0.00177269
1 0.251272 0.148414 0.251129 0.267397 0.00171303
0 0.201545 0.0849465 0.132971 0.0736669 0.00169312
0 0.0482299 0.983009 0.0964597 0.0337414 0.00165545
2 0.135591 0.978032 0.2475 0.0428525 0.0016382
1 0.0859945 0.984259 0.155951 0.0312191 0.00162253
0 0.419781 0.620857 0.315964 0.302832 0.00159365
1 0.487833 0.372656 0.31119 0.16289 0.0015324
1 0.43984 0.815193 0.342549 0.230795 0.00152291
1 0.511844 0.579152 0.521865 0.341924 0.00152111
0 0.0680149 0.985411 0.13603 0.0288416 0.00150553
0 0.902989 0.209091 0.187899 0.118234 0.00146981
1 0.727137 0.806018 0.184536 0.103468 0.00144375
2 0.958824 0.403541 0.0730203 0.0701791 0.00141584
1 0.592178 0.669614 0.477922 0.226065 0.00139426
1 0.426415 0.554419 0.310258 0.249751 0.00138944
0 0.450485 0.351571 0.17916 0.1177 0.00137408
1 0.0807428 0.955774 0.161486 0.0884514 0.00137159
0 0.793672 0.518621 0.0839098 0.0477564 0.00136613
1 0.513585 0.896678 0.233522 0.204949 0.00135733
1 0.479834 0.123743 0.353784 0.145576 0.00133396
1 0.970383 0.713129 0.0592346 0.317577 0.00133307
2 0.958673 0.965381 0.0826545 0.0684814 0.00132298
1 0.0676302 0.0413883 0.0801507 0.0827767 0.00131174
0 0.0458869 0.474244 0.0395584 0.029828 0.00130204
0 0.900612 0.187927 0.193947 0.166415 0.00129707
1 0.0566992 0.0837458 0.113398 0.167492 0.00126709
0 0.964895 0.416981 0.0634772 0.0524925 0.00126666
1 0.40438 0.10552 0.261001 0.189339 0.00124325
1 0.505645 0.436574 0.482611 0.233297 0.00122874
0 0.93904 0.0758046 0.113479 0.151609 0.0012219
2 0.497089 0.849551 0.176371 0.130028 0.00120949
1 0.673098 0.577002 0.39382 0.210812 0.00120665
1 0.153081 0.164495 0.237703 0.311121 0.00118317
0 0.956923 0.082907 0.0760021 0.157068 0.00116267
2 0.707796 0.702386 0.186009 0.0971332 0.00115585
1 0.433009 0.715517 0.350177 0.149986 0.00115275
1 0.167686 0.975404 0.317918 0.0485763 0.00114593
2 0.0533592 0.46968 0.0841857 0.040003 0.00113238
1 0.492244 0.159058 0.367732 0.230824 0.00112388
1 0.218978 0.133792 0.173181 0.253003 0.00111149
1 0.0746363 0.940742 0.149273 0.118515 0.00110727
1 0.421248 0.599168 0.299556 0.290892 0.00110438
0 0.418471 0.364037 0.256566 0.146904 0.00110066
0 0.962195 0.106291 0.0587631 0.0513639 0.00109797
0 0.416519 0.578758 0.29525 0.202009 0.00109745
1 0.807529 0.644553 0.350336 0.279872 0.00109557
1 0.0650693 0.119367 0.130139 0.238734 0.00109327
1 0.933964 0.603122 0.132072 0.22449 0.00108703
2 0.0679193 0.46992 0.0754151 0.0418976 0.00107965
1 0.566934 0.843754 0.332016 0.162026 0.00107116
0 0.0504282 0.363548 0.100856 0.0927109 0.00106823
1 0.610507 0.628231 0.498506 0.267675 0.00106124
1 0.494305 0.913956 0.288869 0.172087 0.00105802
0 0.885724 0.0741552 0.22395 0.145908 0.00105474
1 0.0643562 0.404483 0.128712 0.175342 0.00105176
2 0.0342197 0.317388 0.0684394 0.0964628 0.0010496
1 0.633931 0.528716 0.483041 0.232297 0.00104224
0 0.417673 0.539602 0.277175 0.11387 0.00103718
0 0.0479896 0.47045 0.0586069 0.0383416 0.00103685
2 0.0507194 0.405647 0.101439 0.175117 0.00103214
0 0.380912 0.527637 0.201651 0.0875818 0.00102099
1 0.360419 0.484006 0.153849 0.174498 0.00101852
1 0.689265 0.856568 0.285857 0.286863 0.00101229
0 0.910635 0.165942 0.174451 0.227306 0.00100988
2 0.0654101 0.370206 0.13082 0.109158 0.00100756
2 0.0800277 0.956663 0.160055 0.0858227 0.00100638
0 0.0359178 0.473112 0.0688472 0.0360441 0.000999677
1 0.335157 0.702205 0.145422 0.11743 0.000993155
1 0.927669 0.567981 0.144661 0.264623 0.000991983
2 0.879604 0.0740496 0.235053 0.144563 0.000989249
1 0.956494 0.419473 0.0818668 0.0611626 0.000972589
1 0.298938 0.0601041 0.464777 0.119522 0.00096778
1 0.544079 0.954541 0.311987 0.0909186 0.00096631
0 0.0946916 0.97783 0.118206 0.0442764 0.000964761
1 0.493868 0.0989269 0.372931 0.192174 0.000964164
1 0.966251 0.709622 0.0639044 0.291602 0.000957531
1 0.122199 0.157907 0.244212 0.315813 0.000955986
0 0.495515 0.353527 0.287375 0.120562 0.000954867
1 0.345932 0.204707 0.34167 0.324393 0.000949267
1 0.688334 0.0332417 0.372613 0.0659423 0.000946169
0 0.352912 0.525584 0.14031 0.0879293 0.000943289
0 0.403698 0.77946 0.295756 0.278807 0.000941737
1 0.10233 0.965535 0.194932 0.0681337 0.000938647
2 0.92594 0.958968 0.148121 0.0820643 0.00092317
1 0.300456 0.703391 0.219287 0.126354 0.000918855
1 0.196934 0.965986 0.393868 0.067997 0.000914984
2 0.954235 0.939546 0.0915294 0.120907 0.000909305
1 0.0557579 0.128984 0.111516 0.257967 0.000903158
1 0.985925 0.456437 0.0281506 0.15127 0.000902871
1 0.63095 0.0233499 0.369137 0.0455423 0.000902762
1 0.947761 0.665258 0.0502158 0.0450683 0.000894488
0 0.900499 0.227976 0.197518 0.195626 0.000884987
0 0.883654 0.153083 0.232692 0.24301 0.000881046
1 0.483996 0.952547 0.32801 0.0949053 0.0008766
1 0.161084 0.961456 0.306599 0.0755222 0.000873954
1 0.295713 0.180551 0.340626 0.331735 0.000872081
0 0.0630993 0.916516 0.126199 0.166968 0.000871734
1 0.0774178 0.371546 0.154836 0.103294 0.00086518
1 0.085786 0.927468 0.167537 0.145064 0.000862206
0 0.911547 0.643311 0.0905099 0.072216 0.000861603
1 0.550378 0.889674 0.334921 0.220652 0.000859429
1 0.0695025 0.465768 0.100649 0.0473658 0.000855572
1 0.58979 0.421771 0.273634 0.232219 0.000853777
1 0.637189 0.030121 0.405994 0.057539 0.000852976
2 0.968553 0.957946 0.0628944 0.0841086 0.000851192
1 0.687435 0.509362 0.349391 0.188768 0.000851039
1 0.443846 0.662712 0.410183 0.281351 0.000848586
0 0.695703 0.885947 0.273321 0.228105 0.000847248
0 0.953158 0.987977 0.0936832 0.0240454 0.0008398
1 0.60878 0.872528 0.409957 0.241625 0.00083965
1 0.441294 0.854472 0.284593 0.143002 0.000835245
1 0.466848 0.204634 0.228115 0.314617 0.000831618
2 0.978051 0.424297 0.0438989 0.1332 0.000830725
2 0.0631147 0.559974 0.126229 0.294028 0.000827777
1 0.117444 0.940177 0.230914 0.118709 0.00082737
2 0.0630569 0.525504 0.125594 0.151632 0.00082709
0 0.882538 0.0254694 0.234924 0.0505662 0.000827011
0 0.79575 0.882079 0.239153 0.235843 0.000824549
1 0.776622 0.0276283 0.370431 0.0548619 0.00082032
1 0.512803 0.193762 0.268777 0.321576 0.000817114
0 0.0539705 0.411309 0.107941 0.168995 0.00081697
0 0.740986 0.8976 0.203914 0.2048 0.000813437
1 0.810571 0.701688 0.347455 0.318784 0.000807906
1 0.0774741 0.35091 0.154948 0.0663054 0.000806073
2 0.0580362 0.528267 0.116072 0.222015 0.000805051
1 0.388766 0.042367 0.402539 0.084734 0.000804554
0 0.58875 0.891246 0.357814 0.217508 0.000799926
0 0.864097 0.895817 0.271805 0.208365 0.000798602
1 0.402482 0.44163 0.245294 0.307589 0.000798459
