1 0.483355 0.59621 0.53045 0.346441 0.975905
1 0.480206 0.708972 0.529376 0.582057 0.697157
1 0.507367 0.664183 0.461572 0.201451 0.0525061
1 0.474011 0.672241 0.504634 0.154071 0.0284385
1 0.59423 0.473895 0.210473 0.105687 0.0232336
1 0.432223 0.677402 0.419084 0.122634 0.0134567
1 0.375075 0.680139 0.309591 0.136538 0.0099823
1 0.612506 0.70835 0.774989 0.582699 0.00793324
1 0.626715 0.601187 0.739736 0.38105 0.00763184
1 0.659631 0.670564 0.151154 0.183693 0.00762453
1 0.326735 0.676517 0.210541 0.12441 0.00762281
1 0.463225 0.578897 0.549972 0.505513 0.00732328
1 0.41975 0.777492 0.630617 0.445017 0.00686242
1 0.344313 0.790759 0.457034 0.417847 0.0066498
1 0.387278 0.528852 0.755095 0.811748 0.00557615
1 0.545318 0.568801 0.384904 0.289122 0.00531171
1 0.48166 0.849248 0.661205 0.301505 0.00526207
1 0.462978 0.408621 0.89367 0.817241 0.00445692
1 0.583585 0.535132 0.299934 0.222716 0.00401813
1 0.652425 0.529487 0.679448 0.525822 0.00390409
1 0.594039 0.491341 0.239036 0.137302 0.00380353
1 0.431227 0.943615 0.762129 0.112771 0.00377714
1 0.736169 0.750721 0.527662 0.497371 0.00361678
1 0.672761 0.682516 0.122176 0.156654 0.00343144
1 0.563438 0.673528 0.343641 0.176377 0.00332715
1 0.62786 0.939976 0.712135 0.120047 0.00328299
1 0.629905 0.527173 0.690562 0.717195 0.00327218
1 0.225725 0.94407 0.450058 0.111309 0.00323681
1 0.274906 0.765627 0.481418 0.468746 0.00305376
1 0.444996 0.670248 0.778001 0.608486 0.00301166
1 0.359196 0.875938 0.591624 0.248124 0.00297657
1 0.173212 0.785484 0.324343 0.428839 0.00293328
1 0.143634 0.942194 0.287267 0.115612 0.00292387
1 0.213789 0.580548 0.399846 0.797511 0.0029139
1 0.571317 0.869616 0.724712 0.260767 0.00288106
1 0.139434 0.627217 0.278868 0.698266 0.00287692
0 0.873541 0.115062 0.252918 0.228995 0.0028495
1 0.698555 0.65861 0.602891 0.550186 0.00283207
0 0.793926 0.107428 0.412148 0.213735 0.00282247
1 0.336285 0.711779 0.234075 0.221164 0.00279686
1 0.761191 0.951051 0.477619 0.0978985 0.00279425
1 0.246004 0.543594 0.492009 0.901318 0.00277024
1 0.512401 0.280848 0.873771 0.561696 0.00276252
0 0.512861 0.620988 0.497645 0.281957 0.0027342
1 0.137624 0.816437 0.275249 0.367126 0.00272686
1 0.378106 0.51382 0.756211 0.951504 0.00271826
0 0.503473 0.0864978 0.60007 0.171363 0.00257435
0 0.697501 0.688933 0.604998 0.574135 0.00256725
0 0.124834 0.755532 0.249668 0.463095 0.00256102
0 0.826738 0.128124 0.318093 0.254384 0.00255575
1 0.132459 0.721961 0.264918 0.512668 0.00255194
1 0.2778 0.885519 0.504455 0.228396 0.00252012
0 0.402536 0.0724028 0.579726 0.142869 0.00251437
0 0.702527 0.562469 0.594945 0.445762 0.0024934
1 0.137555 0.86794 0.27511 0.251033 0.0024916
0 0.701647 0.0947243 0.517817 0.187966 0.00247508
1 0.750193 0.936509 0.499613 0.126981 0.00245937
0 0.54771 0.199251 0.764146 0.398502 0.00242794
0 0.568463 0.149256 0.66313 0.295607 0.00241954
0 0.166134 0.717951 0.311311 0.555566 0.00241238
0 0.736821 0.654319 0.526358 0.583828 0.00240993
0 0.752527 0.752075 0.494945 0.495542 0.00239894
0 0.851619 0.18547 0.274685 0.366974 0.00239347
0 0.755677 0.135822 0.451018 0.268476 0.00237768
0 0.892251 0.0137099 0.215499 0.0274198 0.00237235
0 0.253186 0.078865 0.45123 0.155434 0.00236222
0 0.832614 0.711782 0.334772 0.558952 0.00234456
0 0.343765 0.134059 0.554578 0.261995 0.00230251
1 0.149052 0.498994 0.298105 0.814622 0.00230122
0 0.118757 0.0838886 0.237515 0.167777 0.00227949
0 0.491963 0.645665 0.502341 0.209818 0.00227747
0 0.305757 0.714833 0.546637 0.553968 0.0022603
0 0.151342 0.425563 0.302685 0.743561 0.00225698
1 0.739245 0.878964 0.504641 0.242072 0.00225292
0 0.335185 0.176526 0.465767 0.339479 0.00224842
0 0.15454 0.0851735 0.293472 0.16862 0.00223329
0 0.243327 0.131952 0.416411 0.255481 0.00223274
0 0.787467 0.191239 0.404148 0.377647 0.00222613
0 0.436887 0.175025 0.586982 0.34006 0.00222235
1 0.619681 0.595744 0.233037 0.341521 0.0022166
0 0.841971 0.209025 0.316057 0.397541 0.00220653
0 0.1335 0.223849 0.266999 0.331762 0.00217754
0 0.240785 0.182826 0.382621 0.349622 0.0021701
0 0.514531 0.544607 0.444407 0.244473 0.00216632
1 0.511066 0.504018 0.725182 0.73649 0.00216629
0 0.139412 0.301394 0.278823 0.500525 0.00216369
0 0.128384 0.122811 0.256767 0.232465 0.00213568
0 0.687636 0.220443 0.560927 0.434838 0.00212172
0 0.778907 0.893807 0.442186 0.212386 0.00211532
0 0.839801 0.796221 0.320398 0.407558 0.00206653
0 0.76872 0.863358 0.46256 0.273284 0.00203898
0 0.173861 0.183948 0.310158 0.341765 0.00203685
0 0.451385 0.294831 0.85261 0.585279 0.00203561
0 0.195794 0.42574 0.391589 0.836824 0.00202402
0 0.300956 0.220588 0.467465 0.404844 0.0020127
0 0.728651 0.482937 0.542699 0.449435 0.00200315
0 0.810509 0.292157 0.378981 0.445246 0.00199022
0 0.37434 0.388336 0.748681 0.762794 0.00198211
0 0.274122 0.479324 0.548244 0.927768 0.00197856
0 0.795295 0.365531 0.40941 0.432616 0.0019598
0 0.652002 0.268639 0.662336 0.533085 0.00191467
0 0.170277 0.301144 0.319643 0.574705 0.00191173
2 0.584682 0.471894 0.217353 0.102215 0.00189317
1 0.693132 0.671972 0.214656 0.183717 0.00188103
0 0.778198 0.271499 0.436155 0.43374 0.00187553
0 0.737843 0.293238 0.497074 0.559107 0.00186731
1 0.371207 0.738472 0.321918 0.286909 0.00185668
1 0.521118 0.528442 0.408674 0.211262 0.00183557
0 0.277486 0.291535 0.534113 0.556932 0.00182978
1 0.559647 0.0267175 0.797438 0.0525215 0.00181807
1 0.632189 0.345457 0.699923 0.676757 0.00181526
0 0.706021 0.436621 0.579404 0.425033 0.00176895
0 0.692305 0.456382 0.59296 0.623495 0.00173118
1 0.525841 0.473819 0.334962 0.102507 0.00164774
1 0.595186 0.449326 0.21199 0.152528 0.00161462
1 0.473904 0.0319606 0.571276 0.0631141 0.00153702
2 0.112474 0.958505 0.221587 0.0827061 0.00151873
2 0.538521 0.0316178 0.544519 0.0624875 0.00150408
1 0.650514 0.0324049 0.478892 0.0639019 0.00146916
0 0.610808 0.0322264 0.487243 0.063414 0.00146839
1 0.686095 0.0283436 0.62781 0.055684 0.00146592
1 0.101722 0.952229 0.203445 0.0949268 0.00142938
1 0.699239 0.742635 0.177007 0.322694 0.00140851
0 0.911534 0.0111354 0.176932 0.0222707 0.00140379
0 0.381411 0.0296626 0.473711 0.0582387 0.00140125
1 0.132518 0.959037 0.262653 0.0809854 0.00138473
1 0.410046 0.0258615 0.615774 0.0509215 0.00135376
0 0.939211 0.11056 0.11917 0.204563 0.0013382
1 0.655478 0.601709 0.164257 0.352376 0.00132757
0 0.680287 0.978401 0.322936 0.0424583 0.00130623
0 0.533704 0.463209 0.0843437 0.0771557 0.00129497
2 0.0910696 0.930179 0.182139 0.137521 0.00128042
1 0.625424 0.440498 0.281199 0.177733 0.00126129
1 0.626966 0.968978 0.43326 0.0615425 0.00125456
1 0.684393 0.735092 0.128769 0.300624 0.00125367
0 0.399682 0.0128594 0.32697 0.0257189 0.00123973
2 0.881183 0.0287961 0.236229 0.0562344 0.00123953
1 0.662981 0.695797 0.126519 0.204813 0.00120675
2 0.660277 0.701075 0.127805 0.228262 0.0012058
0 0.844147 0.0163074 0.311705 0.031721 0.00120249
1 0.108374 0.927635 0.210702 0.143912 0.00120224
1 0.591569 0.690747 0.297666 0.145789 0.00119858
0 0.945147 0.145658 0.104705 0.141134 0.00118194
1 0.726175 0.674317 0.305217 0.193326 0.00118063
0 0.0431897 0.976026 0.0863795 0.0473791 0.00117839
1 0.24644 0.957757 0.49288 0.0840645 0.00116003
0 0.751056 0.978026 0.423427 0.0432411 0.00115193
2 0.345845 0.958085 0.550518 0.0834013 0.00115152
1 0.328172 0.751971 0.210162 0.354879 0.00114315
0 0.646503 0.725964 0.0717485 0.0667888 0.0011318
1 0.406056 0.643209 0.366586 0.204467 0.00112251
1 0.508278 0.499768 0.389636 0.156733 0.0011149
1 0.722137 0.751759 0.253178 0.34092 0.00110125
0 0.723946 0.0131535 0.259536 0.0263071 0.0011012
2 0.822622 0.0296676 0.348746 0.0582486 0.00108162
0 0.193377 0.0325559 0.385865 0.0636744 0.00107765
0 0.0479295 0.98814 0.0958589 0.0229614 0.00107649
0 0.27278 0.0298478 0.473104 0.0586024 0.0010545
0 0.784613 0.970615 0.430775 0.0583874 0.00105415
2 0.644285 0.70917 0.0768479 0.211917 0.00104582
0 0.935085 0.14076 0.0956663 0.0770667 0.0010397
1 0.214351 0.0321439 0.428702 0.0627586 0.00103544
0 0.755802 0.0333004 0.488397 0.0660431 0.00103482
0 0.90506 0.107245 0.189881 0.214489 0.00102739
2 0.072326 0.915697 0.144652 0.167512 0.00101449
1 0.804781 0.95808 0.390437 0.0834625 0.00101273
0 0.856393 0.0124214 0.287213 0.0248428 0.00101187
0 0.753984 0.0105614 0.294852 0.0211228 0.00100945
0 0.104713 0.978221 0.209426 0.0435575 0.000989148
2 0.922226 0.95165 0.155547 0.0963653 0.000989081
0 0.849168 0.952022 0.301664 0.0957966 0.000977318
1 0.584781 0.95991 0.597688 0.0797928 0.000969637
1 0.465626 0.752855 0.48508 0.329044 0.000963845
1 0.107601 0.885314 0.210209 0.229372 0.000954256
0 0.0647506 0.988884 0.129501 0.0221922 0.000937471
1 0.286396 0.672447 0.329184 0.147903 0.000933603
2 0.558406 0.0598013 0.700962 0.119603 0.000932399
0 0.364651 0.0105585 0.321755 0.021117 0.000932197
2 0.0611838 0.984487 0.122368 0.0309072 0.000927887
2 0.882588 0.06055 0.234824 0.1211 0.000926346
1 0.269521 0.0266096 0.539042 0.0529568 0.000919279
0 0.940336 0.150488 0.119328 0.103276 0.000917839
0 0.506574 0.063426 0.655026 0.126852 0.000912299
2 0.890943 0.146204 0.21204 0.143718 0.000899795
2 0.645488 0.701251 0.0723643 0.123052 0.000896214
2 0.477622 0.959324 0.624138 0.0809395 0.00088577
2 0.875291 0.94804 0.249418 0.103516 0.000883552
2 0.0682859 0.873568 0.136572 0.252865 0.000877578
1 0.356329 0.766232 0.297854 0.385412 0.000876458
0 0.471796 0.0119393 0.329512 0.0238787 0.000873669
1 0.645844 0.695339 0.0785511 0.176424 0.000873598
2 0.207461 0.955855 0.414922 0.0871422 0.000860011
0 0.649051 0.0595622 0.502115 0.119124 0.00085913
2 0.848913 0.109334 0.302174 0.218077 0.00085883
0 0.130483 0.0337617 0.254852 0.0665732 0.000858463
0 0.655948 0.0124255 0.348953 0.0248509 0.000857365
0 0.923714 0.126444 0.0692811 0.0453217 0.000852654
2 0.913211 0.114363 0.173577 0.228725 0.000850714
2 0.055157 0.404274 0.110314 0.367534 0.000846364
2 0.947368 0.918716 0.105265 0.162568 0.000839916
2 0.0963247 0.856165 0.191943 0.28767 0.000839354
1 0.045595 0.886791 0.09119 0.226419 0.000838461
0 0.881907 0.0722774 0.235468 0.144555 0.00083528
2 0.0493663 0.749026 0.0987326 0.329854 0.000833698
1 0.143936 0.905728 0.280093 0.188544 0.000833296
2 0.631906 0.95953 0.401436 0.0807873 0.000829702
0 0.30701 0.00939176 0.293699 0.0187835 0.000829337
1 0.825667 0.94464 0.348666 0.109698 0.000826547
0 0.733903 0.982196 0.187849 0.0355999 0.000824987
0 0.394516 0.109089 0.4628 0.218178 0.000823857
0 0.172078 0.93065 0.333958 0.13747 0.000822867
2 0.263366 0.146119 0.339488 0.204632 0.00081952
0 0.950338 0.188937 0.0974839 0.210312 0.000814639
2 0.354229 0.0647196 0.481863 0.129439 0.000800184
0 0.543652 0.0134539 0.362289 0.0269078 0.000799239
1 0.477342 0.465155 0.273063 0.118674 0.000798811
1 0.806602 0.121 0.386795 0.242001 0.000798753
0 0.427756 0.558395 0.404618 0.324647 0.000798545
0 0.326688 0.774278 0.195257 0.375603 0.000795767
0 0.637206 0.713451 0.0920823 0.0927879 0.000795538
2 0.792405 0.118685 0.41519 0.237369 0.000791408
2 0.0806572 0.350172 0.160274 0.27412 0.000788565
0 0.817498 0.0264056 0.365004 0.0518768 0.000786676
1 0.851924 0.925585 0.296153 0.147873 0.000785466
2 0.0487735 0.668487 0.097547 0.380612 0.00078414
1 0.744844 0.390595 0.292504 0.119902 0.000781499
2 0.968322 0.949975 0.0633569 0.10005 0.000781396
1 0.686211 0.43566 0.380767 0.223177 0.000780926
0 0.924718 0.134904 0.0740839 0.0644449 0.000779192
1 0.0573993 0.923942 0.114799 0.152116 0.000778622
0 0.3256 0.120209 0.393713 0.240418 0.000778447
0 0.259361 0.158499 0.32585 0.192258 0.000774421
2 0.539381 0.0964458 0.438426 0.192892 0.000771436
2 0.769516 0.0874579 0.460968 0.174916 0.000770722
2 0.91329 0.930327 0.173421 0.138575 0.000770537
2 0.263232 0.932989 0.383248 0.132809 0.000770491
0 0.13822 0.892116 0.270042 0.215768 0.000768971
2 0.0556625 0.830137 0.111325 0.339726 0.000766838
0 0.475625 0.123809 0.452349 0.247617 0.000766692
0 0.371525 0.584929 0.29556 0.242971 0.00076271
2 0.0562561 0.324968 0.112512 0.401901 0.000760199
2 0.961313 0.0837253 0.0773736 0.167451 0.000757528
0 0.0593676 0.969267 0.118735 0.0608197 0.000757028
0 0.849554 0.291385 0.241288 0.138156 0.000754208
2 0.744932 0.395638 0.292558 0.123324 0.000752336
0 0.735511 0.906944 0.323866 0.186112 0.000750804
0 0.300642 0.248619 0.303604 0.262304 0.000750759
1 0.0272668 0.0927552 0.0545336 0.18551 0.000749185
2 0.0731118 0.725412 0.145318 0.258884 0.000746806
0 0.891896 0.1656 0.211252 0.175605 0.000744454
2 0.0501807 0.542608 0.100361 0.393474 0.000742064
0 0.761213 0.165919 0.345118 0.275003 0.00074195
2 0.108437 0.0571319 0.216873 0.114264 0.000741179
1 0.696526 0.627336 0.272286 0.27746 0.000741009
0 0.784127 0.295501 0.285203 0.14476 0.000740625
0 0.0917043 0.98831 0.183409 0.0233805 0.000739975
2 0.13895 0.863802 0.272408 0.272396 0.000734966
2 0.713175 0.398416 0.296402 0.105532 0.000734368
2 0.635636 0.698148 0.114692 0.214424 0.000733433
0 0.557724 0.867392 0.230439 0.243222 0.000731966
0 0.317905 0.562425 0.293704 0.345145 0.00073084
0 0.629709 0.907093 0.327889 0.185815 0.00073073
0 0.241844 0.858472 0.269778 0.283057 0.000730418
2 0.169062 0.893723 0.321732 0.212554 0.000730184
0 0.794308 0.27237 0.310997 0.195875 0.000727064
0 0.355653 0.168655 0.399561 0.25855 0.000726284
0 0.274104 0.21844 0.309858 0.287 0.000726263
0 0.381361 0.132957 0.39644 0.265915 0.000725294
0 0.532478 0.902368 0.352475 0.195264 0.000725032
0 0.230381 0.902749 0.266393 0.194501 0.000724614
0 0.772619 0.878424 0.286678 0.243153 0.00072425
0 0.423532 0.201891 0.293202 0.205979 0.000720211
0 0.318406 0.815057 0.222192 0.369885 0.000720166
0 0.705571 0.11697 0.388009 0.23394 0.000720081
2 0.0364843 0.848397 0.0729686 0.303206 0.000719715
0 0.591529 0.854884 0.240637 0.259044 0.000719489
2 0.0751845 0.416996 0.15023 0.311348 0.000718326
2 0.273626 0.0789316 0.474821 0.157863 0.000718311
0 0.39043 0.0192352 0.437897 0.0373138 0.000717121
0 0.856897 0.27133 0.271569 0.184062 0.000716787
2 0.054503 0.171098 0.109006 0.342196 0.000716314
0 0.510933 0.936903 0.436548 0.125195 0.000716299
2 0.633425 0.689341 0.102294 0.15011 0.000715557
0 0.452293 0.174115 0.294358 0.2629 0.000715129
0 0.101485 0.985095 0.202971 0.0297259 0.000713487
1 0.101197 0.717845 0.195796 0.253411 0.000713169
0 0.269083 0.276112 0.293592 0.213595 0.000713015
2 0.0171757 0.131626 0.0343514 0.263251 0.000712812
0 0.433862 0.252681 0.26582 0.209443 0.000712779
0 0.384485 0.25005 0.337593 0.242304 0.000712352
2 0.0527151 0.480759 0.10543 0.390752 0.000711716
0 0.386482 0.815771 0.265118 0.360548 0.000711041
0 0.515036 0.872656 0.254942 0.252448 0.000710906
0 0.190901 0.133649 0.29091 0.211135 0.000710354
0 0.57668 0.894546 0.255297 0.210907 0.000709382
2 0.745377 0.959235 0.430192 0.0808323 0.000709279
1 0.705629 0.787765 0.141889 0.229483 0.000708786
0 0.802196 0.0120124 0.364662 0.0240247 0.000708389
1 0.48255 0.953474 0.610755 0.0927533 0.000708129
1 0.742374 0.416145 0.296332 0.171657 0.000707277
