2 0.437293 0.477857 0.381874 0.640736 0.987567
0 0.0957606 0.751776 0.0925869 0.110865 0.869632
0 0.792817 0.375623 0.0689334 0.0897199 0.772046
0 0.273266 0.151964 0.0380908 0.0546343 0.729272
2 0.770668 0.055745 0.0882424 0.11149 0.726073
0 0.773921 0.794629 0.0719521 0.143581 0.670302
0 0.157386 0.502514 0.0329543 0.0472034 0.532059
0 0.773956 0.194246 0.0850093 0.131942 0.528379
2 0.774376 0.196267 0.084843 0.139845 0.450188
0 0.719823 0.462575 0.0235276 0.0363346 0.437977
0 0.0342027 0.0651999 0.0684053 0.1304 0.397288
2 0.965057 0.866784 0.0698866 0.263287 0.367993
2 0.773226 0.795926 0.072558 0.143365 0.261854
2 0.962798 0.818074 0.0744049 0.363851 0.196527
0 0.0535985 0.261374 0.028965 0.0309767 0.123505
0 0.271938 0.14081 0.0360992 0.0772453 0.107454
0 0.774547 0.777894 0.0683669 0.104384 0.08225
2 0.0352053 0.0695245 0.0702894 0.139049 0.0819288
0 0.849307 0.576523 0.0195076 0.0412704 0.071978
0 0.776138 0.272718 0.0959927 0.297944 0.064993
0 0.812474 0.514663 0.0252754 0.0309267 0.0598416
0 0.0539719 0.255581 0.0306289 0.0441075 0.0553491
0 0.0289905 0.0539222 0.057981 0.107844 0.0547464
0 0.770254 0.0901042 0.0895308 0.17479 0.0508165
1 0.964762 0.879537 0.0704146 0.237506 0.0484847
0 0.816836 0.504943 0.0355649 0.0499747 0.0471645
0 0.036555 0.110315 0.0718445 0.220629 0.0454847
0 0.824323 0.498037 0.0562847 0.0666108 0.0425739
0 0.0579101 0.233055 0.0372981 0.0901548 0.0401426
2 0.80071 0.0562999 0.154303 0.111948 0.0378237
0 0.175055 0.0924936 0.0442498 0.0629498 0.0373363
0 0.0662331 0.221003 0.0560134 0.115033 0.0363687
0 0.786673 0.352029 0.0771226 0.136798 0.0359468
0 0.021704 0.0499593 0.043408 0.0999186 0.0355997
0 0.803393 0.377491 0.0455005 0.0840922 0.0351804
2 0.969653 0.852322 0.0602139 0.295356 0.0333325
0 0.0877046 0.738745 0.0709318 0.0826357 0.0315498
0 0.850702 0.782685 0.298596 0.434629 0.0310997
0 0.808627 0.796938 0.147011 0.143198 0.028691
2 0.946538 0.875815 0.105933 0.246598 0.027045
0 0.783882 0.229497 0.110208 0.428142 0.0266643
0 0.911491 0.769261 0.177018 0.461478 0.024168
0 0.0380791 0.170309 0.0761582 0.340618 0.0239009
0 0.657536 0.345131 0.0154647 0.0392461 0.0238667
2 0.759387 0.0476457 0.0632559 0.0880758 0.0232577
0 0.833356 0.494219 0.0365562 0.0610927 0.0231803
0 0.336721 0.940368 0.025829 0.0411821 0.0230621
2 0.963544 0.905443 0.0729119 0.188913 0.022279
0 0.39043 0.831696 0.0179047 0.0342628 0.0188647
0 0.828803 0.488029 0.0459281 0.0451863 0.0188244
0 0.858289 0.857862 0.283423 0.271852 0.0187438
0 0.170749 0.0800785 0.0568819 0.0920051 0.0187334
1 0.947585 0.885345 0.103569 0.229309 0.017548
0 0.818034 0.218601 0.180913 0.423193 0.0167532
0 0.106809 0.1535 0.213618 0.306999 0.0166039
0 0.758672 0.198004 0.160896 0.391702 0.0165024
0 0.719164 0.468632 0.0266447 0.0477461 0.015964
0 0.963007 0.759386 0.0728783 0.481227 0.0150217
0 0.775945 0.230862 0.0898634 0.208165 0.0143911
2 0.766671 0.057416 0.131149 0.114832 0.0141076
1 0.901277 0.821366 0.197201 0.357268 0.0137997
0 0.774493 0.138464 0.0923439 0.253027 0.012976
0 0.0254211 0.0985272 0.0508421 0.197054 0.0128716
0 0.098124 0.771399 0.0939623 0.152286 0.0120021
1 0.85267 0.849457 0.293732 0.285038 0.0116957
0 0.799512 0.397284 0.0785447 0.139376 0.0112994
0 0.802506 0.255063 0.141376 0.37535 0.0111591
1 0.972635 0.863617 0.0541064 0.272766 0.0110007
0 0.112604 0.753556 0.0584867 0.0982469 0.0109562
0 0.788944 0.361662 0.061417 0.110927 0.0107004
0 0.0482595 0.169734 0.0847308 0.223173 0.0102695
0 0.959616 0.35985 0.0295691 0.0482057 0.0101645
2 0.754266 0.795241 0.114293 0.146214 0.0101412
0 0.753779 0.974271 0.0248438 0.0316628 0.00995405
0 0.0434475 0.278133 0.0866342 0.556265 0.00991553
0 0.157303 0.0671832 0.0865853 0.121666 0.00958495
0 0.835241 0.479257 0.0325073 0.0306371 0.00957087
0 0.657121 0.13439 0.0333412 0.0432723 0.0091799
0 0.810868 0.375948 0.105246 0.0923906 0.0088458
0 0.74214 0.290175 0.0247749 0.0318775 0.00883207
0 0.755601 0.295088 0.0492404 0.043495 0.00849942
0 0.0401445 0.237978 0.080289 0.475957 0.00831796
0 0.430477 0.471304 0.397081 0.654587 0.00815443
0 0.438443 0.589597 0.379695 0.406909 0.00787943
0 0.859453 0.699139 0.281095 0.536518 0.00778518
1 0.765692 0.797414 0.0972074 0.147052 0.00758682
0 0.843934 0.793296 0.222224 0.154258 0.0073341
0 0.741591 0.160284 0.223224 0.320569 0.00732365
2 0.0342622 0.0502502 0.0685245 0.1005 0.007155
0 0.743804 0.228141 0.212313 0.444838 0.0071047
0 0.829023 0.313178 0.341953 0.5894 0.00707859
0 0.825217 0.135774 0.198569 0.267162 0.00688681
0 0.752968 0.290437 0.0458673 0.0333695 0.00687708
2 0.436135 0.356975 0.390023 0.399073 0.00685167
2 0.973919 0.867734 0.0516718 0.248622 0.00683545
0 0.841805 0.451667 0.228174 0.72159 0.00677106
0 0.106866 0.273999 0.213733 0.547998 0.00676529
0 0.126393 0.848954 0.239794 0.28831 0.00644419
0 0.696042 0.246958 0.295317 0.45316 0.0064369
0 0.0877188 0.846006 0.172991 0.28696 0.00639061
0 0.799682 0.49783 0.161553 0.818393 0.00629271
1 0.763014 0.0416223 0.0708219 0.0746091 0.006205
0 0.162066 0.504925 0.0453553 0.0582227 0.00613639
0 0.890111 0.615164 0.219779 0.769672 0.00592927
0 0.719423 0.456228 0.0277669 0.0513049 0.00592874
0 0.145054 0.214623 0.290108 0.429247 0.00579093
1 0.771839 0.13842 0.091971 0.26192 0.00575104
0 0.0146376 0.0468158 0.0292751 0.0936315 0.00566988
0 0.837924 0.501627 0.324151 0.944629 0.00566838
0 0.0479832 0.147889 0.0959665 0.295779 0.00564252
0 0.811742 0.14289 0.262621 0.28578 0.00562834
0 0.85558 0.752498 0.247371 0.23953 0.00543104
0 0.782055 0.400539 0.144698 0.147253 0.0054268
0 0.826064 0.206088 0.346684 0.411024 0.00526525
0 0.962449 0.354598 0.0397716 0.0636339 0.00519906
0 0.0616429 0.21709 0.0473057 0.144039 0.00517903
2 0.724973 0.058682 0.191274 0.117364 0.00511822
0 0.185644 0.849758 0.347758 0.293724 0.00504528
0 0.796406 0.437416 0.0816585 0.20613 0.00502563
0 0.0808387 0.400664 0.161142 0.801328 0.00499173
0 0.0788963 0.762599 0.156993 0.428734 0.00497627
0 0.659764 0.353785 0.469198 0.639084 0.00475207
0 0.15954 0.51732 0.0401739 0.0817956 0.00473998
0 0.0800169 0.651621 0.15911 0.521157 0.0047065
0 0.0772894 0.737319 0.0507437 0.0716889 0.00447716
0 0.222585 0.812966 0.412639 0.370334 0.00447621
0 0.858664 0.254052 0.28257 0.504308 0.00443133
0 0.150108 0.300573 0.300215 0.58972 0.004253
0 0.0947546 0.840123 0.106092 0.298057 0.00424031
0 0.679532 0.535232 0.587118 0.852592 0.00422929
2 0.775031 0.187437 0.0695936 0.116504 0.00422235
0 0.020292 0.0805287 0.040038 0.161057 0.00415136
0 0.781296 0.188993 0.0570219 0.116638 0.00412362
2 0.780901 0.0519584 0.0664655 0.10003 0.00412227
0 0.793272 0.856961 0.402471 0.283914 0.00406209
0 0.164626 0.927038 0.327913 0.145923 0.00401735
0 0.946065 0.816632 0.106232 0.366736 0.00400979
0 0.0907488 0.548109 0.180802 0.757801 0.00397595
2 0.3412 0.503628 0.609228 0.669205 0.00394796
0 0.694333 0.194844 0.465802 0.389688 0.00390739
0 0.969732 0.697994 0.0587818 0.604013 0.003882
0 0.162254 0.147688 0.316912 0.284863 0.00386265
0 0.195852 0.942142 0.367969 0.115717 0.00385476
0 0.7688 0.543923 0.411982 0.882173 0.00377764
2 0.981894 0.875601 0.0355337 0.248798 0.0037613
0 0.659975 0.240719 0.600871 0.475012 0.00375903
0 0.971438 0.320786 0.0568787 0.258996 0.0037299
2 0.733399 0.058542 0.188126 0.117084 0.00370535
0 0.108074 0.449112 0.216147 0.898224 0.00367805
0 0.810237 0.15132 0.375034 0.30264 0.00366686
0 0.0775191 0.179918 0.0916406 0.199365 0.00364226
1 0.965035 0.867558 0.06993 0.264884 0.00362286
0 0.569068 0.507796 0.85165 0.810287 0.00360529
0 0.264046 0.874069 0.459221 0.237689 0.00350892
0 0.974359 0.844321 0.0512822 0.159139 0.00350268
0 0.13467 0.0686637 0.131596 0.132287 0.00349231
0 0.223843 0.210882 0.437868 0.403197 0.00348611
0 0.765795 0.0536655 0.0813165 0.103902 0.00348396
0 0.980902 0.80519 0.0381963 0.345993 0.00347707
0 0.243272 0.72002 0.471996 0.559959 0.00343244
0 0.757056 0.974922 0.0334772 0.035099 0.00339444
0 0.109933 0.907441 0.219866 0.185118 0.00333414
0 0.274628 0.954732 0.425625 0.090535 0.00332382
2 0.568611 0.533709 0.840553 0.792536 0.0032758
0 0.72172 0.911413 0.475517 0.177174 0.00327441
0 0.0362903 0.0467657 0.0725807 0.0935314 0.00327269
0 0.336174 0.532018 0.635221 0.732962 0.00325567
1 0.916234 0.876108 0.167531 0.241026 0.00324184
0 0.274015 0.400079 0.0208836 0.0304164 0.00322606
0 0.537131 0.30922 0.693599 0.469218 0.00321982
0 0.106452 0.672272 0.210886 0.37915 0.00321119
0 0.157065 0.106686 0.303638 0.213371 0.00320147
0 0.564983 0.363135 0.840106 0.632836 0.00320139
0 0.00813963 0.537583 0.0162793 0.257285 0.00319961
0 0.807389 0.388487 0.0378037 0.0659436 0.00318034
0 0.969686 0.397347 0.0595032 0.533105 0.00317679
0 0.652895 0.151746 0.485806 0.303492 0.00315967
0 0.653769 0.353042 0.0248365 0.0571853 0.00314336
0 0.0589444 0.183836 0.0384069 0.0814646 0.00313188
0 0.270767 0.29543 0.537644 0.567432 0.00312563
0 0.0902522 0.884532 0.180504 0.230937 0.00309182
1 0.79825 0.856131 0.155507 0.268379 0.00301887
0 0.319267 0.796875 0.598358 0.39129 0.00300122
0 0.17658 0.387074 0.35316 0.774148 0.00296931
0 0.363506 0.883323 0.431956 0.21859 0.00296333
0 0.777862 0.764965 0.0558827 0.0793218 0.00295287
0 0.970983 0.344658 0.0579769 0.10589 0.00293003
0 0.385619 0.952799 0.414576 0.0944013 0.00291621
1 0.940973 0.891009 0.118055 0.217982 0.00290016
0 0.694591 0.84975 0.593254 0.299603 0.00289968
0 0.13545 0.755387 0.17367 0.115287 0.00286885
0 0.977154 0.868693 0.0456915 0.251341 0.00285755
0 0.757373 0.304991 0.0544189 0.06117 0.00281818
0 0.500532 0.593887 0.25044 0.401515 0.00280425
0 0.719814 0.667333 0.560372 0.665334 0.00278674
0 0.163584 0.504959 0.327167 0.837 0.00272565
0 0.808179 0.516261 0.0417429 0.0362423 0.00271512
0 0.443285 0.274677 0.428442 0.517295 0.00270739
0 0.0129279 0.321537 0.0256616 0.157042 0.00270693
0 0.442917 0.68043 0.377321 0.486565 0.00270468
0 0.125348 0.779381 0.0329335 0.0463995 0.00270437
0 0.101898 0.0632731 0.203797 0.126546 0.00267426
0 0.97113 0.372456 0.0576439 0.141957 0.00265474
2 0.272871 0.139711 0.0396117 0.0861932 0.00262989
2 0.491679 0.57474 0.270476 0.430982 0.00262644
0 0.489011 0.948599 0.385974 0.102803 0.00262193
0 0.708593 0.462882 0.0487789 0.049567 0.00260938
0 0.177677 0.10162 0.0381121 0.0432628 0.00260344
0 0.389335 0.827691 0.540295 0.328716 0.0025927
0 0.659148 0.347808 0.0217417 0.0460164 0.0025843
0 0.753299 0.0485428 0.0504481 0.0872003 0.00254794
0 0.631429 0.941577 0.542814 0.116847 0.00254015
0 0.350469 0.713887 0.67815 0.570413 0.00253983
0 0.990163 0.810033 0.0192371 0.122277 0.0025271
0 0.276359 0.64779 0.528599 0.70442 0.00252549
0 0.0177721 0.56222 0.0355441 0.655466 0.0025123
0 0.288157 0.148706 0.543318 0.296981 0.00249811
0 0.266426 0.0918331 0.490637 0.183666 0.00249342
0 0.929572 0.79062 0.140216 0.371285 0.00248302
0 0.57896 0.844464 0.415287 0.305365 0.00248167
0 0.967147 0.293649 0.0646431 0.587299 0.00248049
0 0.144329 0.599002 0.287416 0.5396 0.00247359
2 0.442311 0.525474 0.397327 0.369618 0.00246226
0 0.095714 0.720995 0.103895 0.192569 0.00244305
0 0.987968 0.770632 0.0232192 0.239355 0.00243921
0 0.668703 0.744015 0.616557 0.51197 0.0024258
1 0.485983 0.814605 0.368948 0.370791 0.00242271
0 0.00937202 0.501171 0.0186067 0.199212 0.002422
0 0.498298 0.701569 0.454753 0.596862 0.00241664
0 0.97118 0.401919 0.0575739 0.335384 0.00241637
0 0.154838 0.496811 0.0366483 0.0615762 0.00241579
0 0.604439 0.173396 0.614048 0.346793 0.00240784
0 0.399134 0.266707 0.398005 0.397719 0.00240259
0 0.501839 0.874365 0.33293 0.240846 0.00240139
0 0.572433 0.120346 0.557301 0.240691 0.00237795
0 0.296456 0.244376 0.570653 0.343065 0.00236517
0 0.773782 0.435631 0.132568 0.0865074 0.00234686
0 0.23851 0.505525 0.477021 0.776922 0.002319
0 0.325398 0.348562 0.623008 0.500838 0.00231691
2 0.825607 0.0593893 0.211176 0.118712 0.00230332
0 0.810389 0.527924 0.0311069 0.0587744 0.00227725
1 0.592331 0.723777 0.488485 0.552446 0.00227431
0 0.624292 0.649289 0.701164 0.701423 0.00226556
0 0.103843 0.106581 0.207687 0.205022 0.00226095
0 0.018186 0.653572 0.036372 0.692857 0.00225772
0 0.329093 0.249344 0.378023 0.322153 0.00225682
0 0.969313 0.229978 0.0612419 0.381907 0.0022438
0 0.382958 0.0978141 0.484144 0.195628 0.00223913
0 0.400645 0.156078 0.455647 0.312156 0.00223629
0 0.321948 0.148044 0.149581 0.0829044 0.00223138
0 0.381896 0.33811 0.353607 0.396951 0.00220828
0 0.841296 0.352892 0.186372 0.141774 0.00220368
0 0.766517 0.833707 0.0538429 0.0653978 0.00219944
0 0.970893 0.384284 0.0581526 0.203132 0.00218807
0 0.969875 0.506389 0.0590151 0.623445 0.00218201
2 0.434885 0.433289 0.418621 0.278951 0.00217934
0 0.954368 0.35475 0.0442511 0.0633502 0.00216308
0 0.817941 0.764107 0.180228 0.214575 0.00215758
0 0.93649 0.722677 0.126498 0.252591 0.00212198
0 0.0274166 0.337737 0.0548332 0.675475 0.00212071
0 0.321477 0.453997 0.552192 0.63512 0.00211767
0 0.845491 0.579033 0.0326938 0.0513021 0.00210643
2 0.779781 0.77676 0.0607362 0.0991338 0.00208963
0 0.983152 0.831421 0.0336433 0.136068 0.00207524
0 0.823463 0.0597371 0.20691 0.117555 0.00205436
0 0.773334 0.36703 0.0912067 0.105853 0.00204486
0 0.0529341 0.0716573 0.105868 0.143315 0.00199191
0 0.339855 0.9421 0.0379592 0.0505452 0.00195441
0 0.977957 0.6509 0.0418733 0.698199 0.00190517
1 0.727068 0.11292 0.185026 0.222406 0.00189894
0 0.179881 0.0693872 0.197695 0.138725 0.00189789
0 0.00823749 0.794095 0.01623 0.166728 0.0018952
2 0.760892 0.202244 0.0580955 0.105389 0.00187821
0 0.75426 0.055236 0.0674204 0.0914488 0.00187175
1 0.907548 0.908122 0.184903 0.183756 0.00186627
0 0.37679 0.379491 0.262967 0.397767 0.00185711
0 0.00941017 0.5707 0.0188203 0.344566 0.00184623
0 0.836464 0.197404 0.216389 0.145848 0.00183169
0 0.0202892 0.363108 0.0405784 0.726217 0.00182127
0 0.153376 0.506526 0.0445538 0.0595329 0.00179869
0 0.328636 0.24382 0.168139 0.27533 0.0017843
0 0.752712 0.974654 0.0532906 0.0432625 0.00177376
0 0.3119 0.22776 0.128232 0.228272 0.00176895
0 0.870445 0.710634 0.259111 0.26007 0.001737
0 0.429003 0.525866 0.364613 0.379346 0.00170623
0 0.825542 0.536043 0.0565361 0.0850074 0.00170177
0 0.0745293 0.71004 0.149059 0.20461 0.00169372
1 0.739966 0.796122 0.148006 0.159796 0.00166781
0 0.432505 0.430727 0.422991 0.286544 0.00166174
0 0.853792 0.577076 0.0350613 0.0466938 0.00165215
2 0.770529 0.767018 0.127324 0.213343 0.00162941
0 0.313535 0.945729 0.0733458 0.0699471 0.00161445
0 0.960872 0.210663 0.0777748 0.421326 0.00160773
2 0.25447 0.13838 0.077392 0.0912892 0.0015926
0 0.0196809 0.76822 0.0393617 0.458923 0.00158666
0 0.0114174 0.457602 0.0226219 0.224226 0.00156598
0 0.12403 0.140205 0.160287 0.267842 0.00156167
0 0.401642 0.435754 0.310125 0.270395 0.00155796
0 0.895113 0.727136 0.206907 0.219648 0.00154426
0 0.40631 0.600029 0.253328 0.389542 0.00153599
