1 0.626731 0.496252 0.745047 0.717151 0.863593
0 0.752501 0.803146 0.0509834 0.0468944 0.402039
0 0.727196 0.922552 0.0687062 0.0564499 0.372742
1 0.710909 0.125215 0.404463 0.24963 0.268907
1 0.566062 0.374367 0.736954 0.748735 0.186536
1 0.711526 0.222172 0.416055 0.444345 0.165018
1 0.370635 0.774598 0.312189 0.250187 0.120274
1 0.698221 0.358209 0.463434 0.714708 0.102257
1 0.621535 0.628478 0.743151 0.710631 0.0997891
1 0.612711 0.574773 0.754841 0.432996 0.0961864
1 0.683678 0.0949396 0.45762 0.189879 0.0852435
2 0.726377 0.92259 0.069032 0.0577547 0.0687072
1 0.614995 0.117163 0.60908 0.233208 0.0540123
1 0.534819 0.231727 0.776995 0.46225 0.0458287
1 0.543416 0.146858 0.760543 0.292901 0.0436889
1 0.368707 0.727504 0.327027 0.346705 0.0429483
1 0.765174 0.611101 0.442488 0.374158 0.0425404
1 0.543254 0.700671 0.913492 0.574647 0.0345034
1 0.378594 0.819633 0.336247 0.313978 0.0336819
2 0.708162 0.0576945 0.40125 0.115085 0.0329579
1 0.721853 0.530195 0.534607 0.568736 0.0326241
2 0.710041 0.0902283 0.4028 0.180457 0.0318769
1 0.798205 0.641384 0.374769 0.306369 0.0308112
1 0.489979 0.709075 0.556473 0.445059 0.0291463
1 0.357874 0.670546 0.344179 0.493091 0.0282441
1 0.522003 0.105171 0.80556 0.210342 0.0275621
1 0.723162 0.442311 0.550835 0.884621 0.0269668
1 0.373706 0.841878 0.304912 0.116386 0.0266388
1 0.268447 0.66267 0.528234 0.646494 0.0227887
1 0.492768 0.451889 0.935129 0.892288 0.0196553
1 0.611655 0.704788 0.755916 0.436472 0.0194918
1 0.545995 0.800941 0.758731 0.398117 0.0176281
0 0.971916 0.0811274 0.0537148 0.0899744 0.0163234
1 0.433353 0.0250894 0.570094 0.0497082 0.0160228
2 0.9705 0.0839026 0.0563121 0.0842593 0.0158103
1 0.747149 0.408688 0.505702 0.817376 0.0157693
0 0.844754 0.731348 0.128127 0.106085 0.0146289
1 0.372495 0.649077 0.565822 0.694789 0.0140989
1 0.302258 0.643214 0.604517 0.709325 0.0113721
0 0.86422 0.752351 0.0834579 0.0641627 0.0105954
2 0.708631 0.0369654 0.403843 0.0739308 0.0104128
1 0.751986 0.431534 0.489944 0.694981 0.00909571
0 0.37688 0.777786 0.300912 0.236754 0.00895739
0 0.786683 0.711039 0.159611 0.105278 0.00848204
0 0.179104 0.203075 0.084886 0.116124 0.00758643
2 0.408635 0.0265483 0.531391 0.052728 0.00724402
1 0.305205 0.135402 0.4431 0.269258 0.00700108
0 0.815244 0.75052 0.193002 0.146006 0.00692356
0 0.965079 0.0947599 0.0664414 0.0640536 0.00661451
1 0.822317 0.768347 0.33093 0.462643 0.00658232
1 0.578777 0.0247724 0.624182 0.0495448 0.0064247
1 0.744967 0.323987 0.510067 0.647975 0.00642232
1 0.746463 0.15323 0.507074 0.305407 0.00622645
2 0.96936 0.0698556 0.0560474 0.118769 0.00620302
2 0.783746 0.712166 0.161438 0.102559 0.00590865
1 0.539047 0.863664 0.85558 0.272673 0.00562743
0 0.818902 0.732199 0.180567 0.103501 0.00558801
1 0.670852 0.276128 0.403396 0.201368 0.00553636
0 0.787766 0.786218 0.127514 0.0796494 0.00537814
1 0.418905 0.115184 0.656011 0.22987 0.00519588
0 0.970709 0.0968427 0.0510833 0.0546379 0.00513607
0 0.792329 0.947639 0.371024 0.10303 0.00497715
0 0.84994 0.691496 0.274823 0.187066 0.00475035
1 0.408151 0.443988 0.816302 0.887977 0.00438036
0 0.826258 0.934391 0.346022 0.126077 0.00436239
1 0.207012 0.135521 0.341368 0.268335 0.00431983
1 0.722958 0.103263 0.554083 0.206525 0.0042896
0 0.767737 0.922521 0.158406 0.0593643 0.00427584
0 0.696432 0.947585 0.519935 0.103271 0.00422213
0 0.794233 0.929223 0.228133 0.0700687 0.00413528
1 0.701662 0.924227 0.127193 0.0572279 0.00406181
1 0.374425 0.893047 0.312116 0.20652 0.00396395
0 0.741654 0.805546 0.072165 0.0505929 0.00391637
1 0.330134 0.875234 0.457999 0.249531 0.0038091
1 0.553607 0.945883 0.781332 0.108233 0.00380566
0 0.762549 0.801458 0.0734485 0.0503809 0.0037719
1 0.394634 0.394335 0.754089 0.786866 0.00375067
1 0.44092 0.592817 0.716285 0.814367 0.00360627
1 0.834163 0.657942 0.307636 0.253751 0.00337586
1 0.293491 0.447683 0.586983 0.895367 0.00330623
0 0.962272 0.08404 0.0751292 0.0895127 0.00327148
1 0.736027 0.946313 0.28911 0.103342 0.00323937
2 0.720604 0.912266 0.0758846 0.0763649 0.0031967
0 0.779071 0.940386 0.441857 0.119229 0.00315818
0 0.832382 0.873289 0.32456 0.242303 0.00314779
1 0.315296 0.737948 0.494877 0.480676 0.0031279
0 0.847022 0.715969 0.273238 0.129925 0.00308683
0 0.164612 0.150867 0.281796 0.28512 0.00305228
0 0.727343 0.934343 0.0734081 0.0720134 0.00299288
0 0.862463 0.739664 0.0930296 0.0905011 0.00298623
0 0.829911 0.814033 0.303882 0.365254 0.00296105
1 0.357908 0.0278914 0.652829 0.0557829 0.00295544
1 0.508138 0.0377274 0.471649 0.0754549 0.00288429
0 0.20508 0.165034 0.327612 0.311906 0.00286824
0 0.794193 0.898283 0.411615 0.203435 0.00286466
1 0.74174 0.545867 0.516521 0.757739 0.00282482
0 0.837224 0.983256 0.325552 0.0328949 0.00278644
1 0.303838 0.529778 0.607675 0.940443 0.00276387
1 0.738112 0.209143 0.523776 0.418287 0.00275539
1 0.15221 0.483939 0.304419 0.890737 0.00274202
0 0.132965 0.176306 0.26593 0.315976 0.00273555
0 0.139016 0.232585 0.278031 0.394592 0.0026849
0 0.867113 0.760998 0.0758851 0.0456457 0.00268137
1 0.334462 0.808956 0.510845 0.382088 0.00267058
0 0.0886672 0.736125 0.177334 0.496273 0.00265983
0 0.176542 0.20528 0.31513 0.389094 0.00264917
1 0.11745 0.615946 0.234901 0.745618 0.00263524
0 0.103143 0.657532 0.206285 0.640448 0.00263127
0 0.211695 0.62127 0.423391 0.733404 0.00261675
1 0.912428 0.0972163 0.17049 0.184863 0.0026167
0 0.136598 0.389279 0.273196 0.711853 0.00259605
0 0.727755 0.924115 0.0656347 0.0789108 0.00257444
1 0.119755 0.133259 0.23951 0.266518 0.00257029
1 0.773881 0.672714 0.452238 0.394633 0.00255622
0 0.251745 0.704104 0.496186 0.564089 0.0025469
1 0.325834 0.344498 0.534251 0.685101 0.00254067
0 0.803449 0.977463 0.319617 0.0447557 0.0025195
0 0.780992 0.957422 0.290413 0.0850132 0.00249144
1 0.155489 0.126497 0.295882 0.252994 0.00248979
0 0.792267 0.839759 0.415467 0.320481 0.00248342
0 0.115098 0.934843 0.230197 0.130314 0.00245483
1 0.262903 0.400843 0.454421 0.795608 0.00244628
0 0.108122 0.806503 0.216244 0.386994 0.0024437
2 0.958042 0.0681396 0.0799055 0.133745 0.00242836
1 0.324058 0.916781 0.576963 0.166438 0.00240685
1 0.651527 0.320042 0.450989 0.286918 0.00239009
0 0.213777 0.396612 0.406384 0.793223 0.00230243
0 0.840236 0.749681 0.132162 0.0695133 0.00229074
0 0.110156 0.857466 0.220313 0.271071 0.0022847
0 0.174883 0.936677 0.349765 0.126646 0.0022709
2 0.910123 0.0961535 0.177391 0.192307 0.00225883
2 0.824737 0.720904 0.115348 0.0900957 0.00225024
0 0.222755 0.781027 0.41823 0.429775 0.00221261
0 0.794249 0.763139 0.411503 0.473722 0.00220889
1 0.782705 0.751838 0.43459 0.493171 0.00219463
0 0.192443 0.201104 0.113794 0.1251 0.00212903
1 0.700649 0.252732 0.350806 0.190151 0.00210602
0 0.820982 0.78849 0.202416 0.0787148 0.00205602
0 0.182548 0.875784 0.342178 0.235074 0.00204084
0 0.868161 0.978572 0.263677 0.0424038 0.00199948
1 0.969558 0.0850073 0.055599 0.130556 0.00198438
0 0.388115 0.724594 0.314935 0.356967 0.00193504
1 0.760923 0.949549 0.401079 0.100469 0.00193272
1 0.493495 0.60831 0.48113 0.182951 0.00189857
0 0.746364 0.806839 0.0513342 0.0522635 0.00186092
1 0.701669 0.204371 0.425406 0.272139 0.00184848
2 0.700505 0.258673 0.350234 0.168166 0.00183644
2 0.68216 0.909644 0.16277 0.0822952 0.00182345
1 0.371015 0.873128 0.323091 0.253743 0.00181528
0 0.276049 0.173553 0.29994 0.184449 0.00178998
0 0.236514 0.202765 0.203403 0.119665 0.00173727
1 0.437199 0.0482347 0.682834 0.0964694 0.00169744
0 0.701616 0.923799 0.132105 0.0626877 0.00160586
1 0.363703 0.861881 0.344316 0.139557 0.00156194
1 0.862147 0.54796 0.251222 0.287389 0.00155823
0 0.355107 0.737393 0.244066 0.172864 0.00155117
1 0.797023 0.590797 0.387516 0.232195 0.00154044
1 0.705588 0.0548534 0.417035 0.109707 0.001526
2 0.637271 0.0280926 0.351844 0.0561852 0.00151257
2 0.743777 0.922078 0.101889 0.0610283 0.00151051
1 0.493916 0.556133 0.524127 0.280753 0.00150453
0 0.271025 0.151436 0.373151 0.228353 0.0015006
2 0.93966 0.0667071 0.120681 0.133414 0.00149885
1 0.226627 0.203831 0.177422 0.11694 0.00149165
0 0.749333 0.813962 0.0568986 0.0726299 0.00146965
1 0.389555 0.687334 0.323558 0.300556 0.00145079
1 0.547303 0.582757 0.602788 0.230538 0.00141417
0 0.340281 0.731033 0.214894 0.131329 0.00140445
1 0.756826 0.63701 0.486052 0.261151 0.00138636
1 0.645712 0.93192 0.283506 0.0745449 0.00136225
1 0.672253 0.946693 0.351011 0.104191 0.00135205
0 0.778681 0.721981 0.268353 0.150685 0.00133154
0 0.507866 0.0239113 0.400508 0.0478225 0.00130718
1 0.975201 0.103932 0.0495989 0.160443 0.00130376
2 0.825387 0.725844 0.161816 0.102972 0.0012769
1 0.178367 0.203357 0.102079 0.113778 0.00127057
2 0.845731 0.656711 0.28356 0.258249 0.00124898
1 0.875887 0.573158 0.221534 0.212667 0.0012454
1 0.686892 0.0765295 0.367306 0.153059 0.00123299
0 0.711963 0.225099 0.378438 0.259325 0.00122632
0 0.839834 0.990474 0.257989 0.0188427 0.00121941
0 0.646437 0.0226627 0.266278 0.0453254 0.00120483
1 0.451666 0.586439 0.387811 0.227328 0.00120441
2 0.885175 0.0677497 0.229649 0.135499 0.0011907
1 0.518089 0.531592 0.671476 0.269169 0.00118985
0 0.779568 0.988376 0.304845 0.0231745 0.00118264
1 0.783778 0.093799 0.244579 0.186027 0.00118219
0 0.932084 0.256619 0.0285813 0.0281882 0.00117513
2 0.806135 0.718272 0.116689 0.0912397 0.00116821
1 0.976629 0.0789482 0.0467412 0.150768 0.00116563
1 0.433383 0.616124 0.355148 0.169627 0.00115968
1 0.214512 0.24951 0.159401 0.225902 0.00115947
0 0.168974 0.203643 0.121028 0.119981 0.00115749
1 0.4026 0.0801306 0.724956 0.160261 0.00115261
2 0.630792 0.0287328 0.243817 0.0574656 0.00112985
0 0.849351 0.960383 0.301298 0.0792347 0.00112848
1 0.190881 0.20988 0.108673 0.138589 0.00112733
1 0.649153 0.923074 0.237457 0.0656017 0.00112113
0 0.327617 0.772218 0.21429 0.21634 0.00111712
0 0.823249 0.904383 0.280944 0.101322 0.001117
2 0.603636 0.0277474 0.173082 0.0554948 0.00110601
0 0.273209 0.0299391 0.544569 0.0592128 0.00110345
1 0.641541 0.363487 0.493747 0.225705 0.00107691
0 0.705099 0.253182 0.358892 0.179755 0.00106774
1 0.692755 0.421755 0.448713 0.217809 0.00105599
1 0.488281 0.483023 0.522931 0.267649 0.00105127
2 0.172364 0.202356 0.109423 0.115342 0.00103808
1 0.119558 0.189919 0.227548 0.15728 0.00103539
1 0.484822 0.107644 0.438273 0.215288 0.00103439
1 0.559479 0.624555 0.64019 0.195258 0.00102912
0 0.133572 0.196222 0.201458 0.142579 0.00102727
1 0.248719 0.198804 0.258362 0.13699 0.00101769
2 0.838937 0.73546 0.118391 0.109186 0.00101762
2 0.898733 0.961686 0.202533 0.0766289 0.0010172
0 0.774367 0.911854 0.178363 0.0800316 0.00101471
1 0.534821 0.0928235 0.419872 0.184338 0.00101424
0 0.819419 0.855415 0.203924 0.185931 0.00101258
0 0.598085 0.936417 0.427327 0.100452 0.00101257
0 0.299083 0.784087 0.282011 0.234149 0.00100619
1 0.969748 0.170035 0.060504 0.34007 0.00100389
1 0.41608 0.644391 0.335396 0.195291 0.000996754
1 0.981887 0.137427 0.0362256 0.271503 0.000993897
1 0.912541 0.170222 0.168921 0.340444 0.000990632
0 0.3498 0.971914 0.385659 0.0560672 0.000988695
0 0.562336 0.916528 0.447055 0.108567 0.000983592
0 0.656857 0.632587 0.580476 0.261494 0.000979298
0 0.734079 0.647194 0.527194 0.247939 0.000976768
1 0.674573 0.0269813 0.637241 0.0530293 0.000975918
0 0.700575 0.17317 0.431248 0.209969 0.000969337
1 0.406303 0.768375 0.247782 0.225952 0.000965851
0 0.721257 0.855159 0.125032 0.158589 0.000964628
0 0.388212 0.67018 0.310447 0.27272 0.000961145
2 0.703313 0.0266723 0.400663 0.052876 0.000958473
0 0.49384 0.316215 0.440881 0.162324 0.000956366
0 0.835808 0.84081 0.260063 0.229087 0.000955534
1 0.889952 0.50204 0.194697 0.205002 0.000954786
0 0.423078 0.975328 0.427473 0.0493441 0.0009523
1 0.99294 0.0655404 0.014121 0.131081 0.000951872
0 0.51566 0.977104 0.428505 0.045544 0.000948602
0 0.127814 0.132459 0.248166 0.264918 0.000942266
1 0.247573 0.254587 0.251527 0.254353 0.000940813
2 0.516375 0.0270975 0.457497 0.0536129 0.000940221
0 0.596489 0.969662 0.448853 0.0603268 0.000939236
1 0.284538 0.175763 0.336644 0.180684 0.000937976
1 0.656928 0.905794 0.224284 0.0939522 0.000935398
1 0.116076 0.15403 0.225474 0.236023 0.000935031
0 0.649634 0.960205 0.477533 0.0793733 0.000932345
0 0.309269 0.12794 0.418861 0.25588 0.000926864
1 0.43133 0.889496 0.430136 0.221008 0.000926129
2 0.981384 0.0653478 0.0372322 0.130696 0.000920688
0 0.662646 0.546836 0.568096 0.25171 0.000920286
0 0.828967 0.768856 0.228954 0.134625 0.000917124
0 0.26911 0.97398 0.346299 0.0517997 0.00091685
0 0.783077 0.693781 0.303821 0.157167 0.000913697
1 0.801397 0.152954 0.214524 0.262926 0.000913416
0 0.343859 0.685567 0.219964 0.250654 0.00091258
0 0.545181 0.88504 0.486068 0.170639 0.000903914
0 0.484422 0.348361 0.421348 0.146575 0.000900346
0 0.264019 0.721257 0.0499542 0.0273494 0.000899296
1 0.826879 0.528091 0.321756 0.263011 0.00089659
1 0.425244 0.557361 0.326883 0.280118 0.000894969
0 0.346776 0.292688 0.272719 0.267044 0.000890586
1 0.870965 0.0868244 0.252498 0.173649 0.000890572
0 0.354259 0.0885242 0.674328 0.177048 0.000890174
1 0.499789 0.882217 0.53462 0.228887 0.0008898
1 0.630299 0.32585 0.504895 0.186911 0.000885588
1 0.898368 0.545335 0.180813 0.299976 0.000884987
1 0.802342 0.0711657 0.395317 0.142331 0.00088279
0 0.369 0.951474 0.400022 0.0970529 0.00088028
1 0.1252 0.219131 0.216658 0.151556 0.000878548
0 0.230699 0.130337 0.458379 0.260674 0.000877437
0 0.518459 0.285835 0.492439 0.21376 0.000873793
1 0.401954 0.588728 0.276719 0.23733 0.000870553
0 0.319141 0.71356 0.16548 0.144237 0.000868018
0 0.271236 0.26829 0.326747 0.334111 0.000867111
0 0.841091 0.893679 0.317818 0.156585 0.000862872
1 0.620609 0.462064 0.640923 0.176287 0.00085861
0 0.401942 0.549231 0.278628 0.304324 0.000857548
0 0.1926 0.968555 0.38419 0.0627409 0.000854668
2 0.131856 0.963962 0.253983 0.0716335 0.000850503
0 0.910173 0.294513 0.0270842 0.0236932 0.000849552
0 0.682009 0.125416 0.411583 0.250833 0.000849392
1 0.924627 0.552818 0.12563 0.246988 0.000847874
1 0.475788 0.688445 0.492454 0.295137 0.00084686
0 0.385861 0.299528 0.25774 0.245297 0.000846056
0 0.591385 0.587585 0.66489 0.214683 0.000842902
1 0.728513 0.294735 0.282689 0.228807 0.000842804
0 0.276246 0.221299 0.334885 0.219503 0.000841829
1 0.622846 0.0788244 0.359523 0.154699 0.000839827
0 0.358478 0.84895 0.318006 0.0947791 0.00083895
1 0.920143 0.550803 0.138242 0.362973 0.000833964
0 0.366692 0.321548 0.241347 0.193315 0.000832775
1 0.601997 0.438113 0.725683 0.208866 0.000830955
0 0.352547 0.891735 0.360888 0.216531 0.000826745
0 0.458212 0.30748 0.393636 0.209736 0.000820339
0 0.587481 0.550687 0.787829 0.230166 0.000820029
1 0.598968 0.653956 0.61466 0.231449 0.000817018
0 0.788262 0.668653 0.395604 0.210459 0.000816992
0 0.528402 0.905254 0.557767 0.167405 0.000814721
0 0.371313 0.0153682 0.38149 0.0307364 0.000813441
