1 0.551299 0.499391 0.631377 0.439853 0.936665
1 0.124968 0.365322 0.201045 0.198924 0.866455
0 0.270873 0.745828 0.078499 0.0555675 0.635555
1 0.552605 0.657525 0.645196 0.615262 0.487759
2 0.122711 0.364841 0.200744 0.203328 0.262381
0 0.244085 0.23435 0.044192 0.0249147 0.25445
0 0.336489 0.196162 0.0540638 0.0723961 0.203885
2 0.70325 0.354421 0.281576 0.125291 0.194869
0 0.535077 0.0219634 0.143025 0.0437911 0.180821
0 0.561092 0.211095 0.162882 0.0575758 0.170858
0 0.522784 0.200149 0.079485 0.0388706 0.124568
1 0.553349 0.586459 0.644354 0.328803 0.120668
0 0.400663 0.0500194 0.0327879 0.0255402 0.117754
2 0.272287 0.746191 0.0787502 0.0581682 0.113678
0 0.509973 0.0251275 0.250923 0.050255 0.0584511
0 0.483572 0.0296127 0.317032 0.0591366 0.0558454
0 0.610327 0.213423 0.0581263 0.0485384 0.0440416
0 0.562548 0.0237112 0.282992 0.0474223 0.0430621
0 0.459883 0.922129 0.0919928 0.0854893 0.0374487
0 0.56248 0.969559 0.0353278 0.0228447 0.0366101
0 0.599077 0.213262 0.0839888 0.052112 0.0364981
1 0.492771 0.508217 0.746554 0.661387 0.0348056
0 0.36729 0.194546 0.116601 0.0764558 0.0326706
0 0.154896 0.733635 0.0272301 0.0231031 0.027396
0 0.626142 0.0239351 0.394774 0.0478703 0.0237436
1 0.17807 0.600509 0.347413 0.721739 0.0216747
0 0.414482 0.196232 0.0275695 0.0215943 0.021531
0 0.473332 0.15036 0.0333062 0.01925 0.0214874
0 0.747557 0.117556 0.0402983 0.0226391 0.0214732
0 0.416911 0.031591 0.440619 0.0630446 0.020798
1 0.121993 0.487821 0.218494 0.446441 0.020222
0 0.671387 0.124091 0.0336502 0.0219366 0.0201596
1 0.589409 0.597975 0.573556 0.253475 0.0193038
0 0.567358 0.973524 0.0472102 0.0307913 0.0189943
1 0.127534 0.580787 0.245557 0.65093 0.0170599
1 0.441775 0.411016 0.84878 0.513318 0.016382
0 0.527099 0.0397582 0.555478 0.0795165 0.0150362
1 0.689872 0.415538 0.315184 0.255968 0.0144568
2 0.103578 0.381246 0.154301 0.186467 0.0133593
0 0.510974 0.934719 0.197391 0.113 0.0133294
1 0.558523 0.432448 0.587266 0.297117 0.0122294
1 0.635297 0.486776 0.456717 0.397272 0.0118996
0 0.396415 0.0493601 0.0443374 0.0333493 0.0115284
0 0.5523 0.0786435 0.588048 0.156405 0.0105948
1 0.12193 0.342358 0.223892 0.271907 0.0104422
1 0.307158 0.517541 0.585073 0.531392 0.0102892
0 0.46088 0.939346 0.426946 0.119477 0.00920993
0 0.533887 0.944777 0.258458 0.107301 0.00898195
0 0.324369 0.196332 0.0711313 0.0753649 0.00892945
0 0.400505 0.045358 0.0394585 0.0381516 0.00877708
0 0.244358 0.240706 0.046355 0.0370713 0.00797997
0 0.39299 0.193624 0.172092 0.07901 0.00797261
1 0.543461 0.35514 0.624996 0.335615 0.00791324
0 0.587951 0.977818 0.104637 0.0430515 0.00762971
1 0.236131 0.74641 0.159313 0.0536139 0.00739322
1 0.280894 0.592822 0.556072 0.796763 0.00725515
2 0.46432 0.921619 0.0987331 0.0832172 0.00714994
2 0.331853 0.196107 0.0776643 0.0774278 0.00695211
0 0.524551 0.127682 0.613515 0.255364 0.00691066
1 0.623517 0.628468 0.432809 0.161336 0.00678236
1 0.291751 0.198008 0.146907 0.0784292 0.00661166
0 0.410489 0.19903 0.0341254 0.0300687 0.00635256
0 0.572209 0.941356 0.550879 0.116405 0.00629379
0 0.550815 0.972855 0.305616 0.052311 0.0062535
0 0.628125 0.976107 0.20078 0.0452046 0.00619375
0 0.516883 0.0355754 0.28769 0.0711507 0.00605225
0 0.598549 0.0455981 0.547977 0.0911961 0.00601878
0 0.51658 0.180587 0.54578 0.124501 0.00578795
0 0.531742 0.0333389 0.14934 0.0666778 0.0055521
0 0.750996 0.120703 0.0463208 0.0293158 0.00529696
0 0.664698 0.123844 0.0471725 0.0252154 0.00528203
1 0.487286 0.123062 0.625634 0.246124 0.00515596
2 0.0916774 0.380115 0.126598 0.154831 0.0051532
2 0.374792 0.195735 0.136712 0.0769158 0.00514379
0 0.600263 0.0202167 0.277496 0.0404335 0.005028
0 0.836026 0.6898 0.0708527 0.0497419 0.00497693
1 0.273859 0.757329 0.0877487 0.0761829 0.00490977
1 0.560799 0.624766 0.571956 0.182979 0.00487957
0 0.287297 0.746844 0.11442 0.0572364 0.00485169
1 0.66802 0.583593 0.419592 0.293125 0.00481839
1 0.700026 0.69693 0.410651 0.594447 0.00478369
0 0.618607 0.106659 0.592629 0.212792 0.00476088
0 0.579916 0.96205 0.338216 0.0726808 0.00474566
1 0.482316 0.581301 0.51657 0.196674 0.00471139
1 0.427335 0.577264 0.85467 0.783261 0.0046729
0 0.540126 0.0149155 0.183868 0.0298019 0.00461364
0 0.488859 0.0165171 0.303334 0.0324881 0.00457386
0 0.555677 0.27582 0.586312 0.251093 0.00445551
2 0.661094 0.35753 0.385703 0.136983 0.00440838
1 0.39712 0.939548 0.508686 0.119814 0.00437157
0 0.395191 0.92517 0.24226 0.0916379 0.00433753
2 0.268631 0.736068 0.0856673 0.0753241 0.00431988
1 0.670785 0.677407 0.420591 0.391804 0.00431467
1 0.662426 0.37471 0.382657 0.176984 0.00429368
1 0.483263 0.361857 0.758728 0.396684 0.00417027
0 0.349907 0.930226 0.399107 0.132148 0.0041116
0 0.50498 0.86921 0.581392 0.253988 0.00409965
1 0.447129 0.594909 0.607821 0.751427 0.0040991
1 0.28622 0.423471 0.543433 0.489732 0.00406863
0 0.424987 0.0610279 0.599552 0.121329 0.00405509
1 0.713497 0.64008 0.265697 0.138228 0.00403183
1 0.122547 0.304328 0.229471 0.431403 0.00398478
0 0.629002 0.905512 0.587339 0.185531 0.00394088
1 0.419291 0.577592 0.368984 0.186415 0.00385629
0 0.385615 0.0304044 0.633041 0.0608089 0.00384916
0 0.666368 0.950105 0.644627 0.0992279 0.00384663
0 0.49495 0.0117022 0.285535 0.0234044 0.0037831
0 0.653517 0.0606919 0.593256 0.121384 0.0037721
0 0.434218 0.192756 0.260967 0.0871593 0.00372093
0 0.0201758 0.985675 0.0403517 0.0272305 0.00360688
0 0.401837 0.052169 0.0400931 0.0371403 0.00357579
0 0.659361 0.975054 0.311595 0.0485626 0.00346965
1 0.359007 0.200616 0.118257 0.0851898 0.00343077
1 0.431986 0.271351 0.780741 0.255422 0.00341118
0 0.559027 0.330648 0.600468 0.321464 0.00339553
0 0.485884 0.924087 0.165463 0.0911907 0.00338477
0 0.544417 0.185653 0.655474 0.364737 0.00337929
0 0.273108 0.75708 0.0837092 0.0768543 0.00333712
0 0.370324 0.941355 0.601997 0.116645 0.00330833
1 0.480951 0.205264 0.345458 0.0577202 0.00328285
2 0.0907813 0.408208 0.126888 0.113897 0.00327026
1 0.449158 0.613794 0.451439 0.659 0.00326592
1 0.327668 0.211576 0.222041 0.0756464 0.00323674
0 0.366799 0.86749 0.364293 0.255133 0.00316466
2 0.151207 0.331218 0.164028 0.0991787 0.00315988
1 0.633159 0.714688 0.566281 0.565284 0.00311855
1 0.458838 0.781169 0.487945 0.42241 0.00311797
0 0.728915 0.119199 0.0761663 0.028458 0.00310104
0 0.42383 0.148913 0.622585 0.26723 0.00308796
1 0.227039 0.295619 0.426221 0.387723 0.00308274
0 0.417509 0.0478601 0.0799131 0.0369034 0.0030787
0 0.373139 0.039868 0.139192 0.0503713 0.00307285
0 0.306829 0.906433 0.421491 0.177435 0.00302991
0 0.790177 0.957319 0.419645 0.0853611 0.00299869
0 0.470879 0.150652 0.0414547 0.0233737 0.00299452
0 0.656376 0.308399 0.412032 0.305906 0.00297889
0 0.522452 0.978205 0.246811 0.0435902 0.00293078
2 0.144563 0.316376 0.154519 0.106135 0.00291106
0 0.603346 0.0368431 0.396897 0.0736863 0.00289265
0 0.691226 0.0794609 0.585437 0.158922 0.002882
0 0.356861 0.101216 0.650186 0.201204 0.00287308
0 0.387966 0.05578 0.0614335 0.0480157 0.00287158
1 0.769569 0.716209 0.391536 0.557383 0.0028269
1 0.479253 0.19653 0.378547 0.0739678 0.00281595
1 0.245191 0.367074 0.47426 0.213693 0.0027845
1 0.694645 0.0242163 0.522057 0.0484326 0.00275915
2 0.707736 0.392148 0.310522 0.214773 0.00274016
2 0.129617 0.327514 0.186194 0.128764 0.00271358
0 0.514186 0.840888 0.755431 0.314705 0.0027023
0 0.702991 0.971204 0.403402 0.0570107 0.00267062
0 0.402833 0.225037 0.718872 0.448436 0.00266983
1 0.507798 0.941668 0.312625 0.115213 0.00265901
1 0.68761 0.629309 0.314826 0.168824 0.00265707
0 0.373593 0.728951 0.342897 0.524622 0.00264976
0 0.800804 0.107734 0.398393 0.215467 0.00264507
0 0.771878 0.942276 0.456244 0.115448 0.00264097
0 0.571594 0.188128 0.20765 0.104807 0.00261752
1 0.247636 0.73233 0.132869 0.0822498 0.00260863
1 0.379569 0.677216 0.339791 0.626902 0.00260103
0 0.808324 0.916118 0.377045 0.161778 0.00258662
0 0.601514 0.288209 0.525409 0.367401 0.00258372
1 0.352211 0.73893 0.255184 0.0715088 0.00256457
0 0.706595 0.131286 0.540764 0.261499 0.00255831
0 0.35531 0.183348 0.596436 0.365024 0.00255723
0 0.404965 0.296515 0.757777 0.364815 0.00253251
0 0.871518 0.123603 0.256963 0.247206 0.00250011
0 0.472036 0.15664 0.0403755 0.0336584 0.00244794
0 0.129624 0.30892 0.259248 0.511878 0.00244276
0 0.454441 0.934219 0.0770654 0.0541786 0.00241861
0 0.164402 0.300321 0.318081 0.585482 0.00240994
1 0.833708 0.64555 0.0765478 0.140314 0.00240885
0 0.797614 0.561702 0.404772 0.596586 0.00240293
0 0.77209 0.116367 0.430817 0.232239 0.00240184
0 0.136817 0.691073 0.273634 0.490747 0.00239325
0 0.0239873 0.988488 0.0479747 0.022448 0.00238111
0 0.742022 0.844705 0.485462 0.30775 0.00238079
0 0.134308 0.94758 0.268617 0.104841 0.00237172
0 0.132941 0.745281 0.265882 0.344399 0.00236228
0 0.303711 0.261321 0.589407 0.504878 0.00235994
0 0.67693 0.265341 0.504311 0.395803 0.00235898
0 0.315057 0.869153 0.515193 0.250554 0.00235664
0 0.682667 0.180193 0.58068 0.349498 0.00235259
0 0.199406 0.948901 0.398813 0.102198 0.00234291
0 0.123834 0.794996 0.247667 0.284167 0.00233483
0 0.784227 0.38063 0.431545 0.438028 0.00230569
2 0.742215 0.366102 0.414994 0.239726 0.00230345
0 0.191463 0.232526 0.352843 0.457249 0.00230065
0 0.816731 0.875429 0.359982 0.240205 0.0022908
0 0.11773 0.0924044 0.235461 0.184809 0.00228791
0 0.323706 0.827854 0.421092 0.330483 0.00228144
0 0.85577 0.164542 0.288461 0.325825 0.00224809
0 0.169201 0.0936388 0.320889 0.187278 0.00224702
0 0.124909 0.183948 0.249818 0.327144 0.00224143
0 0.80303 0.900487 0.393941 0.199025 0.00222694
0 0.130326 0.911637 0.260653 0.156099 0.00222308
1 0.839512 0.683908 0.0655701 0.0665327 0.00221536
2 0.730577 0.542737 0.538846 0.530582 0.00220871
0 0.865026 0.7069 0.269948 0.550378 0.00220282
0 0.120453 0.877721 0.240905 0.190863 0.00220277
0 0.844671 0.813675 0.30389 0.363333 0.0021815
0 0.210371 0.628491 0.404317 0.645501 0.00216641
0 0.235199 0.135224 0.433948 0.265337 0.00216312
0 0.117221 0.124633 0.234442 0.243029 0.00215798
0 0.846809 0.69776 0.0463615 0.0308233 0.0021503
0 0.89497 0.761811 0.21006 0.476377 0.00214017
0 0.261703 0.234513 0.0843045 0.030944 0.00213509
0 0.73381 0.311046 0.484696 0.40623 0.00213346
0 0.777712 0.396476 0.442298 0.305033 0.00213174
0 0.322962 0.714867 0.47091 0.54762 0.00212902
0 0.773365 0.294143 0.453271 0.415039 0.00212489
0 0.227909 0.823863 0.421398 0.321673 0.00211903
0 0.785987 0.160681 0.409677 0.305214 0.00210825
0 0.819398 0.207422 0.361203 0.377701 0.00210335
0 0.222314 0.870698 0.410122 0.233549 0.00209496
2 0.771809 0.464427 0.456383 0.378091 0.00209347
0 0.881215 0.816713 0.237569 0.366573 0.00208739
0 0.324866 0.64858 0.621091 0.646898 0.00208705
0 0.700031 0.0275818 0.480403 0.053937 0.0020834
0 0.621271 0.967534 0.365333 0.0630951 0.00207464
0 0.191386 0.907022 0.356826 0.170261 0.00206462
0 0.823889 0.740595 0.34564 0.504291 0.00203741
0 0.703157 0.121095 0.136584 0.0334681 0.00202379
0 0.396741 0.93876 0.305736 0.12114 0.00200527
0 0.765592 0.210866 0.453227 0.351268 0.00199574
2 0.74933 0.704558 0.501341 0.4972 0.00198019
1 0.648464 0.428433 0.39543 0.293178 0.00197228
0 0.762106 0.706593 0.474642 0.549426 0.00194554
0 0.280293 0.19611 0.173699 0.0830939 0.00194043
0 0.523439 0.185986 0.218487 0.0971622 0.00193956
1 0.11728 0.38913 0.18084 0.158875 0.00190449
0 0.416757 0.196585 0.0371014 0.0237077 0.00186764
0 0.560952 0.232147 0.17054 0.105518 0.00186759
0 0.659179 0.12398 0.0618639 0.0291755 0.00186067
0 0.557335 0.020566 0.0897468 0.041132 0.00184748
0 0.716975 0.125361 0.108594 0.0390318 0.00184516
0 0.14135 0.287879 0.0428181 0.0426839 0.00183286
0 0.264376 0.746858 0.0795262 0.0448536 0.00180991
1 0.385737 0.201583 0.161865 0.0974063 0.00180111
0 0.539952 0.923996 0.270394 0.111251 0.00177873
0 0.411705 0.206108 0.0425606 0.0420394 0.00177018
1 0.371426 0.576701 0.264753 0.178592 0.00176696
0 0.471879 0.915789 0.0781545 0.0715422 0.00176146
0 0.481347 0.171044 0.0567772 0.0648479 0.00175561
0 0.242415 0.234469 0.0605444 0.028798 0.00170888
0 0.149825 0.734473 0.0400782 0.0271606 0.00168878
0 0.669979 0.130824 0.0415142 0.0381562 0.00168772
1 0.174184 0.382444 0.32435 0.171614 0.0016831
0 0.140315 0.324085 0.170313 0.121122 0.00165822
1 0.325519 0.764064 0.207746 0.0932469 0.00165575
1 0.429893 0.218406 0.312661 0.135099 0.00164821
1 0.528258 0.538787 0.604432 0.295078 0.00161547
0 0.519358 0.201533 0.113626 0.0420865 0.00159915
2 0.386895 0.421412 0.137199 0.112642 0.00159858
0 0.0186277 0.97201 0.0372554 0.0559796 0.00159616
0 0.390059 0.198015 0.0762524 0.0647515 0.00158842
1 0.243002 0.761497 0.194733 0.091021 0.00158637
1 0.428765 0.942266 0.370757 0.115469 0.00155869
0 0.236311 0.236127 0.0669399 0.036668 0.00155209
0 0.605596 0.362642 0.492098 0.146334 0.00152918
0 0.448404 0.904188 0.126756 0.126849 0.00150823
0 0.284623 0.0342601 0.471988 0.0674005 0.0015028
0 0.0560063 0.947202 0.112013 0.104662 0.00149157
1 0.58593 0.383639 0.539663 0.190679 0.00147689
1 0.499145 0.215159 0.303394 0.0790369 0.0014661
0 0.635888 0.0171899 0.344539 0.0343798 0.00145669
2 0.132075 0.344257 0.236305 0.248601 0.00144273
0 0.424485 0.90031 0.181672 0.133402 0.0014359
1 0.815895 0.640998 0.120162 0.148787 0.00143248
0 0.477094 0.989318 0.170989 0.0209575 0.001431
1 0.0778439 0.363835 0.155688 0.269809 0.00140492
0 0.456402 0.984848 0.092197 0.0296506 0.00140292
1 0.24835 0.405331 0.495577 0.164183 0.0013987
2 0.839192 0.689459 0.0630712 0.0491486 0.0013932
2 0.746476 0.355942 0.195549 0.134949 0.00137726
0 0.0326798 0.986761 0.0653596 0.0261723 0.0013588
0 0.346812 0.058139 0.149195 0.0713477 0.00134449
1 0.210485 0.734616 0.214578 0.0792996 0.00133754
0 0.764921 0.356587 0.158966 0.125123 0.00133599
0 0.446905 0.033137 0.155909 0.0644197 0.00130726
0 0.0420888 0.920535 0.0841777 0.157513 0.00129574
0 0.220382 0.9654 0.329836 0.0688038 0.00127527
1 0.0993678 0.38205 0.198736 0.187673 0.00127158
1 0.742524 0.40395 0.210543 0.250055 0.00126819
0 0.763833 0.0307056 0.452874 0.0603883 0.00126614
0 0.276041 0.802186 0.103483 0.170658 0.00126114
0 0.568703 0.166318 0.254767 0.155279 0.00125625
0 0.483162 0.0708243 0.297033 0.141649 0.00125223
0 0.245311 0.246533 0.0527677 0.0453036 0.00121987
0 0.710908 0.127234 0.137965 0.0454626 0.00121196
0 0.16164 0.00987727 0.159702 0.0197545 0.00120294
0 0.496796 0.160451 0.140354 0.0597951 0.00119434
1 0.36407 0.710399 0.283636 0.130903 0.00118516
1 0.471359 0.213223 0.424469 0.102481 0.00117661
0 0.961741 0.875178 0.0621291 0.030327 0.00117113
0 0.156855 0.734523 0.0483228 0.031492 0.0011566
0 0.491373 0.147698 0.0764801 0.0300122 0.00115612
1 0.777799 0.379056 0.139772 0.190885 0.00115194
0 0.450826 0.423016 0.280559 0.118338 0.00115115
0 0.208713 0.0119411 0.25583 0.0238822 0.0011482
0 0.366788 0.906175 0.307054 0.126153 0.00113756
