0 0.447 0.460183 0.607535 0.380246 0.874873
0 0.798139 0.369435 0.136691 0.166832 0.819102
0 0.368749 0.419283 0.426777 0.302526 0.47356
0 0.226134 0.338786 0.136395 0.0945769 0.441136
0 0.497928 0.49183 0.508666 0.31428 0.375838
0 0.551983 0.513776 0.400467 0.270684 0.346729
0 0.324632 0.393284 0.337709 0.256765 0.309767
0 0.704891 0.608041 0.0916839 0.082721 0.240987
0 0.602183 0.55175 0.293786 0.189454 0.2348
0 0.389031 0.313471 0.15451 0.0909458 0.211796
0 0.018744 0.719208 0.0370721 0.0246693 0.164565
0 0.177805 0.520799 0.03817 0.0244045 0.152694
0 0.702214 0.750901 0.0406575 0.0349363 0.139865
2 0.225536 0.338034 0.134893 0.092625 0.124156
2 0.420891 0.981136 0.0648368 0.036861 0.104892
0 0.312513 0.33327 0.319969 0.132912 0.0843134
0 0.48095 0.122756 0.0332472 0.0323262 0.0760573
0 0.798846 0.329058 0.137625 0.0866347 0.0739057
0 0.0186797 0.726328 0.03722 0.0675997 0.0662221
0 0.172633 0.506626 0.0474766 0.052861 0.0654216
0 0.524743 0.413602 0.0755611 0.0693682 0.0643258
0 0.694369 0.572369 0.117701 0.159569 0.0503725
0 0.544393 0.448639 0.835502 0.389481 0.049522
0 0.174536 0.519427 0.0462004 0.0297686 0.0486718
0 0.419508 0.440975 0.294689 0.227809 0.0471782
0 0.437192 0.981209 0.0993756 0.0368595 0.0469733
0 0.639052 0.559942 0.228278 0.183743 0.0449444
0 0.125211 0.395591 0.0247228 0.0213654 0.0421227
0 0.4822 0.398081 0.670312 0.278468 0.0405828
0 0.592018 0.58127 0.13261 0.093592 0.0349541
0 0.80769 0.413107 0.10897 0.0792422 0.0346642
0 0.0192289 0.707629 0.0384577 0.0530016 0.0342143
0 0.3954 0.336136 0.192961 0.134612 0.032549
0 0.421346 0.980954 0.0579754 0.0370221 0.0323781
0 0.410443 0.982012 0.0992875 0.0359571 0.0319009
0 0.668525 0.594087 0.168246 0.11305 0.0308594
0 0.466012 0.980077 0.197203 0.038493 0.0296186
0 0.36576 0.375423 0.246162 0.214774 0.0284359
2 0.449632 0.979913 0.223728 0.0390537 0.0235011
0 0.304925 0.350026 0.294774 0.200999 0.0226804
0 0.164411 0.50838 0.0605643 0.0489695 0.0226262
0 0.484835 0.483432 0.377876 0.236328 0.0211389
0 0.381219 0.981675 0.180245 0.0362713 0.0208965
2 0.456766 0.981093 0.16009 0.0378147 0.0194542
0 0.489688 0.464604 0.325919 0.184502 0.0166214
0 0.284148 0.177459 0.0449123 0.0388024 0.0158405
2 0.396916 0.313285 0.138372 0.0876387 0.0145226
0 0.636616 0.608635 0.234873 0.0826946 0.0134398
0 0.758864 0.369807 0.22622 0.181636 0.0131537
0 0.786922 0.0107555 0.139131 0.021511 0.0127011
0 0.614267 0.591517 0.296809 0.102635 0.0123123
0 0.559657 0.544907 0.285059 0.172916 0.0120606
0 0.823105 0.326357 0.0903984 0.079467 0.0118793
0 0.535567 0.355536 0.809126 0.34581 0.0108629
0 0.0200895 0.688505 0.0395659 0.111762 0.0108372
0 0.51276 0.421201 0.103657 0.0882184 0.010701
0 0.121269 0.396262 0.0331423 0.0236006 0.0102287
0 0.760274 0.0123588 0.163044 0.0238567 0.0101352
0 0.276994 0.343864 0.240713 0.106335 0.00988469
0 0.0192843 0.708494 0.0377389 0.0934973 0.00968441
0 0.474831 0.567615 0.597499 0.374588 0.00908727
1 0.439138 0.978691 0.418652 0.0422642 0.00856539
0 0.414577 0.377173 0.301308 0.218754 0.00852528
0 0.423634 0.31001 0.08138 0.0811897 0.00738669
0 0.371228 0.967629 0.467681 0.0647419 0.00721804
0 0.549091 0.4678 0.324599 0.186659 0.00701204
1 0.32491 0.964831 0.500514 0.0703382 0.00689328
0 0.360025 0.418644 0.26636 0.170474 0.00685511
0 0.00998422 0.126175 0.0199684 0.0529396 0.00684005
0 0.661217 0.45976 0.41988 0.365007 0.00679222
2 0.427712 0.976999 0.343204 0.0460021 0.00676028
0 0.79698 0.34423 0.140418 0.127675 0.0067588
1 0.388942 0.976381 0.548886 0.047205 0.00663218
0 0.82605 0.317657 0.0845434 0.0594437 0.00627882
0 0.479464 0.125941 0.0389309 0.0405098 0.00615692
2 0.796435 0.363757 0.137306 0.141146 0.00594286
0 0.44818 0.514965 0.656095 0.514277 0.00589592
0 0.562893 0.363144 0.611248 0.202073 0.00579538
0 0.472395 0.456005 0.192875 0.17573 0.00577765
0 0.010261 0.119794 0.020522 0.0827301 0.00536905
0 0.675954 0.518962 0.648093 0.398433 0.00535814
0 0.498742 0.359684 0.788019 0.243412 0.00535466
0 0.539131 0.670875 0.445266 0.483015 0.00531003
0 0.527405 0.537747 0.41567 0.18712 0.00523735
0 0.490284 0.978742 0.280854 0.0411563 0.00506525
0 0.21244 0.342473 0.106509 0.0845044 0.00501546
2 0.806814 0.412455 0.1123 0.0783208 0.00471434
0 0.79838 0.010714 0.206527 0.0196367 0.00469556
0 0.843582 0.377737 0.312837 0.215173 0.00459415
0 0.760758 0.328174 0.207152 0.260939 0.00453555
0 0.315394 0.294699 0.331364 0.34093 0.00452743
1 0.255318 0.953185 0.503791 0.0936302 0.00432048
0 0.356478 0.923724 0.551713 0.152551 0.00431198
0 0.794163 0.723251 0.0309021 0.0321285 0.00428355
0 0.705037 0.328445 0.326111 0.270838 0.00426624
2 0.397918 0.974372 0.510215 0.0512563 0.00422378
0 0.332842 0.438876 0.0990762 0.0788934 0.0042101
0 0.00867689 0.404843 0.0173538 0.0427767 0.00402068
0 0.512793 0.694678 0.535846 0.603998 0.00401834
0 0.429569 0.280805 0.568736 0.433268 0.00399936
0 0.020633 0.738498 0.0402543 0.08589 0.00398455
0 0.444856 0.641442 0.690805 0.673115 0.00392572
0 0.321527 0.377039 0.574276 0.349531 0.00388792
0 0.691938 0.565431 0.616124 0.278535 0.00385646
0 0.181036 0.977248 0.0397483 0.0283428 0.0037898
0 0.701823 0.594678 0.104064 0.112238 0.00376808
0 0.4867 0.960823 0.695838 0.0783541 0.00375901
0 0.426693 0.299796 0.0764389 0.0595603 0.00372694
0 0.706866 0.74864 0.0537384 0.0415094 0.00368087
0 0.0211014 0.641797 0.0419902 0.237794 0.00363187
2 0.44449 0.980265 0.115 0.0387518 0.00357196
0 0.174099 0.966859 0.0430098 0.0453443 0.00355702
0 0.798085 0.727621 0.0292152 0.0294893 0.00355458
0 0.0669604 0.759031 0.133121 0.438183 0.00355384
0 0.0199905 0.756444 0.0390484 0.133054 0.00353675
0 0.291052 0.277245 0.270262 0.281557 0.00353605
0 0.735743 0.0128907 0.22506 0.02484 0.00350544
0 0.353017 0.980493 0.276672 0.0388201 0.00332615
0 0.827733 0.0100022 0.154166 0.0200043 0.00327953
0 0.258154 0.942661 0.516308 0.114277 0.00323991
2 0.465741 0.971325 0.26306 0.0572933 0.00319696
0 0.345334 0.447459 0.581327 0.393112 0.0031927
0 0.598483 0.509137 0.136362 0.0967175 0.00314664
0 0.583271 0.316803 0.580999 0.292693 0.00312744
0 0.247162 0.907067 0.476495 0.184754 0.00311118
0 0.38982 0.444495 0.217013 0.106565 0.00308685
0 0.103534 0.78521 0.20673 0.426433 0.00307649
0 0.828336 0.310772 0.0766761 0.0456559 0.00302849
0 0.487162 0.123584 0.0522481 0.0359511 0.00298736
2 0.322284 0.963764 0.531134 0.072473 0.00297298
0 0.175114 0.527522 0.0447149 0.0464445 0.00295101
0 0.837479 0.305182 0.325042 0.316135 0.00294318
0 0.28061 0.333328 0.556501 0.370669 0.00290479
0 0.6715 0.0573051 0.491201 0.113387 0.00285925
0 0.720904 0.0487042 0.451638 0.0967034 0.00283889
0 0.832129 0.0962344 0.335742 0.192469 0.0028335
0 0.38156 0.299802 0.168235 0.130412 0.00282459
0 0.0910886 0.687586 0.181213 0.527412 0.00277914
0 0.398163 0.298707 0.134316 0.0603244 0.0027435
0 0.897657 0.110535 0.203819 0.22107 0.00273911
0 0.784809 0.0709228 0.430329 0.141846 0.00271669
0 0.630292 0.0714885 0.544356 0.141422 0.00267987
0 0.520289 0.26467 0.810776 0.487148 0.0026737
0 0.473773 0.912086 0.811781 0.175574 0.00267106
0 0.438149 0.292272 0.0547168 0.0450174 0.0026042
0 0.0213291 0.777404 0.0426582 0.445192 0.00259085
0 0.688836 0.131782 0.56157 0.26113 0.00258404
0 0.861506 0.367557 0.256234 0.172866 0.00256367
0 0.819967 0.393958 0.360067 0.329201 0.00256099
0 0.273574 0.258266 0.362698 0.353861 0.00251815
0 0.871382 0.268541 0.257237 0.375434 0.00249625
0 0.144659 0.753221 0.285941 0.464161 0.00249348
1 0.1409 0.908851 0.2818 0.182298 0.00247609
0 0.514616 0.0821796 0.638739 0.162584 0.00247486
0 0.783917 0.913695 0.432166 0.17261 0.00246809
0 0.799452 0.335634 0.401097 0.314679 0.00243355
0 0.837789 0.0133018 0.292054 0.0246277 0.0024167
0 0.107967 0.106521 0.215935 0.213042 0.00241358
0 0.577263 0.1383 0.738097 0.273725 0.00240789
0 0.906126 0.157079 0.187747 0.314157 0.00239949
0 0.00975257 0.397752 0.0193892 0.083604 0.00239617
0 0.321547 0.894322 0.613948 0.211356 0.00236474
0 0.132758 0.313614 0.265516 0.585348 0.00236426
0 0.604331 0.198471 0.705031 0.392358 0.00236303
0 0.553308 0.00770151 0.149973 0.015403 0.00235987
0 0.120205 0.233139 0.24041 0.438787 0.0023471
0 0.112573 0.635106 0.225147 0.573595 0.00234404
0 0.125095 0.845388 0.250118 0.307223 0.00234366
0 0.812593 0.526069 0.374814 0.512889 0.00233671
0 0.843465 0.631833 0.31307 0.504836 0.00232827
0 0.23402 0.964333 0.46804 0.0710636 0.00232457
0 0.0185845 0.685684 0.03688 0.152386 0.00231489
0 0.145377 0.418749 0.290754 0.508341 0.00230625
0 0.885103 0.689862 0.229793 0.473834 0.00229662
0 0.787023 0.358547 0.110005 0.121372 0.00229248
0 0.764569 0.1181 0.46876 0.233478 0.00227861
0 0.606284 0.258045 0.581049 0.447815 0.00227764
0 0.163739 0.510263 0.0688892 0.0640347 0.002273
0 0.327943 0.404149 0.364694 0.181141 0.00226948
0 0.693915 0.693239 0.61217 0.492043 0.00226683
0 0.923751 0.740595 0.152498 0.456715 0.00225694
0 0.887336 0.225418 0.225327 0.379725 0.00224495
0 0.615783 0.724302 0.458468 0.551395 0.00224463
0 0.0109958 0.0976527 0.0219916 0.167226 0.00223248
0 0.367429 0.0690028 0.59373 0.136218 0.00222387
0 0.141331 0.52157 0.282663 0.538923 0.00222334
0 0.238723 0.294068 0.477445 0.508654 0.00220872
0 0.193575 0.084121 0.38715 0.166455 0.00220457
0 0.212259 0.841943 0.424517 0.314649 0.00219592
0 0.136001 0.0835821 0.269556 0.167164 0.00219253
0 0.218413 0.0610777 0.413192 0.119227 0.00218323
0 0.331468 0.513025 0.649398 0.49067 0.00218173
0 0.533276 0.421238 0.0558898 0.0623345 0.0021623
0 0.923651 0.809555 0.152697 0.38089 0.00216016
0 0.670383 0.275613 0.419466 0.400229 0.00215611
0 0.848712 0.880386 0.302576 0.239229 0.00215255
0 0.023047 0.632744 0.046094 0.396646 0.00214599
0 0.897732 0.843405 0.204536 0.31319 0.00213979
0 0.5827 0.502818 0.284287 0.274553 0.00213472
0 0.158236 0.113055 0.314121 0.224681 0.00211412
0 0.475406 0.113543 0.766743 0.21791 0.0021122
0 0.179392 0.212705 0.358784 0.419137 0.00210897
0 0.431935 0.348663 0.269825 0.161817 0.00209816
0 0.503586 0.731047 0.754122 0.537905 0.00209344
0 0.275725 0.123911 0.55145 0.237631 0.0020886
0 0.473243 0.177877 0.781027 0.345851 0.00207413
0 0.577516 0.953695 0.741962 0.0926094 0.00207314
0 0.164311 0.680527 0.324325 0.49103 0.00207292
0 0.441254 0.793823 0.776005 0.412252 0.00206978
0 0.767036 0.948144 0.465927 0.103713 0.00205727
0 0.267246 0.187041 0.534492 0.366604 0.00202959
0 0.71658 0.219306 0.513363 0.420598 0.00199577
0 0.0259098 0.76617 0.0518196 0.467659 0.00199354
0 0.503526 0.876586 0.901113 0.246827 0.00197933
0 0.745587 0.578359 0.508826 0.419458 0.00197929
0 0.750975 0.648285 0.498051 0.387637 0.00196779
0 0.196745 0.351422 0.0591209 0.0688215 0.00196263
0 0.833378 0.166024 0.328469 0.31715 0.0019432
0 0.651592 0.557068 0.135781 0.107518 0.00194078
0 0.725448 0.0143006 0.313275 0.0275842 0.00193689
0 0.344076 0.829932 0.631648 0.338327 0.00192655
0 0.116233 0.393643 0.0445488 0.0317712 0.00192041
0 0.722704 0.0218893 0.329652 0.0425973 0.00191291
0 0.213136 0.607439 0.426267 0.531352 0.00191277
0 0.756351 0.272287 0.347198 0.348322 0.00190213
0 0.440155 0.320803 0.260855 0.101499 0.0019011
0 0.210563 0.779802 0.421126 0.404141 0.00189995
0 0.764345 0.181387 0.47131 0.352168 0.00189673
0 0.767649 0.714983 0.464702 0.395116 0.00188919
0 0.415638 0.689087 0.745184 0.482393 0.0018647
0 0.418183 0.627345 0.674863 0.437394 0.00185197
0 0.712992 0.750315 0.552926 0.468294 0.0018418
0 0.276156 0.381628 0.247476 0.194241 0.00183483
0 0.0351758 0.689884 0.0700815 0.203898 0.00182909
0 0.801457 0.0248407 0.286831 0.0458128 0.00182274
0 0.00743381 0.233031 0.0146581 0.0407582 0.00179523
0 0.812723 0.278962 0.368821 0.326877 0.00179464
0 0.800655 0.769937 0.391733 0.344943 0.00179347
0 0.288031 0.58296 0.575043 0.447512 0.00178175
0 0.183136 0.515004 0.0568477 0.0391961 0.00176432
0 0.840144 0.83028 0.312047 0.331959 0.00176066
0 0.271479 0.175661 0.070023 0.0432494 0.00174901
0 0.241518 0.685352 0.483036 0.406948 0.00174324
0 0.594732 0.00848431 0.200916 0.0169686 0.00172729
0 0.543936 0.965682 0.402735 0.0680713 0.00172029
0 0.0224725 0.719671 0.0422568 0.0296759 0.00170721
0 0.73889 0.823041 0.47564 0.353918 0.00169179
0 0.150571 0.969032 0.110463 0.0586389 0.00168498
0 0.635127 0.814823 0.626812 0.370353 0.00168207
0 0.229251 0.750674 0.458502 0.286175 0.00167729
0 0.290131 0.631865 0.542863 0.306865 0.00167551
0 0.155488 0.960109 0.310975 0.0791752 0.00166276
0 0.0179557 0.0977005 0.0356541 0.195401 0.00165414
0 0.779578 0.879856 0.433206 0.240288 0.00164873
0 0.38214 0.752538 0.613383 0.300133 0.00163685
0 0.490969 0.483345 0.150936 0.127734 0.00163426
0 0.70287 0.622028 0.105694 0.104441 0.00163316
0 0.245998 0.687329 0.491996 0.275863 0.00163023
0 0.00777261 0.241763 0.0154684 0.0456878 0.00162491
0 0.399614 0.687145 0.656473 0.330958 0.00162272
0 0.17983 0.509236 0.102112 0.0501512 0.0016035
0 0.519807 0.00726904 0.148871 0.0145381 0.00160281
0 0.633747 0.898979 0.706897 0.194836 0.00159331
0 0.474171 0.128802 0.0464597 0.0476981 0.00158648
0 0.0184593 0.12832 0.0368206 0.256641 0.00157026
2 0.503437 0.961907 0.316902 0.0755039 0.00155487
0 0.769554 0.347861 0.200544 0.161335 0.00155051
0 0.0409539 0.660417 0.0816676 0.232872 0.00153764
0 0.311254 0.340427 0.102547 0.0932833 0.00152868
0 0.660019 0.62275 0.197864 0.111418 0.00150587
0 0.262361 0.327336 0.224301 0.128638 0.00147905
0 0.238537 0.331682 0.170541 0.117639 0.0014647
0 0.190843 0.340335 0.21847 0.104139 0.00146198
0 0.194075 0.978207 0.154674 0.0424269 0.0014502
0 0.00939441 0.425819 0.0186437 0.100183 0.00144191
0 0.804468 0.421818 0.0880696 0.0619352 0.00143859
0 0.784454 0.345534 0.102606 0.0865927 0.00142633
0 0.0106099 0.552066 0.0212188 0.0934781 0.00142489
0 0.628275 0.523263 0.192869 0.13841 0.00142337
0 0.0214313 0.176998 0.0428626 0.353996 0.00142284
0 0.010134 0.150951 0.0202679 0.158063 0.00142041
0 0.014853 0.677132 0.0294286 0.190056 0.00140972
0 0.0222266 0.718072 0.0444531 0.0399557 0.00140338
0 0.227624 0.316839 0.0510433 0.0500786 0.00138501
0 0.842847 0.0188442 0.314307 0.0361912 0.00138333
0 0.0188079 0.361197 0.0376158 0.317912 0.0013761
0 0.489217 0.00742162 0.146082 0.0148432 0.00136489
0 0.508314 0.510541 0.120966 0.0774165 0.00135236
0 0.579806 0.570334 0.109525 0.112962 0.00134327
0 0.559677 0.442757 0.206661 0.127058 0.00134112
0 0.0255086 0.835632 0.0510171 0.328735 0.00133058
0 0.554607 0.457381 0.250306 0.162953 0.00132175
0 0.802639 0.404262 0.129652 0.132182 0.00131835
1 0.121618 0.95715 0.243236 0.0849948 0.00131033
0 0.184342 0.503604 0.0688762 0.0630184 0.00130697
0 0.32253 0.305818 0.306112 0.143446 0.00130094
0 0.238873 0.376523 0.177152 0.172054 0.00127162
0 0.591993 0.0123512 0.303566 0.0232535 0.00127083
0 0.00963793 0.362712 0.0191556 0.107868 0.00126974
0 0.0215599 0.31647 0.0431197 0.456981 0.00126278
