2 0.440535 0.506438 0.524125 0.791046 0.96938
2 0.439966 0.634045 0.513372 0.521306 0.0283944
2 0.389077 0.407606 0.416356 0.586282 0.00609321
0 0.418334 0.367598 0.553451 0.518487 0.00606496
0 0.428407 0.323892 0.707231 0.483332 0.0046314
2 0.450911 0.425076 0.576269 0.562429 0.00371129
2 0.0917283 0.536338 0.183457 0.900545 0.00351265
2 0.125211 0.487487 0.250422 0.959473 0.00327983
2 0.516828 0.226239 0.930355 0.441752 0.00322804
2 0.202763 0.515381 0.405526 0.890233 0.0031939
2 0.0953912 0.669671 0.190782 0.640685 0.00310459
2 0.562698 0.554639 0.874605 0.821416 0.00302277
0 0.523013 0.388173 0.859047 0.548308 0.00301088
2 0.53138 0.330622 0.897429 0.548461 0.00290278
1 0.738298 0.779496 0.517181 0.441007 0.00288166
0 0.343709 0.385643 0.340849 0.531543 0.00283683
2 0.504929 0.682994 0.369405 0.412883 0.00277919
2 0.151206 0.678885 0.302413 0.627423 0.00277898
2 0.286158 0.477439 0.572317 0.883215 0.00270851
2 0.214589 0.684028 0.429177 0.624619 0.00269386
0 0.93571 0.202993 0.127916 0.405987 0.00269173
2 0.0941602 0.78043 0.187564 0.401151 0.00264101
0 0.918092 0.191381 0.163816 0.382761 0.00263712
2 0.714715 0.7147 0.563101 0.570601 0.00260907
2 0.552748 0.165055 0.843254 0.33011 0.00260054
0 0.332446 0.472267 0.3681 0.707027 0.00259353
0 0.554594 0.52469 0.887469 0.704241 0.00258535
0 0.0842127 0.197982 0.168425 0.395964 0.00249043
0 0.294018 0.432166 0.588036 0.786326 0.00248097
0 0.931397 0.556076 0.137207 0.795938 0.00247532
0 0.835251 0.895683 0.329497 0.208634 0.00245175
0 0.93933 0.311934 0.12134 0.582762 0.00244146
0 0.91314 0.49521 0.17372 0.828392 0.00244007
2 0.552672 0.115049 0.706218 0.230097 0.00243422
0 0.196215 0.938876 0.39243 0.122247 0.00241303
2 0.69917 0.846384 0.573869 0.307231 0.00239341
0 0.0904081 0.90751 0.180816 0.184981 0.00235039
0 0.65051 0.577435 0.697129 0.84513 0.00234358
2 0.620486 0.270572 0.739007 0.530225 0.00233531
0 0.295095 0.313638 0.585819 0.560811 0.00232632
2 0.155607 0.791785 0.311014 0.393715 0.0022982
0 0.0913259 0.41679 0.182466 0.812385 0.00229406
0 0.926962 0.394599 0.146076 0.731302 0.00229063
0 0.504007 0.247539 0.883725 0.429039 0.00228756
0 0.849523 0.168894 0.293 0.337788 0.00228227
0 0.936541 0.675222 0.126917 0.649556 0.00226664
1 0.746177 0.942332 0.46483 0.115336 0.00224803
0 0.70679 0.939184 0.53432 0.121632 0.00223093
2 0.580355 0.71691 0.792257 0.566181 0.00222089
2 0.247358 0.803136 0.492276 0.371312 0.00221947
0 0.134101 0.933235 0.268202 0.13353 0.00220781
2 0.028704 0.821755 0.057163 0.347686 0.00220015
0 0.279391 0.0982956 0.5164 0.196591 0.00218523
0 0.207678 0.0907141 0.39945 0.181428 0.00218488
0 0.126786 0.126477 0.253572 0.252955 0.00218156
0 0.212348 0.130649 0.424696 0.261298 0.00215836
2 0.13022 0.839988 0.258423 0.297586 0.00215112
0 0.286242 0.938977 0.554684 0.122047 0.00215092
0 0.863726 0.829864 0.272549 0.340273 0.00215007
0 0.888415 0.198883 0.222402 0.397766 0.00214449
0 0.465391 0.0944749 0.719307 0.18895 0.00213348
0 0.669646 0.156121 0.57831 0.312241 0.00212791
0 0.890764 0.77614 0.217603 0.44772 0.00212394
0 0.134099 0.467296 0.268198 0.934592 0.0021202
0 0.634247 0.201355 0.685791 0.40271 0.00211495
2 0.320785 0.738737 0.599238 0.507931 0.00210045
0 0.779278 0.945092 0.415877 0.109815 0.00209927
0 0.284224 0.212999 0.560807 0.421774 0.00209127
0 0.167971 0.173414 0.335823 0.346829 0.00208757
0 0.243326 0.360673 0.486652 0.68222 0.00207124
2 0.449266 0.255813 0.653408 0.391031 0.00206816
2 0.231277 0.862938 0.454566 0.252919 0.00205637
0 0.504938 0.133505 0.744713 0.267011 0.00203329
0 0.144951 0.333295 0.289902 0.663855 0.00203137
0 0.317963 0.147558 0.60863 0.295116 0.00201665
0 0.726204 0.617745 0.546101 0.732112 0.00201414
0 0.459081 0.258205 0.640936 0.345706 0.00200476
0 0.157907 0.245705 0.315813 0.49141 0.00198833
0 0.463354 0.937573 0.67192 0.124854 0.00198771
2 0.46138 0.695172 0.578254 0.412095 0.00198755
0 0.794678 0.157765 0.399458 0.31553 0.00198549
2 0.334175 0.820558 0.624115 0.33436 0.00197241
2 0.605205 0.817047 0.576206 0.301823 0.0019692
0 0.864292 0.572576 0.271386 0.768021 0.00196119
0 0.624299 0.929433 0.602042 0.141134 0.00194506
0 0.783394 0.825151 0.418517 0.336769 0.00193892
0 0.723647 0.293473 0.546215 0.514739 0.00193685
0 0.879063 0.31628 0.241537 0.525848 0.0019045
0 0.747215 0.191835 0.490938 0.38367 0.00189345
0 0.719261 0.410227 0.559167 0.716853 0.00189132
2 0.282749 0.593958 0.49282 0.747499 0.00186043
0 0.817053 0.199862 0.361393 0.399723 0.00184939
2 0.4058 0.86392 0.768221 0.249416 0.00184143
2 0.515298 0.784003 0.639909 0.226977 0.00183943
2 0.0587754 0.844719 0.117551 0.297828 0.00180694
0 0.856588 0.416274 0.286634 0.700457 0.00178681
0 0.80961 0.511131 0.379468 0.856388 0.00177634
0 0.881835 0.693892 0.235674 0.612216 0.00176488
0 0.821543 0.325902 0.352987 0.555474 0.00174734
0 0.0370172 0.873471 0.0736533 0.25101 0.00173647
2 0.0341659 0.929516 0.0683317 0.140969 0.0017325
2 0.0438526 0.868457 0.0876134 0.250263 0.00173073
2 0.828046 0.725653 0.342119 0.545654 0.00172434
2 0.464801 0.829849 0.730048 0.282377 0.00171833
0 0.815513 0.786869 0.364586 0.426262 0.00166517
2 0.524551 0.877463 0.75668 0.237667 0.00166367
0 0.0466744 0.919316 0.0928514 0.160419 0.00165613
0 0.832618 0.687853 0.333421 0.624293 0.00164308
0 0.532403 0.678038 0.337308 0.342276 0.00162891
2 0.617062 0.862307 0.724451 0.26302 0.00160678
0 0.0199103 0.297876 0.0398206 0.595753 0.00156937
2 0.0328809 0.951156 0.0657618 0.0973698 0.00154823
0 0.0222997 0.7374 0.0445994 0.5252 0.00152384
2 0.360558 0.242911 0.164517 0.257276 0.00151943
2 0.0681106 0.885878 0.136221 0.213644 0.00149168
2 0.129902 0.894755 0.259803 0.199653 0.00146153
2 0.0218794 0.67614 0.0437589 0.64772 0.00145759
2 0.0180552 0.253958 0.0361104 0.507916 0.001455
0 0.322516 0.435969 0.304274 0.310113 0.00142157
0 0.463523 0.623818 0.503657 0.343984 0.00131529
0 0.357308 0.218936 0.147367 0.204678 0.00130878
2 0.0171586 0.165706 0.0342065 0.331412 0.00130186
2 0.0649426 0.944067 0.114315 0.110578 0.00129521
2 0.342298 0.209848 0.121451 0.183728 0.00128492
0 0.0201228 0.373452 0.0402456 0.746905 0.00124943
0 0.459272 0.568994 0.519645 0.290464 0.00123428
0 0.02236 0.626802 0.04472 0.746395 0.00122824
0 0.0331099 0.94933 0.0662198 0.0943922 0.0012268
0 0.48797 0.353534 0.360341 0.292956 0.00120157
2 0.0205654 0.415496 0.0411308 0.79421 0.00119649
0 0.326394 0.509417 0.299614 0.365975 0.00117781
0 0.311636 0.563325 0.253345 0.291145 0.0011329
2 0.0730243 0.934031 0.146049 0.131937 0.00110957
0 0.365516 0.58492 0.37738 0.279569 0.00110533
1 0.360126 0.329059 0.181661 0.435585 0.00110017
0 0.559262 0.76109 0.268193 0.183672 0.00109909
2 0.976824 0.437737 0.0448807 0.810359 0.0010829
2 0.971357 0.732875 0.0561596 0.53425 0.00108042
2 0.317762 0.251926 0.227161 0.273603 0.00107431
2 0.556677 0.83488 0.276932 0.330239 0.00106389
0 0.261049 0.911105 0.139761 0.16404 0.00106334
2 0.974705 0.652341 0.0492223 0.695318 0.00106234
0 0.325474 0.192396 0.224664 0.152921 0.00103356
2 0.977853 0.590079 0.0429013 0.819842 0.001033
1 0.0443273 0.891129 0.0886546 0.217743 0.00103032
0 0.0578676 0.769444 0.115735 0.461112 0.00102778
2 0.02242 0.537688 0.0448399 0.829226 0.00102164
2 0.142986 0.123847 0.285971 0.247693 0.00101359
2 0.276697 0.94434 0.188698 0.11132 0.00101348
0 0.415936 0.672982 0.451936 0.381306 0.00101169
1 0.344088 0.680968 0.317788 0.432642 0.00100572
2 0.549481 0.871 0.250383 0.24684 0.00100105
2 0.17909 0.885814 0.322159 0.218384 0.00100047
2 0.974714 0.360499 0.0492951 0.720999 0.000999496
0 0.0301005 0.128333 0.0602009 0.256665 0.0009834
2 0.96016 0.8937 0.079446 0.2126 0.000979159
2 0.964587 0.301172 0.0696777 0.602344 0.000979074
0 0.335391 0.371367 0.262889 0.457534 0.000975324
0 0.2953 0.891043 0.214121 0.202863 0.000964249
0 0.454861 0.498386 0.526244 0.223986 0.00095254
2 0.0629656 0.971556 0.125931 0.0568878 0.000948396
2 0.253697 0.918747 0.135387 0.14967 0.000944504
0 0.058548 0.278469 0.117096 0.556938 0.000941553
2 0.926353 0.311668 0.147274 0.327064 0.000940224
0 0.0709409 0.107601 0.141882 0.215202 0.000938301
0 0.431293 0.730678 0.2249 0.330102 0.000937544
0 0.506098 0.764503 0.352438 0.191683 0.000934964
0 0.311957 0.707925 0.253201 0.382052 0.00093129
0 0.451738 0.391257 0.477243 0.330212 0.000927215
0 0.886888 0.538345 0.226223 0.263301 0.000925959
0 0.309829 0.938416 0.27895 0.123167 0.000923884
2 0.31456 0.218631 0.200531 0.210845 0.000921243
0 0.465759 0.455666 0.435047 0.337204 0.000919364
0 0.507592 0.211987 0.385616 0.263472 0.00091805
0 0.881319 0.589104 0.237362 0.285659 0.000917214
2 0.448492 0.102709 0.334624 0.204866 0.000913706
0 0.303645 0.457716 0.266627 0.421734 0.00091338
0 0.500601 0.603671 0.380209 0.370722 0.000912095
0 0.877063 0.308038 0.245875 0.34896 0.000911874
0 0.288315 0.356824 0.222212 0.524908 0.000910558
2 0.104453 0.932202 0.204491 0.135596 0.000906252
0 0.0561796 0.675426 0.112359 0.60131 0.00090575
0 0.416203 0.822113 0.164614 0.132946 0.000904583
2 0.96947 0.796651 0.0601974 0.406698 0.000904447
0 0.872669 0.711839 0.254662 0.358307 0.00090047
0 0.345811 0.621974 0.324268 0.335544 0.000899504
0 0.531358 0.835672 0.309025 0.328655 0.000899386
0 0.161876 0.0841173 0.323753 0.168235 0.000898833
0 0.891121 0.490412 0.217757 0.295889 0.000896234
0 0.452783 0.773551 0.246606 0.211736 0.000896225
0 0.480667 0.534776 0.413531 0.314524 0.000896
0 0.875022 0.641933 0.249955 0.310966 0.000895323
0 0.257603 0.124608 0.373552 0.235863 0.000887692
0 0.286466 0.560665 0.194779 0.237554 0.000886973
0 0.394948 0.548712 0.483919 0.308389 0.000886292
0 0.364738 0.695885 0.34585 0.396598 0.000878538
2 0.718562 0.892552 0.17745 0.202379 0.000875552
0 0.850349 0.100806 0.299302 0.201612 0.000874361
0 0.253586 0.0698101 0.350867 0.13962 0.000872204
1 0.936374 0.42198 0.127251 0.626608 0.000870319
0 0.299661 0.0892483 0.398843 0.178497 0.000868341
0 0.0545103 0.385793 0.109021 0.683055 0.000864139
1 0.0622237 0.255441 0.124447 0.510883 0.000863355
2 0.926071 0.780404 0.147833 0.439192 0.000862687
0 0.279617 0.508474 0.195879 0.339215 0.000860484
0 0.482544 0.705261 0.350413 0.359199 0.000858531
0 0.345566 0.564024 0.324989 0.226952 0.000857453
0 0.55393 0.172188 0.319465 0.344376 0.000853357
2 0.963133 0.840208 0.072118 0.319584 0.000852003
2 0.957248 0.92336 0.0855046 0.153281 0.000850609
0 0.0470532 0.724483 0.0941065 0.551033 0.000849628
2 0.219252 0.907284 0.20187 0.175284 0.000844166
1 0.921549 0.255976 0.156572 0.511953 0.00084269
0 0.426988 0.784395 0.182141 0.209936 0.000841811
0 0.889567 0.608637 0.220866 0.385777 0.000839807
2 0.577462 0.0825572 0.269595 0.165114 0.000837764
0 0.511778 0.259148 0.301286 0.180048 0.0008376
2 0.162522 0.931328 0.247805 0.137344 0.000837534
0 0.112036 0.804399 0.224072 0.391202 0.000833452
0 0.555646 0.217371 0.292868 0.23481 0.000832367
2 0.94079 0.691094 0.118306 0.61246 0.000832301
0 0.301744 0.125227 0.294095 0.200673 0.000831872
2 0.0804073 0.988884 0.156428 0.0222325 0.000831339
0 0.496022 0.880761 0.238602 0.229278 0.000828435
1 0.918011 0.805564 0.163855 0.384488 0.000824711
1 0.101719 0.990166 0.19126 0.0196676 0.00082349
0 0.869515 0.409007 0.208025 0.177875 0.000823344
0 0.52897 0.889116 0.174931 0.204159 0.000823195
0 0.888551 0.394496 0.222898 0.256899 0.000819448
0 0.921964 0.312501 0.156072 0.314029 0.000818851
2 0.47741 0.0862348 0.422115 0.17247 0.000818628
2 0.920184 0.34343 0.159632 0.545911 0.000816679
1 0.940947 0.711348 0.118042 0.577304 0.000813603
0 0.803152 0.0863751 0.393695 0.17275 0.000813458
1 0.361962 0.321366 0.282086 0.412769 0.000811686
0 0.371778 0.22163 0.244602 0.207098 0.000811487
2 0.309655 0.996416 0.227042 0.00716864 0.000810904
2 0.349915 0.900797 0.190816 0.176039 0.00081082
0 0.602993 0.867932 0.209708 0.251585 0.000810005
2 0.737011 0.857873 0.23851 0.284254 0.00080672
0 0.280315 0.995076 0.185063 0.00984729 0.000805819
2 0.92424 0.26718 0.151444 0.53436 0.000805157
0 0.574401 0.675311 0.244623 0.310797 0.000802642
0 0.926829 0.254738 0.146342 0.394341 0.000802403
0 0.306275 0.233575 0.244588 0.237295 0.000802341
0 0.553856 0.281871 0.213652 0.171032 0.0008018
0 0.183117 0.433597 0.320913 0.400249 0.000801535
0 0.346827 0.307246 0.214231 0.394503 0.000800397
0 0.904073 0.11028 0.191855 0.22056 0.000799358
2 0.861739 0.11371 0.276521 0.227421 0.000798529
0 0.437828 0.25917 0.456558 0.287182 0.000797738
0 0.781214 0.887159 0.282738 0.212596 0.000796537
2 0.0853273 0.944129 0.096792 0.106756 0.000796345
0 0.2876 0.0933007 0.260793 0.185793 0.000795119
0 0.378493 0.188569 0.258391 0.20234 0.000794683
0 0.854529 0.375882 0.212127 0.252046 0.000793598
0 0.464982 0.166502 0.334121 0.307887 0.000792323
2 0.0673614 0.180265 0.134723 0.36053 0.000792228
2 0.438492 0.875598 0.19989 0.240568 0.000790315
0 0.0621819 0.553161 0.124364 0.693773 0.000789503
0 0.294842 0.178113 0.350188 0.176216 0.000788668
2 0.11913 0.991358 0.208798 0.0172834 0.00078857
0 0.400266 0.0891635 0.413062 0.178327 0.000788426
0 0.398761 0.896263 0.175627 0.184942 0.000785459
2 0.339787 0.997868 0.219818 0.00426312 0.000785209
2 0.149106 0.150078 0.224893 0.229015 0.000784743
0 0.300252 0.273037 0.258041 0.323005 0.00078441
0 0.332962 0.894638 0.246361 0.191844 0.000783587
0 0.499852 0.89235 0.149556 0.199333 0.000783214
0 0.901357 0.757742 0.197285 0.333427 0.000782127
0 0.762139 0.782818 0.236371 0.293272 0.000781594
2 0.946922 0.60073 0.106156 0.666525 0.000781463
0 0.592648 0.832806 0.236871 0.334389 0.000780984
0 0.457959 0.877267 0.215148 0.237687 0.000777252
0 0.527858 0.0722431 0.385664 0.144486 0.000776126
1 0.94344 0.507258 0.11312 0.670913 0.000775719
0 0.467685 0.264223 0.377756 0.217256 0.000775413
0 0.853657 0.757965 0.261365 0.280504 0.000772707
0 0.857136 0.504203 0.24967 0.26537 0.000771567
0 0.189773 0.109226 0.379547 0.218452 0.000771368
0 0.793252 0.789344 0.144104 0.215259 0.000770455
0 0.759504 0.834211 0.249781 0.309671 0.000770425
2 0.139452 0.995508 0.203368 0.00898437 0.000769928
0 0.55224 0.345463 0.213543 0.275332 0.000769095
0 0.835506 0.348064 0.22614 0.312264 0.000766891
0 0.467001 0.893428 0.169183 0.198686 0.000764882
0 0.924781 0.793253 0.150439 0.395727 0.00076448
0 0.267739 0.608259 0.19162 0.182347 0.000763721
0 0.681639 0.185709 0.262452 0.352283 0.000762666
0 0.868399 0.886971 0.263202 0.211118 0.000762197
0 0.178094 0.383267 0.277265 0.405826 0.000761212
0 0.826983 0.554433 0.209708 0.258137 0.000760127
0 0.9001 0.66802 0.1998 0.423601 0.000759649
0 0.287222 0.737402 0.22484 0.308599 0.000759123
1 0.058956 0.464754 0.117912 0.643612 0.000759067
2 0.405326 0.0904644 0.439598 0.180929 0.000757468
2 0.260487 0.993881 0.15774 0.0122375 0.000757146
0 0.0720881 0.66328 0.144176 0.442596 0.000756895
0 0.635341 0.87449 0.181127 0.238701 0.000756299
0 0.266643 0.400275 0.195305 0.471768 0.00075609
