0 0.41275 0.440366 0.562645 0.509414 0.908386
0 0.512554 0.443098 0.34691 0.512214 0.879146
0 0.242669 0.502187 0.193737 0.304928 0.711998
0 0.605588 0.581012 0.157103 0.217284 0.435982
0 0.0188884 0.706293 0.0352626 0.0539841 0.158465
0 0.308541 0.444196 0.324419 0.442838 0.0809661
0 0.526943 0.516877 0.316282 0.347063 0.075628
0 0.47273 0.409308 0.261468 0.454535 0.0269097
0 0.479408 0.4767 0.284524 0.416592 0.0245942
0 0.478968 0.249333 0.0935802 0.12709 0.0237356
0 0.0190903 0.712668 0.0366992 0.111768 0.0221033
0 0.263927 0.474974 0.236547 0.376293 0.0168131
0 0.465154 0.340563 0.260521 0.313815 0.0167219
0 0.0184224 0.670221 0.0362199 0.183849 0.0162514
0 0.0184293 0.687775 0.0361645 0.112397 0.0148052
0 0.377616 0.345121 0.488504 0.323643 0.0129311
0 0.41637 0.635896 0.546156 0.613354 0.0128455
0 0.279181 0.617728 0.0386343 0.0703649 0.0108293
0 0.535948 0.576011 0.322977 0.227067 0.0106281
0 0.018989 0.764931 0.0374614 0.462971 0.00851978
0 0.50407 0.314062 0.179017 0.253398 0.00833804
0 0.442261 0.477679 0.205587 0.398636 0.0079728
0 0.478668 0.273048 0.122122 0.174052 0.00755926
0 0.635451 0.470972 0.548718 0.569093 0.00725186
0 0.564779 0.400496 0.465059 0.441111 0.00657333
0 0.307865 0.532506 0.328041 0.490495 0.0064423
0 0.0193538 0.569928 0.0387077 0.421111 0.00619132
0 0.02055 0.655988 0.0411 0.278096 0.00608121
0 0.00705291 0.957651 0.0141058 0.0699935 0.00569342
0 0.0363482 0.689016 0.0714262 0.558296 0.00549677
0 0.493142 0.244154 0.0636181 0.111414 0.00548643
0 0.452137 0.390224 0.219654 0.347654 0.00528387
0 0.621132 0.511073 0.485266 0.386202 0.00522257
0 0.0489218 0.734331 0.0966721 0.504988 0.00514291
0 0.510322 0.267469 0.177 0.162168 0.00456732
0 0.434787 0.277185 0.18671 0.182434 0.00425604
0 0.0427016 0.570587 0.0844214 0.631433 0.00415331
0 0.242103 0.567104 0.187303 0.171418 0.00412879
0 0.518036 0.348318 0.39007 0.336824 0.00412175
0 0.359071 0.480747 0.358136 0.385083 0.00397865
0 0.0858773 0.775543 0.170456 0.412717 0.0039769
0 0.0248635 0.706456 0.0443661 0.0621039 0.00394221
0 0.0210552 0.580097 0.0421103 0.678285 0.00389413
0 0.594541 0.496231 0.18167 0.395256 0.00388936
0 0.448088 0.225796 0.245148 0.366631 0.00374267
0 0.0208875 0.744847 0.0407712 0.170411 0.00372521
0 0.00763952 0.1159 0.015279 0.0870402 0.00362935
0 0.13333 0.694911 0.262951 0.595545 0.00362404
0 0.689477 0.9575 0.323191 0.0850008 0.00352103
0 0.0133259 0.670812 0.0264046 0.213034 0.00346409
0 0.230283 0.458688 0.250862 0.411477 0.0034502
0 0.0189574 0.315005 0.0379148 0.63001 0.00339575
0 0.0084364 0.2414 0.0167444 0.254952 0.00339379
0 0.308363 0.507431 0.309451 0.317318 0.00329101
0 0.94624 0.594892 0.10752 0.679105 0.0032694
0 0.0426737 0.424932 0.0850369 0.65612 0.00326877
0 0.516828 0.686177 0.347609 0.625537 0.00325181
0 0.705442 0.903713 0.312556 0.178285 0.00316255
0 0.188687 0.955308 0.343968 0.0893848 0.00314961
0 0.788139 0.956281 0.356976 0.0874379 0.00313781
0 0.279266 0.635925 0.289906 0.630799 0.00313594
0 0.0614136 0.806981 0.122827 0.368468 0.00313176
0 0.760253 0.899054 0.326901 0.185094 0.0031145
0 0.105525 0.834495 0.208871 0.301578 0.00309904
0 0.596746 0.954917 0.367612 0.090165 0.00309481
0 0.0432701 0.282287 0.085584 0.493975 0.00303417
0 0.946933 0.324539 0.106135 0.60089 0.00303374
0 0.942544 0.20526 0.11427 0.410519 0.00302419
0 0.66012 0.896302 0.316226 0.193156 0.00300516
0 0.141713 0.948261 0.283426 0.103478 0.00297743
0 0.137788 0.8619 0.275577 0.249713 0.00297716
0 0.434057 0.95668 0.363913 0.0866398 0.00296916
0 0.00890407 0.92425 0.0178081 0.149735 0.00295228
0 0.689009 0.454361 0.621983 0.690831 0.00295112
0 0.939491 0.689814 0.121018 0.604013 0.00295074
0 0.338547 0.64941 0.401373 0.683433 0.00293948
0 0.558687 0.713769 0.263106 0.570413 0.00293257
0 0.944835 0.456588 0.110331 0.736248 0.00293139
0 0.283173 0.953829 0.387829 0.0923425 0.00291903
0 0.00691371 0.103401 0.0137863 0.0861033 0.00291256
0 0.171824 0.806337 0.342303 0.358161 0.00288435
0 0.146049 0.569925 0.282908 0.623736 0.00285186
0 0.0600422 0.233984 0.119179 0.453008 0.00284697
0 0.924865 0.611084 0.149537 0.678387 0.00284191
0 0.00879216 0.133378 0.017568 0.125468 0.00281521
0 0.925264 0.193521 0.149472 0.387043 0.00280783
0 0.810102 0.888488 0.33802 0.20132 0.00278953
0 0.0854288 0.906026 0.170858 0.187948 0.00277945
0 0.700461 0.836783 0.375831 0.308721 0.00277317
0 0.858113 0.918745 0.283775 0.162511 0.00276177
0 0.691926 0.590657 0.616148 0.651375 0.00273041
0 0.661736 0.702762 0.553427 0.594476 0.00271155
0 0.0705542 0.17716 0.140652 0.35432 0.00271082
0 0.0179495 0.848039 0.0358989 0.273685 0.00269349
0 0.162749 0.491384 0.320749 0.623323 0.00269243
0 0.0342208 0.57877 0.0682603 0.39434 0.00266437
0 0.19498 0.897863 0.328999 0.187776 0.00266004
0 0.202007 0.67891 0.404014 0.637741 0.00265991
0 0.0196735 0.409319 0.039347 0.758345 0.00265534
0 0.845499 0.955662 0.30427 0.0886754 0.00264681
0 0.783997 0.80882 0.362729 0.358273 0.00261301
0 0.915388 0.767529 0.167062 0.445742 0.00260343
0 0.886961 0.8322 0.225392 0.317561 0.00259506
0 0.250126 0.519621 0.487695 0.456297 0.00258431
0 0.442562 0.79545 0.49125 0.379991 0.00256509
0 0.926568 0.337034 0.145985 0.563803 0.00253482
0 0.28592 0.332427 0.347987 0.370767 0.00253288
0 0.882343 0.163458 0.225748 0.326916 0.00252988
0 0.0102689 0.157033 0.0204352 0.264614 0.00252509
0 0.401489 0.889194 0.375653 0.205498 0.00252034
0 0.0156398 0.902116 0.0312796 0.183165 0.00251116
0 0.630383 0.846897 0.279179 0.290637 0.00249375
0 0.14313 0.418028 0.279358 0.599011 0.0024929
0 0.916169 0.470354 0.167419 0.733997 0.00248655
0 0.555771 0.894631 0.32274 0.197748 0.00248458
0 0.00909464 0.192392 0.0181893 0.292753 0.00247967
0 0.370941 0.250618 0.415586 0.380856 0.00245823
0 0.20833 0.465359 0.39097 0.433177 0.00242973
0 0.300422 0.883149 0.354867 0.218473 0.00242283
0 0.526775 0.79159 0.317467 0.391746 0.00240652
0 0.0875584 0.099316 0.174253 0.198632 0.0023963
0 0.235686 0.759386 0.387314 0.44694 0.00239573
0 0.859932 0.878037 0.278128 0.217812 0.00238524
0 0.88615 0.61008 0.225949 0.705182 0.00238227
0 0.764158 0.70936 0.448381 0.573838 0.00237413
0 0.574384 0.84144 0.255229 0.297499 0.0023574
0 0.187552 0.399496 0.290962 0.42195 0.00233304
0 0.407701 0.0661896 0.296131 0.132379 0.00232256
0 0.363956 0.740596 0.444338 0.485647 0.00231533
0 0.305511 0.769945 0.420663 0.426737 0.00230779
0 0.0927243 0.148208 0.180545 0.296417 0.00229794
0 0.127171 0.0707783 0.254343 0.141557 0.0022858
0 0.353647 0.0647646 0.315153 0.129529 0.00228478
0 0.446566 0.156095 0.270229 0.306926 0.00227808
0 0.12514 0.341303 0.241717 0.552693 0.00227288
0 0.635353 0.324212 0.504096 0.456547 0.00226881
0 0.806719 0.617318 0.386563 0.662018 0.00226556
0 0.116196 0.263339 0.222366 0.4525 0.0022553
0 0.591726 0.0841041 0.354378 0.168208 0.00224741
0 0.644267 0.099388 0.354504 0.198776 0.00224543
0 0.851062 0.792842 0.292681 0.388644 0.00224314
0 0.698213 0.11166 0.340066 0.22332 0.00223982
0 0.290246 0.0566201 0.341575 0.11324 0.00223939
0 0.500832 0.063598 0.322716 0.127196 0.00223931
0 0.107083 0.201378 0.206453 0.381138 0.00222701
0 0.0167205 0.22489 0.0332928 0.44978 0.00221976
0 0.764803 0.409347 0.426119 0.611936 0.00221791
0 0.154416 0.0460346 0.293389 0.0920691 0.00220779
0 0.533441 0.23595 0.382536 0.412872 0.00220433
0 0.866433 0.481559 0.264563 0.75889 0.00220392
0 0.70744 0.334583 0.490076 0.512157 0.00220227
0 0.242067 0.0489474 0.349061 0.0978948 0.00220064
0 0.835238 0.134437 0.304718 0.268874 0.00219799
0 0.838624 0.73054 0.320386 0.524651 0.00219768
0 0.549988 0.0715685 0.341947 0.143137 0.00219394
0 0.222965 0.550471 0.148079 0.156728 0.00219285
0 0.883607 0.720367 0.231375 0.544626 0.0021924
0 0.791309 0.332584 0.327131 0.510917 0.00218523
0 0.84314 0.32715 0.305856 0.490867 0.00218132
0 0.827512 0.487476 0.344977 0.667791 0.00217158
0 0.0110686 0.8732 0.0221373 0.253586 0.00216489
0 0.798871 0.114563 0.311643 0.229126 0.00216049
0 0.886585 0.347685 0.223004 0.550984 0.00215897
0 0.698869 0.978773 0.0285326 0.0376826 0.00212387
0 0.0094809 0.274742 0.0188458 0.341616 0.00208539
0 0.363338 0.144017 0.291617 0.274956 0.00206907
0 0.0272092 0.715253 0.0496129 0.0804435 0.00205245
0 0.863468 0.193354 0.262502 0.37249 0.00205091
0 0.137471 0.138433 0.274942 0.26597 0.00204016
0 0.0428006 0.814719 0.0853754 0.349033 0.00204011
0 0.768738 0.187968 0.276549 0.358931 0.00203463
0 0.725976 0.276375 0.378679 0.469294 0.00202671
0 0.714986 0.188389 0.311157 0.359834 0.0020266
0 0.64685 0.180445 0.362071 0.347427 0.00202309
0 0.586315 0.167764 0.361619 0.322063 0.00202215
0 0.645553 0.264375 0.442427 0.454311 0.00201578
0 0.234363 0.300611 0.25013 0.343229 0.00200366
0 0.00851528 0.448391 0.0169592 0.248845 0.00200189
0 0.314285 0.233559 0.389385 0.32489 0.00198141
0 0.297018 0.12758 0.326709 0.240526 0.00196587
0 0.157431 0.273447 0.307641 0.389726 0.0019333
0 0.167014 0.111289 0.285107 0.209483 0.0019332
0 0.154721 0.202011 0.299815 0.335334 0.00190673
0 0.250221 0.114537 0.342767 0.217124 0.00190321
0 0.598184 0.571996 0.125063 0.174662 0.00188435
0 0.00926162 0.345839 0.0184025 0.277115 0.00186448
0 0.24938 0.202124 0.336466 0.268199 0.00180174
0 0.178272 0.184874 0.271361 0.26206 0.0017936
0 0.269595 0.416075 0.129794 0.125432 0.00179014
0 0.612975 0.54721 0.113402 0.137594 0.00178042
0 0.23921 0.453833 0.198034 0.212925 0.00177936
0 0.475142 0.534772 0.261914 0.303586 0.00167395
0 0.496867 0.235611 0.0385767 0.0917619 0.00166704
0 0.050265 0.921378 0.10053 0.151359 0.00166514
0 0.0333641 0.856813 0.0667283 0.257356 0.00161927
0 0.244508 0.400024 0.0514362 0.092049 0.00159773
0 0.012468 0.847686 0.024887 0.304629 0.00158228
0 0.0516606 0.28412 0.103124 0.56824 0.00155598
0 0.530926 0.467569 0.25478 0.416462 0.00154246
0 0.428868 0.599377 0.0898388 0.140878 0.00153108
0 0.0109028 0.495574 0.0217133 0.26608 0.0015122
0 0.0800375 0.0399378 0.15367 0.0798755 0.00149352
0 0.0106485 0.651361 0.021164 0.266417 0.0014816
0 0.00884181 0.400878 0.0176026 0.288775 0.00146572
0 0.085423 0.265633 0.016843 0.0320908 0.00145977
0 0.074388 0.836001 0.148776 0.301751 0.00142895
0 0.451446 0.55754 0.206914 0.241504 0.00142715
0 0.751421 0.902836 0.188932 0.181204 0.00137917
0 0.972558 0.617238 0.0537197 0.765524 0.00137676
0 0.0656144 0.064113 0.130169 0.128226 0.0013629
0 0.117102 0.804659 0.0267568 0.0388923 0.00132945
0 0.956712 0.584838 0.0865754 0.553652 0.00132726
0 0.0587973 0.587325 0.117595 0.33229 0.00132614
0 0.0653714 0.715703 0.130743 0.14912 0.00130829
0 0.0218251 0.163904 0.0436435 0.327807 0.00130046
0 0.729206 0.96484 0.168597 0.0703206 0.00129594
0 0.00767965 0.0880456 0.0151578 0.161102 0.00128736
0 0.0652962 0.0964956 0.130025 0.192991 0.00128574
0 0.736634 0.913233 0.145207 0.163945 0.00128258
2 0.972472 0.651504 0.0539139 0.696992 0.00127278
0 0.614554 0.519564 0.090105 0.0926259 0.00126653
0 0.271722 0.581123 0.155329 0.148229 0.00126642
0 0.754092 0.950903 0.187867 0.0981948 0.0012587
0 0.0286659 0.700242 0.0535867 0.0699213 0.00123794
0 0.239457 0.384163 0.0409602 0.0638224 0.00120869
0 0.329116 0.392654 0.258797 0.174618 0.00120354
0 0.111996 0.0584735 0.213189 0.116947 0.00118063
0 0.479549 0.237611 0.0752304 0.0935339 0.00117949
2 0.971833 0.516139 0.0552568 0.806921 0.00116605
0 0.0162291 0.945716 0.0324582 0.108568 0.00116428
0 0.0660917 0.671399 0.132183 0.18014 0.00116262
0 0.445507 0.329208 0.206023 0.267459 0.00115369
0 0.971525 0.378811 0.0558601 0.757622 0.00114443
0 0.0664594 0.878186 0.132919 0.213879 0.00113939
0 0.397522 0.555699 0.251894 0.235512 0.0011327
0 0.965221 0.775314 0.0688146 0.449373 0.00113085
2 0.966878 0.739727 0.0652801 0.520547 0.00112609
0 0.776415 0.889385 0.232651 0.208187 0.00112185
1 0.622065 0.583276 0.120458 0.217928 0.00111668
0 0.0351511 0.934438 0.0703022 0.131125 0.00111413
0 0.0667343 0.0416289 0.0890067 0.0832577 0.00111363
0 0.938678 0.80114 0.122095 0.380988 0.00110445
0 0.434043 0.572769 0.165985 0.201195 0.00109629
0 0.0196 0.77927 0.0388597 0.295134 0.00109151
0 0.0690072 0.991598 0.138014 0.016804 0.0010913
0 0.169249 0.947406 0.222297 0.105187 0.00109058
0 0.0626092 0.499771 0.125218 0.383801 0.00108931
0 0.317774 0.949053 0.150642 0.101409 0.00106396
1 0.599556 0.653604 0.172281 0.350507 0.00105669
0 0.783691 0.943828 0.242741 0.112343 0.00104873
0 0.961571 0.353264 0.0768581 0.517468 0.00104441
2 0.96775 0.314731 0.0634591 0.629462 0.00103989
0 0.305946 0.36536 0.217145 0.143301 0.00103684
0 0.627049 0.533177 0.111236 0.192845 0.00103676
0 0.798361 0.745825 0.0624728 0.166864 0.00103313
0 0.759201 0.866424 0.20471 0.263365 0.00103275
0 0.202397 0.538411 0.101526 0.0976879 0.00103221
0 0.693991 0.974936 0.0498342 0.0467211 0.00103156
0 0.140111 0.911705 0.193368 0.160534 0.00101691
0 0.696302 0.901768 0.202095 0.182573 0.00101606
0 0.372437 0.356635 0.343547 0.280562 0.00101224
0 0.107362 0.908575 0.214725 0.164047 0.00100717
0 0.0117728 0.549612 0.0233345 0.251545 0.00100714
0 0.579058 0.606517 0.239462 0.163 0.00100704
0 0.934004 0.259393 0.131963 0.518785 0.00100577
0 0.265185 0.40259 0.0997627 0.103105 0.00100528
0 0.75512 0.996718 0.17604 0.006565 0.00100507
0 0.00841778 0.613387 0.0166736 0.2263 0.0010025
0 0.287878 0.469252 0.106353 0.244829 0.000999818
0 0.802503 0.785994 0.0409494 0.0765715 0.000999384
0 0.0169258 0.256548 0.0335478 0.33993 0.000993948
0 0.921281 0.564349 0.157438 0.387485 0.00098841
0 0.468033 0.963688 0.190517 0.0726238 0.000987194
0 0.482891 0.997566 0.164334 0.00486798 0.000986476
0 0.788586 0.771743 0.0786648 0.131526 0.000986009
0 0.023794 0.953351 0.0475881 0.0842162 0.00098474
0 0.722453 0.995575 0.162052 0.00884985 0.000984154
0 0.145517 0.889862 0.230534 0.20208 0.00098391
1 0.595944 0.618589 0.190631 0.247795 0.000979884
0 0.512273 0.997222 0.1882 0.00555597 0.000970478
0 0.0118551 0.814923 0.0235182 0.319609 0.000964503
0 0.134953 0.9428 0.242122 0.1144 0.000957746
0 0.0156299 0.125783 0.0309884 0.203878 0.000954848
0 0.0686253 0.779947 0.134271 0.235994 0.000952495
0 0.439827 0.997225 0.178 0.00555017 0.000952178
0 0.335475 0.35116 0.25342 0.182361 0.000950355
0 0.40228 0.262829 0.249554 0.16859 0.000950107
0 0.0865117 0.940939 0.173023 0.11479 0.000944044
0 0.332857 0.996903 0.183129 0.00619446 0.000942357
0 0.0615982 0.380322 0.122457 0.445781 0.000939667
0 0.286825 0.939614 0.208064 0.120772 0.000935794
0 0.162473 0.996671 0.188935 0.00665735 0.00093527
0 0.492417 0.220648 0.18081 0.165323 0.000933053
0 0.546913 0.369962 0.0892898 0.122513 0.000930086
0 0.0794534 0.760674 0.114768 0.1696 0.000928381
0 0.419417 0.230304 0.266441 0.152621 0.00092833
0 0.113589 0.798084 0.0339395 0.0552407 0.000927065
0 0.307518 0.911449 0.122843 0.156511 0.000924124
0 0.309623 0.555056 0.278763 0.2192 0.000922931
0 0.917337 0.656262 0.165327 0.4368 0.000922615
