2 0.903788 0.0779 0.187081 0.1558 0.546956
1 0.904756 0.0783563 0.186544 0.156713 0.448246
2 0.576794 0.56251 0.782003 0.790792 0.245876
2 0.57771 0.638675 0.773486 0.540823 0.140278
0 0.0718885 0.841671 0.135494 0.278462 0.0636739
1 0.499226 0.407123 0.860406 0.807627 0.0514503
0 0.969168 0.988161 0.0587247 0.0225792 0.0415064
0 0.945976 0.180008 0.0326677 0.0229628 0.0374632
0 0.726732 0.110956 0.0261578 0.0282942 0.0350832
1 0.598791 0.352349 0.6455 0.692099 0.0336524
2 0.888243 0.100515 0.160662 0.107233 0.0316131
2 0.929545 0.0678832 0.136519 0.134015 0.0248171
2 0.650212 0.633485 0.656967 0.461777 0.024781
1 0.904366 0.13671 0.191267 0.272323 0.0218375
2 0.49365 0.489605 0.950608 0.971386 0.0213157
0 0.0701379 0.810752 0.140276 0.350341 0.0203387
1 0.903052 0.0842883 0.193896 0.168577 0.0169839
0 0.0808983 0.741265 0.0998673 0.063962 0.0164928
0 0.942574 0.987247 0.114852 0.0252464 0.0124191
1 0.903193 0.201976 0.193613 0.401306 0.0121278
0 0.91056 0.988691 0.178881 0.0223931 0.0106957
0 0.0769812 0.758269 0.153962 0.454598 0.0101017
1 0.855851 0.107345 0.281551 0.214175 0.00904595
1 0.797518 0.295714 0.404964 0.581186 0.00893122
1 0.826648 0.0828056 0.346704 0.165611 0.00887314
1 0.64871 0.262832 0.694736 0.52395 0.00867931
1 0.849033 0.256917 0.300606 0.513835 0.00790111
1 0.711549 0.342885 0.576903 0.680853 0.00781007
2 0.886639 0.113308 0.146824 0.0810618 0.00771429
2 0.939784 0.0589023 0.110755 0.115103 0.00755314
0 0.220487 0.839828 0.430436 0.30121 0.0075221
1 0.891662 0.27132 0.216677 0.541303 0.00724401
1 0.605426 0.138338 0.789148 0.2743 0.0059903
1 0.412483 0.324484 0.787305 0.636178 0.00565512
0 0.951719 0.179492 0.0473791 0.0252841 0.00550942
0 0.487384 0.713379 0.893426 0.549233 0.0053608
1 0.606407 0.201471 0.603764 0.391564 0.00513026
1 0.673401 0.0898056 0.630399 0.178703 0.00508513
2 0.899951 0.078376 0.200099 0.156752 0.00499254
1 0.531533 0.103032 0.872491 0.205114 0.00496922
0 0.0683467 0.791096 0.126355 0.175466 0.00487138
2 0.731495 0.680112 0.503423 0.36513 0.004833
2 0.533654 0.755889 0.795103 0.460952 0.00464967
0 0.150651 0.713006 0.301301 0.562155 0.00441646
0 0.085575 0.721813 0.17115 0.538379 0.00440555
0 0.192346 0.748578 0.384693 0.482951 0.00418899
2 0.621535 0.453824 0.698606 0.907648 0.00416456
2 0.964027 0.988024 0.0658221 0.0225281 0.00377592
0 0.728065 0.115752 0.0309672 0.0398523 0.00375266
2 0.284387 0.0299833 0.42476 0.058129 0.00349767
0 0.94601 0.0514812 0.09799 0.101028 0.00345563
0 0.336032 0.981494 0.0458544 0.0302717 0.0034425
1 0.841866 0.108045 0.297511 0.125513 0.00330655
2 0.602556 0.695695 0.718799 0.359502 0.00327145
1 0.718601 0.739211 0.299607 0.234415 0.00312924
0 0.957878 0.180707 0.0620749 0.0286326 0.00306401
0 0.250418 0.768755 0.499682 0.451018 0.00304977
0 0.0935153 0.739026 0.0761818 0.056565 0.0030164
0 0.969283 0.980496 0.0590767 0.0379253 0.00298774
2 0.451017 0.807387 0.855044 0.382099 0.00298254
1 0.790921 0.368487 0.418157 0.736975 0.00297785
0 0.414558 0.0656765 0.608886 0.127959 0.00289042
0 0.11144 0.87121 0.22288 0.257581 0.00287602
1 0.476792 0.07595 0.785216 0.14907 0.00286422
1 0.301061 0.0257632 0.525431 0.0494127 0.00284547
0 0.325364 0.0626074 0.425318 0.121946 0.00283367
0 0.0494968 0.851351 0.0989936 0.186031 0.00276901
0 0.253749 0.404077 0.494497 0.795141 0.0027635
0 0.111868 0.638403 0.223737 0.695409 0.00274053
0 0.464755 0.196637 0.324496 0.378716 0.00271956
1 0.364816 0.272846 0.618459 0.535496 0.00271163
0 0.398442 0.126363 0.526937 0.24611 0.00270308
0 0.153174 0.415543 0.306349 0.723344 0.00269271
0 0.348143 0.981848 0.179341 0.0354284 0.00267694
2 0.547133 0.171186 0.493201 0.333713 0.00266067
1 0.487739 0.837323 0.799808 0.324179 0.00265013
0 0.276584 0.0808135 0.431974 0.159612 0.00264198
0 0.28017 0.318843 0.560341 0.625277 0.00263998
0 0.538848 0.127918 0.755296 0.248369 0.0026209
0 0.206914 0.344957 0.386022 0.673019 0.0026179
0 0.296968 0.0320073 0.43366 0.0622624 0.00261707
1 0.924186 0.125781 0.144845 0.251562 0.00260769
1 0.738686 0.919327 0.520601 0.161059 0.00259363
0 0.733676 0.113356 0.0436635 0.0392606 0.00253997
0 0.183562 0.636129 0.367123 0.707529 0.00253322
0 0.183856 0.854818 0.367712 0.290363 0.00250693
0 0.446271 0.437136 0.892542 0.870312 0.00250391
0 0.362527 0.178398 0.43051 0.347598 0.00250052
0 0.14665 0.562589 0.2933 0.795606 0.00248745
1 0.472361 0.934054 0.822189 0.131892 0.00248315
0 0.41119 0.210089 0.420287 0.40418 0.00248115
0 0.0638836 0.870954 0.118547 0.201041 0.00247902
0 0.249112 0.713523 0.498225 0.55635 0.00246482
1 0.757097 0.950522 0.485806 0.0989563 0.00246027
2 0.76841 0.713088 0.451995 0.294897 0.00245174
0 0.442559 0.793255 0.885118 0.410439 0.00244072
0 0.749608 0.944244 0.500785 0.111511 0.00241145
1 0.772435 0.84371 0.442225 0.31258 0.00239506
0 0.693138 0.429996 0.613723 0.852394 0.00239055
0 0.0938612 0.0926987 0.187722 0.185397 0.00236803
0 0.313916 0.431073 0.627833 0.853504 0.00234998
0 0.0941435 0.203436 0.188287 0.281323 0.00234581
1 0.562989 0.800626 0.642542 0.395169 0.00234347
0 0.792339 0.394034 0.415323 0.743825 0.00233456
0 0.391042 0.835383 0.782084 0.321547 0.00230676
0 0.119727 0.300719 0.239454 0.461207 0.0023026
0 0.0708475 0.158209 0.141695 0.258975 0.00229673
0 0.379453 0.260383 0.581873 0.51242 0.00228528
0 0.170945 0.0932994 0.306552 0.186599 0.00228032
0 0.269431 0.173019 0.389808 0.326661 0.00227755
0 0.175871 0.450182 0.3478 0.886994 0.00227464
0 0.073786 0.117598 0.147572 0.228469 0.00223217
0 0.291812 0.900628 0.583624 0.198585 0.00221547
0 0.217748 0.203196 0.301266 0.364109 0.00221497
1 0.559618 0.919378 0.761442 0.161064 0.00218901
0 0.0688889 0.738546 0.120266 0.0738061 0.00218674
1 0.659873 0.829647 0.504512 0.340706 0.00218306
0 0.428732 0.931558 0.758747 0.136884 0.00216736
1 0.607449 0.856085 0.627232 0.285492 0.00215072
0 0.218218 0.129113 0.383525 0.252183 0.00211143
2 0.781291 0.893287 0.437418 0.21142 0.00210002
0 0.166257 0.20215 0.288526 0.323825 0.00209445
0 0.772984 0.889793 0.454033 0.220415 0.00209109
2 0.74589 0.737441 0.50822 0.356994 0.00208356
0 0.739003 0.437435 0.521994 0.746094 0.00206096
2 0.742442 0.813349 0.40586 0.356894 0.00205607
0 0.46134 0.587949 0.855903 0.800537 0.00205352
0 0.171623 0.290105 0.31466 0.53785 0.00205263
2 0.458068 0.143161 0.273545 0.272786 0.00205121
2 0.955168 0.0792188 0.0807655 0.158438 0.00200795
0 0.24497 0.587671 0.48994 0.792862 0.00198909
0 0.06559 0.783387 0.13118 0.29606 0.00198654
2 0.778834 0.772073 0.43444 0.326325 0.00197088
2 0.778259 0.847402 0.443482 0.305196 0.0019673
0 0.348018 0.982578 0.0778363 0.0333798 0.00196621
2 0.621678 0.745595 0.597846 0.369099 0.00196393
2 0.943266 0.967466 0.108153 0.0650672 0.00196271
1 0.906636 0.164796 0.175829 0.329592 0.00193904
0 0.705662 0.555912 0.588675 0.647937 0.00193491
0 0.392585 0.979734 0.366673 0.0395138 0.00191962
1 0.798018 0.730574 0.403965 0.259426 0.00186355
2 0.913764 0.108884 0.16067 0.0883922 0.00183667
2 0.650358 0.80562 0.521265 0.387439 0.00183106
1 0.723508 0.784831 0.299974 0.12831 0.00183028
0 0.437705 0.86952 0.771164 0.25884 0.00182851
0 0.716281 0.7219 0.31605 0.254126 0.00178967
2 0.831345 0.0812718 0.324817 0.162297 0.00177279
0 0.331838 0.0501473 0.531579 0.0928973 0.0016497
0 0.881357 0.987016 0.237287 0.0259565 0.00160369
2 0.311154 0.0500799 0.562781 0.0974227 0.00157428
1 0.774082 0.0317641 0.451837 0.0623625 0.00157024
1 0.903981 0.160389 0.192038 0.320777 0.00156669
0 0.0514421 0.829811 0.102884 0.123543 0.00155274
1 0.461992 0.157329 0.27449 0.298498 0.00152191
0 0.310508 0.981746 0.209116 0.0356705 0.00151439
0 0.265661 0.0252666 0.451568 0.0488896 0.0014982
1 0.84843 0.150354 0.281022 0.207213 0.00149596
0 0.068975 0.283652 0.036471 0.035006 0.00145102
1 0.962262 0.118679 0.0715585 0.237358 0.00144928
0 0.317172 0.972922 0.479827 0.0536808 0.00142925
2 0.327262 0.0715736 0.502708 0.138531 0.00140942
2 0.445834 0.109518 0.244732 0.19521 0.00140473
1 0.890497 0.112521 0.149552 0.0784156 0.00140046
0 0.910771 0.98317 0.174706 0.0334469 0.00140014
0 0.830644 0.106584 0.249314 0.0781382 0.00136648
0 0.130487 0.842511 0.260973 0.292673 0.00135575
0 0.290261 0.962242 0.518222 0.0753605 0.00134081
0 0.649854 0.736133 0.391565 0.225582 0.0012543
2 0.657556 0.612883 0.608424 0.227973 0.0012105
0 0.958786 0.186453 0.0648918 0.0413597 0.00120737
2 0.720225 0.749117 0.292557 0.212273 0.00118712
0 0.724432 0.107737 0.0303362 0.0329987 0.0011727
2 0.471505 0.116696 0.338616 0.217238 0.00116945
1 0.834687 0.135372 0.299098 0.152576 0.00116694
0 0.617011 0.647927 0.644761 0.306569 0.0011446
0 0.0884144 0.915042 0.165246 0.154624 0.00113976
2 0.965451 0.979898 0.069099 0.0402041 0.00113073
2 0.956172 0.0592299 0.0876564 0.11846 0.00112166
0 0.0619052 0.905467 0.12381 0.134617 0.00110804
0 0.478727 0.967874 0.486755 0.0637447 0.00110285
2 0.651984 0.555419 0.62711 0.186461 0.00109604
0 0.444781 0.0963666 0.246164 0.169859 0.00109335
0 0.0627529 0.840796 0.125506 0.318407 0.00109003
1 0.25849 0.0437155 0.481597 0.0828418 0.00107555
1 0.74139 0.661443 0.415097 0.329363 0.00106942
0 0.0657441 0.708167 0.131488 0.330856 0.00106911
0 0.0444713 0.286924 0.0858855 0.0617048 0.00106026
0 0.0423448 0.848629 0.0846896 0.252071 0.00105147
1 0.850272 0.740947 0.299455 0.244407 0.00104656
2 0.424563 0.0844144 0.215431 0.148066 0.00104283
0 0.140559 0.795057 0.281119 0.200625 0.00103394
1 0.852915 0.187028 0.265083 0.362289 0.00102844
0 0.660751 0.505534 0.60387 0.234445 0.00101724
2 0.961205 0.0394125 0.0671216 0.0770121 0.00101545
0 0.477965 0.0729633 0.364092 0.13682 0.00101488
0 0.118707 0.895414 0.224865 0.1745 0.00101179
2 0.703307 0.581911 0.486048 0.164128 0.000995886
1 0.841986 0.791076 0.311275 0.193933 0.000995134
0 0.44491 0.0472625 0.611429 0.0892549 0.000993458
0 0.773563 0.193444 0.0356383 0.065046 0.000992615
0 0.486052 0.79731 0.478861 0.215207 0.000989814
0 0.215546 0.939593 0.390865 0.11975 0.000988983
2 0.362884 0.0916005 0.345068 0.160788 0.000980309
0 0.378911 0.959304 0.484212 0.0809428 0.000978231
2 0.505831 0.962714 0.533366 0.074199 0.000976911
0 0.289531 0.943885 0.409508 0.110142 0.000969894
2 0.477321 0.146953 0.39381 0.286835 0.000964299
2 0.80622 0.725988 0.387561 0.224294 0.000961309
1 0.724933 0.829377 0.316981 0.242428 0.00094613
0 0.830603 0.133673 0.265633 0.118441 0.000943182
2 0.661592 0.327776 0.402547 0.254514 0.000935493
0 0.92505 0.155288 0.143016 0.0803636 0.000930965
0 0.653533 0.458506 0.479238 0.265546 0.000929697
1 0.823133 0.173326 0.291351 0.221766 0.000929028
0 0.0607497 0.712551 0.121499 0.505055 0.000921282
0 0.175036 0.883223 0.339252 0.233554 0.000919322
1 0.977999 0.169619 0.0440018 0.326262 0.000916595
0 0.957303 0.0550812 0.0853939 0.110162 0.000909398
0 0.422648 0.0776741 0.19541 0.142329 0.000907525
0 0.229088 0.908834 0.37692 0.182333 0.000905257
0 0.502707 0.0387985 0.604523 0.0739049 0.000904738
1 0.687094 0.754442 0.310507 0.180293 0.000900856
0 0.21297 0.959213 0.425939 0.0815733 0.000900599
2 0.858883 0.739948 0.279332 0.243092 0.000900239
0 0.054829 0.804125 0.109658 0.16693 0.000897748
0 0.380654 0.0401567 0.583066 0.0803134 0.000896557
0 0.931153 0.979031 0.137694 0.0418043 0.000895938
0 0.29638 0.92 0.375527 0.16 0.000895207
0 0.129084 0.747417 0.244426 0.098358 0.000891661
2 0.881527 0.966165 0.236945 0.0676705 0.000890521
1 0.746034 0.316086 0.204393 0.211223 0.000889532
0 0.653292 0.379518 0.397152 0.248721 0.00088788
1 0.298111 0.0806175 0.525778 0.154226 0.000883956
2 0.771973 0.653992 0.351846 0.323038 0.000883292
0 0.818534 0.153982 0.26569 0.162817 0.000882062
2 0.15863 0.959815 0.313961 0.0801014 0.000880428
0 0.481369 0.0999904 0.36159 0.181655 0.000878955
0 0.823713 0.19786 0.284503 0.331751 0.0008757
0 0.448738 0.778391 0.470024 0.276493 0.000872358
2 0.722554 0.785692 0.297823 0.12485 0.000868927
0 0.517738 0.744055 0.50558 0.264663 0.000868262
0 0.602067 0.695598 0.524738 0.315783 0.000864104
0 0.0669188 0.688085 0.133838 0.183731 0.000863242
0 0.200416 0.0273654 0.387706 0.0535314 0.000862888
0 0.623479 0.333753 0.309772 0.241042 0.000862842
2 0.7563 0.269333 0.184989 0.219337 0.000859469
2 0.963526 0.0918621 0.0654822 0.183724 0.000857913
0 0.136211 0.926366 0.266802 0.141117 0.000857502
0 0.355642 0.886503 0.306801 0.113011 0.000854431
0 0.402218 0.793636 0.41069 0.221195 0.000847354
0 0.407087 0.885235 0.286698 0.10194 0.000847095
0 0.354246 0.925856 0.336717 0.148288 0.00084617
1 0.865652 0.962464 0.267383 0.0750728 0.000841581
1 0.82423 0.958336 0.351541 0.0833277 0.00083872
0 0.298732 0.890914 0.355584 0.150394 0.000834826
0 0.466618 0.610982 0.28135 0.302526 0.000834242
2 0.745319 0.31444 0.21927 0.204746 0.000834087
0 0.492123 0.820048 0.377695 0.161719 0.000830007
2 0.682992 0.555867 0.525258 0.131954 0.000829094
0 0.67059 0.435456 0.355718 0.302525 0.000827425
0 0.313149 0.850234 0.338699 0.148692 0.000826359
1 0.785746 0.780238 0.210213 0.138143 0.000824611
0 0.552938 0.284721 0.21219 0.297298 0.000824018
0 0.656223 0.333056 0.427784 0.268783 0.000823264
0 0.759762 0.441648 0.268727 0.259569 0.000823044
0 0.496338 0.916087 0.370533 0.167826 0.000821723
0 0.0911124 0.958801 0.182225 0.0823973 0.000821524
0 0.0487362 0.318569 0.0974724 0.393011 0.000820916
0 0.360239 0.844513 0.309761 0.119285 0.000820699
0 0.383006 0.94332 0.384151 0.111071 0.000819299
0 0.368719 0.717394 0.424596 0.21714 0.000817168
1 0.911253 0.928068 0.177494 0.143729 0.000814933
2 0.942349 0.92112 0.114627 0.15776 0.000813372
0 0.486315 0.125362 0.429653 0.243096 0.000811734
2 0.628182 0.960976 0.611391 0.0777649 0.000802623
0 0.627716 0.561642 0.644982 0.148614 0.000801341
2 0.757146 0.960555 0.485709 0.0785795 0.000798365
0 0.722289 0.793395 0.299519 0.108745 0.000798359
0 0.819598 0.113259 0.291841 0.0556718 0.00079835
0 0.464677 0.161479 0.284046 0.285985 0.000798327
0 0.440235 0.901621 0.313901 0.124557 0.000794811
2 0.815273 0.0839236 0.332612 0.122472 0.000794676
1 0.778825 0.0752592 0.44235 0.143431 0.000794252
0 0.505435 0.496353 0.246196 0.261319 0.000794119
0 0.0330536 0.685675 0.0661072 0.514857 0.000793947
0 0.714013 0.827497 0.304786 0.177396 0.000793886
0 0.45863 0.565583 0.273109 0.284613 0.000793241
0 0.432929 0.92534 0.353012 0.149321 0.000793161
2 0.844167 0.95415 0.311666 0.0917008 0.000792987
0 0.0698102 0.907758 0.13962 0.184484 0.000792198
1 0.899171 0.12642 0.157319 0.14365 0.000786722
0 0.552715 0.913941 0.321763 0.172119 0.000786577
0 0.0517528 0.252475 0.103506 0.364477 0.000784989
0 0.41652 0.847011 0.250911 0.101023 0.000784364
0 0.705199 0.405141 0.296074 0.297032 0.00078199
0 0.74289 0.879302 0.34685 0.241395 0.000781592
0 0.18077 0.816085 0.361541 0.257212 0.000778285
1 0.848064 0.845776 0.303873 0.299629 0.000776894
0 0.452313 0.646162 0.227482 0.206005 0.000776309
0 0.724086 0.0285518 0.514664 0.0571035 0.000776061
