2 0.368083 0.421766 0.530988 0.348064 0.982711
1 0.569996 0.74103 0.479041 0.356826 0.971841
0 0.134897 0.219246 0.044141 0.0371 0.827483
0 0.0724123 0.129409 0.136489 0.0923218 0.490462
0 0.0930924 0.135884 0.0943402 0.0713836 0.402937
1 0.224902 0.713199 0.0996276 0.0519074 0.334463
1 0.941217 0.941872 0.116111 0.115752 0.280769
2 0.075912 0.128403 0.128328 0.092057 0.186877
2 0.0948368 0.135573 0.0946753 0.0769685 0.181459
2 0.223695 0.713885 0.0987071 0.048973 0.129395
2 0.943196 0.939964 0.113034 0.108642 0.101206
0 0.223502 0.713859 0.0999778 0.0510593 0.0833217
1 0.574804 0.814202 0.469997 0.275965 0.0625902
0 0.149574 0.527194 0.0408527 0.0255574 0.0551525
1 0.887193 0.941232 0.225614 0.116582 0.0392213
1 0.573345 0.68566 0.491066 0.29541 0.0353562
1 0.529005 0.773921 0.558457 0.452157 0.0267281
2 0.939552 0.916066 0.118685 0.166276 0.0264552
0 0.944315 0.939322 0.111369 0.108139 0.0255605
1 0.479226 0.805242 0.761513 0.389516 0.0239132
1 0.285623 0.71387 0.23297 0.0561268 0.0215946
0 0.0127307 0.214512 0.0254615 0.0214973 0.0214759
2 0.0716011 0.117503 0.143202 0.121988 0.0205929
1 0.686931 0.792843 0.233981 0.253228 0.0182145
0 0.128832 0.130466 0.239308 0.0925808 0.0172787
1 0.478797 0.567594 0.684075 0.567756 0.0159752
1 0.823107 0.936697 0.353787 0.125983 0.0149205
1 0.941558 0.940572 0.116883 0.117767 0.0146992
0 0.0722494 0.145144 0.144499 0.132631 0.0144137
1 0.624585 0.837342 0.604664 0.325316 0.0141373
1 0.552401 0.763501 0.430483 0.161264 0.0133651
1 0.320355 0.715894 0.306129 0.0656454 0.0124584
1 0.702944 0.923271 0.594112 0.152785 0.011867
1 0.486717 0.725964 0.720814 0.354311 0.0102055
2 0.459349 0.565248 0.705516 0.654237 0.00984471
1 0.940815 0.931554 0.118371 0.135595 0.00944199
1 0.771051 0.898568 0.457899 0.201476 0.00944038
0 0.377632 0.464708 0.518199 0.258693 0.00849701
1 0.475251 0.862294 0.753126 0.275324 0.00828417
0 0.216552 0.714526 0.081358 0.043505 0.00799043
1 0.20008 0.705244 0.150636 0.0686892 0.00793693
1 0.876074 0.891455 0.247851 0.215875 0.00769886
2 0.238878 0.712789 0.0682618 0.050421 0.00739144
0 0.072361 0.0910578 0.144722 0.176324 0.00730959
1 0.700585 0.830131 0.198445 0.166446 0.00719227
2 0.0598224 0.120819 0.119645 0.0833573 0.00718485
1 0.34255 0.800654 0.413919 0.397916 0.00698325
1 0.464162 0.919517 0.753274 0.160966 0.00645426
1 0.673897 0.777015 0.652205 0.44597 0.0063271
2 0.353566 0.369267 0.501882 0.247067 0.00629079
1 0.257571 0.732666 0.176883 0.0966404 0.0062406
0 0.0394335 0.850907 0.078867 0.0590565 0.00601062
1 0.635698 0.67068 0.342263 0.223962 0.00597356
1 0.788524 0.787048 0.422952 0.425904 0.00582468
2 0.12849 0.219572 0.0602505 0.0390082 0.00576251
0 0.0925779 0.169209 0.177155 0.165049 0.00541265
0 0.228712 0.142296 0.0980042 0.0773029 0.00536096
0 0.369982 0.376829 0.549479 0.276391 0.00535179
2 0.484821 0.470113 0.765446 0.453414 0.00524027
2 0.402921 0.463811 0.480936 0.259155 0.0049869
1 0.230861 0.730106 0.113654 0.0913194 0.00491266
0 0.183805 0.178547 0.361879 0.180924 0.00472861
0 0.0136292 0.218497 0.0272585 0.0302726 0.00460054
0 0.249212 0.258555 0.0307934 0.0238323 0.00454748
2 0.942099 0.956459 0.115803 0.087081 0.00437266
1 0.219788 0.677714 0.104059 0.12733 0.00424977
0 0.785324 0.0481201 0.0385234 0.0296528 0.0041859
1 0.592833 0.764308 0.492715 0.210985 0.00416969
1 0.581039 0.621544 0.478774 0.263117 0.00415127
1 0.339797 0.935934 0.622384 0.128049 0.00412447
0 0.413675 0.885488 0.0319622 0.0243996 0.00411987
2 0.0772563 0.157425 0.154513 0.158031 0.00408111
1 0.234371 0.827482 0.420618 0.343065 0.0039648
0 0.228681 0.19702 0.455673 0.221694 0.0038638
0 0.235014 0.14962 0.121557 0.0927537 0.00382384
0 0.0997114 0.112229 0.188609 0.224458 0.00374496
1 0.185161 0.717313 0.185334 0.0709442 0.00368452
1 0.601365 0.819188 0.402206 0.193384 0.00364508
1 0.207472 0.864159 0.367731 0.265242 0.00354407
1 0.218429 0.929775 0.414244 0.140141 0.00352794
0 0.194368 0.12512 0.386542 0.248295 0.00345576
0 0.265349 0.206455 0.494981 0.318181 0.00342199
0 0.13737 0.224119 0.0544584 0.049121 0.00338046
0 0.465981 0.408061 0.821986 0.32974 0.00330682
0 0.264306 0.151462 0.184425 0.0982158 0.00329707
1 0.323795 0.747991 0.323789 0.134414 0.00325911
1 0.939476 0.886503 0.121048 0.226993 0.0032153
0 0.0789878 0.121925 0.157976 0.238385 0.0031814
1 0.943969 0.95434 0.112062 0.0819378 0.00317577
2 0.703799 0.734866 0.592402 0.362636 0.00312795
1 0.352037 0.699202 0.453923 0.417543 0.00307887
0 0.261218 0.27164 0.446356 0.37074 0.00302881
0 0.352901 0.00776385 0.125967 0.0155277 0.00299851
0 0.250575 0.990355 0.138236 0.019172 0.00299826
0 0.137957 0.210505 0.0542066 0.0547237 0.00298838
2 0.937924 0.871325 0.124151 0.257351 0.00297148
0 0.129536 0.219785 0.233595 0.256979 0.00296929
0 0.209286 0.290597 0.0309128 0.0236021 0.00296352
0 0.105884 0.233909 0.211769 0.237612 0.00293471
0 0.210573 0.234239 0.371001 0.292824 0.00293367
2 0.0249564 0.158009 0.0499129 0.138848 0.00293306
0 0.0759171 0.169646 0.151834 0.140692 0.00293101
0 0.145283 0.218872 0.0673758 0.0391171 0.00290105
0 0.242816 0.984352 0.122533 0.0311457 0.00288096
1 0.0819268 0.172227 0.160444 0.140472 0.00284281
0 0.393722 0.202734 0.779224 0.400359 0.00279325
0 0.127228 0.0888256 0.249457 0.177651 0.00276651
0 0.48727 0.368025 0.718275 0.28876 0.00273571
0 0.0189664 0.0894711 0.0379327 0.08688 0.00271045
0 0.424321 0.327997 0.672889 0.26817 0.00269922
0 0.78476 0.757183 0.43048 0.485634 0.00269219
0 0.330159 0.138454 0.553506 0.273367 0.00268092
0 0.362535 0.261728 0.643262 0.391642 0.00267312
0 0.0946491 0.0961813 0.189298 0.192363 0.00266525
0 0.886305 0.113156 0.227389 0.226313 0.00265201
0 0.181862 0.0880527 0.350146 0.175082 0.00264712
1 0.172289 0.822718 0.326695 0.34594 0.00262906
1 0.143671 0.940875 0.287341 0.11825 0.00260727
2 0.0439827 0.112099 0.0879653 0.064896 0.0025939
0 0.89027 0.675494 0.219459 0.456018 0.00258888
1 0.128746 0.220916 0.0628426 0.0402234 0.00256832
1 0.177064 0.741131 0.216116 0.132111 0.00256683
1 0.714167 0.851328 0.170725 0.124443 0.00252387
0 0.913194 0.125459 0.173612 0.250918 0.00251894
0 0.30204 0.0801966 0.487903 0.158623 0.00251684
0 0.619041 0.554851 0.657542 0.559507 0.0025135
0 0.857313 0.098435 0.277539 0.193779 0.00249889
0 0.422302 0.144631 0.769587 0.286119 0.00246961
0 0.031829 0.110523 0.0636581 0.0582695 0.00246392
0 0.283797 0.339406 0.465355 0.239495 0.00245787
0 0.123541 0.26516 0.247082 0.247786 0.00245463
0 0.408573 0.0914733 0.637698 0.181395 0.0024373
0 0.868868 0.592517 0.262264 0.484918 0.0024256
0 0.13402 0.756758 0.26804 0.307012 0.00242305
1 0.162424 0.873128 0.307761 0.241256 0.00240873
0 0.123417 0.219807 0.0755827 0.0415088 0.00237451
0 0.777426 0.642691 0.445148 0.328069 0.00235535
0 0.534515 0.0988851 0.57566 0.195723 0.0023407
1 0.396225 0.536014 0.602777 0.51028 0.00233537
2 0.673266 0.629728 0.653468 0.369543 0.00233528
0 0.136073 0.661905 0.272145 0.308175 0.00232793
0 0.382637 0.582052 0.599601 0.455612 0.00230523
0 0.797278 0.0977035 0.372464 0.19266 0.00230193
1 0.139994 0.833486 0.279987 0.315946 0.00229436
0 0.114708 0.60626 0.229416 0.307412 0.00229374
0 0.0802338 0.540253 0.160468 0.265831 0.00228484
0 0.766378 0.703519 0.467244 0.357922 0.00227564
0 0.884741 0.121627 0.203794 0.239074 0.00227055
1 0.316696 0.692092 0.30766 0.109391 0.00225991
0 0.0659725 0.421449 0.131945 0.20658 0.00225702
0 0.70788 0.0916913 0.475342 0.17985 0.00225382
0 0.0756765 0.375704 0.151353 0.206545 0.0022493
0 0.0622731 0.472434 0.124546 0.226543 0.00224652
0 0.519559 0.190489 0.725978 0.374509 0.00224457
0 0.562087 0.145273 0.616706 0.287649 0.00223834
0 0.0297643 0.0922416 0.0595287 0.0889529 0.00223706
0 0.103645 0.328488 0.20729 0.232104 0.0022315
1 0.139663 0.898729 0.279326 0.181458 0.0022288
0 0.0405673 0.823939 0.0811346 0.114541 0.00221401
0 0.217263 0.619342 0.397244 0.376666 0.0022122
0 0.611713 0.364355 0.620516 0.317715 0.00218694
0 0.668432 0.451524 0.62896 0.398506 0.00218366
0 0.190802 0.690484 0.348016 0.371977 0.002161
0 0.170268 0.755692 0.310354 0.39194 0.00215673
0 0.339837 0.71584 0.544558 0.370089 0.00215629
2 0.593055 0.614354 0.199407 0.109106 0.00215405
0 0.920816 0.205607 0.158368 0.365872 0.00215293
0 0.268356 0.575092 0.494328 0.394473 0.00214852
0 0.0190421 0.109785 0.0380843 0.125633 0.00213204
1 0.15871 0.686711 0.237474 0.116415 0.00212827
0 0.674774 0.142659 0.437512 0.279764 0.00212243
0 0.0449218 0.111244 0.0898436 0.0674905 0.00211636
0 0.861845 0.474472 0.276309 0.429738 0.00209585
0 0.722392 0.371338 0.534194 0.326352 0.00208977
0 0.0994144 0.143443 0.0743733 0.060055 0.0020873
0 0.882944 0.360419 0.234111 0.388939 0.00208178
0 0.846408 0.138581 0.267041 0.27137 0.0020757
2 0.10652 0.142127 0.0615946 0.0608389 0.0020693
0 0.770076 0.139054 0.392433 0.269386 0.00206748
0 0.905138 0.306452 0.189724 0.389134 0.00206428
0 0.22056 0.985296 0.190571 0.0291731 0.00204776
2 0.730997 0.851044 0.133217 0.124215 0.00204537
0 0.647371 0.619195 0.313983 0.118379 0.00203666
1 0.653221 0.737097 0.30806 0.329238 0.00201999
0 0.658191 0.216741 0.528472 0.393888 0.00201441
0 0.747781 0.314395 0.480043 0.328525 0.00200796
0 0.752278 0.563351 0.495443 0.401198 0.00200659
0 0.736227 0.479516 0.499526 0.395276 0.00200069
1 0.648038 0.626215 0.316237 0.134053 0.00199014
0 0.778588 0.423315 0.414362 0.360051 0.00198983
0 0.295803 0.421875 0.544335 0.233508 0.00198451
0 0.801661 0.185612 0.354293 0.335706 0.00197636
0 0.804883 0.371238 0.360165 0.328135 0.00196576
0 0.282075 0.376714 0.515045 0.223604 0.00196427
0 0.157714 0.156867 0.300228 0.129466 0.00196211
0 0.827323 0.417259 0.338426 0.271475 0.00195102
0 0.833791 0.365362 0.325801 0.266378 0.0019485
2 0.148981 0.450632 0.071451 0.0628487 0.00194138
0 0.805325 0.472414 0.382232 0.313932 0.00193992
0 0.860846 0.184486 0.244984 0.334891 0.0019335
0 0.299243 0.470804 0.552592 0.2824 0.00191405
0 0.326871 0.305158 0.28048 0.117097 0.00191189
0 0.406134 0.00988936 0.240252 0.0197787 0.00190169
0 0.843698 0.319347 0.304735 0.275195 0.00188865
0 0.23334 0.171344 0.287142 0.141634 0.00187519
0 0.282105 0.990239 0.166342 0.0191536 0.00187319
0 0.823996 0.268081 0.325777 0.371778 0.00183723
0 0.858554 0.266352 0.270572 0.302286 0.00183283
2 0.0126086 0.218592 0.0252173 0.0324544 0.00182235
1 0.835449 0.896141 0.327897 0.207719 0.00180015
1 0.216013 0.735262 0.158539 0.101536 0.00178848
0 0.0141697 0.206913 0.0283395 0.0459248 0.00178081
0 0.208035 0.141964 0.162929 0.0823839 0.00176647
1 0.506442 0.760623 0.33906 0.139432 0.00175862
2 0.186635 0.443735 0.155539 0.0791604 0.00174247
2 0.709218 0.845999 0.186436 0.130647 0.00167708
0 0.336018 0.188776 0.0376941 0.0208588 0.00167422
0 0.290631 0.279475 0.205561 0.06463 0.00167
0 0.0217576 0.213567 0.0435152 0.0295085 0.00164689
1 0.450358 0.762272 0.225729 0.132852 0.00164558
2 0.0427349 0.830918 0.0846948 0.0997926 0.00163556
1 0.267297 0.783805 0.217309 0.241768 0.00161981
0 0.337487 0.421966 0.46991 0.160989 0.00161012
1 0.67496 0.702075 0.264902 0.289325 0.00155801
0 0.0526972 0.0684789 0.105394 0.136958 0.00154787
0 0.333072 0.188499 0.0447611 0.025686 0.00154336
0 0.781823 0.0317318 0.436354 0.0627999 0.00152235
2 0.46718 0.467505 0.344813 0.252529 0.00149231
1 0.292612 0.679557 0.256652 0.132589 0.0014902
1 0.798104 0.834382 0.352017 0.162991 0.00148376
0 0.0253416 0.101299 0.0506833 0.049849 0.00148238
0 0.68154 0.0285072 0.307805 0.056232 0.00147729
2 0.536245 0.448612 0.201576 0.178293 0.00146388
0 0.767275 0.0441928 0.078017 0.0428385 0.00144367
2 0.0733285 0.12896 0.146657 0.257919 0.00144283
0 0.325703 0.00839944 0.252685 0.0167989 0.00144048
2 0.255974 0.673441 0.181828 0.136878 0.0014164
0 0.222406 0.700249 0.0964457 0.0917975 0.00141125
0 0.212172 0.299274 0.0408918 0.0461152 0.00141112
0 0.144343 0.0424023 0.288685 0.0848046 0.00140463
1 0.937787 0.883559 0.124426 0.232881 0.00140076
1 0.730442 0.764921 0.152289 0.319825 0.00139423
0 0.215834 0.221068 0.198136 0.0383531 0.00139242
0 0.951295 0.378835 0.0923704 0.0682874 0.00138599
0 0.498416 0.0300791 0.41631 0.0588118 0.00138321
2 0.300368 0.986881 0.272169 0.0254236 0.00137576
1 0.940336 0.855735 0.119327 0.288531 0.00137108
0 0.369673 0.0153894 0.328194 0.029138 0.00136179
0 0.152421 0.529709 0.0496778 0.0324425 0.00135745
1 0.715023 0.733525 0.184481 0.326601 0.00135026
0 0.222845 0.726776 0.107256 0.0756031 0.00134813
0 0.72313 0.849212 0.151032 0.120921 0.00132504
0 0.531237 0.699574 0.390613 0.271432 0.00131647
1 0.7703 0.848692 0.298687 0.136985 0.00131077
0 0.443366 0.0194769 0.370642 0.037507 0.00130928
1 0.716967 0.871287 0.186952 0.177741 0.00130814
2 0.0744151 0.174759 0.14883 0.215342 0.0013031
1 0.325066 0.988963 0.29402 0.0213734 0.00128779
0 0.730388 0.0332878 0.356703 0.065835 0.00126357
2 0.0590793 0.815453 0.118159 0.140891 0.00125446
0 0.0978856 0.0695874 0.195771 0.139023 0.00124195
0 0.446054 0.509885 0.398373 0.163511 0.00123667
1 0.734678 0.702701 0.142825 0.287211 0.00123313
0 0.225978 0.123871 0.0485233 0.0401678 0.00123234
0 0.642138 0.0283306 0.555469 0.0559035 0.00123233
1 0.69198 0.66839 0.229276 0.216834 0.00123137
0 0.0486054 0.799334 0.0972109 0.173439 0.00123012
2 0.228984 0.699923 0.0867605 0.0950649 0.00122004
1 0.344491 0.741082 0.417704 0.153104 0.00121354
1 0.234366 0.759807 0.143043 0.188859 0.00121145
0 0.342112 0.0153914 0.216392 0.0304791 0.00120117
2 0.0239899 0.184866 0.0479797 0.10504 0.00116837
1 0.140841 0.722485 0.281126 0.195602 0.00116197
1 0.737714 0.889002 0.2394 0.221997 0.0011587
0 0.956183 0.375253 0.0802858 0.130961 0.00115351
0 0.125462 0.25185 0.178264 0.118556 0.00115025
0 0.224445 0.286705 0.0645613 0.0475259 0.00114576
0 0.0155685 0.593765 0.031137 0.0501109 0.00114239
0 0.311894 0.0259921 0.396664 0.0509526 0.00114172
0 0.0632441 0.955946 0.126488 0.0872642 0.00113962
1 0.354128 0.982066 0.35534 0.0357036 0.00113743
1 0.330016 0.769101 0.353629 0.202929 0.00113522
0 0.225875 0.133307 0.0867871 0.0598227 0.00112692
0 0.0453999 0.888592 0.0907998 0.217101 0.00112503
0 0.274936 0.137654 0.242754 0.137727 0.00111913
0 0.974311 0.920653 0.0513788 0.109229 0.00111814
2 0.0411616 0.850646 0.0823231 0.0602703 0.00111345
2 0.497051 0.438763 0.288997 0.253186 0.00110442
0 0.283358 0.0148217 0.309917 0.029276 0.00109554
0 0.452034 0.026004 0.418735 0.0503872 0.0010951
0 0.0162295 0.622904 0.032459 0.0856835 0.00109466
1 0.0725657 0.125579 0.145131 0.251158 0.00109225
0 0.237368 0.977319 0.290368 0.0448696 0.00108873
1 0.651791 0.836004 0.301615 0.158685 0.00107594
0 0.205292 0.292432 0.0396029 0.0304305 0.00106259
1 0.146426 0.6607 0.27488 0.167954 0.00105891
2 0.0750488 0.897137 0.150098 0.205727 0.00105752
0 0.962303 0.347666 0.0710984 0.174226 0.00105623
2 0.114741 0.959754 0.224864 0.0804249 0.00105213
0 0.611187 0.382804 0.0302479 0.0248667 0.00104631
