0 0.563286 0.400235 0.425899 0.534065 0.929641
0 0.729805 0.307778 0.0931578 0.130181 0.736875
0 0.394016 0.448525 0.0715522 0.100208 0.559722
0 0.620003 0.280312 0.328937 0.295624 0.463617
0 0.583378 0.183302 0.0788669 0.105247 0.373333
0 0.685003 0.560891 0.145524 0.218797 0.361587
0 0.604774 0.35435 0.352757 0.446625 0.306928
0 0.702621 0.608816 0.0921175 0.118976 0.264985
0 0.436869 0.492557 0.160968 0.191774 0.24104
0 0.570977 0.268238 0.226631 0.277654 0.218018
0 0.717243 0.319717 0.0649841 0.100309 0.213227
0 0.560105 0.48837 0.399718 0.353427 0.194661
0 0.703706 0.56423 0.100488 0.208216 0.18992
0 0.597532 0.435803 0.335595 0.466029 0.188814
0 0.457148 0.142337 0.0282457 0.0347213 0.165954
0 0.567315 0.169131 0.0453232 0.0750494 0.0887754
0 0.57519 0.179196 0.0608303 0.0954947 0.0799662
0 0.475052 0.48786 0.0740097 0.145637 0.0774464
0 0.602103 0.568761 0.054451 0.0828984 0.0730253
0 0.505209 0.332568 0.0907407 0.113412 0.0623086
0 0.677888 0.346182 0.206143 0.207672 0.0618072
0 0.753194 0.276419 0.0443782 0.0588587 0.0585772
0 0.607141 0.209256 0.128571 0.163663 0.0544865
0 0.731899 0.284735 0.0887694 0.0794018 0.0506437
0 0.743488 0.277364 0.0633046 0.0626917 0.0446776
0 0.613655 0.551462 0.304496 0.234159 0.0419121
0 0.73304 0.507241 0.0453016 0.0723347 0.0392658
0 0.638848 0.375808 0.114291 0.134071 0.0388502
0 0.512709 0.372871 0.317025 0.468318 0.0372526
0 0.601686 0.23522 0.141329 0.212176 0.0343153
0 0.598171 0.476583 0.353209 0.292781 0.032723
0 0.498035 0.20581 0.0275696 0.0468916 0.0317506
0 0.516372 0.344842 0.0645201 0.0890948 0.0277269
0 0.690781 0.541688 0.133312 0.166824 0.0260915
0 0.56074 0.494228 0.281379 0.234114 0.0235125
0 0.633294 0.489077 0.251486 0.354633 0.0223068
0 0.481272 0.492276 0.25323 0.197603 0.0219626
0 0.683064 0.520083 0.11281 0.128488 0.0214982
0 0.384438 0.454629 0.0533298 0.0802291 0.0175377
0 0.688841 0.372763 0.173292 0.273525 0.017213
0 0.720465 0.511094 0.0739774 0.0881252 0.0167301
0 0.527258 0.441214 0.350586 0.336312 0.0165372
0 0.71628 0.615286 0.065493 0.108082 0.0153044
0 0.53438 0.206676 0.18201 0.155698 0.0147615
0 0.401918 0.443711 0.0552078 0.0878065 0.0145951
0 0.460116 0.565958 0.0366072 0.0332008 0.0135631
0 0.583858 0.204663 0.0789909 0.133992 0.0133103
0 0.585921 0.535287 0.348605 0.291537 0.0115623
0 0.667141 0.405193 0.220395 0.351968 0.0114399
0 0.991753 0.468926 0.0161391 0.0698653 0.0107573
0 0.730381 0.643075 0.0374848 0.0515673 0.0107405
0 0.627345 0.341062 0.308254 0.248472 0.0107377
0 0.569041 0.347386 0.266783 0.268818 0.0101908
0 0.566513 0.1588 0.0428034 0.0573685 0.0101712
0 0.572736 0.323328 0.232994 0.130045 0.00942134
0 0.718736 0.631222 0.0633636 0.0774255 0.00926085
0 0.981042 0.494216 0.0379082 0.198928 0.00912668
0 0.655193 0.254083 0.396253 0.25412 0.00798637
0 0.766864 0.310133 0.168501 0.134051 0.00759799
0 0.486994 0.44162 0.272673 0.304238 0.0075847
0 0.595575 0.560292 0.0706726 0.102125 0.00754218
0 0.00969724 0.199765 0.0193945 0.206155 0.00750804
0 0.668114 0.293316 0.223835 0.183203 0.00743316
0 0.464183 0.493141 0.0989595 0.185078 0.00738777
0 0.726267 0.361277 0.103684 0.245166 0.007366
0 0.469823 0.54018 0.0698375 0.0866778 0.00692629
0 0.0860304 0.527515 0.171725 0.881924 0.00676357
0 0.0192222 0.269743 0.0384444 0.539485 0.00675621
0 0.574697 0.409757 0.278924 0.341446 0.00664152
0 0.99022 0.500975 0.0191256 0.12668 0.00649163
0 0.019898 0.401103 0.039796 0.682473 0.00647145
0 0.684943 0.451905 0.555567 0.483686 0.0063894
0 0.464032 0.144275 0.0430473 0.0376404 0.00627904
0 0.456078 0.550332 0.0399609 0.0624344 0.00618128
0 0.630502 0.212668 0.378466 0.339907 0.00611541
0 0.667267 0.610417 0.170877 0.116601 0.00605893
0 0.0520653 0.5036 0.103491 0.921393 0.00605366
0 0.645687 0.290419 0.0451977 0.0490807 0.00588964
0 0.0370567 0.379729 0.0737552 0.702277 0.00588333
0 0.519727 0.254258 0.294426 0.286775 0.00555715
0 0.980587 0.54654 0.0377569 0.435795 0.00549782
0 0.561968 0.59439 0.42983 0.522839 0.00539132
0 0.461022 0.398885 0.396327 0.416308 0.00535736
0 0.021749 0.59599 0.043498 0.700194 0.00521751
0 0.701576 0.509207 0.499104 0.325503 0.00521173
0 0.46998 0.369147 0.205664 0.213666 0.0051099
0 0.542254 0.169602 0.21686 0.339205 0.00497378
0 0.974569 0.471362 0.0507259 0.248161 0.00490588
0 0.946959 0.515237 0.105913 0.424187 0.00489651
0 0.951837 0.440796 0.0954011 0.409066 0.00485642
0 0.688851 0.692631 0.020136 0.0319082 0.00482627
0 0.529571 0.378652 0.284235 0.236826 0.00478722
0 0.98856 0.459104 0.0225154 0.11216 0.00476905
0 0.0444702 0.230836 0.0885987 0.451279 0.00464398
0 0.461533 0.544015 0.0516788 0.0772819 0.00449645
0 0.599084 0.1732 0.318765 0.346401 0.00447492
0 0.726764 0.631521 0.0442339 0.0752021 0.00445317
0 0.58772 0.309425 0.263974 0.30392 0.00443185
0 0.988779 0.516259 0.0219029 0.189685 0.00440461
0 0.0198629 0.669626 0.0397259 0.660748 0.00437258
0 0.980766 0.511747 0.0381186 0.303065 0.00434756
0 0.0945405 0.70193 0.18864 0.578321 0.00430622
0 0.976442 0.499237 0.0461818 0.477565 0.00430295
0 0.949093 0.603353 0.101813 0.478645 0.00425681
0 0.653692 0.564569 0.206515 0.20717 0.00417712
0 0.697289 0.594945 0.0868879 0.10647 0.00412818
0 0.010662 0.155053 0.021324 0.287252 0.00409941
0 0.502679 0.207581 0.0409002 0.0561507 0.00383681
0 0.552203 0.28197 0.387183 0.316003 0.00383555
0 0.0610896 0.18996 0.122098 0.37992 0.00377972
0 0.511769 0.304545 0.164264 0.169613 0.00374244
0 0.0134822 0.69609 0.0269644 0.316657 0.00371857
0 0.702504 0.627922 0.10031 0.146049 0.00371354
0 0.0118739 0.646602 0.0237479 0.319592 0.003697
0 0.650029 0.345961 0.090171 0.136998 0.00368151
0 0.117881 0.483554 0.235763 0.967108 0.00364787
0 0.495756 0.208872 0.0397431 0.0505795 0.00364502
0 0.407386 0.449437 0.0776341 0.103444 0.00361019
0 0.956075 0.332742 0.0877568 0.485885 0.00360015
0 0.928035 0.552037 0.143475 0.329689 0.00358859
0 0.529143 0.854678 0.472599 0.280666 0.00351739
0 0.579743 0.174884 0.0878071 0.137036 0.00350846
0 0.925343 0.471204 0.147672 0.335648 0.00350071
0 0.530322 0.495422 0.206824 0.208026 0.00346653
0 0.458067 0.323957 0.199334 0.134048 0.00344479
0 0.724288 0.284106 0.483836 0.242658 0.00335897
0 0.501768 0.909409 0.398366 0.169454 0.00334814
0 0.92844 0.620977 0.142605 0.411492 0.00334264
0 0.980559 0.448959 0.0387858 0.282137 0.00328187
0 0.727963 0.331715 0.510024 0.213341 0.00328186
0 0.622756 0.375371 0.149965 0.170776 0.00326209
0 0.201231 0.190475 0.0178302 0.0237017 0.00326143
0 0.913587 0.411956 0.169889 0.33802 0.00325987
0 0.738764 0.918602 0.0380302 0.0511959 0.00325497
0 0.42664 0.85358 0.447208 0.277109 0.00321623
0 0.945454 0.690132 0.109093 0.530098 0.00320871
0 0.0209103 0.75646 0.0418206 0.487081 0.00318547
0 0.684798 0.917692 0.386904 0.151637 0.00315513
0 0.0115867 0.363234 0.0231734 0.310827 0.00315304
0 0.538374 0.961301 0.38924 0.0773974 0.00313409
0 0.681136 0.963689 0.37885 0.0726221 0.00311662
0 0.0186158 0.18263 0.0370536 0.365261 0.00311235
0 0.11604 0.265799 0.23104 0.475531 0.00311085
0 0.575751 0.913127 0.388331 0.160883 0.00308731
0 0.187694 0.962275 0.342911 0.0754508 0.00308262
0 0.135724 0.643819 0.271448 0.687893 0.00305307
0 0.398806 0.904754 0.389568 0.176319 0.00304949
0 0.44336 0.961656 0.396533 0.076689 0.00304673
0 0.423515 0.709729 0.0364807 0.0413279 0.0030279
0 0.980331 0.462934 0.0379056 0.0741866 0.00300426
0 0.467786 0.158182 0.336579 0.316363 0.00299261
0 0.715596 0.282464 0.121232 0.185504 0.00297417
0 0.950065 0.202051 0.099869 0.396319 0.00296104
0 0.939073 0.150472 0.121854 0.300944 0.00295564
0 0.595036 0.750907 0.348317 0.485659 0.00294844
0 0.592749 0.863929 0.432809 0.257879 0.0029461
0 0.189896 0.907851 0.326687 0.169966 0.00293728
0 0.342148 0.962494 0.393495 0.075012 0.00293166
0 0.706166 0.870477 0.456594 0.24196 0.00291013
0 0.856404 0.943314 0.287193 0.113371 0.00290514
0 0.909424 0.131076 0.181152 0.262151 0.00287964
0 0.527028 0.164419 0.183878 0.104409 0.00287952
0 0.639388 0.246924 0.248977 0.248508 0.00287006
0 0.504236 0.608814 0.363649 0.441249 0.00285383
0 0.280988 0.912357 0.378617 0.160769 0.00283928
0 0.470373 0.484773 0.530612 0.325659 0.0028303
0 0.782779 0.963885 0.373336 0.0722295 0.002818
0 0.722195 0.637904 0.498308 0.403668 0.00281722
0 0.531742 0.176258 0.193236 0.145574 0.00281099
0 0.898405 0.355167 0.198346 0.363939 0.00279061
0 0.316904 0.852946 0.471465 0.275225 0.00278533
0 0.841908 0.965366 0.313692 0.0692674 0.00277797
0 0.880219 0.875547 0.238531 0.239302 0.00274817
0 0.642932 0.295783 0.0530823 0.0710287 0.0027474
0 0.925044 0.776103 0.149912 0.441956 0.00274232
0 0.468551 0.548258 0.0531999 0.070614 0.00274091
0 0.105803 0.163626 0.209757 0.327252 0.00273196
0 0.540512 0.0613363 0.284234 0.122673 0.00273009
0 0.908601 0.718669 0.181424 0.492634 0.00271883
0 0.899731 0.820641 0.198423 0.343237 0.00270217
0 0.792558 0.912665 0.369525 0.157525 0.00267237
0 0.203767 0.842352 0.372372 0.297535 0.00266691
0 0.152771 0.765378 0.304734 0.45672 0.00266432
0 0.0959799 0.793863 0.19144 0.382163 0.00266135
0 0.00955416 0.232963 0.0191083 0.295745 0.0026538
0 0.875538 0.0883144 0.239395 0.176629 0.00264591
0 0.13994 0.955701 0.27988 0.0885982 0.00263598
0 0.437134 0.0599143 0.317705 0.119829 0.00262076
0 0.133202 0.882563 0.266404 0.214022 0.00260715
0 0.141681 0.822059 0.281486 0.336718 0.00260138
0 0.473444 0.173528 0.0640869 0.100656 0.00259883
0 0.984574 0.43732 0.0302116 0.156693 0.00258958
0 0.413718 0.455551 0.590504 0.330982 0.00258644
0 0.654998 0.159628 0.418611 0.319256 0.00256279
0 0.26203 0.806977 0.522314 0.380221 0.00254765
0 0.458022 0.358736 0.571098 0.475453 0.00254468
0 0.585623 0.0562564 0.317333 0.112513 0.00253912
0 0.96418 0.399886 0.0710092 0.307475 0.00253164
0 0.389728 0.0502373 0.344956 0.100475 0.00252926
0 0.484239 0.543249 0.52294 0.381655 0.00251174
0 0.798431 0.856455 0.387124 0.263154 0.00251045
0 0.548581 0.781363 0.472236 0.434918 0.00250369
0 0.812651 0.357561 0.356466 0.219905 0.00248146
0 0.0456475 0.571586 0.0912378 0.612432 0.00247304
0 0.692492 0.508831 0.135316 0.0958892 0.00246142
0 0.892883 0.765845 0.213044 0.46831 0.00245253
0 0.907415 0.286835 0.178553 0.355312 0.00245091
0 0.852086 0.844371 0.293733 0.290075 0.0024493
0 0.407713 0.475327 0.110999 0.156654 0.00243549
0 0.0926724 0.928894 0.185345 0.142211 0.00243141
0 0.911569 0.130323 0.162433 0.244101 0.00242199
0 0.734384 0.832978 0.479136 0.330373 0.00239785
0 0.695406 0.442752 0.593377 0.344184 0.00238504
0 0.143344 0.0858863 0.286688 0.171773 0.00238147
0 0.108132 0.855304 0.216264 0.265664 0.00233997
0 0.83597 0.0551655 0.30094 0.110331 0.00233903
0 0.684844 0.449466 0.147388 0.284225 0.00233366
0 0.279423 0.0390669 0.408351 0.0781338 0.00233112
0 0.457623 0.14679 0.0311778 0.0452527 0.0023248
0 0.156576 0.510079 0.313152 0.865529 0.00232313
0 0.66862 0.0479175 0.38474 0.0958351 0.00231474
0 0.362641 0.405602 0.613382 0.430839 0.00231336
0 0.378144 0.428829 0.113057 0.13742 0.00231164
0 0.78131 0.045166 0.34187 0.0903319 0.00230945
0 0.806066 0.306234 0.36415 0.233128 0.00230843
0 0.979189 0.59298 0.0405021 0.580345 0.00230036
0 0.866177 0.669436 0.261963 0.406858 0.00229868
0 0.517718 0.64604 0.459221 0.508332 0.00229227
0 0.920987 0.19463 0.149897 0.277155 0.00228595
0 0.164773 0.0407968 0.316225 0.0815936 0.00228123
0 0.214688 0.037263 0.360814 0.074526 0.00227408
0 0.743707 0.584952 0.500529 0.292175 0.00227016
0 0.43808 0.431496 0.187642 0.168274 0.00225833
0 0.860321 0.541117 0.272911 0.308132 0.00225597
0 0.832612 0.444789 0.327723 0.296275 0.00225528
0 0.702251 0.527094 0.114113 0.124111 0.00225171
0 0.880912 0.608944 0.232213 0.371202 0.00224872
0 0.980122 0.46868 0.0397559 0.106248 0.00224027
0 0.513991 0.319146 0.0936879 0.134075 0.00220913
0 0.814868 0.808764 0.366075 0.378209 0.00220635
0 0.458592 0.817942 0.437599 0.35402 0.00220475
0 0.81986 0.724002 0.356533 0.519177 0.00218041
0 0.221265 0.750223 0.442529 0.499555 0.00217764
0 0.0451571 0.446849 0.0903143 0.637454 0.00217324
0 0.641069 0.312271 0.0590458 0.101517 0.00215211
0 0.706641 0.128337 0.374425 0.256674 0.00214307
0 0.602672 0.510505 0.350632 0.206616 0.00213369
0 0.369966 0.116328 0.402184 0.223552 0.00212263
0 0.758294 0.711348 0.478801 0.459871 0.0021183
0 0.15294 0.148002 0.305879 0.294968 0.0021107
0 0.511097 0.301733 0.0847319 0.0912607 0.00210939
0 0.438866 0.669514 0.42548 0.457873 0.00210389
0 0.591109 0.584509 0.0296078 0.0510292 0.00210365
0 0.75286 0.190554 0.388688 0.259323 0.00209893
0 0.403342 0.619117 0.532173 0.441544 0.00207802
0 0.811017 0.257596 0.357083 0.270104 0.00205621
0 0.412631 0.238531 0.476997 0.317443 0.00205194
0 0.333546 0.699542 0.508766 0.445254 0.00204032
0 0.732338 0.565679 0.189156 0.213161 0.00203357
0 0.157822 0.249283 0.315644 0.39663 0.00203286
0 0.783085 0.110094 0.346087 0.214946 0.002022
0 0.346411 0.340136 0.593336 0.414189 0.00200796
0 0.857009 0.1132 0.259224 0.209058 0.00200467
0 0.516317 0.141441 0.155421 0.0489077 0.00199745
0 0.323271 0.505539 0.595922 0.356262 0.00199682
0 0.282746 0.0948092 0.415118 0.176851 0.00198543
0 0.163229 0.334317 0.326458 0.528294 0.00198123
0 0.0172053 0.137724 0.0340663 0.275448 0.0019622
0 0.303046 0.445951 0.575474 0.360572 0.00196059
0 0.0507384 0.667566 0.101399 0.613327 0.00193351
0 0.170992 0.0958393 0.317126 0.188505 0.00192824
0 0.0562712 0.782418 0.112542 0.426861 0.00190615
0 0.320082 0.255559 0.547413 0.3195 0.00189433
0 0.174711 0.439199 0.349421 0.560192 0.00189419
0 0.427657 0.720376 0.0459122 0.0680814 0.00189058
0 0.972954 0.405712 0.0530274 0.485479 0.00188906
0 0.223296 0.0875549 0.365505 0.169832 0.00188858
0 0.456228 0.137282 0.0289455 0.0467865 0.00188464
0 0.233766 0.616233 0.45878 0.511708 0.00187444
0 0.844 0.186132 0.29155 0.244169 0.00187412
0 0.322926 0.576967 0.597975 0.448033 0.00186547
0 0.245708 0.536912 0.468999 0.450079 0.00185806
0 0.503506 0.17777 0.128869 0.109356 0.00183798
0 0.286654 0.157627 0.454827 0.20493 0.0018264
0 0.375025 0.459668 0.0425015 0.0646432 0.00179769
0 0.972892 0.53838 0.0540939 0.3314 0.00176947
0 0.179398 0.142622 0.316389 0.214724 0.0017639
0 0.987303 0.523774 0.0245265 0.284649 0.00175639
0 0.263607 0.283527 0.486519 0.334775 0.00174927
0 0.492614 0.317112 0.053454 0.0694827 0.00174864
0 0.178539 0.195267 0.320673 0.226693 0.00173237
0 0.247681 0.373601 0.458917 0.401839 0.00172878
0 0.2487 0.200537 0.455684 0.222377 0.00170936
0 0.626019 0.20923 0.184751 0.174398 0.00169834
0 0.0129676 0.0263979 0.0257201 0.0527958 0.00169046
0 0.178375 0.251321 0.350495 0.306707 0.00168665
0 0.923692 0.492304 0.152258 0.19874 0.00168568
0 0.00999376 0.862417 0.0199248 0.275167 0.00167801
0 0.24222 0.132358 0.430542 0.183127 0.00166539
0 0.739441 0.511652 0.0361294 0.0638097 0.00166383
