1 0.562002 0.460792 0.320055 0.490175 0.93847
0 0.194002 0.691242 0.0306706 0.0620916 0.164896
1 0.563359 0.60393 0.319986 0.770873 0.129176
0 0.455359 0.569064 0.0933817 0.173178 0.0603939
1 0.68379 0.597203 0.565342 0.805594 0.0184269
1 0.608564 0.480916 0.223516 0.442364 0.0177113
2 0.457063 0.56934 0.100946 0.177829 0.0161973
0 0.201703 0.692399 0.0462885 0.069296 0.0118942
1 0.716304 0.485128 0.567391 0.970257 0.0108233
1 0.563047 0.547402 0.307633 0.313344 0.00916941
0 0.550094 0.561863 0.296146 0.257502 0.00904347
0 0.555259 0.518775 0.311023 0.352316 0.00858497
0 0.800274 0.136173 0.023115 0.0361842 0.00850427
2 0.613779 0.372402 0.211528 0.320968 0.00830777
1 0.496117 0.602936 0.472264 0.781961 0.00695948
1 0.418033 0.591767 0.722625 0.778802 0.0064265
0 0.094825 0.50388 0.1889 0.935745 0.00568115
0 0.0193276 0.690958 0.0386552 0.618084 0.00567245
1 0.836036 0.495974 0.327927 0.959729 0.0055611
0 0.518282 0.499518 0.225454 0.344691 0.00554123
0 0.135338 0.485423 0.270677 0.970846 0.00547544
1 0.586714 0.394047 0.314439 0.473928 0.00543438
1 0.921314 0.497628 0.157371 0.951322 0.0053273
0 0.013386 0.781279 0.026772 0.355216 0.0047824
1 0.413194 0.421919 0.703874 0.717715 0.00468149
1 0.884209 0.483046 0.231583 0.963372 0.00451606
0 0.991156 0.687712 0.0175007 0.048949 0.00451464
1 0.491165 0.387294 0.479538 0.675052 0.00434972
1 0.0911596 0.495472 0.181597 0.990944 0.00421892
0 0.0990581 0.664639 0.197788 0.650919 0.00421591
1 0.685127 0.375596 0.62327 0.689785 0.00412878
0 0.196226 0.70246 0.045201 0.0877139 0.00387068
0 0.231708 0.691102 0.11637 0.0862963 0.00377744
1 0.475119 0.720565 0.514449 0.546009 0.00364743
1 0.6356 0.295559 0.700903 0.542719 0.00363991
1 0.722952 0.760905 0.531093 0.475796 0.00363213
1 0.612517 0.377922 0.214577 0.322283 0.00362533
0 0.142773 0.651184 0.285546 0.683334 0.00359277
0 0.984932 0.256498 0.0300778 0.245994 0.00346487
0 0.021369 0.602046 0.0427379 0.795908 0.00327232
1 0.564915 0.38986 0.386017 0.658609 0.00326559
0 0.990666 0.697988 0.0184454 0.0722795 0.00321036
0 0.195998 0.491546 0.388605 0.983092 0.00317947
0 0.252338 0.838085 0.467488 0.307244 0.00313335
1 0.609118 0.573715 0.192428 0.240387 0.00304405
0 0.0197019 0.355688 0.0394038 0.711376 0.00300265
0 0.350101 0.846066 0.47579 0.290729 0.00296691
0 0.29027 0.798832 0.547705 0.393289 0.00296168
1 0.358113 0.483479 0.716226 0.966958 0.00294099
0 0.166783 0.717625 0.332144 0.542215 0.00291017
0 0.859644 0.902707 0.280712 0.194587 0.00290098
1 0.423817 0.280568 0.709367 0.534352 0.00289478
0 0.101296 0.760836 0.20163 0.454557 0.00288997
0 0.38092 0.761463 0.648435 0.46606 0.00288961
0 0.240009 0.700543 0.140287 0.105849 0.00288398
1 0.604755 0.861656 0.359838 0.267655 0.00286998
0 0.162062 0.829052 0.313544 0.316785 0.00286396
1 0.634525 0.201425 0.660639 0.39566 0.00286387
0 0.401645 0.867077 0.437302 0.24796 0.00285681
1 0.67362 0.84495 0.476274 0.303961 0.00285223
1 0.604005 0.946408 0.420899 0.107183 0.00284087
0 0.49753 0.94659 0.404608 0.10682 0.00283672
0 0.887574 0.830257 0.22294 0.335085 0.0028167
0 0.404603 0.947455 0.45187 0.105091 0.00280015
0 0.989466 0.706821 0.0210685 0.115551 0.00279658
0 0.845722 0.948125 0.306255 0.10375 0.00275179
0 0.20028 0.940772 0.37672 0.118456 0.00274624
1 0.703397 0.947186 0.46921 0.105628 0.00274491
0 0.988405 0.268018 0.0227752 0.151294 0.00274395
0 0.198327 0.805986 0.371151 0.375367 0.00273945
0 0.310541 0.485151 0.621082 0.970302 0.00271207
0 0.184363 0.69744 0.0537819 0.076355 0.00268195
0 0.920923 0.198726 0.156717 0.397452 0.00266798
0 0.512346 0.874205 0.352452 0.235917 0.00266175
0 0.379008 0.681765 0.705783 0.625527 0.00263687
0 0.896415 0.187121 0.207171 0.374242 0.00263304
0 0.0945555 0.323542 0.189035 0.647084 0.0026168
0 0.0207089 0.4617 0.0414178 0.831641 0.00260699
0 0.134309 0.344755 0.268619 0.662981 0.0025447
0 0.983633 0.25144 0.0326806 0.348976 0.00253528
0 0.161694 0.927287 0.323387 0.145426 0.00252528
1 0.526308 0.269174 0.593871 0.511852 0.00252404
0 0.910565 0.780101 0.176856 0.439798 0.00251738
0 0.0832107 0.256752 0.166421 0.513504 0.00250919
0 0.177499 0.708536 0.073172 0.102368 0.00250509
0 0.928264 0.278004 0.143039 0.547722 0.00249079
1 0.760951 0.42055 0.476024 0.80411 0.00245992
1 0.789326 0.947692 0.387915 0.104616 0.00245658
0 0.247806 0.713049 0.492115 0.563924 0.00244748
1 0.740498 0.826332 0.471062 0.34022 0.00244372
0 0.100507 0.887138 0.201015 0.225724 0.00241822
2 0.599659 0.902331 0.195708 0.180255 0.00241662
0 0.167835 0.696165 0.241609 0.0948804 0.00238519
0 0.846266 0.163473 0.3021 0.326946 0.00235947
0 0.932064 0.666155 0.135873 0.667691 0.00234792
0 0.915046 0.341663 0.169908 0.652105 0.00231825
0 0.109695 0.172186 0.219391 0.344372 0.00228487
1 0.441081 0.180074 0.662667 0.356395 0.00226312
0 0.877819 0.387289 0.244363 0.760306 0.00224662
0 0.869929 0.195367 0.260142 0.38862 0.00224073
1 0.697531 0.158109 0.530832 0.316218 0.0022392
0 0.151099 0.156409 0.302198 0.312819 0.00223753
1 0.721671 0.267926 0.55002 0.497193 0.00220443
0 0.829985 0.828926 0.329394 0.32563 0.00216901
0 0.56433 0.149624 0.568484 0.299247 0.00214729
0 0.162725 0.0893318 0.322153 0.178664 0.00211817
0 0.350393 0.388688 0.674494 0.76059 0.00210892
1 0.867904 0.685364 0.262968 0.613375 0.002083
0 0.763178 0.1501 0.443182 0.300199 0.00207093
0 0.164516 0.197558 0.329031 0.395115 0.00206766
0 0.175621 0.2904 0.351241 0.557036 0.00205892
1 0.766183 0.192686 0.449629 0.376255 0.00205829
0 0.799256 0.125624 0.0346921 0.0602486 0.00203684
0 0.048324 0.733868 0.0962379 0.532265 0.00203312
0 0.858226 0.278746 0.283272 0.533 0.00202614
0 0.43841 0.133168 0.601867 0.266336 0.00201366
0 0.225622 0.083626 0.401142 0.167252 0.00200578
2 0.438008 0.585997 0.0581202 0.139067 0.00198153
0 0.927018 0.953567 0.145266 0.0928661 0.0019555
0 0.436404 0.892439 0.218407 0.199603 0.00194514
0 0.798597 0.285763 0.401117 0.538628 0.0019055
0 0.990917 0.677271 0.0176988 0.0645297 0.00190172
0 0.83344 0.348706 0.332749 0.643298 0.00187214
0 0.36063 0.101596 0.573712 0.203193 0.00185937
1 0.839732 0.783345 0.315975 0.429314 0.00181472
0 0.241612 0.6768 0.138816 0.135662 0.00176857
0 0.927686 0.874845 0.142944 0.237507 0.00176266
0 0.988027 0.743941 0.0239463 0.26884 0.00175756
0 0.235408 0.164822 0.434246 0.321457 0.00174821
0 0.303657 0.308255 0.589566 0.531739 0.00172391
0 0.406398 0.240729 0.716699 0.447988 0.00170392
2 0.977319 0.744898 0.0437641 0.510204 0.00169315
0 0.988803 0.682063 0.0223938 0.118264 0.00167624
0 0.356183 0.148552 0.66909 0.285909 0.00166128
0 0.478891 0.605986 0.141092 0.265202 0.00165898
0 0.227413 0.656329 0.169991 0.191444 0.00162098
0 0.242961 0.256504 0.453141 0.451327 0.0016123
2 0.605274 0.861275 0.228403 0.27111 0.0016103
0 0.02154 0.768161 0.04308 0.463679 0.00160285
0 0.969775 0.760071 0.0592839 0.479858 0.00157871
2 0.14807 0.881649 0.296139 0.216471 0.00157617
0 0.241461 0.702836 0.153002 0.139225 0.00155512
0 0.989843 0.736815 0.0197121 0.15501 0.00155477
0 0.926922 0.914994 0.145703 0.158007 0.00155068
2 0.981337 0.362218 0.035751 0.724436 0.0015489
0 0.920369 0.827189 0.158935 0.330415 0.00154559
0 0.184751 0.643785 0.293257 0.237647 0.00153074
2 0.467561 0.889157 0.214053 0.206641 0.00149123
0 0.125659 0.702687 0.229976 0.158389 0.0014608
2 0.55253 0.891911 0.261614 0.201346 0.00145747
0 0.606705 0.607158 0.159447 0.171176 0.00145309
0 0.0128039 0.269378 0.0256078 0.385038 0.00144422
0 0.956972 0.810075 0.0851544 0.37985 0.00144069
2 0.927202 0.802321 0.145314 0.380036 0.00142165
0 0.177047 0.882297 0.354095 0.216514 0.00141393
0 0.989177 0.238226 0.021071 0.182112 0.00141049
0 0.402378 0.904728 0.157188 0.17733 0.00140482
0 0.0122856 0.499543 0.0245712 0.394128 0.00138366
0 0.132848 0.897851 0.257909 0.184998 0.00138264
2 0.938354 0.919792 0.12247 0.160417 0.00136894
0 0.0489464 0.628423 0.0978929 0.736341 0.00136812
0 0.0471881 0.366854 0.0943763 0.733709 0.00136732
0 0.134523 0.675261 0.269046 0.206975 0.00136435
0 0.194225 0.711891 0.0897874 0.117601 0.00133568
0 0.470062 0.881815 0.220656 0.225437 0.00133476
2 0.840952 0.0840244 0.211006 0.16684 0.00132545
2 0.98299 0.695746 0.0314237 0.608507 0.00132171
0 0.152225 0.602712 0.30445 0.317058 0.0013126
2 0.959687 0.774175 0.08036 0.45165 0.00131256
0 0.244225 0.636945 0.158247 0.219477 0.00130142
0 0.0138833 0.695446 0.0277666 0.448795 0.00127094
0 0.987929 0.297614 0.0234623 0.216477 0.00125923
0 0.502537 0.639403 0.190213 0.345187 0.0012559
0 0.9307 0.950737 0.0993229 0.0937429 0.00124219
0 0.0462792 0.514308 0.0925583 0.740832 0.00124018
0 0.429094 0.937185 0.223649 0.125108 0.00123688
2 0.974557 0.288737 0.0496514 0.577473 0.00122192
0 0.803693 0.13588 0.0361002 0.0416087 0.00122135
1 0.976379 0.476746 0.0460945 0.803166 0.00120588
0 0.582682 0.906666 0.18064 0.175447 0.00120275
2 0.619556 0.466603 0.201587 0.467903 0.00120231
1 0.956755 0.479826 0.0862616 0.616269 0.00119979
0 0.0165429 0.814913 0.0327091 0.370174 0.00119625
2 0.5926 0.915925 0.128461 0.160404 0.00119527
0 0.075543 0.79919 0.151086 0.392195 0.00118345
0 0.465804 0.580349 0.114889 0.202029 0.00118327
2 0.605686 0.602886 0.142286 0.193198 0.0011829
2 0.979006 0.442434 0.0407451 0.831307 0.00117679
0 0.597816 0.931343 0.195196 0.137314 0.0011764
0 0.634907 0.890724 0.281887 0.20474 0.00116072
0 0.113135 0.695745 0.22627 0.293392 0.00115398
0 0.0278905 0.817512 0.055781 0.355981 0.00114934
0 0.121469 0.637701 0.242805 0.346021 0.00114863
2 0.506391 0.885504 0.316389 0.214225 0.00113973
1 0.574052 0.622984 0.214482 0.255779 0.00113212
0 0.469716 0.526864 0.143779 0.280166 0.0011254
0 0.618971 0.2994 0.202252 0.180764 0.00112461
1 0.968131 0.447448 0.063739 0.733915 0.00110662
0 0.357001 0.892943 0.252016 0.195792 0.00110551
0 0.240802 0.728703 0.176148 0.167787 0.00109651
0 0.469678 0.930574 0.229409 0.138852 0.00109267
0 0.0489271 0.808558 0.0978542 0.363326 0.00109168
0 0.912498 0.930236 0.172386 0.129202 0.00108484
0 0.125369 0.864442 0.250738 0.249873 0.00107707
2 0.828477 0.0886515 0.129657 0.141706 0.00107706
0 0.12684 0.814196 0.252732 0.371608 0.00107651
0 0.444909 0.565169 0.144434 0.202152 0.00107284
0 0.6246 0.904726 0.215133 0.18018 0.00107118
2 0.417128 0.915524 0.100171 0.168952 0.00105883
0 0.196674 0.931708 0.311252 0.136585 0.00105408
0 0.397808 0.876718 0.202069 0.234779 0.00103993
0 0.132112 0.929764 0.264223 0.132608 0.0010391
0 0.176973 0.904576 0.315487 0.177409 0.00103634
0 0.124603 0.737986 0.249205 0.286923 0.00103632
0 0.981189 0.655912 0.0352943 0.688175 0.00103366
0 0.0711804 0.686487 0.142361 0.527987 0.00103282
0 0.928129 0.982228 0.143743 0.0355445 0.0010314
1 0.973035 0.36898 0.0539292 0.684785 0.00103094
2 0.879394 0.0857342 0.238844 0.171468 0.00102083
1 0.609553 0.604181 0.158922 0.183739 0.00101777
1 0.853685 0.0883982 0.1778 0.147519 0.00101206
0 0.0126226 0.371587 0.0252453 0.41845 0.00100925
0 0.657728 0.928425 0.237474 0.14315 0.00100237
0 0.254328 0.707092 0.190408 0.214672 0.00100207
0 0.55513 0.476551 0.342131 0.475037 0.00099688
0 0.0527941 0.308581 0.105588 0.617162 0.000989841
1 0.931824 0.984932 0.136353 0.0301356 0.000989696
0 0.907218 0.887621 0.185564 0.208079 0.000987012
0 0.990638 0.662686 0.0183277 0.109852 0.000985199
0 0.228221 0.607393 0.218381 0.298747 0.000984807
2 0.565329 0.934006 0.115486 0.121584 0.000984753
0 0.9008 0.955742 0.198401 0.0885154 0.000976951
0 0.0692698 0.908991 0.13854 0.170943 0.0009763
1 0.538404 0.63247 0.282296 0.337278 0.000971593
2 0.0194053 0.261671 0.0388106 0.523343 0.000963761
0 0.133704 0.525934 0.267407 0.360832 0.000959554
0 0.367773 0.905333 0.184785 0.174394 0.000956776
0 0.261398 0.618934 0.201305 0.282034 0.00094957
0 0.663535 0.903979 0.184912 0.179791 0.000940282
0 0.0124026 0.203495 0.0248052 0.40699 0.000940254
0 0.691339 0.934535 0.222126 0.13093 0.000936514
0 0.982229 0.301771 0.0352594 0.348343 0.000934727
0 0.311028 0.885062 0.376906 0.213889 0.000928077
0 0.460255 0.827513 0.221319 0.342267 0.000922246
0 0.258678 0.937602 0.271681 0.124796 0.00092116
0 0.965762 0.696996 0.0684318 0.606008 0.000920389
0 0.553547 0.939021 0.277148 0.121957 0.000912738
0 0.958351 0.509329 0.0828888 0.483234 0.000911549
0 0.194643 0.786264 0.273544 0.295125 0.000910492
0 0.379974 0.945688 0.228326 0.108624 0.00090853
0 0.0728742 0.336795 0.145682 0.524332 0.000908237
0 0.483703 0.480953 0.228181 0.386638 0.000904585
2 0.803412 0.138118 0.0405578 0.0346988 0.00090068
0 0.0715486 0.573592 0.143097 0.54091 0.00089458
0 0.0241589 0.206693 0.0482875 0.413387 0.000894046
1 0.943012 0.945706 0.113977 0.108588 0.000892255
0 0.445997 0.408957 0.107514 0.112287 0.000879335
0 0.344943 0.869374 0.294196 0.254486 0.000877553
2 0.891066 0.929744 0.184179 0.131275 0.000876326
0 0.318957 0.900811 0.273375 0.183869 0.000873235
2 0.974408 0.54327 0.0497641 0.69827 0.000870579
0 0.247812 0.738055 0.20884 0.288845 0.000863048
0 0.123449 0.565265 0.246898 0.377017 0.000862653
0 0.103718 0.994916 0.203966 0.0101689 0.000859559
0 0.424432 0.515593 0.206769 0.307784 0.000859515
0 0.41268 0.99655 0.187745 0.00690082 0.000857596
0 0.983122 0.753339 0.0336258 0.335716 0.000855297
2 0.943457 0.220854 0.112204 0.441708 0.000852392
2 0.565944 0.0789532 0.32033 0.157906 0.00085214
0 0.580625 0.602687 0.0836058 0.186138 0.00085153
0 0.184455 0.149738 0.368909 0.289842 0.000851282
0 0.466473 0.996323 0.203268 0.00735474 0.000850697
0 0.128405 0.451142 0.256811 0.353711 0.000849979
0 0.604085 0.821668 0.227177 0.356665 0.000849662
0 0.43583 0.587884 0.0541591 0.139669 0.000849324
0 0.0688992 0.452486 0.137766 0.54735 0.000848039
0 0.720733 0.943932 0.225558 0.112135 0.000842402
0 0.480791 0.388388 0.215358 0.212894 0.000841969
0 0.0739983 0.138654 0.147997 0.277307 0.000838644
0 0.126281 0.247 0.252562 0.39728 0.000836869
0 0.688136 0.996252 0.186667 0.0074964 0.0008359
0 0.410164 0.840918 0.202299 0.313996 0.000835321
0 0.712608 0.997608 0.179516 0.00478375 0.00083263
2 0.140504 0.991556 0.23222 0.0168884 0.000828264
0 0.145553 0.406047 0.291107 0.365886 0.00082818
0 0.933822 0.497918 0.132355 0.49014 0.000827443
1 0.165239 0.992201 0.23075 0.0155983 0.000824567
0 0.462349 0.482523 0.140115 0.288451 0.000823892
0 0.583401 0.214521 0.289848 0.270475 0.000822644
0 0.650897 0.814323 0.246063 0.371355 0.000822114
0 0.738642 0.99791 0.187112 0.0041806 0.00082142
0 0.232485 0.769702 0.247449 0.344975 0.000816635
0 0.220232 0.519247 0.232856 0.294598 0.000814915
0 0.668687 0.854476 0.284258 0.291048 0.000814672
2 0.238738 0.905125 0.217511 0.177024 0.000814362
2 0.979122 0.631421 0.0402474 0.737157 0.000811447
0 0.660349 0.994687 0.195622 0.0106268 0.000809319
0 0.984343 0.648123 0.0311707 0.168262 0.000809315
0 0.405827 0.28685 0.191166 0.317593 0.000808592
0 0.502808 0.834387 0.247035 0.329636 0.000808073
