2 0.305054 0.47313 0.228566 0.114834 0.745354
2 0.497481 0.784059 0.454055 0.362047 0.705967
2 0.44823 0.100044 0.177264 0.126403 0.656587
0 0.305273 0.471695 0.227898 0.111876 0.600233
0 0.604933 0.257829 0.143019 0.101575 0.54961
0 0.326552 0.913505 0.0643905 0.0442541 0.471606
0 0.196134 0.564876 0.0863421 0.0651914 0.434997
2 0.603527 0.258317 0.145254 0.106483 0.407055
0 0.447077 0.100367 0.175093 0.127373 0.367324
2 0.196764 0.564737 0.0875235 0.0636046 0.324886
2 0.466939 0.095058 0.13632 0.11357 0.138713
0 0.499285 0.770592 0.447352 0.34199 0.113576
0 0.970055 0.476582 0.0528964 0.0700268 0.0331387
0 0.498879 0.70537 0.45283 0.214787 0.0191332
0 0.220942 0.563848 0.139287 0.0704802 0.0191214
0 0.298965 0.500036 0.248506 0.16514 0.0173987
2 0.577607 0.260137 0.0848264 0.0922933 0.0160665
0 0.970739 0.49314 0.0497986 0.032666 0.0156246
0 0.51805 0.826927 0.390779 0.267298 0.0151516
0 0.97096 0.489756 0.0530034 0.0473835 0.0148715
0 0.324909 0.919714 0.0664561 0.0621975 0.0138576
2 0.971398 0.478056 0.0534453 0.0839122 0.0130697
0 0.286519 0.524991 0.272372 0.147772 0.0101962
2 0.283053 0.468232 0.169981 0.110658 0.00966456
0 0.335595 0.913919 0.0943129 0.0500808 0.00909159
0 0.655207 0.0998193 0.624924 0.19692 0.00903482
0 0.659149 0.132972 0.671265 0.264668 0.00863986
0 0.491605 0.0896731 0.285914 0.166771 0.0079585
1 0.44748 0.100508 0.179893 0.133781 0.00783881
0 0.30437 0.4489 0.238636 0.16847 0.00745011
0 0.291558 0.5282 0.261304 0.225707 0.00740202
1 0.327816 0.913006 0.0677076 0.0537502 0.00713525
0 0.820328 0.418264 0.140737 0.0858806 0.00680231
1 0.657774 0.182931 0.667044 0.365862 0.00675084
0 0.659532 0.192207 0.663062 0.380712 0.0064392
2 0.338857 0.914034 0.102664 0.0497307 0.0061188
2 0.338179 0.901003 0.0920325 0.0728077 0.00573168
2 0.302155 0.44857 0.244005 0.167649 0.00560087
0 0.490236 0.123854 0.273132 0.223436 0.00553956
0 0.48212 0.64253 0.556014 0.520218 0.00550015
0 0.252548 0.563154 0.203676 0.0706726 0.00510035
0 0.742554 0.0340358 0.440634 0.0668989 0.00504075
0 0.422526 0.0938133 0.465684 0.179712 0.00500868
0 0.729992 0.0125438 0.154309 0.0250876 0.00499562
1 0.617037 0.102271 0.720229 0.204542 0.00455361
0 0.345773 0.602493 0.406402 0.373987 0.00454956
0 0.557975 0.665045 0.579304 0.278685 0.00446795
0 0.276506 0.4833 0.296949 0.211902 0.00442511
0 0.391353 0.0886743 0.0583553 0.0370755 0.00425102
0 0.655141 0.0351812 0.266036 0.0697217 0.00424349
0 0.441708 0.107084 0.594753 0.210299 0.00416211
0 0.496892 0.86438 0.449068 0.207515 0.00405519
0 0.428308 0.781563 0.653693 0.368493 0.00405133
0 0.57397 0.794127 0.593053 0.376046 0.00395157
0 0.563158 0.324284 0.810665 0.626031 0.00383437
1 0.196895 0.576231 0.0871237 0.094632 0.00382477
1 0.168518 0.562422 0.147318 0.0717586 0.00381743
0 0.675658 0.255072 0.292023 0.117554 0.00378952
0 0.750169 0.553977 0.223567 0.125043 0.00378672
0 0.162941 0.365383 0.0370796 0.0266985 0.00367472
0 0.602195 0.260612 0.698561 0.4909 0.00366904
0 0.557447 0.193644 0.42086 0.348548 0.00363259
0 0.909112 0.0179861 0.181775 0.0359721 0.00363059
0 0.358794 0.0945556 0.366861 0.14958 0.00359977
0 0.867787 0.388543 0.247053 0.149251 0.00357603
0 0.451118 0.545472 0.577755 0.413921 0.00355268
0 0.494333 0.174346 0.489942 0.336946 0.0035342
0 0.432084 0.695211 0.623061 0.470154 0.00345714
0 0.308128 0.122161 0.511725 0.241143 0.00342783
0 0.763791 0.0918564 0.472418 0.183713 0.00342049
0 0.791193 0.120871 0.417614 0.241666 0.00340399
0 0.405932 0.913215 0.232557 0.0528015 0.00332817
0 0.525367 0.0987386 0.342255 0.134438 0.00328606
0 0.374037 0.663194 0.456781 0.480032 0.0032501
1 0.4732 0.7864 0.662235 0.394516 0.00323661
0 0.210633 0.577749 0.117109 0.0975521 0.00323393
1 0.607016 0.260126 0.143993 0.115491 0.00323188
0 0.720201 0.321348 0.524347 0.622226 0.0032316
2 0.96933 0.493041 0.0546385 0.0919575 0.0032303
0 0.543841 0.527694 0.796627 0.685529 0.00321708
0 0.501963 0.451456 0.69856 0.507762 0.00319103
0 0.307745 0.655384 0.323056 0.487116 0.00313001
0 0.840076 0.415128 0.191767 0.0926873 0.00307658
0 0.444957 0.370819 0.587452 0.386717 0.00303516
0 0.36721 0.65918 0.172983 0.118578 0.00299004
0 0.839853 0.184668 0.128649 0.0980742 0.0029829
1 0.502963 0.923274 0.450092 0.150567 0.00297022
1 0.508774 0.314213 0.816791 0.601025 0.00292362
0 0.489607 0.761665 0.573004 0.454859 0.00291123
0 0.258997 0.0984956 0.49934 0.195267 0.00290876
0 0.730666 0.961958 0.514564 0.0760835 0.00289437
1 0.572817 0.432578 0.84478 0.651083 0.00287094
0 0.490427 0.853625 0.329562 0.216571 0.00286975
0 0.48724 0.787637 0.413716 0.253022 0.00286537
0 0.812437 0.963255 0.367797 0.0734909 0.00286036
0 0.754717 0.179224 0.483365 0.358449 0.00285926
0 0.451289 0.900227 0.6325 0.152606 0.00285004
2 0.559555 0.257082 0.244445 0.117648 0.00282875
0 0.296429 0.380221 0.246412 0.320319 0.00280836
0 0.832702 0.945616 0.334596 0.108767 0.00278587
0 0.653651 0.950365 0.634166 0.0990694 0.00276735
0 0.449712 0.0843807 0.234229 0.165903 0.00274941
0 0.710147 0.0362879 0.217113 0.0722038 0.00273397
0 0.970815 0.51343 0.0541342 0.122672 0.00273291
1 0.30177 0.512196 0.242788 0.196781 0.00266065
0 0.463791 0.205436 0.339408 0.376866 0.00261717
0 0.268107 0.589712 0.340118 0.302508 0.00261508
0 0.515709 0.934123 0.469539 0.131754 0.00260074
0 0.319044 0.193072 0.509346 0.377083 0.0025839
0 0.476313 0.941914 0.634054 0.116172 0.00256886
2 0.971114 0.51228 0.0521152 0.0722649 0.0025483
0 0.611686 0.852793 0.670114 0.259804 0.0024841
0 0.613473 0.926394 0.675481 0.147213 0.00246239
0 0.77411 0.0115699 0.217961 0.0231399 0.00244428
0 0.395968 0.0935989 0.0686253 0.04688 0.0024434
0 0.832442 0.982807 0.205102 0.0332828 0.0024403
0 0.875012 0.897537 0.249976 0.204925 0.00243799
0 0.199678 0.94445 0.39152 0.110855 0.00242137
0 0.699507 0.895145 0.571666 0.198043 0.00241339
0 0.553508 0.0834589 0.42066 0.166918 0.002412
0 0.112612 0.944375 0.225223 0.111249 0.00239709
0 0.315493 0.696456 0.495624 0.482656 0.00239558
0 0.12625 0.194176 0.252501 0.275135 0.00238253
0 0.825099 0.919071 0.333771 0.153425 0.00236826
0 0.353177 0.333111 0.466194 0.630068 0.00235457
0 0.114526 0.760225 0.229051 0.319818 0.00235101
0 0.155424 0.118579 0.281401 0.234561 0.00235005
0 0.118898 0.291476 0.237795 0.313571 0.00234998
0 0.428657 0.212181 0.569224 0.401848 0.00234124
0 0.328163 0.9323 0.0764367 0.0935894 0.00233325
0 0.116646 0.0918694 0.233291 0.183739 0.00232666
0 0.939181 0.787101 0.121638 0.421108 0.00232247
0 0.113158 0.34217 0.226315 0.287151 0.00231795
0 0.461584 0.284636 0.759392 0.551791 0.0023092
0 0.116486 0.816323 0.232973 0.317479 0.00230843
0 0.0889738 0.432493 0.177948 0.250823 0.00230383
0 0.915032 0.861847 0.169937 0.276306 0.00230144
0 0.760267 0.364041 0.472312 0.494274 0.00229675
0 0.134084 0.94435 0.268169 0.1113 0.00229431
0 0.0721334 0.480201 0.144267 0.23197 0.00229292
0 0.505482 0.990536 0.227963 0.0185799 0.00228876
0 0.105396 0.384747 0.210791 0.266926 0.0022784
0 0.280838 0.323798 0.378317 0.561558 0.00227353
0 0.594481 0.790174 0.793788 0.405174 0.00227332
0 0.0949713 0.702631 0.189943 0.304529 0.00227313
2 0.441619 0.117116 0.16145 0.101534 0.00225427
0 0.920088 0.708011 0.159824 0.471855 0.00225023
0 0.681807 0.824931 0.612807 0.347659 0.00224908
0 0.282975 0.786929 0.50383 0.414846 0.00224078
0 0.162011 0.181272 0.278434 0.325556 0.00223632
0 0.79262 0.214003 0.414759 0.416024 0.00223504
0 0.885001 0.0350735 0.229687 0.0691073 0.00223316
0 0.0624639 0.636029 0.124928 0.267912 0.00222889
0 0.11562 0.898532 0.23124 0.174317 0.00222879
0 0.0532041 0.578399 0.106408 0.238197 0.00222831
0 0.259123 0.411774 0.357036 0.299069 0.00222468
0 0.154257 0.789679 0.273675 0.375967 0.00222317
0 0.0603668 0.526151 0.120734 0.228276 0.00222225
0 0.854499 0.813454 0.27797 0.353554 0.0021994
0 0.711727 0.734607 0.494303 0.365297 0.00219858
0 0.834766 0.890164 0.316977 0.212661 0.00219263
0 0.190445 0.740179 0.340803 0.409331 0.00218893
0 0.365549 0.64407 0.175316 0.0824036 0.00217693
1 0.371618 0.1319 0.345479 0.193991 0.00217202
0 0.370975 0.036219 0.519626 0.072438 0.0021668
0 0.316455 0.274216 0.585364 0.540678 0.00215786
0 0.885773 0.667648 0.228455 0.490444 0.00215399
0 0.231716 0.70216 0.411306 0.413319 0.00212971
0 0.825 0.427462 0.349999 0.45004 0.0021222
0 0.744951 0.79327 0.476138 0.411632 0.00211711
0 0.388056 0.821366 0.775345 0.328407 0.00211337
0 0.204244 0.897892 0.391745 0.186476 0.00211001
0 0.70455 0.0133117 0.250986 0.0266233 0.00210724
0 0.242927 0.495408 0.419628 0.247358 0.00210637
0 0.80385 0.517322 0.3923 0.458076 0.002095
1 0.269347 0.620211 0.270809 0.186144 0.00208837
0 0.784598 0.470503 0.348291 0.377133 0.00208512
0 0.839652 0.619261 0.320696 0.478543 0.00208082
0 0.264612 0.860338 0.507677 0.252976 0.00207938
0 0.756072 0.260768 0.479752 0.476989 0.00207735
0 0.8639 0.0181257 0.2722 0.0351392 0.00206482
0 0.135672 0.857536 0.24818 0.255253 0.00205741
0 0.798687 0.725109 0.390125 0.425719 0.00205384
0 0.19718 0.245167 0.348076 0.427998 0.00204965
2 0.819951 0.414956 0.143334 0.0903618 0.00204083
0 0.232845 0.447948 0.407425 0.28549 0.00202905
0 0.250633 0.642933 0.447265 0.381845 0.00201895
0 0.727122 0.484782 0.43844 0.579997 0.00201645
0 0.596155 0.649939 0.598631 0.40566 0.00200954
0 0.257377 0.194315 0.0744895 0.0400887 0.00200949
0 0.252757 0.536045 0.44156 0.270618 0.00200806
0 0.213419 0.320967 0.378593 0.38779 0.00200724
0 0.794966 0.526199 0.361239 0.300629 0.00196776
0 0.265467 0.183234 0.0948923 0.0635335 0.00195636
1 0.408959 0.915357 0.244133 0.0596731 0.00191195
0 0.296528 0.0327672 0.431644 0.064075 0.00191182
0 0.874251 0.964853 0.251498 0.0702937 0.00190669
0 0.41554 0.735995 0.276098 0.280047 0.00190226
0 0.771834 0.527396 0.27973 0.191714 0.00190105
2 0.572842 0.268211 0.0769076 0.0713962 0.00187775
0 0.804067 0.604318 0.379674 0.382742 0.00187548
2 0.986676 0.474784 0.026649 0.0970939 0.00186764
0 0.82344 0.450798 0.176352 0.15285 0.00185391
2 0.521987 0.694974 0.419818 0.168705 0.00185165
0 0.497147 0.81869 0.34954 0.208372 0.00182788
0 0.83857 0.39858 0.194736 0.130821 0.00180751
0 0.691187 0.570202 0.489499 0.512278 0.00179366
0 0.785139 0.0435872 0.429721 0.0871745 0.00179108
0 0.331489 0.027606 0.542859 0.0545569 0.00177608
0 0.712445 0.664438 0.468324 0.411176 0.00177045
0 0.751208 0.611939 0.396195 0.445012 0.00173935
0 0.420597 0.655657 0.286924 0.112936 0.00171558
0 0.782413 0.423312 0.258736 0.0981521 0.00171029
0 0.796398 0.979682 0.244382 0.0405117 0.00170213
0 0.679641 0.0272283 0.491517 0.0533205 0.00168621
0 0.881589 0.183086 0.222538 0.132328 0.00168179
2 0.875255 0.39676 0.249448 0.237241 0.0016757
2 0.966497 0.515035 0.0598523 0.162834 0.00165453
2 0.976895 0.477316 0.0462105 0.158832 0.00161767
0 0.311797 0.500792 0.0368114 0.0477079 0.0016082
0 0.900076 0.0715494 0.19738 0.14285 0.00160203
0 0.529979 0.986477 0.288135 0.0260552 0.0015943
0 0.475779 0.0994282 0.117506 0.122035 0.00159223
2 0.359792 0.655789 0.16678 0.114116 0.0015901
0 0.259694 0.827949 0.0550426 0.0500172 0.0015836
0 0.385243 0.678108 0.212824 0.16094 0.00158311
0 0.817086 0.181766 0.0813365 0.0863039 0.00156274
0 0.433867 0.990116 0.167309 0.0193021 0.00155289
2 0.452236 0.68443 0.369784 0.166981 0.00154345
0 0.817679 0.986478 0.240524 0.0269862 0.00153416
0 0.839029 0.986076 0.141782 0.0277966 0.00152344
0 0.870335 0.391588 0.259331 0.212126 0.00152051
0 0.55029 0.991091 0.159674 0.017382 0.00150016
0 0.288891 0.550072 0.283102 0.0996794 0.00149313
0 0.886537 0.0935834 0.226879 0.186434 0.00149008
2 0.906656 0.387804 0.186688 0.260489 0.00148438
0 0.288892 0.500367 0.0827078 0.0512282 0.00148371
0 0.233283 0.0312727 0.315009 0.0613895 0.00146909
1 0.45306 0.90755 0.341848 0.0702335 0.00145603
0 0.402144 0.0993951 0.0830738 0.0554125 0.00144952
0 0.432765 0.795339 0.31065 0.193502 0.0014407
0 0.775748 0.465996 0.283544 0.164941 0.00143526
0 0.545211 0.0310006 0.482024 0.0620012 0.00143393
0 0.610933 0.235203 0.186571 0.162118 0.00142932
2 0.968825 0.469813 0.0590061 0.173448 0.00142406
1 0.370613 0.939591 0.185506 0.101169 0.00142377
0 0.876088 0.155158 0.247824 0.215065 0.00140644
2 0.0537796 0.901212 0.107559 0.182556 0.00140536
0 0.210518 0.0190016 0.221114 0.0380031 0.00139645
0 0.286619 0.422703 0.290458 0.173828 0.00136597
0 0.55419 0.980504 0.303734 0.0380882 0.00135998
0 0.736838 0.521536 0.190343 0.0740793 0.0013571
2 0.971955 0.509996 0.05609 0.182253 0.00135548
1 0.538258 0.100647 0.372071 0.147873 0.00135041
1 0.318644 0.913473 0.106913 0.0491203 0.00133319
0 0.410826 0.690756 0.264839 0.182478 0.001323
0 0.749102 0.979245 0.400433 0.0415092 0.00131414
0 0.0807 0.890395 0.1614 0.17867 0.00131374
0 0.853275 0.44882 0.238548 0.170933 0.00131239
0 0.596632 0.676953 0.251115 0.129789 0.00130478
1 0.294614 0.645367 0.342792 0.161199 0.00129698
0 0.880906 0.188417 0.236852 0.190718 0.00129358
0 0.178795 0.582574 0.159127 0.118702 0.00129327
1 0.6649 0.26171 0.30619 0.120391 0.00129214
1 0.619667 0.313925 0.188276 0.242835 0.00128761
0 0.842918 0.195143 0.16147 0.122976 0.00128459
0 0.400328 0.837414 0.127303 0.0906528 0.00128099
0 0.220544 0.0138028 0.218618 0.0276056 0.0012687
2 0.978955 0.491977 0.0420904 0.121894 0.00126351
1 0.520968 0.161758 0.340847 0.269966 0.00125821
0 0.388757 0.708041 0.223936 0.225947 0.00125795
0 0.385874 0.942737 0.258485 0.101907 0.00125449
0 0.849329 0.145451 0.301343 0.275436 0.00123847
1 0.56696 0.258464 0.215265 0.109832 0.00123493
0 0.0860802 0.871913 0.17216 0.256175 0.00123232
1 0.462731 0.929841 0.370535 0.103545 0.00123055
0 0.145443 0.0409439 0.28637 0.0818878 0.00122939
0 0.682391 0.231574 0.308483 0.172133 0.0012291
2 0.0769503 0.958751 0.153901 0.0822479 0.00122203
0 0.272625 0.19726 0.117947 0.0390588 0.00121982
0 0.870332 0.985554 0.0737976 0.0255612 0.00121851
0 0.357936 0.0625416 0.487881 0.119597 0.0012159
1 0.473964 0.117427 0.120746 0.09335 0.00120999
0 0.487867 0.98348 0.374236 0.0327093 0.00120737
0 0.562226 0.83973 0.268777 0.248925 0.00120617
2 0.482316 0.111432 0.0990885 0.0891556 0.0012043
0 0.182241 0.0344328 0.321642 0.0678416 0.00120113
0 0.953373 0.953607 0.0886167 0.0925691 0.00119477
0 0.416875 0.88779 0.258204 0.10286 0.00119106
2 0.575127 0.882292 0.15074 0.151562 0.00118238
1 0.291596 0.545885 0.282209 0.302464 0.00117746
0 0.897122 0.0518931 0.205756 0.103786 0.00117439
0 0.186329 0.0486337 0.372658 0.0972675 0.00117301
1 0.454735 0.8892 0.345928 0.130801 0.00117066
0 0.523101 0.260641 0.309796 0.115682 0.00116252
0 0.615675 0.0135565 0.200877 0.027113 0.00115924
0 0.822902 0.104536 0.354196 0.205617 0.00115909
0 0.868348 0.350681 0.263303 0.232443 0.00115789
0 0.940842 0.962555 0.118317 0.0747181 0.00115451
2 0.984238 0.454995 0.0315242 0.195594 0.00114829
