0 0.689039 0.125063 0.372416 0.209257 0.851835
0 0.802354 0.505127 0.208853 0.15447 0.840695
0 0.0493369 0.805786 0.0986738 0.0976088 0.833738
0 0.362918 0.0890734 0.211902 0.097384 0.829345
0 0.284732 0.482624 0.523573 0.459576 0.795161
0 0.330829 0.750663 0.413401 0.265447 0.678973
0 0.275611 0.681626 0.527528 0.404605 0.654963
0 0.345714 0.29714 0.114666 0.0839567 0.486364
0 0.311655 0.304239 0.17999 0.0989355 0.394647
0 0.311011 0.350559 0.184473 0.193651 0.392384
0 0.281658 0.588022 0.523662 0.60249 0.355408
0 0.674797 0.151548 0.344508 0.150907 0.341558
0 0.0718922 0.594504 0.0867817 0.0774407 0.247153
0 0.740707 0.124983 0.268634 0.201777 0.242597
0 0.572154 0.124098 0.14368 0.0919603 0.222941
0 0.827455 0.0554869 0.0943993 0.0581388 0.188031
0 0.472389 0.734479 0.124289 0.110603 0.166255
0 0.310838 0.411481 0.470349 0.316206 0.150977
0 0.325266 0.0904276 0.134433 0.0956187 0.150225
0 0.452028 0.55793 0.0870216 0.0838181 0.114084
0 0.800114 0.0967164 0.147176 0.143296 0.112285
0 0.81579 0.0658017 0.114482 0.0809177 0.0903533
0 0.171319 0.469874 0.123345 0.0913261 0.0797
0 0.26669 0.372091 0.327825 0.237709 0.0692149
0 0.624575 0.14927 0.243265 0.143083 0.067984
0 0.382405 0.832989 0.119457 0.0899942 0.063933
0 0.412619 0.774068 0.243422 0.223372 0.0614527
0 0.17794 0.478346 0.14285 0.113233 0.0526034
0 0.810406 0.744219 0.0364644 0.0385115 0.0489754
0 0.0631697 0.829937 0.0569296 0.0508056 0.0458064
0 0.838672 0.0554583 0.0689562 0.0489374 0.0435341
0 0.0857867 0.585234 0.10901 0.0984233 0.0434147
0 0.0631549 0.809129 0.0581377 0.0916111 0.0427201
0 0.18433 0.735492 0.0996037 0.0846881 0.0403682
0 0.457566 0.734827 0.151592 0.132228 0.0374058
0 0.0489086 0.781233 0.0967009 0.156145 0.0353229
0 0.401422 0.0853886 0.131192 0.0945907 0.0334085
0 0.785647 0.113594 0.178474 0.178499 0.0331544
0 0.181255 0.587172 0.307206 0.133104 0.0326945
0 0.79884 0.127746 0.140275 0.0847084 0.0325052
0 0.112525 0.580972 0.163697 0.114509 0.031102
0 0.450742 0.455588 0.175537 0.0898081 0.0308755
0 0.283276 0.526934 0.518526 0.280303 0.0288473
0 0.18167 0.536983 0.317601 0.231869 0.0272523
0 0.161172 0.45962 0.101734 0.0705624 0.0272093
0 0.291636 0.739916 0.32435 0.230861 0.0241819
0 0.00998172 0.793943 0.0199634 0.0630729 0.02219
0 0.16817 0.484353 0.221622 0.120127 0.021455
0 0.253558 0.444834 0.29461 0.169028 0.0213364
0 0.383545 0.506856 0.318783 0.197087 0.021199
0 0.575346 0.119857 0.615045 0.236921 0.0205924
0 0.143782 0.57656 0.0959576 0.105618 0.0194291
0 0.694663 0.164673 0.391871 0.329345 0.0188108
0 0.0345044 0.805771 0.0690087 0.0951035 0.0180948
0 0.0511339 0.829295 0.0839864 0.0516388 0.0179448
0 0.314324 0.388784 0.143471 0.092804 0.0176965
0 0.306982 0.0805719 0.0964314 0.0727028 0.0168181
0 0.270335 0.736372 0.540671 0.275856 0.0166754
0 0.36622 0.732954 0.343421 0.204845 0.0160263
0 0.371893 0.460583 0.342045 0.111618 0.0156791
0 0.458404 0.0980095 0.419315 0.114188 0.0151127
0 0.333818 0.450353 0.443163 0.150854 0.0143381
0 0.342293 0.409204 0.420098 0.201284 0.0140672
0 0.422019 0.558868 0.151603 0.0863695 0.0138583
0 0.105597 0.807623 0.210533 0.0975299 0.0135703
0 0.748808 0.142639 0.502383 0.25941 0.0132947
0 0.289595 0.67131 0.10017 0.0785271 0.0131769
0 0.0655658 0.796625 0.131132 0.153128 0.0131758
0 0.334723 0.835196 0.213145 0.0908358 0.0129737
0 0.36501 0.299125 0.0728405 0.0793698 0.0129667
0 0.057373 0.789709 0.0784758 0.0613508 0.0127722
0 0.38492 0.391575 0.377141 0.231434 0.0126478
0 0.09738 0.0103725 0.104491 0.020745 0.0125231
0 0.44007 0.502753 0.195869 0.188578 0.0125197
0 0.301217 0.678266 0.125548 0.0938393 0.0124894
0 0.091083 0.734132 0.181642 0.262865 0.0124807
0 0.377704 0.0702792 0.26399 0.140558 0.0123341
0 0.0723812 0.010631 0.144762 0.021262 0.0122817
0 0.236267 0.479744 0.322886 0.112611 0.0121629
0 0.0831611 0.0115223 0.0859494 0.0221748 0.0121447
0 0.215937 0.857807 0.0277448 0.0184086 0.0120382
0 0.209126 0.618627 0.384162 0.206402 0.0118853
0 0.809057 0.551697 0.0600215 0.0545214 0.0118452
0 0.342292 0.28868 0.09702 0.0607702 0.0115893
0 0.308827 0.384501 0.186743 0.153644 0.0111538
0 0.440327 0.475164 0.197147 0.132314 0.0110028
0 0.323399 0.0705219 0.285206 0.141044 0.010796
0 0.24352 0.76536 0.223963 0.151434 0.0106998
0 0.286266 0.468563 0.364634 0.133578 0.0103544
0 0.230331 0.546784 0.417663 0.255854 0.0101998
0 0.200927 0.76703 0.137811 0.141979 0.00978311
0 0.0664481 0.015338 0.132896 0.0306403 0.00971254
0 0.281242 0.42673 0.355636 0.231699 0.00944836
0 0.273721 0.389224 0.248777 0.148218 0.00944089
0 0.301285 0.0738554 0.0820959 0.0583753 0.00938108
0 0.329712 0.512973 0.493253 0.221272 0.0089708
0 0.283196 0.0767087 0.367505 0.124468 0.00886252
0 0.481227 0.452124 0.113885 0.0798347 0.0087002
0 0.260003 0.346098 0.0803847 0.0697502 0.00867736
0 0.285225 0.503789 0.412256 0.172124 0.00844382
0 0.150276 0.453496 0.0742052 0.055505 0.00840708
0 0.975976 0.927359 0.0476652 0.145281 0.00823577
0 0.509879 0.0923192 0.563462 0.184638 0.00816915
0 0.426223 0.0693364 0.0790703 0.0573981 0.00806793
0 0.0506852 0.866161 0.101234 0.267678 0.00791036
0 0.0492195 0.753605 0.0979243 0.22172 0.00784589
0 0.803639 0.548966 0.21093 0.273836 0.00777354
0 0.41927 0.081201 0.0962391 0.0816708 0.00775691
0 0.0713148 0.0258834 0.14263 0.0517668 0.00771456
0 0.298078 0.578968 0.422267 0.153225 0.0074124
0 0.811713 0.0762905 0.130693 0.103879 0.00733923
0 0.430526 0.804768 0.221992 0.15265 0.00733477
0 0.844418 0.493733 0.311164 0.176822 0.00731279
0 0.193587 0.744602 0.121275 0.112557 0.00714659
0 0.225967 0.578786 0.401532 0.375664 0.00708101
0 0.142974 0.697751 0.281902 0.350664 0.00698504
0 0.38373 0.828506 0.160523 0.102028 0.00678896
0 0.695948 0.114001 0.0801521 0.0647305 0.00673968
0 0.437791 0.0681525 0.0564996 0.0489871 0.00673624
0 0.986349 0.918516 0.0270248 0.0895001 0.00664915
0 0.730826 0.118003 0.538349 0.236006 0.00661269
0 0.710661 0.197201 0.083403 0.0544245 0.00656076
0 0.0404204 0.793303 0.0743655 0.0677473 0.00651112
0 0.77273 0.0748114 0.204562 0.102855 0.00639631
0 0.487148 0.319211 0.832628 0.368803 0.00629293
0 0.352826 0.0885062 0.228118 0.129252 0.0061979
0 0.694057 0.228288 0.393441 0.427371 0.00592966
0 0.495832 0.448075 0.084997 0.0664571 0.00589255
0 0.352426 0.298417 0.0811025 0.0763269 0.00589231
0 0.226154 0.648676 0.415876 0.438887 0.0058787
0 0.326982 0.815736 0.264524 0.126776 0.00585605
0 0.119437 0.0108733 0.228152 0.0202646 0.00584041
0 0.288382 0.792405 0.308398 0.174705 0.0057968
0 0.986459 0.588797 0.026442 0.0516567 0.00579302
0 0.821949 0.0479653 0.0806454 0.0439005 0.00577917
0 0.0867231 0.0207716 0.16963 0.0410048 0.00573218
0 0.0475372 0.824692 0.0950745 0.139594 0.0056687
0 0.984884 0.595618 0.0297559 0.0566542 0.00564349
0 0.390719 0.559869 0.222899 0.0907351 0.00560689
0 0.455107 0.525699 0.159399 0.150311 0.00549281
0 0.445308 0.719769 0.176409 0.147644 0.00538105
0 0.796884 0.481139 0.213361 0.210554 0.0053383
0 0.144278 0.560947 0.0931426 0.0734484 0.00531269
0 0.286423 0.581695 0.496046 0.194968 0.00512706
0 0.338021 0.712513 0.411301 0.196519 0.00511305
0 0.729613 0.153319 0.300376 0.143939 0.00509193
0 0.508541 0.452456 0.056953 0.0529379 0.00508754
0 0.291282 0.077943 0.0614618 0.0397276 0.00506944
0 0.0613154 0.79941 0.0705139 0.0680294 0.00506026
0 0.128423 0.0104697 0.163882 0.0209395 0.00502518
0 0.645287 0.165108 0.258506 0.121038 0.00500734
0 0.58284 0.156686 0.709739 0.265906 0.0049303
0 0.433113 0.355552 0.718159 0.267318 0.00489118
0 0.201693 0.478233 0.0942619 0.108845 0.00488757
0 0.201958 0.51169 0.381681 0.291385 0.00485373
0 0.845205 0.453816 0.309591 0.269812 0.0048261
0 0.231023 0.0697968 0.451964 0.138411 0.00476259
0 0.979587 0.903221 0.0408269 0.193558 0.00464672
0 0.206147 0.827151 0.412293 0.199414 0.00459585
0 0.682087 0.152 0.143269 0.149095 0.00459476
0 0.553483 0.105091 0.094649 0.052593 0.004593
0 0.241383 0.716945 0.219715 0.212057 0.00454825
0 0.063564 0.0201204 0.127128 0.0402409 0.00454519
0 0.688659 0.132918 0.114464 0.106321 0.00453783
0 0.455267 0.778986 0.733554 0.296428 0.0045283
0 0.568736 0.111345 0.131468 0.0662384 0.00441459
0 0.334205 0.46438 0.160628 0.0973156 0.00436515
0 0.368943 0.311 0.0638479 0.0547271 0.0043191
0 0.275875 0.350297 0.113567 0.0842882 0.00431793
0 0.21712 0.726799 0.366181 0.225528 0.00427795
0 0.21201 0.65734 0.383263 0.232951 0.00427051
0 0.982679 0.928292 0.0342925 0.111981 0.00426075
0 0.347955 0.164856 0.199426 0.233616 0.00420264
0 0.404119 0.0729523 0.126576 0.0646962 0.00412451
0 0.759053 0.484054 0.112304 0.101214 0.00410423
0 0.682958 0.18636 0.141125 0.0770337 0.00407548
0 0.293993 0.790008 0.587986 0.233413 0.00407065
0 0.463212 0.484449 0.878477 0.341065 0.00396927
0 0.793836 0.486662 0.191027 0.109143 0.00391845
0 0.262908 0.68401 0.270941 0.109164 0.00391698
0 0.0129079 0.0212088 0.0258159 0.0424176 0.00391624
0 0.322297 0.25474 0.184179 0.357958 0.00390059
0 0.230287 0.632291 0.0888844 0.0720848 0.00377648
0 0.0490365 0.0387333 0.0980729 0.0774666 0.00375507
0 0.341708 0.0911274 0.0974515 0.0922974 0.00373015
0 0.390247 0.300154 0.212316 0.0868539 0.00370845
0 0.329945 0.833559 0.434809 0.303676 0.00370445
0 0.670226 0.500702 0.515752 0.183257 0.00369061
0 0.25286 0.342804 0.0613561 0.0605677 0.00361884
0 0.078122 0.876222 0.156244 0.222806 0.00361052
0 0.232736 0.348406 0.362884 0.211973 0.00358453
0 0.690296 0.109271 0.0594333 0.052061 0.00356267
0 0.168327 0.0560157 0.336655 0.112031 0.00349805
0 0.10654 0.0663926 0.21308 0.132785 0.00347119
0 0.32556 0.0865689 0.65112 0.170706 0.00345608
0 0.854085 0.478175 0.0964587 0.100384 0.00341392
0 0.467114 0.383535 0.909219 0.435478 0.00340035
0 0.326878 0.698676 0.414285 0.139643 0.00339597
0 0.0922868 0.0411151 0.183148 0.0818934 0.0033858
0 0.244197 0.655147 0.303309 0.137863 0.00336407
0 0.134166 0.506648 0.268332 0.298089 0.00336114
0 0.460748 0.454129 0.130249 0.0810392 0.003324
0 0.827794 0.478872 0.14706 0.100555 0.00325952
0 0.972836 0.921299 0.0535016 0.157403 0.00324502
0 0.105188 0.105436 0.210376 0.209153 0.00324498
0 0.206611 0.487754 0.0876698 0.0830307 0.0032277
0 0.843045 0.531541 0.313909 0.316837 0.00322624
0 0.242499 0.0934761 0.483521 0.186952 0.00319689
0 0.543096 0.102144 0.0752637 0.0438314 0.00318866
0 0.536207 0.29034 0.748772 0.497497 0.00313404
0 0.74654 0.184237 0.50692 0.33966 0.0030485
0 0.841409 0.460945 0.0715508 0.0575747 0.00297584
0 0.291298 0.671224 0.2059 0.102376 0.00297299
0 0.35144 0.212861 0.216853 0.379834 0.00296083
0 0.928325 0.843911 0.143213 0.305384 0.00295423
0 0.900285 0.922443 0.199429 0.155114 0.00291827
0 0.847713 0.465847 0.0985064 0.072056 0.00291723
0 0.736071 0.53771 0.425849 0.239016 0.0028864
0 0.165282 0.88227 0.328748 0.211414 0.00288221
0 0.130898 0.53143 0.206217 0.215918 0.0028759
0 0.121753 0.457415 0.243506 0.391591 0.00286364
0 0.0365699 0.0107107 0.0731399 0.0214215 0.00283165
0 0.421446 0.717914 0.788234 0.32985 0.0028311
0 0.962811 0.90814 0.0734533 0.18372 0.0028301
0 0.105857 0.911716 0.211714 0.176567 0.00280145
0 0.913144 0.889183 0.17254 0.219221 0.00280133
0 0.929326 0.750087 0.141348 0.385499 0.00273259
0 0.974988 0.886723 0.0487054 0.226555 0.00268993
0 0.264556 0.622856 0.290157 0.195332 0.00268894
0 0.0954115 0.169502 0.190823 0.324883 0.00268423
0 0.84933 0.396607 0.301341 0.386382 0.0026841
0 0.365989 0.107229 0.220571 0.141709 0.0026823
0 0.80261 0.463368 0.163092 0.0654623 0.00267004
0 0.13711 0.553202 0.0753808 0.0548277 0.00266779
0 0.25031 0.563611 0.11205 0.0937376 0.00266718
0 0.863624 0.9509 0.272752 0.0982003 0.00264934
0 0.0983404 0.0120698 0.163124 0.0239397 0.00262681
0 0.104202 0.401266 0.208404 0.431648 0.00262186
0 0.7939 0.429783 0.228701 0.268878 0.00261775
0 0.369298 0.323265 0.0646704 0.0310949 0.00260517
0 0.0511199 0.0112161 0.10224 0.0224321 0.00259997
0 0.240869 0.958594 0.453891 0.0828123 0.00258904
0 0.843179 0.606943 0.313643 0.460966 0.00257602
0 0.900361 0.670872 0.199277 0.448767 0.0025725
0 0.4765 0.719728 0.111711 0.0838694 0.00257105
0 0.255275 0.420669 0.502455 0.371213 0.00256857
0 0.1328 0.777336 0.265599 0.166359 0.00256708
0 0.0131882 0.817911 0.0263062 0.072114 0.00255624
0 0.0872496 0.340282 0.174499 0.443428 0.0025517
0 0.268222 0.894025 0.536445 0.192456 0.00255021
0 0.242585 0.331612 0.0337371 0.0387532 0.00253536
0 0.358494 0.678276 0.0607093 0.0515544 0.00253169
0 0.156313 0.945496 0.312626 0.109008 0.00252473
0 0.732419 0.415973 0.333887 0.360598 0.00252197
0 0.126331 0.0251773 0.252661 0.0483546 0.00250966
0 0.740896 0.0762524 0.280986 0.119935 0.00250042
0 0.0829131 0.244067 0.165826 0.42768 0.00247745
0 0.732203 0.503588 0.0554179 0.0371991 0.00247012
0 0.510122 0.959171 0.53876 0.0816582 0.00246373
0 0.328226 0.140875 0.656452 0.281751 0.00243303
0 0.811344 0.0438958 0.0589409 0.0349076 0.0024262
0 0.896771 0.84502 0.19341 0.267715 0.00242554
0 0.347698 0.684827 0.0894732 0.07677 0.00242424
0 0.226347 0.14933 0.447387 0.294474 0.0024016
0 0.605989 0.958318 0.483435 0.0833636 0.00240077
0 0.82283 0.956795 0.35434 0.0862694 0.00238432
0 0.329543 0.96267 0.448207 0.0746594 0.00237964
0 0.160633 0.0126716 0.295965 0.0235661 0.00237309
0 0.397828 0.890902 0.562741 0.200533 0.00236948
0 0.444353 0.583813 0.811836 0.349732 0.00235172
0 0.578465 0.497338 0.700787 0.22017 0.00234839
0 0.544642 0.12163 0.0826127 0.0826845 0.00234789
0 0.721581 0.199649 0.0561185 0.0459847 0.00234538
0 0.763638 0.499976 0.124522 0.114091 0.00234488
0 0.701073 0.957559 0.442633 0.0848816 0.00234261
0 0.083488 0.07795 0.166636 0.1559 0.00233301
0 0.824013 0.249014 0.351975 0.433043 0.00232193
0 0.812841 0.602328 0.318615 0.326585 0.0023061
2 0.948388 0.914065 0.102501 0.171741 0.00230432
0 0.853552 0.286247 0.292895 0.457648 0.00229789
2 0.824082 0.509813 0.166774 0.141283 0.00229211
0 0.665679 0.397555 0.513178 0.34364 0.00229019
0 0.252315 0.628818 0.138494 0.0871484 0.00228443
0 0.293117 0.618847 0.45388 0.202266 0.002281
0 0.980522 0.599096 0.0385876 0.0646135 0.00227909
0 0.832443 0.43333 0.335114 0.286901 0.00226053
0 0.691037 0.306859 0.4197 0.5541 0.00224711
0 0.876811 0.787484 0.219126 0.236248 0.0022471
0 0.862945 0.0766535 0.190505 0.104468 0.00224424
0 0.865923 0.0591253 0.194164 0.0684898 0.0022318
0 0.363726 0.834511 0.0854086 0.086019 0.00222819
0 0.3781 0.326744 0.0454818 0.0224277 0.00222764
0 0.339713 0.670512 0.409043 0.206598 0.00221221
0 0.356896 0.110958 0.0494065 0.0502575 0.00220512
0 0.450659 0.766005 0.170052 0.192422 0.00219608
0 0.419751 0.64554 0.800742 0.416214 0.00218327
0 0.0626056 0.625327 0.122793 0.363127 0.00216209
0 0.484465 0.823245 0.757944 0.313217 0.00214506
0 0.828398 0.691652 0.296658 0.30993 0.00214102
0 0.232977 0.253763 0.421889 0.331169 0.00213314
