2 0.376082 0.686239 0.304102 0.215369 0.944667
0 0.840494 0.435206 0.18118 0.130459 0.830792
0 0.225562 0.196418 0.220623 0.216642 0.811012
0 0.443634 0.574644 0.148187 0.11273 0.749138
0 0.193934 0.658181 0.0479699 0.0366402 0.598386
0 0.238985 0.231789 0.191012 0.138457 0.592835
2 0.444093 0.57453 0.146355 0.113946 0.470528
0 0.222506 0.13987 0.203795 0.105028 0.432196
0 0.190509 0.133617 0.139817 0.0920701 0.314922
0 0.818501 0.452427 0.136635 0.0918297 0.224819
0 0.90912 0.118958 0.0621049 0.0461994 0.160473
0 0.375248 0.654185 0.301576 0.272915 0.0607848
0 0.226106 0.160753 0.214971 0.151419 0.0542242
0 0.887373 0.39844 0.0829679 0.0556037 0.0521519
0 0.387802 0.578142 0.261463 0.123069 0.0487479
2 0.431079 0.559951 0.109967 0.0820857 0.0303935
0 0.870225 0.416958 0.121545 0.0934342 0.0225449
0 0.231673 0.269535 0.0979698 0.0599053 0.0193793
0 0.174955 0.19525 0.329009 0.222306 0.0191728
2 0.373771 0.654675 0.315872 0.300973 0.0162356
0 0.884985 0.412627 0.0919149 0.087369 0.0143853
0 0.367529 0.198768 0.537676 0.225239 0.0138114
0 0.212795 0.151261 0.229544 0.302523 0.0134953
0 0.47077 0.561389 0.0921365 0.0808197 0.0129503
0 0.887743 0.116694 0.107268 0.0546867 0.01001
0 0.416785 0.548056 0.0808442 0.0582065 0.00953545
0 0.373406 0.595472 0.294275 0.163022 0.00919766
0 0.879097 0.3937 0.0684774 0.0426813 0.00900585
0 0.230721 0.236198 0.223069 0.299121 0.00775205
0 0.442224 0.560523 0.135 0.0830944 0.00765478
0 0.165614 0.118351 0.0947892 0.0568699 0.00753717
0 0.867581 0.416173 0.264837 0.178901 0.00673837
0 0.268401 0.150518 0.32605 0.301036 0.0067089
0 0.00773928 0.274143 0.0154786 0.042236 0.00668859
0 0.800382 0.430299 0.259419 0.151148 0.00639207
0 0.00789104 0.26616 0.0157252 0.0523353 0.00630032
0 0.88701 0.104331 0.109609 0.0783153 0.0057269
0 0.363795 0.616361 0.2959 0.238313 0.00543278
0 0.479072 0.567379 0.0720322 0.0667633 0.00537259
0 0.349088 0.172996 0.656331 0.277782 0.00531802
0 0.820275 0.462354 0.223131 0.194 0.00527642
0 0.238584 0.208473 0.187017 0.0936275 0.00526741
0 0.833378 0.459605 0.17195 0.120722 0.00521032
0 0.0117459 0.0197401 0.0233725 0.0388878 0.0048722
2 0.595678 0.676216 0.759028 0.311058 0.00443001
0 0.2229 0.283195 0.242913 0.401897 0.00438538
2 0.911129 0.117124 0.0644175 0.0485402 0.00430754
0 0.173458 0.197379 0.346916 0.318635 0.00426013
0 0.00867867 0.261524 0.017275 0.0811977 0.00423619
0 0.170467 0.152662 0.32581 0.305324 0.00422363
2 0.418356 0.550791 0.0853187 0.0638502 0.0040974
0 0.1473 0.115948 0.0576221 0.0513457 0.00396313
1 0.378598 0.785711 0.305285 0.427796 0.00386885
0 0.489756 0.576858 0.0508138 0.0451151 0.00372516
0 0.0365959 0.0433778 0.0720318 0.0867555 0.00367404
0 0.17857 0.141599 0.165675 0.11452 0.00362183
0 0.568856 0.659305 0.699949 0.292372 0.00359016
2 0.380746 0.672164 0.41188 0.322064 0.00351388
0 0.751469 0.415115 0.356369 0.181049 0.00349881
0 0.022149 0.01209 0.044298 0.02418 0.00345961
0 0.00787742 0.170411 0.0155243 0.0469892 0.00345482
0 0.796677 0.443303 0.224875 0.11506 0.00343303
0 0.160877 0.111569 0.0792393 0.0452615 0.00341284
2 0.195679 0.654059 0.0545687 0.0501543 0.00340794
0 0.900861 0.0795393 0.19368 0.158571 0.00333555
0 0.200112 0.105271 0.276401 0.210542 0.00327403
0 0.0428596 0.0123094 0.0857192 0.0246187 0.00324847
0 0.86223 0.0847434 0.27554 0.169487 0.00324046
0 0.432249 0.178685 0.864499 0.318197 0.00323318
1 0.731561 0.0808633 0.488783 0.160646 0.00315493
0 0.809969 0.077782 0.380062 0.155564 0.00312202
1 0.397855 0.714109 0.450572 0.430554 0.00301639
0 0.00876319 0.161539 0.0172305 0.0775962 0.00301111
0 0.136217 0.102766 0.270573 0.205532 0.00300798
0 0.428074 0.555835 0.104884 0.0738253 0.00300584
0 0.155806 0.280299 0.311612 0.448296 0.00299284
0 0.862024 0.487419 0.275952 0.272837 0.00296517
0 0.107163 0.119512 0.214326 0.239024 0.00292482
0 0.00851424 0.289943 0.0169802 0.0843941 0.00286441
0 0.83638 0.367779 0.20288 0.251541 0.00284493
0 0.826963 0.514783 0.224867 0.270273 0.00279845
0 0.85421 0.337565 0.291581 0.337575 0.00273144
0 0.284128 0.0913943 0.430177 0.182789 0.00270365
0 0.193525 0.283841 0.366296 0.381881 0.00268877
2 0.826416 0.450402 0.157787 0.0966142 0.00268774
0 0.605132 0.991015 0.0644948 0.0177032 0.0026768
0 0.35586 0.248216 0.647495 0.368832 0.00267065
2 0.441249 0.55811 0.16149 0.162554 0.00265741
1 0.719894 0.119413 0.526643 0.237956 0.0026388
0 0.119137 0.335137 0.238273 0.497543 0.00261139
0 0.118528 0.912367 0.237056 0.175266 0.00252201
0 0.194136 0.651134 0.0512901 0.0536848 0.00249096
0 0.222345 0.410783 0.0296314 0.0226566 0.00246363
0 0.221976 0.94585 0.436368 0.10795 0.00245769
0 0.779078 0.4645 0.058829 0.0671715 0.002455
0 0.150652 0.130403 0.0672156 0.0809149 0.00245328
0 0.396211 0.20922 0.761348 0.299998 0.00243436
0 0.493818 0.956806 0.486514 0.086389 0.00243431
0 0.638367 0.105243 0.687295 0.209589 0.00242492
0 0.898613 0.397336 0.0593391 0.0516983 0.00242336
0 0.159844 0.927578 0.319688 0.144845 0.00241509
0 0.675305 0.15476 0.64939 0.307254 0.00239742
0 0.86176 0.929373 0.27648 0.141254 0.00238969
0 0.118226 0.880023 0.236451 0.219824 0.0023711
0 0.358176 0.954457 0.47496 0.0910864 0.00235876
0 0.615366 0.957112 0.580589 0.0857766 0.00235825
0 0.0997301 0.694308 0.19946 0.425449 0.00234281
0 0.870825 0.560027 0.258349 0.425862 0.00234225
0 0.330816 0.0770928 0.539348 0.154186 0.00233489
1 0.384792 0.703892 0.285984 0.181076 0.00232865
0 0.915241 0.199008 0.169518 0.378465 0.00231866
0 0.480664 0.206863 0.898782 0.398662 0.00230932
0 0.600233 0.653454 0.799533 0.474337 0.00230851
0 0.490518 0.105502 0.710143 0.211003 0.00230572
0 0.790168 0.454141 0.078806 0.085928 0.00229286
0 0.112845 0.80865 0.225691 0.376648 0.00228734
0 0.911021 0.632949 0.177957 0.492478 0.0022302
0 0.120046 0.616593 0.240092 0.46218 0.00221826
0 0.115203 0.440229 0.230405 0.457689 0.00220844
0 0.670155 0.230816 0.659691 0.460259 0.00219856
0 0.925788 0.678124 0.148424 0.52151 0.0021974
0 0.474046 0.947218 0.0463801 0.0454418 0.00219591
0 0.317822 0.663693 0.58364 0.32519 0.00219355
0 0.353084 0.509719 0.360721 0.286886 0.00217263
0 0.776207 0.46111 0.447586 0.178354 0.00217
0 0.930105 0.749441 0.13979 0.445476 0.0021535
2 0.337366 0.694645 0.216287 0.170986 0.0021422
0 0.33664 0.813772 0.475447 0.36913 0.00213623
0 0.909988 0.266993 0.180024 0.411304 0.00211386
0 0.311181 0.586693 0.406166 0.251722 0.00211287
0 0.743925 0.95439 0.477043 0.09122 0.00210943
0 0.236266 0.903526 0.464786 0.178028 0.00210701
0 0.278581 0.865646 0.546394 0.253009 0.00209698
0 0.340361 0.734237 0.579052 0.419534 0.00209507
0 0.154782 0.854548 0.303232 0.270642 0.00209393
0 0.928295 0.0718673 0.142137 0.143735 0.00208519
0 0.540295 0.570898 0.646499 0.283301 0.00208369
1 0.386882 0.74269 0.291783 0.100167 0.00208297
0 0.84855 0.574937 0.249345 0.371121 0.00207703
0 0.936756 0.00739588 0.104686 0.0147918 0.00206077
0 0.366815 0.903276 0.400691 0.181279 0.00205897
0 0.601219 0.751291 0.797561 0.497418 0.0020564
0 0.826021 0.955588 0.347959 0.0888245 0.00204663
0 0.718387 0.352135 0.415929 0.29278 0.00204396
0 0.231319 0.682387 0.460118 0.34766 0.00204144
0 0.925805 0.810846 0.148389 0.378309 0.00203605
0 0.898672 0.888626 0.202657 0.222749 0.00202457
0 0.269231 0.204046 0.127597 0.0796285 0.00202407
0 0.782805 0.154577 0.433992 0.303189 0.00201135
0 0.208429 0.727358 0.407602 0.35494 0.00201132
0 0.496609 0.917167 0.525498 0.156998 0.00199807
0 0.172013 0.781474 0.334678 0.375072 0.00199368
0 0.195835 0.600423 0.391671 0.365963 0.00198461
0 0.459406 0.249846 0.735379 0.303321 0.00196883
0 0.00945195 0.24304 0.0188002 0.120549 0.00196032
0 0.783422 0.64711 0.399781 0.425366 0.00195623
0 0.198039 0.658424 0.0618139 0.043549 0.00194119
0 0.420601 0.64795 0.204369 0.27102 0.00193916
0 0.690943 0.712906 0.618115 0.500992 0.00193041
0 0.676102 0.556948 0.607509 0.290618 0.00192458
0 0.43033 0.491257 0.347298 0.22953 0.00191627
0 0.564873 0.24609 0.779076 0.446667 0.00189313
0 0.174897 0.53559 0.349795 0.32804 0.00188399
0 0.851849 0.660312 0.296303 0.438514 0.00186923
0 0.627311 0.909803 0.676165 0.171367 0.00186468
0 0.746336 0.517398 0.50045 0.227435 0.00186418
0 0.482469 0.801864 0.545636 0.396272 0.00186051
0 0.6768 0.427107 0.63823 0.201682 0.001843
0 0.176953 0.39815 0.353905 0.336843 0.00183433
0 0.253926 0.555982 0.507852 0.25521 0.00183361
0 0.143725 0.110068 0.0449877 0.0406864 0.00183091
0 0.0788503 0.729477 0.0246271 0.0209277 0.00182878
0 0.665748 0.296148 0.602556 0.411548 0.00182296
0 0.876047 0.196617 0.245131 0.346804 0.00181963
0 0.17087 0.473296 0.34174 0.323116 0.00181894
0 0.591328 0.816015 0.763409 0.367971 0.00181279
0 0.675872 0.387814 0.55772 0.24195 0.00180069
0 0.596253 0.527633 0.621918 0.244363 0.00180055
0 0.854463 0.732811 0.291074 0.405263 0.00180041
0 0.578547 0.278978 0.679294 0.340287 0.00179806
0 0.469184 0.309018 0.626335 0.248188 0.00179728
0 0.687025 0.781925 0.62595 0.43615 0.0017962
0 0.220858 0.408081 0.427312 0.276463 0.00178212
0 0.906156 0.123292 0.0746388 0.0551682 0.00177338
0 0.6601 0.480199 0.654468 0.232471 0.00176839
0 0.192752 0.123506 0.13608 0.0655682 0.00176533
0 0.871916 0.787843 0.256104 0.369839 0.00176094
0 0.560339 0.494056 0.579145 0.239189 0.00175309
0 0.611033 0.329838 0.567391 0.248602 0.00175217
0 0.0558189 0.00953491 0.111638 0.0190698 0.00174729
0 0.271574 0.508528 0.397724 0.23279 0.00173683
0 0.665908 0.851346 0.668183 0.284835 0.00173476
0 0.251585 0.671247 0.165443 0.0834517 0.00171504
2 0.360376 0.582228 0.31459 0.13104 0.00171229
0 0.309928 0.436409 0.365618 0.275725 0.00170594
0 0.419743 0.344838 0.579152 0.306001 0.0016881
0 0.846282 0.31379 0.259707 0.29876 0.00168527
0 0.44116 0.591292 0.165069 0.160713 0.00167121
0 0.808451 0.782807 0.383097 0.401408 0.00166742
0 0.341647 0.421364 0.454909 0.225 0.00166506
0 0.87246 0.257049 0.242306 0.351025 0.00166499
0 0.485891 0.367333 0.517853 0.233795 0.00165818
0 0.750238 0.901626 0.484967 0.181149 0.00165624
0 0.775153 0.328104 0.378206 0.368738 0.00165604
0 0.291301 0.207472 0.0785598 0.0502373 0.00165584
0 0.200576 0.121036 0.165581 0.141407 0.00164125
0 0.0091404 0.194013 0.0179446 0.0909741 0.0016411
0 0.0164843 0.215347 0.0329686 0.260087 0.00161986
0 0.945534 0.0103092 0.108933 0.0206184 0.00161765
0 0.778557 0.248676 0.442886 0.38926 0.00160688
0 0.473807 0.425187 0.393639 0.194778 0.00158989
0 0.870083 0.877282 0.256517 0.233439 0.00158089
0 0.493771 0.584526 0.0440307 0.0292244 0.00157647
0 0.850183 0.909872 0.297572 0.163996 0.00157345
0 0.872267 0.395779 0.0948166 0.0489495 0.00156855
0 0.718215 0.0898638 0.0574525 0.0416342 0.0015544
0 0.842483 0.40497 0.180735 0.139812 0.00154052
0 0.91275 0.00753045 0.142369 0.0150609 0.00153682
0 0.819131 0.872984 0.357803 0.244772 0.0015182
0 0.193823 0.665816 0.0511038 0.0552565 0.00151763
0 0.00883815 0.136671 0.0174346 0.105873 0.00151378
0 0.896491 0.0844976 0.153653 0.117394 0.00149293
0 0.0124007 0.0315418 0.0243153 0.0630835 0.00148528
0 0.592219 0.988373 0.0589063 0.0225712 0.00147552
0 0.565221 0.990417 0.203126 0.019165 0.00146704
0 0.00872955 0.396489 0.017396 0.081005 0.00146526
0 0.465589 0.95851 0.0288193 0.0226284 0.00145732
0 0.0199009 0.181902 0.0398017 0.336752 0.00144601
0 0.0801755 0.00963868 0.160351 0.0192774 0.00144221
0 0.0416215 0.0216191 0.083243 0.0426972 0.00141932
0 0.272238 0.223998 0.123366 0.110022 0.00141171
2 0.801939 0.453469 0.101112 0.0970058 0.00139043
0 0.954606 0.0973867 0.0892258 0.194773 0.00138647
0 0.539478 0.406288 0.0221891 0.0251385 0.00138088
2 0.47297 0.56105 0.0825664 0.0783225 0.00136634
0 0.631342 0.990257 0.150121 0.0189762 0.00136584
0 0.282929 0.688321 0.230939 0.130645 0.00136047
0 0.265157 0.238976 0.138562 0.133333 0.0013408
0 0.247929 0.273668 0.0658485 0.0531941 0.00131204
0 0.0900272 0.0274692 0.177296 0.0546711 0.00130892
0 0.00963058 0.20552 0.0188847 0.136593 0.00130683
0 0.0177351 0.13525 0.0353405 0.2705 0.00129241
0 0.644252 0.986803 0.220159 0.0255007 0.00128319
0 0.793888 0.00870142 0.196271 0.0174028 0.00128159
0 0.00879395 0.776815 0.0173242 0.0725404 0.00128034
2 0.886301 0.0955579 0.141189 0.0955738 0.00127843
0 0.0191126 0.297673 0.0382252 0.371341 0.00127398
0 0.605311 0.984506 0.268908 0.0303986 0.00127356
0 0.943744 0.0940556 0.11196 0.104461 0.00126681
1 0.889182 0.0727174 0.221637 0.144864 0.00126175
0 0.0252889 0.0705186 0.0505777 0.141037 0.00123708
0 0.00947481 0.304032 0.0186573 0.129791 0.00123273
0 0.949217 0.0293713 0.101565 0.0587427 0.00123056
2 0.43853 0.695427 0.17272 0.194334 0.00121894
0 0.29157 0.697925 0.16978 0.158722 0.00120871
0 0.256918 0.19206 0.145263 0.0567103 0.00118656
0 0.00941165 0.0850463 0.0184872 0.0913289 0.00118401
1 0.266247 0.699569 0.19035 0.152819 0.00118132
2 0.292803 0.716184 0.0651158 0.120865 0.00116348
1 0.889895 0.135768 0.112328 0.0845122 0.00114871
2 0.95194 0.0825733 0.0947197 0.165147 0.00114584
0 0.437295 0.546665 0.117335 0.0536941 0.00113949
0 0.0254194 0.897365 0.0508389 0.205271 0.00112197
0 0.311028 0.212143 0.0396046 0.0391333 0.00111739
0 0.253207 0.267786 0.175986 0.111069 0.0011134
0 0.260008 0.286937 0.0381151 0.0266252 0.0011074
0 0.136311 0.133278 0.272623 0.118191 0.0011047
0 0.778006 0.473685 0.0513054 0.0432197 0.00110352
0 0.0248991 0.871812 0.0496384 0.256377 0.00109955
0 0.954754 0.155548 0.0904664 0.311097 0.00109821
0 0.00918836 0.625266 0.0183675 0.0852345 0.00109713
0 0.986286 0.0883061 0.0266262 0.0895608 0.00109298
0 0.0202592 0.385221 0.0405183 0.349213 0.00108619
0 0.398663 0.738668 0.301096 0.0822421 0.00108456
0 0.277766 0.969176 0.25942 0.0612385 0.00108044
0 0.00918985 0.373371 0.0182343 0.127941 0.00107905
2 0.833467 0.436195 0.193208 0.133445 0.0010773
0 0.106096 0.954148 0.212192 0.0917032 0.00107486
0 0.474712 0.959304 0.117403 0.0710886 0.00106599
0 0.19698 0.0983826 0.178136 0.156597 0.00105851
0 0.0207507 0.113748 0.0414973 0.227497 0.00105827
0 0.908835 0.436143 0.182331 0.124781 0.00105342
0 0.0975064 0.052226 0.192967 0.103976 0.0010505
0 0.905937 0.410671 0.0439863 0.0258398 0.00104972
0 0.0404915 0.927712 0.080983 0.144575 0.00104593
0 0.019751 0.771998 0.039502 0.356716 0.00104137
0 0.0167591 0.292667 0.0332129 0.137919 0.00103722
0 0.832697 0.488985 0.173979 0.217972 0.00103191
1 0.371773 0.743454 0.247099 0.0801724 0.00103176
0 0.663685 0.977419 0.259335 0.0447495 0.00101897
0 0.282237 0.654233 0.242005 0.08445 0.00101814
0 0.00875048 0.793962 0.017071 0.075294 0.00101767
2 0.863687 0.0772773 0.214063 0.134027 0.001013
0 0.836797 0.46176 0.143194 0.0641895 0.00101088
0 0.00933328 0.64257 0.0185461 0.0968481 0.0010093
0 0.0217578 0.58313 0.0435156 0.42705 0.00100657
0 0.0242935 0.722755 0.048587 0.421621 0.00100027
0 0.327817 0.961932 0.303667 0.0761358 0.000994588
0 0.138962 0.961533 0.257593 0.0769347 0.000989872
2 0.918194 0.0557244 0.163612 0.111449 0.000988249
