1 0.649714 0.552517 0.371026 0.464129 0.964084
2 0.269122 0.510637 0.247859 0.342472 0.665146
0 0.0386119 0.379877 0.0772239 0.144698 0.543739
1 0.270018 0.510091 0.247574 0.341023 0.490776
0 0.0385809 0.31166 0.076037 0.282274 0.115868
1 0.649067 0.65444 0.377117 0.643494 0.109587
0 0.039585 0.419764 0.0779867 0.365568 0.0529562
0 0.0101898 0.377447 0.0203797 0.124838 0.0463655
1 0.267641 0.664821 0.257356 0.644596 0.03913
1 0.647851 0.65257 0.374189 0.450025 0.0320034
0 0.0397037 0.338018 0.0794074 0.50938 0.0292845
1 0.922044 0.485969 0.155911 0.914504 0.0247922
1 0.818622 0.486045 0.362756 0.933443 0.0215927
0 0.0380879 0.409179 0.0761758 0.217904 0.0213122
1 0.710735 0.449965 0.57853 0.899931 0.0206883
1 0.881399 0.517602 0.237202 0.91531 0.0180676
1 0.975459 0.385605 0.0489593 0.387664 0.0176944
1 0.973539 0.279742 0.0524498 0.307243 0.0175215
1 0.55466 0.65415 0.598973 0.67802 0.0173015
0 0.0154722 0.37746 0.0309444 0.137099 0.0136872
1 0.979247 0.305417 0.0407993 0.442723 0.0135523
0 0.0774677 0.387292 0.15269 0.54917 0.0129738
1 0.385116 0.509806 0.514488 0.367227 0.011344
2 0.98091 0.425961 0.0376869 0.652318 0.0110175
1 0.974281 0.438301 0.0510538 0.544228 0.0104577
0 0.129507 0.354648 0.258144 0.619487 0.00994503
1 0.974102 0.28675 0.0515522 0.512985 0.00988468
1 0.947994 0.461044 0.104012 0.922088 0.00979892
2 0.982237 0.36097 0.035353 0.296903 0.00957965
1 0.721357 0.454897 0.518082 0.669291 0.00952541
1 0.652316 0.638856 0.3641 0.296184 0.00934011
2 0.969761 0.267091 0.0600578 0.534182 0.00867965
1 0.505693 0.562843 0.702443 0.4938 0.00815332
1 0.981234 0.456901 0.0367645 0.729956 0.00812968
0 0.0424309 0.502568 0.0836614 0.676937 0.00800673
0 0.0389451 0.245177 0.0776991 0.489661 0.0077779
1 0.828922 0.626456 0.342157 0.747087 0.00772036
1 0.622245 0.353426 0.75551 0.706851 0.007121
1 0.371652 0.406581 0.583454 0.579867 0.00688824
0 0.0583948 0.582166 0.0174624 0.0370148 0.00644537
1 0.675997 0.738104 0.341169 0.523793 0.0059462
1 0.394426 0.658986 0.528387 0.682028 0.00575509
1 0.434294 0.444496 0.817996 0.569898 0.00560709
0 0.981896 0.282536 0.0362085 0.441182 0.00539745
1 0.96953 0.226065 0.0605517 0.45213 0.00530541
1 0.223674 0.49903 0.344983 0.369611 0.00501507
1 0.952246 0.329115 0.0955075 0.65823 0.00498128
0 0.236787 0.477656 0.450257 0.447738 0.00472505
0 0.104114 0.542721 0.204965 0.743427 0.00452881
1 0.226538 0.635001 0.405561 0.729999 0.00449572
1 0.606838 0.535333 0.27972 0.426342 0.00444902
1 0.945317 0.308682 0.109366 0.252516 0.00431504
1 0.54285 0.505918 0.539625 0.659676 0.00424844
0 0.34899 0.370351 0.497285 0.631743 0.0041858
1 0.751128 0.551027 0.497743 0.662514 0.00416073
1 0.0509538 0.569824 0.100839 0.804403 0.00415045
1 0.265284 0.559731 0.256277 0.235234 0.0041347
0 0.267798 0.389702 0.367971 0.592119 0.00411771
0 0.20869 0.366304 0.41738 0.658791 0.00407021
1 0.813244 0.722532 0.372153 0.554936 0.00405431
0 0.080457 0.384658 0.160914 0.139587 0.00403228
1 0.934563 0.285925 0.130213 0.316048 0.00402848
1 0.570924 0.271733 0.830922 0.543467 0.00391778
1 0.634372 0.435868 0.461652 0.814904 0.00379172
2 0.984047 0.339893 0.0313575 0.174561 0.00376359
0 0.980934 0.33159 0.0366783 0.234678 0.00375084
1 0.721316 0.654676 0.218284 0.246501 0.00372459
1 0.0871315 0.607741 0.174263 0.76502 0.00367972
1 0.620835 0.187026 0.740446 0.374052 0.00364464
0 0.985523 0.327501 0.0278881 0.194304 0.00363018
1 0.388693 0.353598 0.686961 0.707196 0.00359908
1 0.957599 0.393095 0.0848021 0.302221 0.00352562
0 0.217777 0.505854 0.142671 0.343181 0.00351594
0 0.944158 0.2343 0.111056 0.4686 0.00350703
1 0.748689 0.777637 0.286065 0.444725 0.00345177
1 0.766072 0.662598 0.467857 0.582182 0.00332602
1 0.957008 0.333171 0.0859845 0.205332 0.00330847
1 0.568997 0.0876804 0.708545 0.175361 0.00326973
1 0.150391 0.622218 0.299682 0.745112 0.00326967
1 0.979487 0.572039 0.0396961 0.782949 0.00324031
1 0.618781 0.809962 0.422506 0.380075 0.00319393
0 0.985984 0.300797 0.0264715 0.293742 0.00315307
1 0.971712 0.531209 0.0565466 0.585934 0.00308559
0 0.928451 0.25015 0.143098 0.5003 0.00301215
1 0.817089 0.799528 0.329868 0.398706 0.00298792
0 0.0298844 0.284922 0.0597263 0.569843 0.00285252
0 0.0835205 0.253588 0.167041 0.507176 0.00284382
0 0.893238 0.231433 0.213524 0.462867 0.00277777
0 0.979934 0.380553 0.0374405 0.31556 0.00267015
1 0.51366 0.423902 0.739507 0.805707 0.00266617
1 0.199027 0.767125 0.398054 0.442532 0.00265198
1 0.640553 0.942198 0.416414 0.115605 0.00260651
1 0.0960866 0.764401 0.192173 0.432631 0.00256745
0 0.152652 0.941774 0.305304 0.116453 0.00256252
0 0.827672 0.254511 0.344655 0.509021 0.0025612
1 0.737625 0.930191 0.335355 0.139618 0.00256043
0 0.393599 0.948768 0.370222 0.102464 0.00253857
1 0.842216 0.860181 0.315567 0.279638 0.00253687
1 0.65728 0.669949 0.314677 0.212668 0.00247494
1 0.604722 0.601127 0.275967 0.335145 0.00247154
1 0.0885471 0.898125 0.177094 0.203749 0.00247061
0 0.500405 0.946581 0.40903 0.106839 0.00246218
0 0.295089 0.945737 0.390111 0.108526 0.0024582
1 0.568587 0.943806 0.446366 0.112388 0.00243637
0 0.166278 0.842037 0.319926 0.294871 0.00242221
1 0.768113 0.383459 0.462006 0.766918 0.00239655
0 0.108878 0.928352 0.217756 0.143297 0.00236002
1 0.306653 0.856049 0.331658 0.272636 0.00235041
1 0.701051 0.213191 0.585587 0.426382 0.00234762
0 0.115799 0.188583 0.231597 0.377166 0.00234256
0 0.0910598 0.816593 0.18212 0.333947 0.00234149
1 0.251285 0.851057 0.344286 0.277706 0.00233532
1 0.533678 0.845942 0.419115 0.302034 0.00232482
1 0.815757 0.924114 0.355048 0.151772 0.00230405
0 0.414339 0.860575 0.377577 0.269707 0.00226812
0 0.454859 0.315889 0.792335 0.629651 0.00226539
1 0.364909 0.855833 0.352562 0.276695 0.00226136
0 0.111293 0.13616 0.222586 0.272321 0.00222525
1 0.538038 0.111874 0.829197 0.223749 0.00220873
0 0.482349 0.863158 0.422513 0.264878 0.00220665
0 0.751955 0.272657 0.495061 0.545314 0.00217869
0 0.167518 0.128467 0.335035 0.256933 0.00216315
1 0.949876 0.449077 0.100247 0.482778 0.0021493
0 0.182007 0.0834954 0.34162 0.166991 0.00211674
0 0.186893 0.190415 0.373786 0.38083 0.00209422
0 0.24236 0.0881717 0.402939 0.176343 0.00209211
0 0.484461 0.185574 0.744803 0.371148 0.00206257
0 0.435063 0.116834 0.65567 0.233668 0.00202538
0 0.346912 0.275674 0.666453 0.537911 0.00198096
0 0.261338 0.16595 0.468532 0.327906 0.0019302
0 0.20272 0.220542 0.0175233 0.0268478 0.00190171
1 0.0397104 0.505012 0.0794207 0.782376 0.00189423
1 0.0478501 0.463873 0.0957003 0.393389 0.0018163
0 0.226809 0.42189 0.165366 0.1677 0.001764
1 0.779157 0.661878 0.0960478 0.222702 0.00174015
1 0.29075 0.592319 0.206125 0.190821 0.00172571
1 0.931265 0.229894 0.136341 0.432925 0.00166315
0 0.969475 0.336114 0.0608465 0.20895 0.00164005
0 0.0203298 0.299537 0.0406595 0.599073 0.00160978
2 0.972157 0.35267 0.0535423 0.264734 0.00159309
0 0.97416 0.331854 0.0488636 0.269034 0.00153104
0 0.0112706 0.355778 0.022322 0.196756 0.00152815
0 0.0135302 0.117066 0.0268 0.122252 0.00152501
0 0.0106643 0.410364 0.0213287 0.273799 0.00148932
0 0.984393 0.400347 0.0300428 0.377155 0.00146919
1 0.925739 0.328077 0.148214 0.205245 0.00145872
0 0.210938 0.465927 0.12606 0.258378 0.00145369
1 0.972466 0.66472 0.0547882 0.594227 0.00137294
0 0.980426 0.437186 0.0386146 0.462742 0.00136644
2 0.288802 0.588554 0.209028 0.182001 0.0013399
0 0.0613548 0.233328 0.12271 0.326822 0.00131381
1 0.749267 0.665145 0.157769 0.22463 0.0012996
0 0.200449 0.522563 0.106518 0.300005 0.00128361
0 0.397175 0.932177 0.019865 0.0292647 0.00128027
1 0.56839 0.533033 0.198304 0.416335 0.0012772
0 0.0259618 0.542943 0.0519237 0.775175 0.00126633
0 0.0339834 0.359855 0.0679669 0.22611 0.00120912
1 0.291823 0.679682 0.20732 0.433338 0.00120702
1 0.979471 0.665409 0.0394409 0.669182 0.00116934
0 0.0169893 0.228415 0.033833 0.45683 0.00116771
0 0.0334985 0.367019 0.0669971 0.110187 0.00115689
0 0.0290052 0.888662 0.0580104 0.222676 0.00115465
0 0.111057 0.446715 0.222114 0.291686 0.00114516
0 0.988414 0.448761 0.0221704 0.379106 0.0011289
1 0.747696 0.766108 0.170587 0.457803 0.00112066
1 0.683191 0.693039 0.326055 0.166965 0.00110279
2 0.0175889 0.110057 0.0350815 0.220114 0.00108662
0 0.0213611 0.844014 0.0427222 0.292326 0.00108559
1 0.782907 0.691723 0.108383 0.346247 0.0010854
0 0.62172 0.0435756 0.0700305 0.0871513 0.0010821
0 0.425106 0.830645 0.050299 0.108125 0.00107898
2 0.0165156 0.140506 0.0328607 0.281011 0.00106465
0 0.437564 0.895083 0.120908 0.192706 0.00106251
0 0.0632956 0.280571 0.126591 0.561142 0.00104281
1 0.0573886 0.470241 0.113248 0.471958 0.00104169
2 0.21108 0.548738 0.128647 0.250048 0.00103703
0 0.192771 0.415703 0.215208 0.159572 0.00102435
0 0.0112204 0.270851 0.0223802 0.355359 0.00102298
1 0.54556 0.517983 0.148593 0.385672 0.0010224
1 0.970356 0.721438 0.059003 0.557124 0.00102035
0 0.424714 0.880785 0.0755102 0.187619 0.00101362
1 0.931187 0.423567 0.137625 0.338422 0.00101113
0 0.0115622 0.348996 0.0229668 0.289339 0.00100443
0 0.573703 0.0488249 0.378528 0.0976498 0.000999659
0 0.51686 0.60086 0.0939169 0.212334 0.000995088
0 0.0545775 0.923763 0.109155 0.152474 0.000994993
2 0.960198 0.90604 0.078283 0.187921 0.000993885
1 0.940976 0.806222 0.117563 0.387069 0.000988552
2 0.979387 0.737716 0.0392899 0.524568 0.000979768
2 0.209242 0.103319 0.249052 0.206639 0.000961849
0 0.291999 0.700699 0.216449 0.43456 0.000958887
0 0.0202492 0.738679 0.0404174 0.522642 0.000957765
0 0.605771 0.4105 0.270585 0.170016 0.000956206
2 0.966469 0.258428 0.0654997 0.516856 0.000951208
1 0.947804 0.527835 0.104392 0.494535 0.000950226
1 0.695267 0.614098 0.268845 0.338912 0.000949933
0 0.018441 0.624478 0.036882 0.751043 0.000946939
0 0.235946 0.905419 0.083495 0.169955 0.000943729
0 0.0706078 0.179432 0.141167 0.332359 0.000943172
2 0.0200055 0.771008 0.0399898 0.457984 0.000932904
0 0.0613964 0.57247 0.0309079 0.0703013 0.00092858
0 0.26871 0.496002 0.249648 0.315771 0.000913977
1 0.953939 0.769291 0.0917519 0.461417 0.000913737
0 0.403551 0.854355 0.10848 0.172055 0.000910833
0 0.129989 0.380887 0.259978 0.162796 0.000909162
1 0.315934 0.631989 0.155125 0.251099 0.000906996
2 0.975371 0.823444 0.048177 0.353112 0.000902742
0 0.0407658 0.356439 0.0541776 0.0751818 0.000897894
0 0.344575 0.727863 0.0777017 0.173267 0.00089477
1 0.221801 0.541796 0.152069 0.263621 0.000894404
0 0.47163 0.889466 0.186429 0.208517 0.000894147
0 0.341651 0.768796 0.0610916 0.0890204 0.000892182
0 0.48744 0.9474 0.211779 0.1052 0.000888789
1 0.333315 0.669043 0.121483 0.336571 0.000887175
0 0.14004 0.929729 0.0441355 0.0451206 0.000883599
2 0.963389 0.957114 0.0732219 0.0857712 0.000877147
0 0.931121 0.865592 0.137444 0.258045 0.000877116
0 0.230588 0.866802 0.0704589 0.127305 0.000867788
0 0.189649 0.904566 0.144405 0.175495 0.00086712
0 0.582195 0.273725 0.218827 0.321627 0.000865877
1 0.773656 0.792994 0.169912 0.414011 0.000864231
1 0.805817 0.664613 0.160726 0.239951 0.000863573
0 0.462885 0.906953 0.15191 0.175764 0.000863401
0 0.657504 0.191133 0.303663 0.382267 0.000861976
0 0.224054 0.867045 0.0564554 0.069528 0.000859926
0 0.0406699 0.876598 0.0813399 0.229481 0.000859637
0 0.0736104 0.0942541 0.147005 0.188508 0.000857414
0 0.0624317 0.994034 0.124863 0.0119321 0.000854167
0 0.0606874 0.519907 0.0558435 0.183959 0.00085404
2 0.964352 0.866403 0.0694229 0.267193 0.000850265
0 0.863201 0.181264 0.273597 0.323398 0.00084488
1 0.60383 0.426409 0.303172 0.212741 0.000844116
1 0.0802293 0.867028 0.159363 0.249521 0.000843881
0 0.0851228 0.891002 0.163153 0.201758 0.000843532
1 0.0625352 0.806641 0.12507 0.386717 0.000842271
0 0.537501 0.997646 0.185193 0.00470807 0.000838899
0 0.101951 0.340819 0.203903 0.237869 0.000838181
0 0.540159 0.468995 0.13457 0.28143 0.000838004
0 0.852919 0.227379 0.238239 0.271812 0.000835069
0 0.0128518 0.0870237 0.0252964 0.149537 0.00083342
1 0.941355 0.99505 0.11729 0.00989911 0.000832588
0 0.280353 0.765884 0.184935 0.309436 0.000832387
0 0.912963 0.995558 0.174073 0.00888434 0.000831178
1 0.0514632 0.838815 0.102926 0.310566 0.000827882
1 0.593428 0.0432021 0.312916 0.0864042 0.000827408
0 0.0287614 0.0996742 0.0575229 0.199348 0.000826979
0 0.225498 0.0897319 0.297556 0.179464 0.000826352
0 0.731689 0.177542 0.267848 0.355083 0.000826154
0 0.0462939 0.944097 0.0925878 0.111805 0.000826027
0 0.487314 0.996271 0.19429 0.00745892 0.000824009
0 0.13083 0.88369 0.238849 0.213018 0.00082227
0 0.501597 0.87852 0.226772 0.231829 0.000819744
0 0.0599849 0.889507 0.11997 0.20485 0.000817632
0 0.818381 0.227347 0.194433 0.30575 0.000816589
0 0.81909 0.260148 0.169836 0.231825 0.000815417
0 0.339976 0.996673 0.187034 0.00665503 0.000815279
1 0.0614323 0.745588 0.122865 0.508823 0.000814052
1 0.0937092 0.844012 0.185907 0.311976 0.000813443
1 0.3452 0.624997 0.096908 0.264308 0.000813366
0 0.681324 0.148226 0.30476 0.296453 0.000811942
0 0.51369 0.954395 0.225679 0.0912108 0.000811361
0 0.444271 0.955937 0.186912 0.0881253 0.000809514
2 0.535086 0.40126 0.108994 0.144947 0.000809008
0 0.0802873 0.216914 0.146553 0.171902 0.000808026
0 0.725513 0.794158 0.222561 0.411683 0.000807586
0 0.582571 0.400012 0.206946 0.142366 0.000804872
0 0.311008 0.145303 0.103138 0.118614 0.000804797
0 0.781404 0.202562 0.202293 0.405125 0.000803508
0 0.573378 0.233314 0.220306 0.466628 0.000802212
1 0.723992 0.574633 0.206981 0.437171 0.000802159
0 0.273213 0.606646 0.244126 0.141784 0.000801283
0 0.109299 0.899457 0.177078 0.184259 0.000800338
1 0.952832 0.646326 0.0943354 0.368532 0.000800297
0 0.20133 0.215797 0.0406647 0.0467414 0.00079773
0 0.227766 0.907784 0.127622 0.17004 0.000795835
0 0.535691 0.592774 0.130555 0.246122 0.000795125
0 0.740557 0.855971 0.195725 0.279351 0.000793153
0 0.095397 0.996943 0.179254 0.00611346 0.000793082
0 0.752389 0.219906 0.19009 0.370991 0.000790622
0 0.616613 0.0467796 0.222083 0.0935592 0.000790221
2 0.578375 0.890956 0.12667 0.204398 0.000789031
0 0.585972 0.997645 0.181403 0.00471051 0.000788908
0 0.546674 0.267295 0.195858 0.250664 0.000788906
0 0.531552 0.517278 0.12205 0.360355 0.000787954
0 0.558343 0.602889 0.176308 0.265476 0.00078683
0 0.93455 0.811654 0.130669 0.376692 0.000786158
2 0.093353 0.887395 0.175925 0.204741 0.000786076
0 0.292005 0.99661 0.178699 0.00677991 0.00078601
0 0.852205 0.155367 0.25369 0.310734 0.000785049
2 0.421663 0.0992067 0.202321 0.198413 0.000784787
0 0.888849 0.996222 0.190646 0.00755548 0.000784632
0 0.521551 0.893995 0.176567 0.198763 0.00078439
0 0.861134 0.263451 0.228497 0.217145 0.00078438
0 0.788138 0.162183 0.152372 0.324366 0.000783831
2 0.958981 0.149343 0.0820383 0.298687 0.000782796
0 0.754751 0.254453 0.135604 0.259309 0.000782074
0 0.219008 0.570359 0.146256 0.208063 0.000782046
0 0.0848945 0.186568 0.157031 0.195667 0.000778904
0 0.424782 0.817725 0.0375163 0.0547344 0.000778149
2 0.11838 0.84543 0.231928 0.308086 0.000775905
