1 0.574093 0.304845 0.54747 0.253596 0.873645
0 0.158573 0.852182 0.0566619 0.0557957 0.560924
0 0.750969 0.754627 0.0403152 0.0421246 0.471392
2 0.454131 0.869237 0.231742 0.162493 0.348755
1 0.471736 0.869179 0.267336 0.163765 0.266613
2 0.159389 0.851838 0.0589192 0.0593205 0.163444
1 0.571329 0.468086 0.565914 0.582902 0.06291
1 0.388306 0.874449 0.449047 0.183607 0.0618901
1 0.4705 0.304596 0.345564 0.252067 0.0596383
1 0.440982 0.887413 0.347889 0.201954 0.04383
2 0.470086 0.308402 0.353749 0.253957 0.0367559
0 0.474805 0.869713 0.270779 0.162892 0.0347906
1 0.468278 0.38059 0.348284 0.416984 0.0334943
1 0.509282 0.891981 0.345922 0.216038 0.0247981
0 0.577537 0.920782 0.0513439 0.0491032 0.0175428
1 0.474644 0.891693 0.700442 0.209777 0.0174634
1 0.62343 0.883484 0.586821 0.228392 0.0167887
1 0.464902 0.478289 0.376701 0.62424 0.0166675
1 0.539453 0.86959 0.664607 0.2032 0.0164637
1 0.403218 0.535243 0.595979 0.734569 0.0140453
2 0.746901 0.25911 0.179109 0.113318 0.0123176
1 0.595156 0.868397 0.746072 0.263205 0.0119188
1 0.570262 0.246873 0.557105 0.386445 0.0108568
1 0.467139 0.556079 0.832312 0.82602 0.0106923
1 0.488711 0.352868 0.461084 0.356936 0.00915949
1 0.607646 0.803753 0.618544 0.383965 0.00787965
1 0.493521 0.373434 0.202164 0.109857 0.00716681
1 0.199146 0.8534 0.146892 0.0592455 0.00611818
0 0.565813 0.236361 0.554924 0.380514 0.00598148
2 0.533234 0.265452 0.465851 0.1742 0.00565036
0 0.57644 0.281834 0.562432 0.215717 0.00529347
0 0.745568 0.258622 0.180435 0.113811 0.00520522
1 0.440595 0.787281 0.762538 0.383292 0.00496541
1 0.519908 0.872459 0.177829 0.150632 0.00480937
0 0.641025 0.261696 0.397921 0.162623 0.0048054
1 0.35948 0.797885 0.548606 0.349993 0.00472913
0 0.73862 0.756399 0.0703565 0.0506759 0.00449461
1 0.158445 0.856767 0.0680981 0.06821 0.00435766
0 0.471193 0.264767 0.348273 0.170151 0.00400621
1 0.135512 0.852279 0.109653 0.0577439 0.003924
0 0.757846 0.753372 0.0577924 0.0454121 0.00380806
1 0.487859 0.268337 0.630751 0.35164 0.00373238
0 0.645063 0.195456 0.685933 0.338113 0.00367534
0 0.487194 0.371042 0.214734 0.114893 0.0035511
0 0.750611 0.757843 0.0466938 0.0525243 0.00350792
0 0.357716 0.865764 0.480711 0.213939 0.00350736
2 0.664296 0.255724 0.349939 0.146653 0.00350382
0 0.544078 0.910156 0.121842 0.0762163 0.00332693
2 0.57938 0.233628 0.137045 0.104553 0.00330843
0 0.35492 0.801906 0.501637 0.346862 0.00330602
1 0.74169 0.259451 0.183999 0.117068 0.00320939
1 0.518923 0.211002 0.668089 0.422003 0.00306855
0 0.726382 0.756936 0.0987686 0.0518862 0.00297704
1 0.374902 0.908766 0.644805 0.182468 0.00297592
1 0.651455 0.937376 0.692437 0.125248 0.00296099
1 0.616965 0.497345 0.704645 0.686195 0.0028882
1 0.439137 0.35438 0.676626 0.448539 0.00288412
1 0.425755 0.438365 0.652969 0.581295 0.00286189
2 0.667885 0.31877 0.66423 0.309017 0.00280437
0 0.642542 0.875832 0.69722 0.248335 0.0027758
0 0.590076 0.227078 0.107489 0.090226 0.00273604
2 0.580572 0.920808 0.0462555 0.0453297 0.00270012
0 0.332348 0.897012 0.489392 0.18775 0.0026969
0 0.766725 0.957977 0.46655 0.0840464 0.00268809
1 0.455145 0.366501 0.29825 0.125698 0.00268661
0 0.570317 0.91026 0.0669466 0.0788754 0.00264395
0 0.466934 0.746168 0.847485 0.493581 0.0026391
0 0.535421 0.868089 0.141378 0.161134 0.00263557
2 0.674359 0.250389 0.644759 0.338514 0.00261509
0 0.893324 0.122682 0.213351 0.245363 0.00260307
0 0.458747 0.283635 0.709541 0.386858 0.00254503
0 0.781257 0.945833 0.437487 0.108334 0.0025399
0 0.616883 0.792358 0.691815 0.415284 0.00253144
0 0.784608 0.905954 0.424007 0.185367 0.00252851
0 0.456661 0.610943 0.854065 0.778114 0.00249316
1 0.645178 0.266354 0.383439 0.151643 0.00246978
0 0.819281 0.878344 0.35238 0.240926 0.00246915
0 0.377964 0.52772 0.755928 0.758688 0.00246001
0 0.130606 0.741571 0.261212 0.32945 0.00243935
2 0.757333 0.75437 0.0559811 0.0429142 0.0024369
1 0.577944 0.158552 0.565847 0.315498 0.00243034
1 0.487267 0.11814 0.669231 0.235315 0.00242927
0 0.488127 0.190713 0.645169 0.37601 0.00242788
1 0.242646 0.864403 0.25102 0.0892181 0.00242484
0 0.827061 0.161143 0.330585 0.31043 0.00242375
0 0.12614 0.938312 0.252281 0.123375 0.00240924
0 0.442375 0.117449 0.721506 0.234627 0.00240137
0 0.125699 0.197754 0.251397 0.266874 0.00239527
0 0.871559 0.129726 0.239036 0.258131 0.00239404
1 0.112329 0.853118 0.156491 0.0631853 0.00238576
0 0.290633 0.928817 0.57044 0.142367 0.00238402
0 0.848285 0.107612 0.30046 0.213302 0.00238065
0 0.123823 0.829064 0.247647 0.231283 0.0023703
0 0.785027 0.187008 0.416343 0.330841 0.00236134
0 0.143871 0.401735 0.287741 0.485663 0.0023563
0 0.345234 0.186896 0.446803 0.357562 0.00235175
0 0.144385 0.561437 0.288771 0.596576 0.00234837
0 0.856371 0.85578 0.273243 0.286162 0.00234464
0 0.133841 0.258289 0.267683 0.332724 0.00234236
0 0.725625 0.839399 0.5192 0.321201 0.0023371
0 0.127425 0.684255 0.254849 0.478024 0.00233576
0 0.829237 0.758968 0.320395 0.262163 0.00233506
1 0.502097 0.362755 0.240105 0.132654 0.00232983
2 0.151692 0.839704 0.076067 0.0804084 0.00231992
0 0.873561 0.16362 0.252878 0.327239 0.00231776
0 0.116362 0.158634 0.232724 0.259322 0.00231136
0 0.339016 0.0791989 0.486521 0.157618 0.00231126
0 0.327105 0.754438 0.574343 0.453013 0.00231006
0 0.117076 0.0983246 0.234153 0.196649 0.00230297
0 0.395422 0.22543 0.575506 0.414168 0.0022905
0 0.814637 0.710195 0.350473 0.273655 0.00226382
1 0.546585 0.899432 0.117739 0.0956097 0.00226016
0 0.123282 0.902596 0.246564 0.169224 0.00225928
0 0.250511 0.0860147 0.433907 0.171378 0.00225297
0 0.255087 0.776866 0.411154 0.352386 0.00224984
0 0.347014 0.359219 0.605604 0.532497 0.00224031
0 0.316276 0.133834 0.442298 0.25834 0.00223909
0 0.843851 0.751848 0.312298 0.339418 0.00223015
0 0.112328 0.876164 0.224655 0.181591 0.00222495
0 0.762001 0.27249 0.474656 0.310075 0.00221701
0 0.843919 0.868549 0.312161 0.262902 0.00221597
0 0.169765 0.728923 0.316286 0.399787 0.00220644
1 0.23856 0.851067 0.244963 0.0732074 0.00220074
0 0.112587 0.116561 0.225174 0.227535 0.00219782
0 0.856654 0.807246 0.286693 0.349052 0.0021955
0 0.226702 0.21601 0.329168 0.385111 0.00218441
0 0.753722 0.109557 0.461507 0.217508 0.0021807
0 0.298695 0.250736 0.487843 0.451688 0.00217682
0 0.15261 0.0885704 0.284168 0.177141 0.00217279
0 0.631944 0.151585 0.532535 0.299778 0.00216334
1 0.618748 0.109498 0.549861 0.2171 0.00216212
0 0.56897 0.920932 0.0736595 0.0537738 0.00215382
0 0.244855 0.887515 0.449188 0.179007 0.00215204
0 0.781505 0.24484 0.43699 0.383965 0.00214513
0 0.213115 0.832888 0.389096 0.230754 0.0021381
0 0.169843 0.201647 0.297696 0.330365 0.00213728
0 0.709442 0.142371 0.505273 0.280023 0.00213205
0 0.787111 0.352235 0.425779 0.440526 0.0021269
0 0.860906 0.67264 0.278189 0.374507 0.00212394
0 0.319098 0.472563 0.562933 0.708471 0.0021142
0 0.176064 0.371222 0.323305 0.598653 0.00211147
0 0.815932 0.81324 0.330703 0.373521 0.00211061
2 0.631372 0.396237 0.737255 0.440378 0.00208484
0 0.204877 0.127566 0.319308 0.243718 0.00208254
0 0.803353 0.444466 0.393294 0.477565 0.00206671
0 0.179493 0.511468 0.342097 0.754139 0.00206185
0 0.347781 0.718875 0.695562 0.550236 0.00205126
0 0.200346 0.726519 0.391694 0.493443 0.00205034
0 0.683564 0.488543 0.630121 0.652045 0.00203347
0 0.870978 0.556645 0.258045 0.430286 0.0020332
0 0.7772 0.726547 0.391629 0.351535 0.00203039
0 0.842018 0.498231 0.315964 0.474908 0.00202977
0 0.45023 0.348723 0.310903 0.159393 0.00202586
0 0.747699 0.342884 0.504602 0.347904 0.00202417
0 0.160137 0.649604 0.304541 0.618105 0.00202261
0 0.266866 0.730358 0.533731 0.508275 0.00200923
1 0.448257 0.884153 0.221957 0.166188 0.00196796
0 0.720484 0.433213 0.559032 0.436359 0.00193593
2 0.500663 0.364696 0.193889 0.126144 0.00193024
0 0.23099 0.588469 0.412944 0.767077 0.00189499
0 0.755886 0.491291 0.486338 0.453626 0.00188628
2 0.106069 0.837438 0.201215 0.085992 0.0018582
0 0.800505 0.629124 0.381396 0.32103 0.00185329
0 0.788716 0.56921 0.412896 0.370336 0.00184029
0 0.617343 0.572707 0.63788 0.835721 0.00181898
2 0.722887 0.25011 0.13066 0.0927899 0.00179271
0 0.685753 0.752674 0.599009 0.422709 0.00177473
0 0.709614 0.683998 0.535158 0.507994 0.00177403
0 0.69607 0.588111 0.569872 0.744009 0.00175378
1 0.477652 0.933088 0.317763 0.131054 0.0017212
0 0.421826 0.312913 0.252396 0.233131 0.00171326
0 0.749609 0.240332 0.18291 0.15706 0.00163825
2 0.503502 0.389047 0.185682 0.0746278 0.00153251
1 0.110271 0.87417 0.174321 0.108464 0.00150108
2 0.483872 0.377836 0.214722 0.0995357 0.00149162
0 0.848534 0.973478 0.262107 0.0522697 0.00145006
0 0.866806 0.967443 0.266389 0.0645004 0.00142933
0 0.897128 0.919392 0.204152 0.155901 0.00142374
0 0.389132 0.266646 0.181893 0.146053 0.00139689
1 0.527973 0.952588 0.438683 0.0943402 0.0013886
2 0.43617 0.849 0.181688 0.121416 0.00136802
0 0.82647 0.979615 0.164062 0.040567 0.00131923
0 0.855619 0.759414 0.27348 0.0686817 0.00130366
0 0.280955 0.0261292 0.342324 0.0505145 0.00125711
0 0.15018 0.865743 0.0407157 0.0335994 0.00125043
0 0.709206 0.253718 0.25044 0.134553 0.00123852
0 0.263343 0.0152847 0.274994 0.0305695 0.00123413
1 0.2028 0.906291 0.18339 0.1757 0.00123395
0 0.771604 0.75494 0.0854667 0.0479911 0.00123351
2 0.390002 0.859177 0.332937 0.147033 0.00123178
1 0.490095 0.383159 0.216514 0.1492 0.00122981
0 0.527053 0.250656 0.305133 0.140812 0.00122369
0 0.809181 0.969168 0.284813 0.0614035 0.00121418
1 0.695499 0.312143 0.28977 0.231661 0.00120589
0 0.448857 0.851118 0.216701 0.160904 0.00120541
0 0.92983 0.903344 0.137065 0.188346 0.00119528
0 0.846248 0.74807 0.251924 0.0634506 0.00116615
0 0.853396 0.957464 0.293208 0.083751 0.00115711
2 0.394636 0.838819 0.0888111 0.0967881 0.00115653
1 0.333342 0.862021 0.354482 0.156854 0.0011473
1 0.631774 0.315637 0.41308 0.24345 0.00113515
1 0.172357 0.90309 0.167191 0.166859 0.00112975
1 0.569174 0.336755 0.386893 0.183804 0.00111596
0 0.877324 0.89773 0.245186 0.203175 0.00110677
1 0.243199 0.839884 0.284216 0.0918327 0.00110265
1 0.758732 0.26499 0.152586 0.156268 0.00109102
0 0.418585 0.2512 0.244504 0.118181 0.00105956
2 0.306106 0.965064 0.455355 0.0697571 0.00105623
1 0.280003 0.863448 0.382638 0.100517 0.00105386
2 0.528458 0.388924 0.127414 0.0723613 0.00105201
0 0.78058 0.979077 0.239618 0.0417976 0.00104932
0 0.329299 0.275515 0.0609479 0.0645168 0.0010491
1 0.436386 0.942333 0.370849 0.11147 0.00104018
1 0.732629 0.305782 0.206814 0.220602 0.00103523
1 0.601445 0.959526 0.432455 0.0809487 0.00103164
0 0.648229 0.237992 0.321491 0.120175 0.00102582
2 0.401623 0.850439 0.111086 0.123658 0.00102371
0 0.593072 0.218361 0.0952969 0.0682925 0.00102083
0 0.268132 0.963197 0.466618 0.0735939 0.00101736
2 0.591977 0.220815 0.103265 0.0751234 0.000997965
0 0.713701 0.780102 0.12275 0.10245 0.000997894
0 0.862056 0.924707 0.275889 0.147725 0.000983477
0 0.568677 0.0324912 0.461947 0.0637123 0.000977102
0 0.445631 0.82451 0.183899 0.0737125 0.000973756
0 0.256769 0.0206036 0.305616 0.0412072 0.000971073
2 0.186917 0.851873 0.128387 0.060334 0.00096715
1 0.54169 0.370795 0.291745 0.117311 0.000966163
0 0.404596 0.832036 0.0977824 0.0844765 0.000965366
0 0.885182 0.94582 0.229636 0.107673 0.000965102
1 0.0970781 0.835059 0.194156 0.10596 0.000958125
0 0.331097 0.967442 0.413411 0.0649189 0.000956607
1 0.623392 0.936928 0.377454 0.120026 0.000954944
0 0.920964 0.877545 0.155307 0.24491 0.000945205
1 0.479953 0.428066 0.255258 0.330193 0.000942948
0 0.303763 0.0113747 0.254241 0.0227494 0.000929252
1 0.825421 0.77336 0.202183 0.0905705 0.000925034
0 0.475 0.455484 0.331226 0.293546 0.000923188
1 0.754988 0.285693 0.164362 0.21467 0.000922518
0 0.463351 0.416028 0.270968 0.240052 0.000920601
0 0.612819 0.312119 0.458667 0.244032 0.000917518
0 0.692096 0.754098 0.159906 0.0509365 0.000917008
0 0.525922 0.850065 0.303784 0.2197 0.00091175
1 0.850216 0.793085 0.28934 0.151562 0.000911464
0 0.286129 0.837681 0.37044 0.102778 0.000908267
0 0.415111 0.818258 0.0952932 0.0565826 0.00090655
1 0.228919 0.905162 0.308833 0.189677 0.000905966
0 0.652808 0.960977 0.519496 0.0780466 0.00090305
1 0.308272 0.843957 0.462318 0.115531 0.000900314
0 0.340488 0.03023 0.453175 0.0599117 0.000899941
0 0.529333 0.905768 0.154141 0.086071 0.000898986
1 0.0993674 0.886205 0.192404 0.150381 0.000898347
2 0.914175 0.952225 0.171649 0.0955505 0.000897456
0 0.897642 0.212969 0.200721 0.185294 0.000896997
0 0.771548 0.801654 0.119195 0.148624 0.000896012
0 0.249298 0.91229 0.408429 0.17542 0.000895036
1 0.710309 0.319486 0.259056 0.310953 0.000890801
0 0.545109 0.467993 0.242858 0.261241 0.000889323
1 0.534165 0.390907 0.121251 0.0687682 0.000883939
2 0.908709 0.935663 0.182105 0.127887 0.000883588
0 0.804518 0.213529 0.301951 0.218163 0.000874137
0 0.357331 0.540767 0.131627 0.07596 0.000866411
0 0.855383 0.737601 0.283 0.120203 0.000862975
0 0.467 0.489224 0.359312 0.206118 0.000860864
2 0.154712 0.967754 0.276065 0.0642445 0.000858193
0 0.0687602 0.157311 0.0469132 0.0301474 0.000856982
1 0.589783 0.896236 0.257919 0.106692 0.000851979
0 0.500426 0.274907 0.154426 0.136212 0.000846025
2 0.0904163 0.0602021 0.180833 0.120404 0.000842338
0 0.494586 0.820402 0.299053 0.196452 0.000842277
0 0.477892 0.0353303 0.492095 0.0694426 0.000839615
0 0.58107 0.449122 0.337185 0.271172 0.000835554
0 0.800648 0.943587 0.329009 0.11237 0.000834405
2 0.480939 0.873417 0.161567 0.144794 0.000834097
0 0.394845 0.33034 0.197094 0.194763 0.000832309
0 0.6551 0.93908 0.449713 0.121841 0.000829794
0 0.527542 0.499796 0.254571 0.17679 0.000829407
0 0.616061 0.493944 0.373423 0.185142 0.000827938
0 0.637935 0.0353636 0.384642 0.0707272 0.000827031
0 0.639728 0.464329 0.375575 0.230505 0.000820918
0 0.912655 0.187819 0.170248 0.194408 0.000818365
0 0.526435 0.0505915 0.039593 0.0283401 0.000818185
0 0.479043 0.226562 0.360979 0.123391 0.000817196
0 0.571032 0.496172 0.265326 0.178471 0.00081421
0 0.802785 0.801742 0.182902 0.159814 0.000813123
0 0.45057 0.78922 0.208217 0.126109 0.000810477
0 0.195097 0.0312717 0.349942 0.0613968 0.000808446
0 0.487914 0.824088 0.0910064 0.0565336 0.000807572
2 0.447518 0.958858 0.460254 0.0819191 0.000805744
0 0.345148 0.541482 0.187063 0.0791346 0.000805567
0 0.608308 0.400144 0.404409 0.217936 0.000803199
0 0.626273 0.366421 0.434518 0.323142 0.000795751
0 0.168759 0.912497 0.323999 0.175006 0.000794601
1 0.525927 0.440715 0.258219 0.294941 0.000788456
0 0.865112 0.755396 0.2668 0.172783 0.000788374
2 0.101132 0.894247 0.198877 0.176965 0.000786356
0 0.755526 0.657927 0.296657 0.19586 0.000785648
0 0.562886 0.233023 0.404624 0.108269 0.000784295
2 0.440448 0.84607 0.22794 0.169734 0.000782924
0 0.54204 0.545948 0.1845 0.0732758 0.000781419
0 0.0541592 0.888302 0.108318 0.210497 0.000781121
