2 0.495697 0.53781 0.304795 0.531867 0.881863
0 0.503342 0.597781 0.288478 0.396503 0.017014
1 0.497895 0.532929 0.302839 0.540568 0.0153684
2 0.505343 0.478165 0.269862 0.409921 0.00846265
1 0.649616 0.511365 0.700767 0.708739 0.00791302
1 0.510259 0.619741 0.275265 0.361339 0.00668043
2 0.418348 0.553681 0.141266 0.117114 0.00610589
2 0.512399 0.432343 0.232735 0.314451 0.00585844
2 0.531845 0.610315 0.447047 0.692889 0.00507859
2 0.637627 0.492053 0.622459 0.572859 0.00497305
2 0.57424 0.660607 0.143808 0.274715 0.00466675
1 0.570766 0.629119 0.151823 0.343101 0.00422977
2 0.527964 0.405625 0.19525 0.260496 0.00367268
0 0.519637 0.520307 0.251399 0.495582 0.00366416
1 0.558474 0.697073 0.434538 0.579704 0.00336948
1 0.612878 0.826821 0.541082 0.344696 0.00328152
2 0.425634 0.628953 0.756298 0.74053 0.0032766
0 0.772448 0.937622 0.175895 0.118536 0.0031638
2 0.316885 0.48652 0.633769 0.973041 0.0030404
2 0.57464 0.566779 0.145276 0.466189 0.00300995
2 0.399072 0.433689 0.74074 0.761517 0.0029163
2 0.421246 0.419554 0.462699 0.611188 0.00283531
2 0.613647 0.425092 0.714877 0.713188 0.0028238
1 0.802033 0.947976 0.367514 0.104049 0.00278687
1 0.662159 0.635889 0.670631 0.728222 0.00260679
0 0.711354 0.947968 0.479204 0.104065 0.00260439
0 0.818619 0.919224 0.362762 0.161552 0.00259755
2 0.485151 0.550387 0.281463 0.124666 0.00259363
1 0.666234 0.782212 0.643656 0.435575 0.00253606
0 0.152231 0.948586 0.304462 0.102827 0.0025318
1 0.577419 0.6776 0.139201 0.235887 0.00249625
2 0.644155 0.872546 0.559293 0.246077 0.0024276
0 0.813346 0.949789 0.361894 0.100422 0.00242048
0 0.365232 0.947443 0.439222 0.105114 0.00241062
0 0.914616 0.193192 0.170767 0.386383 0.00240543
0 0.0901545 0.54085 0.180309 0.90774 0.00239567
0 0.638757 0.941873 0.529579 0.116255 0.00239527
0 0.505664 0.37895 0.680989 0.685418 0.0023836
0 0.23882 0.945342 0.427476 0.109315 0.00231504
0 0.548032 0.941276 0.526824 0.117448 0.00230966
1 0.669811 0.872208 0.556638 0.249368 0.002286
0 0.0871732 0.921955 0.174346 0.15609 0.0022633
0 0.929111 0.217383 0.14155 0.434767 0.00225986
0 0.576795 0.67098 0.139634 0.248588 0.00224781
0 0.0841705 0.190495 0.168341 0.380991 0.00223567
2 0.180925 0.494352 0.36185 0.988705 0.00222967
0 0.936038 0.275336 0.127291 0.550672 0.00217331
0 0.813283 0.844533 0.371495 0.310934 0.00217159
0 0.177953 0.5 0.355907 1 0.00216833
0 0.117228 0.496371 0.234456 0.992743 0.00216817
0 0.10596 0.944828 0.21192 0.110344 0.00215755
0 0.392077 0.429112 0.775575 0.80812 0.00213339
0 0.561975 0.304533 0.851627 0.600205 0.00212056
0 0.894768 0.473039 0.210464 0.894561 0.00211471
1 0.736654 0.914676 0.475295 0.16674 0.00211293
0 0.861575 0.16985 0.269203 0.3397 0.00210917
0 0.798394 0.943853 0.188178 0.112294 0.00210703
2 0.779161 0.935825 0.204167 0.122074 0.00206396
2 0.444708 0.796023 0.712337 0.394929 0.00205926
0 0.619201 0.22155 0.659811 0.443101 0.00204856
0 0.918773 0.5452 0.162187 0.830141 0.0020371
0 0.673763 0.175808 0.552553 0.351616 0.0020255
0 0.116578 0.114065 0.232016 0.228131 0.00201661
0 0.0950706 0.685934 0.190141 0.628131 0.00201496
0 0.176123 0.123163 0.352246 0.246326 0.00201298
2 0.316113 0.657839 0.632225 0.680258 0.0019804
0 0.830227 0.78125 0.336064 0.4375 0.00197347
0 0.533967 0.15047 0.641565 0.300939 0.00197132
0 0.0900509 0.832628 0.180102 0.299554 0.00196692
0 0.185656 0.0752738 0.358438 0.150548 0.00195529
0 0.0925362 0.324168 0.185072 0.645556 0.00195183
0 0.411761 0.870661 0.551855 0.241558 0.00194457
0 0.780557 0.914553 0.419937 0.164594 0.00193563
0 0.154829 0.875552 0.297241 0.229367 0.0019328
0 0.576936 0.868168 0.636515 0.243995 0.00193197
0 0.919661 0.674195 0.159082 0.65161 0.00192424
0 0.638198 0.370113 0.697355 0.662244 0.00191973
0 0.761182 0.158489 0.430224 0.316978 0.00191937
1 0.419076 0.569721 0.149201 0.154493 0.00189288
0 0.88884 0.721466 0.22039 0.557068 0.00188904
0 0.303885 0.868647 0.470343 0.2462 0.00188769
0 0.488312 0.10786 0.623828 0.21572 0.00186889
0 0.247434 0.0867125 0.448592 0.173425 0.00185946
0 0.508741 0.188982 0.849939 0.377964 0.00184807
1 0.461315 0.569308 0.235559 0.156726 0.00184178
0 0.0937539 0.779274 0.187508 0.396927 0.00183664
0 0.144549 0.172981 0.288619 0.345963 0.00183267
0 0.146713 0.389941 0.293426 0.724646 0.00176542
0 0.222538 0.173812 0.445076 0.347623 0.00176348
0 0.161382 0.270433 0.322195 0.538651 0.00176092
0 0.703285 0.277137 0.581909 0.513291 0.00174997
0 0.0183508 0.72108 0.0367016 0.55784 0.00174845
0 0.378275 0.10422 0.624116 0.208439 0.00174477
0 0.744038 0.200821 0.492332 0.401642 0.00173779
0 0.272062 0.46704 0.544123 0.890151 0.00170827
0 0.876254 0.278092 0.245271 0.522512 0.00170192
0 0.820793 0.20485 0.353467 0.409701 0.00169827
1 0.765511 0.805797 0.464296 0.386311 0.00169347
0 0.206892 0.378033 0.413783 0.68338 0.00168818
0 0.8414 0.462622 0.316483 0.847283 0.0016634
0 0.355777 0.328717 0.70085 0.600644 0.00166044
0 0.813664 0.343728 0.368138 0.602112 0.0016524
2 0.685051 0.493627 0.629899 0.879124 0.00164631
0 0.247913 0.2885 0.495826 0.562432 0.00164525
0 0.166313 0.796746 0.330124 0.387064 0.00163987
0 0.139518 0.720857 0.279037 0.548042 0.0016356
0 0.282203 0.145389 0.538398 0.288711 0.00162961
0 0.442925 0.266523 0.84007 0.514996 0.00162068
0 0.790238 0.924302 0.182593 0.142458 0.00161751
0 0.491145 0.458434 0.302877 0.321311 0.00161658
0 0.675983 0.486402 0.646352 0.871922 0.00160723
2 0.699934 0.625712 0.5949 0.724017 0.00156244
1 0.730649 0.737619 0.533694 0.519642 0.00156035
0 0.174599 0.657541 0.347584 0.684443 0.00155239
0 0.239499 0.796202 0.427912 0.393851 0.00154429
2 0.297562 0.802281 0.556233 0.37999 0.00154349
0 0.258307 0.723199 0.478681 0.553603 0.0015215
0 0.551857 0.36652 0.147674 0.178321 0.0014898
0 0.869431 0.622448 0.260685 0.739944 0.0014888
0 0.300436 0.249554 0.58567 0.465023 0.00147585
0 0.492491 0.510439 0.302966 0.226802 0.00147017
0 0.575703 0.592955 0.140922 0.409252 0.0014546
0 0.0194531 0.783015 0.0389061 0.427656 0.00142333
2 0.797814 0.806787 0.400859 0.386427 0.00141516
2 0.803246 0.729416 0.392704 0.535957 0.0014036
0 0.0198774 0.620451 0.0397547 0.759097 0.00134508
0 0.818469 0.908408 0.274616 0.17526 0.00131983
1 0.470157 0.615744 0.259727 0.300031 0.00122071
2 0.0118146 0.785934 0.0236293 0.388551 0.00120446
0 0.96741 0.473095 0.0640667 0.733076 0.00118989
2 0.0171458 0.215078 0.0342917 0.430155 0.00118336
2 0.466806 0.504047 0.244003 0.221425 0.00117594
1 0.421426 0.615429 0.157335 0.310156 0.00116742
2 0.417737 0.509578 0.146653 0.202202 0.00113917
1 0.0197918 0.463363 0.0395836 0.832427 0.0011385
0 0.0230756 0.842187 0.0461512 0.313453 0.00110743
0 0.0197091 0.50265 0.0394182 0.837077 0.00109364
2 0.967824 0.511967 0.0632171 0.74864 0.00109337
1 0.0203071 0.367846 0.0406143 0.735692 0.00109077
0 0.84658 0.891351 0.30684 0.207097 0.00107906
0 0.02013 0.346751 0.0402599 0.693501 0.00105791
2 0.00951471 0.1299 0.0189959 0.2598 0.00105326
2 0.0190891 0.299228 0.0381782 0.598456 0.00103724
1 0.78772 0.996208 0.174281 0.00758398 0.0010369
0 0.05808 0.759355 0.11616 0.481289 0.00103045
1 0.0530223 0.681968 0.106045 0.636064 0.00102592
2 0.955791 0.920943 0.0873283 0.158114 0.00102315
0 0.526563 0.374108 0.202146 0.198426 0.00101557
1 0.554352 0.473336 0.188585 0.400628 0.00100683
1 0.638429 0.686525 0.210652 0.220534 0.000982028
2 0.967499 0.405013 0.0650013 0.443122 0.000980371
0 0.862146 0.939304 0.267382 0.121393 0.000975399
2 0.968684 0.383622 0.0614006 0.731985 0.000958622
2 0.963631 0.68169 0.0719696 0.636621 0.000956088
2 0.932526 0.65629 0.134934 0.463583 0.00095098
1 0.597571 0.679058 0.112515 0.225132 0.000947867
2 0.964239 0.818581 0.0705637 0.362839 0.000946468
0 0.558693 0.341956 0.138201 0.138539 0.000935144
0 0.965831 0.364455 0.0681503 0.459844 0.000933819
0 0.0107593 0.815066 0.0215059 0.321404 0.000930236
2 0.956648 0.873401 0.0852948 0.253197 0.000923556
2 0.914226 0.69295 0.171548 0.486619 0.000923211
0 0.843224 0.869406 0.260035 0.250414 0.0009104
0 0.912467 0.707719 0.175065 0.36724 0.000908407
0 0.419668 0.551623 0.141151 0.125229 0.000898242
0 0.0772142 0.866523 0.154428 0.250419 0.000896507
0 0.0590132 0.924106 0.118026 0.151788 0.000889721
2 0.0974235 0.888747 0.188266 0.207987 0.000886336
1 0.749449 0.996901 0.195127 0.00619843 0.000874861
0 0.0710404 0.806491 0.142081 0.387019 0.000874344
2 0.927558 0.841926 0.144373 0.301321 0.000871652
0 0.906863 0.771899 0.18566 0.259547 0.000867761
2 0.384602 0.108004 0.172143 0.216008 0.000866593
0 0.0246951 0.133231 0.0493901 0.266461 0.000861384
2 0.61294 0.872882 0.167816 0.238361 0.000857177
0 0.445174 0.950747 0.212043 0.0985053 0.000854213
0 0.918433 0.777894 0.163094 0.373632 0.000852808
0 0.504268 0.350681 0.208727 0.158683 0.000852093
2 0.365584 0.878973 0.203695 0.230398 0.000851125
0 0.132503 0.898561 0.193571 0.191099 0.000848884
0 0.865353 0.789207 0.269294 0.252371 0.0008477
1 0.0559 0.441228 0.1118 0.721707 0.00084733
0 0.431414 0.87569 0.256128 0.237362 0.000846205
2 0.485419 0.891124 0.174757 0.202369 0.000845871
2 0.647906 0.109053 0.22824 0.218105 0.000844456
0 0.0413403 0.864801 0.0826806 0.253889 0.00084442
0 0.473909 0.343117 0.241796 0.190604 0.000843989
2 0.119727 0.129496 0.237768 0.258991 0.00084345
0 0.423295 0.903113 0.163966 0.180459 0.000839346
1 0.83516 0.996757 0.196541 0.00648566 0.000838629
0 0.387409 0.908776 0.135379 0.169287 0.000837686
2 0.917652 0.799082 0.164287 0.396556 0.000835785
1 0.0729309 0.674799 0.145862 0.48574 0.000835309
2 0.010645 0.504328 0.02129 0.398674 0.000831589
0 0.0951782 0.997814 0.166249 0.00437293 0.000831234
2 0.351337 0.849189 0.226396 0.301623 0.000831048
2 0.929977 0.885429 0.138842 0.21645 0.000831043
0 0.116773 0.937807 0.222893 0.124386 0.000830278
2 0.95948 0.959515 0.0810401 0.0809695 0.000829771
0 0.402849 0.954347 0.169449 0.0913057 0.000827362
2 0.946321 0.583573 0.107158 0.397168 0.000826699
0 0.33913 0.998072 0.181286 0.00385559 0.000825493
2 0.960684 0.519319 0.0786318 0.572125 0.0008236
0 0.813737 0.877819 0.201823 0.189299 0.000823565
2 0.101862 0.683737 0.200604 0.428161 0.000823175
1 0.0448466 0.937274 0.0896933 0.125452 0.000823005
0 0.18849 0.998073 0.174835 0.00385364 0.000822129
0 0.741401 0.930384 0.256157 0.128547 0.000822001
0 0.438792 0.99768 0.178071 0.0046391 0.000821059
0 0.747561 0.947379 0.279006 0.105243 0.000819913
0 0.405074 0.998128 0.150563 0.00374384 0.000819205
0 0.884989 0.877686 0.230021 0.227777 0.000818993
0 0.666432 0.759902 0.213609 0.273917 0.000817214
2 0.583167 0.822223 0.169978 0.355554 0.00081712
2 0.528054 0.827608 0.201162 0.344784 0.000815015
0 0.700388 0.800445 0.139018 0.145754 0.000814825
2 0.154048 0.142631 0.304178 0.285261 0.000813891
0 0.0736431 0.701597 0.147286 0.442586 0.000813706
2 0.482319 0.85755 0.216673 0.284901 0.00081312
2 0.584182 0.867648 0.177246 0.252315 0.000812309
0 0.387273 0.648549 0.185022 0.411684 0.000812303
1 0.0568045 0.331096 0.113609 0.662191 0.000810476
2 0.564618 0.436915 0.134078 0.344865 0.000810093
2 0.774377 0.939273 0.138795 0.116169 0.000808291
2 0.330137 0.822969 0.126392 0.214188 0.000808168
0 0.135755 0.997938 0.166853 0.00412299 0.000807677
0 0.166662 0.943264 0.23121 0.113473 0.000807621
0 0.235859 0.998035 0.182092 0.00392957 0.000807244
0 0.290692 0.998237 0.167491 0.00352661 0.000805847
2 0.959014 0.341074 0.0817028 0.50852 0.000803505
0 0.469056 0.997435 0.186904 0.0051308 0.000803499
2 0.721972 0.997966 0.19893 0.00406866 0.000802363
0 0.677124 0.719628 0.233889 0.283715 0.000801929
0 0.69838 0.827384 0.15579 0.148273 0.000801427
2 0.88259 0.756463 0.234819 0.255472 0.000800998
0 0.467706 0.88627 0.19595 0.213609 0.000800092
2 0.371364 0.908129 0.157067 0.169602 0.000799448
0 0.415822 0.58995 0.154039 0.223204 0.000797962
0 0.671659 0.810216 0.185043 0.231726 0.000796448
0 0.420184 0.394737 0.274146 0.326449 0.000794921
0 0.656364 0.857138 0.210324 0.285725 0.000794639
0 0.9281 0.38357 0.1438 0.405165 0.000794458
1 0.0514992 0.563764 0.102998 0.729505 0.000794289
2 0.551363 0.865981 0.188041 0.255589 0.000790654
0 0.534109 0.779927 0.197474 0.316047 0.000788775
0 0.415557 0.660668 0.159679 0.479627 0.000786106
0 0.0682735 0.351008 0.135526 0.512627 0.000785714
0 0.31018 0.769194 0.16735 0.234692 0.000785197
0 0.266822 0.788661 0.262463 0.33523 0.000783573
2 0.2007 0.885982 0.232293 0.214007 0.000783419
0 0.841132 0.78423 0.21002 0.191592 0.000782274
2 0.559564 0.803991 0.18602 0.392017 0.000781774
0 0.400925 0.424654 0.192924 0.284325 0.000781613
0 0.510736 0.998244 0.158768 0.00351276 0.000780819
0 0.700128 0.774269 0.179678 0.218144 0.000780526
0 0.723433 0.798058 0.124155 0.139618 0.000778653
0 0.181251 0.89959 0.19448 0.186397 0.000778271
0 0.529955 0.346702 0.200348 0.141451 0.000777375
0 0.565235 0.998267 0.174206 0.00346594 0.00077636
0 0.430039 0.834327 0.245382 0.328786 0.000775307
0 0.46228 0.286185 0.246729 0.267504 0.000775127
2 0.348187 0.680128 0.162796 0.388496 0.000774871
0 0.535186 0.998297 0.158443 0.00340594 0.000774692
0 0.805386 0.798755 0.145193 0.154264 0.000773942
2 0.346986 0.83465 0.175643 0.270521 0.000773783
0 0.839439 0.173347 0.25279 0.298147 0.00077361
2 0.240055 0.8837 0.222456 0.217716 0.000771937
0 0.866299 0.215856 0.216339 0.270165 0.000771529
0 0.877494 0.298452 0.245012 0.276144 0.000771459
0 0.86495 0.997131 0.203185 0.00573871 0.000771093
0 0.239243 0.757026 0.192655 0.261713 0.000770883
0 0.756502 0.790868 0.172518 0.157186 0.00077085
0 0.223734 0.755083 0.111187 0.212088 0.000770436
0 0.306893 0.837569 0.179463 0.279545 0.000770263
0 0.431478 0.268985 0.197275 0.306295 0.000770106
0 0.737785 0.775104 0.149526 0.196185 0.000769361
2 0.616048 0.998883 0.1669 0.00223456 0.000768869
0 0.646713 0.0989879 0.232345 0.197976 0.000768029
2 0.302491 0.852121 0.226946 0.295758 0.000767935
2 0.634701 0.848056 0.206024 0.303888 0.000767432
0 0.497346 0.954003 0.214281 0.0919947 0.000767279
0 0.911714 0.997295 0.176571 0.00541003 0.000765807
0 0.0738482 0.130083 0.147696 0.260167 0.000765673
2 0.327742 0.706106 0.144178 0.304337 0.000765551
0 0.297005 0.956903 0.214546 0.0861934 0.000765105
0 0.544541 0.889949 0.154654 0.203202 0.000764682
0 0.0588089 0.996916 0.117618 0.00616736 0.000764475
0 0.871541 0.25001 0.247384 0.302029 0.000764204
0 0.269474 0.712326 0.244199 0.342765 0.000764203
0 0.20685 0.831702 0.156418 0.31266 0.000763349
0 0.0624383 0.460069 0.123877 0.507515 0.000763291
2 0.344433 0.739245 0.159366 0.27711 0.000762902
0 0.369958 0.95323 0.221245 0.093539 0.000762765
0 0.578635 0.286174 0.171664 0.270072 0.000762608
2 0.689597 0.998653 0.172409 0.00269379 0.000762379
0 0.267859 0.951086 0.235591 0.0978284 0.00076234
0 0.515247 0.896644 0.143522 0.191459 0.000762242
2 0.344563 0.764322 0.13438 0.19378 0.00076174
0 0.267819 0.904133 0.157274 0.175239 0.000761718
0 0.273923 0.879991 0.222258 0.225368 0.000761424
