1 0.317191 0.512491 0.472676 0.879496 0.955489
1 0.309396 0.362035 0.470774 0.573474 0.0891229
1 0.366347 0.57759 0.358362 0.803139 0.0668855
1 0.2477 0.449703 0.338761 0.764709 0.0542398
1 0.315879 0.632942 0.445914 0.705431 0.0499246
0 0.453678 0.958306 0.0508695 0.056355 0.0322375
0 0.636471 0.0586662 0.0366888 0.10036 0.0271028
1 0.437311 0.836619 0.166514 0.318259 0.0233948
1 0.550761 0.539311 0.884575 0.921379 0.0171616
1 0.323698 0.723964 0.417792 0.531965 0.016729
0 0.606944 0.0591745 0.0923948 0.108469 0.0163483
1 0.174692 0.491225 0.349385 0.865666 0.00985205
0 0.62583 0.0585536 0.0528213 0.106121 0.00959256
1 0.233433 0.580393 0.301269 0.501107 0.00846175
1 0.41332 0.683667 0.242706 0.606781 0.00845715
1 0.426993 0.585051 0.595911 0.817657 0.00742893
1 0.30574 0.257192 0.55547 0.47069 0.00737341
1 0.430109 0.768191 0.180185 0.352936 0.00726925
1 0.125389 0.518317 0.250777 0.936937 0.00719552
1 0.320767 0.808198 0.403965 0.382625 0.00707115
1 0.201549 0.462566 0.257699 0.692898 0.00661702
1 0.396641 0.26191 0.793282 0.50242 0.0057188
1 0.584699 0.760183 0.714811 0.479634 0.00556054
1 0.207338 0.350308 0.2494 0.554669 0.00538014
1 0.587226 0.683822 0.813398 0.632356 0.00531893
2 0.206965 0.161949 0.146747 0.169683 0.00512122
0 0.299505 0.0168038 0.0207916 0.0321654 0.00499811
1 0.435131 0.18048 0.83156 0.360961 0.00494601
0 0.624911 0.0584274 0.144826 0.110801 0.00479516
1 0.38475 0.3915 0.322244 0.49221 0.00456955
1 0.207669 0.175662 0.149556 0.199064 0.00452814
1 0.318036 0.884561 0.435123 0.230878 0.00421317
1 0.404137 0.819318 0.256758 0.340786 0.00415776
1 0.401473 0.73836 0.250125 0.407671 0.00415425
0 0.665851 0.0589422 0.212736 0.110797 0.00403627
1 0.405942 0.355838 0.803828 0.61488 0.00396427
1 0.587956 0.829089 0.664948 0.338332 0.00382441
0 0.584304 0.0605959 0.14693 0.112972 0.0037943
1 0.257208 0.323824 0.357985 0.493078 0.00375638
1 0.233426 0.565499 0.437348 0.818132 0.00358466
1 0.722344 0.5 0.555311 1 0.00342943
1 0.524615 0.367589 0.879372 0.685059 0.00342039
1 0.32101 0.704077 0.565235 0.582444 0.00338522
2 0.382931 0.107947 0.204774 0.215893 0.00334593
0 0.394437 0.422693 0.312122 0.426638 0.00331875
1 0.0920878 0.550731 0.184176 0.864069 0.00328082
0 0.898256 0.474865 0.203488 0.94973 0.0032773
1 0.390414 0.869013 0.428041 0.261974 0.003217
1 0.406892 0.13327 0.737383 0.266539 0.00311901
1 0.216412 0.204343 0.186229 0.262717 0.00310241
1 0.817103 0.492774 0.364627 0.985548 0.00299858
1 0.304796 0.844983 0.486197 0.306688 0.00292763
1 0.612587 0.907992 0.638672 0.184015 0.00291912
1 0.660596 0.803985 0.661635 0.392029 0.00289594
0 0.910804 0.378696 0.178393 0.757392 0.00288356
0 0.615747 0.0694767 0.472132 0.138953 0.00287224
1 0.757134 0.703771 0.47025 0.592457 0.00285076
0 0.840755 0.481251 0.318489 0.962501 0.00283788
1 0.0902933 0.21591 0.180587 0.431819 0.00281312
2 0.651437 0.0589437 0.238412 0.111596 0.00279939
0 0.937492 0.319918 0.125015 0.639835 0.00279311
0 0.935669 0.22571 0.127562 0.45142 0.0027901
1 0.492176 0.0831737 0.649547 0.166347 0.00277239
1 0.0911422 0.675112 0.182284 0.635332 0.00276837
1 0.649015 0.937532 0.60846 0.124936 0.00272043
0 0.670735 0.0922738 0.479591 0.184548 0.00271621
1 0.526605 0.855434 0.704317 0.289132 0.00271235
0 0.508682 0.177388 0.689068 0.354776 0.00269123
0 0.895604 0.202193 0.208792 0.404385 0.0026894
0 0.61631 0.193985 0.593352 0.387969 0.00264942
0 0.84669 0.902578 0.30662 0.194844 0.00260843
1 0.763049 0.948663 0.424154 0.102673 0.00258513
0 0.40516 0.47502 0.288163 0.324152 0.00255659
0 0.551437 0.311275 0.846671 0.60738 0.00253107
1 0.102427 0.411711 0.204786 0.786412 0.00252036
1 0.253502 0.617166 0.269663 0.381156 0.00251261
1 0.0944339 0.757864 0.188868 0.440123 0.00250747
1 0.586573 0.0582119 0.154904 0.116424 0.00250669
1 0.674505 0.849536 0.603948 0.300928 0.00249798
1 0.768745 0.795836 0.447222 0.408328 0.00249581
0 0.713126 0.209025 0.506202 0.418049 0.00248032
1 0.320081 0.107254 0.588351 0.214508 0.00246379
0 0.709674 0.134647 0.482823 0.269294 0.0024374
1 0.208826 0.672774 0.414343 0.642461 0.00243073
1 0.138142 0.134846 0.276283 0.269692 0.00242534
0 0.827246 0.18229 0.344664 0.364579 0.00242122
0 0.18325 0.365628 0.36114 0.616831 0.00239218
1 0.280927 0.916652 0.533289 0.166697 0.00238528
0 0.923633 0.653478 0.152735 0.693045 0.00238105
0 0.871834 0.835127 0.254244 0.329747 0.00237648
1 0.185551 0.19225 0.22249 0.237082 0.0023683
1 0.251938 0.266419 0.401043 0.374751 0.00235817
1 0.230317 0.766415 0.460009 0.439862 0.00231618
0 0.874774 0.32231 0.25008 0.636312 0.00231346
0 0.260187 0.924108 0.520374 0.151784 0.00231168
0 0.888613 0.77235 0.220756 0.455299 0.00231086
0 0.22242 0.131585 0.44484 0.26317 0.00231069
1 0.0870628 0.894528 0.174126 0.210945 0.00230546
0 0.840861 0.950102 0.315315 0.0997955 0.00230455
0 0.158489 0.272997 0.305588 0.41503 0.00229325
0 0.753814 0.300828 0.476539 0.601655 0.00227328
0 0.253771 0.582246 0.28807 0.42215 0.00226558
2 0.423544 0.0536549 0.106726 0.10731 0.00220701
1 0.0899919 0.81935 0.179984 0.329226 0.00217219
1 0.16851 0.176659 0.335634 0.353319 0.00216558
0 0.818574 0.333659 0.361938 0.66656 0.00216224
0 0.203986 0.176984 0.407625 0.353967 0.00214456
0 0.150441 0.923183 0.300883 0.153633 0.00210992
0 0.0115404 0.0431841 0.0230091 0.0862722 0.00210765
0 0.290061 0.16426 0.514902 0.328521 0.00204872
0 0.303517 0.855052 0.607035 0.2696 0.00204555
1 0.410665 0.402696 0.27142 0.386356 0.00198627
0 0.22447 0.836128 0.445419 0.302436 0.00194333
1 0.807296 0.839142 0.37234 0.317551 0.00187044
2 0.403422 0.0990594 0.155523 0.198119 0.0018523
0 0.873185 0.707065 0.253229 0.584267 0.00181345
0 0.828334 0.843507 0.336305 0.303795 0.00180435
2 0.402031 0.422032 0.286762 0.428588 0.00171233
1 0.84942 0.706178 0.301159 0.582095 0.0016927
0 0.416141 0.384728 0.259889 0.348971 0.00169196
2 0.723828 0.0599732 0.352986 0.119946 0.00157094
0 0.453181 0.93756 0.0590433 0.0967106 0.00151632
1 0.221014 0.659195 0.187197 0.267768 0.00150725
1 0.437157 0.890153 0.1636 0.195392 0.00150511
1 0.561771 0.0608623 0.219478 0.121725 0.00150317
0 0.424385 0.0497235 0.102846 0.099447 0.00147295
1 0.460108 0.599204 0.164721 0.505575 0.00146575
1 0.15998 0.214182 0.247554 0.278661 0.00144449
1 0.447848 0.393902 0.194062 0.3668 0.00141965
2 0.423497 0.0758426 0.225791 0.151685 0.00138903
1 0.216381 0.704111 0.16961 0.233205 0.00138874
1 0.21673 0.266516 0.264421 0.402451 0.00136597
1 0.259599 0.651748 0.277166 0.269217 0.00132122
0 0.383275 0.675587 0.284806 0.402588 0.00131893
1 0.353192 0.728429 0.360044 0.413758 0.00131135
2 0.968049 0.379287 0.0631268 0.758574 0.00129389
1 0.421844 0.672035 0.220421 0.405669 0.00128093
0 0.819188 0.95681 0.0776102 0.0807312 0.00126413
1 0.475917 0.837591 0.17932 0.303912 0.00126402
1 0.688904 0.0769405 0.242925 0.148461 0.00124186
0 0.270494 0.63226 0.280302 0.300802 0.0012256
2 0.17201 0.177257 0.204492 0.206522 0.00121402
1 0.208358 0.606885 0.216199 0.397765 0.00121363
0 0.397405 0.528832 0.297353 0.306989 0.00121191
1 0.433518 0.932603 0.154946 0.119424 0.00119538
0 0.349566 0.481773 0.403572 0.330026 0.00119082
2 0.966751 0.305267 0.0658442 0.610534 0.00118723
1 0.250467 0.224411 0.281983 0.3047 0.00117103
2 0.0165133 0.0893211 0.0326516 0.178642 0.00116901
1 0.471181 0.621519 0.130438 0.331238 0.00116366
1 0.508381 0.830512 0.249735 0.329687 0.00116308
0 0.796968 0.0895026 0.256752 0.179005 0.00116141
2 0.948696 0.291502 0.102607 0.576706 0.00116056
1 0.48602 0.579208 0.120739 0.485404 0.00115802
0 0.765394 0.0632175 0.297038 0.126435 0.00115731
0 0.442964 0.0483559 0.0647436 0.0967118 0.00115308
2 0.963183 0.742001 0.0729973 0.515998 0.00114485
2 0.930055 0.407724 0.139889 0.573291 0.00114474
2 0.969029 0.511944 0.0611737 0.799724 0.00114367
0 0.486869 0.375249 0.11643 0.349133 0.00113767
1 0.406647 0.575834 0.281696 0.409795 0.00113465
1 0.64516 0.0593521 0.247183 0.118704 0.00112921
1 0.932222 0.272334 0.135522 0.544668 0.0011246
0 0.629747 0.0586024 0.254056 0.117205 0.00110514
0 0.185108 0.314919 0.225925 0.46648 0.00110045
1 0.449636 0.939067 0.128833 0.102959 0.00107396
2 0.912963 0.781313 0.174011 0.437374 0.00106517
2 0.0171294 0.127974 0.0340507 0.255947 0.00105428
1 0.950981 0.274725 0.0980133 0.54945 0.00105419
2 0.967046 0.63027 0.0652365 0.739461 0.00104015
0 0.798758 0.120675 0.22079 0.241351 0.00103605
0 0.24577 0.517976 0.320124 0.434082 0.00102381
2 0.917143 0.573555 0.165714 0.5234 0.00102372
0 0.366661 0.613011 0.358827 0.418223 0.00101486
0 0.811347 0.961401 0.0582728 0.0730261 0.0010131
1 0.219436 0.768662 0.176744 0.462676 0.00101004
1 0.477385 0.379703 0.133442 0.343786 0.00100494
1 0.0220013 0.789567 0.0440026 0.420866 0.00100425
1 0.457199 0.854114 0.14445 0.268115 0.00100305
0 0.205984 0.167902 0.144719 0.184984 0.00100148
1 0.879037 0.869775 0.241926 0.249638 0.000999221
0 0.0181232 0.811513 0.0344994 0.0843581 0.0009915
2 0.923113 0.486942 0.153774 0.602025 0.000987376
2 0.428286 0.108544 0.211505 0.217089 0.000986736
2 0.0185445 0.212445 0.0370243 0.42489 0.000986538
2 0.873406 0.83272 0.253189 0.333403 0.000984655
1 0.0206162 0.4612 0.0412324 0.804228 0.000977758
2 0.955601 0.913777 0.087769 0.172447 0.000970341
0 0.425314 0.0372594 0.0883685 0.0745187 0.00096994
1 0.0185868 0.377783 0.0371735 0.755566 0.000969783
0 0.0182642 0.753543 0.0364804 0.492914 0.000969534
2 0.876513 0.879039 0.238236 0.229121 0.000964235
1 0.0497154 0.837249 0.0994309 0.307726 0.0009569
0 0.440842 0.0391153 0.0555197 0.0782306 0.000955109
1 0.277288 0.366523 0.464658 0.426655 0.000954425
0 0.963431 0.807003 0.0722473 0.385995 0.000947395
0 0.022428 0.822991 0.0448561 0.348297 0.000943413
0 0.166013 0.250608 0.220399 0.364392 0.000942747
0 0.0239919 0.802577 0.0194986 0.0395365 0.000942517
0 0.334354 0.635839 0.361856 0.292881 0.000938096
0 0.165025 0.35721 0.177221 0.433753 0.000934031
0 0.856861 0.959927 0.177568 0.080145 0.000924619
0 0.071505 0.0943877 0.142777 0.188775 0.000921307
1 0.0213165 0.677624 0.042633 0.644753 0.000919131
0 0.431744 0.919241 0.103554 0.133633 0.000916552
2 0.15238 0.163957 0.30476 0.18092 0.000915989
0 0.0208297 0.3354 0.0416595 0.670801 0.00091489
0 0.0213994 0.649863 0.0427988 0.700274 0.000912638
0 0.262366 0.555027 0.300054 0.290526 0.000908884
1 0.380713 0.132901 0.224865 0.265802 0.000908623
0 0.663906 0.285284 0.0406985 0.0570971 0.000904685
0 0.170716 0.493228 0.181744 0.313374 0.000902829
0 0.319403 0.435795 0.47352 0.423251 0.000898678
0 0.22118 0.810058 0.181892 0.378387 0.000898
1 0.914625 0.625731 0.17075 0.565786 0.000897303
0 0.195787 0.388365 0.241831 0.402588 0.000891633
2 0.461049 0.955931 0.0629686 0.0639686 0.000888153
0 0.0316682 0.857404 0.0633365 0.285191 0.000888113
0 0.300174 0.250671 0.474656 0.303189 0.000884327
2 0.923212 0.221788 0.15341 0.443575 0.000881913
0 0.21926 0.704102 0.171472 0.196535 0.000877973
0 0.422921 0.0827975 0.238732 0.165595 0.000877754
0 0.851187 0.884361 0.20792 0.218362 0.000875149
2 0.959598 0.841136 0.0792878 0.317728 0.000865153
1 0.0526969 0.335808 0.105394 0.671615 0.000863628
1 0.0718207 0.874133 0.143425 0.227995 0.000862627
0 0.18494 0.530377 0.207592 0.390496 0.000861759
0 0.884774 0.89903 0.226369 0.195095 0.000858733
2 0.86069 0.913351 0.172217 0.165823 0.000857302
0 0.26373 0.226885 0.300543 0.311044 0.00085356
0 0.0247786 0.0903942 0.0495572 0.180788 0.000853023
0 0.351507 0.514258 0.349505 0.25292 0.000852249
0 0.835216 0.121324 0.329567 0.242647 0.000849012
2 0.45911 0.919116 0.0674073 0.135763 0.000842124
1 0.049763 0.481024 0.0995259 0.714095 0.000840915
0 0.399619 0.337758 0.241833 0.254666 0.000837545
1 0.740304 0.0854014 0.324627 0.166615 0.00082931
1 0.397028 0.93188 0.207947 0.13624 0.000827559
0 0.151348 0.458187 0.139806 0.229098 0.000826224
1 0.435482 0.952898 0.159182 0.0942039 0.000824086
2 0.956187 0.918818 0.0876258 0.162363 0.000823345
0 0.629665 0.136555 0.169392 0.263515 0.000819038
1 0.535197 0.853453 0.259048 0.280202 0.000816078
1 0.420226 0.932312 0.165182 0.135376 0.000815914
1 0.309786 0.66368 0.368254 0.227518 0.000815487
2 0.356811 0.0839512 0.263836 0.167902 0.000815254
0 0.817678 0.148768 0.157918 0.247661 0.000809888
0 0.848754 0.919593 0.165614 0.154575 0.000809394
1 0.228935 0.378399 0.354251 0.357487 0.000808196
2 0.822295 0.956441 0.0740674 0.080914 0.000808153
1 0.540384 0.476115 0.175472 0.308526 0.000807808
0 0.44579 0.964776 0.0679617 0.0704479 0.000805859
0 0.0793552 0.900871 0.151881 0.178936 0.000804764
2 0.846104 0.515997 0.238534 0.329865 0.000802083
2 0.931857 0.373486 0.136287 0.402183 0.000801529
1 0.134281 0.118772 0.268562 0.204488 0.000799802
1 0.047503 0.784711 0.095006 0.425703 0.000797146
2 0.674292 0.876569 0.190047 0.237759 0.000796745
1 0.402971 0.899283 0.197374 0.187112 0.000795032
2 0.930523 0.279304 0.138954 0.415908 0.000794991
0 0.198253 0.595723 0.20901 0.410999 0.000793943
0 0.31118 0.563702 0.272314 0.217889 0.000790322
1 0.530817 0.439443 0.165061 0.236096 0.000788792
0 0.204648 0.653305 0.194156 0.302927 0.000785316
0 0.862956 0.15744 0.274088 0.314879 0.000785098
1 0.0433011 0.715252 0.0866022 0.569497 0.000782489
0 0.222352 0.119565 0.184495 0.23913 0.000780936
0 0.253668 0.785705 0.230343 0.42859 0.000780673
0 0.79192 0.866017 0.323732 0.25965 0.000780147
0 0.180833 0.40503 0.207974 0.237746 0.000779751
1 0.461474 0.657534 0.123562 0.300495 0.000777883
0 0.868843 0.381874 0.262314 0.350475 0.000774669
0 0.0971818 0.8872 0.177254 0.207281 0.000774503
0 0.07939 0.170881 0.154042 0.341762 0.000772398
2 0.962225 0.183084 0.0755493 0.366169 0.000770617
0 0.862178 0.239811 0.275644 0.367875 0.000770113
0 0.0490284 0.603707 0.0980569 0.683477 0.000769101
0 0.0948233 0.0607271 0.189647 0.121454 0.000767637
0 0.0672447 0.924425 0.134489 0.15115 0.000767157
1 0.0632235 0.175095 0.126447 0.35019 0.000766576
0 0.223658 0.430759 0.354262 0.360417 0.000766425
0 0.0580156 0.894337 0.116031 0.187403 0.000763864
0 0.0470915 0.295449 0.094183 0.590899 0.00076369
2 0.583253 0.878037 0.198814 0.23121 0.000763652
2 0.581222 0.848323 0.218885 0.303353 0.000763316
2 0.0481329 0.940056 0.0962658 0.119888 0.00076116
1 0.504689 0.499143 0.0829559 0.280377 0.000758333
1 0.0468889 0.24287 0.0937778 0.48574 0.000756975
2 0.530416 0.826504 0.27806 0.346992 0.0007566
0 0.827514 0.91072 0.218435 0.174585 0.000756291
2 0.551583 0.11917 0.261206 0.238217 0.000756254
2 0.597707 0.128239 0.171176 0.246819 0.000756065
2 0.227557 0.0462438 0.183369 0.0924875 0.000755855
0 0.825635 0.984526 0.198727 0.0309485 0.000755629
1 0.274566 0.760831 0.300792 0.478338 0.000753883
2 0.667187 0.855241 0.232936 0.289519 0.000753439
1 0.538414 0.405682 0.194517 0.3217 0.000753337
1 0.0339617 0.763831 0.0679234 0.472339 0.000751898
2 0.112088 0.997232 0.187369 0.00553516 0.000750893
0 0.0417795 0.867718 0.083559 0.240384 0.000749665
