1 0.494652 0.496917 0.930017 0.993834 0.769657
1 0.49451 0.471912 0.658404 0.943824 0.538458
1 0.605061 0.43909 0.683548 0.878181 0.256215
1 0.305459 0.476724 0.592222 0.953448 0.228186
1 0.361318 0.317498 0.71181 0.634996 0.223761
1 0.452243 0.363133 0.887542 0.726266 0.122162
1 0.554767 0.457409 0.474022 0.914817 0.0968963
1 0.579429 0.345821 0.834643 0.691642 0.0446296
1 0.623571 0.208693 0.750765 0.417386 0.0365061
1 0.209933 0.284209 0.397457 0.556227 0.0262259
1 0.777795 0.196774 0.442863 0.393548 0.0261713
1 0.227573 0.385102 0.431387 0.761391 0.0211526
1 0.746801 0.462804 0.506397 0.925607 0.0192326
1 0.869636 0.192215 0.260626 0.384429 0.0187506
1 0.515142 0.165505 0.962154 0.33101 0.0149762
1 0.406049 0.648936 0.763408 0.702128 0.0104508
1 0.694501 0.164468 0.604913 0.328935 0.0103362
1 0.37132 0.186442 0.730876 0.372883 0.00881822
1 0.382912 0.538962 0.683601 0.922076 0.00850818
1 0.521878 0.103649 0.926692 0.207298 0.00770986
1 0.216983 0.195578 0.422794 0.382405 0.00760731
1 0.831241 0.399631 0.337518 0.799263 0.00730522
1 0.0974483 0.511481 0.193857 0.977039 0.00684065
1 0.647143 0.0631323 0.582721 0.126265 0.00680023
2 0.441817 0.898425 0.209381 0.18625 0.00616502
2 0.501099 0.10788 0.955342 0.215761 0.006162
1 0.382138 0.72835 0.564449 0.535335 0.00586695
1 0.170172 0.50221 0.340344 0.983657 0.00548986
1 0.507942 0.751884 0.560624 0.496233 0.00494186
1 0.432878 0.783851 0.492596 0.432299 0.00474225
1 0.547339 0.732621 0.825782 0.534757 0.00460443
1 0.401998 0.128965 0.796687 0.257931 0.00448522
1 0.423676 0.779316 0.775039 0.441369 0.00446778
1 0.483415 0.854704 0.769331 0.290591 0.00443495
1 0.536529 0.813552 0.714973 0.372897 0.00419457
1 0.439825 0.900641 0.216305 0.188052 0.00412401
1 0.555019 0.887195 0.809181 0.22561 0.0038499
1 0.463816 0.906068 0.733144 0.187864 0.00372661
1 0.75204 0.0806849 0.49592 0.16137 0.00361473
1 0.140141 0.289803 0.277986 0.556952 0.00358214
1 0.253695 0.214224 0.50739 0.428448 0.00352281
1 0.0989501 0.327666 0.197061 0.655333 0.00339499
1 0.150322 0.20161 0.300645 0.40322 0.00331646
1 0.875981 0.498483 0.248039 0.996966 0.00321034
0 0.443058 0.841619 0.216138 0.315756 0.00316398
1 0.572991 0.63535 0.495805 0.729301 0.00314872
1 0.919003 0.19217 0.161559 0.384339 0.0030199
1 0.174427 0.24233 0.348854 0.484659 0.00297681
1 0.443858 0.864814 0.215763 0.25662 0.00258459
1 0.5743 0.61046 0.810132 0.779081 0.0025344
1 0.234018 0.536647 0.463398 0.926705 0.00250067
1 0.696 0.57858 0.592757 0.842839 0.0024573
0 0.893423 0.499857 0.213154 0.999715 0.00243312
1 0.202253 0.333167 0.345585 0.419347 0.00242934
0 0.828324 0.909204 0.343351 0.181592 0.00236804
1 0.598326 0.93676 0.724351 0.126479 0.00231985
0 0.923146 0.620434 0.153709 0.759132 0.00227074
0 0.267822 0.933482 0.535644 0.133037 0.00220291
0 0.0949901 0.928564 0.18998 0.142873 0.00218239
1 0.807519 0.0917285 0.38316 0.183457 0.00208857
0 0.897103 0.779902 0.205003 0.440197 0.00207544
0 0.85953 0.833176 0.28094 0.333648 0.00205347
0 0.812757 0.950284 0.37008 0.0994313 0.0020017
0 0.189622 0.941631 0.379244 0.116738 0.00199464
1 0.0995716 0.683175 0.198438 0.620714 0.00199217
0 0.815234 0.608102 0.369306 0.783796 0.00198326
0 0.732004 0.945726 0.496675 0.108549 0.00197775
0 0.0943605 0.837836 0.188721 0.288063 0.00194117
1 0.746356 0.766894 0.49788 0.466212 0.00186347
1 0.647259 0.839556 0.658969 0.320888 0.00185202
0 0.846879 0.707649 0.306109 0.584703 0.00183358
0 0.162305 0.63748 0.32461 0.714827 0.00180209
0 0.289337 0.585832 0.564272 0.828336 0.00178936
0 0.0965009 0.779465 0.19224 0.394679 0.00178124
1 0.961841 0.23246 0.0756626 0.46492 0.00177948
1 0.673889 0.606961 0.211108 0.377169 0.00177236
0 0.340423 0.868544 0.651041 0.256997 0.00176098
0 0.44121 0.89643 0.21709 0.187222 0.00175906
0 0.23045 0.657039 0.460901 0.685922 0.00175262
0 0.871371 0.247811 0.257258 0.263254 0.00174016
0 0.725296 0.834939 0.521178 0.323746 0.00170444
0 0.838299 0.793189 0.321039 0.413622 0.00166458
0 0.212958 0.851114 0.423455 0.268649 0.00165503
0 0.0233816 0.724825 0.0467631 0.55035 0.0016534
1 0.783988 0.128128 0.432023 0.256256 0.00164979
0 0.816563 0.190782 0.366874 0.381563 0.00162837
0 0.820852 0.858206 0.354174 0.270235 0.00161986
0 0.310132 0.816836 0.598185 0.363575 0.00161705
0 0.175277 0.786284 0.350265 0.395109 0.00161204
1 0.442252 0.916094 0.233894 0.167812 0.00160677
0 0.815028 0.257248 0.369943 0.251047 0.0016016
0 0.434601 0.79953 0.249609 0.392657 0.00157259
0 0.197965 0.185607 0.330431 0.363274 0.00153842
0 0.508067 0.519412 0.270102 0.38278 0.00153368
0 0.29814 0.407468 0.344071 0.289841 0.00153219
0 0.888624 0.264677 0.205255 0.217018 0.00151108
1 0.911705 0.121918 0.176192 0.243836 0.00149803
0 0.30498 0.350085 0.358047 0.386034 0.00143083
1 0.923553 0.093764 0.152893 0.187528 0.00141745
1 0.275523 0.337648 0.329309 0.415904 0.0013781
1 0.0235153 0.705207 0.0470307 0.589586 0.00136054
1 0.289968 0.418513 0.327892 0.239639 0.00134835
2 0.634846 0.0552197 0.505184 0.110439 0.00132664
2 0.771576 0.073866 0.456847 0.147732 0.00129517
0 0.676058 0.605893 0.20227 0.384627 0.00128708
1 0.0243677 0.592939 0.0487354 0.814122 0.00127332
0 0.744108 0.225516 0.511784 0.304628 0.00126924
0 0.650797 0.0863756 0.513531 0.164199 0.00126277
1 0.49558 0.923083 0.342272 0.153835 0.00125627
0 0.381933 0.330206 0.45049 0.391286 0.00124929
0 0.532534 0.586521 0.30948 0.389827 0.00124327
1 0.0224038 0.464788 0.0448077 0.845137 0.00120814
0 0.208756 0.124949 0.417511 0.240013 0.00118653
0 0.0218989 0.806019 0.0437978 0.373927 0.00116894
0 0.62441 0.0657036 0.494493 0.121853 0.00116599
1 0.885515 0.108369 0.228971 0.216738 0.00113451
1 0.566837 0.0533765 0.603591 0.106753 0.00112658
0 0.027566 0.834985 0.055132 0.327377 0.00109609
1 0.38518 0.362256 0.439866 0.438473 0.00107831
2 0.966891 0.75204 0.0653088 0.49592 0.00107683
1 0.433947 0.955453 0.237148 0.0890932 0.00107054
0 0.684467 0.120296 0.631067 0.231939 0.0010654
0 0.435879 0.74563 0.279111 0.422257 0.00106351
0 0.613445 0.57947 0.359596 0.408159 0.001057
0 0.505623 0.0525405 0.653633 0.105081 0.00103628
1 0.743543 0.0519691 0.512913 0.103938 0.0010337
0 0.125849 0.120481 0.251697 0.234483 0.00102081
1 0.902984 0.239159 0.18934 0.267846 0.00101446
0 0.708574 0.597397 0.199239 0.389678 0.00100667
0 0.50983 0.683037 0.300953 0.432419 0.000998666
0 0.324127 0.895398 0.282619 0.196956 0.000998606
0 0.967017 0.785127 0.0653874 0.429746 0.000990074
1 0.0480875 0.735923 0.095965 0.528154 0.000984537
0 0.851639 0.271122 0.179886 0.209188 0.000981263
0 0.455498 0.489366 0.375416 0.46679 0.000978783
2 0.974995 0.408674 0.0500108 0.817348 0.000977289
2 0.364359 0.894115 0.314038 0.195632 0.000964881
0 0.0511843 0.755572 0.102273 0.485345 0.000961656
0 0.606638 0.153833 0.547205 0.283439 0.000957188
0 0.478629 0.780087 0.29517 0.353977 0.000953977
2 0.940589 0.192682 0.118823 0.385365 0.00095218
0 0.37785 0.888342 0.371053 0.212725 0.00095106
0 0.753114 0.281156 0.493771 0.264129 0.00094078
0 0.634165 0.511756 0.300571 0.506406 0.000939554
1 0.932809 0.335025 0.134036 0.617026 0.00093719
0 0.33827 0.288727 0.392138 0.300984 0.000934236
0 0.570939 0.527072 0.440812 0.377416 0.000933139
1 0.974532 0.384951 0.0509352 0.769903 0.000925088
0 0.600456 0.314619 0.437148 0.349992 0.000924705
1 0.0511502 0.626861 0.1023 0.746277 0.000919643
1 0.152622 0.882754 0.305245 0.216698 0.000918099
2 0.970593 0.698347 0.0572374 0.603307 0.000915555
0 0.622311 0.351856 0.36231 0.310048 0.00091516
0 0.462504 0.191272 0.486796 0.289794 0.000915133
2 0.160351 0.874778 0.320701 0.250444 0.00091306
0 0.438621 0.299954 0.5326 0.370619 0.000912522
1 0.528745 0.938241 0.418934 0.123518 0.000909443
0 0.709922 0.163796 0.580156 0.279648 0.000905068
0 0.364523 0.194747 0.542916 0.24964 0.000905035
0 0.684379 0.654776 0.183808 0.273214 0.000901907
1 0.0526035 0.47471 0.105207 0.769254 0.00089834
1 0.582656 0.0461451 0.501985 0.0922901 0.000897119
1 0.274019 0.448976 0.289933 0.239896 0.000893402
2 0.961564 0.889464 0.0768713 0.221071 0.000892938
0 0.266158 0.895753 0.3272 0.198736 0.000891477
1 0.861861 0.0875437 0.276278 0.175087 0.000891348
0 0.406672 0.739595 0.272733 0.353539 0.000889081
1 0.307184 0.479955 0.38005 0.318544 0.000887617
0 0.0546148 0.913658 0.10923 0.17231 0.00088483
0 0.341742 0.72788 0.200421 0.25171 0.000883103
2 0.633153 0.835417 0.295467 0.329165 0.000882727
0 0.242308 0.112124 0.484616 0.208238 0.00088165
0 0.944969 0.787718 0.109935 0.42081 0.000880966
0 0.347444 0.68684 0.229891 0.355874 0.000875845
1 0.22523 0.369047 0.288408 0.336219 0.000875339
0 0.585208 0.370301 0.520615 0.320133 0.000872566
0 0.584628 0.43404 0.526824 0.348401 0.00087142
0 0.467381 0.71714 0.236951 0.428399 0.000865082
0 0.607509 0.459376 0.373738 0.463689 0.00086359
0 0.290544 0.675758 0.24174 0.349373 0.000862932
1 0.114703 0.18912 0.209503 0.366195 0.000862525
2 0.956898 0.922749 0.0862043 0.154502 0.000857415
0 0.446432 0.270811 0.394798 0.279603 0.000854806
0 0.407405 0.43408 0.419682 0.402429 0.000854613
2 0.967483 0.824022 0.0644184 0.351956 0.000854214
0 0.115222 0.0864371 0.230444 0.172111 0.000854096
0 0.580606 0.100964 0.434657 0.192074 0.00085248
0 0.574299 0.616508 0.396912 0.359431 0.00085115
0 0.337862 0.765785 0.204733 0.193713 0.000850798
0 0.515666 0.0798096 0.648182 0.159619 0.000849532
0 0.0438426 0.81198 0.0876852 0.361275 0.000848562
0 0.50996 0.126722 0.522824 0.252145 0.000848493
0 0.25319 0.726397 0.199408 0.251155 0.000846641
2 0.976769 0.506482 0.0449016 0.832574 0.00084657
0 0.627174 0.198279 0.584988 0.245116 0.000846325
0 0.291734 0.729932 0.20941 0.242039 0.000844539
2 0.606132 0.874511 0.281101 0.243052 0.000841185
0 0.389268 0.69042 0.255089 0.368782 0.000839742
0 0.278273 0.598755 0.241574 0.455893 0.000838447
0 0.218454 0.722421 0.229536 0.291666 0.000835675
0 0.399819 0.156104 0.527016 0.251227 0.000835124
1 0.0287318 0.297392 0.0574635 0.594785 0.000833598
2 0.018797 0.869327 0.0375941 0.261347 0.000833205
0 0.229873 0.601531 0.1686 0.416144 0.000832856
0 0.370115 0.238749 0.441241 0.219201 0.000831616
1 0.667857 0.50279 0.233439 0.545537 0.000825927
0 0.253344 0.674579 0.187841 0.334786 0.000825447
0 0.490124 0.436864 0.30743 0.447386 0.000819641
0 0.223602 0.671608 0.203622 0.360449 0.000819578
0 0.639538 0.250446 0.570617 0.244389 0.000816012
0 0.383398 0.839955 0.326317 0.320091 0.000813542
0 0.0684377 0.765057 0.136875 0.469886 0.00081139
1 0.492364 0.884423 0.32816 0.218494 0.000809958
2 0.251868 0.886004 0.460407 0.225878 0.00080466
1 0.0677486 0.22833 0.135497 0.45666 0.000804251
0 0.0949224 0.133408 0.189845 0.259224 0.00080164
2 0.974879 0.630372 0.0490864 0.739256 0.000800598
0 0.57791 0.877706 0.310988 0.233627 0.000797483
1 0.0237244 0.366549 0.0474488 0.733099 0.000796284
0 0.413203 0.206956 0.506659 0.207333 0.000792917
1 0.232767 0.891493 0.465535 0.206865 0.00079268
2 0.678344 0.829411 0.267983 0.341178 0.000791829
0 0.220493 0.544041 0.16033 0.447014 0.000789891
1 0.933994 0.210305 0.131517 0.355034 0.000787598
0 0.178751 0.712985 0.236708 0.320569 0.000787164
0 0.124404 0.8203 0.247682 0.3594 0.000785432
0 0.283882 0.765733 0.227605 0.219466 0.000785191
0 0.343366 0.816275 0.262922 0.156636 0.000785148
0 0.0731077 0.994123 0.146215 0.0117541 0.000782361
2 0.31951 0.0723664 0.627185 0.144733 0.000781874
0 0.342321 0.62337 0.284858 0.473369 0.000781296
0 0.513782 0.267292 0.230762 0.275806 0.000781051
0 0.689344 0.688419 0.17807 0.196396 0.000779979
0 0.184952 0.799976 0.366448 0.242769 0.000778342
0 0.245214 0.762163 0.23382 0.229242 0.000777792
2 0.129883 0.847391 0.259766 0.305218 0.000777185
1 0.667065 0.402484 0.249993 0.387042 0.000775897
0 0.186415 0.626706 0.148567 0.378233 0.000774911
0 0.751357 0.717443 0.278118 0.313088 0.000774064
0 0.264672 0.534748 0.243878 0.51277 0.000773546
0 0.729074 0.305052 0.541853 0.339253 0.00077268
1 0.046726 0.910938 0.0934521 0.178124 0.000771193
0 0.367517 0.83373 0.302459 0.217296 0.000769975
0 0.55207 0.847355 0.289557 0.304341 0.000769204
0 0.761491 0.787873 0.278738 0.424255 0.000768864
0 0.561941 0.185021 0.557492 0.304341 0.000765467
0 0.575053 0.272434 0.513504 0.262123 0.000765119
2 0.573331 0.983719 0.427065 0.0325614 0.000764099
0 0.590114 0.821342 0.261602 0.351204 0.000762756
2 0.533272 0.888432 0.319129 0.208377 0.000761266
0 0.0989499 0.576555 0.181378 0.464516 0.000760857
0 0.927388 0.819242 0.145223 0.355985 0.000759831
0 0.461219 0.329821 0.407022 0.384542 0.000759388
0 0.447488 0.0367298 0.511187 0.0734595 0.00075594
2 0.696173 0.36232 0.184081 0.303105 0.000755775
0 0.309213 0.217567 0.56645 0.217519 0.000755009
1 0.689311 0.457269 0.195882 0.477465 0.000754524
0 0.318994 0.133785 0.6076 0.241894 0.000752593
0 0.130643 0.555827 0.178462 0.48199 0.000751925
0 0.737517 0.658426 0.22663 0.255022 0.000751396
0 0.134984 0.364066 0.193164 0.33024 0.00074986
0 0.0649441 0.509588 0.122462 0.586161 0.000749315
2 0.591595 0.994453 0.377489 0.0110946 0.000749009
0 0.715321 0.841571 0.224855 0.316858 0.000748688
0 0.304983 0.0742543 0.609967 0.148509 0.000748573
2 0.158589 0.995935 0.276515 0.00813013 0.000748083
0 0.261057 0.810048 0.332072 0.20551 0.000748031
0 0.116232 0.996821 0.232463 0.00635864 0.000747865
0 0.50669 0.63121 0.269311 0.336542 0.000747672
0 0.156376 0.627732 0.15932 0.390749 0.00074611
0 0.7424 0.610575 0.222528 0.354671 0.000743899
0 0.802243 0.796015 0.226534 0.378508 0.000742619
0 0.459815 0.62355 0.190408 0.241688 0.00074219
0 0.938048 0.683233 0.123904 0.400011 0.000741899
0 0.225279 0.895088 0.450558 0.203729 0.000741721
0 0.448766 0.635688 0.287158 0.33982 0.00074165
0 0.134706 0.781439 0.269411 0.251358 0.000740205
0 0.0665803 0.604617 0.129818 0.559718 0.000738172
1 0.948801 0.443752 0.102243 0.673087 0.00073808
2 0.441578 0.924373 0.323125 0.148603 0.000736146
0 0.784539 0.740518 0.274401 0.358876 0.000734393
0 0.822565 0.412948 0.230673 0.580036 0.000734347
0 0.308686 0.880969 0.395 0.218392 0.000733418
0 0.143578 0.738464 0.239146 0.283973 0.000732919
0 0.687361 0.876673 0.21633 0.241413 0.000732782
2 0.444977 0.965553 0.345279 0.0688944 0.000731968
0 0.861105 0.40177 0.241841 0.537068 0.000731536
0 0.706709 0.782258 0.231713 0.435484 0.000731218
0 0.163993 0.845 0.327986 0.309999 0.000730908
0 0.808958 0.70764 0.243964 0.345052 0.000730859
2 0.620848 0.996388 0.30342 0.00722333 0.000730511
0 0.397917 0.472765 0.332334 0.48207 0.000728943
0 0.637395 0.797112 0.280136 0.397482 0.000728867
0 0.121503 0.642137 0.189523 0.384568 0.000727275
0 0.292351 0.552246 0.339562 0.501569 0.000726719
2 0.214915 0.995853 0.365771 0.0082934 0.000725674
1 0.318686 0.40861 0.330912 0.409346 0.00072467
2 0.388433 0.990474 0.346316 0.0190511 0.000724376
0 0.95323 0.848779 0.0925229 0.287567 0.0007241
0 0.854101 0.459655 0.206266 0.455285 0.000723532
