1 0.497694 0.599418 0.739647 0.778861 0.869517
1 0.51028 0.467128 0.737988 0.490355 0.324473
1 0.506141 0.690844 0.721523 0.465227 0.0779913
1 0.605963 0.590103 0.541228 0.807298 0.0304142
0 0.591844 0.977199 0.0870841 0.0453255 0.0194157
1 0.690695 0.55166 0.61861 0.89668 0.0191206
1 0.600568 0.728292 0.537577 0.376671 0.0190931
0 0.563441 0.976618 0.147989 0.0467631 0.0132475
1 0.518817 0.248376 0.887132 0.494942 0.0115882
1 0.475279 0.318787 0.853028 0.637574 0.0108164
1 0.471656 0.956993 0.817277 0.0860129 0.0105883
1 0.624319 0.462001 0.751362 0.924002 0.00897583
1 0.484214 0.842211 0.785627 0.315577 0.0078031
1 0.617046 0.4535 0.536991 0.539233 0.00715481
1 0.461056 0.892876 0.832708 0.213894 0.00695688
1 0.519656 0.788112 0.701139 0.423776 0.00687631
1 0.544275 0.136885 0.843327 0.272055 0.00670568
1 0.635223 0.790695 0.462977 0.405433 0.00600397
1 0.482673 0.937401 0.842938 0.125198 0.00579126
1 0.684906 0.43459 0.630187 0.869181 0.00568092
1 0.624889 0.66128 0.481149 0.537948 0.00547576
1 0.505793 0.0952422 0.820179 0.18915 0.0054517
1 0.701244 0.602982 0.597512 0.787584 0.005358
1 0.465525 0.0627173 0.692055 0.123868 0.00477549
1 0.60734 0.821062 0.643803 0.357876 0.00461414
1 0.471365 0.39142 0.710145 0.562113 0.00451347
1 0.64396 0.372802 0.680583 0.744107 0.00450638
1 0.592379 0.949503 0.815243 0.100995 0.00408229
0 0.620296 0.976665 0.153412 0.0462441 0.00386371
0 0.629652 0.975437 0.475825 0.0481437 0.00352145
1 0.578924 0.872042 0.841986 0.255701 0.00321703
1 0.778289 0.637759 0.443422 0.720636 0.0027569
1 0.423984 0.748553 0.831128 0.502894 0.00271355
1 0.113083 0.629465 0.226166 0.712383 0.00266353
1 0.416432 0.377962 0.832864 0.755924 0.0025892
0 0.352993 0.642105 0.705986 0.686949 0.00255307
0 0.10476 0.655955 0.209519 0.649743 0.00254442
1 0.65659 0.238792 0.673322 0.47587 0.00253136
1 0.631789 0.105455 0.736422 0.210674 0.00251585
0 0.680372 0.936585 0.639257 0.126829 0.00245088
1 0.398939 0.431356 0.517508 0.422693 0.00244916
1 0.137359 0.586871 0.274718 0.765847 0.00242784
1 0.392551 0.644839 0.506268 0.710321 0.00240715
0 0.1281 0.751815 0.2562 0.481561 0.00240168
0 0.340538 0.596683 0.542799 0.784208 0.00239558
0 0.151015 0.432449 0.302031 0.734889 0.00237251
0 0.208373 0.605702 0.416746 0.776371 0.0023651
0 0.14659 0.946429 0.293181 0.107143 0.00236152
0 0.432891 0.945561 0.838038 0.108459 0.00227888
0 0.356566 0.403677 0.713132 0.789744 0.0022589
1 0.494377 0.968526 0.58403 0.0625771 0.0022524
1 0.622891 0.795807 0.474141 0.234714 0.0022425
0 0.462099 0.182246 0.829977 0.362037 0.00222197
0 0.122601 0.0804582 0.245202 0.160916 0.00221897
0 0.138546 0.845661 0.277093 0.308678 0.00221758
0 0.524477 0.976252 0.292242 0.0474956 0.00219408
0 0.684014 0.887671 0.631973 0.224658 0.00219161
0 0.392033 0.27197 0.784066 0.527506 0.00218134
1 0.512378 0.974634 0.417638 0.0500419 0.00217987
0 0.253516 0.413516 0.507031 0.824971 0.00217945
0 0.371004 0.720425 0.742007 0.55915 0.00216569
0 0.30177 0.947393 0.60354 0.105213 0.00216413
0 0.136706 0.907964 0.273411 0.16207 0.00215496
0 0.1414 0.244401 0.2828 0.35631 0.00215496
0 0.720975 0.829402 0.558049 0.341196 0.00213279
0 0.860097 0.673755 0.279805 0.652489 0.0021219
0 0.499054 0.124474 0.903685 0.242958 0.00211556
0 0.811409 0.764464 0.377181 0.471072 0.00208944
0 0.136793 0.173836 0.273586 0.283848 0.00208618
0 0.160867 0.0799873 0.293375 0.158464 0.0020791
0 0.181752 0.753934 0.361355 0.492132 0.00207816
0 0.65498 0.131648 0.69004 0.263295 0.00207163
0 0.131719 0.118002 0.263439 0.220556 0.00206934
0 0.284042 0.0853805 0.522638 0.168195 0.00206252
0 0.26315 0.578224 0.526301 0.843552 0.00206143
0 0.337579 0.174804 0.594605 0.339083 0.00205542
0 0.388776 0.784058 0.777552 0.431883 0.00203417
0 0.343348 0.399838 0.617278 0.620801 0.00203273
0 0.287417 0.251164 0.530592 0.474608 0.00203054
0 0.641751 0.188941 0.716498 0.371925 0.00202893
1 0.583135 0.975532 0.393329 0.0480862 0.00200725
0 0.648509 0.861948 0.702981 0.276105 0.00196168
0 0.198128 0.118742 0.353794 0.230354 0.00195553
2 0.669019 0.786582 0.617807 0.41944 0.00195549
0 0.165432 0.237699 0.299093 0.41477 0.00194422
0 0.460623 0.896554 0.867674 0.203427 0.00193831
1 0.409224 0.523373 0.577487 0.17557 0.00191721
0 0.173235 0.343476 0.34391 0.670466 0.00189916
1 0.438736 0.0354919 0.877473 0.0694102 0.00188702
0 0.276636 0.900923 0.539373 0.180158 0.00184219
0 0.202445 0.872397 0.385188 0.227378 0.00183007
0 0.653873 0.785381 0.692254 0.429238 0.00178752
1 0.754668 0.679626 0.490664 0.60005 0.00171156
1 0.398007 0.549861 0.654683 0.181733 0.00161773
1 0.341516 0.0341097 0.621362 0.0681305 0.00157541
0 0.678236 0.809205 0.371084 0.206166 0.00157044
1 0.441423 0.96088 0.569296 0.077643 0.00147182
1 0.51485 0.0280017 0.943032 0.0542683 0.00134482
0 0.722785 0.969479 0.55443 0.060363 0.00128168
1 0.397079 0.602451 0.628733 0.194826 0.00120937
1 0.623364 0.970749 0.494802 0.0585025 0.00116311
2 0.735676 0.964977 0.528648 0.0695797 0.00111799
1 0.578796 0.0349422 0.657083 0.0698096 0.00109738
1 0.485228 0.939505 0.365394 0.120322 0.00109616
2 0.442757 0.938676 0.446048 0.122648 0.00108777
0 0.507978 0.281223 0.413226 0.129737 0.00106781
0 0.630874 0.784186 0.475361 0.250998 0.00106591
1 0.350201 0.516201 0.417997 0.158498 0.00105208
0 0.464375 0.27867 0.443286 0.158636 0.00102662
2 0.403321 0.0788752 0.638473 0.15775 0.00101813
1 0.857105 0.0877681 0.28579 0.175536 0.00101547
0 0.521364 0.803835 0.291839 0.215659 0.00101339
0 0.716744 0.786144 0.291566 0.195673 0.00100015
1 0.79213 0.0466132 0.41574 0.0932217 0.000999749
1 0.426114 0.636832 0.608808 0.231132 0.000999411
1 0.423338 0.0799119 0.705517 0.159824 0.000997946
1 0.675762 0.823062 0.381847 0.170613 0.000992455
2 0.347634 0.962823 0.643676 0.0739822 0.00097184
1 0.840008 0.0550857 0.319983 0.110171 0.00096974
0 0.429242 0.943825 0.504785 0.11235 0.000965772
1 0.514587 0.33568 0.547373 0.216037 0.00094607
2 0.128813 0.094978 0.257626 0.189202 0.000942169
1 0.410859 0.487861 0.637142 0.200124 0.000938829
2 0.407713 0.110274 0.476548 0.219494 0.000935224
0 0.483638 0.457134 0.705112 0.224704 0.000931593
2 0.0878577 0.105089 0.175715 0.210178 0.00093099
1 0.625388 0.0530817 0.749225 0.104397 0.000927876
1 0.514209 0.57941 0.786403 0.17374 0.00092493
0 0.643707 0.876329 0.327898 0.243431 0.000924916
1 0.521552 0.609649 0.805361 0.180546 0.000920233
1 0.481094 0.363205 0.651761 0.249433 0.000920039
1 0.773837 0.073202 0.452326 0.144959 0.000916961
0 0.635134 0.975178 0.264746 0.0496152 0.000911384
1 0.587366 0.947938 0.388055 0.102647 0.000896302
0 0.459002 0.912468 0.486949 0.175064 0.00089281
0 0.554548 0.577349 0.698317 0.196177 0.000892781
0 0.555435 0.773404 0.358052 0.269945 0.000890738
1 0.728453 0.0625247 0.543094 0.123543 0.00088517
2 0.0564239 0.126573 0.112848 0.253147 0.000883675
0 0.462236 0.65594 0.57175 0.278587 0.000876254
0 0.613838 0.694304 0.5303 0.191487 0.000874089
0 0.47627 0.672529 0.436677 0.336128 0.00087145
2 0.0788973 0.220881 0.154469 0.21341 0.000865817
1 0.686157 0.85909 0.415846 0.28182 0.00086332
1 0.482215 0.433524 0.695441 0.195858 0.000862785
1 0.713989 0.467509 0.28029 0.237207 0.000862068
1 0.713327 0.0375039 0.573347 0.0750078 0.000862027
0 0.513137 0.913957 0.33422 0.172085 0.000860544
0 0.405012 0.484424 0.53953 0.205362 0.000855368
0 0.557262 0.545438 0.674444 0.184119 0.000852328
0 0.485204 0.710369 0.342092 0.326988 0.000851909
2 0.190022 0.0850123 0.380044 0.170025 0.00084636
0 0.492369 0.505782 0.724384 0.236637 0.000845769
0 0.377188 0.331882 0.454019 0.180301 0.000845338
0 0.592256 0.847678 0.257657 0.150352 0.000844471
0 0.252716 0.32028 0.291849 0.157429 0.000843601
0 0.378163 0.580077 0.484342 0.21964 0.000839551
1 0.874941 0.126 0.250119 0.252001 0.000837237
0 0.71928 0.893109 0.34944 0.213783 0.000836518
0 0.477742 0.249035 0.407614 0.192224 0.000833055
0 0.468477 0.797492 0.186668 0.210768 0.000831772
0 0.233955 0.984759 0.271784 0.0303402 0.000831414
0 0.776526 0.965106 0.446949 0.0693018 0.000829209
1 0.837278 0.0778239 0.325444 0.155648 0.000823522
0 0.868855 0.916902 0.26229 0.166196 0.00082321
2 0.246405 0.958328 0.492811 0.0831831 0.000822969
2 0.08052 0.270155 0.158165 0.262395 0.000822831
0 0.549306 0.251122 0.43578 0.178994 0.000821276
1 0.340998 0.0254985 0.681997 0.0494572 0.0008205
0 0.0606487 0.223821 0.121297 0.30747 0.000820243
2 0.0802623 0.411341 0.154863 0.273138 0.000816633
0 0.49839 0.751108 0.299481 0.295788 0.000815912
0 0.207493 0.316189 0.259525 0.154825 0.000815898
2 0.239599 0.0301496 0.475873 0.060022 0.000814717
0 0.292458 0.297436 0.3457 0.16783 0.000812081
1 0.547476 0.804692 0.300821 0.222242 0.000809756
0 0.289619 0.484594 0.275312 0.175665 0.000809663
2 0.0824964 0.148308 0.164993 0.296615 0.000806653
2 0.895484 0.948068 0.209032 0.103865 0.00080543
0 0.349574 0.526451 0.418106 0.150733 0.000803091
0 0.401774 0.628272 0.515395 0.253655 0.000800934
2 0.98021 0.94253 0.0395808 0.114939 0.000800242
2 0.369366 0.0615946 0.518778 0.123189 0.000799733
2 0.055393 0.41908 0.110786 0.367835 0.000799542
2 0.189092 0.953854 0.378184 0.0919533 0.000793763
2 0.946293 0.101034 0.107413 0.202069 0.000789313
1 0.110436 0.421827 0.214078 0.239357 0.000787091
0 0.248057 0.53019 0.188896 0.116404 0.000785447
0 0.499576 0.891016 0.429997 0.193327 0.000783488
0 0.442212 0.199308 0.43385 0.339514 0.000781419
0 0.0678819 0.885394 0.135764 0.229212 0.00078105
0 0.800474 0.90594 0.354406 0.188121 0.00077894
0 0.504499 0.417588 0.618272 0.21924 0.000777772
0 0.288781 0.460881 0.311915 0.232481 0.000776295
2 0.88662 0.928372 0.22676 0.143256 0.000776038
2 0.066 0.778362 0.132 0.383282 0.000774197
2 0.742252 0.865708 0.339111 0.268585 0.000773379
1 0.71785 0.512079 0.287962 0.222077 0.000772908
0 0.312418 0.370412 0.398859 0.204449 0.000772347
0 0.216245 0.290825 0.279748 0.185387 0.000772186
0 0.71661 0.854074 0.37256 0.291852 0.000770933
2 0.084607 0.77709 0.168738 0.264408 0.000769719
0 0.403628 0.440523 0.511821 0.177391 0.000767251
0 0.382805 0.914839 0.425803 0.170322 0.000767035
0 0.541107 0.643786 0.762359 0.21889 0.000766057
0 0.580927 0.60133 0.599992 0.257179 0.000765735
0 0.582495 0.661714 0.612245 0.210619 0.000763691
0 0.546218 0.694503 0.650589 0.24623 0.000760663
0 0.109009 0.193189 0.211487 0.267959 0.000760363
2 0.0698756 0.871552 0.139751 0.256897 0.000757781
0 0.585543 0.735301 0.557279 0.262042 0.000757285
0 0.0603761 0.290084 0.120752 0.343408 0.000756039
0 0.310667 0.935573 0.425982 0.128577 0.000750279
0 0.245335 0.268546 0.260937 0.219843 0.000750109
0 0.0562789 0.360267 0.112558 0.380306 0.000748565
0 0.41442 0.219023 0.376918 0.24989 0.00074847
1 0.688383 0.634687 0.361222 0.273633 0.000747801
2 0.990756 0.415261 0.0184886 0.417282 0.000747714
2 0.710176 0.795501 0.297376 0.171327 0.000744917
0 0.631676 0.830133 0.301026 0.154995 0.000744368
0 0.160728 0.317297 0.26866 0.166044 0.000743835
0 0.772074 0.130175 0.330744 0.260349 0.000743474
2 0.993964 0.58914 0.0120717 0.400124 0.000743311
0 0.858479 0.167522 0.278326 0.335044 0.000742788
2 0.923533 0.142386 0.152934 0.284771 0.00074277
0 0.1659 0.365063 0.305875 0.248668 0.000742109
0 0.536555 0.892073 0.281952 0.205618 0.00074163
1 0.0275808 0.0921704 0.0551615 0.184341 0.000740909
0 0.888377 0.175571 0.223247 0.351141 0.000740234
2 0.0533724 0.498732 0.106745 0.410774 0.000737991
2 0.729098 0.0940752 0.541803 0.18815 0.000736124
0 0.418099 0.292308 0.450614 0.151234 0.000736092
1 0.590778 0.325047 0.358825 0.195242 0.00073568
0 0.298929 0.324608 0.389537 0.170566 0.000734807
2 0.50055 0.107054 0.546396 0.214109 0.000734726
2 0.256276 0.0780583 0.51114 0.156117 0.000734443
0 0.784614 0.853912 0.347389 0.277504 0.00073429
1 0.100348 0.948544 0.200696 0.102911 0.000733916
2 0.0707141 0.925107 0.141428 0.14661 0.000732689
0 0.142382 0.225922 0.273342 0.206238 0.000732233
2 0.0243603 0.879804 0.0487205 0.240392 0.000731686
0 0.729284 0.932143 0.360409 0.132561 0.000730765
2 0.993902 0.47169 0.0121968 0.400448 0.000729904
1 0.788112 0.12591 0.423775 0.251819 0.000728059
2 0.0277168 0.837668 0.0554336 0.324665 0.000727895
2 0.086442 0.944895 0.172884 0.107711 0.000727713
0 0.899999 0.253775 0.169397 0.243907 0.000725111
0 0.36256 0.246535 0.363787 0.214922 0.0007247
0 0.85776 0.878159 0.28448 0.243683 0.000724388
0 0.325506 0.273704 0.36503 0.206387 0.000724365
0 0.85362 0.956211 0.292761 0.0875771 0.000722595
2 0.105469 0.0629926 0.207401 0.125985 0.000722397
1 0.725852 0.5141 0.264294 0.318755 0.000721764
0 0.140601 0.281716 0.252979 0.22605 0.000720434
2 0.85807 0.942274 0.283861 0.114943 0.000719946
0 0.198394 0.929295 0.389596 0.141068 0.000718739
0 0.123368 0.655208 0.217348 0.21719 0.00071845
0 0.906281 0.90886 0.187438 0.182281 0.00071824
2 0.554772 0.31664 0.464481 0.18147 0.00071683
2 0.98713 0.350617 0.0257406 0.454572 0.000715214
0 0.183835 0.417523 0.363187 0.26432 0.000714614
0 0.305211 0.909237 0.34544 0.181525 0.000714215
2 0.0377045 0.917829 0.0754089 0.164342 0.000713139
0 0.223105 0.0299566 0.446209 0.0599133 0.00071278
0 0.791813 0.146009 0.225229 0.292019 0.000711986
0 0.375232 0.192207 0.313521 0.287077 0.000711335
2 0.964641 0.167949 0.0707177 0.335898 0.000710729
0 0.15814 0.0419389 0.315106 0.0837489 0.00070998
2 0.111528 0.16035 0.217425 0.311828 0.00070956
0 0.701689 0.757673 0.330291 0.236201 0.000707707
1 0.632224 0.504741 0.466532 0.18279 0.000706982
0 0.108316 0.412618 0.20634 0.243172 0.000706284
2 0.989879 0.156372 0.0202429 0.312744 0.00070614
0 0.245791 0.447164 0.338654 0.213017 0.000705755
0 0.503624 0.190377 0.358232 0.327456 0.000705487
0 0.661254 0.940444 0.425288 0.117576 0.000705246
0 0.608887 0.198194 0.348998 0.372449 0.000704933
2 0.0868797 0.710301 0.173677 0.290423 0.000704929
2 0.898016 0.863154 0.203967 0.238304 0.000703356
0 0.234225 0.604549 0.255009 0.345149 0.000703185
0 0.17219 0.60196 0.279903 0.329185 0.000702041
2 0.0601619 0.691999 0.120324 0.399125 0.00070197
2 0.765748 0.952743 0.468503 0.0944828 0.000700998
2 0.985486 0.909987 0.0290281 0.180026 0.000699885
2 0.993699 0.857145 0.0126028 0.28571 0.000699197
2 0.965029 0.852504 0.069942 0.294993 0.000699055
0 0.186755 0.204076 0.251048 0.194923 0.000697945
0 0.562294 0.47512 0.595954 0.235634 0.000697631
2 0.0164305 0.125404 0.0328611 0.250807 0.000697237
2 0.548551 0.0815657 0.838089 0.163131 0.000697197
0 0.411552 0.663027 0.399487 0.331634 0.000696329
0 0.585692 0.450357 0.505455 0.235746 0.000695893
2 0.968799 0.676564 0.0624026 0.468009 0.000695356
2 0.833475 0.0926526 0.333051 0.185305 0.000694402
1 0.690236 0.433657 0.281105 0.226447 0.000694306
0 0.155776 0.897867 0.299152 0.204266 0.00069419
0 0.144012 0.931219 0.270276 0.136465 0.000693773
0 0.136121 0.613211 0.237058 0.278576 0.000693223
0 0.353337 0.157175 0.243816 0.215504 0.00069311
0 0.322499 0.469946 0.350004 0.169693 0.000692637
