1 0.61624 0.635585 0.409445 0.607643 0.97007
1 0.547433 0.629715 0.254491 0.613531 0.0405627
1 0.600755 0.722237 0.317404 0.426814 0.0257536
1 0.560242 0.761662 0.210073 0.346555 0.0177061
1 0.472198 0.631647 0.416281 0.625423 0.0125945
1 0.574754 0.552315 0.30575 0.43946 0.0112771
1 0.548629 0.719469 0.241658 0.433775 0.0099894
1 0.617489 0.501164 0.398694 0.341319 0.00895033
1 0.442027 0.638721 0.644821 0.64159 0.00734482
1 0.643282 0.710012 0.400899 0.560269 0.00703122
1 0.4566 0.707251 0.477689 0.481499 0.00562276
0 0.0201201 0.294942 0.0402401 0.589884 0.00483227
2 0.620951 0.530443 0.391113 0.404496 0.00474955
1 0.63707 0.59027 0.357884 0.486098 0.0042085
0 0.0918247 0.558488 0.183233 0.846876 0.00387659
0 0.0820413 0.353328 0.163928 0.654879 0.00364063
0 0.975196 0.71752 0.0495331 0.15012 0.00358229
0 0.616722 0.481907 0.417098 0.392499 0.00353098
1 0.632804 0.496698 0.460846 0.682875 0.00327151
0 0.0926647 0.711164 0.185036 0.57192 0.00310762
0 0.651605 0.457919 0.577317 0.702942 0.0030502
0 0.0786315 0.249007 0.156945 0.474197 0.00300414
0 0.0125239 0.276366 0.0250381 0.276951 0.00300232
0 0.0205261 0.393678 0.0410523 0.704059 0.00297623
0 0.120448 0.482313 0.240896 0.95172 0.00295059
0 0.628574 0.510008 0.576938 0.385092 0.00290663
0 0.924142 0.166615 0.150437 0.333229 0.00278279
0 0.949746 0.645593 0.100507 0.638378 0.00277991
0 0.126659 0.321806 0.253318 0.623106 0.00275149
0 0.938253 0.223202 0.123033 0.432363 0.0027373
0 0.861596 0.924362 0.276809 0.151276 0.00271311
1 0.482491 0.768874 0.671702 0.414158 0.00269938
0 0.898149 0.160328 0.203701 0.320656 0.00269416
0 0.142307 0.73695 0.0437003 0.0504403 0.00268269
0 0.902992 0.660349 0.193603 0.620562 0.00261055
1 0.718941 0.704073 0.554595 0.591764 0.00257526
0 0.075333 0.189626 0.150666 0.379253 0.00257222
0 0.897283 0.860534 0.205433 0.267595 0.00254528
0 0.946555 0.518895 0.106891 0.744898 0.00252843
0 0.942544 0.759209 0.114913 0.481581 0.00251791
0 0.927544 0.806495 0.143425 0.377245 0.00251628
0 0.091932 0.793322 0.183705 0.385181 0.00251204
1 0.345321 0.636348 0.670841 0.722016 0.00249474
2 0.728767 0.662225 0.542436 0.575638 0.00248112
0 0.850801 0.964499 0.295031 0.0710024 0.00246164
0 0.94315 0.334634 0.113699 0.593756 0.00244607
0 0.149947 0.564679 0.299894 0.853539 0.00244005
1 0.657221 0.359898 0.629951 0.639716 0.00243559
0 0.020289 0.529902 0.0405779 0.725627 0.00243326
0 0.849213 0.135249 0.290796 0.270498 0.00241379
0 0.840343 0.638804 0.316876 0.659409 0.00239609
1 0.687079 0.599963 0.258033 0.335064 0.00238583
0 0.0877679 0.92559 0.175536 0.148821 0.00238329
1 0.530344 0.532935 0.271874 0.442147 0.00238142
0 0.0108903 0.161973 0.0217807 0.323946 0.00236301
0 0.151742 0.959961 0.303485 0.0800773 0.00236032
0 0.119253 0.226418 0.237795 0.425942 0.00234792
1 0.568363 0.814538 0.297715 0.322534 0.00233779
0 0.91916 0.720373 0.161583 0.559254 0.00232425
0 0.620338 0.45693 0.709332 0.49974 0.00230702
1 0.65842 0.813244 0.434443 0.358016 0.00229848
0 0.0980016 0.103635 0.196003 0.20727 0.00229001
0 0.91044 0.230314 0.178197 0.419317 0.00227204
0 0.776587 0.960647 0.37908 0.0787064 0.00225323
0 0.879516 0.539391 0.240321 0.705803 0.00224432
0 0.135613 0.670657 0.271226 0.658685 0.00222815
0 0.707267 0.955088 0.435582 0.0898249 0.00222651
0 0.352938 0.610631 0.700338 0.741235 0.00222575
0 0.686196 0.126737 0.434785 0.253473 0.00222146
0 0.520628 0.607342 0.621899 0.627393 0.0022148
0 0.1009 0.954561 0.2018 0.0908779 0.00221343
0 0.674249 0.303915 0.597065 0.536847 0.00221286
0 0.223483 0.956608 0.382745 0.0867848 0.00221132
0 0.725351 0.231336 0.480021 0.410887 0.0022094
0 0.609802 0.478314 0.394471 0.564914 0.00220847
0 0.140616 0.0687427 0.281232 0.137485 0.00219827
0 0.870399 0.900007 0.256198 0.181637 0.0021795
0 0.151454 0.763021 0.302236 0.468171 0.00217065
1 0.493271 0.816105 0.412875 0.32697 0.00216952
0 0.746647 0.138463 0.365799 0.259873 0.00216767
0 0.108438 0.160607 0.216475 0.321214 0.00216682
0 0.173553 0.344914 0.347107 0.595688 0.00216069
0 0.603929 0.0731279 0.402168 0.146256 0.00215249
0 0.181849 0.459989 0.363697 0.834112 0.00214865
0 0.159874 0.041483 0.309985 0.082966 0.00213993
0 0.600181 0.339883 0.472315 0.492087 0.00213901
1 0.748718 0.773316 0.4796 0.438268 0.00213588
0 0.130565 0.883137 0.261131 0.215094 0.0021301
0 0.138692 0.815437 0.277033 0.347461 0.00212702
0 0.0988478 0.854535 0.197696 0.269853 0.00212236
0 0.0197122 0.739744 0.0394244 0.520513 0.00212115
0 0.55832 0.0565523 0.379593 0.113105 0.00211412
0 0.473022 0.950472 0.459062 0.0990569 0.00210429
0 0.344133 0.954471 0.43537 0.0910578 0.00210273
0 0.774311 0.115489 0.370161 0.230978 0.0021027
0 0.818941 0.535083 0.357348 0.734801 0.00210059
0 0.812016 0.703866 0.374311 0.592268 0.00209913
1 0.543731 0.801499 0.174699 0.264361 0.00209836
0 0.506423 0.0470594 0.371688 0.0941188 0.00207694
0 0.195451 0.886264 0.34066 0.211356 0.00206589
0 0.395296 0.0481944 0.379735 0.0963889 0.002058
0 0.670331 0.200874 0.48782 0.348519 0.00205201
0 0.242345 0.0403537 0.393279 0.0807074 0.00204968
0 0.020117 0.649285 0.0402339 0.701429 0.00204887
0 0.416561 0.332172 0.56609 0.490152 0.00204821
0 0.794775 0.216194 0.39514 0.374279 0.00204605
0 0.285076 0.0489131 0.390658 0.0978263 0.00204068
0 0.276022 0.581417 0.552044 0.837166 0.00202655
0 0.688326 0.836934 0.487065 0.313617 0.00202542
0 0.660875 0.565626 0.664757 0.600937 0.00201742
0 0.297833 0.79658 0.444838 0.384321 0.00201341
0 0.907831 0.350371 0.183554 0.580266 0.00201292
0 0.51978 0.840057 0.546687 0.293431 0.0020056
0 0.33947 0.420592 0.61846 0.713165 0.00200387
0 0.325551 0.322113 0.54269 0.505478 0.00200046
0 0.405129 0.851218 0.543562 0.277998 0.00198991
0 0.628371 0.137665 0.392952 0.262539 0.0019892
0 0.234049 0.812389 0.401368 0.35496 0.00198305
0 0.451952 0.574664 0.746502 0.772644 0.00198303
0 0.272318 0.861977 0.374455 0.258294 0.00198215
0 0.475513 0.283964 0.498831 0.396976 0.00196983
0 0.240314 0.724825 0.480629 0.548241 0.00196747
0 0.846197 0.805026 0.29862 0.373749 0.00196504
0 0.434388 0.420476 0.678054 0.628223 0.001963
0 0.771368 0.869739 0.404952 0.245637 0.00196244
0 0.526737 0.333693 0.478394 0.453143 0.00196128
0 0.164934 0.235218 0.329867 0.424133 0.00194213
0 0.151307 0.157886 0.302615 0.311993 0.00193735
0 0.985662 0.733479 0.0281609 0.110963 0.00192402
0 0.0476098 0.280314 0.095017 0.560628 0.00191898
0 0.502074 0.434966 0.646821 0.506139 0.00191464
0 0.77973 0.298088 0.434274 0.50142 0.00189922
0 0.309536 0.274183 0.477678 0.398026 0.00188706
1 0.561436 0.947388 0.343086 0.105224 0.00188482
0 0.514146 0.454822 0.420433 0.527108 0.00188478
0 0.202163 0.624342 0.404327 0.751316 0.00187019
0 0.644599 0.942333 0.409803 0.115335 0.00186647
0 0.0112257 0.429866 0.0224451 0.334649 0.00185608
0 0.591366 0.200119 0.425348 0.307149 0.00183305
0 0.832755 0.35226 0.330144 0.61202 0.00182942
0 0.535381 0.135276 0.350322 0.253851 0.00180389
0 0.236677 0.431551 0.456514 0.726824 0.00179683
0 0.239212 0.318242 0.421594 0.486883 0.00179086
0 0.451476 0.205997 0.393369 0.325929 0.00178038
0 0.472667 0.133814 0.331518 0.251483 0.00177228
0 0.408822 0.135392 0.35335 0.256171 0.00177219
0 0.973163 0.710026 0.0527983 0.395724 0.00177048
1 0.534516 0.85906 0.157425 0.139569 0.00176647
0 0.214006 0.12684 0.361149 0.247094 0.0017631
0 0.288061 0.134678 0.390358 0.254603 0.00173431
0 0.304294 0.205134 0.446848 0.336559 0.00168202
0 0.0292744 0.290406 0.0584301 0.281616 0.00166926
2 0.680182 0.592851 0.275965 0.340588 0.0016589
0 0.974188 0.709951 0.0498577 0.0739924 0.00164787
0 0.0548361 0.467776 0.109672 0.609716 0.00162945
0 0.234867 0.203907 0.368867 0.342396 0.00161649
0 0.0119879 0.208144 0.0239758 0.370985 0.00157995
0 0.0200956 0.843488 0.0401912 0.299777 0.00157683
0 0.973605 0.677092 0.0525917 0.239202 0.00154509
0 0.00913871 0.543142 0.0182774 0.323405 0.00151692
0 0.0258055 0.870664 0.0516109 0.255364 0.00151451
0 0.989845 0.745029 0.0198345 0.120228 0.00149941
0 0.609972 0.454129 0.419991 0.242096 0.00144166
1 0.629622 0.621212 0.402473 0.358028 0.00137769
1 0.625052 0.716574 0.338349 0.324431 0.00137651
0 0.614533 0.740185 0.316778 0.326506 0.00135075
0 0.979185 0.741024 0.0414844 0.230481 0.00129734
0 0.976965 0.756114 0.0450076 0.487771 0.00129308
0 0.0623575 0.225547 0.124715 0.451094 0.0012774
0 0.066252 0.69445 0.132504 0.6111 0.00127245
0 0.0678057 0.93078 0.135611 0.134678 0.00126857
0 0.0608941 0.785348 0.121788 0.429303 0.00125304
0 0.0555106 0.57585 0.111021 0.631981 0.00123604
1 0.56403 0.7082 0.239022 0.333463 0.00123243
0 0.974915 0.819163 0.0493351 0.361674 0.00121764
2 0.716674 0.59938 0.194484 0.330008 0.00119801
0 0.0183784 0.216742 0.0367569 0.433483 0.00116978
0 0.0442344 0.876265 0.0884687 0.23401 0.00115787
0 0.970768 0.8664 0.0573895 0.267199 0.00115482
0 0.973485 0.69199 0.0526779 0.108971 0.00115378
0 0.0545031 0.743193 0.109006 0.513613 0.0011318
0 0.0127957 0.351305 0.0255133 0.339808 0.00111484
0 0.0734896 0.410721 0.146979 0.3965 0.00109937
0 0.617356 0.48641 0.472641 0.269094 0.00108597
0 0.515221 0.420709 0.180687 0.169157 0.00108465
0 0.553756 0.470771 0.265997 0.275958 0.00108459
1 0.575449 0.635719 0.319383 0.410646 0.00107834
0 0.517178 0.561411 0.189569 0.299557 0.00107007
0 0.0547806 0.845836 0.109561 0.30005 0.00106761
0 0.0773071 0.719459 0.154614 0.458171 0.00106556
0 0.960122 0.241872 0.0790829 0.483743 0.00106525
0 0.0860699 0.897576 0.169112 0.192061 0.0010454
1 0.544967 0.856426 0.184582 0.195841 0.00104519
2 0.958562 0.212887 0.0822369 0.425774 0.0010389
0 0.517689 0.623458 0.19284 0.406455 0.00103536
0 0.96296 0.898216 0.0726101 0.203567 0.00102794
0 0.0107674 0.597787 0.0215348 0.353907 0.00102171
1 0.596073 0.849418 0.253104 0.301164 0.0010209
0 0.120777 0.344672 0.226247 0.190466 0.00101023
1 0.724296 0.643219 0.175264 0.233009 0.00100878
0 0.971802 0.609452 0.0556446 0.355876 0.0010074
2 0.0176224 0.201133 0.0352447 0.402265 0.000994245
0 0.707329 0.597757 0.21661 0.339858 0.000993
0 0.0104744 0.863845 0.0209489 0.272309 0.000988601
1 0.608643 0.549925 0.450015 0.384747 0.000985193
1 0.653642 0.660237 0.339761 0.302913 0.000980555
2 0.962945 0.269994 0.0734228 0.539988 0.000978628
0 0.0745814 0.629668 0.149163 0.429927 0.000975127
0 0.00998619 0.496234 0.0199266 0.332409 0.000974918
0 0.112534 0.410751 0.223654 0.26386 0.000973328
0 0.0727742 0.490928 0.145548 0.421621 0.000973091
0 0.57695 0.443795 0.328209 0.216161 0.00096735
0 0.974254 0.621938 0.0503514 0.627752 0.000961495
0 0.548099 0.619271 0.250538 0.485645 0.000959939
0 0.0115567 0.733902 0.0231133 0.380196 0.000958754
1 0.563472 0.825906 0.227057 0.20154 0.000957411
0 0.118345 0.477839 0.236578 0.328592 0.000956688
0 0.96277 0.837763 0.0735784 0.319391 0.000953962
1 0.603941 0.88586 0.224868 0.218954 0.000951611
0 0.0981707 0.945077 0.196341 0.109348 0.000946638
0 0.483535 0.435397 0.115907 0.196636 0.000944408
2 0.960472 0.933948 0.0786728 0.132103 0.000935117
0 0.0686833 0.998832 0.137367 0.00233654 0.000934507
0 0.602192 0.784556 0.291671 0.27368 0.000923178
0 0.548746 0.69383 0.229583 0.453696 0.000921024
0 0.230798 0.903362 0.22985 0.180165 0.000913721
0 0.0113697 0.666628 0.0227395 0.37242 0.000913459
0 0.15501 0.325716 0.275202 0.22302 0.000912515
0 0.108423 0.612139 0.216572 0.34169 0.000910139
0 0.0938467 1 0.176123 0 0.000909743
0 0.632618 0.579543 0.402427 0.333074 0.000908091
2 0.723775 0.118383 0.244295 0.227902 0.000904401
0 0.501357 0.533992 0.157117 0.233803 0.000903353
0 0.0743476 0.00229815 0.148695 0.00459629 0.000901653
1 0.719004 0.605026 0.189726 0.311818 0.000899288
1 0.738265 0.603715 0.155217 0.2344 0.000899273
0 0.04694 0.952825 0.0938799 0.0943495 0.000895329
2 0.761432 0.573773 0.107588 0.251742 0.000892835
0 0.129792 0.286045 0.259585 0.310515 0.000890544
2 0.251358 0.903472 0.203148 0.179591 0.000890428
2 0.961448 0.964603 0.0771032 0.0707938 0.00088494
0 0.149699 0.251781 0.299399 0.332169 0.000883526
0 0.189555 0.324842 0.251989 0.199015 0.000882872
0 0.98919 0.920796 0.0212723 0.134189 0.000881506
2 0.975233 0.593254 0.0484036 0.639952 0.000880694
0 0.169216 0.561423 0.183801 0.232105 0.000878186
0 0.144583 0.445472 0.2721 0.297715 0.000877818
0 0.971127 0.781771 0.0571213 0.421448 0.000876832
0 0.222532 0.527537 0.131661 0.116514 0.000873554
0 0.121502 0.00174689 0.222841 0.00349377 0.000873483
1 0.585161 0.798996 0.25284 0.241304 0.000872442
0 0.0488884 0.0237607 0.0977768 0.0475214 0.000871817
0 0.149191 0.467913 0.240219 0.233003 0.000866496
0 0.089954 0.574185 0.178764 0.35058 0.000864392
0 0.129546 0.578515 0.206461 0.327717 0.000860214
0 0.00993611 0.908214 0.0198722 0.183571 0.000859586
0 0.0353901 0.14705 0.0707803 0.294099 0.000858526
0 0.960997 0.590608 0.077599 0.40108 0.00085586
2 0.76587 0.118484 0.232125 0.228125 0.000851707
2 0.463971 1 0.194738 0 0.000847954
0 0.95015 0.905366 0.0982317 0.177057 0.00084516
0 0.114043 0.33151 0.226621 0.27813 0.000844956
2 0.820164 0.119083 0.225065 0.226696 0.000844324
0 0.518005 0.511729 0.191497 0.256674 0.000844147
0 0.541989 0.732969 0.191479 0.372271 0.000842374
0 0.815992 1 0.19938 0 0.000830151
0 0.470239 0.00150573 0.222605 0.00301147 0.000826974
0 0.133268 0.621864 0.176763 0.256324 0.000825684
0 0.970493 0.434442 0.0579155 0.645612 0.000825338
0 0.166682 0.00259462 0.220289 0.00518924 0.00082528
0 0.936063 0.895118 0.126467 0.196835 0.000825264
0 0.182109 0.515462 0.219369 0.218664 0.000822127
0 0.162382 0.521526 0.224762 0.268516 0.000821355
0 0.258543 1 0.222849 0 0.000820742
2 0.968183 0.317421 0.062751 0.634841 0.000818825
0 0.180373 0.194627 0.360745 0.264136 0.00081741
2 0.676662 0.103547 0.278344 0.202455 0.000814762
0 0.0858477 0.361959 0.170265 0.294191 0.000813697
0 0.95696 0.170435 0.084903 0.334059 0.000812973
0 0.213394 1 0.212491 0 0.000812326
0 0.191821 0.566675 0.193849 0.160952 0.000812208
0 0.923219 0.115048 0.152926 0.230096 0.000811821
0 0.421443 0.00176366 0.221684 0.00352733 0.000809726
0 0.00980105 0.947728 0.0196021 0.0954742 0.000809431
2 0.0183926 0.863208 0.0362933 0.273584 0.000808913
0 0.186777 0.907939 0.195729 0.169962 0.000808672
0 0.648602 0.703206 0.33432 0.301091 0.000806462
0 0.212362 0.0038099 0.24008 0.0076198 0.000805161
0 0.100037 0.520267 0.199074 0.401396 0.00080469
2 0.148764 0.897839 0.259546 0.192957 0.00080443
2 0.514187 1 0.209097 0 0.000803665
0 0.0975661 0.676637 0.19263 0.314897 0.0008035
0 0.134328 0.903745 0.223324 0.179625 0.000803006
0 0.646641 0.00195 0.229577 0.0039 0.000802039
0 0.0837447 0.729629 0.162874 0.339293 0.000800651
0 0.163943 1 0.207296 0 0.000799476
0 0.500265 0.453548 0.152337 0.22912 0.000797767
0 0.764006 1 0.180332 0 0.000797668
0 0.169769 0.147236 0.339538 0.251049 0.000797038
0 0.219567 0.574919 0.158014 0.114278 0.000795605
