0 0.669308 0.518442 0.25682 0.140353 0.397104
0 0.23225 0.527503 0.0966714 0.0717586 0.162553
2 0.948359 0.905084 0.103234 0.175615 0.15298
0 0.498412 0.88527 0.10083 0.0585166 0.147977
1 0.222178 0.0329162 0.319882 0.0658324 0.112609
0 0.469815 0.0277758 0.0732477 0.0554502 0.091889
2 0.880512 0.0667253 0.148807 0.0737683 0.0872099
0 0.520977 0.892647 0.144646 0.0757244 0.0820766
0 0.474475 0.880791 0.0540177 0.0493542 0.0805646
0 0.448047 0.579276 0.0861208 0.0570316 0.0650478
0 0.948506 0.908095 0.102839 0.183809 0.0639306
0 0.815106 0.258824 0.0908234 0.104375 0.0631795
2 0.473078 0.0277939 0.0658637 0.0550417 0.0616436
1 0.393379 0.0390503 0.745354 0.0781005 0.0525795
1 0.308295 0.0278214 0.425476 0.0556428 0.0484793
1 0.440653 0.0272668 0.154966 0.0542136 0.0472984
1 0.294109 0.030186 0.588217 0.0597285 0.0463957
1 0.407985 0.0272447 0.215261 0.0544894 0.0446312
0 0.473449 0.87466 0.0486866 0.0356892 0.0363863
1 0.500115 0.0968533 0.935727 0.192141 0.0340182
0 0.672778 0.225999 0.092673 0.0690872 0.0333968
2 0.143727 0.0326817 0.147031 0.0650614 0.0300282
0 0.673446 0.201598 0.0905478 0.119682 0.0294311
1 0.503857 0.15486 0.960772 0.307711 0.0292245
0 0.982755 0.953412 0.0344893 0.0931757 0.0288025
0 0.662724 0.00891471 0.0494621 0.0178294 0.026693
1 0.375778 0.0283239 0.303455 0.0566479 0.0231417
0 0.672636 0.237162 0.0895866 0.0456182 0.0202644
1 0.370423 0.0602456 0.699011 0.118836 0.019857
1 0.160889 0.03269 0.321779 0.0653799 0.0188689
0 0.573298 0.926652 0.0444425 0.0427162 0.0187726
0 0.335745 0.512254 0.320257 0.183661 0.0184166
0 0.984816 0.961557 0.029782 0.0758642 0.0181972
2 0.0963662 0.0321365 0.192732 0.0632228 0.0168856
2 0.504258 0.888615 0.112381 0.0637758 0.0167238
2 0.673195 0.233736 0.0901288 0.052929 0.0159652
2 0.846642 0.0667333 0.0778204 0.0728417 0.0155743
1 0.5 0.211408 1 0.422231 0.015155
0 0.395729 0.0289789 0.28375 0.0569745 0.015146
0 0.757321 0.553343 0.0828497 0.0846346 0.0151412
0 0.817182 0.291571 0.0751686 0.0416559 0.0149874
0 0.961316 0.885292 0.07687 0.11156 0.0142183
0 0.677853 0.17865 0.0667727 0.0729725 0.0139984
1 0.499242 0.348248 0.998483 0.696496 0.0136574
2 0.949319 0.835996 0.100605 0.308444 0.0135035
0 0.0201597 0.469585 0.0403195 0.0390791 0.012338
1 0.131837 0.0323222 0.117889 0.0644074 0.0121643
1 0.288273 0.0683284 0.576545 0.136657 0.0121486
1 0.103261 0.0376892 0.206523 0.0745797 0.0121264
0 0.750987 0.536029 0.0979458 0.121798 0.0120076
0 0.313803 0.517372 0.261338 0.130832 0.0118717
0 0.756189 0.735199 0.0306668 0.0190378 0.0117185
1 0.483043 0.0297345 0.412567 0.059469 0.0113537
0 0.663726 0.24075 0.071889 0.0377341 0.0111848
0 0.820241 0.282705 0.0676206 0.0489469 0.0110473
1 0.322884 0.136305 0.628571 0.270893 0.0109014
2 0.484664 0.0281843 0.100978 0.0563686 0.0107878
0 0.268673 0.534893 0.17199 0.0853994 0.0103666
0 0.829724 0.291287 0.0476974 0.0287031 0.0099217
2 0.669966 0.239983 0.0824267 0.0408982 0.00983492
1 0.362232 0.222965 0.692816 0.444198 0.00923741
0 0.59325 0.515697 0.416421 0.158941 0.00914028
1 0.0966895 0.0966256 0.193379 0.193161 0.00912624
2 0.116565 0.032234 0.152467 0.0644679 0.00884119
0 0.801517 0.227255 0.0657264 0.0391115 0.00858514
2 0.438755 0.0274497 0.19216 0.0548222 0.00843732
0 0.357641 0.543354 0.274274 0.130675 0.00837705
1 0.182792 0.10933 0.365583 0.21866 0.00822868
1 0.212811 0.138793 0.425622 0.277471 0.00804708
1 0.350263 0.326638 0.687753 0.653276 0.0080244
2 0.959728 0.89032 0.0801971 0.126483 0.00784257
0 0.986594 0.947872 0.0265683 0.078952 0.00772832
2 0.885785 0.0573961 0.167356 0.0957544 0.00766941
0 0.770521 0.556092 0.0575072 0.0786089 0.00747715
0 0.442507 0.406032 0.805413 0.583758 0.00743498
0 0.493693 0.451655 0.644239 0.344382 0.00739356
0 0.732381 0.472575 0.06112 0.033951 0.0070003
1 0.882559 0.0747206 0.157829 0.0925848 0.00697966
0 0.361606 0.46044 0.0988754 0.0716755 0.00697364
0 0.442905 0.493825 0.716422 0.235121 0.00695917
0 0.48587 0.493449 0.725709 0.502435 0.00687213
1 0.137545 0.210158 0.274381 0.418201 0.00668886
0 0.981416 0.918039 0.0371689 0.163922 0.00648657
0 0.494435 0.554906 0.643235 0.412794 0.00631257
1 0.277049 0.189092 0.554098 0.37648 0.00630515
0 0.506045 0.631672 0.742117 0.710088 0.00618891
0 0.549518 0.912226 0.100526 0.0740857 0.0061375
2 0.972326 0.896532 0.0545833 0.182065 0.00604455
1 0.549251 0.0280685 0.454079 0.0559581 0.00595753
0 0.0548915 0.399578 0.0382991 0.0356043 0.00568683
0 0.952305 0.875753 0.0949852 0.0934506 0.0056681
0 0.943337 0.864725 0.112956 0.27055 0.00557994
2 0.325231 0.0288487 0.194107 0.0576974 0.00551227
0 0.568013 0.55285 0.47047 0.211009 0.00545446
1 0.428267 0.034929 0.173646 0.069823 0.00538031
0 0.776625 0.574588 0.0441699 0.0419182 0.00522878
0 0.00826898 0.604639 0.016538 0.0346658 0.00520043
0 0.964525 0.863953 0.0708358 0.076648 0.0051414
2 0.29391 0.0319163 0.297556 0.0626591 0.00513167
0 0.00821774 0.705962 0.0164355 0.0319008 0.00512606
0 0.699185 0.00972491 0.134732 0.0194498 0.00509845
0 0.423222 0.407978 0.846445 0.815956 0.00508439
0 0.660461 0.551428 0.280491 0.208854 0.00499907
2 0.959607 0.90152 0.0807852 0.196961 0.00498109
1 0.523486 0.908161 0.157931 0.107049 0.00492625
0 0.00860662 0.595165 0.0169517 0.0471497 0.00491169
0 0.353673 0.484532 0.375185 0.24802 0.00486405
0 0.524037 0.892171 0.0580186 0.0443325 0.00478464
0 0.399978 0.422178 0.57357 0.454711 0.00466071
0 0.905202 0.889745 0.189597 0.22051 0.00465182
0 0.440275 0.928018 0.340905 0.139572 0.00461892
0 0.321167 0.854276 0.0292408 0.0245916 0.00448209
0 0.0184392 0.674598 0.0368785 0.0960852 0.00447589
2 0.506925 0.0270033 0.153583 0.0540067 0.00444011
0 0.938817 0.789485 0.122057 0.421029 0.0044023
0 0.397726 0.562265 0.187517 0.0969874 0.00437187
2 0.68793 0.00897161 0.15 0.0167447 0.00429152
0 0.458533 0.665171 0.699967 0.548648 0.0042633
0 0.796614 0.225413 0.0552048 0.0316444 0.00417805
0 0.988444 0.843209 0.0226104 0.0322424 0.00402686
0 0.733473 0.478793 0.0608923 0.0494831 0.00391172
1 0.652712 0.0784758 0.63965 0.155994 0.00390606
1 0.215009 0.215499 0.430017 0.429923 0.00390278
1 0.12332 0.329034 0.245855 0.658068 0.00387846
0 0.896631 0.114107 0.201274 0.226007 0.00387793
1 0.0891573 0.128141 0.178315 0.256283 0.00378302
0 0.815824 0.241889 0.0971565 0.0699899 0.00375023
1 0.206738 0.0612946 0.294628 0.122589 0.00374913
0 0.738295 0.471467 0.0467499 0.0298206 0.00374472
2 0.948576 0.887857 0.102849 0.062933 0.0037397
1 0.681855 0.147015 0.615619 0.29145 0.00371266
0 0.798752 0.0663895 0.400966 0.132779 0.00370502
0 0.972798 0.873064 0.0543485 0.0954294 0.00360563
0 0.300599 0.47326 0.487365 0.290002 0.00360225
0 0.023271 0.620727 0.0463632 0.271853 0.0035685
1 0.334541 0.932231 0.602707 0.135539 0.00354858
2 0.898417 0.0535158 0.203166 0.107032 0.00351452
0 0.536925 0.98191 0.0329762 0.0323997 0.00351335
0 0.42719 0.774524 0.13228 0.111907 0.00344891
2 0.985789 0.908856 0.0280056 0.16584 0.00342893
0 0.362156 0.925974 0.505649 0.144635 0.00341004
2 0.441164 0.0290242 0.13683 0.0580483 0.00340344
2 0.416111 0.0306835 0.398443 0.0609827 0.00339573
2 0.709471 0.0094093 0.211075 0.0176339 0.00338445
2 0.133289 0.0328249 0.266577 0.0649677 0.00337011
0 0.514903 0.890174 0.0746075 0.0476437 0.00336843
1 0.204166 0.335133 0.408333 0.670266 0.00330841
1 0.736464 0.0687943 0.516394 0.137017 0.0033034
0 0.921256 0.760655 0.157489 0.47869 0.00329832
1 0.502842 0.897344 0.169315 0.087813 0.00327821
0 0.285166 0.444189 0.5366 0.424916 0.00327225
0 0.0251597 0.688776 0.0503193 0.357441 0.00326043
0 0.836418 0.870285 0.326372 0.25943 0.00325271
1 0.594509 0.0190599 0.31444 0.0377595 0.00325142
0 0.791194 0.903448 0.417612 0.193104 0.00323611
0 0.0099275 0.692582 0.019855 0.0629094 0.00320844
0 0.902588 0.659218 0.0251363 0.0233782 0.00320056
0 0.883055 0.208175 0.230819 0.387571 0.00319426
0 0.281558 0.800634 0.0257247 0.023485 0.00311887
0 0.665819 0.508048 0.141195 0.116643 0.00311285
0 0.933421 0.945208 0.133158 0.109584 0.00311043
0 0.96564 0.94939 0.0683059 0.101221 0.00308008
0 0.338358 0.601422 0.676717 0.6509 0.00308007
0 0.818758 0.241162 0.36212 0.462338 0.00306048
0 0.696151 0.509299 0.19119 0.114281 0.00304409
0 0.738928 0.553272 0.522145 0.393409 0.00304232
0 0.578614 0.511047 0.0754079 0.0633005 0.00302908
0 0.711072 0.198523 0.171332 0.127432 0.00297577
0 0.297851 0.630009 0.500514 0.454205 0.0029673
1 0.476301 0.0270954 0.0644053 0.0541908 0.00295867
0 0.866748 0.792531 0.266504 0.414938 0.00291365
0 0.309952 0.561608 0.0543689 0.0403673 0.00289996
0 0.319647 0.432469 0.639294 0.864937 0.00289487
0 0.0103779 0.587507 0.0202062 0.0801978 0.00288148
0 0.121672 0.690027 0.243344 0.619945 0.00286404
0 0.494075 0.771778 0.275424 0.155424 0.00285713
0 0.534996 0.916797 0.623201 0.159261 0.00285688
0 0.327905 0.86424 0.0454828 0.0454136 0.0028497
2 0.832651 0.0647496 0.26439 0.085489 0.00284328
1 0.773373 0.15096 0.445881 0.297554 0.00282713
0 0.390512 0.679652 0.781023 0.640696 0.00280621
0 0.0214734 0.661938 0.042931 0.131881 0.00280326
0 0.263635 0.671162 0.527269 0.657676 0.002758
0 0.0257082 0.590279 0.0514165 0.436694 0.00272238
0 0.127867 0.399195 0.255009 0.79839 0.00270886
0 0.64648 0.00963678 0.14633 0.0192736 0.00266978
0 0.858452 0.698766 0.283095 0.595494 0.00265121
0 0.341433 0.917522 0.639425 0.163921 0.00264939
0 0.681692 0.494635 0.636617 0.466027 0.00264091
0 0.95171 0.957866 0.096581 0.0842688 0.00260732
1 0.691822 0.0250778 0.283324 0.0469665 0.0025992
1 0.580101 0.913151 0.818677 0.173697 0.00257243
0 0.603136 0.498781 0.131571 0.0938064 0.00256726
1 0.15316 0.0706209 0.298247 0.139249 0.00255854
0 0.374149 0.938099 0.748299 0.123802 0.0025464
1 0.229245 0.0970986 0.356607 0.194197 0.00254254
0 0.529297 0.928909 0.836398 0.142182 0.00252593
0 0.834531 0.759097 0.330899 0.481805 0.00248088
0 0.530405 0.688479 0.93919 0.623042 0.00245615
0 0.739314 0.641891 0.521372 0.63166 0.00244786
0 0.635368 0.688476 0.487419 0.592174 0.0024478
0 0.537559 0.980301 0.126542 0.0387344 0.00243702
1 0.0218448 0.188072 0.0436895 0.376143 0.00241383
1 0.89809 0.0543383 0.20382 0.108677 0.0024125
0 0.142955 0.611572 0.28591 0.772189 0.00240971
0 0.0393458 0.810107 0.0357051 0.0325053 0.00240585
0 0.705476 0.508325 0.124712 0.110792 0.0024044
1 0.574907 0.83433 0.850186 0.33134 0.00238898
1 0.887281 0.13911 0.178442 0.258973 0.0023685
1 0.674191 0.226412 0.0913658 0.0767415 0.00233993
0 0.672483 0.910691 0.655033 0.178617 0.00233039
0 0.783099 0.326025 0.431148 0.624936 0.00232978
1 0.0648584 0.161885 0.129717 0.32377 0.00232491
0 0.812806 0.296947 0.079494 0.0389389 0.0023245
0 0.770608 0.568521 0.0604446 0.0552736 0.00230735
0 0.23285 0.734217 0.465701 0.531565 0.0022871
0 0.398605 0.53884 0.108584 0.0745697 0.00227455
0 0.0151142 0.236413 0.0302284 0.23202 0.00224077
0 0.140566 0.798528 0.281132 0.402944 0.00222146
0 0.167419 0.917372 0.334838 0.165257 0.00220474
0 0.353494 0.737603 0.706988 0.524793 0.00219339
0 0.554296 0.823128 0.747249 0.351373 0.0021923
1 0.621066 0.0255692 0.395455 0.0487843 0.00218571
0 0.723254 0.544725 0.553493 0.648603 0.00218499
0 0.0223032 0.480812 0.0438869 0.0636004 0.00218298
0 0.438414 0.824353 0.567596 0.336922 0.00217372
1 0.296254 0.115609 0.465038 0.228203 0.00216632
0 0.0227485 0.24791 0.045497 0.430962 0.002165
0 0.494537 0.749803 0.291055 0.232748 0.00214575
0 0.640332 0.497888 0.0868174 0.0925572 0.00213619
0 0.987743 0.830254 0.0238095 0.0540252 0.0021347
0 0.42618 0.75003 0.693066 0.49994 0.00213054
0 0.714363 0.423462 0.571275 0.64797 0.00212963
0 0.518314 0.926807 0.196433 0.144447 0.00211988
0 0.245849 0.928785 0.491697 0.142209 0.00211816
0 0.780083 0.695633 0.439835 0.60693 0.00211101
0 0.0297715 0.779021 0.0595431 0.441959 0.00210958
0 0.299135 0.786102 0.598271 0.424007 0.00209899
0 0.974953 0.0171596 0.0500944 0.0343192 0.00207401
1 0.35551 0.108853 0.32753 0.215658 0.00205871
0 0.547686 0.777865 0.891809 0.444271 0.00205076
1 0.74484 0.245852 0.25049 0.144196 0.00204391
0 0.544612 0.867331 0.876492 0.265339 0.00204014
0 0.688631 0.0122032 0.122163 0.0244064 0.00202848
0 0.672734 0.848065 0.649609 0.303871 0.00202079
1 0.0879103 0.194356 0.175821 0.388712 0.00200836
0 0.713364 0.481116 0.10307 0.0564209 0.00200714
1 0.512829 0.045131 0.347506 0.090262 0.00198837
2 0.682094 0.511494 0.180791 0.124703 0.00198774
0 0.565331 0.97783 0.200545 0.0439739 0.00198436
0 0.135817 0.879006 0.271635 0.227288 0.00196756
1 0.74629 0.215212 0.24263 0.140029 0.00196642
2 0.0252881 0.527127 0.0505762 0.436598 0.00196346
2 0.0246288 0.666338 0.0490054 0.14691 0.00196093
1 0.894517 0.139673 0.210965 0.279347 0.0019453
0 0.294829 0.889659 0.589658 0.218618 0.00194228
0 0.708642 0.74392 0.580845 0.51216 0.00193811
0 0.325097 0.85699 0.650193 0.28602 0.00192136
0 0.0162222 0.254136 0.0324278 0.144931 0.00189541
1 0.553118 0.739792 0.893764 0.520416 0.00186299
0 0.20816 0.885035 0.416319 0.22499 0.00183336
0 0.227336 0.849093 0.454673 0.301815 0.0018328
0 0.312484 0.0284574 0.20765 0.0569148 0.00182463
2 0.82008 0.255807 0.0890349 0.0979271 0.00182383
0 0.900062 0.0550629 0.199877 0.109653 0.00180321
0 0.393521 0.0130226 0.266514 0.0260452 0.00178465
2 0.195051 0.0264358 0.276457 0.0528717 0.00177889
1 0.609481 0.881985 0.770895 0.234373 0.00176798
0 0.983074 0.869036 0.0338521 0.1876 0.00176713
0 0.523317 0.982313 0.0966014 0.0345564 0.00174717
0 0.390122 0.5147 0.222354 0.191971 0.00174635
0 0.0246701 0.310917 0.0493401 0.460882 0.00172231
1 0.495537 0.924629 0.216418 0.143972 0.00171935
0 0.819662 0.266051 0.103978 0.13286 0.00170691
0 0.021021 0.452631 0.042042 0.431484 0.0017045
0 0.0377016 0.697147 0.0754032 0.366074 0.00170407
0 0.251873 0.525717 0.129502 0.080931 0.00170216
1 0.024419 0.233263 0.048838 0.466525 0.0016818
0 0.0381472 0.627362 0.0762943 0.264021 0.00167999
0 0.0213288 0.503461 0.0417924 0.119247 0.00167746
0 0.29641 0.490698 0.300788 0.216911 0.0016623
0 0.565523 0.964773 0.212747 0.0694433 0.00165243
0 0.740699 0.0109555 0.258542 0.021911 0.00165146
2 0.0286922 0.371569 0.0573844 0.463659 0.00162662
1 0.562476 0.0692994 0.326916 0.138599 0.00161872
2 0.516586 0.890388 0.0724261 0.0482543 0.00161589
0 0.0390872 0.59433 0.0781619 0.403922 0.00160609
2 0.0151943 0.3023 0.0299673 0.128812 0.00159784
0 0.611002 0.365971 0.777996 0.686079 0.00159127
0 0.287601 0.966777 0.249477 0.0654251 0.00157194
0 0.988216 0.0162113 0.0229724 0.0324226 0.00156907
0 0.7799 0.258061 0.17239 0.115852 0.00155464
0 0.742552 0.210611 0.24569 0.121187 0.00155129
0 0.0262964 0.673665 0.0525928 0.113057 0.00154937
0 0.0508413 0.727548 0.101683 0.425095 0.00154598
0 0.311771 0.49039 0.209486 0.142629 0.00154028
0 0.493094 0.479068 0.064093 0.0412964 0.00153376
2 0.0117728 0.309064 0.0233115 0.118339 0.00152854
0 0.875529 0.263516 0.223716 0.11407 0.00152603
1 0.747963 0.0323906 0.385734 0.0621666 0.00152183
