2 0.233917 0.386085 0.310637 0.19397 0.982524
2 0.406029 0.80266 0.222624 0.175281 0.900593
0 0.945241 0.936892 0.108522 0.125447 0.719212
0 0.477251 0.697383 0.0801648 0.0470087 0.212907
0 0.705642 0.944731 0.028934 0.0214577 0.150491
2 0.477755 0.697943 0.0834934 0.0445833 0.138738
0 0.942894 0.174749 0.0301307 0.0259592 0.055577
2 0.462557 0.698768 0.116115 0.048449 0.0454115
0 0.958782 0.972669 0.0816533 0.0539013 0.0433679
1 0.408355 0.782058 0.228374 0.212896 0.0396627
0 0.46637 0.697147 0.0561015 0.0441335 0.0345615
0 0.939519 0.923699 0.0987864 0.0664243 0.0227516
0 0.0141273 0.11024 0.0256657 0.023662 0.016989
1 0.234836 0.384524 0.313284 0.193608 0.0162327
0 0.972427 0.93047 0.0548075 0.107473 0.0151639
1 0.410263 0.827371 0.230088 0.345257 0.0146452
2 0.703244 0.9438 0.0389033 0.0223599 0.0140983
0 0.882911 0.933823 0.234178 0.127064 0.0131512
0 0.961185 0.918107 0.0768782 0.0807846 0.0130719
0 0.942762 0.880473 0.112356 0.239055 0.011041
0 0.920162 0.92333 0.0607308 0.0588118 0.0102432
2 0.237535 0.425701 0.309379 0.355547 0.00997019
0 0.962458 0.935683 0.075083 0.121711 0.00946406
0 0.9597 0.978836 0.0805995 0.0408699 0.00894702
0 0.949832 0.915918 0.100197 0.0698992 0.00860406
1 0.237705 0.616374 0.319958 0.658289 0.00829439
0 0.978231 0.919905 0.0432294 0.0872975 0.0079983
0 0.144595 0.942475 0.0233061 0.0224814 0.00766555
0 0.358142 0.302958 0.0347313 0.0214944 0.00669648
0 0.420757 0.773744 0.196962 0.199998 0.00647342
1 0.345395 0.325205 0.542808 0.382608 0.00638347
2 0.184472 0.384146 0.202219 0.185695 0.00609977
1 0.205126 0.625897 0.410252 0.727888 0.00597701
1 0.276325 0.398995 0.229967 0.166263 0.00574134
0 0.703592 0.942316 0.0340014 0.026075 0.00550187
2 0.427429 0.79707 0.196079 0.141786 0.00544138
0 0.821186 0.906991 0.357628 0.186018 0.00511934
0 0.352798 0.30374 0.0457502 0.0349545 0.00478203
0 0.916906 0.933884 0.162227 0.130039 0.00469876
2 0.285284 0.381 0.207992 0.19277 0.00468477
0 0.842611 0.946009 0.314778 0.107981 0.00467732
0 0.246888 0.30405 0.342875 0.40905 0.00465581
1 0.377231 0.806162 0.155523 0.164388 0.00457352
0 0.351386 0.311707 0.049838 0.0436728 0.00428468
0 0.92586 0.932652 0.0810283 0.0802801 0.0042249
0 0.982912 0.910997 0.0334504 0.0667793 0.00421329
1 0.638032 0.726484 0.723936 0.547031 0.00406778
2 0.423604 0.729097 0.194354 0.112865 0.00399586
0 0.353552 0.301756 0.0453342 0.0240939 0.0039867
0 0.457273 0.696803 0.0443273 0.0419599 0.00397641
1 0.494629 0.355017 0.854485 0.710033 0.00397195
1 0.589465 0.786957 0.597102 0.347078 0.00393328
1 0.352459 0.825311 0.10513 0.123063 0.0039243
1 0.228714 0.509759 0.369004 0.490577 0.00379269
1 0.271124 0.430241 0.455191 0.401661 0.00378814
0 0.824984 0.93343 0.346726 0.118692 0.00377874
1 0.472769 0.832451 0.364447 0.28952 0.00375595
1 0.240984 0.420433 0.318488 0.120799 0.00372592
0 0.939252 0.800047 0.119229 0.399905 0.00369263
1 0.388494 0.318785 0.63885 0.63757 0.00367399
2 0.231991 0.338371 0.397778 0.3191 0.00346499
0 0.408005 0.732203 0.230506 0.384531 0.00341368
0 0.0147178 0.0898985 0.0291777 0.0970224 0.00306723
0 0.147554 0.943936 0.0307838 0.027363 0.00305779
2 0.325474 0.37712 0.127708 0.183763 0.00303047
1 0.367787 0.786484 0.346374 0.31728 0.0030158
2 0.151641 0.385512 0.139514 0.10294 0.00295404
0 0.955983 0.955972 0.0880329 0.0880569 0.00293608
2 0.324414 0.312502 0.106233 0.0452271 0.00285407
0 0.620489 0.745696 0.759022 0.508608 0.00268566
1 0.371515 0.847678 0.344975 0.291573 0.00268242
0 0.912776 0.129503 0.174448 0.259005 0.00267984
0 0.332045 0.75505 0.406681 0.340315 0.00266257
1 0.256513 0.62394 0.513026 0.728438 0.00265107
1 0.217576 0.50915 0.435151 0.661213 0.00263712
0 0.778118 0.953052 0.427775 0.0938959 0.00263324
0 0.323757 0.676614 0.41298 0.584743 0.00262205
0 0.458032 0.708097 0.107304 0.0677875 0.00259515
2 0.246694 0.503589 0.349045 0.454499 0.00257349
1 0.906323 0.939675 0.187355 0.120649 0.00254743
0 0.648573 0.954781 0.482693 0.0904378 0.00254213
0 0.941817 0.172029 0.0338844 0.0351692 0.00253667
0 0.115387 0.912353 0.230775 0.175294 0.00248299
0 0.508912 0.37436 0.982177 0.748719 0.00246248
1 0.391229 0.612316 0.717788 0.775367 0.00243895
0 0.592035 0.944287 0.625544 0.111427 0.00243277
0 0.22104 0.286119 0.435262 0.483551 0.0024258
0 0.92855 0.178416 0.142298 0.353981 0.00242037
0 0.339883 0.310565 0.587205 0.62113 0.0023911
1 0.358428 0.905867 0.414481 0.188266 0.00236265
0 0.857764 0.823258 0.281109 0.353485 0.00235371
0 0.872259 0.122479 0.253061 0.244957 0.00235121
0 0.48977 0.25902 0.977142 0.51804 0.0023468
0 0.141421 0.923987 0.282843 0.15198 0.002341
0 0.624275 0.799042 0.75145 0.401916 0.00233168
0 0.616759 0.699497 0.680194 0.567161 0.00232297
0 0.187651 0.934748 0.375302 0.129621 0.0023212
1 0.518222 0.868708 0.475946 0.262585 0.0023175
0 0.920756 0.736243 0.158489 0.527514 0.00231654
0 0.757556 0.901428 0.484824 0.194703 0.00231074
0 0.550901 0.883473 0.596485 0.233053 0.00229331
0 0.270188 0.622366 0.540376 0.746801 0.00227527
0 0.110852 0.115183 0.221703 0.230366 0.00227141
0 0.117703 0.874822 0.235405 0.230877 0.00226837
0 0.180719 0.308699 0.361437 0.607062 0.0022368
1 0.617889 0.670595 0.764223 0.65881 0.00222036
0 0.280995 0.941742 0.561989 0.116516 0.00220434
0 0.617954 0.916472 0.681476 0.149835 0.00219919
0 0.280818 0.650105 0.561637 0.636734 0.00219732
0 0.157976 0.630464 0.315951 0.739072 0.00216569
0 0.259468 0.0678838 0.518936 0.135768 0.00215889
0 0.467154 0.199461 0.909748 0.398922 0.00215778
0 0.014208 0.120846 0.0272539 0.0446917 0.00215428
0 0.63695 0.864013 0.712452 0.257438 0.00215226
0 0.481831 0.0955282 0.703623 0.190278 0.00214453
0 0.254834 0.0489155 0.500884 0.0973002 0.00214361
0 0.0147316 0.104394 0.0285 0.136956 0.00213905
0 0.376282 0.0741144 0.62645 0.146566 0.00213217
0 0.708344 0.944621 0.0384105 0.0329368 0.0021313
0 0.852359 0.701339 0.295283 0.597323 0.00212795
0 0.129612 0.301681 0.259223 0.603361 0.00212592
0 0.77714 0.117479 0.436787 0.234959 0.00212312
0 0.704985 0.930396 0.547648 0.117794 0.00211638
0 0.598008 0.109976 0.630146 0.219951 0.0021162
0 0.780474 0.40194 0.439053 0.724786 0.00211163
0 0.34622 0.63445 0.556045 0.731101 0.00211011
0 0.125983 0.804364 0.251966 0.391273 0.00209606
0 0.11489 0.206204 0.229256 0.401062 0.0020918
0 0.895792 0.277802 0.208416 0.540557 0.00208203
0 0.342475 0.782245 0.68495 0.387596 0.00208157
0 0.173204 0.87988 0.346407 0.227396 0.00207501
0 0.157533 0.0791693 0.313676 0.158339 0.00207322
2 0.486545 0.389788 0.838263 0.52994 0.00207018
2 0.949492 0.171513 0.0398791 0.0337414 0.0020645
0 0.127237 0.695253 0.254474 0.601736 0.00206399
0 0.821722 0.328716 0.356556 0.643095 0.00205343
0 0.781984 0.666539 0.436031 0.666921 0.00204704
0 0.764071 0.502742 0.471859 0.724743 0.00203803
0 0.0175231 0.0712721 0.0339971 0.106332 0.00202286
0 0.494141 0.142139 0.888214 0.279424 0.0020208
2 0.417742 0.774149 0.185938 0.124237 0.00202012
0 0.288738 0.747191 0.577476 0.487761 0.00201584
0 0.138057 0.844876 0.276114 0.298653 0.00200851
0 0.250254 0.813117 0.500508 0.366833 0.00200809
1 0.293262 0.415178 0.195499 0.134347 0.00199644
0 0.581452 0.831854 0.604984 0.336291 0.00198922
0 0.590447 0.164641 0.819106 0.324335 0.00197305
1 0.410397 0.835985 0.220977 0.227361 0.00196573
0 0.353983 0.116727 0.707965 0.220736 0.00195189
0 0.813154 0.152327 0.371526 0.299374 0.00194551
0 0.697511 0.153504 0.597203 0.300379 0.00193636
0 0.16488 0.780676 0.329759 0.436136 0.00193443
0 0.221078 0.11273 0.437306 0.224342 0.00192569
0 0.94242 0.177975 0.033021 0.0341478 0.00192169
0 0.179518 0.178603 0.355018 0.350736 0.00192102
0 0.263039 0.87649 0.515245 0.236289 0.00191934
0 0.283321 0.261198 0.566642 0.522395 0.00191823
0 0.45447 0.610706 0.852484 0.778587 0.0019127
0 0.31734 0.179957 0.634681 0.354164 0.00191155
0 0.200266 0.744674 0.400533 0.488428 0.00190891
0 0.693718 0.81234 0.612564 0.375319 0.00188332
0 0.607144 0.665581 0.785712 0.668838 0.00187318
2 0.168894 0.390076 0.179636 0.116194 0.00187207
0 0.649249 0.241393 0.701501 0.462215 0.00186768
2 0.705394 0.95126 0.0426551 0.0395596 0.00185308
0 0.933327 0.910716 0.131397 0.16467 0.00185283
0 0.754009 0.744101 0.490685 0.511798 0.00181171
0 0.51997 0.654414 0.634523 0.691172 0.00178337
0 0.881424 0.227261 0.233836 0.423366 0.00177404
0 0.767961 0.234921 0.464079 0.44502 0.0017735
2 0.0184738 0.0668525 0.036654 0.12584 0.00176163
1 0.517871 0.697993 0.184426 0.0446625 0.00173381
2 0.347418 0.819788 0.0966879 0.146924 0.00172595
0 0.602413 0.325035 0.795175 0.636219 0.00170783
0 0.569147 0.441828 0.861706 0.839008 0.00169063
1 0.403773 0.820983 0.209175 0.143951 0.00168721
1 0.520666 0.712483 0.22036 0.0694088 0.00164982
0 0.71027 0.578657 0.57946 0.779961 0.00163275
0 0.717166 0.368641 0.565667 0.708557 0.00163272
2 0.22071 0.35659 0.285917 0.134481 0.00162121
0 0.542775 0.550255 0.914449 0.838783 0.00161884
0 0.683085 0.669059 0.633829 0.661883 0.00161371
2 0.509273 0.680356 0.220932 0.0828362 0.00156351
0 0.691602 0.476271 0.616795 0.829879 0.00154025
0 0.0282278 0.906168 0.0564556 0.186215 0.00152172
2 0.0206257 0.0772656 0.0409894 0.154531 0.00148036
1 0.439234 0.765433 0.18792 0.213949 0.00146891
1 0.356444 0.852873 0.112394 0.0768043 0.00143636
2 0.181134 0.356957 0.200397 0.135625 0.00143006
1 0.759995 0.964144 0.230415 0.0705276 0.00138884
0 0.0818312 0.953378 0.163662 0.0932444 0.00134981
2 0.700823 0.9237 0.0491811 0.0644579 0.00132281
0 0.150883 0.945933 0.0385235 0.0332707 0.00131885
1 0.695407 0.957839 0.110151 0.0524804 0.00129692
0 0.0536482 0.989194 0.107296 0.0216123 0.00129562
0 0.00999404 0.92609 0.0198146 0.140571 0.00129302
2 0.0183512 0.151151 0.0365137 0.302302 0.00129216
0 0.00909552 0.94186 0.0181467 0.0927256 0.00128464
0 0.0381638 0.927452 0.0763276 0.145096 0.00127848
2 0.723538 0.944281 0.0800003 0.0277854 0.00127538
0 0.354818 0.308725 0.0442632 0.0344202 0.00126424
0 0.0248228 0.858393 0.0495606 0.283214 0.00124597
2 0.0228332 0.106892 0.0456665 0.213784 0.00123825
1 0.421817 0.793112 0.260747 0.162477 0.00122229
1 0.301091 0.444025 0.178382 0.209036 0.001209
2 0.147217 0.943509 0.0303409 0.027726 0.00117843
2 0.0227256 0.204462 0.0454513 0.408925 0.00114999
1 0.181466 0.421645 0.19918 0.137419 0.00114452
0 0.0632624 0.916952 0.126525 0.16349 0.00113199
2 0.349238 0.839475 0.100522 0.0965615 0.00113093
2 0.131588 0.36865 0.0974851 0.0646016 0.00112883
2 0.341074 0.850598 0.080847 0.0709209 0.00112038
2 0.96237 0.162592 0.0716774 0.13763 0.00110844
2 0.414867 0.754451 0.164658 0.0855787 0.00109693
0 0.42831 0.734117 0.0390041 0.0396219 0.00108825
1 0.243055 0.45411 0.0648191 0.049539 0.00107645
2 0.313406 0.328699 0.0903583 0.0713024 0.00107074
0 0.0343685 0.971351 0.0687369 0.0572988 0.00107006
0 0.450752 0.713794 0.0770405 0.0773915 0.00105787
1 0.424515 0.720886 0.193615 0.102356 0.00105422
2 0.326377 0.352606 0.120038 0.133252 0.00103655
0 0.173749 0.33912 0.188848 0.111785 0.00100561
0 0.325863 0.31287 0.101825 0.055053 0.000990169
2 0.316429 0.317608 0.084485 0.0443682 0.000987736
0 0.918969 0.869335 0.162061 0.156044 0.000986754
2 0.867629 0.94818 0.264742 0.10364 0.000973797
2 0.0478986 0.0821709 0.0957972 0.164342 0.000969034
0 0.0491928 0.0779034 0.0978081 0.155807 0.000963905
0 0.854587 0.966967 0.290826 0.0660657 0.00095549
0 0.961868 0.179061 0.0747812 0.0543102 0.000953788
1 0.0919739 0.0761497 0.183948 0.152299 0.000952826
0 0.0678215 0.89286 0.135643 0.214279 0.000951793
2 0.02427 0.805367 0.04854 0.389266 0.000950083
0 0.107237 0.958497 0.214475 0.0830057 0.000923072
0 0.470806 0.152857 0.148813 0.126431 0.000903844
1 0.483548 0.800198 0.308263 0.188381 0.000902736
2 0.962241 0.17754 0.0733902 0.346762 0.000899338
1 0.513385 0.761356 0.270723 0.200703 0.000886159
2 0.0124072 0.0745947 0.0245592 0.12279 0.000885699
0 0.324267 0.648847 0.248645 0.194747 0.000885224
0 0.281582 0.641558 0.213677 0.197698 0.000880365
0 0.160169 0.962052 0.0749595 0.0677991 0.000879074
2 0.335304 0.813932 0.152096 0.157548 0.00087589
0 0.365472 0.651763 0.25131 0.167005 0.000873822
0 0.0212946 0.714091 0.0425893 0.449179 0.000872429
0 0.447515 0.197343 0.227716 0.229111 0.000871907
0 0.334752 0.681901 0.28175 0.141656 0.000868853
2 0.0220877 0.769522 0.0441755 0.460957 0.000866804
0 0.183272 0.448922 0.190073 0.179508 0.000865914
0 0.0757911 0.86936 0.151582 0.261281 0.000864943
0 0.466037 0.188984 0.183143 0.182074 0.000862956
0 0.0209729 0.25981 0.0419458 0.458398 0.000859711
1 0.0660283 0.0716108 0.131988 0.143222 0.000858644
0 0.31748 0.613055 0.236419 0.232603 0.00085474
0 0.157322 0.944189 0.0551782 0.0362358 0.000852292
2 0.859327 0.938343 0.281346 0.123314 0.00085161
2 0.0985689 0.0666338 0.196416 0.133268 0.000851277
0 0.381751 0.90689 0.20122 0.18622 0.000848497
2 0.0241625 0.440584 0.048325 0.487714 0.000848406
0 0.459286 0.227139 0.255193 0.191405 0.000846527
2 0.325893 0.328817 0.108988 0.0880637 0.000844169
2 0.379185 0.81725 0.16419 0.169428 0.000843682
2 0.358163 0.79857 0.255508 0.163182 0.000842804
0 0.940984 0.982809 0.118032 0.0335308 0.000842775
0 0.361344 0.616956 0.225677 0.197344 0.000836008
0 0.0153934 0.143863 0.0294281 0.106732 0.000835548
2 0.477401 0.67888 0.119643 0.0833365 0.000834481
2 0.179564 0.42028 0.203409 0.172997 0.000834126
0 0.839272 0.45587 0.198572 0.169718 0.00083304
0 0.804476 0.460811 0.208912 0.166351 0.000831123
2 0.958874 0.118342 0.0753648 0.15081 0.000830628
0 0.0249799 0.617043 0.0499598 0.519309 0.000829626
2 0.182965 0.962088 0.228362 0.0756992 0.00082922
0 0.277392 0.585328 0.197793 0.222144 0.00082186
0 0.763976 0.507807 0.208116 0.160261 0.000821598
0 0.403977 0.890811 0.230175 0.218378 0.000820439
0 0.355649 0.586247 0.246935 0.265058 0.000818802
1 0.370733 0.918551 0.18778 0.162899 0.00081813
0 0.977592 0.908765 0.0446152 0.182469 0.000817463
2 0.956903 0.147193 0.0858993 0.294386 0.000816405
0 0.984833 0.889969 0.029875 0.10877 0.000816312
2 0.804174 0.968035 0.280545 0.0639301 0.000815517
0 0.317593 0.547721 0.197377 0.269018 0.000815309
0 0.415652 0.859154 0.245105 0.281693 0.00081314
1 0.313947 0.323147 0.0903877 0.0629391 0.000812825
0 0.479468 0.200412 0.327387 0.23387 0.000810236
1 0.0231155 0.531569 0.0462311 0.485226 0.000809989
0 0.165736 0.279764 0.231455 0.131728 0.000809264
0 0.846821 0.479823 0.161767 0.138095 0.000808598
0 0.437893 0.242351 0.233089 0.111533 0.000807963
0 0.805046 0.513109 0.183502 0.156532 0.000806962
0 0.774845 0.484795 0.207207 0.161549 0.000806571
0 0.276951 0.54698 0.181963 0.272906 0.000806214
0 0.285763 0.676402 0.2025 0.125884 0.000806109
0 0.0966296 0.949842 0.177123 0.0718273 0.000806056
0 0.874291 0.402197 0.217258 0.208051 0.000805575
0 0.906317 0.983831 0.187366 0.0321506 0.000805461
1 0.963023 0.214008 0.0739533 0.271581 0.000805255
2 0.578655 0.97965 0.230162 0.040699 0.000804764
0 0.538128 0.897851 0.221256 0.204299 0.000803047
