0 0.632715 0.433463 0.457459 0.462322 0.718274
0 0.882303 0.281478 0.0992998 0.0703481 0.594327
0 0.652419 0.50082 0.418616 0.321246 0.117546
0 0.671524 0.400009 0.583296 0.383523 0.115245
0 0.600582 0.365229 0.429035 0.318381 0.0847969
0 0.55903 0.294648 0.350214 0.178912 0.0741889
0 0.675884 0.307485 0.604432 0.432184 0.0265225
0 0.636613 0.429896 0.373002 0.21434 0.0152565
0 0.915599 0.285128 0.167276 0.077546 0.0150336
0 0.838015 0.282245 0.188792 0.0750623 0.0143434
0 0.516639 0.441032 0.76454 0.481267 0.0135258
0 0.712604 0.444698 0.574791 0.477152 0.0128382
0 0.573049 0.32453 0.377959 0.224165 0.012835
0 0.226005 0.185789 0.140874 0.129147 0.012549
0 0.781764 0.117944 0.0655029 0.0574888 0.0114853
0 0.262061 0.134229 0.0492749 0.0250678 0.0104912
0 0.216663 0.218751 0.0608231 0.0599897 0.0095807
0 0.605922 0.310126 0.618761 0.351382 0.00907348
0 0.570177 0.306743 0.457033 0.303827 0.00875667
2 0.881541 0.281426 0.0964039 0.0714997 0.00802235
0 0.232829 0.322588 0.0320686 0.029733 0.00800991
0 0.909757 0.35039 0.179281 0.232713 0.00769255
0 0.986519 0.300765 0.0264997 0.0504142 0.00759955
0 0.588711 0.632937 0.57309 0.558053 0.00759644
0 0.490972 0.517485 0.800457 0.38285 0.00706416
0 0.901145 0.301057 0.134266 0.10615 0.00665266
0 0.864701 0.384036 0.270244 0.276012 0.00635272
0 0.228633 0.127692 0.450396 0.254767 0.00606798
0 0.987214 0.432818 0.0254287 0.0365658 0.00603938
0 0.461751 0.256752 0.766025 0.464838 0.00597818
1 0.487245 0.204384 0.973515 0.408768 0.00592148
0 0.321426 0.0302998 0.108382 0.0599366 0.00590109
0 0.241313 0.172166 0.188169 0.159023 0.00573128
0 0.345088 0.128346 0.62832 0.255878 0.00572021
0 0.313724 0.0639713 0.216411 0.126896 0.00562291
0 0.902068 0.230366 0.194141 0.37147 0.00561019
0 0.506454 0.277395 0.233201 0.14484 0.00557498
0 0.910871 0.432252 0.178135 0.395224 0.00550186
0 0.185291 0.184816 0.246453 0.135127 0.00536889
1 0.485962 0.140813 0.957391 0.280183 0.00527728
0 0.473689 0.500537 0.947379 0.626733 0.00511928
0 0.307493 0.0622041 0.14884 0.123276 0.00510162
0 0.310297 0.0251575 0.0820206 0.0494046 0.00493825
0 0.882218 0.263787 0.121871 0.120999 0.00489982
0 0.985633 0.428324 0.0286545 0.0562941 0.00466416
0 0.882161 0.195863 0.235012 0.379061 0.00448663
0 0.830697 0.225321 0.337204 0.393197 0.00441983
1 0.486908 0.948157 0.920794 0.103686 0.00439724
0 0.607865 0.244315 0.77855 0.487983 0.00439665
0 0.173521 0.149795 0.0416473 0.0362078 0.00435419
0 0.448022 0.366555 0.84615 0.580394 0.00433598
0 0.445003 0.155797 0.882089 0.311513 0.00433422
0 0.281625 0.0810473 0.555191 0.162095 0.00432368
0 0.349304 0.0650795 0.334779 0.129816 0.00430761
0 0.670054 0.544134 0.391154 0.236523 0.00429482
0 0.624699 0.372855 0.383733 0.238771 0.00418814
0 0.80967 0.453054 0.380659 0.46989 0.00405751
0 0.238564 0.06445 0.387612 0.127486 0.00405458
0 0.980403 0.280716 0.0389546 0.107837 0.00405218
1 0.371044 0.0918033 0.741794 0.183607 0.004038
0 0.441453 0.962598 0.526416 0.0747922 0.00398869
0 0.81683 0.127979 0.36634 0.254906 0.00395711
0 0.881443 0.121486 0.234366 0.240543 0.00395336
0 0.985329 0.289342 0.0289937 0.0798935 0.00389515
0 0.640467 0.0153481 0.138918 0.0306961 0.00382854
0 0.224573 0.198057 0.449146 0.390829 0.00379327
0 0.804457 0.173149 0.38991 0.343413 0.00378198
0 0.718233 0.636251 0.563533 0.721631 0.0037498
0 0.319042 0.0177473 0.101905 0.035438 0.00373217
0 0.955492 0.352809 0.0877691 0.268394 0.00368489
2 0.47313 0.787966 0.94626 0.422741 0.00360264
0 0.82658 0.174789 0.0376473 0.0313675 0.00359739
0 0.683587 0.351875 0.623852 0.276842 0.00357459
0 0.332283 0.0223684 0.132605 0.0447122 0.00353682
0 0.282224 0.162098 0.537126 0.314435 0.00349853
0 0.77266 0.127442 0.078495 0.0513753 0.00345097
0 0.516664 0.668255 0.966671 0.66349 0.00338041
0 0.764309 0.108786 0.471383 0.217572 0.00336387
0 0.811238 0.015054 0.191807 0.030108 0.00336233
0 0.416395 0.948433 0.795836 0.102497 0.00335091
0 0.131062 0.149291 0.262124 0.298128 0.00334098
0 0.300257 0.945087 0.596931 0.109486 0.00332312
1 0.491427 0.100554 0.908681 0.199807 0.00327033
1 0.124977 0.129184 0.249953 0.258367 0.00326647
0 0.969998 0.317984 0.0581174 0.290454 0.00324881
1 0.204081 0.103634 0.408161 0.207268 0.00317486
0 0.329608 0.0933335 0.0969088 0.0548742 0.0031554
1 0.471284 0.901907 0.942568 0.195588 0.0031329
0 0.277195 0.127571 0.265938 0.251189 0.00308668
0 0.963101 0.397445 0.0724069 0.31388 0.0030758
0 0.981555 0.398177 0.0368903 0.161118 0.0030679
0 0.690141 0.214904 0.609817 0.427876 0.00305696
0 0.709633 0.132566 0.54928 0.263729 0.00301299
2 0.486349 0.87761 0.964009 0.24478 0.0029244
0 0.132258 0.237335 0.263901 0.46493 0.00288666
0 0.986716 0.41229 0.0255531 0.0927473 0.00287752
0 0.961036 0.244642 0.0759064 0.207773 0.00280774
0 0.975963 0.343833 0.0462409 0.370348 0.0027781
0 0.324778 0.0758543 0.107869 0.0890417 0.00274788
0 0.160879 0.142863 0.301442 0.22611 0.00264378
0 0.4727 0.899912 0.921648 0.200177 0.00263069
0 0.255861 0.924002 0.511722 0.151591 0.00262774
0 0.98501 0.320982 0.0296024 0.0613305 0.00262395
0 0.185426 0.910451 0.370852 0.179099 0.00258155
2 0.486426 0.691271 0.972852 0.617458 0.00256748
0 0.805612 0.283798 0.261377 0.0822196 0.00256703
0 0.285165 0.893852 0.570202 0.212297 0.00256077
0 0.261573 0.138507 0.0588195 0.0406414 0.00255736
0 0.243474 0.308569 0.486949 0.602514 0.00255681
0 0.163697 0.158714 0.064028 0.0561758 0.00253778
0 0.66651 0.0123022 0.179414 0.0246044 0.00252869
2 0.357057 0.796635 0.662335 0.406058 0.00252791
0 0.305738 0.0194026 0.0700968 0.0379323 0.00250397
0 0.624864 0.485154 0.360716 0.24058 0.00246304
0 0.132731 0.169393 0.128631 0.0852088 0.00244931
0 0.630334 0.0290778 0.145997 0.0581555 0.00242353
1 0.132993 0.371267 0.265985 0.73929 0.00241103
0 0.692578 0.923815 0.614844 0.152369 0.00240666
0 0.131917 0.39988 0.263833 0.767816 0.0024064
0 0.564263 0.267285 0.329306 0.123956 0.0024063
0 0.238155 0.323183 0.0481258 0.0335273 0.0024026
0 0.14285 0.874904 0.2857 0.243603 0.0023764
1 0.134093 0.807709 0.268185 0.384582 0.00235269
0 0.360771 0.288856 0.721542 0.568485 0.00230304
0 0.771247 0.703453 0.457506 0.593093 0.00229032
0 0.270819 0.406221 0.541638 0.804278 0.0022515
0 0.129405 0.772391 0.25881 0.455218 0.00222612
0 0.97453 0.436221 0.049249 0.414885 0.00221857
0 0.126905 0.579583 0.25381 0.7128 0.002206
0 0.390811 0.462748 0.781621 0.73986 0.00218908
0 0.120289 0.691448 0.240577 0.614322 0.00214637
0 0.0252217 0.149289 0.0504014 0.298578 0.00213379
2 0.253415 0.961289 0.40251 0.0770709 0.00212686
0 0.710719 0.564552 0.309043 0.187043 0.0021249
0 0.947546 0.117502 0.104361 0.224991 0.00212304
1 0.63947 0.954029 0.710602 0.0919417 0.00210099
0 0.231683 0.85619 0.463366 0.284904 0.00205989
0 0.606392 0.437866 0.38848 0.264695 0.00205428
0 0.907545 0.218723 0.184909 0.240355 0.00202427
0 0.272286 0.0611609 0.544572 0.121941 0.00202278
0 0.796646 0.792443 0.405126 0.415114 0.00202234
0 0.216139 0.228179 0.0600263 0.0408329 0.00201899
0 0.961691 0.215492 0.0752431 0.34503 0.00201712
0 0.691141 0.95074 0.613566 0.0985207 0.00201615
0 0.209406 0.795228 0.418812 0.40599 0.00201564
0 0.436244 0.60336 0.872487 0.793279 0.00200963
0 0.255226 0.561077 0.510453 0.772349 0.00200546
0 0.686731 0.889193 0.622909 0.221614 0.00200462
0 0.0146024 0.107129 0.028952 0.077355 0.0020039
0 0.743532 0.845045 0.509404 0.30991 0.00197424
0 0.622203 0.0227759 0.128114 0.0452641 0.00195699
0 0.27579 0.754586 0.551579 0.490827 0.00195548
0 0.186142 0.700203 0.372284 0.591 0.00194441
0 0.772731 0.111974 0.079745 0.072725 0.00194029
0 0.386552 0.687996 0.773104 0.624009 0.00193868
0 0.857848 0.0916265 0.28037 0.132709 0.00193738
0 0.213268 0.620015 0.426536 0.75997 0.00189641
0 0.77056 0.00984202 0.199237 0.019684 0.00187911
0 0.976633 0.333193 0.0467336 0.134876 0.0018721
0 0.961927 0.38799 0.0759287 0.201431 0.00186803
0 0.548019 0.484195 0.198346 0.177905 0.00181407
2 0.170852 0.0282597 0.340157 0.0550403 0.0017953
0 0.937822 0.164504 0.12349 0.263881 0.00177781
0 0.779424 0.0193338 0.195629 0.0379408 0.00177696
0 0.836352 0.26475 0.20249 0.101913 0.00175806
0 0.932924 0.342485 0.13375 0.259849 0.00174487
0 0.567291 0.48893 0.241335 0.21581 0.00173604
0 0.867407 0.135282 0.262628 0.181904 0.00170837
2 0.585393 0.734134 0.815686 0.531731 0.00169473
0 0.737017 0.82707 0.06617 0.0558558 0.00169447
0 0.841626 0.0954845 0.228046 0.109258 0.00169145
0 0.950667 0.167153 0.0972428 0.334306 0.00166894
0 0.209105 0.985809 0.260446 0.028343 0.00166266
0 0.227572 0.2126 0.0828875 0.0745837 0.00163904
0 0.0194435 0.113372 0.0383567 0.0884396 0.00163873
2 0.578048 0.814466 0.837419 0.366462 0.0016353
0 0.329768 0.0303565 0.154131 0.0606463 0.00163437
0 0.343725 0.0940223 0.0687936 0.0550996 0.00161525
0 0.200007 0.0250098 0.400014 0.0500195 0.00161149
2 0.188728 0.961979 0.377456 0.075721 0.00160308
0 0.577429 0.141216 0.0262126 0.0211292 0.00159676
0 0.104017 0.0756881 0.208034 0.151376 0.00158977
2 0.071715 0.884476 0.14343 0.231048 0.00158395
2 0.174212 0.939713 0.348425 0.119332 0.00158199
0 0.21864 0.0450678 0.43728 0.0899122 0.00157562
1 0.604601 0.892219 0.779057 0.215562 0.00156994
2 0.0260791 0.0850365 0.0514063 0.170073 0.00156229
0 0.373337 0.964176 0.333264 0.0709561 0.00152772
0 0.0121193 0.098941 0.0240822 0.0886204 0.00152609
0 0.961832 0.148582 0.0752882 0.134063 0.00152447
0 0.0261602 0.102248 0.0517973 0.204497 0.00152026
0 0.0269362 0.215959 0.0538724 0.431918 0.0015092
0 0.318471 0.0161457 0.167242 0.0322616 0.00150398
0 0.774517 0.961536 0.404354 0.0764135 0.00150188
0 0.972867 0.313967 0.0542651 0.0710573 0.00150046
0 0.967512 0.142619 0.0639098 0.108564 0.001498
0 0.845156 0.309049 0.194139 0.124427 0.00148979
0 0.381954 0.936905 0.444829 0.125465 0.0014762
0 0.024979 0.619634 0.0499581 0.509479 0.00147264
0 0.687878 0.0100474 0.207357 0.0200948 0.00146345
0 0.606312 0.287785 0.231986 0.136228 0.0014545
0 0.0564809 0.861084 0.112962 0.277832 0.00145392
0 0.832966 0.0530772 0.334068 0.10545 0.00145171
2 0.629986 0.908588 0.72897 0.180603 0.00145127
2 0.269022 0.950209 0.507887 0.0988666 0.00144644
0 0.691275 0.0300998 0.320725 0.0592986 0.00144302
2 0.0145408 0.0215939 0.0290815 0.0408103 0.00142416
0 0.0308951 0.81829 0.0617901 0.36342 0.00141543
2 0.168361 0.917661 0.336721 0.164263 0.00140857
0 0.259864 0.131608 0.0535361 0.0344674 0.00140421
2 0.955194 0.885905 0.0882051 0.228191 0.00138804
0 0.36414 0.0238063 0.206059 0.0476125 0.00138261
0 0.830603 0.0174389 0.240958 0.0348777 0.00138074
0 0.832516 0.0334557 0.326107 0.0663095 0.00137543
1 0.253929 0.0283445 0.507859 0.0565919 0.00137339
0 0.730514 0.0283273 0.453831 0.0558521 0.00136272
2 0.085229 0.912763 0.170078 0.173554 0.00136069
0 0.969489 0.570716 0.0601895 0.116575 0.00135536
0 0.306137 0.959652 0.471246 0.0802051 0.00135411
0 0.197194 0.962931 0.394389 0.073991 0.00135015
0 0.985633 0.394175 0.0281212 0.129791 0.00134318
2 0.0249566 0.700911 0.0499132 0.532215 0.0013311
2 0.0325896 0.0255796 0.0647484 0.0511592 0.00132703
0 0.0766952 0.906511 0.15339 0.186978 0.00131918
0 0.0834436 0.874515 0.166887 0.25097 0.00131541
0 0.0447813 0.837867 0.0895627 0.324265 0.00131249
0 0.957161 0.831792 0.0844471 0.336416 0.00130133
0 0.165351 0.0189119 0.245489 0.0378239 0.00129421
0 0.965925 0.579383 0.0666137 0.350181 0.00129202
2 0.833377 0.0387466 0.329553 0.0769261 0.00128932
2 0.018219 0.584522 0.0364379 0.170667 0.00128823
2 0.956541 0.853223 0.085767 0.293554 0.00128802
0 0.0404518 0.080523 0.079171 0.161046 0.00127315
0 0.980644 0.34273 0.0379822 0.108788 0.00126967
2 0.884794 0.917281 0.229776 0.164629 0.00126575
0 0.285722 0.179535 0.281485 0.14575 0.00126518
0 0.0483605 0.140036 0.096721 0.280072 0.0012651
0 0.0251241 0.521451 0.0502483 0.514596 0.00125566
0 0.69545 0.410904 0.227437 0.164297 0.00125525
0 0.121889 0.0451103 0.243778 0.0898698 0.0012542
0 0.961752 0.355037 0.0764557 0.1705 0.00125026
0 0.816079 0.078619 0.345408 0.157238 0.00124969
0 0.0524906 0.966615 0.104981 0.0667692 0.00124425
2 0.933012 0.905203 0.133606 0.189292 0.00124224
0 0.102123 0.953322 0.204245 0.0933554 0.00123835
0 0.826698 0.0797093 0.261923 0.144917 0.00122949
0 0.986743 0.441241 0.026016 0.0608394 0.00122234
0 0.028124 0.453274 0.0562479 0.542791 0.00121885
2 0.22312 0.926625 0.446241 0.146399 0.00121055
0 0.889845 0.226753 0.216512 0.190265 0.0012087
0 0.554287 0.460432 0.221406 0.182005 0.00120384
0 0.663839 0.0891201 0.363767 0.174936 0.0012033
2 0.352304 0.0631875 0.37987 0.126041 0.00119783
2 0.957284 0.931247 0.0854321 0.137506 0.00119037
0 0.103565 0.179276 0.196221 0.132591 0.00118965
0 0.973625 0.287903 0.0527496 0.224305 0.00118571
0 0.562145 0.961059 0.628947 0.0775414 0.00116717
0 0.0966038 0.183111 0.193208 0.366222 0.00116527
0 0.527239 0.106587 0.0453059 0.0341671 0.00116264
2 0.338086 0.959 0.327216 0.0814945 0.00116231
0 0.27025 0.216717 0.245136 0.204357 0.00116042
1 0.915404 0.354951 0.16785 0.239523 0.00115919
0 0.974691 0.806314 0.0497768 0.136782 0.00115711
2 0.012018 0.0788948 0.0237963 0.134797 0.00115298
0 0.861186 0.0891444 0.0913485 0.0606893 0.00114809
0 0.410905 0.891965 0.351694 0.21607 0.00114202
0 0.0285181 0.273409 0.0570362 0.537952 0.00113778
0 0.101796 0.189348 0.203523 0.246958 0.00113394
0 0.944961 0.332152 0.110078 0.0979723 0.00112421
0 0.730276 0.010279 0.235692 0.0205581 0.00111893
0 0.961375 0.513096 0.0756081 0.324502 0.00111536
2 0.497506 0.955512 0.59982 0.0889756 0.00111515
2 0.13041 0.931633 0.260819 0.135923 0.00111452
2 0.0288119 0.766374 0.0576238 0.467252 0.00110533
2 0.158074 0.759278 0.316148 0.24784 0.00109757
0 0.693759 0.958487 0.506309 0.0827599 0.00109611
0 0.544812 0.530159 0.191947 0.14059 0.00109494
0 0.852294 0.0864882 0.0611752 0.053782 0.00109483
0 0.961587 0.523127 0.0761197 0.20972 0.0010919
0 0.645293 0.0269239 0.198157 0.0537248 0.00109102
0 0.959232 0.855857 0.0804352 0.288285 0.0010891
0 0.743266 0.0146288 0.297151 0.0282029 0.00107698
0 0.674609 0.942058 0.433156 0.11532 0.00106491
0 0.0152716 0.122411 0.0300557 0.0864533 0.00106198
0 0.265839 0.485996 0.177014 0.115867 0.00106194
0 0.732999 0.411536 0.151567 0.206674 0.00104885
0 0.825578 0.95211 0.348843 0.0953659 0.00104848
0 0.813061 0.110708 0.116548 0.0718607 0.00104663
2 0.906523 0.952482 0.186436 0.0945549 0.00104264
0 0.337902 0.9442 0.273719 0.109865 0.00104123
0 0.644762 0.287439 0.256931 0.108878 0.00103829
0 0.0752466 0.828651 0.150493 0.342697 0.00103803
0 0.0986132 0.851198 0.197226 0.297605 0.00103686
0 0.745359 0.113602 0.137513 0.0840189 0.00103474
0 0.851753 0.122495 0.24972 0.139819 0.00103107
0 0.418661 0.855022 0.350567 0.200518 0.00102143
2 0.0503957 0.981066 0.100791 0.0378532 0.00101692
0 0.97194 0.129595 0.0552989 0.0902023 0.00101601
0 0.372061 0.102716 0.342073 0.205432 0.00101466
0 0.966423 0.486866 0.0653464 0.470216 0.00101171
