0 0.325016 0.601657 0.231316 0.407471 0.956423
0 0.0136082 0.372616 0.0272164 0.0830418 0.759529
0 0.335854 0.717331 0.141898 0.180565 0.295015
0 0.0134808 0.358552 0.0269616 0.130554 0.211144
0 0.00881795 0.594044 0.0176359 0.106519 0.145821
0 0.00997663 0.60869 0.0199533 0.164269 0.141285
0 0.00915729 0.580283 0.0182917 0.147568 0.137458
0 0.326244 0.536324 0.237277 0.267109 0.115425
0 0.316493 0.695397 0.194339 0.232268 0.098015
0 0.028734 0.517073 0.0574679 0.591977 0.0907202
0 0.0148184 0.334916 0.0293907 0.192647 0.0845425
0 0.353674 0.643535 0.186414 0.334969 0.0686167
0 0.00977438 0.535863 0.0195488 0.302412 0.0607043
0 0.0138664 0.544018 0.0274239 0.294334 0.0599712
0 0.0130245 0.386042 0.0255912 0.121518 0.0535485
0 0.0148273 0.500081 0.0296546 0.395795 0.0436061
0 0.0130388 0.418277 0.0260776 0.236842 0.0348164
0 0.0106183 0.654747 0.021228 0.235247 0.0292662
0 0.0323659 0.630203 0.0647319 0.656662 0.0279885
0 0.0160763 0.447362 0.0321526 0.579038 0.0274957
0 0.0984688 0.535604 0.194105 0.779217 0.0206211
0 0.0102192 0.542839 0.0204383 0.449383 0.0196196
0 0.231208 0.917676 0.0236825 0.0474346 0.0169523
0 0.0154245 0.293494 0.0305681 0.310049 0.0168485
0 0.0138258 0.353333 0.0275127 0.317116 0.0163726
0 0.0166236 0.674351 0.0332472 0.61917 0.0153115
0 0.322045 0.526566 0.221607 0.568181 0.0139129
0 0.0131493 0.364607 0.0258667 0.208975 0.013594
0 0.136197 0.471825 0.263369 0.778962 0.0130788
0 0.00890057 0.673753 0.0176035 0.289835 0.0114483
0 0.437506 0.626171 0.488157 0.451503 0.0108474
0 0.289924 0.532062 0.157386 0.258953 0.00980376
0 0.0266678 0.535802 0.0531147 0.417478 0.00955992
2 0.0162577 0.377419 0.0325154 0.0772396 0.00834793
0 0.267724 0.580879 0.3607 0.459751 0.00807658
0 0.0338346 0.497149 0.0672604 0.464101 0.00797754
0 0.325146 0.692003 0.23777 0.593523 0.00770861
0 0.0133091 0.0552937 0.0245382 0.0374981 0.00764136
0 0.0311613 0.358839 0.0619031 0.639534 0.0074866
0 0.0317103 0.336834 0.0633644 0.323934 0.00727477
0 0.0163733 0.257117 0.0327467 0.514233 0.00698209
0 0.0549947 0.485921 0.109562 0.512447 0.0067166
0 0.769726 0.0356134 0.0593343 0.0712269 0.00659234
0 0.0319132 0.588623 0.0636298 0.439092 0.00637384
0 0.110131 0.655945 0.219965 0.667446 0.0062861
0 0.32755 0.499389 0.233841 0.189091 0.00626415
0 0.461129 0.630305 0.728735 0.61499 0.00622419
0 0.0141922 0.805852 0.0283799 0.257681 0.005843
0 0.300127 0.489114 0.180438 0.1685 0.00564823
0 0.0826376 0.711065 0.164277 0.541225 0.00534265
0 0.233129 0.915723 0.0311041 0.0549039 0.00530426
0 0.0358278 0.380341 0.0711569 0.42076 0.00525674
0 0.307123 0.64283 0.182412 0.328674 0.00523632
0 0.353716 0.693587 0.3917 0.612826 0.00508044
0 0.0085513 0.471665 0.0171026 0.389863 0.00507491
0 0.0438128 0.284861 0.0874232 0.379638 0.00494022
2 0.813175 0.038767 0.175541 0.0775339 0.00484287
0 0.116649 0.597435 0.0157399 0.0252462 0.0047755
0 0.227882 0.571812 0.455764 0.72201 0.00477432
0 0.273296 0.500507 0.121195 0.193975 0.00466175
0 0.990215 0.630055 0.019238 0.191279 0.00460501
0 0.0115889 0.674868 0.0228244 0.371057 0.00456573
0 0.0196559 0.750979 0.0393119 0.492537 0.00451181
0 0.464551 0.538239 0.0169805 0.033856 0.00445251
2 0.776122 0.0380399 0.13517 0.0760798 0.00430745
0 0.045733 0.679165 0.0914041 0.63136 0.00420766
0 0.013119 0.754528 0.0262381 0.37237 0.00401561
0 0.981356 0.617015 0.0372875 0.403382 0.00395167
0 0.136081 0.338428 0.267113 0.628658 0.00381585
0 0.33992 0.68926 0.126616 0.114332 0.00379749
0 0.205821 0.443421 0.411643 0.811277 0.00362112
0 0.442772 0.70868 0.520846 0.569266 0.00352097
0 0.52176 0.91279 0.118366 0.156562 0.00347848
0 0.262229 0.660505 0.524459 0.610764 0.00343184
0 0.511191 0.446895 0.0184563 0.0275215 0.00332082
0 0.0548966 0.299387 0.108985 0.583989 0.00328985
0 0.619606 0.36937 0.0201567 0.0330733 0.0032243
0 0.906742 0.187894 0.185629 0.375787 0.0032017
0 0.915941 0.466856 0.168118 0.903543 0.00319952
0 0.46303 0.511261 0.704335 0.602461 0.00317751
0 0.577475 0.870725 0.410352 0.241984 0.00316726
0 0.569043 0.952252 0.429711 0.095496 0.0031496
0 0.441441 0.463069 0.547502 0.689609 0.00310831
0 0.927795 0.264228 0.144292 0.520556 0.00309102
0 0.0996956 0.797647 0.198708 0.374175 0.00305499
1 0.709163 0.81923 0.456314 0.357886 0.0030284
0 0.125657 0.74043 0.24886 0.483114 0.00300912
0 0.50225 0.599906 0.729909 0.800189 0.00299
0 0.626308 0.85216 0.374548 0.279259 0.0029386
0 0.013334 0.0648466 0.0255609 0.0575065 0.00292973
0 0.442296 0.951631 0.365319 0.0967385 0.00288938
0 0.879618 0.171661 0.240765 0.343322 0.00287869
0 0.279488 0.409704 0.324865 0.719942 0.00287729
0 0.0763708 0.900916 0.152742 0.198168 0.00286656
0 0.450509 0.881196 0.424266 0.217513 0.00280487
0 0.666681 0.948449 0.414053 0.103102 0.00278248
0 0.545395 0.756165 0.59588 0.468629 0.00276611
0 0.600513 0.798023 0.486515 0.390648 0.00276017
0 0.852516 0.15577 0.290486 0.31154 0.00271073
0 0.365597 0.892269 0.339566 0.192138 0.00271064
0 0.0131741 0.0518548 0.0255544 0.0646639 0.00270806
0 0.834671 0.473226 0.330657 0.9327 0.00270103
0 0.124414 0.854081 0.248827 0.260997 0.00265893
0 0.932752 0.607818 0.134495 0.773015 0.00264088
0 0.131391 0.947589 0.262782 0.104822 0.00262097
0 0.0961593 0.94092 0.192319 0.11816 0.00261807
0 0.837498 0.90291 0.325004 0.194179 0.00260848
1 0.71166 0.724271 0.505042 0.548739 0.00259425
0 0.757628 0.95045 0.383474 0.0990994 0.0025501
0 0.216486 0.738515 0.424342 0.4835 0.00254351
0 0.0179276 0.821231 0.0354461 0.312329 0.00254209
0 0.188298 0.955618 0.343784 0.0887642 0.0025347
0 0.0810866 0.2214 0.161594 0.442799 0.00253221
0 0.878723 0.282235 0.242554 0.548813 0.00253007
0 0.345519 0.955843 0.355144 0.0883131 0.00252062
0 0.301855 0.864456 0.299245 0.244428 0.00249246
0 0.759608 0.147098 0.346682 0.294195 0.00249203
0 0.0803125 0.167244 0.160625 0.334488 0.00247391
0 0.896073 0.532326 0.0610538 0.0776716 0.00246599
0 0.247629 0.883155 0.372804 0.205144 0.00245846
1 0.768462 0.491743 0.463077 0.961606 0.00243018
0 0.281275 0.958568 0.337183 0.0828644 0.00243001
0 0.853139 0.366345 0.293722 0.710665 0.00242256
0 0.356716 0.408136 0.41507 0.719647 0.00242244
0 0.701075 0.158145 0.41645 0.31629 0.00240607
0 0.844322 0.8191 0.310237 0.355618 0.00239509
0 0.570154 0.353437 0.65719 0.654106 0.0023647
1 0.778537 0.779048 0.419265 0.43824 0.00236152
0 0.925571 0.70732 0.14864 0.585359 0.00235516
0 0.833241 0.951128 0.330735 0.0977431 0.00235312
0 0.152775 0.886731 0.301298 0.198596 0.00235194
0 0.564414 0.513792 0.71195 0.907432 0.00234921
0 0.835019 0.197682 0.325534 0.387954 0.00234294
0 0.722654 0.858742 0.409995 0.274617 0.00233454
0 0.86551 0.750656 0.267041 0.498687 0.00232584
0 0.737604 0.194007 0.391611 0.383242 0.0023008
0 0.576394 0.138058 0.447969 0.276116 0.00230015
0 0.686622 0.299333 0.574422 0.584531 0.00226133
0 0.0409142 0.782731 0.0818284 0.415706 0.00226079
0 0.646161 0.426937 0.61594 0.80741 0.00225638
0 0.601019 0.191005 0.473105 0.379693 0.00223924
0 0.42462 0.114157 0.39815 0.228314 0.00223857
0 0.0219271 0.888587 0.0438543 0.217565 0.00222404
0 0.100924 0.0960735 0.201848 0.192147 0.00221876
0 0.801449 0.286265 0.37494 0.5567 0.00221874
0 0.506473 0.288723 0.597211 0.534049 0.00221563
0 0.147193 0.0942999 0.294385 0.1886 0.00219324
0 0.671154 0.580353 0.584394 0.83615 0.00218747
0 0.46946 0.183237 0.485458 0.354202 0.00217433
1 0.726431 0.629961 0.518436 0.740078 0.00217327
0 0.252409 0.095835 0.394764 0.19167 0.0021565
0 0.336548 0.107683 0.387084 0.215367 0.00215273
0 0.260456 0.340593 0.398076 0.61934 0.00214451
0 0.11013 0.1739 0.218534 0.347799 0.00214393
0 0.790604 0.0376618 0.116201 0.0753237 0.00213663
0 0.182419 0.284095 0.361901 0.545506 0.00213202
0 0.401972 0.162452 0.335924 0.31288 0.00211334
0 0.805907 0.866465 0.365698 0.256159 0.00206563
0 0.879711 0.585535 0.240579 0.828931 0.00204511
0 0.275428 0.257218 0.413012 0.475423 0.00204288
0 0.265571 0.161264 0.398952 0.313462 0.00204144
0 0.415988 0.263256 0.403161 0.466293 0.00204037
0 0.16189 0.179946 0.323779 0.35113 0.00203428
0 0.66934 0.679701 0.507661 0.640598 0.00202617
0 0.990373 0.569553 0.0185703 0.217709 0.00199361
0 0.424078 0.345575 0.522203 0.598291 0.00198279
2 0.84173 0.0417896 0.231934 0.0835791 0.00198235
0 0.00831069 0.219882 0.0165313 0.290861 0.00195866
0 0.0396385 0.928128 0.0792769 0.141829 0.00192505
1 0.744849 0.0381411 0.175971 0.0762822 0.00192195
0 0.772358 0.391881 0.454371 0.75847 0.00192068
0 0.366358 0.524563 0.14599 0.236973 0.00189636
0 0.81664 0.0388121 0.176743 0.0776241 0.0018636
0 0.924331 0.540703 0.151337 0.527028 0.00180175
0 0.0181408 0.279496 0.0362815 0.558992 0.00176833
0 0.158234 0.760793 0.0278108 0.0369241 0.00176386
0 0.285141 0.472459 0.143452 0.136721 0.00173776
0 0.972652 0.623282 0.0536576 0.752936 0.00173421
0 0.0393011 0.862827 0.0786023 0.255846 0.00170584
1 0.793296 0.670424 0.410731 0.65778 0.0017028
0 0.0139672 0.0766181 0.0260754 0.0871073 0.00169484
2 0.859681 0.0518786 0.265911 0.103757 0.00169448
0 0.223303 0.921794 0.0531869 0.075721 0.00169163
0 0.93784 0.435295 0.124276 0.567225 0.00167761
0 0.965711 0.471165 0.0675374 0.752318 0.00167238
0 0.806431 0.766703 0.384523 0.461726 0.00166543
0 0.290025 0.593393 0.143036 0.207357 0.00166053
0 0.526758 0.929322 0.153868 0.141356 0.00164066
0 0.735176 0.0359227 0.116529 0.0718453 0.00162712
0 0.989193 0.372284 0.020776 0.233926 0.00159896
0 0.698375 0.784659 0.0286148 0.0438206 0.00159284
0 0.815463 0.663018 0.369074 0.673387 0.00157686
2 0.779149 0.0371668 0.0707138 0.0743335 0.00155691
0 0.358349 0.785772 0.025874 0.042772 0.00152033
0 0.980038 0.484232 0.0398468 0.406041 0.00151484
0 0.0124908 0.289416 0.0249815 0.428982 0.00151158
0 0.0121808 0.46036 0.0241079 0.427573 0.00150905
0 0.0148822 0.960175 0.0297365 0.0765664 0.00147431
0 0.224251 0.911304 0.0496345 0.0655003 0.00146252
0 0.980929 0.372395 0.0381424 0.416917 0.00146236
1 0.335921 0.754433 0.14962 0.265988 0.00144475
0 0.499314 0.905512 0.16915 0.167735 0.00143872
2 0.750554 0.886461 0.206111 0.21227 0.00140267
0 0.929576 0.545898 0.140848 0.393354 0.0013916
0 0.0656766 0.613462 0.131353 0.239373 0.00137747
2 0.397587 0.10386 0.216352 0.20772 0.00136726
2 0.96352 0.294188 0.0719131 0.588376 0.00134415
0 0.380812 0.62956 0.250684 0.370393 0.0013419
0 0.385048 0.705008 0.253724 0.21154 0.00133812
0 0.989043 0.484103 0.0211054 0.240599 0.00132635
0 0.919212 0.362338 0.161571 0.587784 0.00131394
2 0.966708 0.732106 0.0654741 0.535787 0.00131293
2 0.969218 0.375514 0.060598 0.751028 0.00130969
0 0.989311 0.5333 0.0204022 0.30708 0.00130901
0 0.695484 0.964006 0.0924194 0.068631 0.00130554
0 0.00931329 0.272611 0.0185532 0.376433 0.00130195
2 0.973382 0.679137 0.0519812 0.641727 0.00129431
0 0.297125 0.652757 0.149198 0.22503 0.0012888
0 0.0662948 0.565547 0.13259 0.274664 0.00128448
0 0.905655 0.535161 0.0470347 0.0669548 0.00127582
0 0.114497 0.599392 0.0199935 0.0291866 0.00127232
0 0.0724227 0.784598 0.144845 0.423012 0.00127049
0 0.353262 0.784181 0.0376143 0.0447504 0.00125929
0 0.0210618 0.61335 0.0421236 0.0809676 0.00125079
2 0.864964 0.0766063 0.270071 0.153213 0.0012497
0 0.374263 0.490026 0.134369 0.168834 0.00122906
0 0.063611 0.378257 0.127222 0.208827 0.00122506
0 0.580144 0.838714 0.242271 0.31801 0.00122469
2 0.931705 0.763155 0.136591 0.473689 0.0012241
1 0.91951 0.792521 0.160889 0.405946 0.00122403
0 0.0539418 0.995026 0.107884 0.00994824 0.00121209
2 0.961453 0.741603 0.0770046 0.516795 0.0012077
2 0.926702 0.251757 0.146534 0.503515 0.00120694
2 0.921876 0.329351 0.156249 0.593436 0.00119783
0 0.293948 0.450417 0.176643 0.161047 0.00117046
0 0.338391 0.754509 0.147866 0.258106 0.00116974
0 0.0126245 0.100655 0.0247141 0.145735 0.00115257
0 0.926311 0.448207 0.147377 0.373046 0.00114513
0 0.0152378 0.0764779 0.0301483 0.152956 0.00114273
0 0.06987 0.507124 0.13974 0.383867 0.00114218
2 0.944438 0.680292 0.111123 0.609098 0.00113214
0 0.0558915 0.857271 0.111783 0.263591 0.00111099
0 0.553766 0.995944 0.170273 0.00811157 0.00111056
0 0.495576 0.930803 0.225345 0.138395 0.00110637
0 0.720839 0.247513 0.0224559 0.0498963 0.00110283
2 0.752455 0.857321 0.227163 0.280782 0.00106683
0 0.945494 0.439636 0.0479801 0.060663 0.00106293
0 0.588206 0.881179 0.257365 0.223771 0.00106238
0 0.53072 0.997166 0.134064 0.00566882 0.00105944
0 0.0662808 0.428762 0.132562 0.331975 0.0010586
0 0.197884 0.928975 0.109649 0.107829 0.00105363
0 0.394234 0.535717 0.0899495 0.108363 0.00104202
0 0.262001 0.461481 0.102725 0.11286 0.00104009
0 0.0706468 0.297039 0.141294 0.317426 0.0010397
0 0.038914 0.950417 0.0778279 0.099165 0.00103635
0 0.648792 0.750199 0.147207 0.152873 0.00103612
0 0.236236 0.997914 0.167804 0.00417242 0.00103235
0 0.0153318 0.941625 0.0306031 0.0871677 0.0010322
0 0.00884354 0.16238 0.0175922 0.259743 0.00102614
2 0.964403 0.809909 0.0700585 0.377243 0.00102512
0 0.256835 0.520841 0.101754 0.225084 0.00102009
0 0.930971 0.478803 0.137651 0.227406 0.0010122
0 0.466204 0.894557 0.250727 0.188423 0.00100622
0 0.0479352 0.89206 0.0958705 0.197415 0.000999002
0 0.0507654 0.942499 0.101531 0.115003 0.00099397
0 0.46155 0.612565 0.0791239 0.122796 0.000993851
0 0.569046 0.90859 0.211257 0.167245 0.000986675
0 0.786829 0.935289 0.187562 0.129422 0.000985703
2 0.778712 0.896901 0.183257 0.198047 0.000982094
0 0.512078 0.443674 0.023711 0.031192 0.000981371
2 0.789764 0.885105 0.26066 0.217137 0.000980981
0 0.157932 0.760032 0.0359157 0.0411781 0.000975699
2 0.955082 0.920209 0.0886479 0.159582 0.000974749
0 0.983816 0.41588 0.03172 0.260501 0.000971513
0 0.713693 0.968531 0.064452 0.0613961 0.000969587
0 0.199552 0.90536 0.113579 0.107439 0.000968567
0 0.307679 0.998051 0.186556 0.0038985 0.000966681
0 0.644956 0.776937 0.155456 0.192389 0.000963318
0 0.0918649 0.996552 0.181078 0.00689557 0.000961212
0 0.378206 0.101472 0.165145 0.194717 0.000954361
0 0.265241 0.387378 0.209458 0.142385 0.00094821
1 0.935005 0.823145 0.129706 0.337162 0.000942606
0 0.0814181 0.860062 0.161008 0.25656 0.000941892
0 0.584707 0.931315 0.251159 0.137369 0.000936941
0 0.458339 0.596434 0.0867874 0.164343 0.000932857
0 0.466646 0.67069 0.026997 0.0299715 0.00093004
0 0.0699816 0.997048 0.139963 0.00590387 0.000929088
0 0.190302 0.997838 0.197545 0.00432385 0.000926845
0 0.9892 0.321829 0.0206516 0.293104 0.000920719
0 0.364273 0.145003 0.0881074 0.107067 0.00092071
2 0.861941 0.104906 0.276118 0.209015 0.000919508
0 0.361101 0.998117 0.187355 0.00376508 0.000918516
1 0.912968 0.845033 0.174064 0.292662 0.000914669
0 0.929593 0.639831 0.140813 0.404127 0.000911351
2 0.958621 0.85953 0.0809898 0.28094 0.000910013
0 0.21713 0.373442 0.121238 0.0984069 0.000900568
0 0.631089 0.793273 0.184438 0.235137 0.000900292
0 0.496448 0.996748 0.189854 0.00650421 0.000898809
0 0.405517 0.91359 0.0909971 0.133774 0.00089877
0 0.986116 0.442402 0.0270836 0.223282 0.000898759
