2 0.500355 0.541215 0.974739 0.827985 0.948612
1 0.485121 0.0633575 0.199446 0.126715 0.250301
1 0.467321 0.0662314 0.710703 0.132463 0.194509
1 0.544169 0.0638965 0.337272 0.127793 0.119664
2 0.472324 0.437399 0.944648 0.609853 0.096867
1 0.493477 0.233779 0.786368 0.465968 0.0696163
1 0.418224 0.0632116 0.345954 0.126423 0.0578504
1 0.584375 0.185757 0.607162 0.369975 0.0342441
1 0.454146 0.164235 0.842182 0.326582 0.0293187
1 0.552118 0.120702 0.697816 0.240772 0.0291879
1 0.454801 0.313879 0.869072 0.627759 0.0269493
1 0.450197 0.0777104 0.860975 0.155421 0.0231852
1 0.382263 0.0607757 0.51469 0.121551 0.0190359
2 0.493701 0.660131 0.982783 0.507723 0.01571
1 0.563632 0.0939374 0.823666 0.186953 0.00965884
2 0.917422 0.510055 0.165156 0.216499 0.00920016
1 0.368968 0.0950399 0.73351 0.188889 0.00818158
2 0.360718 0.53332 0.721436 0.808334 0.00625997
1 0.337142 0.0405473 0.674284 0.0810506 0.00609805
2 0.631813 0.524298 0.7261 0.779075 0.00596737
1 0.592878 0.2741 0.573256 0.5482 0.00574532
1 0.609844 0.0659886 0.554604 0.131977 0.00511367
2 0.0865392 0.128079 0.156722 0.0837048 0.00477413
1 0.575873 0.132015 0.449028 0.26403 0.00447037
1 0.243558 0.0883295 0.487117 0.176151 0.00429946
2 0.659391 0.664051 0.674367 0.587649 0.00423616
2 0.742125 0.489056 0.51575 0.803621 0.00402807
1 0.34685 0.204524 0.68647 0.409049 0.00399126
1 0.318536 0.0271273 0.637072 0.0538736 0.00395253
2 0.174686 0.560917 0.349372 0.836366 0.00388341
2 0.672162 0.417804 0.62754 0.552532 0.00382842
2 0.607061 0.365793 0.587429 0.457759 0.00375586
2 0.0857608 0.569628 0.171204 0.0792933 0.0037197
2 0.132924 0.622986 0.265849 0.627467 0.00370387
2 0.768466 0.611105 0.462221 0.596015 0.00350323
2 0.621017 0.200566 0.517418 0.397931 0.0033699
2 0.149435 0.321063 0.287628 0.642127 0.00314151
2 0.483914 0.0537271 0.194488 0.107454 0.00309793
2 0.637136 0.310626 0.516933 0.338226 0.00306167
1 0.126792 0.103365 0.253584 0.206729 0.00305767
2 0.412391 0.359081 0.823433 0.694538 0.00304655
1 0.907727 0.51438 0.183293 0.222912 0.00303722
1 0.149232 0.213652 0.290516 0.424578 0.00296657
1 0.116792 0.148834 0.233585 0.291782 0.00294665
1 0.522966 0.94343 0.890575 0.112721 0.00294287
1 0.109427 0.220967 0.218855 0.420814 0.00291054
2 0.0676241 0.743288 0.135248 0.132698 0.00290828
2 0.134086 0.25569 0.255934 0.503304 0.00290016
1 0.135077 0.327585 0.270155 0.583981 0.00289587
2 0.841662 0.514991 0.312618 0.225143 0.00287923
2 0.602154 0.725303 0.670245 0.382299 0.00285023
2 0.457086 0.720126 0.914173 0.358969 0.00284822
2 0.697408 0.695086 0.567209 0.48024 0.00283921
2 0.173732 0.390326 0.347465 0.746011 0.00283574
0 0.394912 0.557545 0.789824 0.667952 0.00282964
1 0.214459 0.255961 0.417989 0.495412 0.00281834
1 0.321804 0.314802 0.643607 0.627121 0.00273404
2 0.220937 0.62054 0.441874 0.683129 0.00269539
1 0.526861 0.87091 0.93642 0.257354 0.00268967
2 0.258989 0.518842 0.517977 0.685053 0.0026507
0 0.670589 0.207874 0.487871 0.381435 0.00262822
1 0.917972 0.469299 0.164056 0.387929 0.00261931
1 0.6629 0.103974 0.6742 0.206175 0.00257602
0 0.291729 0.368391 0.583458 0.734155 0.00257419
1 0.4428 0.795275 0.885601 0.315732 0.00248756
2 0.146216 0.468965 0.292431 0.767683 0.00245717
2 0.801342 0.665896 0.397315 0.560134 0.00245333
1 0.0863406 0.0865913 0.167819 0.168393 0.0024529
2 0.257616 0.751427 0.478322 0.256862 0.00244274
0 0.135687 0.69107 0.271375 0.442012 0.00238262
0 0.741463 0.118407 0.517074 0.236815 0.00237583
0 0.133442 0.938697 0.266884 0.122606 0.00237158
1 0.711167 0.918485 0.577666 0.163029 0.00235422
0 0.791534 0.413945 0.416933 0.680672 0.00235347
2 0.491673 0.796178 0.831486 0.36137 0.00228873
0 0.802673 0.136067 0.394653 0.272135 0.00228498
0 0.754207 0.426391 0.491587 0.603551 0.00227969
0 0.682431 0.163972 0.635137 0.325765 0.00227301
2 0.4948 0.847531 0.896849 0.304938 0.00226625
0 0.837062 0.273122 0.325877 0.507676 0.00225726
1 0.142016 0.766103 0.284032 0.413932 0.00225096
0 0.798871 0.217149 0.402258 0.434299 0.00225086
0 0.179797 0.623194 0.359595 0.58506 0.00215402
2 0.832491 0.79989 0.335017 0.40022 0.0021419
0 0.130644 0.893447 0.261289 0.197729 0.00212329
0 0.738903 0.251485 0.522194 0.437404 0.00211895
2 0.70525 0.942509 0.589499 0.114982 0.00210984
2 0.778929 0.813389 0.436261 0.371698 0.0021029
2 0.735276 0.751796 0.484311 0.460539 0.00209443
0 0.255078 0.583858 0.510155 0.631315 0.00209218
1 0.676169 0.941317 0.647663 0.116891 0.00208937
2 0.760791 0.852157 0.478418 0.295685 0.0020882
2 0.207389 0.4635 0.414777 0.82158 0.00208735
1 0.248361 0.77079 0.427557 0.218477 0.00208019
0 0.213607 0.939485 0.427213 0.121031 0.00207734
0 0.323584 0.938201 0.618409 0.123018 0.00207648
2 0.92034 0.431263 0.159319 0.402995 0.00204984
1 0.0879324 0.128774 0.155796 0.0841437 0.00204182
1 0.379358 0.828528 0.732452 0.342943 0.00203827
2 0.136053 0.855906 0.272105 0.268044 0.00203714
2 0.623939 0.802872 0.559767 0.344978 0.00203603
0 0.353609 0.671344 0.707218 0.443196 0.00202706
2 0.702595 0.779245 0.481231 0.333012 0.00202194
0 0.887732 0.715514 0.224536 0.540878 0.00201212
1 0.637078 0.0483387 0.515735 0.0966395 0.00198538
2 0.729227 0.883854 0.541015 0.231602 0.00193409
0 0.520613 0.589429 0.761784 0.232245 0.00193189
0 0.765711 0.745373 0.460361 0.485586 0.00190362
1 0.296466 0.779431 0.587724 0.347319 0.00190013
2 0.0907096 0.213633 0.173105 0.26077 0.00189198
1 0.696019 0.767076 0.346038 0.264084 0.00184867
0 0.199753 0.868388 0.377152 0.253023 0.00184404
0 0.218228 0.767647 0.425826 0.448639 0.00182731
0 0.355378 0.877438 0.664759 0.236015 0.0018225
2 0.30994 0.710493 0.61988 0.352281 0.00176146
1 0.131205 0.673806 0.262409 0.303124 0.00173199
1 0.915254 0.473013 0.165033 0.25644 0.00169383
0 0.267492 0.695997 0.534985 0.401632 0.00166441
1 0.841908 0.516041 0.310198 0.228876 0.00166279
2 0.82076 0.539634 0.31693 0.167846 0.00166269
1 0.492538 0.136765 0.287993 0.27353 0.00165621
1 0.940433 0.603384 0.11877 0.438373 0.00164511
1 0.891901 0.543088 0.212065 0.296314 0.00163945
1 0.90995 0.41073 0.17757 0.321353 0.00163095
2 0.0870078 0.0868154 0.171685 0.17188 0.00159169
1 0.0708273 0.686797 0.141655 0.284844 0.00154699
1 0.681213 0.0300447 0.637573 0.0592535 0.00154587
1 0.678248 0.0347969 0.550579 0.0692869 0.00154492
1 0.236425 0.736817 0.472851 0.319915 0.00144119
1 0.0921826 0.208241 0.174578 0.250535 0.00140244
0 0.528888 0.644393 0.653798 0.220194 0.00138196
1 0.330404 0.084269 0.569752 0.16588 0.00137396
2 0.912843 0.46062 0.174314 0.114783 0.00134086
1 0.0949405 0.666842 0.187316 0.295242 0.00132516
0 0.637364 0.687689 0.457091 0.263191 0.00130905
1 0.664763 0.251251 0.422509 0.223042 0.00129645
2 0.466785 0.0356991 0.245365 0.0703926 0.00128419
0 0.700116 0.76642 0.350061 0.263873 0.00126479
2 0.777885 0.337831 0.193674 0.177068 0.00125833
2 0.0862686 0.122736 0.166896 0.134057 0.00125625
2 0.938898 0.883927 0.122204 0.232147 0.00124671
1 0.636714 0.0976 0.508939 0.1952 0.00124111
1 0.280017 0.0693228 0.560034 0.138646 0.001235
2 0.662041 0.250797 0.455249 0.221693 0.00122182
0 0.814824 0.540421 0.324194 0.175877 0.00120435
1 0.423622 0.0858221 0.436759 0.171644 0.00120155
2 0.105198 0.131626 0.118659 0.0757397 0.00117734
0 0.493395 0.414675 0.66657 0.180804 0.00117694
0 0.31782 0.0126584 0.333581 0.0253169 0.00117386
1 0.115408 0.198041 0.224161 0.291201 0.00116436
1 0.902881 0.871506 0.194237 0.256988 0.00115727
1 0.0822631 0.134462 0.164526 0.268925 0.00115186
1 0.263384 0.433358 0.526769 0.202147 0.00114032
1 0.939674 0.896484 0.120652 0.207031 0.00113741
0 0.496402 0.383465 0.632689 0.199244 0.00112541
2 0.0912512 0.664164 0.17834 0.280613 0.00112301
1 0.0884648 0.259192 0.17693 0.35945 0.00111999
1 0.279685 0.464149 0.55937 0.13867 0.00111062
1 0.655667 0.337904 0.450741 0.189086 0.00110667
1 0.738491 0.254486 0.271916 0.229965 0.00110252
0 0.509202 0.507213 0.768911 0.180405 0.00110132
0 0.383992 0.604753 0.513349 0.198875 0.00109068
2 0.199714 0.0864988 0.398316 0.172252 0.00108731
2 0.27211 0.42059 0.544219 0.244587 0.00108697
1 0.868587 0.880726 0.262826 0.238548 0.00108677
0 0.491097 0.444658 0.679076 0.173483 0.00108666
1 0.777168 0.366098 0.195567 0.241091 0.00108059
0 0.500577 0.476562 0.725116 0.181177 0.0010779
1 0.300794 0.520161 0.601588 0.273374 0.00107021
0 0.558328 0.533349 0.785869 0.189043 0.00106925
0 0.671887 0.7199 0.359688 0.27584 0.00105314
1 0.888607 0.89943 0.222786 0.201141 0.00102785
0 0.531473 0.350683 0.607961 0.212514 0.0010217
1 0.170832 0.090038 0.333908 0.171607 0.00102095
0 0.112376 0.508207 0.219061 0.218576 0.00101355
0 0.360645 0.314324 0.382522 0.143977 0.0010112
2 0.0892479 0.524801 0.17275 0.178787 0.00101098
1 0.0624195 0.734769 0.124839 0.167932 0.00100734
0 0.178631 0.527965 0.357263 0.173026 0.00100592
0 0.370534 0.629067 0.429817 0.254669 0.00100352
0 0.28181 0.335873 0.485867 0.167336 0.0010035
0 0.415472 0.7562 0.397289 0.251111 0.00100014
2 0.879571 0.928426 0.240859 0.142647 0.000997974
0 0.367807 0.567035 0.706112 0.263583 0.000996501
0 0.47681 0.790699 0.479685 0.169896 0.000996349
2 0.913635 0.432229 0.163787 0.208248 0.000984202
2 0.202266 0.413876 0.404532 0.226525 0.00098399
1 0.242833 0.0382156 0.485665 0.0764313 0.000977011
1 0.877798 0.954988 0.244404 0.0897396 0.000975799
1 0.935587 0.451901 0.128826 0.395154 0.000974749
0 0.104375 0.235487 0.201574 0.324544 0.00097097
1 0.184999 0.697828 0.369999 0.301971 0.000969435
1 0.760553 0.337416 0.22824 0.166133 0.000948816
0 0.735056 0.249648 0.276736 0.215944 0.000944924
0 0.741612 0.537047 0.485613 0.19603 0.000941949
1 0.961737 0.62372 0.0765266 0.477694 0.000934331
1 0.327297 0.479599 0.654593 0.1707 0.000933983
1 0.877532 0.390499 0.236067 0.325975 0.000931008
0 0.117791 0.464931 0.230438 0.304289 0.000919025
0 0.371907 0.327359 0.303602 0.151321 0.000914271
1 0.469216 0.802135 0.433175 0.143401 0.000912742
2 0.959642 0.508782 0.0807167 0.231 0.000910096
0 0.598097 0.580008 0.702633 0.181024 0.000903803
0 0.360439 0.772956 0.276039 0.209909 0.000902887
0 0.835895 0.510427 0.328211 0.267239 0.000900513
0 0.0878275 0.692334 0.175655 0.353134 0.000898971
0 0.600371 0.609836 0.631906 0.188589 0.00089371
0 0.510897 0.1615 0.449453 0.268529 0.000889135
1 0.989527 0.547912 0.0209452 0.297614 0.000883458
2 0.0880968 0.57087 0.174979 0.242907 0.000883356
2 0.0814036 0.110537 0.162807 0.221073 0.000881365
0 0.673537 0.246605 0.408 0.211597 0.000878902
1 0.731875 0.0422276 0.53625 0.0833444 0.000878273
0 0.631528 0.746156 0.415135 0.254857 0.00087822
2 0.955342 0.842273 0.0893162 0.315455 0.000875197
0 0.499566 0.763692 0.492115 0.222671 0.0008721
0 0.385817 0.29637 0.401612 0.211108 0.000869898
1 0.517987 0.150987 0.399682 0.301975 0.000867929
0 0.547913 0.184316 0.455029 0.197169 0.000867437
2 0.0936978 0.250804 0.18336 0.360101 0.00086713
0 0.276294 0.0161219 0.325512 0.0322437 0.000861916
0 0.860082 0.37296 0.249828 0.409212 0.000860806
1 0.145627 0.112112 0.284697 0.122751 0.000859482
0 0.283213 0.540086 0.566427 0.301983 0.000859386
2 0.693005 0.961819 0.610762 0.0760015 0.000857913
1 0.821572 0.552118 0.344294 0.168243 0.000856748
0 0.0878974 0.545453 0.170361 0.128274 0.000855659
0 0.789084 0.222427 0.173745 0.184103 0.000854153
1 0.0692853 0.681871 0.138571 0.377184 0.000853488
0 0.70054 0.90667 0.376963 0.18666 0.000850352
0 0.811916 0.34308 0.136859 0.392842 0.000849435
0 0.180884 0.486379 0.361768 0.270426 0.000849356
0 0.567427 0.201633 0.421179 0.12794 0.000848746
1 0.441723 0.13163 0.333267 0.26326 0.000847814
0 0.420132 0.895665 0.33797 0.208671 0.000847502
0 0.169194 0.363279 0.338387 0.120395 0.000846327
2 0.372027 0.655076 0.402196 0.315091 0.000845538
0 0.296105 0.30448 0.434614 0.135295 0.000845144
2 0.940852 0.949338 0.118295 0.101325 0.000844612
0 0.371603 0.676857 0.398088 0.32505 0.000843881
1 0.356624 0.119745 0.568055 0.239491 0.000842745
0 0.811648 0.267631 0.117773 0.277569 0.000841579
2 0.795129 0.304516 0.158538 0.198539 0.000839968
0 0.513549 0.211199 0.441185 0.164541 0.000838835
0 0.145128 0.554213 0.285241 0.103279 0.000837154
2 0.936473 0.909285 0.127054 0.181429 0.00083589
0 0.481296 0.143933 0.379634 0.287865 0.000834343
0 0.136099 0.251603 0.263893 0.319528 0.000834298
0 0.838425 0.895203 0.323149 0.209594 0.000830948
2 0.951957 0.387867 0.0960869 0.448065 0.000829354
2 0.878949 0.0743047 0.242101 0.148609 0.000825163
0 0.768228 0.931576 0.439282 0.136281 0.000823654
0 0.0859974 0.57016 0.164852 0.073727 0.000822534
0 0.351882 0.878154 0.306672 0.243691 0.000819882
2 0.433422 0.318097 0.139254 0.129388 0.000818262
0 0.630762 0.915781 0.34392 0.168438 0.000817547
1 0.828513 0.573503 0.330328 0.248989 0.000817202
2 0.864862 0.952468 0.270276 0.0946117 0.000817137
0 0.56436 0.914699 0.328037 0.170601 0.000816033
1 0.968136 0.885871 0.0637288 0.228258 0.000814151
0 0.282686 0.862063 0.353798 0.275873 0.000814112
0 0.531096 0.324165 0.44066 0.177248 0.000813007
0 0.503656 0.907281 0.341983 0.185439 0.000812263
1 0.863313 0.589258 0.265443 0.352039 0.000809859
2 0.779434 0.080969 0.441133 0.161938 0.000809049
2 0.0829037 0.225033 0.165807 0.450066 0.000807676
0 0.611149 0.489068 0.726951 0.21669 0.000807392
0 0.663972 0.944612 0.441863 0.110142 0.000807288
1 0.319853 0.774066 0.270707 0.203759 0.000806642
2 0.431937 0.330882 0.191728 0.162508 0.000802953
0 0.832177 0.670483 0.326925 0.415403 0.000802501
1 0.821688 0.960731 0.356625 0.077853 0.0008023
0 0.233268 0.45648 0.466537 0.137952 0.000802016
0 0.554908 0.302917 0.437924 0.234666 0.000801491
0 0.157687 0.301193 0.312799 0.197084 0.000801322
0 0.51524 0.69114 0.584271 0.272166 0.000799571
0 0.790461 0.415855 0.247675 0.28968 0.000797657
2 0.125445 0.136195 0.0706823 0.0649081 0.000797358
2 0.778271 0.963972 0.443458 0.0715099 0.000796128
0 0.442759 0.411349 0.747015 0.232237 0.000795443
2 0.57589 0.95986 0.504923 0.0794254 0.000794514
1 0.655196 0.376402 0.449271 0.282955 0.000793709
2 0.129934 0.957049 0.258405 0.0859014 0.000791349
0 0.422361 0.926436 0.320175 0.146955 0.000790813
0 0.4541 0.2322 0.404281 0.148725 0.000788846
0 0.419177 0.17447 0.318538 0.217415 0.000787897
0 0.526388 0.237072 0.369205 0.158304 0.000785909
1 0.157718 0.169031 0.312747 0.224623 0.000785822
0 0.655321 0.545391 0.65094 0.175904 0.000785518
0 0.836811 0.479614 0.324215 0.160266 0.000784739
0 0.271972 0.921657 0.354218 0.156686 0.000783196
0 0.279748 0.277025 0.33971 0.159154 0.000783073
0 0.16004 0.339942 0.319077 0.121805 0.000782543
2 0.202555 0.623392 0.405111 0.270172 0.000782249
0 0.351193 0.929139 0.317331 0.141722 0.000777022
0 0.1239 0.0826247 0.244409 0.165249 0.000776162
1 0.917829 0.612925 0.160656 0.434941 0.000776145
2 0.0891868 0.953455 0.178374 0.0902691 0.000774918
0 0.452599 0.269645 0.371026 0.211552 0.000773799
0 0.520198 0.880066 0.487717 0.239868 0.000772693
