0 0.492966 0.505751 0.90021 0.60942 0.847272
0 0.665626 0.288068 0.136147 0.0932796 0.795942
0 0.408851 0.172308 0.224009 0.196345 0.782724
0 0.787823 0.456238 0.31253 0.133939 0.693471
0 0.489588 0.801406 0.273305 0.197009 0.584003
0 0.427041 0.11427 0.154806 0.0744179 0.535925
0 0.472912 0.613326 0.844275 0.714199 0.523712
0 0.703219 0.736198 0.163049 0.0919106 0.470291
0 0.439417 0.858107 0.159693 0.0776069 0.450935
0 0.490251 0.380589 0.886843 0.640199 0.412754
0 0.400128 0.260546 0.697833 0.369192 0.335484
0 0.287706 0.617465 0.15031 0.0994605 0.331463
0 0.462471 0.694723 0.679622 0.421538 0.316053
0 0.57581 0.729849 0.456694 0.33661 0.298301
0 0.821308 0.335668 0.0695637 0.056291 0.272966
0 0.493786 0.77182 0.266609 0.140858 0.211097
0 0.418992 0.128386 0.182359 0.104546 0.195961
0 0.500206 0.281768 0.896836 0.414828 0.186937
0 0.582881 0.310482 0.307163 0.144321 0.143556
0 0.410235 0.211621 0.21957 0.115049 0.113121
0 0.583969 0.742086 0.42045 0.105819 0.103878
0 0.508116 0.754968 0.23607 0.107357 0.102855
0 0.545448 0.66111 0.501948 0.508583 0.088047
0 0.526527 0.409861 0.838642 0.422756 0.0844316
0 0.536301 0.589296 0.821373 0.566162 0.0792281
0 0.639076 0.306849 0.192179 0.136224 0.0730569
0 0.109221 0.393636 0.0891037 0.0520374 0.0690958
0 0.486179 0.243711 0.494628 0.335174 0.0684931
0 0.60027 0.290398 0.274205 0.0997782 0.0638369
0 0.592513 0.727399 0.423867 0.169227 0.0565148
0 0.195112 0.547774 0.111036 0.0887182 0.056443
0 0.3449 0.478394 0.60179 0.416319 0.0554743
0 0.575316 0.790991 0.448696 0.221712 0.0524917
0 0.699938 0.674702 0.177928 0.218733 0.0492919
0 0.425939 0.346827 0.435495 0.150394 0.0480046
0 0.635552 0.409281 0.627663 0.332629 0.0469854
0 0.441356 0.828153 0.163612 0.140186 0.0462738
0 0.563233 0.33428 0.350724 0.192268 0.0446548
0 0.398425 0.355757 0.697729 0.565049 0.0401007
0 0.673314 0.665184 0.244651 0.244392 0.0392364
0 0.249933 0.591248 0.222661 0.149792 0.0376362
0 0.629328 0.4905 0.639062 0.487916 0.037616
0 0.707754 0.422381 0.480243 0.218768 0.036136
0 0.874689 0.463936 0.132744 0.101911 0.0350798
0 0.832667 0.4563 0.221373 0.124142 0.0257962
0 0.594717 0.590821 0.41265 0.180162 0.0251577
0 0.574287 0.654947 0.437562 0.359545 0.0237682
0 0.688268 0.698387 0.207501 0.173264 0.0234789
0 0.483355 0.753906 0.620448 0.293368 0.0233834
0 0.195717 0.0115053 0.171551 0.0219929 0.0233354
0 0.227126 0.00927649 0.132285 0.018553 0.0225946
0 0.289784 0.582365 0.307371 0.176045 0.0215027
0 0.65167 0.580959 0.583343 0.46335 0.0213533
0 0.365051 0.640079 0.624498 0.549036 0.0212639
0 0.474083 0.215264 0.64614 0.294074 0.0209122
0 0.398618 0.140259 0.249647 0.280518 0.017473
0 0.207396 0.00874937 0.11137 0.0174987 0.016757
0 0.582709 0.662938 0.433242 0.249253 0.0155621
0 0.341447 0.575466 0.415635 0.195107 0.0154594
0 0.441097 0.254258 0.35011 0.210028 0.0150148
0 0.378559 0.257203 0.31257 0.214914 0.0133545
0 0.147721 0.395556 0.172681 0.0724959 0.0128323
0 0.757374 0.445302 0.371276 0.160832 0.0127682
0 0.79595 0.985845 0.0592674 0.0278099 0.012747
0 0.680537 0.456394 0.597782 0.14645 0.0122883
0 0.373462 0.248365 0.348669 0.34132 0.0122014
0 0.424004 0.588777 0.539874 0.170318 0.0111656
0 0.713789 0.518633 0.465564 0.276729 0.0109972
0 0.472625 0.806264 0.727523 0.225545 0.0107513
0 0.382312 0.207334 0.320107 0.261295 0.0106216
0 0.216392 0.0133574 0.226349 0.0264834 0.0106148
0 0.363455 0.176094 0.32798 0.21072 0.0103622
0 0.254451 0.0101271 0.186315 0.0202542 0.0103519
0 0.677147 0.607177 0.235769 0.140208 0.0100618
0 0.310553 0.620035 0.246543 0.101065 0.00998864
0 0.530618 0.145297 0.592559 0.290594 0.00940791
0 0.157824 0.3936 0.118259 0.0673105 0.00940145
0 0.43022 0.286337 0.424899 0.245414 0.00937158
0 0.496689 0.315861 0.497102 0.177985 0.009323
0 0.492861 0.74144 0.280628 0.140139 0.00922772
0 0.820034 0.981196 0.311997 0.0366039 0.00920285
0 0.300379 0.429837 0.515517 0.466677 0.00895459
0 0.165876 0.39195 0.162443 0.0849844 0.00873442
0 0.784961 0.986208 0.119791 0.027349 0.00870526
0 0.114829 0.401873 0.104302 0.0753426 0.00867281
0 0.569064 0.823708 0.485344 0.323723 0.00859965
0 0.770474 0.980175 0.325771 0.0389111 0.00858812
0 0.49653 0.830602 0.276266 0.135848 0.00825073
0 0.385397 0.61218 0.397778 0.117667 0.00817689
0 0.808721 0.986555 0.113011 0.0263626 0.00793283
0 0.730529 0.292244 0.273004 0.106618 0.00744492
0 0.456905 0.863667 0.120358 0.0681798 0.00715701
0 0.449928 0.845593 0.788402 0.3056 0.00705608
0 0.159762 0.013532 0.212319 0.0267991 0.00670577
0 0.402381 0.089402 0.559643 0.178804 0.00659086
0 0.702592 0.378073 0.508057 0.28365 0.00656906
0 0.702038 0.5762 0.495334 0.384299 0.00630522
0 0.335627 0.139597 0.416021 0.279195 0.00627587
0 0.675979 0.965345 0.607587 0.0693096 0.00613687
0 0.490357 0.269322 0.467797 0.244544 0.00609475
0 0.613001 0.33064 0.727818 0.25012 0.00606014
0 0.206801 0.554718 0.144518 0.108585 0.00605089
0 0.275308 0.0148734 0.348974 0.0279233 0.00599871
0 0.656886 0.275632 0.150896 0.122362 0.00580326
0 0.505661 0.275716 0.47693 0.145651 0.00564873
0 0.264287 0.495116 0.465716 0.38047 0.00541582
0 0.621821 0.273067 0.227241 0.133409 0.00537987
0 0.297267 0.0650978 0.451219 0.130196 0.0051931
0 0.486963 0.111164 0.274232 0.0761393 0.00516508
0 0.188151 0.0107878 0.240202 0.0215756 0.00515014
0 0.595099 0.893394 0.59774 0.209875 0.00513286
0 0.393527 0.115378 0.22925 0.0780851 0.00511198
0 0.643605 0.92659 0.691503 0.143171 0.00503755
0 0.600125 0.958538 0.585063 0.0816875 0.00459426
0 0.486382 0.605462 0.614709 0.130041 0.00449383
0 0.410033 0.108619 0.112402 0.0642548 0.00445403
0 0.156989 0.0176893 0.272928 0.0353787 0.00444743
0 0.525579 0.168799 0.819851 0.315813 0.00432691
0 0.468855 0.172328 0.360177 0.2055 0.00429719
0 0.441968 0.790769 0.349361 0.176774 0.0042367
0 0.529807 0.0852209 0.372997 0.150064 0.00419258
0 0.650969 0.869424 0.698062 0.257994 0.00417648
0 0.53671 0.602112 0.328433 0.143949 0.00413284
0 0.501033 0.0916177 0.301785 0.111485 0.00412927
0 0.258129 0.0532267 0.444208 0.106442 0.00410862
0 0.774098 0.96376 0.451379 0.0724806 0.00410684
0 0.821984 0.985445 0.152442 0.029109 0.00398103
0 0.237517 0.979127 0.475035 0.041425 0.00394053
0 0.737741 0.985482 0.25343 0.029036 0.00385065
0 0.512057 0.852333 0.327138 0.100031 0.00384051
0 0.298129 0.0228329 0.417054 0.0440094 0.00383709
0 0.771139 0.427563 0.457722 0.294702 0.00379761
0 0.780008 0.434968 0.439983 0.206475 0.00379669
0 0.51651 0.556391 0.591615 0.261343 0.00377383
0 0.466817 0.885542 0.235377 0.1314 0.0037661
0 0.604001 0.240568 0.781743 0.311131 0.00374592
0 0.470192 0.906719 0.79034 0.186221 0.00368234
0 0.448262 0.935654 0.785096 0.128649 0.0036276
0 0.488343 0.75471 0.180742 0.0908413 0.00361369
0 0.4506 0.877165 0.187991 0.112298 0.0035765
0 0.837236 0.984831 0.229401 0.0299049 0.00356896
0 0.599705 0.343636 0.276824 0.224629 0.00352244
0 0.775872 0.924095 0.435792 0.14645 0.00347573
0 0.741126 0.972115 0.378365 0.0549349 0.00333764
0 0.402261 0.29706 0.37559 0.181129 0.0033349
0 0.207533 0.395729 0.293756 0.0913167 0.00333116
0 0.215399 0.410945 0.318051 0.12325 0.00330993
0 0.205172 0.367642 0.288929 0.120514 0.00330339
0 0.660404 0.706768 0.679193 0.309018 0.00327847
0 0.700328 0.314334 0.529187 0.188529 0.00326715
0 0.531895 0.0911678 0.728669 0.18155 0.00325642
0 0.295398 0.528341 0.353766 0.152755 0.00315623
0 0.497861 0.0300641 0.415655 0.0557923 0.00313676
0 0.497273 0.214294 0.421053 0.227275 0.00305138
0 0.386961 0.227103 0.497303 0.321218 0.00303997
0 0.40313 0.371827 0.469774 0.201803 0.00303765
0 0.0962552 0.398099 0.0573496 0.0388575 0.00303285
0 0.389687 0.955443 0.731167 0.0887295 0.00302361
0 0.562032 0.275829 0.351976 0.134956 0.00297132
0 0.760834 0.942379 0.478332 0.115241 0.00296139
0 0.460016 0.75819 0.709128 0.367293 0.00295987
0 0.827266 0.338266 0.0886771 0.0658334 0.00295786
0 0.493175 0.596936 0.169862 0.127199 0.00291544
0 0.757707 0.512207 0.484586 0.337735 0.00287855
0 0.881287 0.33788 0.200987 0.0613785 0.00287836
0 0.31828 0.0301189 0.466026 0.0590337 0.00286088
0 0.55755 0.113136 0.0617059 0.0535773 0.00284037
0 0.242027 0.363996 0.365989 0.178113 0.0028385
0 0.20886 0.972893 0.41772 0.053926 0.00283487
0 0.228523 0.473439 0.375312 0.260108 0.00282243
0 0.311234 0.330126 0.5127 0.527936 0.00277283
0 0.875409 0.444711 0.137789 0.145691 0.00276129
0 0.620849 0.783471 0.758302 0.354354 0.00274425
0 0.351424 0.1117 0.594903 0.213723 0.00270018
0 0.862744 0.101932 0.274511 0.203865 0.00267768
0 0.275138 0.956294 0.518946 0.0868114 0.00266589
0 0.304784 0.496443 0.422579 0.216658 0.0026355
0 0.765295 0.301469 0.428002 0.177911 0.0026273
0 0.763926 0.373861 0.472149 0.315071 0.00262028
0 0.20418 0.0246527 0.347578 0.0471825 0.00261542
0 0.735397 0.625143 0.115401 0.0946788 0.00260326
0 0.175642 0.584853 0.351283 0.360074 0.00258329
0 0.10398 0.63012 0.20796 0.326794 0.00255939
0 0.719608 0.619494 0.149576 0.120841 0.00255483
0 0.806095 0.0910442 0.381901 0.180209 0.00254282
0 0.89279 0.1176 0.214421 0.2352 0.00253693
0 0.419484 0.621386 0.488502 0.159405 0.00253347
0 0.174436 0.583719 0.292899 0.170843 0.00250636
0 0.274006 0.605253 0.494717 0.478055 0.00250166
0 0.703615 0.623757 0.559631 0.385129 0.00249983
0 0.309027 0.328355 0.175034 0.100955 0.00249286
0 0.194365 0.536227 0.38873 0.364427 0.00248492
0 0.419138 0.028989 0.5845 0.0576391 0.00243347
0 0.593554 0.0655 0.528975 0.126987 0.00242824
0 0.131938 0.949276 0.263877 0.101449 0.00241943
0 0.0647053 0.672578 0.129411 0.281203 0.0024016
0 0.149086 0.570138 0.22565 0.144759 0.0023988
0 0.776433 0.299357 0.447135 0.296988 0.00239256
0 0.694828 0.0889816 0.58224 0.176701 0.00238612
0 0.88457 0.710047 0.23086 0.376505 0.00238575
0 0.233135 0.524378 0.436904 0.207201 0.00238143
0 0.14524 0.552224 0.211234 0.107396 0.00236961
0 0.792157 0.41891 0.321458 0.216912 0.00236924
0 0.810568 0.659294 0.378863 0.447739 0.00236846
0 0.0505126 0.717648 0.101025 0.242157 0.00236726
0 0.190746 0.953549 0.381491 0.0929027 0.00235919
0 0.413799 0.680687 0.459372 0.271989 0.00235894
0 0.179176 0.445275 0.358352 0.317987 0.00235084
0 0.739978 0.576649 0.520044 0.477418 0.00234963
0 0.753546 0.45845 0.182132 0.137004 0.00233856
0 0.53611 0.0411051 0.423239 0.0754921 0.00233304
0 0.689937 0.252031 0.563268 0.265386 0.0023315
0 0.47066 0.490057 0.603852 0.197882 0.00232687
0 0.794544 0.886469 0.410911 0.227062 0.00232142
0 0.116537 0.0612874 0.233074 0.122575 0.00231686
0 0.419425 0.76585 0.408884 0.12987 0.00230838
0 0.353499 0.741716 0.608414 0.408794 0.00230762
0 0.487805 0.52174 0.541086 0.221801 0.00230611
0 0.444449 0.544474 0.716683 0.217582 0.00230526
0 0.171921 0.387809 0.118767 0.0735979 0.00230087
0 0.304023 0.0106454 0.307435 0.0212908 0.00229915
0 0.151898 0.394846 0.303795 0.272764 0.00229159
0 0.0585809 0.778552 0.117162 0.237959 0.00227854
0 0.465822 0.0384632 0.0511564 0.02573 0.00227595
0 0.895245 0.762329 0.209511 0.357569 0.00225681
0 0.128128 0.910012 0.256256 0.153677 0.0022392
0 0.13018 0.346695 0.260359 0.253755 0.00223147
0 0.400434 0.565974 0.574389 0.23559 0.00223085
0 0.797982 0.135645 0.362726 0.26932 0.00222499
0 0.0911888 0.829455 0.182378 0.225561 0.00221574
0 0.861144 0.817533 0.277711 0.33572 0.00219735
0 0.815428 0.24731 0.369144 0.314581 0.00218821
0 0.559407 0.120381 0.0572245 0.0459917 0.002184
0 0.651666 0.93138 0.146754 0.114603 0.0021791
0 0.863924 0.194974 0.272152 0.349574 0.00217158
0 0.113853 0.285094 0.227705 0.222793 0.00216827
0 0.197258 0.98615 0.222542 0.0276997 0.00216474
0 0.111479 0.874672 0.222958 0.185513 0.00216438
0 0.240974 0.338139 0.44495 0.317973 0.00215153
0 0.74299 0.703348 0.51402 0.243312 0.00214388
0 0.344686 0.326403 0.244146 0.10226 0.00213775
0 0.25212 0.0888579 0.464307 0.168301 0.00213577
0 0.563412 0.123478 0.0458508 0.031572 0.00212948
0 0.704593 0.937066 0.265198 0.118169 0.00212222
0 0.0903863 0.175659 0.180773 0.181796 0.00211584
0 0.366995 0.31316 0.301928 0.138437 0.00211112
0 0.0762083 0.134621 0.152417 0.195396 0.00210634
0 0.409449 0.857429 0.208294 0.0816082 0.00210329
0 0.0937488 0.0914242 0.187498 0.171746 0.00210146
0 0.247409 0.697053 0.466421 0.329875 0.00209845
0 0.34167 0.808977 0.57885 0.270237 0.00209604
0 0.197707 0.98909 0.26569 0.0214953 0.00209232
0 0.422429 0.0873194 0.328848 0.144677 0.00209128
0 0.86948 0.138807 0.237186 0.258154 0.00209052
0 0.101124 0.223633 0.202248 0.198619 0.00208869
0 0.544441 0.483028 0.316158 0.17934 0.00207198
0 0.415763 0.134861 0.137249 0.124351 0.00206723
0 0.739223 0.602499 0.106572 0.0769619 0.00206482
0 0.705335 0.960866 0.346928 0.0727359 0.00206087
0 0.743891 0.855148 0.512218 0.271786 0.00205643
0 0.715163 0.211486 0.535183 0.364334 0.00205502
0 0.784871 0.260266 0.396055 0.230187 0.00205476
0 0.224284 0.520963 0.381458 0.152268 0.00205461
0 0.491881 0.0351594 0.0714949 0.0340917 0.00205097
0 0.311904 0.899929 0.551408 0.177782 0.00204971
0 0.33323 0.361963 0.551417 0.174973 0.00204342
0 0.481093 0.0368642 0.0845465 0.0320844 0.0020433
0 0.191187 0.276785 0.342376 0.236259 0.00204283
0 0.244622 0.249097 0.351705 0.315502 0.00203583
0 0.751777 0.778997 0.496446 0.263597 0.00203538
0 0.330167 0.868987 0.566704 0.194492 0.00202224
0 0.747379 0.608506 0.0902661 0.0529501 0.00200037
0 0.209317 0.778697 0.395356 0.277349 0.00198111
0 0.830737 0.199717 0.309043 0.313015 0.00197152
0 0.372824 0.827685 0.293382 0.140156 0.00197061
0 0.457912 0.0386233 0.0331949 0.023051 0.00196427
0 0.509892 0.0811947 0.242981 0.125034 0.0019633
0 0.175309 0.904905 0.32785 0.166265 0.00195457
0 0.179105 0.131751 0.310554 0.197528 0.00194469
0 0.407126 0.516756 0.61206 0.192989 0.00194216
0 0.397531 0.395431 0.584712 0.248171 0.00194183
0 0.175387 0.87192 0.319921 0.194026 0.00193321
0 0.182747 0.821903 0.335451 0.237838 0.00193254
0 0.837641 0.953887 0.324718 0.0910984 0.00193148
0 0.295358 0.191039 0.444 0.292276 0.00192073
0 0.787839 0.981701 0.0626838 0.0350386 0.00190678
0 0.354539 0.141013 0.331662 0.132902 0.00185926
0 0.167518 0.219874 0.292503 0.198917 0.00184767
0 0.310317 0.973879 0.478813 0.0513908 0.00184515
0 0.959251 0.923137 0.0797656 0.152309 0.00184152
0 0.175495 0.169438 0.305484 0.189213 0.001824
0 0.538795 0.687413 0.586334 0.263443 0.00178408
0 0.288547 0.326979 0.130496 0.0923222 0.00177167
0 0.373502 0.482008 0.571771 0.252759 0.00175358
0 0.135247 0.393195 0.0533214 0.0581308 0.0017501
0 0.642284 0.486222 0.63391 0.217818 0.00174491
0 0.966703 0.915646 0.061595 0.133073 0.00173462
0 0.290128 0.338835 0.44255 0.128478 0.00173253
0 0.214348 0.0284104 0.16245 0.0566612 0.00172448
0 0.695245 0.594442 0.198625 0.221477 0.00170758
