1 0.68754 0.59186 0.289963 0.34494 0.968007
1 0.695981 0.638089 0.27038 0.251981 0.27046
1 0.693767 0.691154 0.282515 0.555795 0.213832
1 0.73948 0.600256 0.383841 0.375625 0.0201934
1 0.591082 0.745466 0.526627 0.509069 0.0157733
1 0.624623 0.665626 0.46568 0.50119 0.0155422
1 0.721882 0.746626 0.355801 0.506519 0.0140725
1 0.761274 0.69881 0.430786 0.543519 0.0101023
1 0.519602 0.953929 0.62305 0.0921418 0.00765844
1 0.686347 0.526872 0.30097 0.223105 0.00711077
1 0.514212 0.770137 0.717839 0.459727 0.00700381
1 0.448502 0.438035 0.897004 0.876069 0.0067903
0 0.428232 0.982724 0.175592 0.0342015 0.00666602
1 0.633413 0.595718 0.391234 0.362734 0.0066478
0 0.454432 0.980161 0.220574 0.0396255 0.00584375
0 0.538999 0.271798 0.0394402 0.0223038 0.00574062
1 0.525141 0.895315 0.623162 0.209369 0.00560449
0 0.500576 0.97804 0.487124 0.0434242 0.00529615
1 0.448808 0.940544 0.767537 0.118912 0.00513279
1 0.474786 0.848827 0.801842 0.302032 0.00486106
1 0.457483 0.698007 0.896063 0.603986 0.00483011
1 0.722801 0.601492 0.554399 0.38475 0.00465372
1 0.499713 0.584826 0.674798 0.458069 0.00416292
0 0.405704 0.98516 0.250919 0.0295684 0.00379432
1 0.637166 0.953876 0.716597 0.092248 0.00365929
1 0.700526 0.780849 0.589324 0.438301 0.00329841
1 0.757149 0.631 0.485703 0.519671 0.00309832
1 0.673214 0.549195 0.291103 0.506646 0.00308978
1 0.43465 0.582623 0.869301 0.640854 0.00296577
1 0.468558 0.322625 0.919944 0.643119 0.00293423
0 0.443247 0.974896 0.347409 0.0497537 0.00290578
1 0.396725 0.886632 0.740762 0.225816 0.00288415
1 0.609559 0.525047 0.43147 0.542249 0.00285836
1 0.354999 0.930856 0.709998 0.138121 0.00269526
0 0.756038 0.553632 0.487924 0.39021 0.00262627
1 0.635349 0.877041 0.713175 0.245918 0.00262107
0 0.890694 0.111057 0.218612 0.222113 0.00261273
1 0.712059 0.937525 0.575882 0.124949 0.00259329
0 0.768719 0.536507 0.462562 0.465881 0.00258883
1 0.638883 0.517922 0.199502 0.202378 0.00252553
1 0.389988 0.773394 0.689213 0.451769 0.00248543
0 0.914891 0.120595 0.170218 0.241189 0.00247592
2 0.758776 0.562499 0.482448 0.490319 0.00245
0 0.7599 0.488676 0.480199 0.361068 0.0024181
0 0.865549 0.10023 0.259611 0.19729 0.00240487
0 0.741118 0.7306 0.517765 0.5388 0.00232503
1 0.408458 0.478627 0.816916 0.955803 0.00222374
0 0.790881 0.446326 0.418238 0.468734 0.00220961
1 0.200998 0.426514 0.401997 0.833013 0.00220147
0 0.803472 0.102199 0.362315 0.201853 0.00217639
0 0.513767 0.23019 0.836403 0.45329 0.00217362
0 0.114348 0.072765 0.228695 0.14553 0.00216733
0 0.421559 0.081438 0.581987 0.159938 0.00216583
0 0.702341 0.88425 0.595318 0.231499 0.00216454
1 0.482001 0.232045 0.847403 0.456475 0.00214743
1 0.301121 0.937972 0.602242 0.124056 0.00214665
1 0.386888 0.578448 0.773776 0.843105 0.00214368
0 0.354017 0.0689682 0.441842 0.133999 0.00212162
0 0.510054 0.1005 0.633144 0.198442 0.00211608
0 0.570114 0.968772 0.591722 0.0623785 0.00211193
0 0.138829 0.635025 0.277657 0.707927 0.00211098
0 0.166242 0.401238 0.332484 0.745645 0.00211055
0 0.909785 0.215354 0.180431 0.386227 0.00210804
0 0.715057 0.817746 0.569885 0.364509 0.00210279
0 0.845151 0.404351 0.309699 0.473354 0.00209852
0 0.69542 0.099837 0.513425 0.196176 0.00209247
0 0.148308 0.0702825 0.27758 0.13804 0.00206696
1 0.160915 0.584569 0.321831 0.828428 0.00206529
0 0.13359 0.224332 0.267179 0.304136 0.00206503
0 0.220036 0.0730494 0.383411 0.142085 0.00205674
0 0.149285 0.750579 0.298569 0.485644 0.00204222
0 0.413216 0.322106 0.0364591 0.0222954 0.00204192
0 0.525615 0.134727 0.674733 0.2654 0.0020377
1 0.220451 0.481754 0.440901 0.927101 0.00203672
0 0.897912 0.262223 0.204176 0.414649 0.00202833
0 0.150329 0.336954 0.300658 0.561311 0.00202421
0 0.123708 0.167698 0.247416 0.262827 0.00201747
0 0.125198 0.110601 0.250396 0.20462 0.00199438
0 0.846145 0.135242 0.265427 0.265162 0.00198279
0 0.88895 0.158457 0.202652 0.288327 0.00198058
0 0.678859 0.902828 0.642282 0.191155 0.00197597
0 0.680598 0.988806 0.168149 0.022081 0.00195375
0 0.641125 0.140452 0.548792 0.276233 0.00193875
0 0.331261 0.431508 0.662521 0.863017 0.00193611
0 0.62116 0.194625 0.647665 0.372315 0.00193123
0 0.203813 0.597839 0.407627 0.796569 0.00192599
0 0.218999 0.528592 0.437998 0.941397 0.00192187
0 0.757111 0.136165 0.428504 0.265025 0.00191859
0 0.462518 0.175673 0.659914 0.336218 0.00191071
0 0.394853 0.344066 0.789707 0.683061 0.001886
0 0.757372 0.421098 0.485255 0.392892 0.00187593
0 0.170853 0.687113 0.341706 0.616178 0.00187577
0 0.193727 0.824374 0.387455 0.351251 0.0018585
0 0.316219 0.90302 0.632438 0.184002 0.00185792
0 0.857369 0.190136 0.247604 0.352682 0.00185776
0 0.368931 0.109544 0.66135 0.203796 0.00185536
0 0.758389 0.193628 0.447756 0.357854 0.00184926
0 0.509011 0.319368 0.876977 0.63517 0.00184483
0 0.267866 0.684437 0.535733 0.629552 0.00184309
0 0.54289 0.273634 0.0500283 0.0270888 0.00184073
0 0.352384 0.226628 0.673886 0.40294 0.00182633
0 0.201161 0.109337 0.365842 0.206277 0.00181152
0 0.48417 0.963568 0.463138 0.0724613 0.00180442
0 0.264991 0.870907 0.529981 0.249086 0.00178421
0 0.353716 0.177811 0.610081 0.322956 0.00178324
2 0.177494 0.548059 0.354987 0.903882 0.00178127
0 0.809302 0.306313 0.373052 0.396407 0.00177962
0 0.627397 0.46343 0.503351 0.746033 0.00177544
0 0.854044 0.260064 0.277623 0.376997 0.00176326
2 0.430791 0.967986 0.381672 0.0636497 0.00175782
0 0.183415 0.170371 0.329634 0.291173 0.00175626
0 0.280718 0.217274 0.506965 0.365594 0.00175425
0 0.738598 0.426965 0.512187 0.569219 0.00174563
0 0.679673 0.352919 0.640653 0.658617 0.0017347
0 0.253897 0.764875 0.507794 0.47025 0.00171305
0 0.192267 0.351329 0.384533 0.664258 0.00170585
0 0.735986 0.317574 0.509149 0.555795 0.00170573
0 0.334514 0.506495 0.669029 0.98701 0.00170508
0 0.277037 0.354943 0.554074 0.68226 0.00170048
0 0.775225 0.262474 0.420792 0.469087 0.00169806
0 0.620815 0.415653 0.663696 0.802698 0.00169275
0 0.516113 0.456084 0.676658 0.779119 0.00168585
0 0.312874 0.859055 0.62467 0.280334 0.00167999
0 0.669926 0.980137 0.475377 0.0390274 0.00164046
0 0.635211 0.476909 0.190864 0.114307 0.00158547
1 0.402395 0.962503 0.538657 0.0749932 0.00157296
0 0.749723 0.975026 0.370643 0.0492678 0.00156841
0 0.662761 0.640872 0.185737 0.166871 0.00154201
1 0.664501 0.662719 0.189644 0.190374 0.00140918
2 0.634379 0.491707 0.190698 0.147484 0.00140516
0 0.648104 0.98842 0.218531 0.0228329 0.0014
0 0.685959 0.98663 0.130925 0.0264488 0.00137495
2 0.383997 0.961888 0.411487 0.0756655 0.00134345
0 0.445361 0.977969 0.119071 0.0428478 0.00127858
1 0.74258 0.660599 0.255398 0.20272 0.00123805
0 0.777242 0.5958 0.100156 0.0654983 0.00121911
2 0.541149 0.269598 0.0456497 0.0256821 0.00118428
0 0.800878 0.981637 0.351623 0.0362411 0.00115127
1 0.695908 0.702393 0.183868 0.112707 0.00114778
1 0.67178 0.616614 0.215989 0.220233 0.00114551
0 0.823788 0.9888 0.201931 0.0220505 0.00112229
1 0.725746 0.692283 0.22605 0.134868 0.00110702
0 0.351494 0.960834 0.437128 0.0781597 0.00108803
0 0.421226 0.9437 0.296055 0.110075 0.00105772
0 0.478871 0.93909 0.446805 0.120614 0.00105371
0 0.656013 0.491115 0.226937 0.14539 0.00104707
0 0.555283 0.954747 0.480484 0.0901129 0.00104195
0 0.50019 0.985275 0.269863 0.0293065 0.00100997
2 0.388573 0.942156 0.315969 0.113983 0.00100773
0 0.526099 0.0102519 0.17886 0.0205037 0.00100757
0 0.926603 0.899502 0.120814 0.109178 0.000968043
0 0.87077 0.98523 0.258461 0.0288735 0.00096602
2 0.886201 0.984109 0.227598 0.0313339 0.000957353
0 0.72379 0.959816 0.371666 0.0802769 0.000957268
1 0.634531 0.489208 0.19124 0.141669 0.000935324
0 0.728493 0.64944 0.210968 0.225877 0.000928113
2 0.544027 0.275612 0.0451018 0.0364403 0.000916889
1 0.686976 0.681659 0.223992 0.153568 0.000916367
2 0.411611 0.3192 0.0350259 0.0304661 0.000914409
2 0.363437 0.938009 0.477262 0.12315 0.000882336
0 0.228967 0.957844 0.457933 0.084312 0.000881166
2 0.974528 0.952124 0.0509449 0.0957518 0.000878425
1 0.78281 0.663239 0.348247 0.214779 0.000876836
0 0.927956 0.881598 0.144087 0.146138 0.000872062
0 0.175781 0.933254 0.351562 0.133492 0.000862295
0 0.23816 0.936156 0.47632 0.127688 0.000860467
1 0.602615 0.482661 0.26515 0.131462 0.000854398
2 0.0947774 0.0606537 0.188872 0.121307 0.000854371
0 0.893152 0.974869 0.213696 0.0502616 0.000852282
0 0.626094 0.528958 0.168561 0.223976 0.000849915
0 0.764456 0.623142 0.132607 0.273991 0.000847356
2 0.905094 0.957689 0.189812 0.0846226 0.00084045
0 0.696728 0.940587 0.299558 0.117061 0.000838978
0 0.157968 0.9023 0.310194 0.195399 0.000838495
2 0.58768 0.956096 0.505924 0.0878079 0.000838194
0 0.826199 0.987093 0.0921976 0.0248611 0.00083808
0 0.0339055 0.98758 0.0678109 0.024128 0.000830427
0 0.56049 0.939332 0.391903 0.120342 0.000828525
0 0.0885089 0.95322 0.177018 0.0935595 0.000822367
0 0.28858 0.942094 0.387929 0.115813 0.000822319
0 0.617405 0.619347 0.163807 0.22831 0.000821639
0 0.615562 0.558051 0.149662 0.213522 0.000820514
2 0.426201 0.058059 0.440389 0.116118 0.000819002
0 0.344836 0.986001 0.288493 0.0279934 0.000815905
0 0.0531098 0.878808 0.10622 0.242384 0.000810487
2 0.421851 0.319854 0.0569864 0.0332171 0.00080249
2 0.869582 0.0768643 0.260837 0.153729 0.000801033
0 0.643904 0.956614 0.509259 0.0867728 0.000798328
0 0.125949 0.928547 0.241905 0.141856 0.000797439
1 0.37784 0.0391447 0.47187 0.0779716 0.000797134
0 0.935598 0.857162 0.128804 0.210937 0.000791331
0 0.0537501 0.617927 0.1075 0.386796 0.000787872
0 0.635533 0.938984 0.302549 0.120443 0.000787558
0 0.13059 0.9567 0.25743 0.0866009 0.00078746
2 0.410746 0.326707 0.0385822 0.0328066 0.000781859
0 0.611176 0.650229 0.200872 0.216368 0.000780035
0 0.580499 0.117009 0.380063 0.234019 0.000777901
1 0.028289 0.082996 0.056578 0.165992 0.000775974
2 0.591032 0.535055 0.177171 0.232577 0.000771924
0 0.772201 0.910653 0.350784 0.178693 0.000770141
0 0.379233 0.981397 0.288969 0.0372064 0.000769838
0 0.411043 0.927256 0.248999 0.129533 0.000767556
2 0.457103 0.0390153 0.422238 0.0777495 0.00076609
0 0.0807416 0.892841 0.158762 0.214319 0.000765072
0 0.700019 0.926365 0.232268 0.142321 0.000763516
0 0.0391552 0.711222 0.0783105 0.372835 0.000763357
0 0.923483 0.921706 0.121012 0.110128 0.000763287
0 0.433685 0.0953622 0.416474 0.171241 0.000760472
0 0.530895 0.283188 0.081632 0.0471601 0.000757533
0 0.0480349 0.675921 0.0960698 0.389073 0.000754853
0 0.760208 0.940008 0.324123 0.11939 0.000752635
2 0.927645 0.110327 0.14471 0.220653 0.000752525
0 0.499079 0.0106631 0.246273 0.0213262 0.000751912
0 0.0649917 0.809756 0.129983 0.380488 0.000750999
2 0.982284 0.929972 0.0354321 0.140055 0.000748209
0 0.481113 0.180324 0.347811 0.220257 0.000746749
0 0.68921 0.709647 0.192199 0.157386 0.000745721
2 0.0181373 0.11785 0.0362747 0.235699 0.000745668
0 0.531379 0.26958 0.0866141 0.0362254 0.000745048
2 0.503447 0.0678725 0.372421 0.135745 0.000744705
0 0.969297 0.295064 0.0563885 0.174222 0.000743545
1 0.539587 0.0376069 0.461295 0.074967 0.000743202
0 0.715799 0.878694 0.244655 0.130369 0.000742101
0 0.39201 0.202737 0.245377 0.173839 0.000739826
0 0.467996 0.12572 0.380738 0.217226 0.000739672
0 0.0248141 0.98531 0.0496282 0.028408 0.000738028
0 0.908005 0.925423 0.183312 0.129242 0.000737423
0 0.629568 0.333041 0.174153 0.108276 0.000736552
0 0.432654 0.18335 0.320644 0.204256 0.000735115
0 0.456487 0.926141 0.367156 0.147198 0.000732427
0 0.0556585 0.15564 0.111317 0.31128 0.00073231
0 0.627719 0.108637 0.317596 0.217275 0.000731796
0 0.755286 0.848833 0.324924 0.231839 0.000731495
0 0.839814 0.903325 0.320372 0.193349 0.000731187
0 0.378052 0.102806 0.352084 0.164926 0.000730557
0 0.390203 0.236687 0.268182 0.225907 0.00073052
0 0.67749 0.880695 0.12397 0.063365 0.000730177
0 0.672341 0.775162 0.224965 0.295262 0.000729789
2 0.996356 0.432012 0.00728741 0.263165 0.000728458
2 0.990605 0.0690764 0.0187899 0.138153 0.000728228
2 0.0759635 0.0984108 0.151927 0.196822 0.000727675
0 0.292011 0.175926 0.298645 0.247704 0.000727419
0 0.245883 0.20201 0.241666 0.214197 0.000725872
1 0.700456 0.752124 0.191612 0.315819 0.000725165
1 0.666866 0.756822 0.212702 0.302379 0.000724551
0 0.779139 0.988391 0.263762 0.022858 0.000723791
0 0.625353 0.384003 0.216734 0.144823 0.000723472
0 0.517098 0.0413763 0.569069 0.0812817 0.000723022
0 0.439142 0.155795 0.362164 0.255793 0.000719801
0 0.657459 0.928362 0.193644 0.108873 0.000717935
0 0.284506 0.0971313 0.256738 0.151598 0.000717519
0 0.555697 0.179341 0.235919 0.169342 0.000715881
0 0.207684 0.911653 0.409969 0.176694 0.000715018
0 0.301338 0.198156 0.244186 0.206465 0.000713741
0 0.0578409 0.851611 0.115682 0.296779 0.000713465
2 0.971945 0.598957 0.0526935 0.195499 0.000713411
0 0.333609 0.0890945 0.336515 0.165605 0.000713002
0 0.576625 0.150279 0.210038 0.167631 0.000712111
0 0.615685 0.139386 0.218854 0.189338 0.000711779
0 0.0619826 0.454017 0.123965 0.459414 0.000711076
0 0.0627252 0.118436 0.12545 0.236872 0.000710811
0 0.249388 0.415231 0.211862 0.176252 0.000710388
2 0.996818 0.385683 0.00636401 0.251577 0.000709155
0 0.0470473 0.7872 0.0940945 0.379175 0.000709062
0 0.576668 0.12814 0.259573 0.20596 0.000708838
2 0.996044 0.482247 0.0079118 0.278945 0.00070859
0 0.0577689 0.546969 0.115538 0.444014 0.000708363
0 0.705036 0.840732 0.219549 0.144515 0.00070829
2 0.970458 0.751593 0.0536253 0.154835 0.000707406
0 0.348609 0.226168 0.203999 0.174362 0.000706639
0 0.516333 0.155996 0.312879 0.221691 0.000706226
0 0.522895 0.399334 0.235612 0.104438 0.000706212
0 0.34751 0.183524 0.258447 0.209195 0.000705847
0 0.0572324 0.295771 0.114465 0.459689 0.000705734
0 0.244526 0.261633 0.232248 0.230342 0.000704284
0 0.413776 0.968576 0.277049 0.06254 0.00070414
0 0.832888 0.842376 0.334225 0.28975 0.000704036
2 0.260769 0.0945111 0.281905 0.154187 0.000703617
0 0.15557 0.578772 0.27381 0.17742 0.000703132
0 0.132316 0.637881 0.250915 0.186546 0.00070307
2 0.66046 0.0391338 0.405553 0.0782677 0.000702871
0 0.206098 0.236016 0.285963 0.249944 0.000702263
0 0.614443 0.203921 0.279447 0.207053 0.000702232
2 0.897959 0.947601 0.204083 0.104798 0.000702096
0 0.487952 0.415891 0.111936 0.0577424 0.00070151
0 0.334994 0.15529 0.34444 0.285018 0.000701467
0 0.40364 0.892694 0.209925 0.0954851 0.00070054
0 0.564357 0.414525 0.360849 0.138211 0.00070046
0 0.751609 0.788485 0.215631 0.256034 0.000700063
0 0.245472 0.284123 0.201161 0.185224 0.000699854
0 0.532592 0.0972928 0.406145 0.194586 0.000699182
0 0.668928 0.332746 0.204889 0.109835 0.000699157
0 0.611858 0.169427 0.254563 0.191996 0.000697885
0 0.831354 0.0597761 0.337292 0.118949 0.000697686
0 0.0562614 0.925413 0.112523 0.145146 0.000697678
0 0.539663 0.212228 0.23894 0.159319 0.000697568
0 0.645046 0.819709 0.220149 0.181949 0.000696808
0 0.264261 0.142995 0.283276 0.242731 0.000696744
0 0.245396 0.354247 0.181789 0.135125 0.0006962
2 0.85982 0.101292 0.28036 0.202585 0.000695693
