2 0.408866 0.792074 0.24834 0.216253 0.922509
0 0.664927 0.267554 0.436285 0.263181 0.866747
0 0.101707 0.961529 0.0434891 0.0347072 0.855712
0 0.243085 0.339264 0.230887 0.151548 0.727737
0 0.197605 0.845926 0.0792838 0.0770554 0.619976
0 0.0691854 0.460794 0.0466597 0.0357678 0.613568
0 0.678883 0.325907 0.281299 0.146786 0.539169
0 0.810718 0.236533 0.136833 0.0845834 0.522156
0 0.579252 0.218031 0.263374 0.160163 0.510322
0 0.848196 0.0181669 0.103394 0.0363233 0.445067
0 0.262158 0.614338 0.18891 0.13037 0.243794
2 0.196621 0.844726 0.0821477 0.0776947 0.24014
0 0.152347 0.0236336 0.274888 0.0472671 0.225057
0 0.80436 0.255533 0.152063 0.120272 0.206266
0 0.14744 0.023681 0.150801 0.047362 0.193867
0 0.626912 0.308702 0.102976 0.0960344 0.189937
0 0.0814296 0.750883 0.0580057 0.0538296 0.178019
1 0.409489 0.790798 0.249573 0.210154 0.160057
0 0.612143 0.328168 0.13791 0.139145 0.15378
0 0.766153 0.284067 0.23666 0.182917 0.147988
0 0.211396 0.850213 0.0573746 0.0693813 0.12806
0 0.809084 0.0207773 0.178315 0.0413048 0.119519
0 0.72035 0.290698 0.33493 0.196921 0.0999715
0 0.125613 0.0234497 0.0887491 0.0468994 0.0953301
0 0.753828 0.409876 0.0315099 0.0462122 0.0951856
0 0.82492 0.0222311 0.258538 0.0444621 0.0908094
0 0.871797 0.0169259 0.126119 0.0337614 0.0856364
0 0.223928 0.87278 0.0329836 0.0232121 0.0807862
0 0.59173 0.272125 0.294269 0.272884 0.0697643
0 0.707775 0.0126365 0.0372696 0.0235819 0.0649647
0 0.634934 0.318321 0.373999 0.16177 0.0598758
0 0.781609 0.0233836 0.297434 0.0467672 0.0592098
0 0.657179 0.659545 0.0521975 0.0256159 0.0569358
0 0.589199 0.356864 0.0925214 0.0797036 0.0550296
0 0.72464 0.0133032 0.102655 0.0259785 0.053367
0 0.757921 0.412436 0.0398393 0.0526811 0.0513796
0 0.219096 0.858148 0.0426514 0.0517918 0.0512749
0 0.646752 0.659819 0.027683 0.0222231 0.0497657
0 0.32625 0.694487 0.0306703 0.0232261 0.0491548
2 0.192647 0.834692 0.0739964 0.0529579 0.0490901
0 0.579775 0.32439 0.229404 0.147482 0.0464583
0 0.755195 0.402606 0.0336177 0.0334471 0.0414934
0 0.846218 0.0196643 0.148503 0.0390311 0.0403363
0 0.00844734 0.615372 0.0168947 0.0411594 0.0370605
0 0.191328 0.832572 0.0682198 0.0468323 0.0351647
0 0.741996 0.303885 0.13202 0.10601 0.0331605
0 0.83962 0.235687 0.0839923 0.0763895 0.0284907
0 0.828633 0.0208127 0.104481 0.0416253 0.0273635
0 0.269024 0.660712 0.0653644 0.0346201 0.0272874
0 0.538471 0.271071 0.683985 0.273254 0.0254534
0 0.209605 0.0245998 0.32646 0.0488476 0.0239777
0 0.161807 0.0141038 0.175522 0.0282076 0.0229055
0 0.796327 0.0328491 0.407347 0.0656982 0.0216167
0 0.539765 0.209159 0.175338 0.140443 0.0215727
0 0.116001 0.0229131 0.130784 0.0456362 0.0206307
0 0.765412 0.0133203 0.185376 0.0266407 0.0206272
0 0.202365 0.0310771 0.40197 0.0621543 0.0190069
0 0.095447 0.964555 0.0609772 0.0433151 0.0188377
0 0.782092 0.0147636 0.27237 0.0293107 0.0187715
0 0.566405 0.200566 0.231534 0.11975 0.0187195
0 0.182596 0.830675 0.0514424 0.0437113 0.018365
0 0.304157 0.582406 0.0824145 0.0645074 0.0182478
0 0.695648 0.196443 0.506554 0.392887 0.0180992
0 0.108293 0.0225336 0.0569656 0.0450673 0.016644
1 0.1894 0.844576 0.0986688 0.0769897 0.0144848
0 0.259505 0.659772 0.0461562 0.0330476 0.0134564
0 0.184494 0.0102045 0.171815 0.020409 0.0131675
0 0.223704 0.33342 0.279221 0.190467 0.0125787
0 0.225722 0.871507 0.0383678 0.0286291 0.0125539
0 0.769104 0.0547319 0.461791 0.108824 0.0117558
0 0.00917923 0.604429 0.0180518 0.0751735 0.0115159
0 0.871582 0.0231002 0.256837 0.0454047 0.0115133
0 0.695007 0.0131064 0.068619 0.0252315 0.0115125
0 0.308214 0.591883 0.0919282 0.0855957 0.0115092
1 0.409743 0.727325 0.25549 0.350425 0.0107559
0 0.83884 0.222165 0.076648 0.0476186 0.00990287
0 0.243612 0.050575 0.482398 0.100365 0.00987883
0 0.534933 0.978814 0.0248734 0.019238 0.00951634
0 0.756864 0.0194807 0.389177 0.0389614 0.00943343
0 0.511309 0.187232 0.122103 0.0942997 0.00911877
0 0.721341 0.113386 0.557318 0.226414 0.00837515
0 0.10267 0.969342 0.0624481 0.0524142 0.00833663
0 0.24531 0.407533 0.243539 0.309788 0.00827834
0 0.599917 0.201436 0.155048 0.115202 0.00822551
0 0.850562 0.22641 0.0562139 0.0517379 0.00802904
0 0.161552 0.015497 0.250062 0.0306107 0.00784738
0 0.0555295 0.753649 0.111059 0.0657101 0.00752125
0 0.726772 0.0257592 0.403189 0.0513922 0.00737164
0 0.415391 0.299877 0.574776 0.24931 0.00735671
0 0.67349 0.316257 0.449821 0.286214 0.00698919
0 0.0134208 0.626009 0.0268416 0.0940542 0.00693351
0 0.65825 0.656218 0.0566127 0.0360077 0.006919
0 0.732797 0.246272 0.307386 0.105131 0.00684009
1 0.363476 0.730149 0.359777 0.341268 0.00674666
0 0.21191 0.847128 0.114147 0.0806015 0.00669434
0 0.608603 0.353587 0.132127 0.0904946 0.00668172
0 0.18985 0.31871 0.333866 0.204991 0.00650151
0 0.144553 0.0385905 0.268845 0.0771809 0.00615438
0 0.0901755 0.970472 0.0693377 0.0518333 0.00596216
0 0.792326 0.34127 0.0573392 0.0592895 0.00588113
0 0.29989 0.573696 0.0714183 0.0478737 0.00585845
0 0.536977 0.256528 0.0950879 0.0727742 0.00581123
0 0.675112 0.235564 0.0687599 0.0409885 0.00570449
0 0.572068 0.369364 0.0540734 0.0546709 0.00569485
0 0.701537 0.302108 0.596926 0.269687 0.00568658
0 0.814543 0.0690112 0.370914 0.137421 0.00566051
0 0.849768 0.823809 0.0295784 0.0247992 0.0055566
0 0.293889 0.605145 0.131225 0.112216 0.00551912
0 0.207203 0.341432 0.149318 0.150273 0.00548846
0 0.182165 0.0401108 0.36433 0.0802217 0.0053222
0 0.190418 0.839326 0.0758108 0.0622614 0.00530242
0 0.260012 0.637321 0.207446 0.178983 0.00522722
0 0.0804931 0.460914 0.0684825 0.0390171 0.0051526
0 0.689255 0.0717381 0.608704 0.143476 0.00505629
0 0.365463 0.738476 0.338838 0.394694 0.00502825
0 0.762469 0.413436 0.051827 0.0618549 0.00492814
0 0.601436 0.187133 0.147976 0.0799001 0.00491228
0 0.910607 0.230843 0.019686 0.0142365 0.0048868
0 0.126487 0.0241718 0.252974 0.0483437 0.00485276
0 0.0142646 0.59874 0.0283738 0.0871849 0.00484696
0 0.236928 0.112828 0.473596 0.225656 0.00450684
0 0.912074 0.675904 0.0280741 0.0206025 0.00450645
0 0.850324 0.828385 0.030957 0.0338516 0.0044795
2 0.386076 0.806166 0.192909 0.179917 0.00445159
0 0.327418 0.0584518 0.648135 0.114723 0.0044278
0 0.246413 0.305845 0.187241 0.0830192 0.00440822
1 0.410136 0.840303 0.255526 0.303083 0.00440403
0 0.722461 0.317349 0.198269 0.114129 0.0043435
0 0.481361 0.72889 0.493377 0.401328 0.00418017
0 0.814738 0.22225 0.125468 0.0513608 0.00415522
0 0.00849403 0.806704 0.0169675 0.0506317 0.00414734
2 0.578331 0.813958 0.604829 0.266905 0.00411372
0 0.00865822 0.631565 0.0168325 0.0718196 0.00410119
0 0.804755 0.224656 0.14413 0.11816 0.00408732
0 0.555698 0.185026 0.462983 0.354044 0.00406097
2 0.0995545 0.954451 0.0480221 0.0545597 0.00404067
0 0.0785447 0.758621 0.0626155 0.0714195 0.00391778
0 0.360179 0.69973 0.428564 0.337435 0.00388948
0 0.542092 0.367937 0.802712 0.468917 0.00383577
0 0.247064 0.484629 0.228622 0.44814 0.0038035
0 0.856776 0.830919 0.0438416 0.0400177 0.00376432
0 0.0688672 0.455802 0.0495387 0.0527782 0.00375931
0 0.684409 0.228682 0.416122 0.18322 0.00374885
0 0.671133 0.138228 0.557182 0.271344 0.00372464
0 0.25088 0.300971 0.154626 0.0700215 0.00372352
1 0.354337 0.793574 0.387746 0.21525 0.00371576
0 0.28433 0.256709 0.364901 0.320351 0.00367189
0 0.325572 0.749929 0.0487339 0.0340058 0.00366035
0 0.251843 0.590956 0.214829 0.232303 0.00365776
0 0.491425 0.18621 0.0792975 0.0878494 0.00362726
0 0.262441 0.688436 0.203815 0.303149 0.003605
1 0.180373 0.849927 0.140303 0.0890472 0.00357308
0 0.903404 0.0141554 0.193191 0.0283109 0.00355923
0 0.130333 0.967074 0.260666 0.0647917 0.00354478
0 0.842457 0.961272 0.314765 0.0770641 0.00353863
0 0.270791 0.655999 0.0754301 0.0442744 0.00351879
0 0.154706 0.965376 0.174367 0.0502503 0.00351041
0 0.413506 0.686928 0.56301 0.507173 0.00346753
0 0.769367 0.140368 0.461266 0.280737 0.0034657
0 0.0100372 0.588644 0.0195839 0.113308 0.00342688
0 0.100666 0.943626 0.201333 0.112748 0.00342265
0 0.203173 0.243528 0.288427 0.353501 0.00341675
0 0.878616 0.926697 0.242769 0.146606 0.00339392
0 0.386754 0.106368 0.762132 0.209771 0.00339375
0 0.615339 0.0880814 0.670519 0.176163 0.00339336
0 0.27011 0.593883 0.160508 0.0892853 0.00337859
1 0.355747 0.839323 0.367482 0.29969 0.0033525
0 0.0876694 0.0234635 0.124617 0.046045 0.00334181
1 0.407452 0.878071 0.289037 0.243859 0.00331623
1 0.15657 0.845846 0.171269 0.082481 0.00331147
0 0.371418 0.728221 0.563822 0.3611 0.00330975
0 0.203574 0.155626 0.406437 0.311251 0.00329742
0 0.0984753 0.874239 0.196951 0.222645 0.00328082
0 0.910487 0.890605 0.176784 0.218789 0.00327704
0 0.751954 0.258788 0.496091 0.313995 0.00326293
0 0.0605647 0.67191 0.120079 0.439073 0.00319903
0 0.375531 0.6081 0.476431 0.28876 0.0031965
0 0.202713 0.382887 0.381665 0.287887 0.0031849
0 0.0630337 0.73578 0.126067 0.368565 0.00317609
0 0.771079 0.966265 0.379076 0.0670847 0.00316478
0 0.0646102 0.968811 0.124576 0.05453 0.00316201
0 0.289565 0.729872 0.35682 0.389727 0.0031458
0 0.791661 0.980968 0.269379 0.0372795 0.00314258
0 0.178006 0.830878 0.0416973 0.0542984 0.00313445
0 0.143993 0.174486 0.287712 0.345341 0.003085
0 0.404415 0.394471 0.560583 0.366492 0.00308479
0 0.892265 0.90684 0.215125 0.180455 0.00307209
0 0.446197 0.142106 0.874016 0.279309 0.00306789
0 0.0759762 0.788059 0.151952 0.314276 0.00305891
0 0.323316 0.690679 0.0387353 0.0298668 0.00304615
0 0.183538 0.224702 0.367077 0.397292 0.00302851
0 0.0790286 0.643687 0.156779 0.474061 0.00301028
0 0.480744 0.0870277 0.766267 0.174055 0.00300435
0 0.715219 0.435536 0.509928 0.487336 0.00300072
0 0.716664 0.354193 0.566672 0.331736 0.00298934
0 0.320873 0.691375 0.0541693 0.0250074 0.00297222
2 0.479871 0.76084 0.105549 0.158304 0.00294225
0 0.77199 0.0402174 0.297779 0.0804348 0.00293107
0 0.0700582 0.464764 0.0494028 0.0516501 0.00292348
0 0.102353 0.823631 0.204082 0.301435 0.00291306
0 0.617023 0.199681 0.130759 0.0994526 0.00291017
0 0.159442 0.882714 0.313955 0.212611 0.00290664
0 0.0563177 0.793009 0.112635 0.148764 0.00289658
0 0.930446 0.801325 0.138561 0.39735 0.00289091
0 0.706716 0.964528 0.390469 0.0709442 0.00288523
0 0.179029 0.355889 0.358058 0.456911 0.00286335
0 0.444927 0.258767 0.785267 0.328583 0.00285113
0 0.761633 0.181641 0.476734 0.363282 0.00283353
0 0.345454 0.173997 0.687494 0.34478 0.00278198
0 0.452803 0.565831 0.654995 0.56907 0.00276826
1 0.307205 0.873052 0.483682 0.253896 0.00276634
0 0.93374 0.732307 0.132521 0.434502 0.0027635
0 0.659432 0.0170526 0.288359 0.033633 0.00275548
0 0.641642 0.791417 0.716717 0.356375 0.00274083
0 0.288293 0.761445 0.576585 0.356943 0.00272923
0 0.111227 0.579365 0.222455 0.490682 0.00272116
0 0.706099 0.0195568 0.0461201 0.0377253 0.00271746
0 0.222002 0.502578 0.316412 0.452783 0.00271737
0 0.348745 0.810064 0.548428 0.181182 0.00270384
0 0.100446 0.971802 0.107294 0.0563969 0.00267964
0 0.593054 0.961339 0.515333 0.077321 0.00267199
0 0.208813 0.963062 0.407906 0.0738762 0.00266582
0 0.120744 0.75369 0.133515 0.0638522 0.0026506
0 0.179862 0.4604 0.359724 0.483379 0.00263194
0 0.189465 0.809541 0.372113 0.286216 0.00262858
0 0.291104 0.797626 0.570172 0.237576 0.00260677
0 0.00985102 0.803329 0.0196332 0.0697719 0.00260203
0 0.719014 0.0131424 0.217009 0.0262849 0.00259153
0 0.842734 0.920346 0.308426 0.148328 0.0025905
0 0.146605 0.520278 0.29321 0.508326 0.00257888
0 0.242461 0.852605 0.477971 0.247034 0.00257016
0 0.20594 0.740892 0.406869 0.396331 0.00256587
0 0.564876 0.721119 0.797233 0.445334 0.0025414
0 0.928413 0.627404 0.143173 0.443463 0.0025392
1 0.459385 0.915252 0.382421 0.169496 0.00252337
0 0.225668 0.593019 0.417507 0.378494 0.00251942
0 0.0523771 0.753511 0.104754 0.272671 0.00250991
0 0.76359 0.437482 0.47282 0.518857 0.00249009
0 0.517516 0.951011 0.532798 0.0979777 0.00247491
0 0.667754 0.658678 0.0732917 0.038051 0.00244317
0 0.261659 0.685863 0.503162 0.426625 0.00242935
0 0.843178 0.478166 0.313644 0.573071 0.00242603
0 0.658309 0.666593 0.0533736 0.0366023 0.00242522
0 0.846841 0.242467 0.226628 0.101593 0.00241753
0 0.301915 0.951864 0.502577 0.0962718 0.00241691
1 0.565765 0.810544 0.583535 0.304278 0.00241239
0 0.858559 0.0378966 0.270252 0.0749955 0.00239966
0 0.914158 0.564363 0.171684 0.483771 0.00239369
0 0.72895 0.987293 0.204079 0.0251232 0.00239052
0 0.904989 0.790912 0.187403 0.403508 0.00234361
0 0.581166 0.36237 0.0746093 0.0692426 0.00229735
0 0.231356 0.00997397 0.203351 0.0199479 0.00229063
2 0.358026 0.826783 0.134208 0.153342 0.00217147
0 0.840615 0.719389 0.313416 0.381292 0.00216034
0 0.152534 0.971672 0.212862 0.0540317 0.00215153
0 0.671025 0.915386 0.484015 0.152787 0.00214968
2 0.477611 0.786007 0.111385 0.21605 0.00214218
0 0.659849 0.489686 0.514359 0.526613 0.00213251
0 0.338116 0.847334 0.456761 0.277155 0.00212856
0 0.175896 0.631138 0.022776 0.0173836 0.00212751
0 0.536545 0.983862 0.0373601 0.0298659 0.00212371
0 0.195264 0.355392 0.131467 0.113891 0.00209433
0 0.538266 0.612405 0.81497 0.584764 0.00208818
0 0.511717 0.496968 0.78213 0.581125 0.0020875
0 0.834595 0.98333 0.277814 0.0326477 0.00208534
0 0.0906091 0.753289 0.069958 0.0565748 0.00207769
0 0.572641 0.180699 0.245888 0.167551 0.00207251
2 0.421502 0.764299 0.222912 0.16152 0.00207035
0 0.748496 0.981397 0.231242 0.0363835 0.00205562
0 0.833658 0.660462 0.323237 0.348867 0.00204929
0 0.569366 0.878349 0.615979 0.222428 0.00203982
0 0.111701 0.0157874 0.223401 0.0315748 0.00203955
1 0.403892 0.81827 0.226376 0.15616 0.00202831
0 0.862069 0.894185 0.268568 0.197584 0.00201977
0 0.796544 0.767197 0.406912 0.399198 0.00201963
1 0.862856 0.0272221 0.274288 0.0544441 0.00201377
0 0.619572 0.840505 0.684798 0.293388 0.0020116
0 0.842502 0.789832 0.313713 0.416116 0.00199415
0 0.984444 0.670234 0.0305142 0.0611886 0.00198385
0 0.294482 0.672738 0.115436 0.0575304 0.00197619
0 0.224726 0.878448 0.0379187 0.04179 0.00196187
0 0.680619 0.370428 0.28873 0.244112 0.00195668
0 0.27079 0.664674 0.0713653 0.0465829 0.00195238
0 0.758263 0.710805 0.46679 0.37488 0.0019373
0 0.764237 0.511369 0.471526 0.490272 0.00192357
0 0.0646111 0.90963 0.129222 0.180739 0.00191541
0 0.125473 0.0591824 0.250945 0.118365 0.00190834
0 0.733055 0.370484 0.18019 0.150427 0.0018986
0 0.757652 0.646887 0.460997 0.344469 0.00189687
0 0.683349 0.653378 0.569873 0.430616 0.0018909
0 0.813236 0.607232 0.370437 0.370717 0.00188628
0 0.644038 0.558747 0.572684 0.514431 0.0018855
2 0.0702246 0.952865 0.109122 0.0588119 0.00186915
0 0.808716 0.821341 0.382567 0.340148 0.00185223
0 0.81215 0.883828 0.34712 0.202521 0.00184479
0 0.749797 0.598857 0.500406 0.38901 0.00183567
0 0.0182819 0.552131 0.0365639 0.195439 0.00183457
0 0.861995 0.832275 0.0577613 0.0443468 0.00182195
0 0.0509325 0.450466 0.0884431 0.0625082 0.00181285
0 0.122132 0.030152 0.244263 0.060304 0.00178033
