2 0.461537 0.47273 0.276606 0.228405 0.892422
2 0.462335 0.523113 0.271689 0.327704 0.812921
0 0.0636962 0.583073 0.127392 0.121911 0.390808
2 0.0638219 0.581996 0.127644 0.122433 0.351799
2 0.0631167 0.594584 0.126233 0.0864696 0.106762
0 0.0651109 0.58389 0.130222 0.325251 0.0714428
2 0.4347 0.595409 0.194049 0.178309 0.0673356
0 0.0652404 0.547048 0.129341 0.19295 0.058458
2 0.466579 0.584017 0.269543 0.205284 0.035995
0 0.0087699 0.777918 0.0175398 0.0340027 0.0313859
0 0.0614316 0.593725 0.122611 0.0881986 0.0293348
0 0.00863882 0.771251 0.0172776 0.0478193 0.0287976
0 0.02185 0.574428 0.0434483 0.102309 0.0240377
0 0.0661479 0.640606 0.131151 0.268279 0.0236656
0 0.0215661 0.560225 0.0416344 0.0715067 0.0210823
2 0.0292998 0.574951 0.0585585 0.112207 0.0166461
0 0.0640394 0.680174 0.12756 0.493004 0.0153789
0 0.062042 0.527647 0.124084 0.269906 0.0152262
2 0.0489703 0.588726 0.0976413 0.104126 0.0129245
2 0.0380026 0.579641 0.0760051 0.129761 0.0125044
1 0.640005 0.664355 0.71999 0.671291 0.0116246
1 0.500327 0.605387 0.34707 0.500699 0.0112674
0 0.00966996 0.762519 0.0191171 0.0735602 0.0110878
1 0.431267 0.646434 0.346181 0.589336 0.0107802
0 0.0666896 0.565445 0.132842 0.541342 0.00889383
0 0.974293 0.819771 0.0511014 0.205363 0.00888908
0 0.986226 0.815691 0.0267515 0.0966097 0.00866693
0 0.0131358 0.778253 0.0262716 0.0721075 0.00709599
0 0.984519 0.809564 0.0305573 0.127521 0.00693791
0 0.2292 0.57393 0.02606 0.0174047 0.00685447
0 0.986678 0.829409 0.0259227 0.0669019 0.00646256
1 0.480629 0.671878 0.353036 0.650605 0.00615196
0 0.545249 0.612005 0.0260568 0.0206279 0.00594493
0 0.0784463 0.725019 0.156487 0.549962 0.0054489
0 0.460674 0.526022 0.269695 0.321976 0.00529135
0 0.110491 0.521741 0.220982 0.512187 0.00529111
0 0.0153901 0.74566 0.0304757 0.109592 0.00508934
0 0.981284 0.831988 0.037395 0.212465 0.00503609
0 0.429394 0.658396 0.0417211 0.0443447 0.00498003
2 0.64038 0.555648 0.71924 0.44067 0.00490994
2 0.0225446 0.592308 0.0450892 0.0820685 0.00482452
1 0.430641 0.596376 0.180156 0.172654 0.00479723
1 0.593626 0.594813 0.812747 0.766667 0.00472054
0 0.0110067 0.739247 0.0215205 0.135151 0.0046943
0 0.0325413 0.574245 0.0650825 0.100886 0.00447806
1 0.384392 0.633993 0.760589 0.564243 0.00445373
0 0.973186 0.834273 0.0525179 0.331453 0.00441518
0 0.0558702 0.607423 0.11133 0.0781859 0.00440497
0 0.490485 0.613225 0.0517241 0.0372758 0.00438488
0 0.455123 0.59364 0.241948 0.176663 0.00437116
0 0.311355 0.656768 0.62271 0.605773 0.00408222
0 0.0251682 0.503201 0.0501702 0.319682 0.00384656
0 0.401742 0.53573 0.5532 0.359648 0.00376443
0 0.013788 0.813043 0.027576 0.128087 0.00370439
0 0.0475318 0.5949 0.0948646 0.0767935 0.00363674
0 0.453586 0.20957 0.167624 0.108439 0.00354512
0 0.163139 0.715992 0.326279 0.568015 0.00353297
0 0.12407 0.758811 0.247459 0.482379 0.00352766
1 0.401977 0.664787 0.509916 0.664973 0.00351483
0 0.986262 0.842056 0.0268039 0.146073 0.00345905
0 0.432222 0.635079 0.173809 0.09461 0.00337504
2 0.404616 0.600658 0.128798 0.110222 0.00325033
0 0.966714 0.794874 0.0654891 0.309534 0.00317579
2 0.427063 0.438674 0.193866 0.160439 0.00316266
1 0.423116 0.956636 0.706953 0.0867279 0.00309156
0 0.0932702 0.501788 0.18654 0.660014 0.00305722
0 0.0176251 0.698106 0.0352501 0.245213 0.00299916
1 0.440815 0.62223 0.147813 0.122254 0.00299473
0 0.611673 0.444164 0.776655 0.743193 0.00294382
0 0.910244 0.137782 0.177191 0.27327 0.0029153
0 0.870175 0.105704 0.25965 0.211407 0.00290124
2 0.0703607 0.60777 0.116447 0.0751489 0.00288861
2 0.368116 0.491742 0.509556 0.337364 0.00281564
0 0.0144417 0.101585 0.0288833 0.0723021 0.00281139
0 0.633597 0.424677 0.732806 0.597934 0.00280054
0 0.462924 0.0710241 0.616908 0.141464 0.00279918
1 0.49864 0.0789094 0.731871 0.156641 0.00278321
0 0.259316 0.951671 0.508761 0.0961326 0.00273725
0 0.0228143 0.683796 0.0456286 0.430883 0.00270842
0 0.372764 0.0594034 0.586627 0.118212 0.00270737
2 0.0190598 0.608442 0.0381196 0.0459904 0.00269889
0 0.307655 0.558855 0.615311 0.5739 0.00269702
0 0.106083 0.114019 0.212167 0.228038 0.0026869
0 0.740107 0.911249 0.519785 0.177501 0.00265843
0 0.00947556 0.801468 0.01843 0.0953867 0.0026515
0 0.453468 0.408242 0.293321 0.455715 0.00265036
0 0.782333 0.0998421 0.435236 0.199684 0.00264204
0 0.595091 0.367715 0.558478 0.489616 0.00263411
0 0.57834 0.108971 0.683093 0.21586 0.00260343
1 0.580815 0.131068 0.756177 0.260616 0.0025396
0 0.962865 0.79077 0.0737574 0.230588 0.0025365
0 0.126227 0.833849 0.252114 0.330418 0.00252421
0 0.91259 0.214942 0.173762 0.416234 0.00252172
1 0.590276 0.957269 0.755621 0.0854616 0.00251742
1 0.63088 0.405999 0.73824 0.758526 0.00251136
1 0.135486 0.907843 0.270973 0.184314 0.00250935
2 0.380727 0.611611 0.0737868 0.083457 0.00250054
0 0.204623 0.478353 0.409247 0.648374 0.00248877
0 0.0302506 0.684731 0.0605013 0.517523 0.00247951
0 0.867507 0.14658 0.264987 0.291798 0.00246354
0 0.270953 0.0552258 0.49319 0.108367 0.00245147
0 0.355038 0.545937 0.710075 0.427633 0.00244946
0 0.249312 0.0761204 0.494688 0.151025 0.00241786
0 0.162736 0.0922495 0.320684 0.184499 0.00241602
0 0.563378 0.192057 0.826832 0.383245 0.0024131
0 0.795912 0.880965 0.405562 0.238069 0.0023931
0 0.258795 0.751325 0.51759 0.497349 0.00234966
1 0.430051 0.658358 0.0425745 0.0454152 0.00234581
1 0.477786 0.612229 0.170195 0.0412931 0.00234275
2 0.3772 0.593237 0.061282 0.151817 0.00233659
0 0.869285 0.8516 0.259018 0.296799 0.00232815
0 0.11321 0.194762 0.226229 0.368438 0.00232653
0 0.50526 0.212419 0.274052 0.122488 0.00231572
2 0.516012 0.687932 0.967976 0.624135 0.002297
0 0.909008 0.819322 0.180104 0.361356 0.00229068
0 0.213278 0.929034 0.426556 0.141811 0.00229062
1 0.516083 0.680871 0.928837 0.638258 0.00228656
0 0.647306 0.0899154 0.635523 0.178306 0.00223402
0 0.24324 0.12829 0.481129 0.256114 0.00222932
0 0.902779 0.275137 0.193661 0.538631 0.00222493
0 0.40307 0.0888282 0.740827 0.169645 0.00222173
0 0.71696 0.944182 0.56415 0.111637 0.00221357
0 0.125005 0.454138 0.25001 0.75322 0.00217903
0 0.368706 0.134569 0.731885 0.260355 0.00217362
0 0.56812 0.962117 0.526973 0.0755386 0.00216029
0 0.884127 0.71651 0.231746 0.512736 0.00214516
0 0.19469 0.828411 0.389381 0.343179 0.00213293
0 0.746039 0.151157 0.505283 0.3002 0.00211937
0 0.342351 0.473666 0.684702 0.448387 0.00211855
2 0.379128 0.45272 0.0995142 0.142359 0.00211766
2 0.501102 0.471029 0.194828 0.233503 0.00211172
0 0.12412 0.288635 0.24824 0.543808 0.00210924
0 0.408859 0.219825 0.0691603 0.0655522 0.00210758
0 0.212006 0.177 0.420276 0.3413 0.00209459
0 0.0249169 0.497654 0.0498339 0.483199 0.00209205
0 0.878572 0.220775 0.242473 0.429941 0.00208228
0 0.247957 0.898648 0.495915 0.201192 0.00207367
2 0.372914 0.620592 0.0539614 0.0636036 0.00206439
2 0.883753 0.891486 0.232494 0.217028 0.00205903
0 0.0199068 0.826595 0.0398136 0.346809 0.00205333
0 0.612229 0.325414 0.775543 0.650828 0.00204958
0 0.43423 0.220006 0.7814 0.40409 0.00204611
1 0.066758 0.62959 0.133516 0.30137 0.00204226
0 0.17556 0.872158 0.350729 0.252698 0.00203882
0 0.433361 0.173504 0.674398 0.336173 0.00203297
0 0.260515 0.859924 0.52103 0.280152 0.00202335
0 0.969679 0.806769 0.0579742 0.124514 0.00201958
0 0.333799 0.961061 0.526178 0.0774311 0.00201506
0 0.329439 0.183149 0.64322 0.356679 0.00201337
0 0.359635 0.719312 0.71927 0.561375 0.00200599
0 0.85578 0.63153 0.28844 0.585755 0.00200395
0 0.849311 0.335737 0.301379 0.662169 0.00199985
2 0.428267 0.624998 0.0852992 0.114865 0.00199702
0 0.299219 0.456713 0.598439 0.609732 0.00199054
0 0.89593 0.235288 0.156217 0.104516 0.00198532
0 0.779373 0.366763 0.441255 0.726963 0.00194656
0 0.777475 0.525738 0.445051 0.709693 0.00193654
0 0.721492 0.230674 0.55584 0.453775 0.00193366
0 0.027904 0.814645 0.0558081 0.37071 0.00193359
0 0.305977 0.921897 0.546428 0.155972 0.00193243
2 0.421172 0.609406 0.174186 0.128865 0.00192574
0 0.0673692 0.483137 0.134738 0.309011 0.00192254
0 0.661649 0.95473 0.671339 0.0905391 0.0019213
0 0.015536 0.766884 0.031072 0.117809 0.0019208
0 0.967509 0.823956 0.0637088 0.352088 0.0019016
0 0.358979 0.389185 0.59478 0.408887 0.00190105
0 0.985829 0.782011 0.0276443 0.0998449 0.0018843
0 0.521657 0.612347 0.0766312 0.0397692 0.00187786
0 0.0237166 0.165921 0.0474331 0.331841 0.00187296
0 0.45961 0.297387 0.778111 0.58214 0.00186746
0 0.0205607 0.554049 0.0403272 0.153732 0.0018602
2 0.507043 0.778385 0.961733 0.44323 0.00185347
0 0.17693 0.263573 0.35386 0.507564 0.00185113
0 0.611981 0.6021 0.776039 0.795799 0.00182378
0 0.95961 0.839863 0.0805666 0.320275 0.00181884
0 0.263848 0.269301 0.527695 0.474521 0.00180202
0 0.270872 0.353652 0.541743 0.561225 0.00179957
0 0.363395 0.258751 0.650107 0.434533 0.00179491
2 0.514122 0.964487 0.540006 0.0705292 0.00179349
0 0.433971 0.919418 0.797359 0.160643 0.0017859
2 0.456702 0.431879 0.260346 0.149297 0.00176886
1 0.385434 0.75151 0.722023 0.49698 0.00176686
0 0.627648 0.711723 0.744705 0.569625 0.00176409
0 0.908104 0.222107 0.18285 0.129585 0.00175327
2 0.402891 0.556946 0.121162 0.0949433 0.00174914
0 0.0138147 0.108115 0.0276294 0.109535 0.00172883
0 0.845625 0.803361 0.307699 0.393279 0.00172244
0 0.329305 0.878432 0.63817 0.242757 0.00169819
2 0.444731 0.580343 0.156262 0.106203 0.00169489
0 0.906124 0.196953 0.187752 0.194917 0.00168657
0 0.802762 0.731082 0.392677 0.497213 0.00168372
2 0.952296 0.868432 0.0938685 0.263135 0.00167852
0 0.410916 0.322197 0.522657 0.494131 0.00167211
0 0.428857 0.963371 0.576535 0.0728598 0.001668
0 0.662172 0.963287 0.503947 0.0728336 0.00165339
1 0.574244 0.867803 0.836537 0.264395 0.00165086
1 0.461229 0.517194 0.271155 0.327539 0.00164648
1 0.564703 0.910038 0.824663 0.179282 0.00164549
0 0.0148386 0.0869725 0.0294862 0.143749 0.00163366
0 0.700849 0.391652 0.598303 0.775001 0.00163226
0 0.889301 0.910233 0.221209 0.179533 0.00162687
0 0.491177 0.599024 0.0685639 0.0670813 0.00162485
0 0.714941 0.970652 0.401109 0.057923 0.0016175
0 0.508912 0.37121 0.498802 0.516796 0.00161344
0 0.0235621 0.111583 0.046847 0.223167 0.00161302
0 0.76181 0.646843 0.475938 0.606377 0.0015854
2 0.445763 0.612888 0.146557 0.0876049 0.00157733
0 0.987595 0.761691 0.0242038 0.0671279 0.00156976
2 0.295751 0.958942 0.490455 0.0814677 0.00155927
2 0.879403 0.922664 0.24002 0.153643 0.00155887
0 0.504145 0.881905 0.941129 0.236191 0.0015518
0 0.613382 0.789372 0.768545 0.421257 0.00155046
0 0.728376 0.754782 0.539895 0.484675 0.00152925
0 0.462607 0.42691 0.277543 0.137055 0.00151243
2 0.616922 0.8148 0.760715 0.369278 0.00148809
0 0.0123498 0.735081 0.0245208 0.243764 0.00148717
2 0.430469 0.658458 0.0436098 0.0450171 0.00148298
0 0.861202 0.954854 0.277596 0.0899818 0.00147694
2 0.932827 0.888986 0.133711 0.222028 0.00147477
0 0.648936 0.897921 0.698274 0.202691 0.00146757
0 0.0423725 0.60585 0.084745 0.0723949 0.00146548
0 0.0351217 0.0756586 0.0694835 0.151317 0.00145645
0 0.959848 0.746104 0.0795426 0.272073 0.00145128
0 0.0776623 0.813173 0.155325 0.248 0.00144912
0 0.0545951 0.773745 0.109082 0.149544 0.00144507
0 0.700664 0.814108 0.595815 0.371783 0.00144413
0 0.031738 0.850275 0.063476 0.299451 0.00143237
2 0.39784 0.628236 0.109003 0.0760736 0.0014284
2 0.394961 0.437435 0.125046 0.1526 0.00141875
0 0.936589 0.847039 0.126821 0.305922 0.00141826
2 0.370203 0.459537 0.0782884 0.100077 0.00139906
0 0.110362 0.949563 0.220724 0.100874 0.0013957
2 0.0192714 0.583871 0.0384463 0.111177 0.00138942
1 0.454463 0.584973 0.273064 0.200259 0.00137565
2 0.408614 0.421536 0.160729 0.112691 0.0013727
2 0.397065 0.624646 0.118176 0.11775 0.00133536
0 0.308469 0.933538 0.319681 0.129012 0.00131744
0 0.0369224 0.587242 0.0735469 0.0973205 0.00131409
0 0.0998426 0.0737846 0.199685 0.147569 0.00131333
0 0.752543 0.0134502 0.273169 0.0269005 0.00130534
2 0.856789 0.229359 0.0775912 0.0801521 0.00130263
0 0.183511 0.952293 0.367022 0.095014 0.00129946
2 0.322886 0.0714428 0.443352 0.142886 0.00129388
2 0.034928 0.873889 0.0698561 0.252222 0.00129282
0 0.494382 0.4169 0.209704 0.113204 0.00127761
0 0.0170464 0.0528309 0.0334474 0.105662 0.00126888
0 0.405778 0.216056 0.0610049 0.0515832 0.00126712
0 0.735319 0.988729 0.207459 0.0223198 0.0012655
0 0.770244 0.963052 0.459513 0.0734723 0.00126155
0 0.97504 0.784366 0.0496848 0.203901 0.00126039
0 0.490533 0.178788 0.282299 0.20477 0.00125742
2 0.398033 0.961787 0.536912 0.0759575 0.0012527
0 0.0869196 0.915971 0.173839 0.166986 0.00124906
0 0.885994 0.0725576 0.226132 0.144169 0.00124644
2 0.324708 0.0628993 0.596284 0.124192 0.00124273
2 0.892591 0.125677 0.21473 0.251355 0.00124043
2 0.133577 0.951878 0.267154 0.0954452 0.00123985
0 0.055004 0.735667 0.109562 0.257105 0.00123495
1 0.459554 0.609342 0.226501 0.150103 0.00122581
0 0.0253657 0.229434 0.0507314 0.458868 0.0012189
0 0.0743126 0.886008 0.148625 0.227984 0.00119625
2 0.450054 0.631324 0.14034 0.0991823 0.00119525
0 0.209393 0.0317817 0.406108 0.0623381 0.00119217
2 0.612891 0.957748 0.562243 0.084261 0.00118626
1 0.457464 0.624167 0.217406 0.0950204 0.00118184
0 0.0245292 0.393276 0.0490583 0.518883 0.00117265
2 0.940508 0.176866 0.117976 0.353732 0.00117204
0 0.0720664 0.846637 0.144133 0.306725 0.00116714
0 0.343253 0.921867 0.212111 0.143077 0.00116155
0 0.97426 0.862558 0.0512434 0.246339 0.0011599
0 0.0434408 0.973684 0.0868816 0.0526316 0.00115596
2 0.94199 0.918394 0.116019 0.163212 0.00114994
2 0.0857248 0.601609 0.0802559 0.0725701 0.00114809
2 0.887263 0.0818501 0.225473 0.1637 0.00114721
2 0.298317 0.0412962 0.475967 0.0820296 0.00114503
0 0.0250294 0.294778 0.0500587 0.53259 0.00114462
0 0.0615774 0.49499 0.123155 0.43733 0.00114013
0 0.448428 0.193653 0.259528 0.168491 0.00113836
0 0.824798 0.916723 0.350405 0.166159 0.00113609
0 0.639393 0.988108 0.239278 0.0235477 0.00112988
0 0.08363 0.611755 0.0943339 0.0687897 0.0011281
2 0.488441 0.61181 0.0585108 0.0384092 0.00112508
2 0.411271 0.0711221 0.466289 0.142244 0.00112461
2 0.421404 0.561691 0.10159 0.09414 0.00111357
0 0.268271 0.028193 0.536542 0.0555991 0.00110349
0 0.220744 0.58038 0.0459658 0.032905 0.00110294
0 0.288406 0.91527 0.349694 0.165242 0.00110287
0 0.0813876 0.158585 0.162775 0.317169 0.00110259
0 0.708948 0.986775 0.242712 0.0263504 0.00109021
0 0.51967 0.941402 0.372123 0.115794 0.00108372
2 0.688772 0.030504 0.463205 0.0604742 0.00107011
0 0.817993 0.947988 0.364013 0.102937 0.00106822
0 0.645708 0.0315296 0.475566 0.0624819 0.00106479
2 0.800337 0.0422523 0.399326 0.0839 0.00105993
2 0.225913 0.955297 0.451826 0.0880823 0.00105828
0 0.0767751 0.502919 0.15355 0.166789 0.00105259
0 0.856093 0.0561502 0.286849 0.111165 0.00105103
2 0.389832 0.0411654 0.46175 0.0816817 0.00105042
0 0.430773 0.222641 0.115901 0.0756407 0.0010487
0 0.138617 0.932148 0.277092 0.133473 0.00104751
