0 0.483013 0.431735 0.740064 0.537203 0.861134
0 0.511022 0.74784 0.590185 0.291861 0.667052
0 0.267691 0.371791 0.312403 0.163433 0.642067
0 0.708105 0.269854 0.330526 0.203788 0.634987
0 0.51498 0.67168 0.594635 0.454944 0.619542
0 0.588139 0.511643 0.492329 0.366194 0.465909
0 0.532966 0.597844 0.392342 0.193558 0.458528
0 0.608364 0.788665 0.398275 0.207839 0.44361
0 0.503124 0.496921 0.671362 0.397409 0.404379
0 0.592385 0.434236 0.514079 0.528144 0.281088
0 0.820859 0.547013 0.0333011 0.0194422 0.274263
0 0.430308 0.789204 0.424946 0.175821 0.271791
0 0.964572 0.879595 0.0690911 0.136306 0.270764
0 0.501105 0.789268 0.603839 0.206859 0.25156
2 0.96428 0.879972 0.0694064 0.135091 0.238886
0 0.598665 0.444366 0.483643 0.200253 0.207154
0 0.332036 0.789092 0.222632 0.142113 0.200207
0 0.706508 0.351113 0.334131 0.370707 0.182427
0 0.690013 0.292286 0.297218 0.142094 0.176582
0 0.0306956 0.784427 0.0553954 0.031457 0.168791
0 0.555841 0.368699 0.631062 0.410848 0.157694
0 0.794523 0.224618 0.152855 0.109658 0.111481
0 0.459229 0.396565 0.688164 0.269585 0.0885095
0 0.366791 0.371767 0.508782 0.163224 0.0704333
0 0.704136 0.238146 0.342222 0.139531 0.0661206
0 0.500005 0.635768 0.66343 0.585628 0.0574104
0 0.383348 0.791668 0.329108 0.151691 0.0307016
0 0.617252 0.757427 0.374649 0.147702 0.0287938
0 0.575722 0.168505 0.0545645 0.0621216 0.027756
0 0.32872 0.42571 0.435511 0.272363 0.0259093
0 0.467901 0.549291 0.714941 0.546257 0.0257981
0 0.593377 0.167785 0.0948746 0.0658872 0.0247395
0 0.494717 0.336783 0.782915 0.410276 0.0242913
0 0.420216 0.598043 0.149894 0.119618 0.0199734
0 0.538859 0.54564 0.411423 0.287567 0.0195964
0 0.178533 0.36378 0.122757 0.0904206 0.0194822
0 0.978159 0.841425 0.0397416 0.0497887 0.0172675
0 0.571607 0.178209 0.0440869 0.0405716 0.016726
0 0.825874 0.546946 0.0434835 0.0217382 0.0157176
0 0.499019 0.790503 0.351525 0.185583 0.0145327
0 0.643697 0.839581 0.185083 0.101031 0.0131426
0 0.69145 0.319579 0.306161 0.258874 0.0128887
0 0.964242 0.886063 0.0702248 0.0844507 0.0126228
0 0.374225 0.497745 0.529217 0.455774 0.0124348
0 0.565654 0.585775 0.535481 0.484719 0.0118199
0 0.960944 0.886308 0.0781121 0.183358 0.0115072
0 0.822561 0.543827 0.0379915 0.0278144 0.0104876
0 0.269749 0.810734 0.0937499 0.0914882 0.0101308
0 0.964712 0.881631 0.0705764 0.139769 0.0101287
0 0.663008 0.789076 0.276869 0.210331 0.00966833
0 0.0304399 0.792878 0.0601592 0.053458 0.0093806
1 0.957191 0.898585 0.085618 0.168539 0.0090148
0 0.970071 0.860113 0.0575607 0.0914465 0.00897125
0 0.460046 0.605443 0.226074 0.175349 0.00841346
0 0.361359 0.787004 0.17456 0.132819 0.00838993
0 0.510524 0.844266 0.599242 0.306714 0.00834908
0 0.446693 0.487462 0.150386 0.0987697 0.00822905
0 0.0276052 0.786527 0.0552104 0.0449028 0.00733702
0 0.692967 0.376883 0.540678 0.429486 0.00707327
0 0.759422 0.445222 0.122813 0.092965 0.00706529
0 0.267052 0.321524 0.311402 0.264482 0.00690602
0 0.680333 0.744449 0.243214 0.120842 0.00675788
0 0.764387 0.282285 0.471226 0.245178 0.00672407
0 0.676143 0.360167 0.313834 0.293246 0.0066228
0 0.700623 0.201378 0.343364 0.309881 0.00613136
0 0.399332 0.412628 0.493143 0.25959 0.00584161
0 0.488098 0.580689 0.286539 0.232241 0.00572661
0 0.825909 0.729733 0.0283819 0.0258566 0.00565405
0 0.822593 0.557882 0.0387966 0.0393901 0.00507485
0 0.197815 0.382721 0.154588 0.123058 0.00494959
0 0.286858 0.355067 0.266836 0.129033 0.00492462
0 0.293925 0.808258 0.145707 0.100076 0.00481025
0 0.71058 0.209509 0.350401 0.126918 0.00476928
0 0.661916 0.796798 0.676168 0.270274 0.00462381
0 0.964096 0.902624 0.0713431 0.0773924 0.00447397
0 0.979431 0.84688 0.0411386 0.0747983 0.00433965
0 0.22292 0.376458 0.204912 0.120887 0.00428271
0 0.516093 0.442908 0.319153 0.201386 0.00424684
0 0.430655 0.487788 0.10633 0.0929753 0.00415311
0 0.665346 0.184688 0.252217 0.110048 0.00398663
0 0.658294 0.421284 0.683411 0.511862 0.00395826
0 0.592364 0.156899 0.104074 0.0847621 0.00389305
0 0.0306727 0.833679 0.0613454 0.130755 0.00388786
0 0.498559 0.248682 0.782543 0.293205 0.00371224
0 0.792371 0.250396 0.156802 0.165812 0.00364674
0 0.766171 0.991346 0.0740211 0.0172135 0.00363984
0 0.506509 0.908237 0.595784 0.183526 0.00362384
0 0.650046 0.301409 0.428681 0.164852 0.00360544
0 0.125141 0.818812 0.026012 0.0283035 0.00358743
0 0.755762 0.232397 0.488476 0.289435 0.00357874
0 0.973466 0.844619 0.0481722 0.0650608 0.003545
0 0.430117 0.766573 0.606139 0.262633 0.0035361
0 0.95661 0.864203 0.08678 0.246408 0.00348745
0 0.647444 0.282651 0.205461 0.131549 0.0034498
0 0.200735 0.366143 0.170809 0.0945011 0.00338147
0 0.510882 0.962275 0.605564 0.0754495 0.00337604
0 0.73476 0.427945 0.175614 0.124828 0.0033367
0 0.788555 0.883029 0.422889 0.161853 0.00331705
0 0.59366 0.970148 0.0403971 0.0265329 0.00329012
0 0.29924 0.447068 0.379483 0.354925 0.00321986
0 0.945697 0.901471 0.108606 0.197057 0.00320336
0 0.53595 0.775799 0.520131 0.155735 0.00318171
0 0.619401 0.384534 0.427227 0.282936 0.00314563
0 0.608386 0.976418 0.0784255 0.0457924 0.00310362
0 0.357917 0.372319 0.326778 0.166228 0.0030765
0 0.448218 0.263939 0.700889 0.39744 0.00304393
0 0.59993 0.976564 0.0546408 0.0398006 0.00303543
0 0.669674 0.834194 0.635725 0.277801 0.0029941
0 0.472846 0.938074 0.604991 0.123853 0.00295336
1 0.931425 0.901928 0.135055 0.17572 0.00292582
0 0.784278 0.212811 0.431445 0.25626 0.00285995
0 0.814846 0.943075 0.370308 0.113851 0.00284881
0 0.599947 0.877786 0.615721 0.233635 0.00284867
0 0.625771 0.495443 0.748457 0.487068 0.00283007
0 0.593846 0.843077 0.304037 0.0977995 0.00279033
0 0.758907 0.851211 0.482186 0.183427 0.00276612
0 0.770472 0.249419 0.459055 0.260595 0.00271814
0 0.0272794 0.796093 0.0545589 0.0718032 0.00270159
0 0.404356 0.957093 0.602035 0.0858143 0.00269929
0 0.903771 0.0940386 0.192459 0.188077 0.00269836
0 0.946133 0.780025 0.107734 0.328758 0.00269266
0 0.639299 0.964035 0.590615 0.0719304 0.0026906
0 0.931953 0.883958 0.133 0.147554 0.00264472
0 0.827482 0.177706 0.345035 0.283998 0.00262809
0 0.619175 0.98426 0.132066 0.0311914 0.00262277
0 0.616868 0.693788 0.766263 0.407004 0.00260978
2 0.930649 0.879667 0.133568 0.149082 0.00259993
0 0.960928 0.864111 0.0770616 0.102285 0.00259813
0 0.671195 0.164269 0.266147 0.0822277 0.00258943
0 0.361333 0.754384 0.126683 0.0690672 0.00253854
0 0.490985 0.100326 0.535125 0.199478 0.00251779
0 0.923656 0.0979212 0.152687 0.195842 0.00251435
0 0.74919 0.79148 0.50162 0.238093 0.00250934
0 0.659311 0.834089 0.263355 0.112705 0.00250264
0 0.571901 0.104881 0.477529 0.209559 0.00250242
0 0.598268 0.676853 0.421101 0.254585 0.00250222
0 0.666741 0.136574 0.319859 0.261712 0.00249626
0 0.749999 0.348161 0.500002 0.388396 0.00245471
0 0.419352 0.075953 0.585249 0.15107 0.00245106
0 0.768351 0.196681 0.215702 0.150236 0.0024485
0 0.900784 0.127563 0.198433 0.255127 0.00244824
0 0.541027 0.207475 0.684411 0.349645 0.00243455
0 0.850158 0.0869639 0.274971 0.173928 0.00243443
0 0.651729 0.0890994 0.426909 0.178199 0.00243173
0 0.38596 0.0536721 0.531509 0.107068 0.0024191
0 0.616647 0.573479 0.766706 0.423939 0.00240237
0 0.94082 0.722837 0.11836 0.312502 0.00238928
0 0.666179 0.896375 0.639277 0.187428 0.00238727
0 0.325741 0.0450083 0.430851 0.0898321 0.00238033
0 0.597053 0.142827 0.421803 0.276282 0.00237742
0 0.814333 0.549942 0.0572482 0.0277725 0.0023597
0 0.0948912 0.949906 0.189782 0.100189 0.00234168
0 0.263838 0.958643 0.459264 0.0827141 0.00233875
0 0.248306 0.0495491 0.401176 0.0988232 0.00232739
0 0.716263 0.078935 0.441177 0.15787 0.00232116
0 0.783836 0.443859 0.432328 0.525542 0.00231904
0 0.107395 0.0780625 0.21479 0.156125 0.00230691
0 0.805369 0.204167 0.126093 0.0658103 0.00230056
0 0.0469606 0.787179 0.0939212 0.185535 0.00228965
0 0.924833 0.635094 0.150334 0.349321 0.0022701
0 0.850429 0.518548 0.299141 0.460538 0.002269
0 0.789093 0.0820293 0.360029 0.164059 0.00226818
0 0.0521731 0.724048 0.104346 0.208524 0.00226667
0 0.895714 0.587702 0.208572 0.387268 0.00225727
0 0.0523639 0.82617 0.104728 0.166301 0.00224853
0 0.754692 0.176594 0.438301 0.292883 0.00224271
0 0.185643 0.0625187 0.318542 0.123799 0.00223403
0 0.651933 0.975628 0.249068 0.0470425 0.00223084
0 0.0728822 0.676553 0.145764 0.220506 0.00222699
0 0.433511 0.694817 0.643193 0.36094 0.00222616
0 0.0497667 0.462071 0.0995334 0.20866 0.00221243
0 0.0438496 0.417748 0.0876993 0.210286 0.00221084
0 0.250715 0.267366 0.296112 0.272312 0.00220535
0 0.141472 0.074807 0.268731 0.149614 0.00220463
0 0.0836502 0.913646 0.1673 0.148958 0.0022011
0 0.763732 0.74673 0.47128 0.199662 0.00220097
0 0.0486233 0.36969 0.0972467 0.214766 0.00219601
0 0.0806039 0.175526 0.161208 0.196268 0.00219355
0 0.064234 0.32322 0.128468 0.211307 0.00219305
0 0.481789 0.127283 0.658719 0.245369 0.00219195
0 0.0876766 0.629523 0.175353 0.226628 0.00218535
0 0.0649358 0.517999 0.129872 0.219193 0.00218485
0 0.0792185 0.219078 0.158437 0.203947 0.00217148
0 0.0775743 0.273834 0.155149 0.210911 0.00216918
0 0.0823415 0.575616 0.164683 0.222194 0.00216692
0 0.68211 0.401619 0.291953 0.208711 0.0021591
0 0.0612466 0.871799 0.122493 0.182761 0.00215646
0 0.165642 0.955652 0.331284 0.0886967 0.00215474
0 0.263619 0.822291 0.0792486 0.0668732 0.00214398
0 0.0823198 0.144113 0.16464 0.216521 0.00213937
0 0.094247 0.102351 0.188494 0.196934 0.00213632
0 0.260367 0.832438 0.0725344 0.0430082 0.00213632
0 0.670779 0.81407 0.266722 0.15233 0.00212325
0 0.583152 0.599263 0.285203 0.1724 0.00212051
0 0.238826 0.496073 0.441278 0.291757 0.0020847
0 0.651046 0.85395 0.172193 0.0717542 0.00207552
0 0.731345 0.521609 0.53731 0.359677 0.00207282
0 0.238414 0.333908 0.437117 0.190664 0.00206019
0 0.769892 0.115627 0.305096 0.223582 0.002051
0 0.26984 0.373487 0.504732 0.232418 0.00204674
0 0.34005 0.771796 0.202845 0.10527 0.00204262
0 0.027687 0.757986 0.0553741 0.129595 0.00203708
0 0.782315 0.694744 0.430306 0.246407 0.00203143
0 0.261031 0.455353 0.48657 0.300956 0.00202497
0 0.391536 0.0956884 0.473668 0.17813 0.00202475
0 0.296684 0.0967468 0.361858 0.178666 0.00202351
0 0.790183 0.213942 0.131611 0.0864916 0.00201187
0 0.527927 0.497158 0.33958 0.113292 0.00200448
0 0.797431 0.640709 0.402495 0.255925 0.00199656
0 0.821113 0.550507 0.0366191 0.0288643 0.00197601
0 0.187247 0.550736 0.341015 0.249811 0.00196383
0 0.761204 0.987065 0.067727 0.0252776 0.00196027
0 0.266459 0.596046 0.406623 0.285271 0.00195975
0 0.195836 0.0985389 0.274161 0.18034 0.00195909
0 0.791088 0.990093 0.128366 0.0193206 0.00195767
0 0.018222 0.979258 0.036444 0.0400226 0.00193696
0 0.277551 0.783759 0.442695 0.154759 0.00193519
0 0.309814 0.21499 0.434702 0.285464 0.00193246
0 0.765218 0.436368 0.107399 0.0559862 0.0019285
0 0.75932 0.595962 0.48136 0.278429 0.00192677
0 0.535179 0.736953 0.11423 0.0712469 0.00191395
0 0.210891 0.28353 0.381873 0.199901 0.0019123
0 0.270859 0.204493 0.326245 0.257283 0.00190999
0 0.289449 0.902574 0.456486 0.174345 0.00190197
0 0.594967 0.981156 0.17024 0.0375026 0.00190002
0 0.143203 0.788194 0.258922 0.161495 0.00189061
0 0.337826 0.821252 0.543352 0.182228 0.00188649
0 0.112077 0.8237 0.186103 0.148534 0.00188296
0 0.2313 0.735489 0.346821 0.17713 0.00187264
0 0.291218 0.149527 0.31704 0.203405 0.00186816
0 0.441621 0.590282 0.185229 0.150899 0.00186155
0 0.16819 0.718703 0.312957 0.202615 0.00185597
0 0.154779 0.137526 0.263167 0.194921 0.00185473
0 0.169107 0.171987 0.29637 0.18899 0.00184491
0 0.169697 0.613928 0.314828 0.21971 0.00184142
0 0.581838 0.549885 0.297104 0.239435 0.00183991
0 0.230426 0.686127 0.350985 0.217206 0.00183871
0 0.206482 0.143878 0.265064 0.188453 0.00183865
0 0.360602 0.152036 0.391205 0.218866 0.0018321
0 0.180627 0.220904 0.325939 0.195421 0.00183071
0 0.218141 0.184837 0.292327 0.209117 0.00182468
0 0.166928 0.668966 0.308881 0.211731 0.00182124
0 0.332313 0.864443 0.522115 0.209679 0.00180333
0 0.983902 0.895337 0.0321955 0.209325 0.00180042
0 0.12635 0.869792 0.212546 0.190763 0.00178121
0 0.160027 0.908193 0.288004 0.159079 0.0017729
2 0.832553 0.545044 0.0561288 0.0249031 0.0017708
0 0.182878 0.701145 0.0270747 0.0162524 0.00174299
0 0.719672 0.445573 0.207191 0.152513 0.00173844
0 0.471197 0.494314 0.197598 0.102283 0.00173464
0 0.499778 0.804026 0.576604 0.142409 0.00171129
0 0.468549 0.551895 0.232527 0.229258 0.00169499
0 0.595251 0.970849 0.120682 0.0543608 0.00169247
0 0.794543 0.987873 0.189104 0.0232769 0.00165657
0 0.675686 0.237671 0.289281 0.178618 0.00165539
0 0.627514 0.697767 0.347096 0.212231 0.00165539
0 0.608361 0.97669 0.192483 0.044785 0.00165146
0 0.606239 0.493333 0.45852 0.264495 0.00164642
0 0.826772 0.543892 0.0481959 0.0319223 0.0016398
0 0.0509945 0.799514 0.0988703 0.070466 0.00161399
0 0.747768 0.985666 0.229155 0.0280523 0.00161197
0 0.616533 0.284886 0.145321 0.136794 0.00160516
0 0.332604 0.96776 0.305909 0.0640771 0.00160101
0 0.0185091 0.973948 0.0370182 0.0521042 0.00159071
0 0.545712 0.741191 0.149765 0.0810133 0.00157411
0 0.681064 0.972701 0.324846 0.054052 0.00156303
0 0.698064 0.178899 0.359715 0.120153 0.00155915
0 0.31018 0.375604 0.221897 0.170936 0.00154632
0 0.183077 0.855854 0.0260746 0.0174736 0.00153174
0 0.681756 0.452231 0.291051 0.176435 0.00151404
0 0.725128 0.989806 0.21504 0.0203875 0.0015085
0 0.477383 0.457591 0.207461 0.173506 0.00150097
2 0.960106 0.925504 0.0797882 0.148992 0.00149227
0 0.0801831 0.806299 0.147241 0.0534985 0.00148892
0 0.548373 0.841965 0.504113 0.0914304 0.00148138
0 0.570742 0.0106637 0.198067 0.0213273 0.00147023
0 0.524434 0.83305 0.628106 0.0877074 0.00145599
0 0.527347 0.731123 0.0946191 0.0563673 0.00145324
0 0.652156 0.21557 0.234968 0.159076 0.00142023
0 0.713404 0.776779 0.171447 0.225109 0.00141926
0 0.612041 0.344326 0.515311 0.239953 0.00140678
0 0.56843 0.745417 0.454385 0.129257 0.00138993
0 0.577181 0.15614 0.148736 0.090908 0.00138973
0 0.734634 0.379664 0.183261 0.214196 0.00137983
0 0.344635 0.335772 0.135041 0.0914602 0.00137584
0 0.406688 0.965037 0.346661 0.0697742 0.00136463
0 0.0279736 0.809986 0.0559473 0.243802 0.00135405
0 0.622539 0.126402 0.0297446 0.0227975 0.0013491
0 0.496676 0.615262 0.30217 0.151074 0.00132909
0 0.49961 0.80118 0.168627 0.161341 0.00131078
0 0.828604 0.560627 0.0533538 0.0475922 0.0012977
0 0.433715 0.744301 0.414229 0.245773 0.0012886
0 0.172337 0.971226 0.278903 0.057295 0.00127253
0 0.644187 0.985968 0.170768 0.0279764 0.00126373
0 0.442479 0.49599 0.123409 0.0804638 0.00126234
0 0.516756 0.72552 0.07189 0.0438006 0.00124691
0 0.568456 0.18271 0.0528098 0.0389056 0.00123836
0 0.0290017 0.726564 0.0580034 0.167547 0.00123401
0 0.269207 0.965018 0.356268 0.0699436 0.00123383
0 0.0146746 0.912643 0.0293491 0.0996845 0.00122864
