2 0.668185 0.203867 0.179281 0.289581 0.762732
2 0.722701 0.598054 0.218122 0.371793 0.531668
2 0.243665 0.591306 0.19222 0.382943 0.499948
2 0.636529 0.892819 0.194763 0.206713 0.348106
2 0.557231 0.503578 0.580027 0.922486 0.289582
2 0.292162 0.631825 0.447286 0.50743 0.278378
2 0.21028 0.592603 0.310694 0.388705 0.211396
2 0.556157 0.388072 0.198174 0.279445 0.177013
2 0.639809 0.821309 0.190883 0.335525 0.131862
1 0.544173 0.501147 0.593018 0.89789 0.117184
2 0.325641 0.563212 0.436321 0.679167 0.115236
1 0.636527 0.465786 0.394824 0.822321 0.089434
2 0.663009 0.232774 0.223029 0.352073 0.0810103
2 0.393085 0.474166 0.220649 0.272224 0.0783546
2 0.462001 0.531317 0.624409 0.772142 0.0557319
1 0.68541 0.785884 0.299035 0.428231 0.0519033
2 0.631757 0.943657 0.182496 0.112685 0.0495924
2 0.376787 0.715899 0.175579 0.356108 0.0404262
1 0.637628 0.847433 0.200418 0.305135 0.0385219
2 0.497191 0.678547 0.0892223 0.158318 0.0355885
2 0.632708 0.92035 0.193003 0.1593 0.0305467
2 0.670354 0.294044 0.245387 0.467101 0.0246678
2 0.489102 0.292778 0.118797 0.229112 0.0215804
2 0.61309 0.330347 0.367322 0.541404 0.020273
2 0.615006 0.852696 0.123999 0.15294 0.0199403
2 0.379501 0.672275 0.210753 0.427822 0.0196827
1 0.41345 0.548958 0.694985 0.777991 0.0185833
2 0.633436 0.870143 0.118189 0.131417 0.0181573
2 0.544585 0.352732 0.229963 0.368961 0.0163657
2 0.547581 0.368005 0.545737 0.549397 0.0150425
2 0.425155 0.709834 0.24199 0.37025 0.0134931
2 0.449245 0.298279 0.196862 0.244977 0.0130596
2 0.30667 0.689524 0.525027 0.605864 0.0125335
2 0.411236 0.418779 0.106844 0.14439 0.012077
2 0.700341 0.530469 0.265225 0.629333 0.0119638
1 0.724988 0.710377 0.376764 0.575812 0.0115198
2 0.30542 0.510623 0.58961 0.601242 0.0112486
1 0.541519 0.76674 0.499077 0.466521 0.00990403
1 0.789318 0.488413 0.421364 0.976826 0.0097821
2 0.492472 0.538011 0.450109 0.830783 0.00975326
1 0.631172 0.698569 0.411102 0.602861 0.00972976
1 0.535641 0.695771 0.596651 0.608458 0.00914879
2 0.7 0.698207 0.266213 0.596559 0.00894233
1 0.70891 0.436566 0.251188 0.756468 0.00866342
1 0.540211 0.817452 0.406721 0.365096 0.00842256
2 0.587841 0.396021 0.282736 0.295292 0.00797677
2 0.46804 0.357458 0.164452 0.375465 0.00779863
2 0.272161 0.588174 0.276084 0.404263 0.007757
1 0.660784 0.235692 0.233585 0.353694 0.00766283
2 0.401529 0.631299 0.337199 0.569214 0.00748759
2 0.489356 0.337498 0.136022 0.334191 0.00726082
2 0.370918 0.71296 0.122936 0.203846 0.00715021
2 0.600904 0.959248 0.125786 0.0815047 0.00713814
2 0.560499 0.401905 0.112739 0.234208 0.00708106
2 0.430564 0.420339 0.238234 0.404251 0.00657729
2 0.392374 0.557421 0.227551 0.453353 0.00637508
1 0.541759 0.878293 0.422302 0.243414 0.00606319
2 0.468362 0.254194 0.0675415 0.154529 0.00595546
2 0.659127 0.163062 0.143924 0.1892 0.0057644
2 0.633554 0.848734 0.0984865 0.157978 0.00538048
1 0.689221 0.878337 0.314377 0.243327 0.00507237
2 0.509413 0.676209 0.0644275 0.141749 0.00498008
2 0.502386 0.339984 0.0938705 0.145586 0.00492409
2 0.558513 0.235591 0.431439 0.373484 0.00491424
2 0.486027 0.370187 0.244594 0.408076 0.00491124
1 0.722955 0.611837 0.220548 0.349046 0.00478218
2 0.512751 0.674695 0.475609 0.632783 0.00463763
1 0.362215 0.692413 0.616061 0.592366 0.00451479
0 0.653155 0.215651 0.226963 0.351319 0.00444424
2 0.574823 0.424632 0.214387 0.34279 0.00430653
2 0.638707 0.145244 0.122546 0.175223 0.00424744
2 0.22537 0.61556 0.370506 0.489495 0.00420281
1 0.632498 0.935783 0.189888 0.128434 0.00386091
2 0.482924 0.333356 0.701541 0.599395 0.00380678
0 0.715885 0.198842 0.378414 0.373674 0.00378208
2 0.472444 0.27278 0.0734648 0.199698 0.00368937
0 0.470833 0.290862 0.66252 0.530458 0.00367733
2 0.439776 0.818826 0.0275872 0.0301564 0.00363773
2 0.502702 0.75085 0.611471 0.450822 0.00358986
1 0.653789 0.304934 0.252224 0.270958 0.00341286
2 0.583198 0.851052 0.0700234 0.12065 0.00337571
1 0.253965 0.704396 0.478012 0.577745 0.00333234
1 0.586079 0.438982 0.189653 0.374267 0.00330098
1 0.753689 0.361469 0.469726 0.638344 0.00325584
0 0.460747 0.383811 0.660013 0.583831 0.00324785
0 0.541572 0.20942 0.453469 0.369418 0.0032127
2 0.645575 0.870862 0.0725664 0.108132 0.00320848
1 0.757174 0.791157 0.458711 0.397345 0.00317638
2 0.215266 0.680199 0.430532 0.639602 0.00306378
1 0.426555 0.732062 0.242292 0.333236 0.00298198
1 0.745299 0.870729 0.437697 0.258541 0.00294511
2 0.222781 0.550856 0.157163 0.295393 0.00291734
0 0.620188 0.158906 0.326088 0.317812 0.00291378
0 0.721969 0.2685 0.513619 0.507964 0.00289072
2 0.151847 0.672647 0.303694 0.654707 0.00288335
2 0.238056 0.760688 0.475418 0.469379 0.00285095
2 0.599518 0.94174 0.116747 0.11652 0.00284845
2 0.439201 0.823963 0.029283 0.0513506 0.00276679
1 0.648141 0.354014 0.289234 0.388062 0.00275158
0 0.450314 0.207522 0.643544 0.398725 0.00274096
0 0.334715 0.467014 0.642727 0.856102 0.00269042
0 0.693665 0.163718 0.435109 0.327435 0.00268846
0 0.444167 0.397664 0.208209 0.45507 0.00264962
0 0.509458 0.162416 0.487828 0.324833 0.00255167
1 0.750561 0.6558 0.498879 0.676784 0.00251353
2 0.773873 0.671082 0.452254 0.625171 0.00250619
0 0.836308 0.91581 0.327383 0.16838 0.00248888
2 0.780961 0.51171 0.438077 0.894574 0.00245148
2 0.498955 0.821779 0.664658 0.34572 0.00243591
1 0.71286 0.214093 0.521372 0.428186 0.00242224
2 0.419378 0.49579 0.110429 0.165393 0.0024024
0 0.222201 0.630627 0.444079 0.660853 0.00239344
1 0.593745 0.958396 0.112199 0.0832087 0.00238318
0 0.15841 0.942594 0.31682 0.114811 0.00237754
1 0.386556 0.740064 0.148584 0.298111 0.00237517
2 0.5373 0.416658 0.10289 0.209355 0.00237419
2 0.408725 0.401334 0.0984723 0.102647 0.00235375
2 0.183634 0.569139 0.360528 0.619442 0.0023502
1 0.446409 0.437719 0.227577 0.361154 0.00234842
0 0.89077 0.192852 0.218461 0.385703 0.00233845
2 0.609387 0.309836 0.115201 0.132511 0.00233838
2 0.632521 0.399228 0.341221 0.339244 0.00230817
2 0.182526 0.78257 0.365052 0.427707 0.00230591
0 0.0155731 0.931242 0.03079 0.133637 0.00230449
2 0.102516 0.780099 0.205033 0.414077 0.002304
2 0.414841 0.64502 0.260981 0.471747 0.00228938
0 0.489163 0.280211 0.126293 0.205567 0.0022659
0 0.445923 0.133145 0.590407 0.26629 0.00224409
0 0.0853676 0.173503 0.170735 0.347006 0.00221033
0 0.468054 0.253035 0.0672335 0.153735 0.00220807
1 0.547884 0.435589 0.194895 0.354685 0.00219509
1 0.494057 0.725192 0.106355 0.275702 0.00218502
2 0.419283 0.852457 0.63992 0.275963 0.00217888
0 0.0914497 0.90084 0.182899 0.19832 0.00217688
2 0.0924423 0.496327 0.184885 0.911932 0.0021469
2 0.161789 0.862915 0.307205 0.254609 0.00214501
2 0.59175 0.900594 0.254145 0.198811 0.00213952
0 0.832226 0.951527 0.333729 0.0969453 0.00213851
2 0.408255 0.816379 0.094091 0.131032 0.00212601
0 0.0997314 0.530759 0.199463 0.853032 0.00212284
0 0.19264 0.458774 0.38528 0.794523 0.00211345
2 0.494857 0.609181 0.100105 0.338052 0.00211094
1 0.506329 0.897241 0.572461 0.205519 0.00210789
0 0.839708 0.319678 0.320584 0.639356 0.00210786
2 0.767932 0.819903 0.456323 0.34038 0.00210656
0 0.253206 0.941336 0.427377 0.117329 0.0020941
0 0.891276 0.272149 0.216825 0.544297 0.00209405
2 0.328645 0.860093 0.537308 0.258344 0.00208452
0 0.827579 0.825637 0.344842 0.341728 0.00208429
0 0.799009 0.429894 0.401982 0.859787 0.00207607
0 0.782796 0.942223 0.426798 0.115553 0.00207396
0 0.120278 0.926857 0.240555 0.146286 0.00206135
1 0.718259 0.258422 0.118026 0.308252 0.00205451
0 0.810118 0.179335 0.375901 0.358669 0.00205244
0 0.0915585 0.362094 0.183117 0.672584 0.00204766
0 0.174116 0.111259 0.348233 0.222517 0.00204133
0 0.437354 0.932807 0.596558 0.134385 0.00204092
2 0.749962 0.622544 0.162962 0.310807 0.00202828
0 0.113566 0.108655 0.226609 0.21731 0.00202051
2 0.724569 0.328987 0.106629 0.180299 0.00202029
0 0.0904774 0.217059 0.180955 0.434119 0.0020167
0 0.186546 0.0698066 0.357971 0.139613 0.00201212
2 0.654077 0.954885 0.142963 0.0900887 0.00199497
0 0.815759 0.740266 0.368482 0.519468 0.00199081
0 0.480767 0.912839 0.601215 0.174322 0.00198255
0 0.376628 0.733068 0.174809 0.309041 0.00198151
0 0.144277 0.424605 0.288553 0.838833 0.0019762
0 0.368124 0.356333 0.725688 0.687203 0.0019664
0 0.251754 0.0782405 0.449256 0.156481 0.00195627
2 0.381113 0.782901 0.0749715 0.217286 0.00195376
2 0.35512 0.601277 0.0964888 0.0943803 0.00194608
2 0.337942 0.61557 0.120808 0.123141 0.00194149
2 0.649016 0.134579 0.152763 0.147421 0.0019329
0 0.402261 0.0960856 0.658513 0.192171 0.0019292
0 0.12614 0.328022 0.25228 0.6122 0.00191502
2 0.591251 0.318748 0.110651 0.1142 0.00190382
2 0.723487 0.256808 0.107433 0.312469 0.00189798
0 0.205547 0.343419 0.411093 0.638491 0.00189475
2 0.117881 0.839887 0.235762 0.300928 0.00187632
2 0.389012 0.775676 0.120487 0.269207 0.00187329
0 0.0087812 0.969231 0.0175624 0.055438 0.00184527
2 0.480902 0.391059 0.0956428 0.153933 0.00184498
2 0.34317 0.59053 0.0326597 0.0646837 0.00182757
0 0.124827 0.167205 0.24769 0.33441 0.00182529
2 0.802582 0.742061 0.393606 0.507651 0.00181101
2 0.690203 0.870479 0.0857957 0.0970115 0.00180831
0 0.201659 0.174792 0.403318 0.349583 0.00179707
0 0.785402 0.307333 0.427728 0.591014 0.0017803
2 0.664286 0.148916 0.171828 0.242676 0.00177669
2 0.624201 0.142624 0.0870007 0.172053 0.00177051
0 0.0177066 0.887228 0.0354133 0.20765 0.00176034
0 0.0186369 0.826248 0.0372506 0.339651 0.00175735
2 0.490802 0.303636 0.0960359 0.171362 0.00175126
2 0.674303 0.585112 0.2958 0.396831 0.0017494
2 0.517367 0.347209 0.156818 0.375234 0.0017432
0 0.294835 0.16584 0.555547 0.33168 0.001727
1 0.693967 0.647365 0.190083 0.303541 0.00171524
0 0.320168 0.284546 0.622719 0.55566 0.0016986
2 0.738373 0.680055 0.115273 0.184702 0.00169019
0 0.662775 0.145354 0.127261 0.150076 0.00167447
0 0.0488977 0.929683 0.0974237 0.140634 0.00167029
2 0.499066 0.637101 0.0379204 0.068686 0.00166782
2 0.385818 0.745192 0.148061 0.287964 0.00166603
2 0.334774 0.494771 0.0972387 0.0956921 0.00160413
2 0.475527 0.465274 0.0509211 0.0965758 0.00159668
2 0.606906 0.209715 0.301933 0.310427 0.0015854
2 0.389246 0.823729 0.0547003 0.123817 0.00154992
0 0.678629 0.175075 0.158221 0.27853 0.0015484
2 0.362305 0.589908 0.0746063 0.0905321 0.00154145
2 0.467691 0.458652 0.0636639 0.110434 0.00153895
1 0.484028 0.741519 0.13931 0.294907 0.0015267
2 0.472658 0.426063 0.0755759 0.181914 0.00151737
1 0.21515 0.634908 0.150089 0.288148 0.00151462
2 0.763949 0.584757 0.133241 0.397619 0.00150661
0 0.301289 0.645423 0.325901 0.415641 0.00150286
0 0.0717578 0.876769 0.143516 0.237799 0.00150281
1 0.673049 0.374738 0.216039 0.299159 0.00149953
2 0.172591 0.53915 0.254231 0.270953 0.00147101
1 0.673822 0.61907 0.292302 0.372834 0.00146314
0 0.051198 0.852875 0.102396 0.28782 0.0014623
1 0.496652 0.694836 0.101696 0.194055 0.00143402
0 0.0194368 0.768174 0.0388736 0.463651 0.00143165
1 0.172048 0.592201 0.249725 0.388387 0.00142445
0 0.237076 0.479616 0.146685 0.147698 0.00139757
0 0.0402647 0.890978 0.0804479 0.206404 0.00139054
0 0.00868821 0.95017 0.0173764 0.0870681 0.00138221
2 0.528919 0.428639 0.0772469 0.189766 0.00134061
0 0.258185 0.639364 0.226466 0.292014 0.00134054
0 0.311618 0.702757 0.30515 0.34537 0.00131638
0 0.0766378 0.836319 0.153276 0.327362 0.00131509
0 0.0209519 0.728205 0.0419037 0.543589 0.00131166
0 0.0550456 0.899817 0.110091 0.192765 0.00130947
2 0.579035 0.966148 0.0729149 0.0669368 0.00130722
2 0.654241 0.721934 0.0546471 0.138015 0.00130575
0 0.440106 0.292427 0.2252 0.234743 0.00130529
2 0.604055 0.175593 0.219581 0.237846 0.00130447
2 0.227699 0.683531 0.0679954 0.178774 0.00130193
0 0.0613284 0.802493 0.122657 0.395014 0.00129262
1 0.401867 0.598881 0.254186 0.521776 0.00127843
2 0.514438 0.665772 0.0574221 0.108696 0.00127166
2 0.53495 0.62377 0.166873 0.278234 0.00126757
2 0.572925 0.324379 0.0708311 0.112499 0.00125153
2 0.701339 0.873822 0.0639168 0.0868094 0.00124729
0 0.703458 0.155708 0.185893 0.311416 0.00124694
1 0.774245 0.64631 0.113065 0.267339 0.00124641
2 0.335885 0.699597 0.0497745 0.116078 0.00124258
2 0.478391 0.472261 0.038563 0.0770995 0.00122879
2 0.769609 0.672959 0.121481 0.204744 0.00120173
2 0.579107 0.557927 0.0751158 0.119265 0.00119452
2 0.358444 0.622668 0.0899627 0.156729 0.00118469
2 0.679224 0.176129 0.150077 0.206798 0.0011791
1 0.67398 0.921319 0.224553 0.157362 0.00117337
2 0.786382 0.698412 0.0864657 0.153361 0.00117167
2 0.484259 0.452682 0.0626996 0.124002 0.0011646
2 0.503663 0.661224 0.106108 0.207443 0.0011586
2 0.40134 0.789636 0.0983622 0.190346 0.00112853
2 0.0188123 0.658365 0.0376246 0.683271 0.0011236
1 0.723486 0.390396 0.112892 0.320614 0.00111829
2 0.584296 0.964016 0.0983728 0.0719673 0.00111672
2 0.258523 0.555075 0.232713 0.306815 0.00111639
2 0.724856 0.393696 0.111165 0.316531 0.00111295
2 0.0194714 0.452744 0.0389427 0.749274 0.00111227
1 0.785828 0.680465 0.0879204 0.188911 0.00111075
1 0.613562 0.961921 0.137196 0.076158 0.00111013
1 0.744572 0.671093 0.172475 0.218904 0.00110173
2 0.661729 0.866127 0.0481792 0.0929746 0.0010995
2 0.345948 0.596064 0.129638 0.365797 0.00109589
2 0.100614 0.880333 0.198861 0.228642 0.00109558
1 0.656465 0.416856 0.269703 0.384164 0.00109126
0 0.068219 0.940883 0.136438 0.118233 0.00106783
1 0.436725 0.502733 0.212947 0.46861 0.0010609
1 0.647588 0.483271 0.312497 0.387808 0.00105969
1 0.412528 0.782102 0.0926135 0.206766 0.00105647
2 0.0166588 0.578161 0.0333176 0.674832 0.00105623
2 0.323041 0.49376 0.0702828 0.0922387 0.0010469
2 0.426124 0.583452 0.113896 0.159127 0.00104047
2 0.781168 0.578984 0.0976524 0.440888 0.00103846
2 0.627667 0.923502 0.147482 0.1334 0.00103125
0 0.0372128 0.930101 0.0744255 0.139797 0.00102595
0 0.0950944 0.601742 0.0816936 0.0908528 0.00102426
2 0.528545 0.339279 0.13842 0.146959 0.00102305
2 0.958608 0.927896 0.0812645 0.144209 0.00101885
2 0.438209 0.797965 0.0365107 0.134649 0.00101814
2 0.541826 0.597893 0.197844 0.380738 0.00101462
1 0.262997 0.666167 0.217363 0.227973 0.00101101
2 0.580862 0.310677 0.291846 0.461846 0.00101016
1 0.321959 0.726962 0.287846 0.314914 0.00100957
0 0.708169 0.134828 0.253223 0.269656 0.00100925
2 0.652794 0.871397 0.148549 0.117826 0.00100734
0 0.0626771 0.986864 0.125354 0.0262729 0.00100234
2 0.395791 0.506479 0.164902 0.158711 0.000983143
2 0.584224 0.952575 0.0844152 0.0948505 0.000981687
2 0.0187919 0.220346 0.0375305 0.440693 0.000981441
2 0.969299 0.759923 0.0603413 0.480154 0.000980957
2 0.668646 0.945169 0.115344 0.109661 0.000978774
0 0.0848883 0.612118 0.0607007 0.0651629 0.000972115
2 0.761637 0.694275 0.138476 0.155056 0.00097145
2 0.968437 0.845294 0.0623153 0.305577 0.00096765
2 0.0196209 0.349365 0.0392417 0.698731 0.000965316
2 0.438199 0.829071 0.0321492 0.0683878 0.000964685
