0 0.377115 0.448427 0.321332 0.373316 0.878977
0 0.308744 0.449144 0.189946 0.369909 0.800394
0 0.476355 0.417839 0.098651 0.18716 0.662642
0 0.450032 0.416267 0.153403 0.187924 0.0779702
0 0.315234 0.0167993 0.0271561 0.0322172 0.0386517
0 0.379386 0.390789 0.303516 0.259977 0.0188188
0 0.201953 0.291867 0.020782 0.0328192 0.0142074
0 0.0102387 0.468679 0.0204649 0.133248 0.0133785
0 0.381229 0.454249 0.292823 0.275974 0.0132465
0 0.373913 0.351477 0.329058 0.551548 0.0129159
0 0.373171 0.560641 0.328566 0.593592 0.011722
0 0.127624 0.256712 0.0241629 0.0328158 0.0104395
0 0.301819 0.445908 0.274027 0.39244 0.00928754
0 0.461314 0.455775 0.506886 0.414539 0.00755975
0 0.314235 0.0256218 0.0334011 0.0512435 0.00693152
0 0.309199 0.3945 0.18979 0.253868 0.00636763
0 0.123008 0.253338 0.0284815 0.0418871 0.00629336
0 0.0171125 0.394828 0.0340254 0.392242 0.00619281
0 0.256439 0.421196 0.320035 0.435803 0.00582256
0 0.0104237 0.486483 0.020785 0.192089 0.00481395
0 0.0936853 0.724842 0.186371 0.53778 0.00470564
0 0.0184995 0.718522 0.036999 0.562955 0.00467944
0 0.0436722 0.592641 0.0864732 0.699167 0.00431516
0 0.0618176 0.630121 0.122861 0.68916 0.0042899
0 0.944823 0.649126 0.110353 0.678809 0.00405953
0 0.291027 0.354144 0.305315 0.563179 0.00404961
0 0.460795 0.414609 0.0797255 0.19725 0.00402771
0 0.309442 0.509534 0.185067 0.239175 0.00402115
0 0.316131 0.0195807 0.0327797 0.0385129 0.0040122
0 0.00964844 0.778586 0.0192944 0.260924 0.00391583
0 0.0180238 0.533582 0.0360475 0.670866 0.00386987
0 0.498023 0.600069 0.619994 0.669992 0.0038089
0 0.0152809 0.461255 0.0302874 0.211779 0.00380154
0 0.251038 0.427258 0.460777 0.464131 0.0037406
0 0.0481249 0.470569 0.0947729 0.732277 0.00367832
0 0.0138784 0.500689 0.0275601 0.202859 0.00364485
0 0.152211 0.816095 0.303813 0.35146 0.00363346
0 0.0924173 0.806074 0.184835 0.354887 0.00360139
0 0.968059 0.718268 0.0630863 0.563464 0.00360062
0 0.94617 0.523831 0.10766 0.780838 0.00358979
0 0.469212 0.400665 0.079517 0.14519 0.00355896
0 0.134342 0.850106 0.268683 0.278734 0.00352773
0 0.274362 0.954145 0.357105 0.0917094 0.00350095
0 0.281628 0.910284 0.328072 0.161996 0.0034766
0 0.224502 0.887329 0.363918 0.202844 0.00346827
0 0.958472 0.746211 0.0829071 0.507578 0.003452
0 0.267569 0.457169 0.535139 0.489103 0.00328373
0 0.340536 0.913159 0.319143 0.157571 0.00327637
0 0.941126 0.766567 0.117696 0.466867 0.00325729
0 0.382479 0.954697 0.377726 0.0906058 0.00324521
0 0.199085 0.94777 0.370349 0.104461 0.00321692
0 0.92417 0.58819 0.151062 0.748728 0.00321394
0 0.381549 0.628951 0.367939 0.742099 0.00318207
0 0.0118902 0.416805 0.023469 0.236774 0.00316501
0 0.0730188 0.371939 0.145207 0.649353 0.00315409
0 0.482072 0.369202 0.0876847 0.087491 0.00314901
0 0.103453 0.616461 0.205497 0.745441 0.00310728
0 0.0091706 0.720464 0.0183412 0.276453 0.00309032
0 0.169339 0.750838 0.338677 0.488963 0.00302774
0 0.942158 0.193309 0.114647 0.386618 0.00302059
0 0.489492 0.95527 0.386633 0.0894604 0.00300142
0 0.138928 0.931448 0.277857 0.137105 0.00299233
0 0.236978 0.846838 0.399292 0.281628 0.00296429
0 0.131622 0.528434 0.261227 0.743058 0.00295246
0 0.919644 0.724527 0.160508 0.54027 0.00294881
0 0.0928849 0.868309 0.18577 0.263382 0.00291834
0 0.0109645 0.688595 0.021929 0.37427 0.00291574
0 0.945021 0.263637 0.109764 0.527274 0.00290023
0 0.303966 0.851184 0.336011 0.275389 0.00289783
0 0.606307 0.953446 0.400993 0.0931075 0.00284673
0 0.0181446 0.326592 0.0362893 0.635387 0.00283499
0 0.893023 0.819112 0.212983 0.350399 0.0028303
0 0.1042 0.910331 0.2084 0.179338 0.00280495
0 0.360368 0.847717 0.333042 0.280516 0.00280411
0 0.129459 0.257649 0.0338735 0.0403725 0.00274962
0 0.439328 0.905136 0.36115 0.171837 0.00274723
0 0.857576 0.875718 0.284848 0.248563 0.00274058
0 0.51263 0.381313 0.489113 0.437138 0.00270919
0 0.454389 0.340176 0.448083 0.486876 0.00265004
0 0.317923 0.605639 0.320864 0.673559 0.00263833
0 0.22114 0.440224 0.442279 0.601397 0.00263063
0 0.892972 0.167451 0.208083 0.334902 0.00262364
0 0.455312 0.363761 0.0266104 0.0717234 0.00261184
0 0.13136 0.341933 0.26097 0.602726 0.0026049
0 0.709836 0.952952 0.401063 0.0940961 0.00260253
0 0.609342 0.546422 0.592092 0.637689 0.00257339
0 0.258607 0.651671 0.438906 0.689114 0.00256086
0 0.0859468 0.252785 0.17128 0.491224 0.00254581
0 0.567181 0.897606 0.379295 0.189847 0.00254291
0 0.584952 0.444759 0.529927 0.491727 0.00253357
0 0.314241 0.938751 0.148858 0.116734 0.00252851
0 0.0758864 0.143947 0.151773 0.287893 0.00251216
0 0.0818904 0.622994 0.0184042 0.0374648 0.00249502
0 0.453548 0.848823 0.393856 0.271072 0.00247896
0 0.623558 0.888611 0.377007 0.209241 0.00247545
0 0.0819845 0.183264 0.163969 0.366529 0.00245682
0 0.336556 0.371092 0.207513 0.206843 0.00239993
0 0.521194 0.850606 0.394606 0.266965 0.00238693
0 0.607663 0.847294 0.402844 0.27871 0.00238383
0 0.663919 0.833456 0.407085 0.308311 0.00237812
0 0.881481 0.625324 0.23663 0.749352 0.00236768
0 0.445436 0.716232 0.47323 0.554335 0.00235993
0 0.842997 0.948723 0.313977 0.102554 0.00235873
0 0.214768 0.590036 0.429535 0.681917 0.00234724
0 0.192675 0.355492 0.385349 0.536672 0.00233933
0 0.0926019 0.0946738 0.185204 0.189348 0.00232699
0 0.306635 0.263084 0.308105 0.428379 0.00232053
0 0.552944 0.0671908 0.323058 0.134382 0.00231048
0 0.127019 0.0850686 0.254038 0.170137 0.00230891
0 0.695035 0.624979 0.543244 0.706301 0.00230598
0 0.926382 0.425833 0.147235 0.720431 0.00230374
0 0.733187 0.881447 0.39891 0.225732 0.00230011
0 0.286377 0.0431907 0.318891 0.0863815 0.00229313
0 0.344677 0.0487566 0.310368 0.0975133 0.00228696
0 0.452727 0.0651823 0.309938 0.130365 0.00228076
0 0.400672 0.0568132 0.315604 0.113626 0.00228068
0 0.207157 0.053517 0.314421 0.107034 0.00226481
0 0.456568 0.366879 0.0367114 0.0765819 0.00226176
0 0.855146 0.825692 0.288867 0.323963 0.00225548
0 0.154101 0.0601979 0.293384 0.120396 0.00225153
0 0.837684 0.141527 0.309298 0.283053 0.00225147
0 0.644022 0.0699324 0.343728 0.139865 0.0022475
0 0.54543 0.329723 0.420646 0.443268 0.00224248
0 0.697417 0.0807201 0.344804 0.16144 0.00223172
0 0.850716 0.515148 0.297174 0.859993 0.00223167
0 0.107468 0.222175 0.211011 0.412419 0.00223099
0 0.0649717 0.760878 0.129943 0.474001 0.00223038
0 0.311528 0.0215915 0.0434131 0.043183 0.00222538
0 0.764257 0.814751 0.432494 0.355681 0.00222241
0 0.00966548 0.643202 0.0192961 0.35281 0.00221414
0 0.309637 0.906868 0.144352 0.167863 0.00221391
0 0.680158 0.767328 0.444748 0.457534 0.00221039
0 0.748483 0.0913955 0.337606 0.182791 0.00220989
0 0.510509 0.774227 0.501679 0.43554 0.00219509
0 0.755266 0.562743 0.486383 0.728606 0.00218678
0 0.798038 0.118284 0.333712 0.236568 0.00217086
0 0.653342 0.379776 0.481776 0.486075 0.00216263
0 0.786155 0.644365 0.427521 0.71127 0.00215947
0 0.00994468 0.514703 0.0198634 0.290457 0.00215672
0 0.76567 0.734246 0.459079 0.526649 0.00214677
0 0.133305 0.159628 0.266609 0.308589 0.00214179
0 0.0203947 0.510764 0.0406064 0.268315 0.00213314
0 0.255717 0.240551 0.343648 0.384406 0.0021218
1 0.790529 0.73088 0.402226 0.53003 0.00210185
0 0.15437 0.234555 0.30874 0.406443 0.00210017
0 0.43633 0.276323 0.366024 0.442829 0.00208581
0 0.297866 0.14106 0.322518 0.266901 0.00206887
0 0.566231 0.146938 0.30868 0.277913 0.00206798
0 0.359561 0.145965 0.314868 0.276641 0.00206438
0 0.281669 0.489936 0.123705 0.257026 0.00205562
0 0.218696 0.143623 0.304788 0.276577 0.00204842
0 0.334844 0.939304 0.0777872 0.107684 0.00204499
0 0.515876 0.139808 0.295627 0.26329 0.00204376
0 0.142042 0.775823 0.0302263 0.0528477 0.00204283
0 0.0251906 0.395188 0.0503182 0.42368 0.00203237
0 0.751209 0.398354 0.406229 0.547412 0.00203055
0 0.00901168 0.837334 0.0180234 0.325332 0.00203028
0 0.675741 0.70272 0.484051 0.59456 0.00202921
0 0.0108232 0.794767 0.0216463 0.336707 0.00202801
0 0.673163 0.317257 0.404102 0.450421 0.0020206
0 0.810169 0.857373 0.366274 0.264852 0.00200961
0 0.496526 0.224895 0.335292 0.326732 0.00200342
0 0.463942 0.137565 0.292851 0.258449 0.00200068
0 0.560378 0.230348 0.343441 0.341138 0.00199556
0 0.657619 0.165194 0.321434 0.315196 0.00198462
0 0.0217664 0.783906 0.0435327 0.429222 0.00198109
0 0.96939 0.639736 0.060025 0.720529 0.00197639
0 0.753644 0.324824 0.370773 0.472268 0.00197371
0 0.717362 0.175177 0.31497 0.334938 0.00197335
0 0.817901 0.795318 0.362084 0.389565 0.00196847
0 0.96627 0.786369 0.0665024 0.427262 0.00196036
0 0.830518 0.701331 0.338965 0.594795 0.00195748
0 0.0135751 0.38383 0.0269478 0.240784 0.00195318
0 0.76756 0.17977 0.303425 0.346745 0.00195132
0 0.881719 0.439199 0.233409 0.75766 0.00194207
0 0.830609 0.182124 0.288526 0.351477 0.00193492
0 0.854136 0.337337 0.28446 0.533667 0.00190207
0 0.672435 0.252469 0.34511 0.403273 0.00190176
2 0.895182 0.820733 0.209637 0.345124 0.00190135
0 0.894066 0.291814 0.20875 0.511715 0.00189968
0 0.79248 0.27081 0.31772 0.45986 0.00187539
0 0.348533 0.938545 0.200801 0.1197 0.00181953
0 0.205283 0.292675 0.029615 0.0399955 0.00178831
0 0.289806 0.442698 0.139855 0.343534 0.00176729
0 0.0865198 0.620825 0.0297247 0.0463597 0.00176549
0 0.43263 0.446526 0.191631 0.257735 0.00176169
1 0.475599 0.444804 0.109095 0.259276 0.00173088
0 0.470474 0.372946 0.110751 0.240358 0.00170986
0 0.0086207 0.611925 0.0170909 0.273331 0.00170859
0 0.53313 0.420916 0.201245 0.192469 0.00170244
0 0.00790318 0.868434 0.0158064 0.261973 0.00167283
0 0.117788 0.238658 0.0348947 0.0707916 0.00166099
0 0.262049 0.75337 0.0901618 0.140105 0.00162995
0 0.0546804 0.704152 0.109253 0.591696 0.00162371
2 0.962204 0.83171 0.0743935 0.336581 0.00160269
0 0.346027 0.901025 0.226909 0.18095 0.00159566
0 0.00843591 0.21195 0.0168121 0.265365 0.00156823
0 0.0430806 0.340299 0.0860628 0.521982 0.00153349
0 0.0299662 0.851629 0.0599325 0.291633 0.00145631
0 0.298299 0.729502 0.185234 0.205696 0.00145335
0 0.328176 0.3486 0.152728 0.158388 0.00144116
0 0.956813 0.598227 0.0863734 0.677675 0.00142634
0 0.0173759 0.277945 0.0347517 0.55589 0.00141645
0 0.971398 0.516894 0.056183 0.798783 0.00137988
0 0.109057 0.255665 0.0700593 0.113969 0.00136515
0 0.319966 0.314044 0.0463744 0.0835218 0.00135249
0 0.051988 0.819153 0.103976 0.343897 0.0013468
0 0.306609 0.0286782 0.0508554 0.0573563 0.00131331
0 0.00900389 0.170012 0.0178452 0.282444 0.00131297
0 0.0204745 0.431497 0.0404847 0.266096 0.00130084
0 0.87823 0.867072 0.242024 0.246904 0.0012992
0 0.0812653 0.846001 0.162531 0.289809 0.00129361
0 0.353902 0.0359941 0.145615 0.0719881 0.00124334
0 0.335226 0.959025 0.0784299 0.071153 0.00124022
0 0.298231 0.353273 0.205727 0.176254 0.00123477
0 0.302819 0.891156 0.177825 0.204234 0.00123446
0 0.0708095 0.925147 0.141619 0.145173 0.00122024
0 0.0602011 0.311311 0.120402 0.622621 0.00121323
0 0.265946 0.347453 0.217756 0.167411 0.00120711
0 0.290517 0.0335983 0.0820962 0.0671967 0.00120504
0 0.0141965 0.77253 0.0280171 0.356884 0.00119301
0 0.33042 0.342817 0.0855182 0.149425 0.0011876
0 0.280365 0.60515 0.0411786 0.0444594 0.00117077
0 0.308807 0.339835 0.0896971 0.142831 0.00113968
0 0.123408 0.251177 0.0540391 0.084106 0.00113938
0 0.928146 0.657611 0.143707 0.49694 0.00113678
0 0.0412454 0.852202 0.0824909 0.274526 0.00113064
0 0.326827 0.995109 0.175379 0.00978186 0.00112464
0 0.364366 0.0451078 0.171726 0.0902156 0.00110965
0 0.0736798 0.683367 0.14736 0.390189 0.00108816
0 0.427198 0.379102 0.221868 0.264128 0.00108668
0 0.128271 0.265074 0.0305497 0.0582326 0.00108608
1 0.911993 0.88697 0.176013 0.221713 0.00108328
0 0.391772 0.340086 0.290456 0.155015 0.00107343
0 0.313175 0.036218 0.041251 0.072436 0.00106536
0 0.969653 0.337526 0.0599182 0.675052 0.0010653
0 0.355522 0.994577 0.200872 0.0108464 0.00106363
0 0.916235 0.265874 0.167462 0.531748 0.00105871
0 0.0667044 0.619161 0.133409 0.4228 0.00105748
0 0.274963 0.548845 0.114012 0.161128 0.00105222
0 0.0104288 0.329351 0.0208518 0.323727 0.0010509
0 0.100879 0.939778 0.200996 0.120399 0.00104153
0 0.312786 0.545274 0.178956 0.165695 0.0010362
0 0.263071 0.903776 0.230482 0.172341 0.00103576
0 0.979645 0.788149 0.0407091 0.423703 0.00103039
2 0.973243 0.403053 0.052578 0.806106 0.00102794
0 0.160296 0.293265 0.126094 0.0559839 0.00102789
0 0.40585 0.937882 0.254183 0.124235 0.00101636
2 0.307263 0.932054 0.127946 0.118015 0.00101329
0 0.947455 0.385897 0.10509 0.640063 0.00100643
0 0.107131 0.267183 0.081841 0.141508 0.000988337
0 0.903556 0.126481 0.192532 0.252963 0.000984145
0 0.0727183 0.328245 0.145437 0.450626 0.000977675
0 0.00856262 0.933385 0.0171252 0.127263 0.000976867
0 0.519979 0.876335 0.273949 0.22648 0.000975145
0 0.203722 0.303649 0.025798 0.0578267 0.000971037
0 0.474603 0.133774 0.190965 0.188854 0.000967168
0 0.318403 0.0177405 0.172651 0.0354811 0.000964882
0 0.271882 0.939734 0.238591 0.119243 0.000961581
0 0.270704 0.74984 0.129417 0.155464 0.000956486
0 0.98542 0.179311 0.0285439 0.180439 0.000953527
0 0.407259 0.995514 0.208726 0.00897198 0.000950087
0 0.0995658 0.252435 0.100979 0.13377 0.000948267
0 0.353967 0.487145 0.0962482 0.229425 0.00094818
0 0.448541 0.893663 0.21126 0.194833 0.000947973
0 0.261611 0.377402 0.205709 0.230101 0.000946322
0 0.386163 0.905435 0.209584 0.174294 0.00094346
0 0.464369 0.936552 0.245163 0.126897 0.000936673
0 0.0104256 0.134632 0.0206739 0.197978 0.000935345
0 0.291592 0.996255 0.192436 0.0074895 0.000932969
0 0.516388 0.944701 0.270852 0.110597 0.000932475
0 0.558068 0.885916 0.2224 0.207853 0.000931912
0 0.0687913 0.995937 0.137583 0.00812616 0.000931573
0 0.613029 0.945707 0.25667 0.108586 0.000931187
0 0.269881 0.77466 0.135207 0.133164 0.000927917
0 0.572498 0.954063 0.213119 0.0918734 0.000926856
0 0.00911475 0.285603 0.018112 0.338895 0.00092324
0 0.479129 0.473268 0.0335024 0.0716512 0.000920172
0 0.977737 0.81279 0.0434525 0.335094 0.000916684
0 0.869816 0.111015 0.26032 0.222029 0.000916619
0 0.91975 0.451192 0.1605 0.535659 0.000915562
0 0.742144 0.0832155 0.26205 0.166431 0.000915363
0 0.869055 0.202668 0.259828 0.371555 0.000913741
0 0.25393 0.31558 0.177564 0.101695 0.000912732
0 0.285576 0.773059 0.149795 0.158055 0.00091235
0 0.798656 0.824269 0.293962 0.351462 0.000906144
0 0.585508 0.996052 0.195583 0.00789532 0.000905954
0 0.0192495 0.153551 0.038499 0.307102 0.000903535
0 0.518524 0.996785 0.222224 0.00643073 0.000902576
0 0.0653641 0.443669 0.130476 0.25093 0.000901448
0 0.607802 0.884599 0.236066 0.214059 0.000901335
0 0.0877532 0.62283 0.0728399 0.0702484 0.000900678
1 0.927028 0.948957 0.145945 0.102086 0.000898563
0 0.203428 0.282803 0.0278045 0.0564283 0.000898122
0 0.519334 0.900966 0.234224 0.178536 0.000895792
0 0.119834 0.771499 0.0839844 0.0835682 0.000894949
0 0.561265 0.913074 0.184722 0.153904 0.000892106
0 0.894467 0.688837 0.21079 0.442582 0.000891793
1 0.499562 0.475493 0.157525 0.326218 0.000890773
0 0.984378 0.741253 0.0300808 0.38674 0.000890743
