2 0.461486 0.379318 0.922972 0.72794 0.869814
2 0.747587 0.885641 0.374027 0.216342 0.817642
0 0.0336106 0.679057 0.0662507 0.0553241 0.673752
0 0.0786462 0.611511 0.0569052 0.0445834 0.519181
0 0.738031 0.861735 0.386291 0.271354 0.370869
0 0.300922 0.0249695 0.0520541 0.0496808 0.331207
2 0.567999 0.356528 0.85152 0.626895 0.322553
2 0.201959 0.207013 0.401544 0.33498 0.269597
0 0.234359 0.696087 0.0290412 0.0235111 0.240326
0 0.380361 0.977639 0.110251 0.0440835 0.229898
0 0.558894 0.861388 0.770374 0.277099 0.218629
2 0.804036 0.490401 0.358464 0.243889 0.213056
0 0.753297 0.765687 0.112743 0.0811674 0.194018
0 0.276351 0.389352 0.0752957 0.0495718 0.164936
0 0.358063 0.753597 0.0393903 0.0265179 0.153558
0 0.382607 0.977446 0.259874 0.044236 0.149115
0 0.916798 0.972856 0.026352 0.0198155 0.137607
2 0.799529 0.354462 0.388423 0.527213 0.0920643
0 0.757638 0.753404 0.114095 0.0568168 0.0901669
0 0.592658 0.938074 0.800706 0.123852 0.0835869
0 0.626645 0.0841798 0.0773501 0.0573722 0.0825028
2 0.723505 0.343637 0.53165 0.547381 0.0816677
0 0.0346528 0.693227 0.0690706 0.0908278 0.0814638
0 0.0797123 0.620055 0.0601645 0.0612825 0.0769582
0 0.724369 0.771407 0.0542876 0.0760567 0.0760112
0 0.229849 0.690411 0.041714 0.0387089 0.0718387
0 0.234419 0.027729 0.214033 0.0554581 0.0654301
0 0.356697 0.976777 0.420614 0.0461743 0.0649346
0 0.271855 0.0275744 0.118693 0.0550587 0.0631871
0 0.576332 0.956164 0.792418 0.0876721 0.0628045
0 0.182564 0.0319266 0.0859278 0.0634796 0.0627611
0 0.161784 0.561992 0.10777 0.0780281 0.0602264
0 0.284764 0.467985 0.0998225 0.0582621 0.0591021
0 0.579392 0.983335 0.0757984 0.0330647 0.0532721
2 0.537492 0.262733 0.726649 0.465512 0.0526969
2 0.378004 0.118818 0.175092 0.182389 0.0511238
0 0.0333139 0.639814 0.0657618 0.153305 0.0490479
2 0.234697 0.032157 0.201979 0.0643141 0.0470966
0 0.630053 0.956192 0.228034 0.0871201 0.0463297
0 0.571836 0.676971 0.0745593 0.0790819 0.0462874
0 0.226849 0.652562 0.0453065 0.0329392 0.0452791
0 0.0167165 0.676277 0.0332152 0.0505049 0.0450693
0 0.34372 0.697407 0.0637308 0.0541276 0.0440769
0 0.965474 0.124377 0.0682801 0.0502967 0.043988
0 0.0705792 0.637781 0.0348889 0.0230385 0.041789
0 0.891037 0.934033 0.0676827 0.0528662 0.0408023
0 0.20713 0.571091 0.195195 0.106732 0.0405953
0 0.345535 0.715909 0.0680976 0.0984255 0.0405467
2 0.480929 0.112242 0.926651 0.223134 0.0403988
2 0.366789 0.976561 0.337709 0.0468773 0.0393127
0 0.964717 0.121037 0.0702816 0.0716774 0.0382123
2 0.474353 0.158398 0.938295 0.314962 0.0374283
0 0.34258 0.9805 0.202165 0.039 0.0364935
0 0.032043 0.671591 0.0631429 0.0785 0.0316571
0 0.787811 0.748437 0.0475113 0.0477141 0.0314322
0 0.346585 0.696304 0.065108 0.142856 0.0309889
0 0.567944 0.670439 0.070516 0.0584269 0.0299529
0 0.47805 0.973533 0.555447 0.052681 0.0293976
0 0.230229 0.680285 0.0434842 0.058357 0.0283055
0 0.311544 0.0253441 0.0789107 0.0505118 0.0279014
0 0.540194 0.919664 0.827866 0.158368 0.0254765
0 0.57199 0.954554 0.33988 0.0908929 0.0252329
0 0.725414 0.756472 0.0483594 0.0458759 0.0251386
0 0.899599 0.932914 0.0515526 0.047596 0.0249849
0 0.251972 0.455739 0.031467 0.0274852 0.024952
0 0.340072 0.679155 0.0613663 0.0931074 0.0246298
0 0.0405439 0.688318 0.0526886 0.0400686 0.0244577
0 0.785222 0.783277 0.179094 0.116997 0.0241097
0 0.227102 0.670942 0.0494959 0.0708217 0.0240531
0 0.204242 0.593129 0.191935 0.155432 0.0239353
0 0.676386 0.987459 0.0644493 0.0241363 0.0229023
0 0.329663 0.975055 0.571585 0.0497297 0.0227752
0 0.26514 0.462626 0.0585822 0.0412901 0.022525
0 0.561584 0.653194 0.091203 0.0971723 0.0223431
0 0.227513 0.658175 0.047803 0.045808 0.0220408
0 0.424534 0.9621 0.72187 0.0757763 0.0214506
0 0.775513 0.747722 0.0759167 0.0459392 0.0212174
0 0.540813 0.957906 0.553153 0.0841654 0.0210611
0 0.285708 0.393501 0.0544195 0.0391836 0.0205561
0 0.396336 0.978293 0.163908 0.0433891 0.020274
2 0.331258 0.973763 0.450225 0.0524736 0.0197385
0 0.149963 0.56515 0.079916 0.0701071 0.0194429
2 0.443614 0.217874 0.876422 0.428383 0.019279
0 0.635962 0.988674 0.155994 0.0226526 0.0192016
2 0.528979 0.547806 0.899136 0.499153 0.0192005
0 0.248689 0.623733 0.0884088 0.0912992 0.019132
2 0.416396 0.0701816 0.809443 0.140363 0.0180616
0 0.0518667 0.648852 0.103733 0.125432 0.0180424
0 0.56458 0.679967 0.0597397 0.0652479 0.0180114
0 0.565276 0.695123 0.0586227 0.05326 0.0176497
0 0.0430869 0.678124 0.085372 0.340725 0.0169442
0 0.612053 0.085368 0.0486186 0.0576314 0.0169195
0 0.739815 0.831176 0.28073 0.212582 0.0164054
0 0.403653 0.0726603 0.116665 0.0860618 0.0161423
2 0.301372 0.195077 0.602425 0.379 0.0150905
0 0.42986 0.977252 0.226715 0.0454969 0.0139612
0 0.296296 0.698424 0.161884 0.142145 0.0137757
0 0.254487 0.0336126 0.0342493 0.0275828 0.0131322
0 0.333649 0.647743 0.041927 0.0328424 0.0125729
2 0.246662 0.622003 0.0888688 0.0960984 0.0122562
0 0.190288 0.0388979 0.0731669 0.0475626 0.0122092
2 0.363404 0.0553491 0.647603 0.110698 0.0121011
0 0.156912 0.573321 0.0636674 0.0548043 0.0118239
0 0.909542 0.94592 0.0417211 0.0722083 0.0117887
0 0.914967 0.961707 0.0308569 0.0466576 0.0113602
2 0.394739 0.08232 0.139892 0.104297 0.0112902
1 0.588585 0.393729 0.81933 0.597774 0.0112717
2 0.227865 0.388407 0.45573 0.699361 0.0112369
0 0.379554 0.0930738 0.169369 0.129155 0.0112317
1 0.78264 0.48567 0.417348 0.258735 0.0110199
0 0.613662 0.934499 0.0909489 0.0671848 0.0109937
1 0.496166 0.472587 0.992333 0.832261 0.0109219
0 0.0603437 0.653888 0.119318 0.395808 0.0109061
2 0.138965 0.226679 0.277552 0.370239 0.0105391
0 0.340384 0.955752 0.673476 0.0884962 0.0102073
0 0.396937 0.0827521 0.134319 0.107112 0.0101326
0 0.180685 0.00763109 0.0883048 0.0152622 0.0101049
0 0.428459 0.929421 0.715658 0.139749 0.0100991
0 0.62088 0.980224 0.206976 0.0390419 0.00998969
0 0.561394 0.984616 0.22054 0.0307682 0.00965809
0 0.681793 0.955131 0.308565 0.0897372 0.00958612
2 0.175551 0.561711 0.136644 0.0827677 0.00938324
0 0.964695 0.116648 0.070354 0.173397 0.00930942
0 0.640856 0.935059 0.237427 0.129427 0.00913666
0 0.65076 0.349101 0.678552 0.582225 0.00905615
0 0.410644 0.0631427 0.100082 0.0647208 0.0089607
2 0.205471 0.589336 0.193508 0.151344 0.00879952
2 0.388822 0.128768 0.219664 0.209599 0.00874108
2 0.140955 0.314797 0.281063 0.555862 0.0086959
0 0.286197 0.0248843 0.0802182 0.0497685 0.00861561
0 0.82623 0.990558 0.0537613 0.0188834 0.00858659
0 0.296689 0.967849 0.593378 0.0643016 0.00857416
0 0.522918 0.983877 0.258749 0.0318814 0.00856101
0 0.729699 0.36888 0.533 0.67002 0.00842693
0 0.228822 0.696299 0.0466469 0.0293596 0.00841365
0 0.209662 0.0340872 0.122388 0.0652539 0.0083457
0 0.300489 0.0514832 0.576915 0.102966 0.00806925
0 0.599943 0.955438 0.111353 0.08834 0.008029
0 0.609879 0.944998 0.0887301 0.0723348 0.00800209
0 0.204541 0.0540563 0.275677 0.108113 0.0079051
0 0.0344541 0.766458 0.0682379 0.370669 0.00787456
0 0.291791 0.643815 0.178964 0.13978 0.00784678
0 0.257969 0.458767 0.0436076 0.0328009 0.0077915
0 0.220279 0.0317695 0.37161 0.0630882 0.00766659
0 0.574422 0.932213 0.312202 0.135574 0.00760394
2 0.229371 0.562722 0.1413 0.0964801 0.0075818
0 0.232198 0.668237 0.0506104 0.0841516 0.00747438
0 0.0525083 0.63203 0.105017 0.0872318 0.00741669
0 0.96491 0.138022 0.0694168 0.269617 0.00737333
0 0.236853 0.697551 0.457725 0.427322 0.00733983
2 0.180105 0.176151 0.360211 0.263613 0.00730283
0 0.247162 0.617522 0.161646 0.211003 0.00726072
0 0.873817 0.91594 0.103053 0.0894224 0.00703577
0 0.966564 0.129519 0.0645912 0.0371331 0.007013
0 0.56593 0.702678 0.048892 0.0368592 0.00691924
0 0.881094 0.926842 0.0878039 0.0686206 0.00686829
0 0.965981 0.13506 0.0680316 0.0629183 0.0068458
0 0.634802 0.0920785 0.0895213 0.0743876 0.0068306
0 0.887187 0.937321 0.0813487 0.0831051 0.00681197
0 0.258742 0.618947 0.0653008 0.0655018 0.00680443
0 0.445216 0.636501 0.0718323 0.0413477 0.00676658
2 0.424842 0.582699 0.687588 0.481206 0.00674475
0 0.754461 0.841772 0.491078 0.305385 0.00663107
0 0.689162 0.932425 0.320551 0.133359 0.0065748
0 0.918527 0.980623 0.0371607 0.0362927 0.00641594
1 0.641789 0.519212 0.715327 0.518378 0.00640583
0 0.58939 0.980319 0.096463 0.039362 0.00622516
0 0.345977 0.741476 0.0696069 0.0562316 0.00619924
2 0.512776 0.633828 0.895918 0.47231 0.00614959
0 0.0504139 0.754903 0.0995321 0.472715 0.00612461
0 0.314952 0.0560524 0.421668 0.111349 0.00610806
0 0.74659 0.760265 0.419998 0.465697 0.00606968
0 0.151243 0.0316739 0.171543 0.0633478 0.00583792
0 0.684543 0.887126 0.314238 0.22214 0.0057588
0 0.297797 0.55562 0.398947 0.244468 0.00571119
0 0.966064 0.0863296 0.0669006 0.172659 0.00568437
1 0.511382 0.630604 0.880223 0.455955 0.00564993
2 0.241999 0.554998 0.117614 0.0802382 0.00551333
0 0.965615 0.145921 0.0687709 0.137434 0.00548163
0 0.295718 0.91753 0.576215 0.162687 0.00529078
0 0.667254 0.272829 0.651567 0.367859 0.00528454
0 0.763827 0.890084 0.331001 0.212451 0.00524765
0 0.896669 0.94921 0.0630744 0.0739868 0.00521011
0 0.122913 0.643339 0.244721 0.517677 0.00520358
0 0.272548 0.460319 0.0777724 0.0431591 0.00516163
0 0.293112 0.0873355 0.367802 0.174671 0.00513994
2 0.217446 0.0458193 0.134061 0.0764949 0.00510594
1 0.713605 0.664637 0.557904 0.637758 0.00502184
2 0.0799611 0.605984 0.0633072 0.0681469 0.00490264
0 0.124744 0.873686 0.249044 0.248656 0.00481854
0 0.132251 0.906454 0.264502 0.187091 0.00478538
0 0.885436 0.920424 0.0813349 0.105058 0.00477346
0 0.0780817 0.602631 0.0580011 0.0616628 0.00475734
0 0.323037 0.0699672 0.646074 0.139934 0.00475337
0 0.238581 0.546156 0.122357 0.0593472 0.00473303
0 0.0509883 0.587293 0.101977 0.276111 0.00472131
0 0.798187 0.4934 0.343574 0.234839 0.00469246
0 0.353934 0.722594 0.054472 0.0935178 0.00468855
0 0.220515 0.876429 0.440472 0.246572 0.00464288
0 0.728117 0.840369 0.543767 0.319263 0.00463
0 0.285274 0.609766 0.367842 0.219367 0.00461613
0 0.45528 0.0885303 0.345647 0.161083 0.00459512
0 0.687067 0.10395 0.20083 0.144791 0.0045333
0 0.892862 0.924022 0.0643884 0.0876196 0.00453233
2 0.880352 0.491188 0.224832 0.242005 0.0045026
0 0.265777 0.637527 0.24122 0.236045 0.00450049
0 0.33865 0.895392 0.676054 0.208777 0.0043907
0 0.257138 0.593982 0.0594327 0.0524219 0.00434255
0 0.623454 0.920727 0.107821 0.113434 0.00434081
0 0.0306764 0.874774 0.0613528 0.250452 0.00426947
0 0.388363 0.611259 0.617789 0.379222 0.00426923
0 0.328808 0.674244 0.0629176 0.0913246 0.00423502
0 0.926481 0.126033 0.144619 0.251054 0.00419187
2 0.293263 0.469044 0.0845762 0.0658771 0.00416571
0 0.705408 0.790275 0.241126 0.132788 0.00415695
0 0.166444 0.586613 0.244596 0.132089 0.00414998
1 0.496101 0.659812 0.992201 0.628884 0.00412847
0 0.550497 0.795126 0.885052 0.409748 0.0040926
0 0.113769 0.779035 0.226226 0.440067 0.00403533
2 0.326404 0.278447 0.247342 0.176523 0.00401414
0 0.268004 0.470595 0.13733 0.0622014 0.00398413
0 0.111518 0.949994 0.223036 0.100012 0.0039671
2 0.387339 0.0986061 0.159335 0.13389 0.00396569
0 0.298105 0.0311702 0.372243 0.0618188 0.00395647
0 0.376752 0.127005 0.179445 0.203738 0.0039175
0 0.293056 0.667156 0.189906 0.172685 0.00389941
2 0.582967 0.243711 0.539942 0.365791 0.00389071
2 0.299522 0.407621 0.599044 0.7658 0.00385908
0 0.312527 0.983435 0.306209 0.0331293 0.00383203
0 0.0916638 0.905082 0.183328 0.189373 0.00383175
1 0.784339 0.661104 0.408686 0.603182 0.00382821
0 0.306985 0.678386 0.590793 0.341962 0.00375561
0 0.934714 0.179894 0.130572 0.356288 0.00373411
0 0.307938 0.676399 0.111696 0.0983684 0.00373041
0 0.361298 0.954313 0.373475 0.0891258 0.00370319
0 0.629918 0.969836 0.218082 0.0603272 0.00367168
0 0.254785 0.61475 0.0680845 0.0988539 0.00363172
0 0.239728 0.611685 0.476443 0.467728 0.00360014
0 0.0687073 0.679226 0.137415 0.0829412 0.00359077
0 0.96437 0.105565 0.0712341 0.109653 0.00356855
0 0.260107 0.544697 0.0791033 0.0548667 0.00354939
0 0.0966255 0.5922 0.10666 0.120972 0.00354786
0 0.706395 0.0783446 0.254858 0.155647 0.00353996
0 0.74209 0.762037 0.515819 0.462273 0.00352461
2 0.380778 0.546149 0.119505 0.0953926 0.00350348
0 0.874942 0.136104 0.250116 0.271345 0.00350155
0 0.0263265 0.843284 0.0524883 0.313433 0.00346611
0 0.34304 0.631072 0.622207 0.269973 0.00344615
0 0.509425 0.940078 0.428062 0.119843 0.0034312
0 0.264639 0.386302 0.0537697 0.0443746 0.0034208
0 0.853668 0.878959 0.148487 0.185181 0.00340497
0 0.224659 0.825853 0.449317 0.346001 0.00339392
0 0.907273 0.967649 0.055508 0.0414055 0.00337749
0 0.410992 0.485009 0.758158 0.779562 0.00336382
0 0.694394 0.243637 0.476505 0.326699 0.00335545
0 0.92015 0.228573 0.159699 0.451587 0.00335426
0 0.653943 0.911616 0.269123 0.172106 0.00332046
0 0.737719 0.108945 0.524561 0.217884 0.00330204
0 0.258873 0.607159 0.0555757 0.0394527 0.00329371
0 0.903143 0.974841 0.0660359 0.0406345 0.00329287
0 0.91707 0.0841614 0.165095 0.168323 0.00329192
0 0.666953 0.072643 0.344145 0.145286 0.00328167
2 0.20438 0.562165 0.196392 0.087117 0.00324849
0 0.0116761 0.912547 0.023273 0.174906 0.00324333
1 0.600401 0.0997959 0.717303 0.198537 0.00322945
2 0.299003 0.118685 0.385682 0.192551 0.00320143
2 0.269508 0.125782 0.539017 0.248387 0.00314214
0 0.237693 0.696004 0.0447562 0.0276409 0.00313905
0 0.178266 0.0429216 0.048081 0.0391436 0.00312593
0 0.811622 0.291558 0.376757 0.576542 0.00312312
0 0.957013 0.116577 0.0850046 0.233154 0.00309669
1 0.758727 0.377852 0.482545 0.749102 0.0030962
0 0.306803 0.41861 0.613607 0.821274 0.00308711
0 0.770607 0.255179 0.458661 0.477113 0.00304722
0 0.267685 0.532181 0.331723 0.183296 0.00303724
0 0.21072 0.760334 0.419686 0.47519 0.00296684
0 0.85622 0.176643 0.287179 0.347655 0.00296289
0 0.152576 0.163092 0.305151 0.320878 0.0029596
0 0.725729 0.958286 0.477711 0.0831566 0.00295475
0 0.334436 0.726664 0.665586 0.468493 0.00294829
0 0.727344 0.675845 0.527387 0.645925 0.00293958
0 0.140046 0.425979 0.280091 0.822273 0.0029281
0 0.573099 0.2075 0.557626 0.360489 0.00291477
0 0.165236 0.567827 0.253306 0.091128 0.00290685
0 0.39712 0.976254 0.0749809 0.0449529 0.00288375
0 0.922144 0.97555 0.0473622 0.0257278 0.00287056
0 0.90878 0.97738 0.0483454 0.0363771 0.00285383
0 0.141711 0.100668 0.283422 0.201335 0.00284211
0 0.865429 0.943528 0.0483299 0.0337684 0.00279431
0 0.510823 0.703931 0.891393 0.558664 0.00279017
0 0.471725 0.631998 0.812342 0.302552 0.00278189
0 0.652605 0.109715 0.129451 0.106418 0.00276816
0 0.766467 0.988371 0.219157 0.0230812 0.00276159
2 0.64457 0.112711 0.650857 0.223707 0.00274992
0 0.217853 0.49972 0.242404 0.120448 0.00273258
0 0.475919 0.576108 0.0982457 0.080443 0.00273153
0 0.818476 0.21234 0.36241 0.405369 0.00272288
0 0.0498951 0.654581 0.0694834 0.0571684 0.0027179
0 0.242565 0.961027 0.485129 0.0779461 0.00271702
0 0.765459 0.689123 0.469081 0.584611 0.00268944
