1 0.479036 0.655468 0.882477 0.689064 0.945669
1 0.599881 0.627581 0.62346 0.642281 0.0450219
1 0.647028 0.700509 0.530152 0.50143 0.0275558
1 0.457925 0.751211 0.893914 0.46079 0.0135874
1 0.559442 0.54465 0.703377 0.462383 0.0113673
1 0.593626 0.794496 0.355036 0.2682 0.00849921
2 0.637489 0.551783 0.542206 0.465432 0.00687105
1 0.441589 0.84881 0.797808 0.30238 0.0066806
1 0.50761 0.193868 0.792483 0.387735 0.00624743
1 0.436801 0.930893 0.752766 0.1381 0.0059512
2 0.215329 0.510794 0.422547 0.697968 0.00578487
1 0.469172 0.0534483 0.666145 0.106461 0.00573344
1 0.524173 0.132439 0.730169 0.263642 0.00554863
1 0.680714 0.757107 0.494134 0.457374 0.00510108
1 0.431935 0.883947 0.712152 0.232107 0.00508893
1 0.452252 0.498452 0.89448 0.512593 0.00499368
1 0.614437 0.502445 0.594406 0.3729 0.00492749
1 0.388933 0.708077 0.750816 0.577059 0.00452671
1 0.495419 0.0869432 0.711601 0.172985 0.00441316
1 0.676079 0.539305 0.462843 0.418568 0.00432725
2 0.164695 0.533212 0.32939 0.583522 0.00420893
1 0.21232 0.59501 0.40279 0.175714 0.00383993
1 0.457366 0.315538 0.863723 0.631077 0.00381011
2 0.681901 0.508918 0.455665 0.377826 0.00378496
1 0.407601 0.0307849 0.660712 0.0615432 0.00377699
2 0.40342 0.888963 0.681554 0.221831 0.0037284
2 0.361985 0.0311712 0.583712 0.0619877 0.00362063
1 0.241734 0.453122 0.357118 0.101063 0.00361251
0 0.439257 0.936763 0.847037 0.126473 0.00360898
1 0.172726 0.608403 0.345453 0.147639 0.00360239
1 0.508805 0.0245492 0.886871 0.0478775 0.00355948
1 0.690627 0.815103 0.57661 0.368901 0.00353334
1 0.650448 0.770735 0.501177 0.352495 0.00353302
2 0.441043 0.454792 0.868785 0.637749 0.00351005
2 0.170492 0.662799 0.3377 0.641187 0.00340158
0 0.395823 0.933853 0.442325 0.132295 0.00337576
0 0.701764 0.487426 0.447464 0.343282 0.00333784
0 0.35709 0.938792 0.327786 0.122417 0.00332154
1 0.266439 0.577942 0.476248 0.217788 0.00328348
1 0.514484 0.0296308 0.623547 0.0588808 0.00323899
0 0.363447 0.550103 0.710219 0.475459 0.00316548
1 0.646675 0.924711 0.703206 0.150459 0.00315121
0 0.183773 0.973356 0.284729 0.0524898 0.00313124
2 0.133954 0.680211 0.267908 0.584765 0.00301753
2 0.329834 0.659762 0.647233 0.647397 0.00300215
2 0.29302 0.489006 0.586039 0.727067 0.0029632
2 0.482478 0.486857 0.867873 0.361194 0.00294187
2 0.632354 0.477827 0.566855 0.337965 0.00294138
2 0.219979 0.710635 0.439958 0.554457 0.00288406
1 0.663939 0.859953 0.657314 0.279957 0.00277487
0 0.399543 0.466092 0.786885 0.712448 0.00276954
1 0.543915 0.87531 0.769849 0.246929 0.00273922
0 0.433003 0.955691 0.571536 0.0884163 0.00270638
0 0.429317 0.89119 0.811485 0.216975 0.00268332
0 0.2558 0.972022 0.404511 0.0554168 0.00264391
2 0.247238 0.447007 0.348347 0.0923171 0.00262589
1 0.59545 0.811123 0.463369 0.326698 0.0025366
0 0.800033 0.115857 0.399935 0.231714 0.00252615
1 0.355451 0.0254148 0.710901 0.0496449 0.00252035
0 0.373249 0.949722 0.394899 0.100024 0.00249398
2 0.413944 0.944777 0.505402 0.110284 0.00249267
1 0.229579 0.527403 0.383896 0.257576 0.00247153
0 0.154118 0.771923 0.308235 0.442754 0.00247151
0 0.148853 0.420269 0.297706 0.579747 0.00242689
0 0.245279 0.944587 0.490558 0.110826 0.00242365
0 0.87453 0.128902 0.250939 0.257804 0.00240933
1 0.691491 0.928961 0.617019 0.142078 0.00240046
0 0.231583 0.445135 0.457202 0.758192 0.00240004
2 0.722178 0.62101 0.555645 0.599444 0.00239065
0 0.763718 0.101812 0.472565 0.201351 0.00238282
0 0.767715 0.520786 0.46457 0.504963 0.00237153
0 0.728612 0.522418 0.542776 0.414861 0.0023571
2 0.227146 0.615618 0.443987 0.468557 0.00234593
1 0.634103 0.0983024 0.669532 0.194483 0.00233878
0 0.450529 0.311961 0.807506 0.623583 0.00231899
1 0.383437 0.0649765 0.683336 0.126941 0.00231339
2 0.873521 0.62808 0.252959 0.614293 0.00230772
0 0.14489 0.318472 0.28978 0.442606 0.00229738
0 0.475372 0.167664 0.742321 0.331532 0.00226511
0 0.136218 0.217281 0.272436 0.279879 0.00225706
0 0.366791 0.915708 0.391954 0.168584 0.00223053
0 0.118855 0.075068 0.237711 0.150136 0.00222905
0 0.20971 0.903933 0.419421 0.167357 0.0022223
0 0.847314 0.170971 0.305372 0.335584 0.00219062
2 0.699406 0.731391 0.596026 0.482316 0.00218546
1 0.296016 0.0301956 0.549585 0.059687 0.00218391
0 0.429213 0.219222 0.724427 0.419246 0.0021781
0 0.476547 0.123863 0.833632 0.239549 0.00216724
2 0.865212 0.693803 0.269576 0.544121 0.00216201
0 0.126287 0.163931 0.252573 0.252737 0.00216054
0 0.674883 0.467076 0.570561 0.555992 0.0021332
0 0.294435 0.724067 0.578127 0.545921 0.0021234
2 0.784166 0.750073 0.431669 0.490753 0.00211873
0 0.163807 0.874614 0.327614 0.201643 0.00211751
0 0.749855 0.424464 0.500291 0.438776 0.00210842
0 0.170233 0.0759738 0.304673 0.149814 0.00210627
0 0.291234 0.0794492 0.522453 0.15541 0.00209409
0 0.124474 0.116295 0.248947 0.215152 0.00209001
0 0.783549 0.139313 0.409953 0.276853 0.00208243
2 0.704842 0.791508 0.590316 0.416984 0.00206904
0 0.834729 0.217619 0.330542 0.395574 0.00205935
0 0.341314 0.388116 0.682628 0.763483 0.002057
0 0.308845 0.889137 0.590323 0.209587 0.00204153
0 0.631913 0.445731 0.575032 0.382099 0.00202799
0 0.726 0.4108 0.542055 0.350873 0.00201544
0 0.753864 0.218625 0.465278 0.399241 0.00200399
1 0.683522 0.140544 0.604231 0.278144 0.00199764
0 0.334858 0.177217 0.558432 0.32787 0.00198452
1 0.614872 0.0254233 0.770256 0.0494415 0.00198358
0 0.783809 0.316755 0.432382 0.417221 0.00197277
2 0.690006 0.888784 0.619989 0.222432 0.00195833
0 0.171802 0.217891 0.301116 0.328719 0.0019538
0 0.224401 0.121639 0.396324 0.232077 0.00194055
0 0.265672 0.217782 0.449128 0.366008 0.00194005
0 0.688549 0.180732 0.598725 0.345404 0.00193449
2 0.226897 0.850655 0.42756 0.27756 0.00193266
0 0.610627 0.26683 0.724791 0.524432 0.00193061
0 0.181883 0.333678 0.332582 0.593059 0.00192626
0 0.748559 0.309659 0.493241 0.343617 0.00188304
0 0.268047 0.336586 0.513203 0.629564 0.0018779
0 0.324387 0.966382 0.560579 0.0672064 0.00185697
1 0.303023 0.598988 0.516311 0.156277 0.0018525
2 0.707291 0.403091 0.553378 0.517362 0.00183969
0 0.7133 0.299616 0.542481 0.48687 0.00182246
0 0.162923 0.96676 0.325846 0.0664801 0.0018224
1 0.647416 0.0318791 0.699966 0.0637583 0.00180531
0 0.371499 0.582886 0.68649 0.210402 0.00176527
2 0.438057 0.901495 0.528604 0.197011 0.00155665
1 0.174331 0.655126 0.345707 0.23941 0.00151319
0 0.208508 0.986369 0.246866 0.0272295 0.00138946
0 0.305775 0.9371 0.463173 0.125799 0.00134524
0 0.507764 0.965781 0.648622 0.0681385 0.00133656
0 0.150156 0.952249 0.300312 0.0951572 0.00133432
0 0.765452 0.605355 0.281216 0.207928 0.0012826
1 0.413105 0.608781 0.739287 0.167703 0.00128228
2 0.477368 0.934774 0.6291 0.130453 0.00127208
0 0.516333 0.554732 0.706335 0.207818 0.00121513
2 0.218591 0.438708 0.415507 0.112956 0.00118939
0 0.162837 0.928946 0.324936 0.14134 0.00118102
1 0.262446 0.424871 0.322991 0.131867 0.00117027
0 0.412354 0.021089 0.36689 0.0421779 0.00114877
1 0.64172 0.804185 0.267445 0.265881 0.00113713
0 0.444982 0.543572 0.692415 0.24707 0.00113078
2 0.70983 0.0355828 0.580339 0.0709202 0.00111881
0 0.61484 0.366191 0.338369 0.119879 0.00111575
1 0.701972 0.779106 0.356743 0.295552 0.00110918
0 0.30707 0.907791 0.431841 0.184418 0.00110764
0 0.497415 0.492527 0.601781 0.275756 0.00110092
0 0.444648 0.591004 0.746194 0.169368 0.00109763
2 0.607054 0.410961 0.334366 0.182951 0.00109756
2 0.127493 0.936126 0.254987 0.126591 0.00108762
1 0.693573 0.0523344 0.612853 0.103295 0.00108578
1 0.74082 0.752678 0.316705 0.370508 0.00108092
0 0.22262 0.542831 0.405468 0.294568 0.00107944
0 0.282484 0.572254 0.442557 0.219477 0.00107371
0 0.391444 0.0300165 0.463838 0.0591584 0.00106308
0 0.364288 0.885638 0.419729 0.228723 0.00106077
2 0.158138 0.95687 0.315707 0.0862593 0.00103547
2 0.704741 0.602717 0.413073 0.209661 0.00103422
2 0.347151 0.0472749 0.594374 0.0945499 0.00102748
0 0.816535 0.959394 0.333976 0.0808219 0.0010091
0 0.60611 0.418362 0.33456 0.206435 0.00100546
0 0.701668 0.591107 0.416 0.224685 0.000996993
2 0.0686365 0.927887 0.137273 0.141072 0.000990146
0 0.384103 0.410748 0.522211 0.143246 0.000988258
0 0.574675 0.443107 0.469461 0.230359 0.000986605
0 0.357487 0.531533 0.637527 0.306859 0.000984802
2 0.73589 0.787911 0.318912 0.305871 0.000981045
0 0.919493 0.908846 0.159093 0.182308 0.000979503
0 0.447024 0.979657 0.258004 0.0402405 0.000978275
2 0.935933 0.917897 0.127142 0.164207 0.000972073
0 0.577366 0.333193 0.403252 0.158889 0.000964903
2 0.75742 0.714754 0.285122 0.261903 0.000964861
0 0.0548657 0.916527 0.109731 0.166074 0.000963185
1 0.60165 0.441783 0.34117 0.252996 0.00096097
2 0.90939 0.747003 0.177656 0.213522 0.00095888
0 0.531738 0.630597 0.808686 0.220906 0.00095793
1 0.411251 0.663033 0.726137 0.248236 0.000955014
2 0.920848 0.937214 0.156152 0.125571 0.00094276
1 0.544744 0.961763 0.654788 0.076111 0.000940108
2 0.737908 0.0788016 0.524185 0.157603 0.000937616
0 0.480384 0.669312 0.748644 0.23197 0.00093388
2 0.0480527 0.667062 0.0961053 0.265638 0.000928399
2 0.0491292 0.72728 0.0982584 0.339033 0.000924323
1 0.626996 0.464897 0.452063 0.282723 0.000923463
0 0.367502 0.438103 0.608454 0.190534 0.000919867
2 0.11128 0.951047 0.222559 0.097631 0.000918303
2 0.793436 0.0477339 0.413129 0.0953669 0.000916335
2 0.936444 0.951399 0.127113 0.0972027 0.000912231
2 0.107396 0.920814 0.213481 0.158372 0.00091143
1 0.706699 0.599691 0.431405 0.194133 0.000910861
2 0.838936 0.952849 0.322129 0.0943018 0.000909641
1 0.172345 0.684514 0.344691 0.337971 0.000909299
2 0.942847 0.756549 0.113516 0.270242 0.000906102
0 0.707397 0.801144 0.287704 0.270054 0.000891675
2 0.252573 0.417645 0.353977 0.167159 0.000889915
0 0.483762 0.701844 0.656851 0.272762 0.000886055
0 0.547451 0.303534 0.446733 0.226281 0.000884548
2 0.928927 0.88641 0.142147 0.227179 0.000882719
2 0.445398 0.100726 0.538674 0.194925 0.000882373
2 0.860507 0.0799987 0.278986 0.159997 0.000881718
2 0.0769402 0.5344 0.15388 0.399637 0.000879292
0 0.148448 0.529177 0.29538 0.280634 0.000878326
0 0.269171 0.410571 0.340099 0.15771 0.000864373
2 0.895709 0.946143 0.208581 0.107714 0.000861609
0 0.514565 0.326587 0.472417 0.16526 0.000860745
2 0.792767 0.700798 0.208757 0.231735 0.000858619
2 0.836206 0.928232 0.327587 0.143494 0.000858451
0 0.115893 0.91947 0.226536 0.159047 0.000855548
0 0.348369 0.478165 0.636045 0.306945 0.000851553
0 0.564867 0.741985 0.449255 0.304653 0.00085056
2 0.0817692 0.813248 0.15971 0.289042 0.000849828
0 0.0821889 0.54987 0.164378 0.428519 0.00084833
1 0.737645 0.0724892 0.524711 0.144101 0.000846002
2 0.0613524 0.834858 0.122705 0.280075 0.000843264
0 0.411865 0.382276 0.55271 0.162235 0.000841003
2 0.966404 0.605784 0.0631605 0.268695 0.000840213
0 0.494112 0.899544 0.517739 0.200911 0.000838573
0 0.466966 0.717298 0.542348 0.348174 0.000834281
0 0.780747 0.892105 0.33148 0.21579 0.000829554
0 0.553674 0.759741 0.30647 0.26093 0.000824268
1 0.229035 0.643058 0.422342 0.243182 0.000815609
0 0.0512008 0.890873 0.102402 0.218254 0.000815213
0 0.415445 0.345735 0.529543 0.152637 0.0008136
2 0.0867231 0.263855 0.168229 0.34209 0.000810601
2 0.924155 0.777774 0.15169 0.26779 0.000806926
2 0.0737603 0.857819 0.143143 0.219001 0.000806865
0 0.595049 0.0175896 0.371104 0.0351791 0.000806837
0 0.423868 0.469193 0.683754 0.26169 0.000806072
2 0.987487 0.953276 0.0250264 0.0934486 0.000804993
0 0.127477 0.412325 0.254954 0.175904 0.000804974
1 0.155783 0.58013 0.306519 0.211113 0.000804751
2 0.80108 0.609939 0.205161 0.199858 0.000802866
2 0.833014 0.0562425 0.333973 0.112485 0.000799206
0 0.108212 0.531739 0.21317 0.35674 0.0007971
0 0.723255 0.986171 0.082085 0.0274076 0.000796556
2 0.10163 0.79032 0.192197 0.305738 0.000794698
2 0.0468036 0.589608 0.0936073 0.181196 0.000793789
2 0.0614523 0.289654 0.122905 0.36375 0.000792547
2 0.0594223 0.776353 0.118845 0.417751 0.000792146
2 0.0425446 0.634288 0.0850892 0.245708 0.000791423
0 0.448014 0.385968 0.545035 0.121984 0.000790777
1 0.258786 0.483238 0.414145 0.255027 0.000790109
2 0.338552 0.0982194 0.499315 0.193607 0.000789152
2 0.641229 0.104602 0.388434 0.209205 0.000787416
0 0.436171 0.319598 0.482803 0.195447 0.000787031
0 0.79145 0.927476 0.290587 0.14357 0.000785274
0 0.841164 0.897995 0.317673 0.204011 0.000784208
1 0.759003 0.849933 0.353268 0.195049 0.000781427
0 0.493948 0.401816 0.544715 0.127948 0.000781167
2 0.0664166 0.455298 0.132833 0.330334 0.000778896
0 0.0862907 0.896069 0.161156 0.125671 0.000775378
0 0.596232 0.279441 0.399306 0.253576 0.000774112
0 0.637477 0.307085 0.30342 0.176835 0.000772609
2 0.55845 0.950518 0.633534 0.0986492 0.00077214
2 0.517943 0.879703 0.557636 0.240595 0.000771983
0 0.705325 0.849083 0.173644 0.168417 0.000771707
0 0.493122 0.354677 0.583131 0.12878 0.000771488
0 0.659374 0.288224 0.252107 0.191065 0.000770946
2 0.0821253 0.711757 0.162355 0.360211 0.000769849
2 0.765407 0.961991 0.469186 0.0759632 0.000768684
0 0.0586102 0.403622 0.11722 0.32406 0.000764822
2 0.119769 0.830655 0.233478 0.257822 0.000764378
0 0.166296 0.692851 0.330542 0.345658 0.000763799
0 0.555258 0.59769 0.771572 0.14949 0.000763655
0 0.553233 0.832512 0.401913 0.14694 0.000762169
0 0.119925 0.382832 0.238288 0.242167 0.000760997
2 0.0513624 0.51777 0.102725 0.501818 0.000759557
0 0.348835 0.674494 0.593587 0.280899 0.00075866
0 0.0998239 0.852336 0.188105 0.200679 0.000758376
2 0.240441 0.0286367 0.459767 0.0565913 0.000757519
1 0.0215601 0.0999734 0.0431203 0.199947 0.000755838
1 0.0625154 0.563999 0.125031 0.373596 0.000755753
0 0.0523726 0.32579 0.104745 0.357766 0.000755036
0 0.140921 0.843253 0.263539 0.214929 0.000754213
0 0.301368 0.347257 0.307023 0.158307 0.000753679
1 0.598872 0.555629 0.653065 0.240869 0.000753647
0 0.0633501 0.571281 0.12635 0.274394 0.000753466
0 0.9179 0.876119 0.162667 0.247762 0.000751308
2 0.959361 0.735342 0.0793951 0.333525 0.000751034
0 0.610278 0.655671 0.67577 0.162395 0.000749967
1 0.298842 0.516542 0.514569 0.315866 0.000749193
1 0.111647 0.546692 0.22023 0.315576 0.00074589
1 0.778959 0.726846 0.240408 0.235046 0.00074576
2 0.858619 0.184734 0.282761 0.238634 0.000744689
2 0.311096 0.25658 0.269781 0.177408 0.000744187
2 0.0320025 0.891212 0.064005 0.217575 0.000741726
0 0.0428533 0.358054 0.0857067 0.352925 0.00074104
2 0.802634 0.883456 0.340259 0.233088 0.000739681
0 0.113462 0.759155 0.214639 0.32152 0.000737712
0 0.434265 0.863316 0.45917 0.273368 0.000737065
0 0.326539 0.862028 0.385761 0.275945 0.000736137
0 0.261363 0.882937 0.287005 0.234127 0.000733751
1 0.0547568 0.572337 0.109514 0.220161 0.00073332
2 0.0438771 0.925324 0.0877541 0.149353 0.000731255
0 0.708266 0.985204 0.1149 0.0295917 0.000731213
0 0.500941 0.729088 0.394131 0.325432 0.000730674
0 0.0714983 0.907442 0.13894 0.178646 0.000730397
2 0.914431 0.125415 0.171138 0.250829 0.000729664
2 0.894188 0.610633 0.209709 0.289141 0.000729376
